0.0006931529
0.0007119962
0.0006863039
0.0007045059
0.0006772741
0.0006948658
0.0006661087
0.0006831466
0.0006530796
0.0006694324
0.0006376372
0.0006544394
0.0006228767
0.0006331378
0.0005991493
0.0006409285
0.0005798293
0.0003816623
0.0004932277
0.0008794898
0.0006190171
0.0005106531
0.0005703637
0.0005126529
0.0001602798
0.0004366196
0.0005549534
-0.0003456950
-0.0002770819
0.0000218468
0.0002853735
0.0005067201
0.0003649986
0.0004502593
0.0003696483
0.0004301564
0.0003509907
0.0004104687
0.0003349268
0.0003943543
0.0003185046
0.0003809368
0.0003029352
0.0003711097
0.0002878645
0.0003615232
0.0002767701
0.0003686878
0.0002370748
0.0003432452
0.0003771976
0.0003182887
-0.0011563568
-0.0002067803
0.0005297650
0.0002380134
0.0001943120
0.0003016297
0.0011562376
0.0005174845
-0.0012270066
-0.0001117332
-0.0001538502
-0.0013694799
-0.0007787412
-0.0011947979
-0.0009697037
0.0002680224
0.0009761207
0.0005783864
0.0001274978
0.0003244871
-0.0005126462
0.0008254232
0.0012003401
0.0011881466
0.0014123461
0.0004204840
-0.0033055374
-0.0010105087
0.0001231700
-0.0002145121
0.0005771963
-0.0010088380
-0.0036194315
-0.0056237294
-0.0043651972
-0.0039809953
-0.0042793200
-0.0014442936
-0.0000986158
-0.0004533557
-0.0034420741
-0.0060258227
-0.0023857377
0.0016415806
0.0029992022
0.0096162305
0.0059781437
-0.0102517245
-0.0142498576
-0.0128018337
-0.0021754125
0.0072696598
0.0095213376
0.0116543876
0.0021751680
-0.0115641183
-0.0036062205
0.0076614057
0.0042436776
0.0007175916
-0.0099551988
-0.0139926887
-0.0129796308
-0.0041023834
0.0082710893
0.0179881627
0.0246899183
0.0137757783
-0.0036200407
-0.0117117617
-0.0165273396
-0.0160689763
-0.0145675894
0.0037843356
0.0289818968
0.0395857795
0.0217560218
-0.0130185938
-0.0334245061
-0.0281866101
-0.0149715977
0.0094479002
0.0299026981
0.0312640405
0.0241286898
0.0071081346
-0.0093097390
-0.0301373572
-0.0289285850
-0.0097993814
0.0108688973
0.0181561716
0.0122018882
-0.0090099818
-0.0155052645
-0.0009908146
0.0085781833
0.0095709898
0.0106465542
0.0082583889
-0.0083650616
-0.0210081385
-0.0249405547
-0.0170938369
0.0092434784
0.0250496944
0.0130729300
-0.0139681191
-0.0190970069
-0.0124778215
-0.0133456509
-0.0067667050
0.0027042196
0.0094237242
0.0136251263
0.0163640415
0.0149079501
0.0085124627
-0.0087665963
-0.0140991064
-0.0127502486
-0.0138839140
0.0002517448
0.0031822469
-0.0119610189
-0.0192119205
0.0042074315
0.0300879362
0.0154921920
-0.0105946538
-0.0149567802
-0.0125286574
0.0010846536
0.0046003316
-0.0120394318
-0.0064139354
0.0171465071
0.0257843462
0.0224197992
0.0085756280
-0.0106433384
-0.0218522152
-0.0164934661
0.0110834890
0.0169086619
-0.0017514692
-0.0130105425
-0.0041289191
-0.0002038720
0.0083896506
0.0042112453
-0.0126699008
-0.0075389451
0.0042438406
-0.0088211150
-0.0172449356
-0.0003356423
0.0201547600
0.0176460976
-0.0087272704
-0.0148634896
-0.0139079998
-0.0036803046
0.0209857761
0.0210703192
-0.0080760040
-0.0155093047
-0.0112654304
-0.0127526892
-0.0138389507
-0.0139861265
0.0019219898
0.0120945617
0.0189158890
0.0206751465
0.0040795264
-0.0124017268
-0.0155631411
0.0055921684
0.0264637795
0.0175941502
-0.0097302532
-0.0146056562
-0.0038306007
-0.0107652469
-0.0158072789
-0.0137221346
-0.0134983901
-0.0032822117
0.0031808969
-0.0006314259
0.0071217591
0.0185020564
0.0125261066
-0.0108495727
-0.0161251248
0.0105026916
0.0169183866
-0.0082526644
-0.0157119654
-0.0127126099
-0.0084234634
0.0077341273
0.0103455069
0.0015366509
-0.0104240888
-0.0236958985
-0.0273620026
-0.0092517113
0.0130383000
0.0035575010
-0.0146142531
0.0048982464
0.0187527728
0.0041264975
-0.0117507996
0.0075946697
0.0102275893
0.0071951031
0.0297726516
0.0110091753
-0.0292593174
-0.0288801648
-0.0219322150
-0.0164212899
0.0183552222
0.0214497168
-0.0204485483
-0.0240481278
0.0065913469
0.0202014577
0.0104526610
0.0089224757
0.0101888937
-0.0102419725
-0.0028483657
0.0143727278
-0.0122682709
-0.0275491202
0.0016622097
0.0040526464
-0.0135223154
0.0025023552
0.0124450140
0.0098669242
0.0192920094
0.0177947832
-0.0015142429
0.0068516387
0.0105904260
-0.0106747986
-0.0043291749
0.0103183904
0.0076536069
0.0058592647
0.0216730063
0.0384061689
-0.0011796136
-0.0273418050
-0.0241633213
-0.0310551961
-0.0212262609
-0.0127391728
-0.0132851753
-0.0139244623
-0.0131804446
-0.0063099792
-0.0097222050
-0.0139590969
-0.0227160549
-0.0234697457
-0.0037144005
0.0199182835
0.0210170591
-0.0104113711
-0.0216736730
-0.0010640256
0.0221310120
0.0040327182
-0.0174632288
-0.0146758560
-0.0066182555
0.0015148424
0.0250629494
0.0437112888
0.0387387041
0.0206266938
0.0034557209
-0.0119938684
-0.0143898550
0.0060144392
0.0063242969
-0.0119352970
-0.0134633703
-0.0122795162
-0.0216901198
-0.0260492194
-0.0176067206
-0.0065564332
0.0251462327
0.0208681002
-0.0154423269
-0.0219728216
-0.0143656063
-0.0125717176
-0.0023713480
-0.0036521149
-0.0146658900
0.0095890686
0.0314897356
0.0142305164
-0.0018889855
0.0068837088
0.0230537970
0.0179350901
0.0070950982
0.0094420460
0.0065511458
-0.0202222784
-0.0419918450
-0.0200160134
0.0165718983
0.0225381627
0.0213520662
0.0271045257
0.0157805185
0.0099294225
0.0066001413
-0.0207090334
-0.0508744922
-0.0477615138
-0.0192452842
0.0221727653
0.0335911050
-0.0051507009
-0.0236012012
-0.0169679842
0.0030279101
0.0289002069
0.0195963233
-0.0033316156
-0.0136265030
-0.0154101771
0.0023792666
0.0297281501
0.0151026758
-0.0182605863
-0.0167012626
0.0024867399
0.0083974332
0.0181018548
0.0175108694
-0.0139461943
-0.0282258296
-0.0149936164
-0.0128294565
-0.0158360669
0.0045663395
0.0148574650
-0.0106334203
-0.0174841783
0.0219546602
0.0268062417
-0.0023877469
-0.0131526819
-0.0200808765
-0.0200299135
0.0073747593
0.0116935035
-0.0108756408
-0.0131590534
-0.0163642610
-0.0295542268
-0.0088542783
0.0336604487
0.0400647830
0.0177929133
-0.0100106835
-0.0154345885
-0.0028672503
0.0138538940
0.0281320991
0.0225714493
0.0101127776
0.0123010710
0.0123291178
0.0111275905
-0.0080923520
-0.0217631732
-0.0155236225
-0.0000338518
0.0087722365
-0.0028286505
-0.0221928504
-0.0274776506
-0.0168594344
0.0045921418
0.0221079999
0.0228323084
0.0090472994
0.0034980949
-0.0009366756
-0.0270565812
-0.0424869797
-0.0250894191
-0.0010790179
0.0112482002
0.0103525552
0.0094218076
-0.0080411386
-0.0167910015
-0.0136549508
0.0027604263
0.0207554773
0.0373457946
0.0462663248
0.0324091210
-0.0063456515
-0.0190423174
0.0120237999
0.0227822199
0.0217646430
0.0291796556
0.0282083896
-0.0063623195
-0.0341811888
-0.0288889796
-0.0173423589
-0.0177909635
-0.0259414380
-0.0408362346
-0.0381079139
-0.0170671121
0.0088168243
-0.0069939324
-0.0306267591
-0.0228567802
0.0065911291
0.0122157138
-0.0193150570
-0.0395519243
-0.0304184116
-0.0167087922
0.0203533852
0.0403971301
0.0139987474
-0.0125720953
-0.0253899097
-0.0168949130
0.0121517017
0.0132696935
-0.0035066817
-0.0125320576
-0.0133533052
-0.0132375927
-0.0165411154
-0.0148888970
-0.0137735891
-0.0150310013
-0.0150381121
-0.0348123082
-0.0716591802
-0.0889705587
-0.0775306482
-0.0844997886
-0.0923709902
-0.0845833241
-0.0856677835
-0.0876780090
-0.0785366746
-0.0667404160
-0.0575741559
-0.0554262379
-0.0614713918
-0.0609131919
-0.0026679375
0.1022887065
0.1614985833
0.1645927677
0.1696060819
0.1875078905
0.1937840302
0.1854459083
0.1641195110
0.1180575664
0.0431264568
-0.0171687121
-0.0127116710
0.0081726158
0.0115204362
0.0181599324
0.0310735378
0.0181937099
0.0028012169
0.0046753330
0.0188845872
0.0422157621
0.0636734343
0.0851708084
0.0991341780
0.1035648374
0.1045370560
0.1089607649
0.1168171888
0.1130937755
0.1058613888
0.1008436813
0.0918565976
0.0750845207
0.0706959226
0.0477123858
0.0119042025
-0.0162450112
-0.0245638729
-0.0386813880
-0.0678653725
-0.1003411774
-0.1257958232
-0.1379892642
-0.1356765031
-0.1104296736
-0.0710970644
-0.0376635873
-0.0258411007
-0.0242345943
0.0000363134
0.0521516829
0.0962996651
0.1193327824
0.1276962420
0.1371047300
0.1544591138
0.1747712782
0.1955585925
0.2183016007
0.2319873767
0.2345323964
0.2033732129
0.1407594544
0.0557177807
-0.0333406407
-0.0854579340
-0.1129154987
-0.1287349772
-0.1363203183
-0.1344056020
-0.1298616077
-0.1231111037
-0.1262688021
-0.1394005347
-0.1502342878
-0.1589120399
-0.1768147276
-0.2322708651
-0.2771957156
-0.2481233248
-0.1931774488
-0.1579565569
-0.1172332438
-0.0588590322
-0.0109606619
0.0075252529
0.0203583537
0.0432204894
0.0748275052
0.1006151892
0.1115311718
0.1033571037
0.0935713222
0.0928303779
0.0986319054
0.0890652200
0.0746688499
0.0588306928
0.0426351766
0.0191312993
-0.0007836707
-0.0005060655
0.0009313729
-0.0124145616
-0.0328930144
-0.0418881833
-0.0452517290
-0.0560698620
-0.0708682770
-0.0765398431
-0.0739549564
-0.0596340792
-0.0249588648
0.0254781093
0.0607088264
0.0636149489
0.0212568176
-0.0370841267
-0.0623902216
-0.0908270318
-0.1193507215
-0.1344369599
-0.1473792135
-0.1684517269
-0.1770219988
-0.1366893978
-0.0364413486
0.0667264426
0.1287445363
0.1732230621
0.2108368765
0.2231892310
0.2011878437
0.1567747052
0.0858120841
-0.0233785946
-0.0854907651
-0.0720942744
-0.0280597559
0.0142155904
0.0548181894
0.0992168304
0.1125731099
0.0440822452
-0.0536236786
-0.0995770399
-0.1015577693
-0.0924998118
-0.0622331809
0.0006577534
0.0663834298
0.0786730488
0.0532667899
0.0472930324
0.0566826404
0.0506886392
0.0295937165
-0.0024724137
-0.0391728299
-0.0573432015
-0.0546317545
-0.0546369252
-0.0606000260
-0.0613302195
-0.0666980335
-0.0754627535
-0.0885130064
-0.0928449270
-0.0516071435
0.0313501559
0.0824252699
0.0744244422
0.0557052301
0.0405546749
0.0165011142
0.0121883290
0.0489747957
0.0858968260
0.0905070751
0.0567268097
-0.0022912268
-0.0473382458
-0.0499236756
-0.0144431100
0.0116306896
-0.0140835779
-0.0472868690
-0.0642261326
-0.0892262659
-0.1077748239
-0.0990833987
-0.0760286418
-0.0598266401
-0.0573946343
-0.0601895516
-0.0508606917
-0.0147245488
0.0367681699
0.0662120810
0.0604790594
0.0451651597
0.0266099792
-0.0000911785
-0.0058613344
0.0198427190
0.0638671888
0.1011114217
0.1176525868
0.1240250073
0.1300707600
0.1340793948
0.1359629499
0.1141551391
0.0704543771
0.0465226321
0.0495742949
0.0612382750
0.0619636951
0.0349601185
-0.0094603302
-0.0405852185
-0.0589836309
-0.0812880006
-0.1071125602
-0.1283059277
-0.1285610614
-0.1202188487
-0.1113973759
-0.1186350740
-0.1356033104
-0.1365952195
-0.1142410680
-0.0716761465
-0.0179539703
0.0358021605
0.0595549753
0.0511503979
0.0420646689
0.0350819506
0.0231281557
0.0072360556
0.0038431645
-0.0041572012
-0.0225223074
-0.0152721623
0.0106376368
0.0381828075
0.0403555587
0.0266499005
0.0290375866
0.0499986340
0.0688955021
0.0768152433
0.0678791205
0.0525927533
0.0326598610
0.0061666988
-0.0095306580
-0.0092544215
-0.0005474082
0.0009542589
-0.0216850328
-0.0604647649
-0.0975909186
-0.1145484667
-0.1101547277
-0.0903232818
-0.0631523722
-0.0340158982
-0.0208283330
-0.0156694457
-0.0060662970
0.0175512711
0.0463535721
0.0633830549
0.0758521886
0.0932370414
0.0923627860
0.0558647060
0.0211219813
0.0215859466
0.0262210829
0.0286846834
0.0437908722
0.0622024496
0.0671917531
0.0483512449
0.0175305791
0.0060553849
0.0130391240
0.0100422929
-0.0135488337
-0.0497405309
-0.0782172139
-0.0915008812
-0.0969474830
-0.0893723277
-0.0723407450
-0.0554188064
-0.0332388345
-0.0066266450
0.0231091011
0.0440808962
0.0486710290
0.0422214764
0.0199020067
-0.0093516920
-0.0152368973
-0.0002349508
0.0087558276
0.0116470008
-0.0053467942
-0.0458302036
-0.0742032237
-0.0588829079
-0.0283853796
-0.0164103050
-0.0155264022
-0.0007739910
0.0235350701
0.0467342790
0.0568371484
0.0452842834
0.0242551726
0.0119861104
0.0125811706
0.0265253722
0.0424008800
0.0282398008
-0.0061457035
-0.0405494073
-0.0608122646
-0.0583032641
-0.0330720765
-0.0028558797
0.0204172321
0.0219839424
-0.0061945796
-0.0320057833
-0.0426847482
-0.0215926705
0.0204929861
0.0374406277
0.0249048277
0.0106961397
-0.0098260911
-0.0350285890
-0.0351919386
-0.0232567994
-0.0097841940
0.0200438030
0.0483918079
0.0536406318
0.0597138132
0.0730285366
0.0727159146
0.0482154060
0.0221037188
0.0095010915
0.0137022980
0.0118524903
-0.0101864284
-0.0181168992
-0.0127341939
-0.0165859673
-0.0362945596
-0.0596866609
-0.0585901671
-0.0450288328
-0.0302953740
-0.0172807165
0.0041854587
0.0038447215
-0.0068384379
-0.0037319391
-0.0015787384
0.0054086827
0.0132049441
0.0173025230
0.0159386124
0.0089069410
-0.0056356947
-0.0172018447
0.0034264530
0.0308678399
0.0486952899
0.0499747888
0.0371059661
0.0175265474
0.0000414023
-0.0054865937
0.0033587972
0.0187874172
0.0153834205
-0.0109828503
-0.0361948661
-0.0488555374
-0.0457596758
-0.0351756221
-0.0209676242
-0.0039067910
0.0041870250
-0.0128502194
-0.0203923164
-0.0186587460
-0.0066711807
0.0194227235
0.0309086674
0.0271428818
0.0259275941
0.0135044093
-0.0133774931
-0.0354984304
-0.0516951098
-0.0577177468
-0.0599961478
-0.0611587195
-0.0578869666
-0.0449715301
-0.0257576397
-0.0045777448
0.0225606017
0.0464036739
0.0506610461
0.0446911057
0.0450494896
0.0351264304
0.0110270212
-0.0057672538
-0.0079924905
-0.0076787871
-0.0182921579
-0.0209741216
-0.0234054349
-0.0379004966
-0.0367868047
-0.0240225592
-0.0097783012
0.0074647603
0.0157168651
-0.0004077507
-0.0244961391
-0.0344430590
-0.0260655772
-0.0043704333
0.0152657941
0.0157011743
0.0003475970
-0.0227908350
-0.0388989086
-0.0312372183
-0.0058605389
0.0078774494
-0.0067406406
-0.0224277534
-0.0087390483
0.0152289533
0.0349700754
0.0589893197
0.0652623285
0.0417242071
-0.0119590408
-0.0520123477
-0.0688271385
-0.0696962087
-0.0688624115
-0.0685653538
-0.0740786312
-0.0776287344
-0.0689381702
-0.0351180601
0.0180142585
0.0537664981
0.0367399520
-0.0150770671
-0.0492116538
-0.0470814630
-0.0276138006
-0.0139442427
-0.0203444949
-0.0383463294
-0.0490644280
-0.0465165456
-0.0295455049
0.0113271766
0.0434111305
0.0525699057
0.0422002135
0.0238672991
0.0025345717
0.0018467745
0.0243003796
0.0357417334
0.0295592953
0.0152675219
-0.0051229724
-0.0262666951
-0.0317908350
-0.0149969357
-0.0092917709
-0.0286239959
-0.0517593702
-0.0552075566
-0.0426121294
-0.0282927274
-0.0112590376
-0.0038831973
-0.0175461191
-0.0213503053
-0.0191969577
-0.0194631278
-0.0218433932
-0.0234974829
-0.0315144360
-0.0364227393
-0.0474687986
-0.0602903506
-0.0613627345
-0.0533277207
-0.0429658543
-0.0368790760
-0.0385330085
-0.0402744701
-0.0415861740
-0.0436612962
-0.0434042278
-0.0427891938
-0.0367404334
-0.0365808289
-0.0479300266
-0.0531713070
-0.0399446020
-0.0246297369
-0.0156285288
-0.0150953832
-0.0072851820
0.0155827316
0.0338182772
0.0406499399
0.0421275208
0.0473960172
0.0623302787
0.0809011727
0.0941730554
0.0935230588
0.0892084147
0.0851050873
0.0726335230
0.0487110715
0.0124562584
-0.0167816006
-0.0140644634
-0.0063194198
-0.0073451809
-0.0011131588
0.0066472854
0.0154027676
0.0205726441
0.0240890373
0.0196664935
0.0108695007
0.0155754034
0.0320145688
0.0471858455
0.0599656866
0.0772912331
0.0930658937
0.1052792627
0.1079345643
0.1141624746
0.1204142346
0.1230562562
0.1271163145
0.1297300407
0.1315866802
0.1254570056
0.1144365786
0.1016714103
0.0690966708
0.0126119587
-0.0374211579
-0.0624133126
-0.0750892465
-0.0910246638
-0.0984340630
-0.0998486602
-0.1034554464
-0.1172785730
-0.1268304777
-0.1291558199
-0.1275290326
-0.1190797135
-0.1030408038
-0.0903219404
-0.0820617573
-0.0670640468
-0.0501365627
-0.0154769867
0.0275171189
0.0518610429
0.0468888364
0.0307051683
0.0165812233
0.0128117123
0.0262603543
0.0467298274
0.0605812392
0.0634167979
0.0617885455
0.0542071964
0.0506610378
0.0563261254
0.0668217947
0.0929828862
0.1192723770
0.1288367818
0.1302228802
0.1309323503
0.1224343465
0.0956921078
0.0795721229
0.0767142076
0.0830301571
0.0931900084
0.1005340969
0.1120040294
0.1235933878
0.1249766073
0.1349286595
0.1493537880
0.1521546330
0.1384506406
0.1056624373
0.0512996829
-0.0019896463
-0.0090223464
-0.0020620576
0.0097125561
0.0269554139
0.0328107704
0.0191784939
0.0017375289
0.0033034316
0.0200680873
0.0320840315
0.0524311947
0.0784188491
0.0955294521
0.1190047855
0.1403238282
0.1423748681
0.1072333904
0.0576400484
0.0252624276
0.0069368669
-0.0060421007
-0.0236429516
-0.0385855086
-0.0547792450
-0.0636910248
-0.0756917684
-0.0972362392
-0.1129772167
-0.1178956665
-0.1088785957
-0.1000821480
-0.0909295929
-0.0953569641
-0.1135329298
-0.1285182109
-0.1235020639
-0.0953882115
-0.0580639303
-0.0449656063
-0.0507943156
-0.0675097520
-0.0868657153
-0.1033075990
-0.0939892252
-0.0738410925
-0.0488188314
-0.0060612651
0.0549006030
0.1036403243
0.1219849758
0.1332078614
0.1518650908
0.1700927343
0.1844051470
0.1935794316
0.1977700107
0.1940752458
0.1685980467
0.1125073354
0.0560250361
0.0313376583
0.0298622291
0.0209151069
0.0038919493
-0.0253697525
-0.0537438079
-0.0695096213
-0.0594250733
-0.0546576401
-0.0389718634
-0.0188371752
-0.0268244415
-0.0550459423
-0.0694268801
-0.0809584960
-0.1024406274
-0.1290410681
-0.1546151387
-0.1867674028
-0.2152234301
-0.2361110124
-0.2601879721
-0.2876218861
-0.3115336832
-0.3304976051
-0.3463579750
-0.3489142998
-0.3516228626
-0.2912466940
-0.1994984827
-0.1414223700
-0.0939672240
-0.0622161533
-0.0649454810
-0.0670196559
-0.0530767185
-0.0397038706
-0.0368656971
-0.0428678477
-0.0565052900
-0.0763878110
-0.0848373166
-0.0727685487
-0.0516906378
-0.0258693025
0.0000620104
0.0148593719
0.0288352745
0.0340065098
0.0408849241
0.0629573378
0.0874165070
0.1150556799
0.1305578489
0.1361229772
0.1246135237
0.0993849690
0.0754896795
0.0660002664
0.0662246809
0.0656252162
0.0600798255
0.0561261652
0.0579406660
0.0639467490
0.0736256056
0.0906210201
0.1045751571
0.1184220368
0.1294564986
0.1341484110
0.1176315029
0.0752913487
0.0288583632
0.0033288537
0.0017607071
0.0013676634
-0.0020582672
0.0036441982
0.0066839915
0.0083015348
0.0139108761
0.0288449516
0.0653135730
0.1246580078
0.1811974000
0.2257828570
0.2547646205
0.2615468401
0.2618210785
0.2637488937
0.2564197522
0.2321554827
0.1948022212
0.1640740317
0.1422017024
0.1125074350
0.0660182237
0.0110911346
-0.0435995950
-0.0851401733
-0.1165401633
-0.1506151200
-0.1777664289
-0.1983424699
-0.2133912486
-0.2277819758
-0.2391788329
-0.2230171577
-0.1785502998
-0.1340738219
-0.1174971186
-0.1168252424
-0.1182294510
-0.1171546233
-0.1107551860
-0.1034201354
-0.1001391787
-0.1129453933
-0.1365762329
-0.1513094788
-0.1666135644
-0.1886645348
-0.2006755598
-0.1981346750
-0.1815135741
-0.1596044096
-0.1502666260
-0.1553527840
-0.1649659272
-0.1828995714
-0.1988510621
-0.2124241796
-0.2244367381
-0.2316773102
-0.2377328118
-0.2475916456
-0.2476450113
-0.2396116567
-0.2261685199
-0.2001467604
-0.1756463312
-0.1455101075
-0.1144230636
-0.0815641769
-0.0330231441
0.0034278426
0.0304031022
0.0531498665
0.0664790806
0.0752382754
0.0884845290
0.0991391118
0.1123479781
0.1302479637
0.1436766630
0.1445765900
0.1393682617
0.1262486368
0.0978748124
0.0609560344
0.0445353175
0.0482370751
0.0555306867
0.0574317864
0.0378381729
0.0008762147
-0.0283414969
-0.0552179203
-0.0684180108
-0.0608857553
-0.0490055622
-0.0424674813
-0.0379634612
-0.0350184035
-0.0352508333
-0.0256204716
-0.0027897539
0.0235285957
0.0479523728
0.0705092141
0.0830465116
0.0915578361
0.0986339186
0.1055824154
0.1199400221
0.1382696825
0.1587839560
0.1714473308
0.1891182974
0.2052940390
0.2173794866
0.2250253000
0.2245190993
0.2216311243
0.2200846076
0.2203079674
0.2307292674
0.2447937563
0.2577959706
0.2588766489
0.2522563417
0.2449242551
0.2287895168
0.2102310581
0.1900169018
0.1662955359
0.1331900501
0.0990918758
0.0760104105
0.0541718862
0.0318858497
0.0169194956
0.0050323651
-0.0093925899
-0.0199677161
-0.0280113651
-0.0388122886
-0.0507097439
-0.0619475971
-0.0678005811
-0.0668271708
-0.0527198784
-0.0348400639
-0.0219531879
-0.0069025015
0.0111223328
0.0261117725
0.0413795585
0.0525923732
0.0631575583
0.0840566188
0.1131037196
0.1424636646
0.1593030901
0.1661155793
0.1736455197
0.1733232273
0.1666349242
0.1525159045
0.1380080106
0.1212020297
0.1110733946
0.1051085342
0.1071098548
0.1112989287
0.1053191583
0.0901493900
0.0794118313
0.0700517298
0.0598184769
0.0538024225
0.0451625403
0.0286379803
0.0160783273
0.0041621788
-0.0110167143
-0.0209961771
-0.0215974720
-0.0259597266
-0.0326046563
-0.0283814330
-0.0185949410
0.0056803323
0.0323946321
0.0470507832
0.0506194810
0.0544366870
0.0554691267
0.0568151646
0.0562556965
0.0623896216
0.0624886132
0.0702686467
0.0761334824
0.0659166741
0.0396940643
0.0242046184
0.0107244623
0.0001168017
-0.0029306492
-0.0006232808
0.0032386667
-0.0011346436
-0.0155085813
-0.0303015885
-0.0387345142
-0.0535554581
-0.0733738739
-0.0935645183
-0.1129593530
-0.1218283637
-0.1239756609
-0.1162015759
-0.1126896954
-0.1092069819
-0.1012010961
-0.0949797956
-0.0846435420
-0.0804458851
-0.0746934302
-0.0630827663
-0.0537021488
-0.0480867052
-0.0413366294
-0.0395770112
-0.0436017035
-0.0607541136
-0.0761877012
-0.0711808673
-0.0553082338
-0.0455261577
-0.0403439980
-0.0375353934
-0.0472656350
-0.0590545217
-0.0602120665
-0.0598667319
-0.0480323802
-0.0350270343
-0.0346098187
-0.0380681553
-0.0269968248
-0.0113402738
0.0041458465
0.0173123817
0.0176760456
0.0080585590
-0.0017841169
-0.0152844218
-0.0318354149
-0.0551447599
-0.0686843087
-0.0787821268
-0.0896851674
-0.1048376657
-0.1086238943
-0.1018457990
-0.0916681469
-0.0733207425
-0.0510730459
-0.0441838234
-0.0484934571
-0.0483524955
-0.0415514128
-0.0373258698
-0.0376287107
-0.0363321466
-0.0291426826
-0.0238064066
-0.0202456889
-0.0121192958
-0.0104867679
-0.0114514914
-0.0135573679
-0.0132607087
-0.0137140631
-0.0233194472
-0.0367884284
-0.0501727519
-0.0521977216
-0.0494977497
-0.0497123341
-0.0585279573
-0.0672432906
-0.0667363022
-0.0625970662
-0.0619291111
-0.0595532062
-0.0521344464
-0.0499968935
-0.0465481553
-0.0448804123
-0.0443410212
-0.0334552089
-0.0323420939
-0.0416370919
-0.0426109792
-0.0423657295
-0.0417238365
-0.0312636095
-0.0297143336
-0.0391729726
-0.0405456833
-0.0398860049
-0.0302502307
-0.0154892477
-0.0004923349
0.0094966080
0.0069502983
-0.0008666886
-0.0101609016
-0.0191857687
-0.0253437275
-0.0318359558
-0.0331436054
-0.0329309131
-0.0209384800
-0.0030984407
0.0035598591
0.0006759234
0.0008191647
0.0059680587
0.0105907102
0.0104690620
0.0155142675
0.0175120562
0.0176811535
0.0158936164
0.0145517148
0.0166702257
0.0177406232
0.0182265867
0.0133918958
-0.0000971004
-0.0129817037
-0.0145594725
-0.0137203083
-0.0120018156
-0.0105000545
-0.0096596204
-0.0083477444
-0.0080182495
-0.0072485704
0.0008886386
0.0101762899
0.0120301508
0.0169578347
0.0300835970
0.0481830034
0.0618847386
0.0692832393
0.0709974546
0.0664456419
0.0649535921
0.0713563752
0.0744823771
0.0737318995
0.0707763442
0.0641492323
0.0584907783
0.0587005248
0.0601200515
0.0557466085
0.0431524810
0.0270707482
0.0141262103
0.0089749399
-0.0004527954
-0.0075725628
-0.0062455551
-0.0054991635
-0.0029886544
0.0017444991
0.0035427140
-0.0026275787
-0.0105223406
-0.0124281332
-0.0142664810
-0.0156654794
-0.0126378316
-0.0052765385
0.0006080719
0.0114026571
0.0214464610
0.0269965682
0.0262681679
0.0253178109
0.0257104595
0.0358592990
0.0521178398
0.0684413276
0.0773924439
0.0794733848
0.0781212533
0.0670163137
0.0580495203
0.0581259407
0.0574440475
0.0600757621
0.0610294742
0.0599581756
0.0555965202
0.0446681455
0.0314323404
0.0234179424
0.0202667656
0.0205808457
0.0215592857
0.0137129438
-0.0025227528
-0.0071394927
-0.0074735999
-0.0099926590
-0.0006059150
0.0105129739
0.0101552021
0.0075697051
0.0025978928
0.0013403694
0.0021826833
0.0048913685
0.0031265926
-0.0074323182
-0.0219280954
-0.0280915918
-0.0284153321
-0.0334508444
-0.0357786238
-0.0372620182
-0.0387202104
-0.0375212476
-0.0364497384
-0.0378850772
-0.0391722527
-0.0409874044
-0.0427240777
-0.0385207226
-0.0326074326
-0.0337262225
-0.0449585418
-0.0501894301
-0.0535249166
-0.0647751242
-0.0757599224
-0.0863886340
-0.0957517183
-0.1043166386
-0.1083296722
-0.1186187665
-0.1256786760
-0.1319007680
-0.1346049086
-0.1352232297
-0.1366435392
-0.1274316061
-0.1144333382
-0.1004925024
-0.0883111619
-0.0838232568
-0.0773869976
-0.0787224582
-0.0809631292
-0.0828263794
-0.0861321276
-0.0860917985
-0.0796430025
-0.0720540426
-0.0677214287
-0.0672577188
-0.0692603763
-0.0677540132
-0.0760336475
-0.0809862120
-0.0881337282
-0.0895890078
-0.0817689589
-0.0708316542
-0.0653838704
-0.0608196159
-0.0580802821
-0.0587740596
-0.0573600034
-0.0474741961
-0.0402746617
-0.0311287969
-0.0152377178
-0.0011586751
0.0141688215
0.0249921833
0.0316676751
0.0280006281
0.0227845972
0.0214689558
0.0238978824
0.0249582421
0.0257799814
0.0268735551
0.0263504981
0.0219329088
0.0202950131
0.0152203549
0.0055109582
-0.0038354238
-0.0133492672
-0.0260768334
-0.0388180094
-0.0540342376
-0.0714741205
-0.0849542277
-0.0947178299
-0.1044370475
-0.1120274695
-0.1176850605
-0.1256674033
-0.1283879008
-0.1313384388
-0.1298235297
-0.1312412082
-0.1349049811
-0.1345155823
-0.1336723684
-0.1299913621
-0.1218120752
-0.1169054980
-0.1107059082
-0.1033161260
-0.0920387112
-0.0815642979
-0.0706006390
-0.0640079884
-0.0607738658
-0.0534688031
-0.0445661994
-0.0357727420
-0.0244666290
-0.0121918946
-0.0046202876
0.0107981777
0.0276317011
0.0432990618
0.0575387844
0.0687349546
0.0828551811
0.0992254763
0.1186388634
0.1408000406
0.1600492219
0.1742479101
0.1860667534
0.1969282220
0.2033537279
0.2131037381
0.2212403205
0.2282173742
0.2312623874
0.2309151683
0.2257387667
0.2180977846
0.2107928870
0.2085217812
0.2043500457
0.1941991822
0.1830821102
0.1723603346
0.1570994766
0.1341923190
0.1085834959
0.0854657520
0.0635049474
0.0463169431
0.0430121218
0.0394487274
0.0309187225
0.0264536919
0.0200750798
0.0187608167
0.0193503003
0.0145769431
0.0071266970
-0.0001371902
-0.0028443138
0.0001113647
-0.0019392282
-0.0002948507
0.0023060797
-0.0003169430
0.0027067120
0.0081823046
0.0112893492
0.0097292556
0.0069056714
0.0047497724
0.0022664240
-0.0000898106
-0.0024716178
-0.0048323721
-0.0071586340
-0.0087246455
-0.0120334222
-0.0225811467
-0.0351783627
-0.0471531607
-0.0635134447
-0.0736294812
-0.0827218226
-0.0919277048
-0.0980833860
-0.0993465856
-0.0892401389
-0.0789386331
-0.0764126468
-0.0742534892
-0.0720406029
-0.0778611622
-0.0788329958
-0.0822072018
-0.0906891733
-0.0933364793
-0.0908246529
-0.0948514548
-0.0969732180
-0.0956779127
-0.0929606932
-0.0890005464
-0.0825631652
-0.0723024910
-0.0613284008
-0.0470931639
-0.0321638916
-0.0252750920
-0.0081314196
0.0111853453
0.0257038591
0.0440919677
0.0636344480
0.0775944579
0.0847827850
0.0876492835
0.0876372655
0.0864360654
0.0827695974
0.0815268940
0.0818825172
0.0880682240
0.0951717288
0.1013581477
0.1049732652
0.1011957426
0.0862820599
0.0711269092
0.0494454948
0.0349831805
0.0265096404
0.0162826172
0.0058060053
-0.0059078292
-0.0079806060
-0.0071339621
-0.0079230903
0.0020285213
0.0166119064
0.0278416964
0.0406023358
0.0501091951
0.0590465130
0.0644015887
0.0682834429
0.0777153677
0.0792898915
0.0683036460
0.0470787373
0.0194932048
-0.0041490290
-0.0116087854
-0.0185979903
-0.0251825077
-0.0301243162
-0.0314919224
-0.0300680525
-0.0319049618
-0.0257028960
-0.0226111107
-0.0227633679
-0.0226883910
-0.0340056672
-0.0413007556
-0.0489165108
-0.0553874576
-0.0647100417
-0.0683395812
-0.0756714902
-0.0811767586
-0.0824800802
-0.0868063371
-0.0907213385
-0.0966079550
-0.1031062077
-0.1037177120
-0.0941357357
-0.0822798528
-0.0685107990
-0.0637243574
-0.0655650285
-0.0499192886
-0.0400744969
-0.0398464804
-0.0349384336
-0.0331786133
-0.0358552065
-0.0361838133
-0.0368322480
-0.0394920324
-0.0380107429
-0.0317636552
-0.0247561792
-0.0199226331
-0.0222108392
-0.0197996254
-0.0152865189
-0.0028592893
0.0206686505
0.0415611770
0.0578384705
0.0742973876
0.0895037275
0.1059829096
0.1196853910
0.1305072051
0.1347754101
0.1405998678
0.1528766282
0.1526884201
0.1441331284
0.1310095395
0.1188674896
0.1110979507
0.1147289732
0.1169694969
0.1228191472
0.1253003378
0.1218532795
0.1263669960
0.1283402359
0.1292544839
0.1292703048
0.1296139508
0.1295388041
0.1259073879
0.1252153241
0.1193446759
0.1127424792
0.1061914441
0.0937734843
0.0837335356
0.0757463321
0.0751808135
0.0759300428
0.0797191226
0.0802625688
0.0757891133
0.0709891382
0.0623405422
0.0609769309
0.0640754179
0.0643954494
0.0614034210
0.0558430312
0.0470161505
0.0366904247
0.0297689521
0.0235955290
0.0162094939
0.0079314234
0.0077210489
0.0086122629
0.0060997645
0.0082985594
0.0087277473
0.0090459513
0.0048093254
-0.0024601192
-0.0099020002
-0.0177703183
-0.0148778794
-0.0113664128
-0.0140221892
-0.0199271143
-0.0297647772
-0.0422243147
-0.0496553199
-0.0527224003
-0.0525484619
-0.0587464981
-0.0589733626
-0.0531895368
-0.0463135931
-0.0365759217
-0.0269243611
-0.0181413819
-0.0143284915
-0.0099846820
-0.0048251568
0.0010455545
0.0072561850
0.0112768369
0.0114447791
0.0106978165
0.0098164563
0.0055115550
0.0053163100
0.0124782866
0.0201760043
0.0278071208
0.0296445872
0.0314997903
0.0326535961
0.0366573064
0.0400870654
0.0431069930
0.0464967311
0.0504711502
0.0506759923
0.0543185351
0.0549360963
0.0525597631
0.0502722688
0.0521571806
0.0569431980
0.0557525079
0.0536186524
0.0527481830
0.0529745648
0.0551624133
0.0531915718
0.0482020073
0.0438049514
0.0370245963
0.0321622873
0.0264739488
0.0222827760
0.0188372466
0.0151215308
0.0115998871
0.0032210516
-0.0050607927
-0.0057719019
-0.0097067079
-0.0120279560
-0.0090404131
-0.0115119457
-0.0151830279
-0.0201910740
-0.0250121271
-0.0274169624
-0.0325998508
-0.0308017254
-0.0279659403
-0.0291660623
-0.0336161548
-0.0390137970
-0.0380029189
-0.0463465594
-0.0537054331
-0.0594629779
-0.0665947618
-0.0698937988
-0.0704058747
-0.0715609889
-0.0741804642
-0.0651198102
-0.0611698938
-0.0634370722
-0.0669312576
-0.0782025936
-0.0857491128
-0.0944524367
-0.1029903582
-0.1060509095
-0.1066741193
-0.1058681258
-0.1058084555
-0.0977793022
-0.0873252778
-0.0759630329
-0.0704061251
-0.0576515755
-0.0437029274
-0.0405590700
-0.0375076642
-0.0306701690
-0.0238874399
-0.0215136526
-0.0207476427
-0.0220731434
-0.0194463871
-0.0165544530
-0.0090080200
-0.0065293453
-0.0047469342
-0.0017736002
0.0030929352
0.0034348329
0.0049278216
0.0049355373
0.0082712639
0.0124886821
0.0193279901
0.0300662761
0.0393297541
0.0413104901
0.0416881124
0.0413900924
0.0369262696
0.0357730893
0.0399319409
0.0428833988
0.0472064200
0.0509286673
0.0544118634
0.0556224391
0.0576940218
0.0550685881
0.0524802949
0.0509512478
0.0511577400
0.0473744976
0.0446470645
0.0448656818
0.0485406727
0.0537618784
0.0562383729
0.0496103325
0.0327629861
0.0108053639
-0.0040440988
-0.0060902578
-0.0082488718
-0.0162370812
-0.0249786455
-0.0278670430
-0.0235442634
-0.0207557767
-0.0174384364
-0.0149229752
-0.0137356566
-0.0138665711
-0.0101345583
-0.0012538615
-0.0000249703
-0.0024721625
-0.0148397296
-0.0401052781
-0.0483863175
-0.0490797136
-0.0484406554
-0.0462337718
-0.0471222112
-0.0380850237
-0.0280722860
-0.0292336235
-0.0336083989
-0.0428358981
-0.0464318520
-0.0441930468
-0.0450996636
-0.0442526133
-0.0437915604
-0.0440466831
-0.0530708233
-0.0606768173
-0.0635221396
-0.0662317440
-0.0680817177
-0.0715144574
-0.0738461942
-0.0678951025
-0.0549520970
-0.0406319137
-0.0383387957
-0.0401098897
-0.0434273954
-0.0423212295
-0.0425712531
-0.0447637143
-0.0479501917
-0.0543067050
-0.0587736988
-0.0590114598
-0.0533695575
-0.0387460820
-0.0347690135
-0.0355778620
-0.0349401684
-0.0351614020
-0.0356310534
-0.0258551943
-0.0147744270
-0.0072160531
-0.0062505058
-0.0023094330
-0.0026783616
-0.0107885331
-0.0175045943
-0.0217942674
-0.0199654333
-0.0236938518
-0.0322415075
-0.0389419252
-0.0405420118
-0.0357026871
-0.0239776046
-0.0182570546
-0.0115676757
-0.0153789832
-0.0311683012
-0.0350662023
-0.0335674077
-0.0248252451
-0.0125115008
-0.0050624676
-0.0001613924
-0.0044576749
-0.0006597882
-0.0009029473
-0.0107879383
-0.0283442668
-0.0334629105
-0.0320788837
-0.0338746363
-0.0322053391
-0.0313892549
-0.0306843638
-0.0317612780
-0.0259919179
-0.0114319944
0.0041751267
0.0114676389
0.0159844033
0.0197687866
0.0266300778
0.0340798452
0.0387333827
0.0399446872
0.0375023625
0.0263370750
0.0109089429
-0.0013727292
-0.0099458098
-0.0220641858
-0.0323623379
-0.0428180144
-0.0509703024
-0.0547994331
-0.0622180705
-0.0653288287
-0.0631358695
-0.0590185914
-0.0606689402
-0.0573717852
-0.0516908646
-0.0428369593
-0.0340362626
-0.0251294158
-0.0198662093
-0.0203575392
-0.0201002636
-0.0206268298
-0.0083596591
0.0038516092
0.0050612368
-0.0008353777
-0.0076021750
-0.0156507749
-0.0172604958
-0.0161404884
-0.0161848661
-0.0158050813
-0.0154894673
-0.0150471646
-0.0148269300
-0.0143172672
-0.0139095160
-0.0139502770
-0.0139339857
-0.0067434421
0.0019238766
0.0081815771
0.0105601896
0.0103739392
0.0110490728
0.0142300369
0.0157108298
0.0152261521
0.0160910770
0.0190433001
0.0189952549
0.0187431541
0.0191468567
0.0100113120
-0.0050860748
-0.0084284340
-0.0062114254
-0.0068481484
-0.0061536989
-0.0069564291
-0.0072786517
-0.0058959815
-0.0044176945
-0.0056633988
-0.0050342276
0.0063169182
0.0171452958
0.0182667926
0.0253669251
0.0271927975
0.0264665788
0.0267451450
0.0299491314
0.0339741463
0.0377894530
0.0389321389
0.0391252490
0.0365158154
0.0346039831
0.0345659073
0.0318272001
0.0245095701
0.0219162246
0.0220720096
0.0169161346
0.0111352501
0.0106758770
0.0111633480
0.0110592773
0.0144186480
0.0202812746
0.0291834106
0.0425536746
0.0527850449
0.0542123816
0.0538085256
0.0572784613
0.0598408290
0.0615215461
0.0644741547
0.0672612764
0.0729857049
0.0754584775
0.0753214904
0.0721919664
0.0597548363
0.0481280879
0.0386272504
0.0322957235
0.0227657420
0.0094910117
0.0068575060
0.0083637450
0.0077729015
0.0070420023
0.0049765647
-0.0018851372
-0.0113459422
-0.0112265386
-0.0063504479
-0.0063875749
-0.0069810127
-0.0052801476
-0.0077274788
-0.0151446890
-0.0186121106
-0.0179847540
-0.0140682848
-0.0100326635
0.0004570970
0.0081637024
0.0077820430
0.0090824960
0.0058401493
0.0022462177
-0.0015469606
-0.0060194747
-0.0062077491
-0.0074385240
-0.0094559433
-0.0100451727
-0.0096956885
-0.0050111792
-0.0050875994
-0.0045757307
-0.0054679486
-0.0059045640
-0.0007262507
0.0084387361
0.0164560761
0.0244366508
0.0310090866
0.0325938991
0.0313743468
0.0366138535
0.0392250663
0.0366155457
0.0321865245
0.0318788840
0.0316604646
0.0346677662
0.0354042881
0.0350889363
0.0321531023
0.0320686829
0.0306964856
0.0305236056
0.0348455602
0.0402760304
0.0434928908
0.0497520593
0.0550641748
0.0604984733
0.0681334606
0.0769864546
0.0777200818
0.0775217239
0.0778981795
0.0764574494
0.0748350559
0.0741378173
0.0733818336
0.0744778023
0.0759813052
0.0828703338
0.0840767659
0.0814533799
0.0772101118
0.0730834654
0.0659042711
0.0600916590
0.0593710476
0.0594789263
0.0587508091
0.0586829448
0.0597039227
0.0603136886
0.0582641730
0.0564686891
0.0528037722
0.0512356309
0.0493387183
0.0487784770
0.0475857844
0.0486816277
0.0490652024
0.0494140653
0.0442588865
0.0424279617
0.0404508056
0.0366859036
0.0282897559
0.0253259622
0.0205743306
0.0085586429
-0.0014294605
-0.0030137357
-0.0039217376
-0.0069902695
-0.0137241104
-0.0209990515
-0.0326966801
-0.0381969330
-0.0402370650
-0.0389522556
-0.0381561444
-0.0353797511
-0.0322642185
-0.0330626452
-0.0326944417
-0.0340020175
-0.0405330505
-0.0446974301
-0.0476869433
-0.0517757057
-0.0554487589
-0.0595593584
-0.0633601957
-0.0645009045
-0.0642069630
-0.0644883212
-0.0594393386
-0.0557060814
-0.0529163541
-0.0489765033
-0.0454088150
-0.0456215514
-0.0468032551
-0.0479395696
-0.0450763911
-0.0378157368
-0.0348094644
-0.0296397589
-0.0234370283
-0.0181558091
-0.0169002942
-0.0068788216
0.0024562603
0.0047213079
0.0057378791
0.0033415205
0.0009004180
0.0006363542
0.0027654352
0.0077918532
0.0125834163
0.0132959549
0.0153973835
0.0160455562
0.0137872071
0.0070065755
0.0005689252
-0.0068605824
-0.0131443551
-0.0213131234
-0.0180451418
-0.0211587037
-0.0249800122
-0.0237568914
-0.0244651392
-0.0253269447
-0.0257346652
-0.0161207949
-0.0112853926
-0.0119717659
-0.0134091253
-0.0241916310
-0.0277738081
-0.0265947944
-0.0274359126
-0.0276531315
-0.0280379375
-0.0281334051
-0.0284959260
-0.0286709996
-0.0290597149
-0.0290971893
-0.0292170009
-0.0302184207
-0.0305635576
-0.0210154196
-0.0121733223
-0.0096912440
-0.0049144530
-0.0069529667
-0.0112088214
-0.0162441106
-0.0168175805
-0.0163824891
-0.0168558832
-0.0162741937
-0.0167731337
-0.0168147561
-0.0183379388
-0.0182638925
-0.0228501789
-0.0315308248
-0.0335271759
-0.0331635872
-0.0377896395
-0.0392817386
-0.0386447871
-0.0352017080
-0.0377638203
-0.0399846142
-0.0377173389
-0.0347975643
-0.0338484559
-0.0343930031
-0.0344421694
-0.0349765214
-0.0294681764
-0.0218360626
-0.0158767388
-0.0137326070
-0.0125523741
-0.0145924971
-0.0184989875
-0.0205085156
-0.0231152487
-0.0215970104
-0.0190560823
-0.0188763336
-0.0203704655
-0.0223242599
-0.0225578704
-0.0211967803
-0.0192168092
-0.0179774140
-0.0198190403
-0.0312870396
-0.0352623150
-0.0339020624
-0.0347184576
-0.0247055165
-0.0193100182
-0.0182674817
-0.0231325791
-0.0322461318
-0.0348804021
-0.0372337578
-0.0412529020
-0.0444415400
-0.0449373520
-0.0471466596
-0.0511693048
-0.0520560977
-0.0504110197
-0.0416457303
-0.0332050343
-0.0264283020
-0.0191909184
-0.0174736380
-0.0138160195
-0.0105155011
-0.0079184429
-0.0016311111
0.0028665914
0.0050384305
0.0046100399
0.0047154364
0.0063447975
0.0065891108
0.0070824757
0.0070362017
0.0054054906
0.0097965159
0.0195414162
0.0262143368
0.0249190981
0.0252399802
0.0236841299
0.0180845736
0.0116878958
0.0050933842
-0.0029039729
-0.0090875435
-0.0121674073
-0.0120994597
-0.0145185942
-0.0225345064
-0.0243739592
-0.0229831455
-0.0231573226
-0.0227219387
-0.0225520852
-0.0220029596
-0.0218677401
-0.0213403783
-0.0211809794
-0.0206392272
-0.0205470131
-0.0198904081
-0.0196851089
-0.0195197617
-0.0195186489
-0.0133053893
-0.0089967161
-0.0091371626
-0.0157225689
-0.0177862895
-0.0167682318
-0.0169808831
-0.0102393108
-0.0065914992
-0.0136008938
-0.0158779769
-0.0141935011
-0.0142622490
-0.0136016605
-0.0139767554
-0.0137011730
-0.0064688799
0.0027402253
0.0038819150
0.0009734565
-0.0026080768
-0.0022990797
-0.0084194072
-0.0108323403
-0.0096905311
-0.0100556855
-0.0038824799
0.0038445029
0.0068176110
0.0112891133
0.0150221005
0.0148910416
0.0126246775
0.0139760064
0.0163138090
0.0161578181
0.0195393220
0.0207699491
0.0216627665
0.0215988939
0.0213358381
0.0211645033
0.0243478390
0.0251499988
0.0205500880
0.0170379291
0.0132233867
0.0070551069
-0.0002741921
-0.0018406659
-0.0006203938
-0.0009379287
-0.0003830587
-0.0001820715
-0.0000333214
-0.0003680917
0.0057542519
0.0137458209
0.0168750247
0.0153307700
0.0148616858
0.0170662324
0.0237514056
0.0250267221
0.0295043905
0.0379824791
0.0422053842
0.0455626023
0.0457258138
0.0490124099
0.0523144680
0.0534220048
0.0542608290
0.0572944005
0.0591142451
0.0554755168
0.0575207440
0.0588836326
0.0572408171
0.0599394358
0.0598976907
0.0557063626
0.0549345102
0.0506099972
0.0470031378
0.0447153800
0.0372597139
0.0296052576
0.0285803286
0.0301017139
0.0274448029
0.0252361409
0.0234516453
0.0262347912
0.0293968988
0.0289933383
0.0291341742
0.0287950482
0.0287761138
0.0236507805
0.0205915519
0.0221334069
0.0215147289
0.0204750897
0.0180927882
0.0158111704
0.0143586507
0.0079797390
0.0061450639
0.0067983430
0.0064371897
0.0063941968
0.0064590800
0.0057867862
0.0055891913
0.0124949256
0.0187526137
0.0186501890
0.0177100183
0.0164988944
0.0186340393
0.0204699759
0.0207448475
0.0205084849
0.0182527268
0.0123178272
0.0055846835
0.0038218407
0.0047855401
-0.0005450780
-0.0034159295
-0.0034865413
-0.0026727137
-0.0078766176
-0.0097954618
-0.0122788788
-0.0137864125
-0.0136408014
-0.0115058445
-0.0109320226
-0.0059762054
-0.0012785272
0.0002311691
0.0003335366
-0.0007502613
-0.0009156856
0.0090123117
0.0148525930
0.0184811662
0.0210538647
0.0198984267
0.0201514009
0.0221111341
0.0225942227
0.0235271163
0.0231234412
0.0185104818
0.0177229200
0.0200076295
0.0235104925
0.0265502096
0.0304040490
0.0286473877
0.0317431387
0.0360883274
0.0400538154
0.0420050312
0.0454510671
0.0520413849
0.0495358738
0.0450902815
0.0358191668
0.0257060090
0.0200362081
0.0158725944
0.0072607572
0.0020861808
-0.0022907412
-0.0058139628
-0.0047950167
-0.0049535061
-0.0035631404
-0.0009859528
0.0004262886
0.0003570491
0.0003708019
0.0004401464
-0.0005981271
-0.0023794684
-0.0078026667
-0.0110434850
-0.0101147489
-0.0060294216
-0.0048065562
-0.0011176374
-0.0042669442
-0.0059456394
-0.0057555942
-0.0089746334
-0.0121016411
-0.0138198380
-0.0134782095
-0.0142732816
-0.0144521800
-0.0161428203
-0.0164529037
-0.0160257490
-0.0229628655
-0.0264788873
-0.0199930071
-0.0189844387
-0.0149134918
-0.0130727162
-0.0139415597
-0.0100034761
-0.0049513281
-0.0059675541
-0.0073256080
-0.0041931995
-0.0031095343
-0.0067042365
-0.0067780276
-0.0138122546
-0.0215716670
-0.0293320056
-0.0320632196
-0.0313498575
-0.0322664268
-0.0323888415
-0.0328814057
-0.0329907198
-0.0334419692
-0.0336130514
-0.0340419516
-0.0341400350
-0.0344491592
-0.0354302957
-0.0367395139
-0.0356792788
-0.0353510421
-0.0358505094
-0.0360622389
-0.0362038610
-0.0362689104
-0.0370504831
-0.0373482489
-0.0320287000
-0.0283277391
-0.0356443679
-0.0385230867
-0.0373029631
-0.0380952615
-0.0380281969
-0.0379198247
-0.0394614507
-0.0459313961
-0.0473227193
-0.0484996826
-0.0562376751
-0.0634808975
-0.0654750986
-0.0706296238
-0.0734365267
-0.0672209071
-0.0655032344
-0.0670542410
-0.0657264339
-0.0652981134
-0.0637796990
-0.0592319683
-0.0547355491
-0.0547669029
-0.0555080986
-0.0520162213
-0.0512139621
-0.0525108812
-0.0516132323
-0.0475983234
-0.0500063274
-0.0517780700
-0.0510540820
-0.0532421151
-0.0582044224
-0.0585032862
-0.0571158109
-0.0592821999
-0.0553693040
-0.0507330609
-0.0464279053
-0.0462370069
-0.0467239733
-0.0447645807
-0.0427145171
-0.0425450948
-0.0408702487
-0.0372210883
-0.0365220333
-0.0367276059
-0.0307856922
-0.0270348999
-0.0244621875
-0.0217298399
-0.0198962493
-0.0166452210
-0.0153618786
-0.0118266515
-0.0110887500
-0.0115512684
-0.0071768303
-0.0066148086
-0.0071794181
-0.0038560556
0.0002458663
0.0037127738
0.0078718877
0.0120331164
0.0115735440
0.0081135742
0.0097900079
0.0115424656
0.0075311092
0.0068717176
0.0112584721
0.0124554728
0.0124676962
0.0102094917
0.0099058110
0.0086779370
0.0050389231
0.0018444282
-0.0039704469
-0.0096440984
-0.0097708398
-0.0089869935
-0.0090413295
-0.0087449957
-0.0035233063
-0.0008830255
-0.0047662340
-0.0052034686
0.0021447192
0.0028340746
0.0026508812
0.0043413926
0.0049205633
0.0064529887
0.0007136635
-0.0026914308
-0.0015723398
0.0002930241
0.0011739595
0.0009930540
0.0046269642
0.0099336079
0.0112221808
0.0077245965
0.0089349732
0.0091419688
0.0058522833
0.0043886422
0.0048436069
0.0041136321
0.0016200653
-0.0002099954
-0.0053979163
-0.0070055091
-0.0054367297
-0.0055083626
-0.0045915353
-0.0042756789
-0.0038853140
-0.0037494724
0.0037778143
0.0107980668
0.0176655257
0.0237345844
0.0265064612
0.0308026277
0.0362039932
0.0361259927
0.0370780854
0.0369027837
0.0392182125
0.0409967688
0.0372523421
0.0324528654
0.0337829090
0.0322599063
0.0275166688
0.0272331571
0.0298413539
0.0231781523
0.0205219754
0.0222460599
0.0182747532
0.0107722771
0.0083992433
0.0099970787
0.0154042649
0.0221998281
0.0243236270
0.0294329600
0.0330628631
0.0346854392
0.0378011524
0.0394913629
0.0392679452
0.0400780837
0.0400410777
0.0407469646
0.0423908703
0.0434151451
0.0413806471
0.0420683146
0.0400835482
0.0366946583
0.0326681575
0.0274438481
0.0195703041
0.0176478583
0.0190149908
0.0188745674
0.0187773085
0.0190169089
0.0249755783
0.0285632327
0.0297875939
0.0333822913
0.0356720539
0.0389263460
0.0427925467
0.0439852140
0.0435710231
0.0425476915
0.0437057191
0.0472512569
0.0462722728
0.0499989404
0.0559577342
0.0563368765
0.0525072129
0.0550308173
0.0576171520
0.0558366108
0.0516280132
0.0502537994
0.0528986557
0.0493888752
0.0458564183
0.0445395625
0.0453118785
0.0397143215
0.0327305416
0.0252113536
0.0232365279
0.0229801826
0.0162046302
0.0112031619
0.0083613888
0.0047048122
0.0013347284
-0.0019458338
-0.0056708968
-0.0043971364
-0.0057496621
-0.0046367467
-0.0002953477
0.0058327674
0.0098623051
0.0151976083
0.0213216084
0.0214669377
0.0267560536
0.0322483039
0.0347871355
0.0348874606
0.0348061951
0.0348867205
0.0329057370
0.0293772348
0.0320406913
0.0326029095
0.0297559527
0.0311126509
0.0325601453
0.0271583323
0.0194666331
0.0180562196
0.0175151096
0.0170305489
0.0272640475
0.0326563925
0.0320898059
0.0381759913
0.0394684475
0.0377878242
0.0407029159
0.0424494555
0.0431187184
0.0467680167
0.0466620069
0.0492612486
0.0505297180
0.0487825062
0.0468232854
0.0459419169
0.0464897920
0.0469308418
0.0466765933
0.0460378188
0.0445791695
0.0447402306
0.0412078316
0.0400267308
0.0377208464
0.0345720803
0.0334181926
0.0291553086
0.0281767408
0.0264331719
0.0263272759
0.0250553264
0.0254882193
0.0286139595
0.0325696476
0.0301073430
0.0308565935
0.0375753558
0.0386304800
0.0325409092
0.0318068878
0.0283973861
0.0271948256
0.0280145556
0.0269217109
0.0266300767
0.0258485629
0.0257459512
0.0251392618
0.0219582367
0.0177174965
0.0152948846
0.0103329806
0.0083069465
0.0071140291
0.0055657163
0.0041659691
0.0033928611
0.0003283423
-0.0086139040
-0.0111496860
-0.0107851330
-0.0115538138
-0.0122397492
-0.0133558868
-0.0134797107
-0.0135452341
-0.0143855903
-0.0147189732
-0.0151235984
-0.0156579918
-0.0191214974
-0.0191157137
-0.0186957743
-0.0196491861
-0.0200692118
-0.0191276557
-0.0191236726
-0.0197708371
-0.0200822523
-0.0209721457
-0.0215674075
-0.0165136778
-0.0109398640
-0.0077700427
-0.0027639010
-0.0021799021
-0.0023487706
-0.0017134431
-0.0023955489
-0.0028206071
-0.0061412765
-0.0045801537
-0.0052067936
-0.0063719654
-0.0045719105
-0.0056453963
-0.0067364316
-0.0054279244
-0.0091088587
-0.0083086205
-0.0068400702
-0.0049413786
-0.0069269954
-0.0092059997
-0.0086648162
-0.0056092006
-0.0053551421
-0.0076676222
-0.0061026679
-0.0030380223
-0.0045756007
-0.0078647313
-0.0080724541
-0.0060398347
-0.0048054941
-0.0068633868
-0.0086550105
-0.0085426123
-0.0119261373
-0.0138608601
-0.0131875300
-0.0132018720
-0.0149666125
-0.0143767201
-0.0142712891
-0.0146081770
-0.0168408521
-0.0182491961
-0.0204979341
-0.0265405825
-0.0287260216
-0.0365226213
-0.0388129522
-0.0382405025
-0.0393460567
-0.0402836011
-0.0397972133
-0.0434353377
-0.0457360476
-0.0441480890
-0.0496236306
-0.0497391385
-0.0467326236
-0.0504958892
-0.0486687867
-0.0480346103
-0.0451618539
-0.0462379630
-0.0462239216
-0.0423709236
-0.0402611553
-0.0401789644
-0.0402548419
-0.0402163747
-0.0401448285
-0.0402673231
-0.0401652402
-0.0401924604
-0.0400571761
-0.0409544315
-0.0409013978
-0.0401151151
-0.0402766506
-0.0406542764
-0.0332433354
-0.0266491049
-0.0250001233
-0.0202981186
-0.0117656219
-0.0039818404
-0.0003910809
0.0025179973
0.0101194164
0.0114727209
0.0134198243
0.0126304040
0.0105757783
0.0035200439
-0.0025574399
-0.0069855658
-0.0144222293
-0.0212171267
-0.0239521361
-0.0244387550
-0.0279526993
-0.0355382828
-0.0382990306
-0.0367010450
-0.0315903820
-0.0288638369
-0.0301800163
-0.0291585925
-0.0289937272
-0.0283834378
-0.0343836488
-0.0357550704
-0.0349275599
-0.0350379664
-0.0350978297
-0.0299888107
-0.0273965503
-0.0258784167
-0.0316619306
-0.0345198068
-0.0325984036
-0.0331127989
-0.0341173682
-0.0344577201
-0.0326238125
-0.0361787072
-0.0401048222
-0.0401989522
-0.0375153283
-0.0391808923
-0.0370804975
-0.0323428019
-0.0307011000
-0.0304514757
-0.0229812101
-0.0157652218
-0.0155122620
-0.0139041129
-0.0080685424
-0.0066705225
-0.0064473883
-0.0050456412
-0.0023316152
-0.0006901051
-0.0013580737
-0.0002127809
0.0006295796
-0.0022551278
-0.0064932051
-0.0041493791
-0.0040228293
-0.0028714236
0.0006969423
0.0034075458
0.0035113758
0.0055095749
0.0062781343
0.0061928682
0.0049411943
0.0099442724
0.0117296866
0.0106498220
0.0073127323
0.0075597579
0.0061056099
0.0021214520
0.0028886122
0.0010146161
-0.0035070680
-0.0057551752
-0.0075119862
-0.0063905508
-0.0154954628
-0.0198529219
-0.0174094841
-0.0181381534
-0.0174460569
-0.0176877352
-0.0169178373
-0.0171035009
-0.0164600720
-0.0166227767
-0.0159343631
-0.0159905079
-0.0157627848
-0.0158755505
-0.0105939826
-0.0067277940
-0.0033949112
-0.0008424384
-0.0004030225
-0.0017916378
-0.0004387762
0.0004005298
0.0002963523
0.0005817700
0.0022624976
0.0016631307
0.0011262210
-0.0000539557
-0.0001589441
0.0014101001
-0.0018534556
-0.0102077664
-0.0120140253
-0.0108712433
-0.0111063675
-0.0109738223
-0.0108098757
-0.0105438201
-0.0104671688
-0.0109874811
-0.0103839926
-0.0099061375
-0.0098735724
-0.0098025942
-0.0094933650
-0.0093295335
-0.0096746049
-0.0097054627
-0.0024935462
0.0031003085
0.0045057970
0.0050459883
0.0051846154
0.0055112977
0.0041682876
0.0013052549
-0.0008717431
-0.0065046630
-0.0088806521
-0.0079837966
-0.0033806744
0.0009612360
0.0007305171
-0.0004060406
0.0001368596
0.0013838244
0.0042540351
0.0053086072
0.0044327178
0.0050972533
0.0019131784
0.0012358027
0.0014041916
0.0016022876
0.0014013078
0.0014051453
0.0013548996
0.0042591152
0.0051036451
0.0061985796
0.0082408237
0.0085995773
0.0084119591
0.0085249647
0.0084998073
0.0085016756
0.0084664044
0.0086122689
0.0083840871
0.0071668006
0.0079212519
0.0073590455
0.0063385790
0.0068252186
0.0065100002
0.0065877104
0.0064821779
0.0078079334
0.0079155052
0.0106649691
0.0151725904
0.0148111978
0.0140754206
0.0141427166
0.0168816781
0.0201387608
0.0208277122
0.0203552849
0.0208156222
0.0208182222
0.0153543497
0.0116609670
0.0066942140
0.0055350487
0.0029466146
0.0040038920
0.0018685503
-0.0013746014
-0.0070393878
-0.0091594716
-0.0083525544
-0.0088219171
-0.0088484792
-0.0089751096
-0.0090138609
-0.0090931693
-0.0092212356
-0.0092325582
-0.0094039485
-0.0093776760
-0.0096452672
-0.0094719522
-0.0096831111
-0.0100208282
-0.0102780024
-0.0045766748
-0.0022023936
-0.0032829022
-0.0087209296
-0.0109641365
-0.0099864668
-0.0105775350
-0.0104955920
-0.0107809855
-0.0107111644
-0.0107915797
-0.0108381883
-0.0124494305
-0.0129292216
-0.0121966344
-0.0127810933
-0.0118775873
-0.0112390164
-0.0116872889
-0.0115251216
-0.0116313107
-0.0121231152
-0.0121275120
-0.0065955621
-0.0040081251
-0.0040458584
-0.0009266866
-0.0001202953
0.0025003553
0.0034297043
0.0015279723
0.0012520093
0.0014637928
-0.0011049547
-0.0020038267
0.0005636086
0.0025217868
0.0011381315
0.0019000294
0.0028115868
0.0022949543
0.0009107965
0.0016963793
0.0026039802
0.0020138788
0.0008547749
0.0012171509
0.0021195371
0.0050469530
0.0080848366
0.0066239130
0.0059549691
0.0023601851
0.0048628038
0.0079613424
0.0067016857
0.0055208584
0.0085182788
0.0031488866
-0.0008882590
-0.0008782595
-0.0049235399
-0.0067660275
-0.0074436222
-0.0072052877
-0.0063027200
-0.0018985454
-0.0003434555
-0.0003607682
-0.0018036691
-0.0013614341
-0.0041348908
-0.0070919350
-0.0126784560
-0.0145900539
-0.0141522432
-0.0148523006
-0.0089061570
-0.0020125292
-0.0017888336
-0.0022538173
-0.0012590541
-0.0044008273
-0.0058537296
-0.0060096926
-0.0070267956
-0.0058732844
-0.0067498642
-0.0054728676
-0.0055680264
-0.0123937301
-0.0145847509
-0.0134192875
-0.0139712633
-0.0136559065
-0.0136565793
-0.0147126866
-0.0184215660
-0.0195579436
-0.0188621239
-0.0184510376
-0.0201672423
-0.0191477188
-0.0186089594
-0.0157896443
-0.0134677934
-0.0129372295
-0.0131020130
-0.0136425009
-0.0132732975
-0.0028370783
-0.0008708798
-0.0005898014
0.0027217637
0.0028008850
0.0077834232
0.0073688559
0.0085371976
0.0103684070
0.0107877912
0.0051979613
0.0011918470
0.0072385116
0.0050032406
0.0033564699
0.0039299361
0.0042157704
0.0027409276
0.0033362186
0.0028354768
0.0097321631
0.0121443563
0.0141752387
0.0171095038
0.0175837466
0.0173831600
0.0215098897
0.0230049616
0.0211184616
0.0257834168
0.0265202099
0.0268864843
0.0274309441
0.0237604029
0.0225471495
0.0242928226
0.0242843618
0.0210183802
0.0197641561
0.0177509636
0.0141403903
0.0129660177
0.0067178366
0.0045320317
0.0056281260
0.0040777623
0.0038389967
0.0011216968
-0.0000011422
0.0008634831
0.0040557170
0.0020732886
0.0029042207
0.0051647295
0.0051776645
0.0050731737
0.0030233718
0.0059505952
0.0084552057
0.0087784416
0.0085990624
0.0089690334
0.0090384004
0.0092337206
0.0079247002
0.0076114167
0.0063799722
0.0059757406
0.0065605016
0.0062398265
0.0036587089
0.0055731464
0.0071400645
0.0051361148
0.0075315664
0.0092721980
0.0136390730
0.0181143972
0.0176673160
0.0173588271
0.0204996933
0.0215879038
0.0215776908
0.0221777902
0.0190942767
0.0206942196
0.0226075225
0.0188904682
0.0184242548
0.0188496447
0.0188444471
0.0162085951
0.0174708872
0.0141263360
0.0118380751
0.0092294649
0.0075966474
0.0092748950
0.0092105762
0.0085249538
0.0082576242
0.0094418213
0.0093479672
0.0088357877
0.0109962129
0.0103718875
0.0065994426
0.0089263954
0.0110652352
0.0100903339
0.0100260569
0.0099925826
0.0101986770
0.0108113570
0.0093722370
0.0003329155
-0.0025130320
-0.0011071383
-0.0016108741
-0.0014921180
-0.0015554082
-0.0013686158
-0.0014126352
-0.0013713143
-0.0012465292
-0.0011854792
-0.0015165140
-0.0014243996
0.0035057050
0.0058481276
0.0068450613
0.0104092121
0.0122198078
0.0127350611
0.0187155138
0.0191823413
0.0198237537
0.0219446776
0.0236343557
0.0253626090
0.0271916153
0.0289756284
0.0281044039
0.0286717991
0.0267100402
0.0281783607
0.0285641786
0.0279593695
0.0254757375
0.0250254035
0.0221301885
0.0215940458
0.0215857913
0.0186218912
0.0177257416
0.0216846975
0.0173930487
0.0174234346
0.0147699059
0.0134739600
0.0136828742
0.0122972972
0.0130869589
0.0125093915
0.0114282114
0.0107072428
0.0111578451
0.0081184066
0.0071297692
0.0056606487
0.0066510765
0.0106971777
0.0111031780
0.0101618955
0.0106002801
0.0102837203
0.0105097138
0.0102367313
0.0102155758
0.0093242082
0.0114528060
0.0105391792
0.0090099872
0.0097832974
0.0101844200
0.0069662369
0.0060885336
0.0054367525
0.0052381147
0.0048100669
0.0039771167
-0.0012322930
0.0022443436
-0.0003716817
-0.0044649719
-0.0028557178
0.0018298574
0.0044795504
0.0042577940
0.0054261000
0.0044954741
0.0088269108
0.0114506041
0.0177120582
0.0188382435
0.0204396683
0.0234466095
0.0244752009
0.0235008918
0.0253003850
0.0282303781
0.0280919210
0.0285044131
0.0254574445
0.0273968364
0.0243114126
0.0228092697
0.0233121001
0.0212686940
0.0180664271
0.0135269660
0.0119815867
0.0085847686
0.0075305466
0.0055494716
0.0059665108
0.0033284059
-0.0050516690
-0.0074386643
-0.0063860331
-0.0071289638
-0.0070384071
-0.0074369515
-0.0072547203
-0.0077432355
-0.0074428569
-0.0078440718
-0.0083069611
-0.0083592157
-0.0013428973
-0.0005710530
-0.0008812705
0.0028418951
0.0035909169
0.0044649779
0.0036022484
0.0026695395
0.0028663271
0.0024998011
0.0038499147
0.0041914165
0.0051722116
0.0052566472
0.0078559623
0.0123399124
0.0124946482
0.0111832780
0.0115634884
0.0143010475
0.0160188611
0.0119122740
0.0122029320
0.0116070269
0.0105138258
0.0095539116
0.0107498159
0.0079689102
0.0083049440
0.0100078340
0.0076499764
0.0038602633
0.0025865445
0.0016502780
-0.0009170511
-0.0009081159
-0.0004970465
-0.0035746286
-0.0054979099
-0.0064052611
-0.0060466569
-0.0022586889
-0.0021500574
-0.0023879914
-0.0010398851
0.0006339034
-0.0008046901
0.0027984252
0.0049702424
0.0037948932
0.0053332507
0.0063466895
0.0073940634
0.0077981091
0.0037616102
0.0047593745
0.0046242298
0.0027215179
-0.0000413545
-0.0013005441
-0.0022748995
-0.0018052599
-0.0022690766
-0.0035490893
-0.0053710321
-0.0055760497
-0.0048852643
-0.0084122342
-0.0102530718
-0.0108038259
-0.0162468426
-0.0188733833
-0.0177206553
-0.0186027232
-0.0181560872
-0.0187696258
-0.0188949190
-0.0191811605
-0.0122776599
-0.0113184379
-0.0079526714
-0.0065726904
-0.0078029972
-0.0058741682
-0.0044558364
-0.0057948015
-0.0025373042
0.0018169682
0.0027519137
-0.0003611286
0.0008482199
0.0022098570
-0.0001381008
-0.0013214217
0.0013926488
0.0031944262
0.0007691805
0.0007433913
-0.0017746215
-0.0024647137
-0.0010144226
0.0009364907
0.0008250999
0.0009736230
0.0005699956
-0.0004048557
-0.0006353066
-0.0008435465
-0.0026153356
-0.0007648802
-0.0064781256
-0.0089903560
-0.0089075898
-0.0128042866
-0.0207661371
-0.0231885054
-0.0220883083
-0.0227455094
-0.0226699353
-0.0228174196
-0.0228071259
-0.0236654558
-0.0231011470
-0.0228987097
-0.0244709989
-0.0250629520
-0.0248451937
-0.0250289177
-0.0250055219
-0.0251127329
-0.0252789407
-0.0251837977
-0.0237385686
-0.0248165410
-0.0268647398
-0.0258281392
-0.0266887408
-0.0261535259
-0.0238713868
-0.0238022045
-0.0238938555
-0.0238446712
-0.0237639857
-0.0253611090
-0.0258640512
-0.0254901873
-0.0256075660
-0.0284201708
-0.0295932005
-0.0297531488
-0.0295214045
-0.0291285862
-0.0300660305
-0.0301236794
-0.0297617145
-0.0293393466
-0.0266144604
-0.0256614328
-0.0276326129
-0.0250311916
-0.0238543172
-0.0243197974
-0.0242237484
-0.0241809907
-0.0241772773
-0.0242400719
-0.0241170402
-0.0240027077
-0.0246163067
-0.0245149049
-0.0175041457
-0.0124094214
-0.0111122532
-0.0041252822
-0.0015651009
-0.0018351712
0.0010234028
0.0005806551
-0.0000382278
0.0032096353
-0.0003166434
-0.0020208322
-0.0000787450
-0.0029930710
-0.0089418212
-0.0100947193
-0.0107013128
-0.0145109008
-0.0158532892
-0.0151229727
-0.0153999260
-0.0159186693
-0.0151849079
-0.0153956482
-0.0116575449
-0.0130552224
-0.0138841121
-0.0146887227
-0.0150840046
-0.0112016763
-0.0136447531
-0.0145927233
-0.0138035305
-0.0159489970
-0.0217757867
-0.0230867312
-0.0223863132
-0.0225557383
-0.0225406582
-0.0224480872
-0.0223684973
-0.0222839512
-0.0222390626
-0.0221745729
-0.0220225983
-0.0219026385
-0.0222771206
-0.0219473613
-0.0166599877
-0.0143186270
-0.0111549448
-0.0073990657
-0.0079133171
-0.0073210613
-0.0076378646
-0.0070564493
-0.0085604132
-0.0086618468
-0.0129871334
-0.0129664451
-0.0128046749
-0.0120673148
-0.0183351560
-0.0217574010
-0.0200736656
-0.0134676354
-0.0114874567
-0.0124942174
-0.0082810324
-0.0061283022
-0.0060049689
-0.0062958355
-0.0009803706
0.0023311137
0.0023722331
0.0014915100
0.0000642075
0.0026597177
0.0039193862
0.0020757073
0.0033269398
0.0040981544
0.0033427297
0.0029797378
0.0034913451
0.0051126344
0.0040418501
0.0011338204
0.0046668111
0.0064263143
0.0035170920
0.0015675887
0.0043603800
0.0057422410
0.0050110666
0.0053859975
0.0081357514
0.0097766847
0.0099770000
0.0071647640
0.0051808011
0.0067815583
0.0096950861
0.0078383203
0.0057797413
0.0105034600
0.0080614838
0.0101269229
0.0077352150
0.0067574402
0.0075103129
0.0046738334
0.0059958497
0.0073923926
0.0045133020
0.0064888039
0.0077865901
0.0073509642
0.0028962258
0.0046754210
0.0019248366
0.0007472539
0.0026200388
0.0020607286
0.0010003274
0.0003975831
0.0011917972
0.0007658673
-0.0010470107
0.0004888016
0.0016797979
-0.0009240297
0.0009099715
0.0019472899
0.0003999012
0.0014491323
0.0009528753
0.0002020872
0.0007024702
0.0006979612
0.0007712200
0.0008413968
0.0020544770
0.0019479051
-0.0013120224
0.0004515269
0.0019980776
-0.0012169937
0.0015761794
-0.0000220590
-0.0019338845
-0.0020246659
-0.0016370974
0.0019115115
0.0026241524
0.0018426565
0.0034465386
0.0046205718
0.0092091278
0.0128885058
0.0115583913
0.0119762689
0.0141325927
0.0137245320
0.0108257331
0.0116309949
0.0080661576
0.0056657933
0.0103752352
0.0120302432
0.0113351364
0.0117022198
0.0109340516
0.0125587685
0.0122270552
0.0120872093
0.0121243839
0.0126451574
0.0113376029
0.0107329821
0.0115060718
0.0105841544
0.0113310565
0.0149926571
0.0091032636
0.0083495431
0.0076097265
0.0118546509
0.0089387142
0.0057554780
0.0088541574
0.0672103687
0.0285735436
-0.0036868456
0.0108570399
0.0058157690
0.0080216605
0.0054226323
0.0094039970
0.0077091245
0.0110840420
0.0133670257
0.0124240474
0.0124816624
0.0161833657
0.0105267519
0.0111226438
0.0096692811
0.0076387610
0.0062458778
0.0082059613
0.0076671364
0.0082452815
0.0076218949
0.0098115207
0.0098464828
0.0102737503
0.0084002791
0.0085020000
0.0082586762
0.0087568713
0.0082951661
0.0087927584
0.0084882470
0.0095004372
0.0086546619
0.0103498866
0.0116910644
0.0117069552
0.0150695299
0.0186809461
0.0183635059
0.0201687847
0.0166167525
0.0171272087
0.0193403393
0.0197634506
0.0185869192
0.0194636095
0.0197709512
0.0197646493
0.0168898420
0.0175362955
0.0167901672
0.0163995190
0.0171104998
0.0135475881
0.0122616776
0.0118503097
0.0110949083
0.0161601759
0.0140253609
0.0174302427
0.0211957432
0.0185708556
0.0191711828
0.0230381727
0.0236056891
0.0232062541
0.0246950390
0.0268237030
0.0269319007
0.0269467035
0.0269751774
0.0270083709
0.0256132830
0.0264445060
0.0257213455
0.0264489948
0.0272725398
0.0255319359
0.0249840231
0.0251927849
0.0266373630
0.0270922782
0.0264679320
0.0271563756
0.0303439849
0.0269485271
0.0255076158
0.0274798174
0.0266268513
0.0271681637
0.0239475541
0.0233904084
0.0200697123
0.0192292397
0.0172066543
0.0197689113
0.0178667930
0.0131485428
0.0115531084
0.0098411076
0.0069991506
0.0044721224
-0.0013202426
-0.0034417732
-0.0025414162
-0.0030192470
-0.0029326135
-0.0031112703
-0.0030027322
-0.0031593185
-0.0031137096
-0.0032310608
-0.0032082820
-0.0033132468
-0.0033036708
-0.0034036527
-0.0034007026
-0.0034988366
-0.0034877283
-0.0036274730
-0.0035974700
-0.0036133719
-0.0037485688
-0.0050985921
-0.0043976294
-0.0050586319
-0.0046045670
-0.0037184377
-0.0042222835
-0.0040433929
-0.0043190872
-0.0041029775
-0.0042738657
-0.0046869162
-0.0047229227
0.0008963452
0.0034118445
0.0034181461
0.0066516251
0.0075006353
0.0085385405
0.0089480161
0.0089057454
0.0090394577
0.0073317688
0.0040231670
0.0058689460
0.0050312033
0.0030203866
-0.0033325821
-0.0064715781
-0.0050027259
-0.0059199153
-0.0055579266
-0.0060900913
-0.0057068628
-0.0061986598
-0.0058998032
-0.0063381541
-0.0060678038
-0.0064881013
-0.0062330789
-0.0066477515
-0.0063964643
-0.0068017267
-0.0065552057
-0.0070287989
-0.0066581771
-0.0069893191
-0.0072919558
-0.0077502579
-0.0005005219
0.0045139835
0.0060325237
0.0076344948
0.0079918131
0.0076877849
0.0104701116
0.0111508072
0.0123067969
0.0141075753
0.0144550831
0.0140064649
0.0141458750
0.0141960752
0.0141044555
0.0107615712
0.0115368786
0.0145770551
0.0123312492
0.0071712116
0.0044518586
0.0031810829
0.0031430538
0.0005140490
-0.0005756558
-0.0074530290
-0.0102258956
-0.0091930737
-0.0096997676
-0.0097571850
-0.0099065148
-0.0099330517
-0.0100370015
-0.0101539684
-0.0101940297
-0.0103501823
-0.0103580035
-0.0105478666
-0.0105139044
-0.0107408681
-0.0107215310
-0.0109009281
-0.0107082152
-0.0114464991
-0.0113699919
-0.0066641536
-0.0024092606
-0.0044725669
-0.0045973580
-0.0043544480
-0.0048562057
-0.0102649451
-0.0052538811
-0.0089743549
-0.0132072637
-0.0116574525
-0.0122249397
-0.0119676661
-0.0129783274
-0.0126155928
-0.0059094512
-0.0029938296
-0.0045481563
-0.0047551388
-0.0059740253
-0.0045474939
-0.0057260123
-0.0050088870
-0.0050180890
-0.0050239434
-0.0059761308
-0.0053743925
-0.0047616177
-0.0052190891
-0.0023826598
-0.0014790204
-0.0004902935
-0.0000784142
-0.0003130987
0.0010320265
0.0016385534
0.0012559084
0.0008610904
0.0014338894
0.0075135166
0.0093987868
0.0069256736
0.0059061096
0.0072784450
0.0084126916
0.0076403893
0.0072539952
0.0073410945
0.0059555814
0.0066208586
0.0057658878
0.0072334824
0.0084246568
0.0062698174
0.0019613294
0.0023712286
-0.0003384982
-0.0013262989
0.0002708160
-0.0005816787
-0.0015736429
-0.0026003092
-0.0031937526
-0.0043618382
-0.0066518414
-0.0085290067
-0.0087984881
-0.0151877791
-0.0169674331
-0.0169678696
-0.0171151672
-0.0173706539
-0.0172739460
-0.0174532311
-0.0173493289
-0.0175651096
-0.0174352173
-0.0177218261
-0.0174209604
-0.0176473144
-0.0180624161
-0.0180152189
-0.0109800154
-0.0097747983
-0.0102197638
-0.0096524589
-0.0096731084
-0.0092959225
-0.0096367608
-0.0059195212
-0.0055024507
-0.0062275879
-0.0060716855
-0.0060576000
-0.0060140364
-0.0062559380
-0.0070373048
-0.0051715609
-0.0031647655
-0.0024155783
0.0012661402
0.0036652011
0.0036085026
0.0061020993
0.0073699759
0.0095146801
0.0093834046
0.0083627563
0.0086113896
0.0063350452
0.0080249439
0.0073310788
0.0035475547
0.0031515822
0.0041916837
-0.0011931137
-0.0041278137
-0.0048798879
-0.0057137233
-0.0040778663
-0.0037178229
-0.0038767966
-0.0052917054
-0.0057431128
-0.0057420272
-0.0057856868
-0.0043308677
-0.0040217385
-0.0056083586
-0.0046067723
-0.0040258249
-0.0055965665
-0.0048572939
-0.0053524986
-0.0049880877
-0.0052725874
-0.0062528669
-0.0073306566
-0.0092793190
-0.0068071820
-0.0080621535
-0.0071258759
-0.0045841784
-0.0044349166
-0.0059080357
-0.0067723040
-0.0063905843
-0.0018804297
-0.0003810556
-0.0011997931
0.0017418410
0.0025407183
0.0022776290
0.0024147130
0.0002839892
-0.0019231659
-0.0007906713
0.0006598984
-0.0002587895
-0.0021315169
-0.0022591426
0.0009607021
-0.0012323521
-0.0004296368
0.0012362180
-0.0001741620
0.0004669878
0.0005226416
0.0005275958
0.0003170860
0.0003907292
0.0002171235
0.0002212230
0.0000695157
0.0002120576
-0.0001235886
-0.0011850908
-0.0008882043
-0.0017843145
-0.0068472491
-0.0081883230
-0.0088854329
-0.0095908890
-0.0093077772
-0.0095113950
-0.0101519935
-0.0098060719
-0.0082322657
-0.0079869937
-0.0068776929
-0.0064799976
-0.0065315844
-0.0065032859
-0.0077247048
-0.0093618671
-0.0095488865
-0.0115077663
-0.0137413197
-0.0185757353
-0.0202679556
-0.0193801802
-0.0196930405
-0.0194915138
-0.0195365235
-0.0193187025
-0.0193224563
-0.0191982399
-0.0191395822
-0.0189291892
-0.0189588120
-0.0199449112
-0.0192431166
-0.0193267253
-0.0194698304
-0.0221668185
-0.0233243110
-0.0220786856
-0.0202509483
-0.0189039569
-0.0195186315
-0.0189806784
-0.0192056325
-0.0175985717
-0.0174197182
-0.0171663565
-0.0173391673
-0.0168386797
-0.0169946738
-0.0169078982
-0.0170581620
-0.0124108463
-0.0099317797
-0.0077876613
-0.0060254941
-0.0048663557
-0.0043031429
-0.0018758967
-0.0037983086
-0.0029872328
0.0010605043
0.0006640740
-0.0017858661
-0.0041723810
-0.0055833975
-0.0047004120
-0.0074045095
-0.0077227729
-0.0083929227
-0.0095899646
-0.0141661662
-0.0162313612
-0.0150377926
-0.0154460890
-0.0150765032
-0.0151965826
-0.0148156729
-0.0148964919
-0.0145811966
-0.0146157020
-0.0143235972
-0.0143388599
-0.0140596204
-0.0140659250
-0.0137882114
-0.0137867094
-0.0135147123
-0.0135498789
-0.0131724842
-0.0131807400
-0.0132624196
-0.0130220817
-0.0083675957
-0.0075187074
-0.0057917228
-0.0033522254
-0.0035297059
-0.0025434893
-0.0030544043
-0.0026074814
-0.0031575161
-0.0026422695
-0.0001059157
0.0000327127
0.0018942671
0.0028691471
0.0009921958
0.0007058838
0.0016694131
0.0015292210
0.0005340856
0.0006574434
0.0019483230
0.0014303132
-0.0005823455
0.0006148559
0.0018123144
0.0011653762
0.0014775051
0.0011576727
-0.0006124072
-0.0003838015
-0.0022119003
-0.0030026795
-0.0034065124
-0.0037366332
-0.0053051883
-0.0058976606
-0.0046936519
-0.0040916234
-0.0057189685
-0.0072569602
-0.0101338580
-0.0111893453
-0.0104885260
-0.0106688769
-0.0103269635
-0.0103026210
-0.0102594946
-0.0101731617
-0.0069922394
-0.0056861217
-0.0055139811
-0.0036962428
-0.0028684724
-0.0043841476
-0.0050567510
-0.0081384084
-0.0094824786
-0.0086441568
-0.0088489207
-0.0085262671
-0.0085675147
-0.0082183757
-0.0082531219
-0.0079258906
-0.0079492163
-0.0076245756
-0.0076707323
-0.0072639517
-0.0073556828
-0.0071999052
-0.0069456092
-0.0043539641
-0.0059590549
-0.0046764096
-0.0024440893
-0.0016080549
-0.0016077249
-0.0008914610
-0.0000033395
-0.0000173892
-0.0001308081
0.0015509683
0.0029808422
0.0009598314
0.0020612041
0.0026873711
0.0030789329
0.0024657252
0.0015126368
0.0027815147
0.0024751374
0.0018845000
0.0022564879
0.0020146159
0.0025793351
0.0023532563
0.0024646039
0.0018868788
0.0012512336
-0.0001566939
-0.0004662317
0.0001315027
-0.0001678690
-0.0000104678
-0.0005902691
-0.0001615886
-0.0004751135
-0.0001891779
-0.0004432074
-0.0001664441
-0.0003917588
-0.0002549776
-0.0003222518
0.0007426501
0.0001653428
0.0006272315
0.0013138454
0.0009941385
0.0014655266
0.0012907096
0.0011920105
0.0014986975
0.0015831966
0.0014757975
0.0014362975
0.0013942021
0.0012403120
0.0012197433
0.0006246567
0.0011650114
0.0012780276
0.0005633678
-0.0001862418
0.0002531883
0.0005847545
0.0004083415
-0.0002771590
-0.0005300238
-0.0001950244
-0.0003876912
-0.0006722514
-0.0004919969
-0.0001734487
-0.0003185579
-0.0002040037
-0.0005126913
-0.0004997065
-0.0005033351
-0.0004256497
-0.0004826716
-0.0003835623
-0.0001981109
-0.0000957888
-0.0001385096
0.0004422767
0.0004129775
0.0003482912
0.0008699423
0.0010072719
0.0004122849
0.0007418011
0.0009556556
0.0008414448
0.0006021578
0.0005013165
0.0003507656
0.0002912094
0.0004874971
0.0003553279
0.0002614755
0.0005328527
0.0007542792
0.0006131578
0.0003207000
0.0003334628
0.0005206820
0.0002215493
0.0002517137
0.0004796751
0.0001654852
0.0000952786
0.0000549750
0.0001565357
0.0001137768
0.0000961715
0.0002533547
0.0003153145
0.0002293839
0.0002385857
0.0002999321
0.0003231233
0.0002265817
0.0002855804
0.0004013664
0.0002457984
0.0001818319
0.0003332109
0.0003790285
0.0000721863
0.0000531742
0.0004925247
0.0003393690
0.0002476472
0.0003974655
0.0004486845
0.0005093364
0.0005769769
0.0008981746
0.0009865789
0.0010199400
0.0011064984
0.0012468421
0.0013357655
0.0013313696
0.0012994029
0.0013079215
0.0013778065
0.0014770319
0.0014868026
0.0014860206
0.0015241038
0.0015620474
0.0016358464
0.0016735193
0.0017738546
0.0018266460
0.0018481604
0.0018687666
0.0019203383
0.0019909145
0.0020404190
0.0020811617
0.0021112099
0.0021867077
0.0022469710
0.0022912130
0.0023356942
0.0023305034
0.0023719189
0.0024016479
0.0024293742
0.0024544688
0.0025078491
0.0025373546
0.0025604905
0.0025959449
0.0026230678
0.0026511153
0.0026857818
0.0026945102
0.0027290510
0.0027614176
0.0027949870
0.0028101368
0.0028379925
0.0028707637
0.0029076126
0.0029223091
0.0029479592
0.0029887034
0.0030225152
0.0030537540
0.0030929509
0.0031224271
0.0031574181
0.0031933120
0.0032222006
0.0032573320
0.0032978337
0.0033408560
0.0033802390
0.0034162193
0.0034556150
0.0034897175
0.0035264955
0.0035614804
0.0035967638
0.0036307486
0.0036643564
0.0036981958
0.0037327684
0.0037671583
0.0038009108
0.0038328749
0.0038660974
0.0038988464
0.0039311744
0.0039636140
0.0039965094
0.0040286540
0.0040610565
0.0040930651
0.0041253388
0.0041569289
0.0041887030
0.0042200536
0.0042513372
0.0042822769
0.0043131825
0.0043437186
0.0043742042
0.0044043733
0.0044344136
0.0044641798
0.0044937869
0.0045231311
0.0045522904
0.0045812016
0.0046099045
0.0046383660
0.0046666022
0.0046946010
0.0047223637
