-0.0016454217
-0.0017115206
-0.0017770960
-0.0018432521
-0.0019100312
-0.0019754968
-0.0020371612
-0.0020932362
-0.0021422222
-0.0021861838
-0.0022288542
-0.0022756123
-0.0023329227
-0.0024022473
-0.0024846199
-0.0025718192
-0.0026530539
-0.0027166103
-0.0027551811
-0.0027833472
-0.0028090620
-0.0028411576
-0.0028854494
-0.0029274083
-0.0029660158
-0.0030059757
-0.0030459509
-0.0030868728
-0.0031280202
-0.0031685052
-0.0032076658
-0.0032442865
-0.0032811658
-0.0033294851
-0.0033993257
-0.0035015048
-0.0036423204
-0.0038125877
-0.0040071295
-0.0042135898
-0.0044189101
-0.0046095092
-0.0047658655
-0.0048682047
-0.0049021474
-0.0048759850
-0.0048056592
-0.0047397912
-0.0047111720
-0.0047313378
-0.0048182543
-0.0049617620
-0.0051651350
-0.0054067130
-0.0056254885
-0.0057592840
-0.0059180751
-0.0065060796
-0.0076225089
-0.0089316284
-0.0101937871
-0.0109939110
-0.0112116952
-0.0113036685
-0.0113989762
-0.0115378907
-0.0116963626
-0.0114598801
-0.0106126285
-0.0091170377
-0.0072052825
-0.0056722671
-0.0044316668
-0.0024512341
0.0000279618
0.0015559087
0.0019580127
0.0022684051
0.0026908923
0.0030270359
0.0031552253
0.0027972028
0.0022935777
0.0021882704
0.0011550186
-0.0041466135
-0.0128879675
-0.0188323481
-0.0210753326
-0.0236469859
-0.0268329898
-0.0286766237
-0.0273934688
-0.0205811082
-0.0099008913
-0.0030698236
-0.0013599659
0.0005025555
0.0029119248
0.0042465463
0.0043218406
0.0031029582
0.0007845658
-0.0023282342
-0.0061225264
-0.0104953491
-0.0152725999
-0.0201975250
-0.0249997021
-0.0294465275
-0.0333583685
-0.0366279027
-0.0388715124
-0.0392422853
-0.0371795035
-0.0324791521
-0.0252921152
-0.0170438053
-0.0088160971
-0.0019631532
0.0025160740
0.0047730483
0.0047634016
0.0035020093
0.0017460200
0.0000921169
-0.0013086776
-0.0034431458
-0.0058111738
-0.0064362780
-0.0049885675
-0.0029469080
-0.0012332547
-0.0013524597
-0.0040267136
-0.0084513557
-0.0141946691
-0.0195468293
-0.0230451777
-0.0234379269
-0.0204567777
-0.0166859019
-0.0133378264
-0.0111743412
-0.0104087033
-0.0091329868
-0.0070935348
-0.0051575650
-0.0036357127
-0.0028561333
-0.0019499484
0.0012418826
0.0057642153
0.0068095924
0.0038284385
0.0005721667
-0.0023209453
-0.0060053167
-0.0113263801
-0.0199396013
-0.0311514641
-0.0407992533
-0.0472747318
-0.0507320135
-0.0510179656
-0.0496724557
-0.0470559514
-0.0428631664
-0.0374467691
-0.0311266147
-0.0243259051
-0.0175077090
-0.0110381987
-0.0051548545
0.0000004446
0.0042111561
0.0064557349
0.0049830502
0.0006054233
-0.0020749007
-0.0020219588
-0.0017352918
-0.0019992315
-0.0043262866
-0.0097368359
-0.0180502772
-0.0285433864
-0.0377270454
-0.0438211997
-0.0464064982
-0.0449204417
-0.0407369345
-0.0344115633
-0.0268662414
-0.0193814921
-0.0132859650
-0.0093046344
-0.0065523933
-0.0046823005
-0.0028966444
-0.0008856061
0.0010970934
0.0039773351
0.0078655753
0.0083625049
-0.0042931284
-0.0273641346
-0.0413089284
-0.0432452169
-0.0455274722
-0.0499355136
-0.0542471179
-0.0573009381
-0.0553607936
-0.0474748662
-0.0356634626
-0.0226296989
-0.0149048307
-0.0134632845
-0.0120311127
-0.0096637076
-0.0077297355
-0.0060704169
-0.0049751410
-0.0044552368
-0.0049572985
-0.0069452772
-0.0106617311
-0.0160530692
-0.0220051694
-0.0276971370
-0.0321942974
-0.0350859332
-0.0370414732
-0.0378462318
-0.0366708014
-0.0330105912
-0.0267557442
-0.0189597526
-0.0125757534
-0.0078382808
-0.0020467147
0.0042890712
0.0081445540
0.0092777846
0.0099774137
0.0107580089
0.0112401095
0.0117150486
0.0126615127
0.0143130101
0.0162795931
0.0180525532
0.0185025624
0.0170767016
0.0139865918
0.0091786345
0.0030498706
-0.0040844209
-0.0117462367
-0.0194138578
-0.0265598652
-0.0326509309
-0.0372574972
-0.0399818485
-0.0407994549
-0.0399622176
-0.0385693284
-0.0372580681
-0.0362968230
-0.0358711242
-0.0354159536
-0.0348235504
-0.0342657076
-0.0338489523
-0.0337788322
-0.0335674510
-0.0314674121
-0.0265409924
-0.0188024445
-0.0090856082
-0.0007550581
0.0048172089
0.0082666505
0.0098249705
0.0111749489
0.0124218311
0.0119905388
0.0099245774
0.0073486303
0.0049908697
0.0037616608
0.0038352392
0.0040998800
0.0041660518
0.0036204594
0.0019739229
-0.0009905899
-0.0052726743
-0.0099861211
-0.0146064366
-0.0185004910
-0.0208214070
-0.0205105671
-0.0167990959
-0.0097089561
0.0004223456
0.0117173489
0.0227287651
0.0317777329
0.0376582966
0.0405899509
0.0405164092
0.0384466319
0.0349884874
0.0306532672
0.0262480949
0.0225589025
0.0202102753
0.0191859095
0.0194863147
0.0203780053
0.0210662278
0.0211282544
0.0221067589
0.0283426169
0.0387342274
0.0454373044
0.0475031199
0.0498820484
0.0524355286
0.0517904589
0.0467401560
0.0376215870
0.0257913543
0.0156201023
0.0089744416
0.0052576174
0.0044261399
0.0044650259
0.0047078560
0.0053873169
0.0058820419
0.0056725836
0.0044674308
0.0027991383
0.0013865262
0.0018046639
0.0049218183
0.0105983951
0.0186799561
0.0276186012
0.0362871195
0.0433547462
0.0477927389
0.0496327172
0.0486984214
0.0456481778
0.0408593453
0.0347157419
0.0278132594
0.0208568321
0.0145939275
0.0096806297
0.0064350030
0.0043476931
0.0031822392
0.0024848787
0.0020086505
0.0016885655
0.0008272437
-0.0008232853
-0.0008666497
0.0062824421
0.0189389141
0.0256491208
0.0245170469
0.0223566851
0.0203441352
0.0184812838
0.0173553052
0.0168225976
0.0173054399
0.0186576647
0.0206959731
0.0232359877
0.0264952811
0.0302341608
0.0311954926
0.0227930658
0.0071690613
-0.0014486451
-0.0006999330
0.0006273481
0.0006929961
-0.0012366633
-0.0060204023
-0.0125271398
-0.0204163520
-0.0275606207
-0.0322581972
-0.0328406331
-0.0279881800
-0.0182289710
-0.0040539956
0.0119285531
0.0274155097
0.0398077412
0.0479636643
0.0541898182
0.0590146553
0.0630993260
0.0672602980
0.0714142169
0.0748477230
0.0743994719
0.0686456447
0.0579301695
0.0425944165
0.0255847734
0.0090700299
-0.0043202207
-0.0127441627
-0.0170443440
-0.0179346450
-0.0182195679
-0.0183145198
-0.0150979453
-0.0074298045
0.0051443858
0.0212390743
0.0349936419
0.0439413766
0.0483321777
0.0478824137
0.0449006284
0.0401036075
0.0334784624
0.0258597456
0.0179476970
0.0104180127
0.0040002871
0.0001084116
0.0005223595
0.0040322129
0.0046276200
0.0007965954
-0.0045324439
-0.0107067756
-0.0163470798
-0.0204323328
-0.0224529381
-0.0216887349
-0.0184946504
-0.0131573697
-0.0069609326
-0.0011831457
0.0028876784
0.0050696161
0.0072375811
0.0089762398
0.0078649568
0.0037613980
-0.0017817963
-0.0091009224
-0.0196962717
-0.0325409033
-0.0436030128
-0.0522304114
-0.0610948817
-0.0697850881
-0.0759544460
-0.0795134949
-0.0824889201
-0.0854736214
-0.0881594675
-0.0906866394
-0.0930010979
-0.0951926879
-0.0973122379
-0.0992453413
-0.1009257431
-0.1028311694
-0.1061298387
-0.1105417340
-0.1139360415
-0.1161290417
-0.1187689803
-0.1221631915
-0.1259915613
-0.1302317979
-0.1347033273
-0.1393675859
-0.1441738588
-0.1489920172
-0.1536689308
-0.1580557773
-0.1620313317
-0.1654857981
-0.1683157361
-0.1703737504
-0.1715171755
-0.1718344897
-0.1719302806
-0.1722373459
-0.1731650221
-0.1748510322
-0.1766108672
-0.1779048616
-0.1782228044
-0.1782515725
-0.1804086598
-0.1841796507
-0.1856164100
-0.1841980310
-0.1824121266
-0.1807019503
-0.1788288187
-0.1769104317
-0.1748836200
-0.1728647916
-0.1709599678
-0.1694224397
-0.1689180466
-0.1698102139
-0.1720417116
-0.1752133837
-0.1779073116
-0.1796533366
-0.1811108426
-0.1825852267
-0.1848897837
-0.1881975304
-0.1917251720
-0.1951813445
-0.1981241441
-0.2002695767
-0.2017162585
-0.2024244056
-0.2026135341
-0.2023913347
-0.2018242128
-0.2010849852
-0.2003260146
-0.1996223694
-0.1989835340
-0.1987812889
-0.2000786791
-0.2036296625
-0.2100389365
-0.2195006316
-0.2310441492
-0.2441122106
-0.2578153085
-0.2712860698
-0.2835820527
-0.2935327918
-0.3001250989
-0.3032925976
-0.3051898944
-0.3070850844
-0.3099812976
-0.3138704916
-0.3161067797
-0.3159518078
-0.3139291786
-0.3101846277
-0.3059578385
-0.3017282091
-0.2973580784
-0.2925998132
-0.2858502886
-0.2759688990
-0.2617236317
-0.2424152815
-0.2188121949
-0.1910477807
-0.1596467627
-0.1251872524
-0.0883800463
-0.0500542645
-0.0110927983
0.0275936024
0.0651104858
0.1005787197
0.1332442531
0.1624118905
0.1874543328
0.2075161707
0.2218365074
0.2309150060
0.2378714850
0.2447181357
0.2527911440
0.2619681348
0.2689630121
0.2744817898
0.2826629325
0.2926212527
0.2984875577
0.2992112090
0.2981734852
0.2961825967
0.2938732141
0.2921808355
0.2919234914
0.2935855001
0.2961204459
0.2988416858
0.3006170740
0.3009426720
0.3006357998
0.2998721234
0.2991943858
0.2992281187
0.3004446422
0.3025527147
0.3037776432
0.3041744180
0.3057794122
0.3088557197
0.3123306069
0.3158037370
0.3186155572
0.3201818448
0.3199274694
0.3174949667
0.3132591825
0.3074631202
0.3006516890
0.2930718144
0.2847255930
0.2764337049
0.2696256152
0.2641211637
0.2574699821
0.2492793189
0.2411385629
0.2337434322
0.2281597871
0.2247172627
0.2224228340
0.2208137932
0.2191577622
0.2172835532
0.2163045486
0.2166693268
0.2189904549
0.2236190694
0.2302356302
0.2386762909
0.2482241108
0.2582971115
0.2682279181
0.2773226389
0.2850289719
0.2910210403
0.2949224327
0.2951938283
0.2891576267
0.2779265111
0.2678078281
0.2596568907
0.2489633354
0.2350872700
0.2190316059
0.2008923564
0.1811074115
0.1596690449
0.1365439740
0.1119016291
0.0860094898
0.0591805537
0.0317385152
0.0039773360
-0.0238285854
-0.0513363053
-0.0780535505
-0.1034666486
-0.1274514573
-0.1505267448
-0.1733774304
-0.1959821444
-0.2178070438
-0.2390027665
-0.2607604916
-0.2844388201
-0.3108662323
-0.3387660166
-0.3643871143
-0.3856676009
-0.4061840791
-0.4254939059
-0.4324127843
-0.4224620158
-0.4085623749
-0.3908260395
-0.3553935334
-0.3011475166
-0.2336937895
-0.1535207205
-0.0641567454
0.0297634654
0.1225385760
0.2085538482
0.2830509311
0.3410370140
0.3784026724
0.3949380566
0.3986370021
0.3936838384
0.3812910145
0.3626185242
0.3337385487
0.2962671213
0.2575676088
0.2218216054
0.1934956861
0.1744454830
0.1614612256
0.1524515374
0.1436630136
0.1329027914
0.1218880700
0.1103184511
0.0993898273
0.0908787696
0.0862506764
0.0841278629
0.0775157484
0.0673311688
0.0630166863
0.0666223209
0.0740011614
0.0832398690
0.0902155921
0.0928689861
0.0921190980
0.0878324332
0.0821927750
0.0759875664
0.0692014719
0.0627111430
0.0572501880
0.0534374202
0.0512512166
0.0507375113
0.0516164881
0.0537991069
0.0574353846
0.0623968106
0.0684932483
0.0754237679
0.0827808588
0.0900715217
0.0966724910
0.1018042235
0.1045965950
0.1044490508
0.1014105696
0.0953926648
0.0864670350
0.0746484075
0.0594465538
0.0410730069
0.0199140520
-0.0032592789
-0.0274080270
-0.0514332598
-0.0741378103
-0.0941581437
-0.1095557819
-0.1192139588
-0.1223393237
-0.1189246901
-0.1099956471
-0.0962282613
-0.0784785668
-0.0578032483
-0.0358696879
-0.0160796402
-0.0035627811
-0.0006419841
-0.0059078638
-0.0144903148
-0.0177328661
-0.0114259140
0.0055386655
0.0315081186
0.0628675771
0.1008483478
0.1461225524
0.1969181469
0.2490039800
0.3009209175
0.3590979918
0.4212636390
0.4741874773
0.5148067712
0.5511816841
0.5758380605
0.5878293020
0.5980164719
0.6068102445
0.5787203295
0.4949430510
0.3983656834
0.3421051648
0.3312829695
0.3314077128
0.3198049121
0.2929015132
0.2557135147
0.2204371362
0.1986390517
0.1913563118
0.1909610554
0.1889012918
0.1803018245
0.1633267847
0.1373497941
0.1037377411
0.0656208234
0.0268803767
-0.0096440419
-0.0430796780
-0.0715394669
-0.0917925001
-0.1028573824
-0.1055838775
-0.1006334521
-0.0894116245
-0.0734730293
-0.0545893102
-0.0346253120
-0.0152876247
0.0019118147
0.0156920027
0.0248270696
0.0286474106
0.0282359627
0.0271717627
0.0254443222
0.0185115889
0.0056009377
-0.0113620052
-0.0318920789
-0.0548840332
-0.0794846401
-0.1044193055
-0.1279633295
-0.1487003526
-0.1673104811
-0.1879614505
-0.2101939141
-0.2285841634
-0.2425522844
-0.2554870344
-0.2679924009
-0.2794322284
-0.2893894834
-0.2964734403
-0.2999701845
-0.2994618140
-0.2947917602
-0.2870839476
-0.2771386617
-0.2660530461
-0.2542304845
-0.2403686543
-0.2239060429
-0.2041468196
-0.1811602385
-0.1567090840
-0.1316347970
-0.1066538789
-0.0824460835
-0.0589816755
-0.0364799218
-0.0147037708
0.0065267716
0.0276498356
0.0492727984
0.0719022576
0.0950808640
0.1163830447
0.1349104459
0.1512474377
0.1658966272
0.1806595645
0.1958293165
0.2098290017
0.2222947579
0.2328964199
0.2411646606
0.2466077327
0.2486764383
0.2469537657
0.2411092800
0.2311016482
0.2169136215
0.1988044060
0.1770546325
0.1521518730
0.1246079261
0.0950511507
0.0641436830
0.0326062675
0.0011627599
-0.0294765218
-0.0586253111
-0.0856462362
-0.1098650366
-0.1307040627
-0.1478919107
-0.1618245359
-0.1727415154
-0.1809398335
-0.1863964067
-0.1888093018
-0.1892041855
-0.1898019652
-0.1899235002
-0.1849394077
-0.1740149881
-0.1598886879
-0.1433533040
-0.1251906683
-0.1057835269
-0.0844020377
-0.0611824811
-0.0365891814
-0.0113342592
0.0131794327
0.0367028891
0.0603609436
0.0839780883
0.1061081377
0.1255039634
0.1402007587
0.1493766056
0.1539598719
0.1541349739
0.1505932536
0.1440139897
0.1351660550
0.1249423505
0.1142888874
0.1044153865
0.0962802565
0.0893819145
0.0803587345
0.0681423610
0.0537663933
0.0375136382
0.0204465916
0.0024370079
-0.0179337195
-0.0400982676
-0.0614822856
-0.0810696080
-0.0990076245
-0.1151171940
-0.1299809082
-0.1439150971
-0.1574461023
-0.1711348897
-0.1856896361
-0.2021435540
-0.2214622669
-0.2429174336
-0.2620596215
-0.2758833357
-0.2814732425
-0.2776557225
-0.2679312381
-0.2539211010
-0.2387769909
-0.2260910195
-0.2188134206
-0.2166206418
-0.2126057270
-0.2069435861
-0.2066201747
-0.2121760261
-0.2195916372
-0.2277057559
-0.2360617839
-0.2438989194
-0.2505038121
-0.2547412968
-0.2555240505
-0.2525503397
-0.2471678234
-0.2401861231
-0.2325676526
-0.2246407546
-0.2152827292
-0.2042948209
-0.1917454346
-0.1776501056
-0.1624996119
-0.1464770660
-0.1299001438
-0.1132968131
-0.0972723022
-0.0816594970
-0.0646340262
-0.0450824502
-0.0221377342
0.0042257080
0.0314403502
0.0577123146
0.0808446661
0.1001835054
0.1184366323
0.1363415398
0.1538113604
0.1701542826
0.1822951687
0.1893971744
0.1926330226
0.1922260200
0.1891591588
0.1842539778
0.1786518776
0.1736815280
0.1705442691
0.1698465223
0.1705370151
0.1720011456
0.1731094945
0.1732996015
0.1730373941
0.1721418019
0.1706413522
0.1689099140
0.1677258347
0.1670487387
0.1657471001
0.1640552170
0.1632766786
0.1630220636
0.1611069171
0.1571974747
0.1530875102
0.1498821712
0.1491411166
0.1511250557
0.1534904803
0.1549396708
0.1537549331
0.1491611760
0.1426421326
0.1348375618
0.1270471202
0.1196984800
0.1115825707
0.1024458061
0.0919633376
0.0798419265
0.0661491587
0.0507731055
0.0338610278
0.0155310810
-0.0039995680
-0.0244869660
-0.0456555659
-0.0672133576
-0.0888262995
-0.1101126199
-0.1306966003
-0.1503359437
-0.1689612751
-0.1863956639
-0.2019779308
-0.2144061232
-0.2230844262
-0.2323559451
-0.2528196675
-0.2820027922
-0.3003964936
-0.3051861232
-0.3085200007
-0.3124859209
-0.3161209779
-0.3194687034
-0.3205755823
-0.3191141139
-0.3147847519
-0.3074349784
-0.2982144498
-0.2876637255
-0.2768402819
-0.2669157765
-0.2589696212
-0.2532897442
-0.2480344092
-0.2420823061
-0.2340719044
-0.2235222974
-0.2122141319
-0.2010647124
-0.1913764443
-0.1834857698
-0.1755019646
-0.1665751583
-0.1557554819
-0.1429271101
-0.1304984272
-0.1203573060
-0.1152346199
-0.1155228492
-0.1168554962
-0.1168409182
-0.1127449486
-0.1036728934
-0.0929284554
-0.0809649286
-0.0682472143
-0.0575844375
-0.0530694992
-0.0529771303
-0.0469024418
-0.0341852149
-0.0242655614
-0.0187198366
-0.0141118800
-0.0082221406
0.0035181475
0.0215489679
0.0404979262
0.0582608927
0.0732713968
0.0852974669
0.0979428614
0.1116458119
0.1249837996
0.1378769304
0.1498420473
0.1600135793
0.1668644783
0.1703108793
0.1720708589
0.1710488887
0.1632802720
0.1485505888
0.1313545879
0.1144206124
0.1012894139
0.0940032191
0.0912534553
0.0927629768
0.0964619403
0.1013870482
0.1077818594
0.1148982311
0.1221137230
0.1287762193
0.1342395712
0.1379528782
0.1394626107
0.1385825915
0.1358306625
0.1315396008
0.1262624799
0.1204090577
0.1141075657
0.1076656208
0.1012598791
0.0949562243
0.0884609456
0.0815439349
0.0739087373
0.0654832885
0.0567375879
0.0479471076
0.0394840962
0.0314953235
0.0235753259
0.0154926717
0.0069089298
-0.0020989771
-0.0105865777
-0.0180341032
-0.0240184504
-0.0285419911
-0.0324749273
-0.0358183264
-0.0388339784
-0.0439602788
-0.0566678320
-0.0776945051
-0.1004532048
-0.1211073135
-0.1352030246
-0.1418674420
-0.1476247140
-0.1536671766
-0.1585176699
-0.1620978441
-0.1632461767
-0.1623999014
-0.1613024329
-0.1598830007
-0.1567571192
-0.1520874641
-0.1475468206
-0.1436467590
-0.1399443723
-0.1361834780
-0.1315670790
-0.1259553444
-0.1199310620
-0.1134928193
-0.1067943782
-0.1007248577
-0.0971909880
-0.0964305447
-0.0961012018
-0.0951097713
-0.0924968768
-0.0879565006
-0.0830779893
-0.0783308137
-0.0742174175
-0.0716063433
-0.0711041453
-0.0722681111
-0.0722544347
-0.0699784104
-0.0659610823
-0.0603623667
-0.0545906448
-0.0490631806
-0.0433690551
-0.0377212934
-0.0322121556
-0.0268851954
-0.0215780257
-0.0161217966
-0.0103738957
-0.0043032473
0.0018591094
0.0080377605
0.0141399203
0.0200307880
0.0253519044
0.0294643620
0.0320277923
0.0347871796
0.0422492367
0.0535654345
0.0612065619
0.0645717081
0.0689905495
0.0745218784
0.0782860272
0.0806642020
0.0848682961
0.0916667513
0.0990096045
0.1053715784
0.1081989635
0.1073107807
0.1062900676
0.1058678373
0.1049660542
0.1030358126
0.0985213732
0.0913956890
0.0836963830
0.0765027316
0.0708818922
0.0667543384
0.0621730917
0.0579648342
0.0577160476
0.0617880611
0.0669533726
0.0714348917
0.0734125843
0.0728610875
0.0732943128
0.0750981212
0.0762443982
0.0760034511
0.0731875680
0.0670561788
0.0575479496
0.0445251544
0.0288889962
0.0112950620
-0.0072253146
-0.0256254340
-0.0428175640
-0.0576041870
-0.0690149211
-0.0765777680
-0.0812145385
-0.0835161445
-0.0845613317
-0.0850046126
-0.0847830319
-0.0844050575
-0.0841747298
-0.0837444658
-0.0819155663
-0.0791424932
-0.0782038485
-0.0797592965
-0.0825855616
-0.0863452044
-0.0898426192
-0.0914750240
-0.0892733393
-0.0838781311
-0.0805021992
-0.0801040037
-0.0797448757
-0.0788876695
-0.0770164611
-0.0734914952
-0.0678778947
-0.0597748585
-0.0496718239
-0.0378082616
-0.0247289661
-0.0110287409
0.0026201400
0.0155161570
0.0271392384
0.0370998495
0.0450300310
0.0495604797
0.0483531398
0.0419297561
0.0347195815
0.0272555940
0.0165354085
0.0024536256
-0.0129554521
-0.0276351268
-0.0382961489
-0.0448097158
-0.0513452283
-0.0577471056
-0.0606004204
-0.0599596813
-0.0583335340
-0.0557953767
-0.0503360088
-0.0418953994
-0.0324351321
-0.0232674818
-0.0162482457
-0.0124755619
-0.0111127523
-0.0108490952
-0.0083394976
-0.0038065780
-0.0023722863
-0.0048251972
-0.0088245888
-0.0140685325
-0.0204207513
-0.0275958320
-0.0352508704
-0.0428446071
-0.0500611238
-0.0569457656
-0.0633144352
-0.0668488736
-0.0631323961
-0.0541777692
-0.0515876076
-0.0583753288
-0.0677743487
-0.0740411556
-0.0651761736
-0.0389679333
-0.0095180517
0.0146479339
0.0242789145
0.0240873193
0.0417307602
0.0755718733
0.0943171515
0.0940469293
0.0910697547
0.0885708610
0.0863487805
0.0854868931
0.0856017199
0.0870252180
0.0881859439
0.0886936409
0.0896977702
0.0916526902
0.0942543037
0.0941340083
0.0841151003
0.0664104460
0.0557567422
0.0542188672
0.0521341488
0.0480854233
0.0439401574
0.0403434218
0.0387804332
0.0381432941
0.0340600183
0.0243951765
0.0093723860
-0.0083087978
-0.0213987265
-0.0320311494
-0.0526285900
-0.0804398736
-0.0967979691
-0.0989709814
-0.0985927506
-0.0980405799
-0.0965633194
-0.0940406055
-0.0879711792
-0.0787026387
-0.0687090704
-0.0591911426
-0.0515706374
-0.0465455844
-0.0433305332
-0.0416678834
-0.0405426006
-0.0394129785
-0.0384900984
-0.0378393743
-0.0383761574
-0.0405528083
-0.0443128460
-0.0492468677
-0.0534993085
-0.0561120859
-0.0568388935
-0.0556205014
-0.0539276822
-0.0525716382
-0.0522270324
-0.0530724352
-0.0539117751
-0.0549369117
-0.0572170998
-0.0603096376
-0.0630729254
-0.0670776969
-0.0765571038
-0.0896668209
-0.0966809974
-0.0960392249
-0.0941947544
-0.0924282377
-0.0906900786
-0.0895529295
-0.0887148294
-0.0884812185
-0.0887082715
-0.0893090208
-0.0901077203
-0.0904403642
-0.0889236983
-0.0847759872
-0.0782242527
-0.0700338421
-0.0629198832
-0.0579725273
-0.0546935965
-0.0532737253
-0.0527404488
-0.0518484952
-0.0478896264
-0.0391445040
-0.0264842332
-0.0126320126
-0.0053753129
-0.0062915430
-0.0091129274
-0.0124146537
-0.0155203440
-0.0172537961
-0.0175074777
-0.0156877189
-0.0122647312
-0.0075620040
-0.0020943676
0.0037786207
0.0094216880
0.0125000231
0.0090526381
0.0001947991
-0.0058156513
-0.0080508373
-0.0124776444
-0.0196989301
-0.0275982511
-0.0355098607
-0.0419315353
-0.0449056779
-0.0420386248
-0.0346763779
-0.0305880536
-0.0313444800
-0.0326054899
-0.0337152006
-0.0344804250
-0.0348911960
-0.0355322893
-0.0348842884
-0.0299510572
-0.0217467711
-0.0165759614
-0.0154819336
-0.0144863480
-0.0130268972
-0.0116442970
-0.0103396739
-0.0094874318
-0.0090309500
-0.0088661645
-0.0089755418
-0.0091554591
-0.0091976294
-0.0088957490
-0.0085915856
-0.0094284697
-0.0112562270
-0.0124674580
-0.0130390939
-0.0142941264
-0.0162278140
-0.0177499019
-0.0185080018
-0.0185808799
-0.0180309260
-0.0173633569
-0.0167919811
-0.0162817813
-0.0156137830
-0.0137673927
-0.0100809852
-0.0040287479
0.0045385156
0.0145891143
0.0255263079
0.0363387640
0.0459040489
0.0532908554
0.0584959917
0.0634011655
0.0679622006
0.0703159796
0.0702644974
0.0687312810
0.0661171814
0.0630034124
0.0598701736
0.0572667815
0.0559793484
0.0566558332
0.0589806994
0.0608958845
0.0620294037
0.0636803337
0.0658951740
0.0681127301
0.0697906607
0.0697125535
0.0671258230
0.0616756864
0.0532900569
0.0431485410
0.0320010959
0.0209329453
0.0110175231
0.0032571129
-0.0013003411
-0.0024334243
-0.0008653174
0.0003583231
0.0002526870
0.0001767110
0.0005740153
0.0029533240
0.0082173551
0.0162091751
0.0260826892
0.0344272375
0.0400969342
0.0444999508
0.0482659267
0.0533172360
0.0601081763
0.0670065144
0.0734291797
0.0784418481
0.0817405226
0.0843880064
0.0868254747
0.0897177678
0.0931632861
0.0960540343
0.0979955571
0.0986781793
0.0978318420
0.0956763884
0.0922736473
0.0880061043
0.0832286650
0.0784422117
0.0741996041
0.0710014500
0.0690381881
0.0676835322
0.0665646974
0.0651587457
0.0632639199
0.0613704904
0.0595786598
0.0580778769
0.0572027410
0.0574827141
0.0592488177
0.0622821101
0.0661507351
0.0695253228
0.0717638687
0.0730601623
0.0735734232
0.0744124848
0.0760228899
0.0782271197
0.0809739524
0.0834005887
0.0847931245
0.0844437152
0.0825790808
0.0812196095
0.0805715583
0.0791418144
0.0767228530
0.0736376413
0.0699536821
0.0658823862
0.0615081779
0.0569303572
0.0523218436
0.0478837584
0.0437994770
0.0401716226
0.0370578104
0.0345492721
0.0331141901
0.0335507889
0.0354112159
0.0364404707
0.0361787365
0.0359192092
0.0358590402
0.0360511369
0.0366154487
0.0374586157
0.0385416232
0.0394900408
0.0400154801
0.0397973737
0.0385988681
0.0365041836
0.0336065991
0.0303839343
0.0272184118
0.0245432716
0.0227144514
0.0218005221
0.0219188178
0.0229291412
0.0247545664
0.0272571439
0.0302504989
0.0334943725
0.0367378014
0.0397339791
0.0422477215
0.0441057791
0.0451197700
0.0451470316
0.0440622480
0.0418372806
0.0384743732
0.0341144638
0.0288791330
0.0229567673
0.0165478113
0.0098857423
0.0032103581
-0.0032470844
-0.0092579835
-0.0146157287
-0.0190926111
-0.0225093393
-0.0248248670
-0.0263542204
-0.0273312287
-0.0280970242
-0.0288559604
-0.0294814083
-0.0299338448
-0.0302011894
-0.0307476057
-0.0326194113
-0.0355262637
-0.0374420394
-0.0380602894
-0.0386387975
-0.0393526871
-0.0400334269
-0.0407105917
-0.0413368301
-0.0418972171
-0.0422144023
-0.0421546415
-0.0417104527
-0.0410438945
-0.0406910820
-0.0406307795
-0.0399703366
-0.0381544872
-0.0346165392
-0.0293101599
-0.0235380864
-0.0182636717
-0.0145166545
-0.0119168028
-0.0078074414
-0.0025908283
0.0002076813
0.0002675003
-0.0000093771
-0.0001106730
-0.0003486396
-0.0006747195
-0.0012455273
-0.0018934742
-0.0022000221
-0.0019410013
-0.0009391282
0.0008670365
0.0032387359
0.0060510068
0.0090830771
0.0121088392
0.0148998566
0.0172237025
0.0189127287
0.0197560284
0.0195452685
0.0181111456
0.0153784435
0.0113265462
0.0061311802
-0.0000756578
-0.0070759625
-0.0146381950
-0.0224949616
-0.0303620825
-0.0379638541
-0.0450258444
-0.0513102693
-0.0565693622
-0.0606173325
-0.0633384232
-0.0648396723
-0.0652201271
-0.0647298845
-0.0635484276
-0.0618050769
-0.0596838830
-0.0575260527
-0.0558666045
-0.0551690829
-0.0546468813
-0.0514766714
-0.0451964459
-0.0383319350
-0.0321386033
-0.0279471375
-0.0255153452
-0.0215060692
-0.0152876613
-0.0082915324
-0.0008076569
0.0063615799
0.0125054698
0.0169899210
0.0197849139
0.0224824638
0.0255502359
0.0285719304
0.0312548276
0.0325661193
0.0324831076
0.0322295652
0.0321212091
0.0320186257
0.0317764742
0.0306124639
0.0281712442
0.0245084953
0.0199877722
0.0160778384
0.0133786315
0.0116215497
0.0107197847
0.0099215949
0.0091301700
0.0089981472
0.0097498032
0.0116935284
0.0149624585
0.0193118770
0.0246960739
0.0309648632
0.0379510988
0.0454464207
0.0532121157
0.0610015513
0.0685641353
0.0756652251
0.0820618083
0.0875607895
0.0919984164
0.0952792962
0.0971978717
0.0973858800
0.0955816967
0.0916256630
0.0854957419
0.0775931725
0.0682089477
0.0578066817
0.0468609470
0.0358991673
0.0254623390
0.0160421794
0.0081377407
0.0021367467
-0.0016816612
-0.0034715625
-0.0035242582
-0.0028487039
-0.0022800860
-0.0027207227
-0.0047535733
-0.0079243801
-0.0118222794
-0.0151712553
-0.0174397086
-0.0191532094
-0.0205016004
-0.0222305295
-0.0245253631
-0.0268099035
-0.0289219204
-0.0305814272
-0.0316763565
-0.0324296726
-0.0328304623
-0.0328293331
-0.0323238114
-0.0310311420
-0.0288712179
-0.0259630170
-0.0223248029
-0.0180296670
-0.0131461778
-0.0077644774
-0.0019968722
0.0040346668
0.0102100695
0.0164059127
0.0224823631
0.0283012750
0.0337486088
0.0387550372
0.0432597077
0.0471298986
0.0500586589
0.0517886185
0.0530652236
0.0562707587
0.0619151122
0.0680662124
0.0736128865
0.0768867495
0.0775632643
0.0775999352
0.0771275504
0.0753543598
0.0722974627
0.0682572357
0.0635256943
0.0585078042
0.0535016456
0.0488172165
0.0448353912
0.0418941175
0.0400624175
0.0387497660
0.0375710957
0.0360634866
0.0340268374
0.0319422082
0.0300353646
0.0286605384
0.0278176838
0.0267087982
0.0248644022
0.0217336476
0.0171345208
0.0117602674
0.0059140604
0.0001473502
-0.0049276999
-0.0087446318
-0.0111415925
-0.0130793655
-0.0151286286
-0.0179787157
-0.0218652857
-0.0259280266
-0.0298751800
-0.0331579603
-0.0349502247
-0.0344386677
-0.0320238092
-0.0303056010
-0.0297328091
-0.0286873004
-0.0271023769
-0.0255942326
-0.0245188516
-0.0244104112
-0.0253120055
-0.0264983601
-0.0274737869
-0.0274597496
-0.0261198750
-0.0239953495
-0.0213951982
-0.0191021480
-0.0175156942
-0.0164549441
-0.0159127767
-0.0154797216
-0.0150381078
-0.0147199190
-0.0144322874
-0.0141156152
-0.0138587373
-0.0140749181
-0.0150518959
-0.0170169210
-0.0200338658
-0.0236755963
-0.0277079548
-0.0317060226
-0.0351520189
-0.0375855809
-0.0391354795
-0.0411326949
-0.0439252434
-0.0468541931
-0.0494474889
-0.0506233968
-0.0502051554
-0.0492386877
-0.0479049113
-0.0461128754
-0.0439916695
-0.0416422272
-0.0392478097
-0.0369968254
-0.0350427974
-0.0335036424
-0.0324307604
-0.0316916995
-0.0312045650
-0.0308205931
-0.0304448640
-0.0301075148
-0.0298101412
-0.0296599207
-0.0297391943
-0.0301430242
-0.0309314724
-0.0320545521
-0.0335069314
-0.0352598280
-0.0372836556
-0.0395368935
-0.0419683240
-0.0445212376
-0.0471362849
-0.0497551328
-0.0523171774
-0.0547680114
-0.0570512189
-0.0591143837
-0.0609089256
-0.0623951902
-0.0635300063
-0.0642876043
-0.0646569846
-0.0646337621
-0.0641932155
-0.0633247789
-0.0620689431
-0.0607132800
-0.0597156969
-0.0593735437
-0.0584528470
-0.0536750906
-0.0456135409
-0.0395042685
-0.0356085238
-0.0298862179
-0.0223420523
-0.0159372841
-0.0115262998
-0.0086482605
-0.0068986535
-0.0048771668
-0.0022576133
0.0002362869
0.0025909499
0.0046181416
0.0058471691
0.0054741674
0.0034689921
0.0011769660
-0.0009142734
-0.0028778423
-0.0049730866
-0.0082187310
-0.0122072981
-0.0151223615
-0.0173913365
-0.0214585002
-0.0267115903
-0.0292019694
-0.0282368011
-0.0262205993
-0.0238982434
-0.0219085230
-0.0205073513
-0.0188625465
-0.0169496860
-0.0149841249
-0.0131673247
-0.0120403274
-0.0115958076
-0.0112338594
-0.0108315097
-0.0105164399
-0.0102318072
-0.0098641292
-0.0092951364
-0.0084182639
-0.0072086102
-0.0058931250
-0.0047537742
-0.0040789657
-0.0034134374
-0.0010658738
0.0032469229
0.0080179685
0.0123393207
0.0149312715
0.0156168236
0.0161641851
0.0168737301
0.0173551880
0.0177624134
0.0181404390
0.0183802052
0.0178238731
0.0160718196
0.0131201027
0.0093148123
0.0060906654
0.0040387254
0.0029306981
0.0027384715
0.0028051777
0.0029400296
0.0033395098
0.0039073641
0.0046084614
0.0053829744
0.0061745290
0.0069599384
0.0077193079
0.0084298476
0.0090692207
0.0096291954
0.0101123195
0.0104710094
0.0105543024
0.0102598395
0.0095235999
0.0083429254
0.0068931460
0.0052867608
0.0036941364
0.0022898502
0.0012323157
0.0006118735
0.0002995779
0.0002237949
0.0002393253
0.0002814124
0.0003956357
0.0005000340
0.0005086138
0.0005860367
0.0013973808
0.0033706843
0.0067701009
0.0115795296
0.0168460815
0.0218786601
0.0258367780
0.0284485106
0.0307105071
0.0329176920
0.0351171394
0.0370877766
0.0376888703
0.0366705041
0.0347026442
0.0322050691
0.0300906380
0.0287183759
0.0276251853
0.0266405570
0.0252388941
0.0233111065
0.0213474935
0.0194329007
0.0177679418
0.0168372254
0.0174883085
0.0198518496
0.0227157690
0.0252614868
0.0263578569
0.0255803459
0.0238901458
0.0214777922
0.0186436300
0.0158730335
0.0136713019
0.0122385147
0.0108800420
0.0092257503
0.0069344491
0.0040979055
0.0018017278
0.0003241664
-0.0007099195
-0.0014877616
-0.0025997865
-0.0042255863
-0.0060775084
-0.0081385878
-0.0102856466
-0.0124019823
-0.0143721789
-0.0160812960
-0.0174628190
-0.0183197994
-0.0182730347
-0.0171204532
-0.0150206541
-0.0123559734
-0.0101486711
-0.0086580671
-0.0070491813
-0.0048753275
-0.0014196809
0.0034311100
0.0085975727
0.0135142167
0.0174203456
0.0198984521
0.0213840208
0.0220348811
0.0224104463
0.0227651929
0.0229201351
0.0229774076
0.0229690580
0.0229375378
0.0229223250
0.0229028861
0.0228116717
0.0225948509
0.0222044784
0.0216169345
0.0208687340
0.0199689306
0.0189476398
0.0178394924
0.0166834792
0.0155258624
0.0144092008
0.0133700526
0.0124425760
0.0116806242
0.0111345259
0.0107739626
0.0104007803
0.0098874639
0.0091317364
0.0081143121
0.0070344456
0.0059811952
0.0050717995
0.0044843739
0.0044769845
0.0052516403
0.0068794651
0.0093535589
0.0123575141
0.0156776468
0.0189837553
0.0218992031
0.0240774227
0.0254505162
0.0266558558
0.0280791762
0.0301512735
0.0329968825
0.0359805410
0.0388307269
0.0411638857
0.0426085528
0.0429458617
0.0419947571
0.0400917642
0.0376753831
0.0356500223
0.0342371336
0.0324767381
0.0298452569
0.0256173629
0.0196920423
0.0133380830
0.0072729777
0.0024419052
-0.0006680140
-0.0027067024
-0.0039474362
-0.0051178509
-0.0065189768
-0.0077604038
-0.0088576547
-0.0097126957
-0.0102690171
-0.0105612567
-0.0105592655
-0.0103252222
-0.0098937973
-0.0093154727
-0.0086504107
-0.0079764129
-0.0073992316
-0.0070294880
-0.0068293284
-0.0064398508
-0.0056159809
-0.0041001034
-0.0017837336
0.0010684093
0.0043446056
0.0078323164
0.0113219862
0.0145885646
0.0173477195
0.0193566358
0.0205852123
0.0215173237
0.0224737113
0.0238433011
0.0258022821
0.0280197813
0.0304005294
0.0327297824
0.0347749845
0.0363215720
0.0372585872
0.0378420958
0.0382322130
0.0387057667
0.0394097327
0.0402406943
0.0412317587
0.0423675580
0.0436301504
0.0449928482
0.0464051934
0.0478207278
0.0491936735
0.0504777692
0.0516235483
0.0525963396
0.0533672174
0.0539208136
0.0542064239
0.0541225328
0.0536093540
0.0526524620
0.0512739226
0.0496156620
0.0477575082
0.0458719692
0.0442557412
0.0432271594
0.0424836678
0.0404465175
0.0362475395
0.0297561605
0.0216293868
0.0147875600
0.0102367296
0.0070336346
0.0047979805
0.0020099647
-0.0017106959
-0.0053524203
-0.0086973403
-0.0113018181
-0.0129751166
-0.0140433252
-0.0145981979
-0.0149842173
-0.0153572930
-0.0156119911
-0.0158101233
-0.0159673784
-0.0161025516
-0.0162372417
-0.0163943014
-0.0166098294
-0.0167915397
-0.0165914173
-0.0157762832
-0.0141632206
-0.0117061809
-0.0087572538
-0.0055182835
-0.0023123025
0.0005174618
0.0026547105
0.0039585409
0.0048048903
0.0054310768
0.0062240516
0.0073785919
0.0087172610
0.0102609851
0.0119525079
0.0137290779
0.0155143993
0.0172067787
0.0187164194
0.0199538452
0.0208635553
0.0213726880
0.0214081523
0.0209262668
0.0199464154
0.0185119902
0.0167764812
0.0148736162
0.0129788769
0.0112664451
0.0098849844
0.0089513619
0.0084664982
0.0084514960
0.0088350704
0.0095604117
0.0104480479
0.0111889412
0.0114841306
0.0117790571
0.0137546432
0.0176955995
0.0220952733
0.0260461494
0.0282656153
0.0285750633
0.0287495433
0.0291070360
0.0292553030
0.0292946127
0.0292033320
0.0290316556
0.0287123931
0.0281538216
0.0272936850
0.0261313174
0.0248729537
0.0236556160
0.0226475230
0.0219478196
0.0214686925
0.0211735822
0.0209370360
0.0207048961
0.0205172092
0.0203507764
0.0201960625
0.0200467456
0.0198980773
0.0197513667
0.0196045949
0.0194540873
0.0192884234
0.0191299530
0.0190730340
0.0191831390
0.0195116668
0.0200702048
0.0207598574
0.0215248268
0.0222797173
0.0229349853
0.0234117104
0.0236628816
0.0237516844
0.0237128537
0.0236255665
0.0235352461
0.0234176273
0.0232812891
0.0231225974
0.0229686720
0.0229115178
0.0230081234
0.0233086493
0.0238268385
0.0244685240
0.0251662850
0.0258399955
0.0264523163
0.0269941212
0.0272880552
0.0268657393
0.0254541056
0.0231372978
0.0203015656
0.0180528855
0.0164861309
0.0142320077
0.0106067521
0.0051503540
-0.0016815204
-0.0073916108
-0.0111753722
-0.0137364393
-0.0153375331
-0.0171068194
-0.0192480890
-0.0209039967
-0.0219785629
-0.0224850128
-0.0224238910
-0.0219952747
-0.0212088971
-0.0200284344
-0.0184820789
-0.0166014264
-0.0144266151
-0.0120037489
-0.0093756643
-0.0065900328
-0.0036963991
-0.0007457146
0.0022106919
0.0051206116
0.0079293355
0.0105821545
0.0130327369
0.0152491766
0.0172035186
0.0188504637
0.0200958028
0.0208600318
0.0213391046
0.0221825147
0.0235531259
0.0250072547
0.0263025532
0.0270530015
0.0272546443
0.0275427944
0.0280384552
0.0285622207
0.0291230617
0.0296895717
0.0302710739
0.0308263505
0.0311992904
0.0312565123
0.0313573543
0.0326587094
0.0353628178
0.0383954075
0.0411149182
0.0426437081
0.0428544776
0.0429797995
0.0432409138
0.0433591605
0.0433867555
0.0432996281
0.0431886251
0.0431604785
0.0431038228
0.0425690637
0.0412302461
0.0387792344
0.0350751382
0.0304103775
0.0249047658
0.0188094034
0.0124006936
0.0059960396
-0.0000784424
-0.0055740786
-0.0102789327
-0.0139770080
-0.0161208120
-0.0159773665
-0.0140489071
-0.0126837746
-0.0123264240
-0.0114807774
-0.0099959864
-0.0084393791
-0.0075583779
-0.0089351315
-0.0127212799
-0.0170162650
-0.0208769992
-0.0234361423
-0.0246237788
-0.0261535037
-0.0281751745
-0.0297568909
-0.0308073643
-0.0315114367
-0.0320759255
-0.0329218768
-0.0341407312
-0.0353640048
-0.0362635086
-0.0366134055
-0.0372800767
-0.0405284395
-0.0457315111
-0.0485514842
-0.0482741302
-0.0474873329
-0.0467272779
-0.0461322258
-0.0458140767
-0.0451729787
-0.0440349478
-0.0420741642
-0.0391544960
-0.0356248265
-0.0315956295
-0.0273201084
-0.0230420162
-0.0190306340
-0.0156257951
-0.0131127716
-0.0115371625
-0.0103606073
-0.0092665596
-0.0079534065
-0.0063540615
-0.0050366944
-0.0042222547
-0.0040741184
-0.0047257927
-0.0060200155
-0.0078814504
-0.0099968521
-0.0120598189
-0.0137249244
-0.0148151460
-0.0155778269
-0.0161356576
-0.0167709139
-0.0176085806
-0.0184929756
-0.0194236290
-0.0203195076
-0.0210680320
-0.0215709918
-0.0219488089
-0.0227537653
-0.0241000230
-0.0255618720
-0.0268808554
-0.0276503917
-0.0278231676
-0.0279496161
-0.0281314257
-0.0282498513
-0.0283316720
-0.0283635686
-0.0283701645
-0.0283793946
-0.0284012267
-0.0284329892
-0.0284437977
-0.0283914318
-0.0283723344
-0.0287538167
-0.0297941737
-0.0317268726
-0.0346410044
-0.0382370298
-0.0423648684
-0.0467604481
-0.0511569512
-0.0552737977
-0.0587896126
-0.0614417996
-0.0631148438
-0.0640904504
-0.0645499726
-0.0648011236
-0.0650196749
-0.0651164639
-0.0651495249
-0.0651350721
-0.0651160496
-0.0651963355
-0.0654319886
-0.0658686742
-0.0665160660
-0.0672882478
-0.0681349510
-0.0689719070
-0.0697081342
-0.0702598643
-0.0706124022
-0.0709391755
-0.0713516037
-0.0719980080
-0.0729566276
-0.0741236863
-0.0754473336
-0.0768054327
-0.0780994450
-0.0793276677
-0.0805884139
-0.0818782270
-0.0823018823
-0.0798951918
-0.0751129759
-0.0715156681
-0.0693745239
-0.0660464641
-0.0615569171
-0.0577640187
-0.0551842534
-0.0534760428
-0.0523150544
-0.0507268266
-0.0484313792
-0.0458681479
-0.0430584631
-0.0401442451
-0.0372399716
-0.0344968579
-0.0321700946
-0.0304882903
-0.0294054233
-0.0282631707
-0.0266843398
-0.0244699130
-0.0217370747
-0.0194622198
-0.0179686159
-0.0170654828
-0.0167081900
-0.0164708108
-0.0162568948
-0.0161746784
-0.0160130442
-0.0156263686
-0.0155338551
-0.0173214420
-0.0212427673
-0.0256793269
-0.0296698403
-0.0319659556
-0.0323686114
-0.0326513545
-0.0331269334
-0.0333922953
-0.0335348697
-0.0335201520
-0.0334440060
-0.0333909270
-0.0333446644
-0.0332458778
-0.0330548250
-0.0327451982
-0.0323045586
-0.0317622705
-0.0311269604
-0.0304274272
-0.0296925351
-0.0289532060
-0.0282505909
-0.0276167511
-0.0270704280
-0.0266181911
-0.0263162408
-0.0263126462
-0.0267117305
-0.0275917270
-0.0289746314
-0.0307190219
-0.0327386651
-0.0348961147
-0.0370536539
-0.0390697955
-0.0407829948
-0.0420600843
-0.0428427241
-0.0432748851
-0.0434470138
-0.0435118188
-0.0435477304
-0.0435108923
-0.0434678330
-0.0434783109
-0.0434408550
-0.0429445202
-0.0417272378
-0.0396361030
-0.0366956280
-0.0334858729
-0.0303743654
-0.0278147479
-0.0261622203
-0.0254432050
-0.0257332225
-0.0267834750
-0.0284202625
-0.0303656886
-0.0323009804
-0.0338927580
-0.0348928956
-0.0353298322
-0.0351853428
-0.0346179315
-0.0337063813
-0.0324752786
-0.0310191606
-0.0294456135
-0.0278662153
-0.0263873637
-0.0251052434
-0.0240944408
-0.0234324029
-0.0231678883
-0.0233309754
-0.0238726608
-0.0247267363
-0.0257193383
-0.0266913819
-0.0274622002
-0.0279271016
-0.0281740168
-0.0282398683
-0.0282451114
-0.0282417015
-0.0281931681
-0.0281279666
-0.0280560116
-0.0279735293
-0.0278393605
-0.0276184857
-0.0272786801
-0.0268036864
-0.0262256977
-0.0255581533
-0.0248286890
-0.0240658915
-0.0233007327
-0.0225677091
-0.0218983501
-0.0213202176
-0.0208620953
-0.0205537664
-0.0203851866
-0.0202584922
-0.0198719842
-0.0190401514
-0.0176773270
-0.0157889115
-0.0137358587
-0.0117487685
-0.0101069826
-0.0090292898
-0.0085232014
-0.0086512560
-0.0093215955
-0.0104971121
-0.0121521828
-0.0142160429
-0.0166001369
-0.0192049879
-0.0219255109
-0.0246562602
-0.0272843065
-0.0296850730
-0.0317669337
-0.0334929591
-0.0348770226
-0.0357008593
-0.0353374842
-0.0334494358
-0.0301938824
-0.0261225810
-0.0228041052
-0.0205441471
-0.0178916506
-0.0141475570
-0.0086290061
-0.0017221546
0.0040004462
0.0077690424
0.0103112688
0.0119381852
0.0138956356
0.0164940241
0.0189880944
0.0212569487
0.0230100097
0.0241272567
0.0248357500
0.0251977880
0.0254483983
0.0256888627
0.0258452017
0.0259631318
0.0260526239
0.0261345177
0.0262433987
0.0263935410
0.0266001779
0.0268730180
0.0272026634
0.0275889949
0.0280243442
0.0285011495
0.0290127016
0.0295479797
0.0300960532
0.0306450654
0.0311821268
0.0316971100
0.0321818469
0.0326229563
0.0330105567
0.0333450047
0.0336343532
0.0338434754
0.0338565968
0.0336042790
0.0330530016
0.0322164817
0.0312795261
0.0303852203
0.0297070679
0.0293006056
0.0289435924
0.0285176147
0.0278643248
0.0269496287
0.0259967264
0.0250718844
0.0242671886
0.0238072736
0.0241420522
0.0255786097
0.0282073352
0.0319558565
0.0361054342
0.0401236973
0.0433729885
0.0454842805
0.0467881914
0.0474152418
0.0478174838
0.0481928722
0.0483980431
0.0485450991
0.0486965610
0.0487943351
0.0485176813
0.0476289246
0.0459385786
0.0433988529
0.0403707266
0.0370630726
0.0337970012
0.0308875735
0.0286023592
0.0271859114
0.0266734316
0.0270978672
0.0282662730
0.0300128347
0.0320497713
0.0340696708
0.0357447606
0.0368530791
0.0374613033
0.0375770450
0.0373667020
0.0368996482
0.0361424544
0.0351471584
0.0339578309
0.0326242557
0.0311954952
0.0297143250
0.0282315209
0.0267977109
0.0254533020
0.0242353404
0.0231841839
0.0223542066
0.0217970859
0.0214714832
0.0211384786
0.0206331192
0.0197937061
0.0185531878
0.0171040447
0.0155380445
0.0140043564
0.0126343742
0.0115265073
0.0108539997
0.0108528234
0.0116922183
0.0134181188
0.0160019857
0.0191286194
0.0225682316
0.0259881406
0.0290413947
0.0314217631
0.0329587770
0.0338904090
0.0343526156
0.0346345330
0.0348908310
0.0350386717
0.0351366022
0.0352004811
0.0352467409
0.0352967485
0.0353552561
0.0354340406
0.0354992559
0.0354254417
0.0351194409
0.0344870306
0.0334857668
0.0322023360
0.0306755562
0.0289794747
0.0271903027
0.0253948255
0.0236837050
0.0221433576
0.0208687815
0.0199368440
0.0193777238
0.0190857150
0.0189603165
0.0188479457
0.0187874289
0.0192039849
0.0203251198
0.0222924060
0.0250804487
0.0281282815
0.0310552159
0.0334028015
0.0349349724
0.0359375219
0.0364086537
0.0363185392
0.0355639728
0.0338093728
0.0310290252
0.0275368790
0.0235037116
0.0192100867
0.0149165225
0.0109000608
0.0074758909
0.0049057104
0.0032984585
0.0023465479
0.0018458195
0.0014720698
0.0010405766
0.0006526654
0.0002513203
-0.0001728591
-0.0006246274
-0.0011002964
-0.0015752846
-0.0020343466
-0.0024696712
-0.0028654472
-0.0031597817
-0.0032755850
-0.0033515781
-0.0039587513
-0.0054571691
-0.0080746752
-0.0118027779
-0.0158784306
-0.0198017168
-0.0229564254
-0.0249609511
-0.0260706455
-0.0263592460
-0.0262402430
-0.0259120129
-0.0253091048
-0.0245568051
-0.0237564165
-0.0230357254
-0.0225162393
-0.0221714744
-0.0217011117
-0.0209386761
-0.0198195935
-0.0184247733
-0.0172504347
-0.0164773718
-0.0160146256
-0.0158386381
-0.0157170737
-0.0155853418
-0.0155157859
-0.0154752908
-0.0154556757
-0.0154477349
-0.0154489762
-0.0154427923
-0.0153614696
-0.0151544093
-0.0147673567
-0.0141736062
-0.0134130421
-0.0124967456
-0.0114569125
-0.0103333451
-0.0091702718
-0.0080056753
-0.0068630875
-0.0057739169
-0.0048190724
-0.0041491016
-0.0038362574
-0.0034386796
-0.0018595508
0.0006369832
0.0020030613
0.0019101282
0.0015417140
0.0010584833
0.0003371754
-0.0005990118
-0.0017993475
-0.0031864292
-0.0046632967
-0.0061763999
-0.0076877457
-0.0091598658
-0.0105477835
-0.0118083092
-0.0129034251
-0.0137860728
-0.0144149967
-0.0148121134
-0.0151330849
-0.0154871472
-0.0159911590
-0.0166990531
-0.0175043118
-0.0183664748
-0.0192093359
-0.0199633363
-0.0205721795
-0.0209581019
-0.0210463562
-0.0207849737
-0.0201951658
-0.0193219307
-0.0183318727
-0.0173661536
-0.0165876482
-0.0160917151
-0.0158005250
-0.0156810925
-0.0156179409
-0.0155538554
-0.0155255636
-0.0155325883
-0.0155983619
-0.0156412354
-0.0153735766
-0.0146202038
-0.0132754107
-0.0113513017
-0.0092416934
-0.0072117798
-0.0055869675
-0.0045545821
-0.0039414170
-0.0036823886
-0.0035410694
-0.0034096134
-0.0033626905
-0.0033543972
-0.0033731576
-0.0034043714
-0.0034309219
-0.0034549134
-0.0034812291
-0.0035093668
-0.0035374475
-0.0035600264
-0.0035769045
-0.0036070880
-0.0036774515
-0.0037214358
-0.0034845886
-0.0028032935
-0.0015742044
0.0001981235
0.0021493413
0.0040148593
0.0054621096
0.0063843554
0.0072188901
0.0082091006
0.0096896053
0.0117574011
0.0139397723
0.0159655408
0.0174842150
0.0184797940
0.0195909658
0.0209518274
0.0223418653
0.0235971481
0.0242943434
0.0244206584
0.0244855449
0.0245885703
0.0246319012
0.0246526548
0.0246589318
0.0246309722
0.0244143610
0.0238838222
0.0229238422
0.0214917106
0.0197322406
0.0177167976
0.0155717902
0.0134235188
0.0114071878
0.0096827858
0.0083872925
0.0075548170
0.0069643438
0.0064648553
0.0058553112
0.0050489338
0.0041999137
0.0033402123
0.0024932343
0.0016193169
0.0007413369
0.0003836140
0.0016054761
0.0040610340
0.0054764236
0.0054740898
0.0054419944
0.0056007827
0.0058137706
0.0059603111
0.0054810969
0.0041706000
0.0020939489
-0.0005078490
-0.0027194743
-0.0041936357
-0.0051608790
-0.0056997754
-0.0062893782
-0.0070767008
-0.0078672086
-0.0086913007
-0.0095195321
-0.0103335725
-0.0111033621
-0.0117676119
-0.0122797867
-0.0126203268
-0.0128388360
-0.0129649184
-0.0130544075
-0.0131402514
-0.0132054479
-0.0132580600
-0.0133039131
-0.0133486606
-0.0133955458
-0.0134433942
-0.0134913755
-0.0135392005
-0.0135871535
-0.0136350109
-0.0136829834
-0.0137312160
-0.0137804770
-0.0138311900
-0.0138823282
-0.0139317416
-0.0139846737
-0.0140440976
-0.0141012732
-0.0141380424
-0.0141547963
-0.0142142374
-0.0144062235
-0.0145369989
-0.0138579899
-0.0119425726
-0.0087999986
-0.0048697315
-0.0016975591
0.0004001023
0.0026707918
0.0057016855
0.0101678784
0.0157987082
0.0204634971
0.0234795461
0.0252178893
0.0257953071
0.0261592496
0.0265747018
0.0267501914
0.0268037449
0.0267655284
0.0266917487
0.0266267112
0.0265697378
0.0265161668
0.0264586724
0.0264024372
0.0263497092
0.0262984906
0.0262471605
0.0261952047
0.0261430024
0.0260911294
0.0260399404
0.0259885849
0.0259351225
0.0258792109
0.0258260654
0.0257845895
0.0257387772
0.0256226636
0.0253878246
0.0249939754
0.0244268887
0.0237403449
0.0229604934
0.0221323116
0.0213014325
0.0205195872
0.0198465973
0.0193347842
0.0189917318
0.0187154423
0.0184388687
0.0180752754
0.0175804104
0.0170116607
0.0163812903
0.0157192354
0.0150573094
0.0144326531
0.0138917848
0.0134769519
0.0131964350
0.0129740796
0.0127574515
0.0124754093
0.0120903573
0.0116349463
0.0111068601
0.0105215848
0.0098931024
0.0092365374
0.0085778268
0.0079420418
0.0073533209
0.0068301075
0.0063832335
0.0060135465
0.0057673004
0.0057819768
0.0061483170
0.0069223865
0.0081048253
0.0095332273
0.0111095723
0.0126785680
0.0140628814
0.0150994799
0.0157428899
0.0162563005
0.0167984095
0.0175610947
0.0186108491
0.0197039702
0.0207313613
0.0215324096
0.0220214610
0.0222986806
0.0223946188
0.0224296783
0.0224547865
0.0224314941
0.0224010480
0.0223969005
0.0223660284
0.0220732698
0.0213477658
0.0200348626
0.0180759468
0.0156677485
0.0129117524
0.0099805138
0.0070407247
0.0042774215
0.0019227910
0.0001776776
-0.0009461033
-0.0018779492
-0.0028738837
-0.0041352165
-0.0056563356
-0.0069013214
-0.0077198281
-0.0082123903
-0.0084113921
-0.0085609465
-0.0087249866
-0.0088278395
-0.0089001434
-0.0089513563
-0.0089944936
-0.0090380296
-0.0090845043
-0.0091414333
-0.0091934220
-0.0091796256
-0.0090566826
-0.0087853872
-0.0083519764
-0.0078149899
-0.0072015418
-0.0065387235
-0.0058409801
-0.0051576434
-0.0046436997
-0.0044824773
-0.0043654598
-0.0030162096
0.0002622514
0.0055074001
0.0121566652
0.0178068815
0.0215003789
0.0236780255
0.0244381006
0.0249249125
0.0254703299
0.0257095347
0.0258025683
0.0258015867
0.0257438857
0.0255524169
0.0251348533
0.0244337777
0.0234494777
0.0223744530
0.0213448597
0.0205279355
0.0199905167
0.0195619487
0.0191470357
0.0185728934
0.0177636702
0.0168107022
0.0157149327
0.0145223536
0.0132781376
0.0120299324
0.0108269760
0.0097256786
0.0088213188
0.0082089468
0.0077997560
0.0071135203
0.0058365633
0.0037219353
0.0007250370
-0.0025322879
-0.0055695925
-0.0078193851
-0.0093678846
-0.0115481727
-0.0146403841
-0.0179336275
-0.0209002567
-0.0224253324
-0.0223240680
-0.0217015663
-0.0207657937
-0.0194494631
-0.0179136068
-0.0162946092
-0.0148165761
-0.0136810722
-0.0129773101
-0.0125795114
-0.0124131352
-0.0123349850
-0.0122706675
-0.0122642809
-0.0122835955
-0.0123166442
-0.0123551972
-0.0123930497
-0.0124310375
-0.0124670132
-0.0125012470
-0.0125349029
-0.0125684809
-0.0126020300
-0.0126353945
-0.0126685662
-0.0127016271
-0.0127346344
-0.0127674079
-0.0127996771
-0.0128313601
-0.0128636535
-0.0128977952
-0.0129333670
-0.0129651889
-0.0129906379
-0.0130232713
-0.0130866876
-0.0131349689
-0.0129820914
-0.0124952276
-0.0115556896
-0.0101179940
-0.0083337109
-0.0062799985
-0.0040908842
-0.0018996830
0.0001516518
0.0018982562
0.0032026259
0.0040140331
0.0045114385
0.0048178366
0.0051150684
0.0054995892
0.0059023556
0.0063509163
0.0068409508
0.0073512163
0.0078452691
0.0082852895
0.0086868428
0.0091229449
0.0096052513
0.0097101318
0.0085080564
0.0063255115
0.0052166607
0.0055914435
0.0063812309
0.0074477199
0.0087740175
0.0102547951
0.0118088724
0.0132342742
0.0143364352
0.0150218473
0.0154112637
0.0155781103
0.0156627303
0.0157359102
0.0157548300
0.0157484484
0.0157235845
0.0156942953
0.0156814493
0.0156651609
0.0155592742
0.0152988710
0.0148236807
0.0141062192
0.0132036418
0.0121397021
0.0109644241
0.0097291022
0.0084906294
0.0073105459
0.0062460561
0.0053539045
0.0046759060
0.0042448167
0.0040638976
0.0041371843
0.0044323944
0.0049169358
0.0055324009
0.0062195557
0.0069072386
0.0075245518
0.0080096261
0.0083100268
0.0084114993
0.0082965925
0.0079763303
0.0074571386
0.0067580986
0.0059071115
0.0049378685
0.0038828861
0.0027844654
0.0016858474
0.0006267850
-0.0003549489
-0.0012211434
-0.0019308191
-0.0024553613
-0.0027932211
-0.0030041174
-0.0031138083
-0.0031295828
-0.0030498708
-0.0028266692
-0.0024576580
-0.0019807019
-0.0014117323
-0.0007833209
-0.0001226267
0.0005407457
0.0011775663
0.0017557872
0.0022257332
0.0025415180
0.0027393696
0.0030236417
0.0035334816
0.0044012842
0.0056717883
0.0071623035
0.0087818700
0.0103812907
0.0118032624
0.0129039980
0.0135989728
0.0140020217
0.0141784556
0.0142699126
0.0143530560
0.0143836886
0.0143848179
0.0143677302
0.0143539494
0.0143669257
0.0143659291
0.0142055579
0.0137948610
0.0130786412
0.0120569554
0.0109336137
0.0098637052
0.0090358682
0.0084925691
0.0079428000
0.0072490937
0.0062839252
0.0050483941
0.0039464435
0.0032717448
0.0033967103
0.0043697056
0.0055342338
0.0065611379
0.0071621988
0.0072571947
0.0073383611
0.0074795907
0.0075583752
0.0076041727
0.0076119665
0.0076002557
0.0075599990
0.0074695892
0.0073012634
0.0070404967
0.0067020998
0.0062861296
0.0057958149
0.0052364338
0.0046159521
0.0039450758
0.0032366846
0.0025036090
0.0017562861
0.0010072406
0.0002691958
-0.0004414752
-0.0011062436
-0.0017193673
-0.0022893903
-0.0028245922
-0.0032917372
-0.0035780921
-0.0035926379
-0.0037153127
-0.0050421854
-0.0077227184
-0.0106456954
-0.0133147012
-0.0153833302
-0.0169861301
-0.0193017697
-0.0223187989
-0.0248364842
-0.0264811391
-0.0272213624
-0.0270240565
-0.0262823928
-0.0250888715
-0.0234409687
-0.0214666927
-0.0193122156
-0.0171386195
-0.0151093224
-0.0133798736
-0.0120760436
-0.0112549887
-0.0107800261
-0.0105611943
-0.0104458453
-0.0103469061
-0.0103069704
-0.0102955251
-0.0103015378
-0.0103116755
-0.0103002618
-0.0102558678
-0.0101639686
-0.0100181934
-0.0098237066
-0.0095790572
-0.0092889965
-0.0089597749
-0.0085975643
-0.0082101339
-0.0078051737
-0.0073899587
-0.0069732467
-0.0065661177
-0.0061751649
-0.0058064722
-0.0054710337
-0.0051774095
-0.0049270757
-0.0047228711
-0.0045689980
-0.0044770002
-0.0044723191
-0.0045747485
-0.0051596649
-0.0055512838
-0.0060432443
-0.0066210591
-0.0072589624
-0.0079272859
-0.0085961129
-0.0092339121
-0.0098117201
-0.0103000619
-0.0106752440
-0.0109173643
-0.0110208003
-0.0109804256
-0.0108009355
-0.0104909461
-0.0100695750
-0.0095574857
-0.0089827925
-0.0083724948
-0.0077602586
-0.0071869507
-0.0066815967
-0.0062518609
-0.0058925833
-0.0056845007
-0.0058599622
-0.0065591356
-0.0078419925
-0.0096745836
-0.0116938389
-0.0136377983
-0.0151931238
-0.0161784887
-0.0167578189
-0.0170055818
-0.0171554247
-0.0172830937
-0.0172320813
-0.0169868881
-0.0165007850
-0.0157577070
-0.0148294821
-0.0137446761
-0.0125555680
-0.0113132153
-0.0100676994
-0.0088679058
-0.0077799821
-0.0069208162
-0.0063834473
-0.0059932264
-0.0051298362
-0.0036577947
-0.0020544191
-0.0006271430
0.0000985192
0.0000142538
-0.0003230101
-0.0008282371
-0.0015941904
-0.0025823680
-0.0037762643
-0.0051125785
-0.0065236874
-0.0079658356
-0.0093990063
-0.0107786354
-0.0120622043
-0.0132067096
-0.0141792662
-0.0149551453
-0.0155211339
-0.0158328310
-0.0157923190
-0.0153327789
-0.0144123751
-0.0130311160
-0.0113173294
-0.0093629858
-0.0072991720
-0.0052496518
-0.0033448661
-0.0017326195
-0.0005326663
0.0002119788
0.0006603510
0.0009166941
0.0011411620
0.0014232076
0.0017076921
0.0020173251
0.0023515530
0.0027072034
0.0030764114
0.0034421176
0.0037895555
0.0041018855
0.0043646107
0.0045629866
0.0046880433
0.0047394347
0.0047385415
0.0046990217
0.0046427356
0.0045818223
0.0045105355
0.0044335252
0.0043554492
0.0042771883
0.0041965580
0.0041138171
0.0040313366
0.0039494309
0.0038657672
0.0037810812
0.0036968728
0.0036120678
0.0035266973
0.0034396012
0.0033514440
0.0032615698
0.0031697398
0.0030821595
0.0030076746
0.0029238112
0.0027404865
0.0023959556
0.0018352560
0.0010415163
0.0000922753
-0.0009712761
-0.0020830157
-0.0031821075
-0.0042008734
-0.0050484352
-0.0056452186
-0.0060173034
-0.0064182242
-0.0069881233
-0.0077942457
-0.0087856747
-0.0095871681
-0.0100738453
-0.0103139474
-0.0103231662
-0.0102657743
-0.0101879349
-0.0100413164
-0.0098473254
-0.0096139997
-0.0093542198
-0.0090786046
-0.0087905110
-0.0084929948
-0.0081888790
-0.0078815180
-0.0075738397
-0.0072693885
-0.0069725737
-0.0066882076
-0.0064180486
-0.0061636010
-0.0059292328
-0.0057174787
-0.0055302199
-0.0053695181
-0.0052360324
-0.0051291442
-0.0050491043
-0.0049890014
-0.0049422005
-0.0049010345
-0.0048607806
-0.0048221759
-0.0047847737
-0.0047485635
-0.0047119667
-0.0046737393
-0.0046347781
-0.0045954086
-0.0045569087
-0.0045191139
-0.0044805973
-0.0044371442
-0.0043950383
-0.0043800239
-0.0044094954
-0.0045002634
-0.0046582256
-0.0048644716
-0.0051096178
-0.0053778218
-0.0056533944
-0.0059206644
-0.0061643452
-0.0063688106
-0.0065117559
-0.0065723559
-0.0065702532
-0.0066125189
-0.0067703349
-0.0071049108
-0.0076314066
-0.0082503292
-0.0089114273
-0.0095371832
-0.0100483586
-0.0103772318
-0.0104930931
-0.0104755818
-0.0103739435
-0.0102703750
-0.0102063023
-0.0101507666
-0.0101141451
-0.0100924542
-0.0100793334
-0.0100681926
-0.0100479336
-0.0100084335
-0.0099393236
-0.0098337598
-0.0096866757
-0.0094954583
-0.0092509348
-0.0089324242
-0.0085274363
-0.0080278271
-0.0074346319
-0.0067737326
-0.0060608219
-0.0053202612
-0.0045768612
-0.0038549793
-0.0031768441
-0.0025621934
-0.0020352005
-0.0016179450
-0.0012955806
-0.0009776488
-0.0006041788
-0.0001131450
0.0005209899
0.0012443615
0.0020389133
0.0028677501
0.0036942803
0.0044827080
0.0051958308
0.0058013782
0.0062671757
0.0065719455
0.0067165579
0.0067504047
0.0067073150
0.0066325331
0.0065511341
0.0064537098
0.0063492651
0.0062412942
0.0061318101
0.0060230144
0.0059151579
0.0058084135
0.0057026959
0.0055975378
0.0054928523
0.0053883631
0.0052845407
0.0051817867
0.0050797919
0.0049785335
0.0048779039
0.0047780499
0.0046789116
0.0045805856
0.0044830023
0.0043862820
0.0042903715
0.0041953470
0.0041010584
0.0040075426
0.0039148593
0.0038235167
0.0037329386
0.0036406044
0.0035446240
0.0034430849
0.0033357946
0.0032245112
0.0031095240
0.0029914945
0.0028716471
0.0027509828
0.0026303054
0.0025107004
0.0023932052
0.0022787650
0.0021681116
0.0020617526
0.0019602852
0.0018643579
0.0017744215
0.0016907497
0.0016135703
0.0015429718
0.0014790452
0.0014216470
0.0013706985
0.0013258874
0.0012868554
0.0012533910
0.0012252713
0.0012019946
0.0011827297
0.0011660798
0.0011508188
0.0011356901
0.0011200394
0.0011041660
0.0010880011
0.0010713231
0.0010540076
0.0010360718
0.0010175328
0.0009984225
0.0009787286
0.0009584692
0.0009376328
0.0009162422
0.0008942901
0.0008717978
0.0008487578
0.0008251899
0.0008010898
0.0007764748
0.0007513425
0.0007257115
0.0006995811
0.0006729661
0.0006458606
0.0006182762
0.0005902111
0.0005616989
0.0005327504
0.0005032752
0.0004734176
0.0004438638
0.0004149783
0.0003869940
0.0003597994
0.0003327511
0.0003055210
0.0002777192
0.0002490135
0.0002191359
0.0001878962
0.0001551658
0.0001208685
0.0000849940
0.0000475958
0.0000088113
-0.0000312100
-0.0000722921
-0.0001141822
-0.0001564527
-0.0001988230
-0.0002410476
-0.0002830084
-0.0003247403
-0.0003662195
-0.0004074358
-0.0004483775
-0.0004890375
-0.0005294618
-0.0005697666
-0.0006099859
-0.0006501072
-0.0006900729
-0.0007297478
-0.0007690820
-0.0008080391
-0.0008466141
-0.0008848352
-0.0009227608
-0.0009605024
-0.0009981187
-0.0010356555
-0.0010731228
-0.0011104981
-0.0011477810
-0.0011849696
-0.0012220641
-0.0012590675
-0.0012959842
-0.0013328191
-0.0013695769
-0.0014062630
-0.0014428807
-0.0014794333
-0.0015159199
-0.0015523405
-0.0015886904
-0.0016249645
-0.0016611571
-0.0016972617
-0.0017332717
-0.0017691823
-0.0018049861
-0.0018406773
-0.0018762511
-0.0019117000
-0.0019470200
-0.0019822054
