0.0029224153
0.0030025892
0.0030767603
0.0031530069
0.0032317452
0.0032806360
0.0033010045
0.0033176100
0.0033534458
0.0034635003
0.0036516631
0.0038712462
0.0040553404
0.0040885519
0.0040497898
0.0040341170
0.0040384282
0.0039985498
0.0040772415
0.0042729999
0.0044330300
0.0046376807
0.0045936610
0.0044356928
0.0041647335
0.0036658803
0.0032168853
0.0031779439
0.0037260227
0.0045809676
0.0049734676
0.0049988483
0.0049857674
0.0046643107
0.0038854789
0.0030972329
0.0032646500
0.0043944780
0.0062286519
0.0082427410
0.0095759865
0.0103848550
0.0104157892
0.0096363628
0.0088206311
0.0080305007
0.0070517564
0.0060112557
0.0048990746
0.0043485359
0.0054935412
0.0077707328
0.0093269819
0.0092813377
0.0084324573
0.0072625037
0.0059798267
0.0058426912
0.0063254004
0.0055043207
0.0036965663
0.0027214527
0.0014153594
-0.0002725914
0.0000359516
0.0039807386
0.0101303715
0.0161928411
0.0193286779
0.0174426002
0.0137062198
0.0118168662
0.0123038313
0.0146995153
0.0164554037
0.0147356948
0.0089184890
0.0021360550
-0.0016354616
-0.0006980373
0.0036487196
0.0109485405
0.0181245434
0.0234003529
0.0254411182
0.0248097844
0.0211908834
0.0148183187
0.0071042278
-0.0005877089
-0.0066756838
-0.0095960584
-0.0095740967
-0.0058528690
0.0023426389
0.0121315864
0.0175592608
0.0167288039
0.0122814524
0.0081819408
0.0062698009
0.0040590907
0.0011687955
-0.0006801332
-0.0006859916
0.0017229404
0.0049350388
0.0083300488
0.0107188523
0.0090525147
0.0025331773
-0.0060137137
-0.0139864654
-0.0194553743
-0.0190611170
-0.0114066859
0.0018563407
0.0144612148
0.0225154362
0.0265777685
0.0238342456
0.0144155532
0.0043645839
-0.0032543330
-0.0085825415
-0.0131381436
-0.0146876150
-0.0107166435
-0.0029754943
0.0047525257
0.0099594606
0.0118916866
0.0091164952
0.0025787478
-0.0056549321
-0.0122657442
-0.0134202787
-0.0084753643
0.0003170782
0.0094973002
0.0173840516
0.0234470156
0.0266935156
0.0252330734
0.0200945628
0.0165999626
0.0155665592
0.0142060680
0.0135065366
0.0160673735
0.0206541935
0.0239610201
0.0220416174
0.0150945852
0.0051417257
-0.0036510777
-0.0076965951
-0.0059283446
-0.0017591368
0.0023853836
0.0068303730
0.0107816904
0.0129678236
0.0121069789
0.0100503504
0.0088187120
0.0071078118
0.0051901813
0.0049942326
0.0085880675
0.0164406841
0.0267649724
0.0360804181
0.0413112513
0.0419071736
0.0389433850
0.0346128385
0.0291530200
0.0228200310
0.0146969137
0.0054192465
-0.0050658362
-0.0155919626
-0.0232307855
-0.0263329342
-0.0238161146
-0.0156280834
-0.0063439411
0.0010173062
0.0069429138
0.0108415797
0.0133767771
0.0165199857
0.0195103644
0.0221031037
0.0228056223
0.0209000277
0.0185063546
0.0171596117
0.0185063580
0.0212355689
0.0207326812
0.0147767843
0.0052053011
-0.0058333075
-0.0128521080
-0.0099021501
0.0046097524
0.0261894233
0.0480345478
0.0655788632
0.0732483884
0.0710567318
0.0587082800
0.0335226609
0.0037796273
-0.0240798727
-0.0452034044
-0.0526569485
-0.0463275336
-0.0271897512
-0.0021762490
0.0197338963
0.0330617545
0.0342507306
0.0213755247
-0.0021655532
-0.0263560105
-0.0419239153
-0.0465271875
-0.0410709413
-0.0253505836
0.0019581403
0.0259713013
0.0365875018
0.0396000719
0.0359122701
0.0245176180
0.0095388769
-0.0019376702
-0.0061103166
-0.0065100818
-0.0086134072
-0.0137650598
-0.0220332293
-0.0340964134
-0.0487501172
-0.0611235534
-0.0644695582
-0.0557612515
-0.0357236382
-0.0131479394
0.0045576453
0.0154447278
0.0243084905
0.0323055559
0.0372277243
0.0379074055
0.0303526097
0.0129091944
-0.0064901977
-0.0196898616
-0.0227727560
-0.0155987188
-0.0051225381
-0.0005585849
-0.0044348314
-0.0106172721
-0.0117126214
-0.0040028174
0.0086992825
0.0184284798
0.0168412854
0.0046032817
-0.0145886210
-0.0358428459
-0.0562963360
-0.0743497605
-0.0846716505
-0.0867376589
-0.0817579997
-0.0675817240
-0.0359712164
0.0032877113
0.0364720858
0.0543978133
0.0589802325
0.0542113749
0.0428031468
0.0247453517
0.0023809199
-0.0195233498
-0.0349777515
-0.0407670091
-0.0386066489
-0.0286858444
-0.0148886299
-0.0039268395
0.0020839135
0.0026561612
0.0002829513
-0.0027392501
-0.0073965742
-0.0144243867
-0.0232200415
-0.0306368542
-0.0358103434
-0.0400491966
-0.0458928481
-0.0542764256
-0.0630478349
-0.0686622171
-0.0693278757
-0.0655338574
-0.0546448014
-0.0366732145
-0.0169023940
-0.0025029140
0.0037456592
0.0020830372
-0.0054377347
-0.0148166964
-0.0253535949
-0.0367288234
-0.0444177794
-0.0443385764
-0.0348869438
-0.0188359880
-0.0036088304
0.0042233681
0.0043159472
0.0000030809
-0.0033959782
-0.0025298468
0.0026276978
0.0104213205
0.0164702479
0.0175797338
0.0121373297
-0.0022433287
-0.0219817946
-0.0383234732
-0.0463243507
-0.0450314833
-0.0312953295
-0.0089700849
0.0083585663
0.0174251143
0.0185894473
0.0109773633
-0.0007851893
-0.0103827101
-0.0166630516
-0.0188072373
-0.0180578890
-0.0169252543
-0.0164979397
-0.0175138492
-0.0222180339
-0.0316943212
-0.0452191753
-0.0598974342
-0.0717597224
-0.0803643071
-0.0868544341
-0.0915230689
-0.0965494004
-0.1029818596
-0.1090565642
-0.1112845066
-0.1098910429
-0.1061172932
-0.1014525346
-0.0981983493
-0.0985903931
-0.1034852157
-0.1135642003
-0.1254079368
-0.1338719814
-0.1348418868
-0.1221435062
-0.0904180468
-0.0468565385
-0.0128560750
0.0050965302
0.0129420204
0.0129575834
0.0069090724
-0.0027570533
-0.0107864145
-0.0091402938
0.0035542732
0.0202476285
0.0328833539
0.0414825995
0.0490317204
0.0550844112
0.0601565327
0.0684599821
0.0847255201
0.1114878290
0.1446049325
0.1672740512
0.1638772964
0.1108292164
0.0042284886
-0.0727021537
-0.1052904033
-0.1224483727
-0.1338489784
-0.1347045569
-0.1180107077
-0.0929787778
-0.0758709335
-0.0743831352
-0.0867131949
-0.1056711136
-0.1248867167
-0.1373518096
-0.1388133055
-0.1214918637
-0.0416004388
0.0752989845
0.1519396243
0.1923134536
0.2165066418
0.2212050633
0.2024211964
0.1565181296
0.0862873221
0.0116067570
-0.0247147069
-0.0238060022
-0.0082779893
0.0079791936
0.0097284812
-0.0245542508
-0.0877192202
-0.1409713285
-0.1720859984
-0.2014470621
-0.2318353692
-0.2510311596
-0.2576719986
-0.2529013188
-0.2433635191
-0.2309412091
-0.2136146425
-0.1869577685
-0.1543623820
-0.1285269343
-0.1225388472
-0.1314301649
-0.1408382168
-0.1431395856
-0.1329951454
-0.0972530265
-0.0287734237
0.0447170692
0.1039843491
0.1513307484
0.1886090855
0.2166139866
0.2394123155
0.2644331492
0.2869304878
0.3028465616
0.3273026766
0.3685963778
0.3970351220
0.3836954790
0.3427244093
0.3093503989
0.2946824444
0.2760030783
0.2305960824
0.1703240093
0.1139760580
0.0655108319
0.0369361659
0.0281061100
0.0300309872
0.0405386156
0.0575167402
0.0752361442
0.0944311863
0.1145079581
0.1294435350
0.1411901514
0.1517474718
0.1606182631
0.1672242146
0.1709040949
0.1714108906
0.1654956480
0.1440931743
0.0893758755
-0.0350556412
-0.1777202783
-0.2239263938
-0.1979708151
-0.1960548648
-0.2242592998
-0.2401947585
-0.2205819636
-0.1830589993
-0.1430528563
-0.1090190218
-0.0884953264
-0.0795534894
-0.0873169630
-0.1204440336
-0.1640729279
-0.1826341802
-0.1484443790
-0.1092010790
-0.0834052592
-0.0638961624
-0.0389143926
-0.0054645665
0.0130736186
0.0396072470
0.0900238916
0.1470548765
0.2117508407
0.2820134029
0.3550500955
0.4165284710
0.4593341602
0.4868876395
0.4959209549
0.4785169060
0.4321540559
0.3622324048
0.2760742157
0.1890691102
0.1163116303
0.0568862340
0.0092772544
-0.0267933522
-0.0540150623
-0.0717574070
-0.0807417577
-0.0804760797
-0.0696903712
-0.0614369477
-0.0583435824
-0.0445424441
-0.0226240797
0.0022262249
0.0265634671
0.0420496785
0.0413226928
0.0198615850
-0.0097236641
-0.0421541473
-0.0757107990
-0.1075258598
-0.1367970350
-0.1616452557
-0.1827072639
-0.1994576012
-0.2109735722
-0.2169517870
-0.2176893086
-0.2059520354
-0.1817172644
-0.1510930269
-0.1181423008
-0.0863125025
-0.0587799670
-0.0383668257
-0.0248867659
-0.0138897690
0.0050438227
0.0398261803
0.0825507023
0.1220509293
0.1520548646
0.1740836427
0.1838411176
0.1784070504
0.1591126874
0.1239307455
0.0673140290
-0.0050509130
-0.0778399180
-0.1366778858
-0.1782954158
-0.2112999838
-0.2351950874
-0.2402468445
-0.2158672323
-0.1776147932
-0.1363164092
-0.0917750026
-0.0561388090
-0.0293510071
-0.0051785069
0.0129018539
0.0198493138
0.0083101915
-0.0331023639
-0.0885423426
-0.1287708172
-0.1485479596
-0.1648980053
-0.1802293883
-0.1907964080
-0.1931493362
-0.1839014010
-0.1663885775
-0.1446953757
-0.1224845503
-0.1002428338
-0.0740392791
-0.0426936617
-0.0085770655
0.0265157320
0.0600371600
0.0851657763
0.0946426552
0.0891024751
0.0737228623
0.0548260984
0.0381846741
0.0229840000
0.0039091478
-0.0206391910
-0.0451584637
-0.0709155899
-0.1000516076
-0.1290372998
-0.1542280839
-0.1780831125
-0.1985373207
-0.2094129236
-0.2068640762
-0.1860551437
-0.1521550284
-0.1171601650
-0.0863308179
-0.0600332926
-0.0355085123
-0.0090817325
0.0098246505
0.0169434601
0.0187033396
0.0189432192
0.0240669592
0.0356459104
0.0507990012
0.0580542994
0.0567715371
0.0524355663
0.0438121365
0.0303207075
0.0105443607
-0.0043837849
-0.0070010897
-0.0009047210
0.0060422335
0.0080501536
0.0055608538
0.0072639144
0.0155768770
0.0300284816
0.0517777409
0.0802164436
0.1134932137
0.1473789522
0.1770430123
0.2005997709
0.2071103059
0.2035303717
0.1941191544
0.1787711974
0.1625632807
0.1606153883
0.1661324502
0.1646975542
0.1613867955
0.1643149534
0.1694633119
0.1752984208
0.1842114264
0.1957674704
0.2083444334
0.2154374497
0.2132415667
0.2050649212
0.1953133786
0.1894758964
0.1997106500
0.2356545696
0.2710520131
0.2869369192
0.2924146075
0.2871450252
0.2645582206
0.2245571483
0.1634838390
0.0730737291
-0.0279538536
-0.1032713979
-0.1471380581
-0.1655241280
-0.1555627298
-0.1101363620
-0.0549536981
-0.0089655021
0.0280506427
0.0510426765
0.0591825313
0.0633333132
0.0665470180
0.0597811738
0.0479156163
0.0407651000
0.0399641908
0.0434613621
0.0486267796
0.0505254418
0.0451372164
0.0337731476
0.0132435544
-0.0190634655
-0.0565459490
-0.0945198361
-0.1301739881
-0.1658333882
-0.2068533760
-0.2506191919
-0.2932047946
-0.3377972442
-0.3806681403
-0.4111857591
-0.4333204993
-0.4589947096
-0.4837701244
-0.5124201722
-0.5353454233
-0.5487307786
-0.5601366491
-0.5586425761
-0.5673878942
-0.5556776575
-0.4393331926
-0.3419738082
-0.3268148136
-0.2938817206
-0.2255523793
-0.1584585880
-0.1057712106
-0.0713220724
-0.0574881220
-0.0589348805
-0.0525301830
-0.0166878748
0.0444028276
0.1286139485
0.2273160223
0.3064418788
0.3781199269
0.4416120603
0.4942852807
0.5326887793
0.5305539980
0.5481253560
0.5310491520
0.3619850923
0.1882594229
0.1032401809
0.0829684611
0.0909933672
0.1147578727
0.1587594605
0.2051142779
0.2366233605
0.2565687649
0.2746237819
0.2931525021
0.3096060201
0.3205183450
0.3246423675
0.3210000339
0.3122273341
0.3029356654
0.2958024759
0.2906683367
0.2852731492
0.2756348598
0.2596845931
0.2379449228
0.2087066921
0.1731705223
0.1338158579
0.0905048857
0.0500252203
0.0156641481
-0.0110275426
-0.0263177176
-0.0258947724
-0.0155942146
-0.0081442434
-0.0082345236
-0.0115819860
-0.0173610311
-0.0267504614
-0.0384673320
-0.0504650257
-0.0611804252
-0.0694879592
-0.0731048472
-0.0712308798
-0.0651654690
-0.0557495978
-0.0478827943
-0.0446629943
-0.0484784648
-0.0595634120
-0.0749942360
-0.0918188187
-0.1084958268
-0.1239359560
-0.1396890174
-0.1575171864
-0.1774880150
-0.2001317829
-0.2253185181
-0.2533201667
-0.2801445715
-0.3088133059
-0.3352012303
-0.3494076192
-0.3510408604
-0.3413916575
-0.3201616867
-0.2873512547
-0.2551314147
-0.2281875826
-0.2048470583
-0.1829438521
-0.1598861959
-0.1309048151
-0.0939637247
-0.0455964309
0.0147500110
0.0833668189
0.1520846439
0.2140001884
0.2679507273
0.3108378688
0.3432963903
0.3647070810
0.3769228180
0.3817085084
0.3791376234
0.3675069215
0.3462441166
0.3133671114
0.2620481195
0.1812190401
0.0823799895
-0.0075372073
-0.0761538365
-0.1290076140
-0.1700027079
-0.2006465210
-0.2200194711
-0.2283087889
-0.2226494989
-0.1978284902
-0.1578972522
-0.1201967994
-0.0948789707
-0.0764108774
-0.0615082524
-0.0518753388
-0.0524619473
-0.0652022784
-0.0952623810
-0.1515627945
-0.2222605926
-0.2883555176
-0.3345738775
-0.3614792470
-0.3752836160
-0.3756950265
-0.3552175484
-0.3111549960
-0.2611565736
-0.2229868464
-0.1946591338
-0.1736334142
-0.1584778811
-0.1440690426
-0.1234680247
-0.0941070967
-0.0548600027
-0.0069848709
0.0515051602
0.1098991221
0.1585334993
0.1956541421
0.2192950620
0.2304729701
0.2325600634
0.2284612106
0.2213384489
0.2120648714
0.2014893514
0.1900247664
0.1771569446
0.1606354208
0.1385968574
0.1099101912
0.0732687738
0.0288278879
-0.0162517106
-0.0564859796
-0.0832925710
-0.0978462300
-0.1045179795
-0.1020690051
-0.0916816992
-0.0757982365
-0.0660433119
-0.0657363384
-0.0726311793
-0.0843630658
-0.0974272588
-0.1091010737
-0.1184570707
-0.1240535656
-0.1261142207
-0.1251259845
-0.1218440512
-0.1178049993
-0.1133005436
-0.1097369028
-0.1061677372
-0.1023799606
-0.0963976852
-0.0896882909
-0.0837752083
-0.0782634444
-0.0729907377
-0.0669902311
-0.0563332721
-0.0386992602
-0.0156037437
0.0169324874
0.0587544239
0.1013540509
0.1388903831
0.1630193110
0.1761830820
0.1854818733
0.1945064657
0.2068452002
0.2222911769
0.2380125095
0.2513978265
0.2612963965
0.2668769881
0.2703499941
0.2726292668
0.2750198678
0.2787754637
0.2822775998
0.2817687729
0.2759165314
0.2645549214
0.2488631102
0.2341175910
0.2231556044
0.2157389000
0.2125353067
0.2139363766
0.2184281339
0.2212406730
0.2158438922
0.2039971422
0.1887576112
0.1715761659
0.1541949174
0.1366424095
0.1174192033
0.0976469629
0.0747708127
0.0452546019
0.0101397811
-0.0282110551
-0.0646872421
-0.0961665396
-0.1217285618
-0.1418277926
-0.1535317296
-0.1607810864
-0.1699909396
-0.1840083632
-0.2044737309
-0.2281834386
-0.2496073928
-0.2631246566
-0.2691052217
-0.2697617182
-0.2649995371
-0.2518388309
-0.2333909970
-0.2173973475
-0.2075137168
-0.2075641239
-0.2176199584
-0.2309444769
-0.2427419137
-0.2520413904
-0.2559392858
-0.2509607344
-0.2392543382
-0.2227341256
-0.2007342400
-0.1715017484
-0.1375448441
-0.1041509331
-0.0749571127
-0.0531802511
-0.0365064428
-0.0219020403
-0.0072854816
0.0079062915
0.0237120155
0.0399321606
0.0553850380
0.0710313631
0.0878989216
0.1087986471
0.1342942525
0.1596140774
0.1819674244
0.2018851331
0.2200317016
0.2356647458
0.2472564510
0.2546956864
0.2567310230
0.2534329943
0.2463675605
0.2368304378
0.2255377985
0.2098166461
0.1832384942
0.1497709142
0.1163730730
0.0850371504
0.0618415305
0.0480657848
0.0370580178
0.0260881298
0.0143629646
0.0012184933
-0.0124634750
-0.0250181587
-0.0336335623
-0.0371621579
-0.0366637807
-0.0354257226
-0.0354265068
-0.0395786193
-0.0484290066
-0.0616592289
-0.0798891473
-0.1003671632
-0.1208342005
-0.1401292977
-0.1549718429
-0.1610461381
-0.1552888421
-0.1358263723
-0.1100566083
-0.0861018335
-0.0660419392
-0.0563317737
-0.0571470912
-0.0637514240
-0.0746267583
-0.0860603086
-0.0920169890
-0.0905583456
-0.0826770749
-0.0687444388
-0.0512252420
-0.0352295781
-0.0214066587
-0.0079483974
0.0035452529
0.0144906840
0.0240283395
0.0325504784
0.0421100237
0.0525158521
0.0608782519
0.0659879144
0.0645118460
0.0533283153
0.0337930477
0.0139013723
0.0013662966
-0.0031276570
-0.0030002670
0.0006268792
0.0080831297
0.0171553749
0.0239354906
0.0250098135
0.0191689976
0.0081850829
-0.0024161300
-0.0107808451
-0.0165255776
-0.0197142159
-0.0196067392
-0.0161931065
-0.0118088147
-0.0088097256
-0.0076344545
-0.0086404907
-0.0116782281
-0.0151969286
-0.0171859884
-0.0191010471
-0.0225164542
-0.0253204728
-0.0283860522
-0.0325299417
-0.0382127889
-0.0456961852
-0.0542898688
-0.0628551129
-0.0687608243
-0.0690265964
-0.0592036285
-0.0366933574
-0.0089136462
0.0155357917
0.0307302473
0.0341218375
0.0281345512
0.0145466540
-0.0025914608
-0.0152599520
-0.0183105191
-0.0115203318
0.0015882536
0.0154043337
0.0263643374
0.0311444415
0.0293399953
0.0220624745
0.0119991925
0.0000127829
-0.0096215658
-0.0168605081
-0.0234674334
-0.0297847645
-0.0360704928
-0.0418608046
-0.0458326621
-0.0451415575
-0.0393129675
-0.0313297621
-0.0213135529
-0.0098209027
-0.0001538168
0.0062305043
0.0074528998
0.0048082421
-0.0011363247
-0.0084118429
-0.0134063603
-0.0158885424
-0.0162449689
-0.0140294962
-0.0109723771
-0.0081140658
-0.0058320502
-0.0038721070
-0.0008536970
0.0038191292
0.0108180036
0.0204329978
0.0304754634
0.0390371571
0.0450277255
0.0486755281
0.0491011866
0.0452031744
0.0383075260
0.0307666710
0.0234941068
0.0180062383
0.0165587232
0.0194741556
0.0255422244
0.0325240418
0.0386663284
0.0430363066
0.0452535036
0.0454089505
0.0425425079
0.0368020901
0.0301249111
0.0235873139
0.0187366756
0.0169039511
0.0159352693
0.0140597025
0.0128499710
0.0124890766
0.0122131589
0.0122906464
0.0135383190
0.0170607345
0.0208701237
0.0244818825
0.0282147503
0.0292693921
0.0264182933
0.0221194207
0.0158761009
0.0060336203
-0.0069487338
-0.0195801307
-0.0294491267
-0.0372450402
-0.0425191857
-0.0452680961
-0.0460599730
-0.0459471264
-0.0463234720
-0.0461886873
-0.0443032845
-0.0394943088
-0.0303683013
-0.0170150979
-0.0015706993
0.0126845549
0.0253271769
0.0363968020
0.0453316896
0.0506530542
0.0537751383
0.0567806169
0.0586823039
0.0592861034
0.0589939447
0.0559283674
0.0491744096
0.0407462323
0.0321494306
0.0242411943
0.0177761569
0.0131244277
0.0117552043
0.0129544987
0.0157214749
0.0194629203
0.0240022109
0.0290064500
0.0328665386
0.0344516079
0.0343359198
0.0312132639
0.0236014790
0.0132210811
0.0013787612
-0.0108305716
-0.0215387197
-0.0305960520
-0.0376520852
-0.0427667617
-0.0449152366
-0.0429498031
-0.0390498117
-0.0354421775
-0.0337633129
-0.0330979708
-0.0336781473
-0.0345273245
-0.0336316221
-0.0316471536
-0.0311878075
-0.0333867485
-0.0378043248
-0.0426922493
-0.0466496975
-0.0500683231
-0.0519684133
-0.0506804707
-0.0453500530
-0.0372498861
-0.0263224100
-0.0131101885
-0.0025406852
0.0025327534
0.0030617201
0.0025465297
0.0025029116
0.0032495659
0.0062138299
0.0109645316
0.0174654162
0.0242276951
0.0290537115
0.0315996058
0.0313640841
0.0289827929
0.0268559723
0.0239165411
0.0198306674
0.0142481020
0.0078442280
0.0017482881
-0.0028079049
-0.0059334752
-0.0094236734
-0.0152380755
-0.0233141892
-0.0305448323
-0.0365292814
-0.0418757473
-0.0468926307
-0.0502653654
-0.0511016094
-0.0508830776
-0.0493452002
-0.0452129821
-0.0381610770
-0.0300076169
-0.0223709862
-0.0156320469
-0.0103052575
-0.0048335006
-0.0007015767
0.0018797914
0.0022575722
0.0001552665
-0.0021416820
-0.0041540556
-0.0047832278
-0.0029466984
0.0009267485
0.0059194067
0.0107224713
0.0134538897
0.0140104758
0.0143003034
0.0156247295
0.0171960479
0.0184705307
0.0212623902
0.0233240154
0.0247774738
0.0253950618
0.0215233296
0.0118156688
0.0003924108
-0.0083356028
-0.0117819964
-0.0087296034
-0.0018439659
0.0060678570
0.0138500693
0.0203517496
0.0257282054
0.0280096539
0.0271352596
0.0238714635
0.0204951889
0.0163684989
0.0106611671
0.0046987488
0.0006011220
-0.0006331668
0.0005013676
0.0030047285
0.0055463241
0.0061849164
0.0043763709
0.0011666173
-0.0036507085
-0.0099135348
-0.0161888459
-0.0224674381
-0.0277802242
-0.0298508586
-0.0286419543
-0.0246603103
-0.0200759905
-0.0168870365
-0.0177977262
-0.0227786067
-0.0284752266
-0.0330341943
-0.0366746304
-0.0387111348
-0.0395813753
-0.0378653547
-0.0324765371
-0.0219930286
-0.0084526453
0.0036123331
0.0108393137
0.0131822196
0.0126034044
0.0099789893
0.0051269755
-0.0005665690
-0.0041363684
-0.0036752390
0.0002105263
0.0060684605
0.0121485806
0.0167609473
0.0183531389
0.0174456834
0.0136215685
0.0066389219
-0.0012050655
-0.0088373615
-0.0168796997
-0.0238501592
-0.0286478884
-0.0301897480
-0.0282366264
-0.0231558082
-0.0166479843
-0.0090546704
-0.0010591839
0.0062038066
0.0128144507
0.0188312424
0.0247426215
0.0297246167
0.0329372390
0.0336284573
0.0321411377
0.0290868114
0.0267228471
0.0261568221
0.0268139276
0.0274911235
0.0264195799
0.0230051572
0.0177004414
0.0116602862
0.0073635873
0.0055906078
0.0065995415
0.0100915803
0.0146148252
0.0181400808
0.0205295885
0.0210679917
0.0207605696
0.0201475799
0.0200855846
0.0210044991
0.0221283813
0.0225443002
0.0215960188
0.0206737663
0.0202681613
0.0205132593
0.0213246136
0.0217183312
0.0216285252
0.0216253373
0.0214934770
0.0204549838
0.0180972718
0.0160745295
0.0136210664
0.0100882029
0.0042513545
-0.0019802377
-0.0064092412
-0.0079996444
-0.0048704620
0.0007998370
0.0060281318
0.0087658225
0.0094907872
0.0098125619
0.0091559617
0.0089411057
0.0098903305
0.0111658751
0.0102705705
0.0077509044
0.0039427734
-0.0008665174
-0.0044988043
-0.0056025214
-0.0057228454
-0.0048737038
-0.0043496604
-0.0029462818
-0.0004745753
0.0003792037
0.0003683095
-0.0005977355
-0.0040898890
-0.0095817231
-0.0153915814
-0.0209273132
-0.0252109965
-0.0267457478
-0.0251406432
-0.0209476718
-0.0166046015
-0.0130964072
-0.0107654271
-0.0084096165
-0.0059965672
-0.0043751545
-0.0051646389
-0.0077695503
-0.0095430280
-0.0109413289
-0.0131717224
-0.0155047920
-0.0167614227
-0.0156178395
-0.0134189279
-0.0129002248
-0.0129122478
-0.0128355098
-0.0148816886
-0.0187065702
-0.0222915057
-0.0265242636
-0.0303119792
-0.0310418774
-0.0288339754
-0.0240614676
-0.0165524723
-0.0088186274
-0.0037790360
-0.0008415490
0.0002428486
-0.0005516007
-0.0039057774
-0.0086112574
-0.0133279638
-0.0172136982
-0.0194063837
-0.0195283343
-0.0162676177
-0.0096623267
-0.0015544926
0.0072084576
0.0146746333
0.0200425141
0.0230326501
0.0226713863
0.0201576924
0.0170362900
0.0138604002
0.0115716416
0.0092960947
0.0066462783
0.0026016718
-0.0025353193
-0.0073741560
-0.0113959084
-0.0135643685
-0.0140629862
-0.0134040197
-0.0130008742
-0.0133107769
-0.0149255577
-0.0158952116
-0.0142478023
-0.0117497053
-0.0078205388
-0.0032043486
0.0006382407
0.0028163175
0.0019908825
-0.0007467373
-0.0037909221
-0.0060043128
-0.0081158405
-0.0088315803
-0.0079924667
-0.0058493291
-0.0044524682
-0.0041075535
-0.0052689572
-0.0069745850
-0.0083958044
-0.0086172089
-0.0072414516
-0.0044927133
-0.0009994810
0.0016991023
0.0037566277
0.0049380161
0.0065660984
0.0090764766
0.0110188376
0.0135891882
0.0165236079
0.0182926172
0.0181743804
0.0173502113
0.0155644750
0.0138662691
0.0128125688
0.0115008898
0.0121553288
0.0152867859
0.0189240917
0.0223596420
0.0259978392
0.0285162380
0.0301545914
0.0312092299
0.0292486961
0.0245040288
0.0195583615
0.0162444855
0.0142127609
0.0142117488
0.0175086820
0.0228074617
0.0275288504
0.0299811059
0.0284218893
0.0217015882
0.0104919075
-0.0007750914
-0.0091348376
-0.0146477792
-0.0183730986
-0.0208216055
-0.0214440044
-0.0200098840
-0.0163912918
-0.0116754754
-0.0080322182
-0.0048782715
-0.0033027235
-0.0047143613
-0.0079448200
-0.0118652393
-0.0160294847
-0.0191417911
-0.0210500909
-0.0213433617
-0.0199874916
-0.0169645803
-0.0126803119
-0.0080215115
-0.0040118281
-0.0000831429
0.0038304551
0.0067387465
0.0091035999
0.0100177442
0.0101928202
0.0110914825
0.0128000540
0.0140867926
0.0151197180
0.0167322107
0.0178816117
0.0177388080
0.0160623021
0.0144647238
0.0137100755
0.0128216761
0.0103217277
0.0068149231
0.0033979383
0.0001673295
-0.0024567579
-0.0035280732
-0.0036112378
-0.0032565974
-0.0027649708
-0.0017331655
-0.0008371456
-0.0013715467
-0.0037040260
-0.0077434299
-0.0126639330
-0.0180088128
-0.0213498644
-0.0218296881
-0.0199095094
-0.0145422849
-0.0060242458
0.0026983896
0.0086362878
0.0107238282
0.0113294050
0.0104981543
0.0079999118
0.0044176727
0.0017970021
0.0007596538
0.0002478771
-0.0001254545
-0.0011803964
-0.0025385970
-0.0030934435
-0.0027970838
-0.0027274729
-0.0042471103
-0.0077312064
-0.0117043439
-0.0155345802
-0.0196618389
-0.0241120895
-0.0283957887
-0.0314599314
-0.0319051612
-0.0300973160
-0.0275539777
-0.0245330759
-0.0212804153
-0.0189179632
-0.0164259590
-0.0132602824
-0.0087392461
-0.0030660887
0.0040455368
0.0106685852
0.0169648275
0.0214742890
0.0234491205
0.0228836128
0.0201420977
0.0156681013
0.0107935149
0.0064277601
0.0032618724
0.0026272118
0.0056064982
0.0112275664
0.0180264399
0.0248238984
0.0305073559
0.0345427122
0.0374230662
0.0393262267
0.0405984395
0.0406476939
0.0387139000
0.0357246680
0.0323540161
0.0286063505
0.0244193851
0.0213350690
0.0194327906
0.0189440860
0.0193042764
0.0210629413
0.0231952686
0.0233941091
0.0209667029
0.0191411924
0.0191196003
0.0193634280
0.0193006349
0.0192759402
0.0199085141
0.0208643825
0.0200924228
0.0174632407
0.0142993753
0.0110781096
0.0074342948
0.0041354268
0.0011953486
-0.0014022546
-0.0025578837
-0.0026887462
-0.0036789869
-0.0055991468
-0.0070854783
-0.0082152844
-0.0099528313
-0.0112177246
-0.0113951252
-0.0123853125
-0.0150577434
-0.0191222472
-0.0225814560
-0.0264578152
-0.0294503984
-0.0312547746
-0.0333334366
-0.0345306493
-0.0346456003
-0.0349316035
-0.0349924349
-0.0344547586
-0.0336703164
-0.0322502175
-0.0302381792
-0.0287224892
-0.0263525230
-0.0238440156
-0.0210338434
-0.0177079483
-0.0148031080
-0.0118114904
-0.0083021062
-0.0057764898
-0.0037757403
-0.0031557936
-0.0043308856
-0.0068849749
-0.0095723157
-0.0118784220
-0.0133370578
-0.0138387208
-0.0137091829
-0.0127604718
-0.0109095572
-0.0087480174
-0.0065918589
-0.0049524442
-0.0050559013
-0.0060850800
-0.0069756561
-0.0074090690
-0.0072673383
-0.0073794431
-0.0072624285
-0.0058575739
-0.0036499611
-0.0028216170
-0.0032619573
-0.0052470404
-0.0078448964
-0.0093526169
-0.0095717510
-0.0086233305
-0.0056517897
-0.0010755643
0.0037934689
0.0076979709
0.0109345205
0.0135139289
0.0142851786
0.0145759480
0.0152959730
0.0150831330
0.0139688276
0.0130700684
0.0124524563
0.0104680286
0.0087146937
0.0082386324
0.0081127070
0.0087614545
0.0101356976
0.0114451162
0.0119653263
0.0128427101
0.0139055365
0.0137422278
0.0131395694
0.0126368215
0.0113140265
0.0089941859
0.0065382060
0.0042924044
0.0028867859
0.0024737969
0.0024002528
0.0027625755
0.0025783705
0.0019780474
0.0008647775
0.0001917736
-0.0001367351
-0.0003475741
0.0008006472
0.0031631557
0.0047493746
0.0055582751
0.0061496439
0.0061809219
0.0050040580
0.0032893816
0.0026322040
0.0026648031
0.0032294924
0.0045270317
0.0056704794
0.0060109734
0.0058111346
0.0051188130
0.0042433992
0.0034422737
0.0021954604
0.0008503270
-0.0003609002
-0.0014526639
-0.0028852724
-0.0044430248
-0.0053840721
-0.0058382074
-0.0061115034
-0.0059807329
-0.0057533636
-0.0058956930
-0.0060821951
-0.0060986699
-0.0061887555
-0.0063971174
-0.0065963210
-0.0065153303
-0.0060227321
-0.0052947201
-0.0044513970
-0.0038921677
-0.0033747582
-0.0026836287
-0.0022799473
-0.0019215290
-0.0013501065
-0.0008772693
-0.0004884044
-0.0003053451
-0.0002951506
-0.0003902322
-0.0004811974
-0.0004380362
-0.0002512775
0.0000142480
0.0001438857
0.0002413157
0.0003821642
0.0004811609
0.0005008037
0.0004876251
0.0004844060
0.0004935397
0.0004803900
0.0004658785
0.0004419431
0.0003874617
0.0003438024
0.0003555248
0.0003959440
0.0004432771
0.0004899790
0.0005348420
0.0005448743
0.0005136222
0.0004592207
0.0004151459
0.0003937400
0.0003883219
0.0003989451
0.0004215074
0.0004359643
0.0004472241
0.0004527469
0.0004509221
0.0004481448
0.0004439931
0.0004367155
0.0004290996
0.0004226044
0.0004170752
0.0004105241
0.0004037200
0.0003970942
0.0003898364
0.0003827651
0.0003760630
0.0003699651
0.0003642467
0.0003586423
0.0003529371
0.0003469832
0.0003406926
0.0003340420
0.0003270181
0.0003196148
0.0003118304
