0.0008952851
0.0009259573
0.0009572567
0.0009891670
0.0010216459
0.0010547440
0.0010884417
0.0011226295
0.0011574125
0.0011926654
0.0012284738
0.0012647828
0.0012878893
0.0013230894
0.0013584555
0.0013942590
0.0014301104
0.0014664347
0.0015027609
0.0015098725
0.0015439370
0.0015784685
0.0016127864
0.0016471220
0.0016819817
0.0016708392
0.0017026947
0.0017351305
0.0017671224
0.0017991452
0.0018318364
0.0018640129
0.0018962566
0.0019292304
0.0019616251
0.0019940925
0.0020266143
0.0020599558
0.0020926558
0.0021254332
0.0021590728
0.0021920321
0.0022250795
0.0022590257
0.0022922972
0.0023256282
0.0023590524
0.0023934318
0.0024270875
0.0024608456
0.0024955290
0.0025294717
0.0025635155
0.0025984475
0.0026325848
0.0026668032
0.0027010394
0.0027362673
0.0028565953
0.0028911014
0.0029265081
0.0029611531
0.0029966943
0.0030314718
0.0031530186
0.0031878861
0.0032236664
0.0032586854
0.0032945959
0.0033297205
0.0033657088
0.0034868003
0.0035229614
0.0035582491
0.0035944858
0.0036307746
0.0036662538
0.0037026436
0.0037381893
0.0037746578
0.0038111807
0.0038468802
0.0038834862
0.0039201365
0.0039559729
0.0039927152
0.0040286028
0.0040654211
0.0041022826
0.0041382810
0.0041751762
0.0042121140
0.0041623282
0.0041993233
0.0042355064
0.0042725609
0.0043088282
0.0043458876
0.0043821644
0.0043334008
0.0043697257
0.0044060514
0.0044432744
0.0044796059
0.0045168393
0.0044673392
0.0045037489
0.0045410188
0.0045774375
0.0046138787
0.0046511792
0.0046876228
0.0046381888
0.0046746213
0.0047110836
0.0047483935
0.0047848866
0.0048213005
0.0047718879
0.0048083295
0.0048447583
0.0048820595
0.0049184888
0.0049548772
0.0049912635
0.0051135293
0.0051499244
0.0051862312
0.0052234432
0.0052597498
0.0052960484
0.0054181837
0.0054552647
0.0054914725
0.0055276437
0.0055637976
0.0056007740
0.0056368727
0.0056729029
0.0057097805
0.0057457188
0.0057817120
0.0058184618
0.0058543702
0.0058042538
0.0058400650
0.0058766168
0.0059123236
0.0059478940
0.0059835022
0.0059331261
0.0059686059
0.0060048799
0.0060402042
0.0060754845
0.0061966208
0.0062317921
0.0062668993
0.0063886667
0.0064236724
0.0064585352
0.0064933783
0.0066148492
0.0066495259
0.0066849680
0.0068053594
0.0068406506
0.0068750412
0.0069960334
0.0070302274
0.0070651508
0.0071000690
0.0070480767
0.0070827859
0.0071165090
0.0071510117
0.0071845198
0.0072188266
0.0072521544
0.0072003772
0.0072334944
0.0072665575
0.0073003269
0.0073331386
0.0073666738
0.0073133699
0.0073458206
0.0073790294
0.0073253726
0.0073574808
0.0073894594
0.0073354276
0.0073680110
0.0073137054
0.0073451787
0.0073765078
0.0073218395
0.0073520442
0.0073829692
0.0077580958
0.0080464122
0.0079910228
0.0080222814
0.0079665933
0.0079975140
0.0079415146
0.0079712892
0.0079158218
0.0079452551
0.0078886331
0.0079177909
0.0078608850
0.0078897264
0.0078324556
0.0078609874
0.0078892673
0.0079174243
0.0080312361
0.0080590111
0.0080865937
0.0081999180
0.0082271359
0.0083400918
0.0083669501
0.0083936932
0.0085069428
0.0085332830
0.0085593583
0.0085861168
0.0086118771
0.0086373636
0.0086635724
0.0086887006
0.0087136164
0.0087383148
0.0087636705
0.0087879571
0.0088120975
0.0088368111
0.0088604916
0.0088839577
0.0089080307
0.0089310646
0.0089538312
0.0090631497
0.0090855096
0.0091075863
0.0092162145
0.0092378599
0.0092601588
0.0093671912
0.0093890140
0.0094105616
0.0094310628
0.0095380065
0.0095588950
0.0095786132
0.0096848162
0.0097048771
0.0097247105
0.0097442812
0.0097636121
0.0096959392
0.0097147492
0.0097333038
0.0096648558
0.0096828674
0.0097006283
0.0097172601
0.0096485925
0.0096646657
0.0096813392
0.0096110021
0.0096271064
0.0096420268
0.0095717131
0.0095861287
0.0096002494
0.0096149690
0.0096285100
0.0096417793
0.0096547417
0.0095824056
0.0095947418
0.0096068524
0.0096186347
0.0096309847
0.0096421473
0.0095670839
0.0095776486
0.0095879263
0.0095978897
0.0096075179
0.0096168332
0.0096267457
0.0097213022
0.0097296753
0.0097376953
0.0097454342
0.0097537093
0.0097607787
0.0098534213
0.0098598595
0.0098668244
0.0098725643
0.0098780247
0.0098839783
0.0098887917
0.0098931834
0.0098981659
0.0099019141
0.0099053343
0.0099083867
0.0099119783
0.0099143661
0.0099164129
0.0099189640
0.0099203375
0.0099213255
0.0099228366
0.0099231210
0.0099230410
0.0099234528
0.0099226688
0.0099214907
0.0099208513
0.0099189544
0.0099167008
0.0099140700
0.0099119533
0.0099085769
0.0099048418
0.0099015719
0.0098970865
0.0098922063
0.0098878133
0.0098822296
0.0099620811
0.0099566047
0.0099498797
0.0099436259
0.0099361274
0.0099282853
0.0100067636
0.0099981234
0.0099899495
0.0099805179
0.0099715302
0.0099621980
0.0099516277
0.0100273528
0.0100159417
0.0100050500
0.0099928898
0.0098952543
0.0098831402
0.0098697665
0.0097709545
0.0097567483
0.0097421676
0.0096421601
0.0097126484
0.0096976904
0.0096814841
0.0096648643
0.0096487093
0.0096312877
0.0097001710
0.0096819532
0.0096641188
0.0096450610
0.0096264404
0.0096065303
0.0095871041
0.0096523000
0.0096319980
0.0096112564
0.0095892702
0.0095677438
0.0094599025
0.0094366614
0.0094138580
0.0093898144
0.0093661701
0.0093412418
0.0093167537
0.0092051222
0.0091797852
0.0091531545
0.0091260828
0.0090994816
0.0090715749
0.0089582292
0.0089294732
0.0089003136
0.0088715581
0.0088415496
0.0088111074
0.0087810836
0.0086639112
0.0086321859
0.0086000383
0.0085674655
0.0085352730
0.0085018148
0.0083821069
0.0083477635
0.0083130563
0.0082779217
0.0082423041
0.0082071379
0.0081706961
0.0081338042
0.0080965229
0.0080587547
0.0080205558
0.0079819965
0.0079429472
0.0079034531
0.0078635446
0.0078240873
0.0077833233
0.0077421208
0.0077005518
0.0076585134
0.0076160087
0.0075730728
0.0075297629
0.0075719065
0.0075286355
0.0074840215
0.0074389779
0.0073934739
0.0073484065
0.0073879862
0.0073412465
0.0072940465
0.0072473460
0.0071993474
0.0071509045
0.0071028870
0.0071394895
0.0070897932
0.0070405131
0.0069900007
0.0069398915
0.0068885017
0.0069234333
0.0068712028
0.0068194074
0.0067663795
0.0067137723
0.0066599151
0.0066064550
0.0066376322
0.0065833670
0.0065286732
0.0064727907
0.0064172685
0.0062746317
0.0062183066
0.0061615821
0.0061036240
0.0060460764
0.0059013986
0.0058422057
0.0057834956
0.0057235380
0.0056640433
0.0055174176
0.0055421275
0.0054814713
0.0054195350
0.0053580566
0.0052953377
0.0052330441
0.0052554727
0.0051924456
0.0051282215
0.0050644277
0.0049994263
0.0049348761
0.0048691023
0.0048896708
0.0048231743
0.0047570875
0.0046906939
0.0046230308
0.0044700114
0.0044016331
0.0043337053
0.0042654364
0.0041959804
0.0041270031
0.0040568440
0.0039012842
0.0038304249
0.0037591832
0.0036884858
0.0036165431
0.0035451358
0.0033866282
0.0033136764
0.0032412377
0.0031676313
0.0030936960
0.0030202851
0.0029456747
0.0028707566
0.0027963320
0.0027207691
0.0026448758
0.0025695030
0.0024929088
0.0024160420
0.0023397087
0.0022621839
0.0021843811
0.0021930154
0.0021146273
0.0020359200
0.0019577973
0.0018784926
0.0017997792
0.0018057760
0.0017265102
0.0016460542
0.0015662130
0.0014852126
0.0014048268
0.0013232513
0.0013282021
0.0012469776
0.0011646295
0.0010828693
0.0009999938
0.0009176963
0.0008352028
0.0007515552
0.0006685559
0.0005853019
0.0005009545
0.0004172048
0.0003332687
0.0002482183
0.0001638005
0.0000783019
-0.0000065898
-0.0000916521
-0.0001778062
-0.0002633198
-0.0003490276
-0.0005216894
-0.0006078353
-0.0006950420
-0.0007815595
-0.0008691359
-0.0009560731
-0.0010440311
-0.0012171701
-0.0013055055
-0.0013931336
-0.0014818255
-0.0015698033
-0.0016587672
-0.0018338233
-0.0019222756
-0.0020117040
-0.0021013443
-0.0021902569
-0.0022801305
-0.0023701616
-0.0024594844
-0.0025497769
-0.0026402100
-0.0027298905
-0.0028205575
-0.0029113511
-0.0030013933
-0.0030924456
-0.0031835792
-0.0032739698
-0.0033652785
-0.0034566601
-0.0035473122
-0.0036389185
-0.0037306016
-0.0038214984
-0.0039133420
-0.0040052662
-0.0040972445
-0.0041884249
-0.0042805589
-0.0043727049
-0.0044640281
-0.0045562174
-0.0046485139
-0.0047399358
-0.0048322561
-0.0049245715
-0.0050160776
-0.0051084999
-0.0052009264
-0.0052924930
-0.0053848925
-0.0054773175
-0.0055688615
-0.0056612572
-0.0057536364
-0.0058451518
-0.0059375264
-0.0060298712
-0.0061213339
-0.0062136344
-0.0063059140
-0.0063972340
-0.0064894118
-0.0065815104
-0.0066726980
-0.0067647362
-0.0068566206
-0.0069476011
-0.0070394120
-0.0071310935
-0.0072218220
-0.0073133590
-0.0074047862
-0.0074952513
-0.0075864691
-0.0076775447
-0.0077677023
-0.0078585826
-0.0079493136
-0.0080399627
-0.0081295797
-0.0082199666
-0.0083101820
-0.0083993917
-0.0084893057
-0.0085790795
-0.0086677970
-0.0087572244
-0.0088464850
-0.0089347084
-0.0090236648
-0.0091123744
-0.0092000852
-0.0092884467
-0.0093765938
-0.0094637007
-0.0095514417
-0.0096389651
-0.0098112934
-0.0098983543
-0.0099852036
-0.0100718054
-0.0101573303
-0.0102434785
-0.0104152067
-0.0105008828
-0.0105862364
-0.0106713550
-0.0107562067
-0.0108399082
-0.0109241763
-0.0109222934
-0.0110060538
-0.0110894289
-0.0111717014
-0.0112545142
-0.0113370100
-0.0113333565
-0.0114144717
-0.0114959878
-0.0115772007
-0.0116572824
-0.0117378579
-0.0118180256
-0.0118111167
-0.0118906208
-0.0119698284
-0.0120477994
-0.0121262308
-0.0122034612
-0.0121952620
-0.0122716934
-0.0123485650
-0.0124242186
-0.0125003427
-0.0125751747
-0.0126504701
-0.0126386381
-0.0127122299
-0.0127862534
-0.0128589791
-0.0129313506
-0.0130040748
-0.0130755468
-0.0131465217
-0.0132179320
-0.0132880321
-0.0133584679
-0.0134275901
-0.0134962270
-0.0135653313
-0.0136330262
-0.0137002227
-0.0137677876
-0.0138340153
-0.0138997309
-0.0139657947
-0.0140304474
-0.0141813899
-0.0142450432
-0.0143081403
-0.0143715725
-0.0144336327
-0.0144959694
-0.0145569805
-0.0147041271
-0.0147639762
-0.0148241753
-0.0148828849
-0.0149419045
-0.0150003128
-0.0151431661
-0.0152003873
-0.0152570533
-0.0153122319
-0.0153677209
-0.0154225704
-0.0154759839
-0.0156154524
-0.0156684674
-0.0157208724
-0.0157717556
-0.0158228530
-0.0158733231
-0.0160090570
-0.0160582688
-0.0161059546
-0.0161538671
-0.0162011253
-0.0162477090
-0.0162936454
-0.0162529843
-0.0162975719
-0.0163405875
-0.0163837754
-0.0164262648
-0.0164680528
-0.0164224356
-0.0164627908
-0.0165024826
-0.0165405484
-0.0165788356
-0.0166163444
-0.0166522828
-0.0166024824
-0.0166378254
-0.0166715886
-0.0167054217
-0.0167376582
-0.0167699883
-0.0167148419
-0.0167456967
-0.0167748789
-0.0168041906
-0.0168318613
-0.0168596562
-0.0168857646
-0.0168252414
-0.0168506535
-0.0168744074
-0.0168982324
-0.0169204074
-0.0169417396
-0.0169631798
-0.0169829150
-0.0170018799
-0.0170208381
-0.0170381285
-0.0170546139
-0.0170711738
-0.0170860035
-0.0171000398
-0.0171140957
-0.0171264049
-0.0171379063
-0.0171493525
-0.0171591598
-0.0171689097
-0.0172628836
-0.0172700747
-0.0172772559
-0.0172827364
-0.0172881936
-0.0172918484
-0.0172955570
-0.0173834387
-0.0173854405
-0.0173857296
-0.0173858961
-0.0173843242
-0.0173827507
-0.0174661238
-0.0174618712
-0.0174575951
-0.0174524355
-0.0174454925
-0.0174385141
-0.0174306104
-0.0175068467
-0.0174970880
-0.0174864492
-0.0174748626
-0.0174615147
-0.0174480909
-0.0175195679
-0.0175042901
-0.0174880178
-0.0174708683
-0.0174518679
-0.0174328464
-0.0174128959
-0.0173060935
-0.0172841775
-0.0172613538
-0.0172367210
-0.0172119807
-0.0171862603
-0.0170737081
-0.0170452640
-0.0170167249
-0.0169872138
-0.0169558703
-0.0169244152
-0.0168920459
-0.0168578017
-0.0168234998
-0.0167882083
-0.0167511193
-0.0167139471
-0.0166757934
-0.0166358062
-0.0165956786
-0.0165546086
-0.0165116684
-0.0164686386
-0.0164246253
-0.0163787761
-0.0163327148
-0.0162857131
-0.0162368658
-0.0161020283
-0.0160511794
-0.0160002511
-0.0159474985
-0.0158946360
-0.0158407721
-0.0156991806
-0.0156433158
-0.0155856335
-0.0155277966
-0.0154681288
-0.0154075227
-0.0153467479
-0.0151982387
-0.0151355148
-0.0150709278
-0.0150912461
-0.0150255582
-0.0149580240
-0.0149762316
-0.0149067431
-0.0149229810
-0.0148524275
-0.0148658214
-0.0147932582
-0.0148055818
-0.0147310481
-0.0147413880
-0.0146649098
-0.0146733019
-0.0145948865
-0.0145154167
-0.0144350272
-0.0143536660
-0.0142713807
-0.0141021612
-0.0140179036
-0.0139326233
-0.0137605501
-0.0136733493
-0.0135852113
-0.0134102171
-0.0133192791
-0.0132282455
-0.0130503823
-0.0129574718
-0.0128627284
-0.0127678992
-0.0126721347
-0.0125745621
-0.0124769001
-0.0123782897
-0.0122778728
-0.0121773718
-0.0120759300
-0.0119726802
-0.0118693780
-0.0117651239
-0.0116590628
-0.0115529509
-0.0114459235
-0.0113371786
-0.0112282545
-0.0111184861
-0.0109209946
-0.0108094214
-0.0106960284
-0.0105826254
-0.0104674409
-0.0103522211
-0.0101493472
-0.0100323515
-0.0099136244
-0.0097948800
-0.0096743898
-0.0095538865
-0.0094316505
-0.0092235522
-0.0090996166
-0.0089748117
-0.0089358760
-0.0088092923
-0.0086827807
-0.0086404627
-0.0085122671
-0.0084682473
-0.0083383275
-0.0082934672
-0.0081610861
-0.0081146155
-0.0079814715
-0.0079334279
-0.0077986604
-0.0077489412
-0.0076126045
-0.0074754152
-0.0073374914
-0.0071987694
-0.0070592493
-0.0068331068
-0.0066920808
-0.0065502514
-0.0063217719
-0.0061783970
-0.0060344103
-0.0058037293
-0.0056582389
-0.0055111342
-0.0052782733
-0.0051305939
-0.0049813200
-0.0048321980
-0.0046823671
-0.0045309800
-0.0044656539
-0.0043137771
-0.0042470701
-0.0040938750
-0.0040258679
-0.0038704571
-0.0038011327
-0.0036461852
-0.0035755668
-0.0034184296
-0.0033533849
-0.0031949849
-0.0030359745
-0.0029562598
-0.0027161209
-0.0023784139
-0.0021311016
-0.0018824099
-0.0016340046
-0.0013850036
-0.0010495811
-0.0007985836
-0.0005470465
-0.0002950009
0.0000426908
0.0002966287
0.0005502752
0.0008044123
0.0010599403
0.0014009291
0.0002825076
-0.0008372071
-0.0006682505
0.0001023497
0.0007883924
0.0014748364
0.0022485409
0.0029367997
0.0016510785
0.0003631953
-0.0009260008
-0.0022157386
-0.0006718140
0.0007891699
0.0023346823
0.0038866025
0.0054379831
0.0069915087
0.0060557835
0.0051177156
0.0041800364
0.0033259477
0.0041046961
0.0048846020
0.0055789460
0.0063603739
0.0071419561
0.0079256009
0.0054443379
0.0029598105
0.0004747654
0.0016800620
0.0028015064
0.0040098911
0.0044463912
0.0049690003
0.0054067468
0.0059305362
0.0063685697
0.0068927190
0.0073319686
0.0077722064
0.0082975858
0.0087380905
0.0092654188
0.0097061140
0.0102335686
0.0106762241
0.0106035855
0.0104442257
0.0102840560
0.0102106997
0.0090191836
0.0079127516
0.0067186593
0.0099920995
0.0131812602
0.0163748526
0.0195710182
0.0227702055
0.0201309409
0.0174870340
0.0148403919
0.0121043994
0.0094525322
0.0104915870
0.0115314047
0.0126578912
0.0136992099
0.0147412157
0.0157839938
0.0127884483
0.0097910708
0.0067881697
0.0037833440
0.0007735591
0.0024001831
0.0040299909
0.0056594935
0.0101267185
0.0146831846
0.0191595508
0.0180542063
0.0168600823
0.0157517089
0.0106013819
0.0053614945
0.0068171826
0.0082734046
0.0096442513
0.0125632224
0.0154843326
0.0184076215
0.0172958711
0.0162678857
0.0152377165
0.0142061868
0.0170406173
0.0197895059
0.0226281206
0.0253820734
0.0304595624
0.0354536009
0.0319466439
0.0285224305
0.0250918702
0.0223455161
0.0195083339
0.0243156200
0.0291274241
0.0339432257
0.0388502965
0.0436742974
0.0419725261
0.0402691879
0.0330618821
0.0258485234
0.0186243223
0.0113945352
0.0117168588
0.0120376418
0.0122725814
0.0138814330
0.0154051227
0.0170155830
0.0185411773
0.0163731222
0.0142004590
0.0120252150
0.0099323875
0.0120468463
0.0142481044
0.0163651855
0.0184845295
0.0206887212
0.0223803963
0.0240718709
0.0257650899
0.0253104312
0.0248539636
0.0243956566
0.0240223314
0.0235613009
0.0230984306
0.0227204705
0.0222547750
0.0214436530
0.0207166082
0.0199876583
0.0191700404
0.0177502516
0.0162410935
0.0147294517
0.0184567960
0.0222713450
0.0260041929
0.0305979983
0.0351959934
0.0397968555
0.0390743013
0.0383487448
0.0376220474
0.0368941039
0.0361629644
0.0354297920
0.0346945590
0.0339581254
0.0332179360
0.0351403761
0.0370633048
0.0389008437
0.0408246126
0.0427488327
0.0446751595
0.0465142933
0.0484404914
0.0463290427
0.0442144465
0.0420951124
0.0368785359
0.0316564488
0.0264251732
0.0274609171
0.0284961090
0.0294449541
0.0309093102
0.0324589637
0.0339231468
0.0311777165
0.0283405622
0.0255853136
0.0228250237
0.0200618755
0.0172068506
0.0144345020
0.0116563124
0.0063826168
0.0011003991
-0.0041868633
0.0014310885
0.0070517495
0.0153417134
0.0237234602
0.0206847537
0.0177273606
0.0103824067
0.0031147208
0.0035712302
0.0040259203
0.0132465311
0.0224697370
0.0317916485
0.0333868135
0.0349812224
0.0365755675
0.0381708797
0.0397652992
0.0374926170
0.0351305198
0.0327631510
0.0354618986
0.0380766147
0.0407765481
0.0433936438
0.0424870023
0.0415777259
0.0406666060
0.0397519793
0.0481129723
0.0563985195
0.0647732014
0.0730723101
0.0688327982
0.0645845311
0.0576686542
0.0508279822
0.0438928867
0.0370337911
0.0336035940
0.0301671297
0.0268122301
0.0233648213
0.0250680816
0.0266849213
0.0319962044
0.0373123946
0.0426302186
0.0392740672
0.0359134829
0.0268748808
0.0179135738
0.0089372734
0.0042486765
-0.0003630007
0.0010350575
0.0024319949
0.0038286483
0.0052257773
0.0111743270
0.0172154581
0.0231732452
0.0291367355
0.0351893153
0.0366076025
0.0381104949
0.0396132705
0.0356167746
0.0316130024
0.0276905737
0.0236750614
0.0196539550
0.0221572810
0.0246607061
0.0271647958
0.0282086502
0.0292522101
0.0302945556
0.0342573660
0.0381357330
0.0325644343
0.0270734809
0.0171034773
0.0071244256
0.0095909745
0.0119710772
0.0278450853
0.0438143488
0.0597179655
0.0685008452
0.0638861904
0.0593526154
0.0494837126
0.0396900478
0.0369287928
0.0342488741
0.0361184748
0.0379876445
0.0398571744
0.0417263043
0.0383528441
0.0348904053
0.0314203869
0.0280317202
0.0245515582
0.0210660012
0.0175737217
0.0182013518
0.0188272573
0.0194521193
0.0200758084
0.0206114855
0.0147873936
0.0088712835
0.0029434307
0.0060318451
0.0092085706
0.0122988260
0.0222674998
0.0323269607
0.0423121634
0.0523891835
0.0506180187
0.0489296161
0.0406203841
0.0322169504
0.0303307925
0.0283558238
0.0320485848
0.0356562329
0.0393536691
0.0334287036
0.0274939094
0.0105568068
-0.0064916269
-0.0149634567
-0.0235344664
-0.0154459315
-0.0074349171
0.0064224878
0.0202112918
0.0266200632
0.0330351827
0.0300042709
0.0269670471
0.0238395680
0.0177841924
0.0116366723
0.0055652288
0.0023222734
-0.0008402128
-0.0040939664
-0.0073531010
-0.0027115397
0.0020200063
0.0174059696
0.0328118251
0.0483122601
0.0555836569
0.0629432098
0.0574206951
0.0518936352
0.0408564192
0.0298094605
0.0186592392
0.0198717932
0.0209974841
0.0221230995
0.0247954411
0.0273813303
0.0300573960
0.0327315319
0.0392770682
0.0459101454
0.0525518401
0.0591952653
0.0607777472
0.0623594536
0.0536287363
0.0448901263
0.0336461286
0.0223070812
0.0109502519
0.0038798441
-0.0032030829
-0.0018713456
-0.0004536740
0.0008773872
0.0022957689
-0.0074551310
-0.0171353250
-0.0268222031
-0.0366112182
-0.0463211348
-0.0458208290
-0.0454051919
-0.0343348708
-0.0232576207
-0.0122521644
-0.0069962036
-0.0018190999
0.0033595670
0.0028730266
0.0022981958
-0.0002540730
-0.0028104491
-0.0053707745
-0.0072468488
-0.0091258429
-0.0109229455
-0.0123787765
-0.0137500955
-0.0024062068
0.0088590802
0.0230614764
0.0371864223
0.0383535281
0.0262035801
0.0139509897
0.0016883705
-0.0105064999
-0.0157524536
-0.0210915271
-0.0183607847
-0.0157109457
-0.0072202279
0.0012828296
0.0097907612
0.0183954646
0.0197034983
0.0209263674
0.0222348690
0.0235457927
0.0237392179
0.0239326414
0.0242108603
0.0244030499
0.0245951754
0.0247855360
0.0304755934
0.0361724132
0.0418719244
0.0412199616
0.0406529033
0.0306309822
0.0206884269
0.0053155400
-0.0100676012
-0.0255587291
-0.0409750799
-0.0466166705
-0.0522622032
-0.0470017179
-0.0417366874
-0.0364663459
-0.0273250483
-0.0180854182
-0.0089260210
-0.0080039949
-0.0070816130
-0.0187913141
-0.0305093943
-0.0464558888
-0.0623255853
-0.0692814620
-0.0762421473
-0.0679149519
-0.0596679279
-0.0410107321
-0.0223405705
-0.0094871778
-0.0062470617
-0.0151198491
-0.0239133274
-0.0328056496
-0.0314795165
-0.0302369181
-0.0194587165
-0.0087500102
0.0019656651
0.0102904418
0.0185352122
0.0146753154
0.0108975118
0.0071153938
0.0033306413
0.0082215551
0.0131150319
0.0181022391
0.0230070763
0.0280057668
0.0329229405
0.0334635507
0.0340055391
0.0239775009
0.0140296569
-0.0017760885
-0.0175916892
-0.0333431723
-0.0435217874
-0.0537125156
-0.0566939903
-0.0597645529
-0.0575099623
-0.0552524158
-0.0529907893
-0.0617258437
-0.0705530571
-0.0793908097
-0.0881482668
-0.0970032263
-0.0923752967
-0.0878255212
-0.0749380540
-0.0621175508
-0.0492878017
-0.0363513007
-0.0351758906
-0.0339970527
-0.0430398077
-0.0520940107
-0.0665648952
-0.0809699347
-0.0880819743
-0.0819664060
-0.0757599038
-0.0622386619
-0.0487057396
-0.0351530705
-0.0318134481
-0.0284662053
-0.0346514600
-0.0407587240
-0.0469549101
-0.0530714782
-0.0591911599
-0.0562938113
-0.0534794813
-0.0442136634
-0.0349400756
-0.0257363141
-0.0164391741
-0.0176127297
-0.0186989389
-0.0267468719
-0.0347116440
-0.0427711769
-0.0514373115
-0.0601124378
-0.0687063858
-0.0717242412
-0.0747421531
-0.0700272937
-0.0653082336
-0.0509538952
-0.0365878250
-0.0221139914
-0.0077131251
0.0067096401
0.0212304316
0.0287273874
0.0253196663
0.0098795967
-0.0056564376
-0.0211245571
-0.0279259194
-0.0346479820
-0.0348426235
-0.0349500845
-0.0351402586
-0.0353281477
-0.0354279035
-0.0356114295
-0.0357056149
-0.0358851802
-0.0359746445
-0.0361485311
-0.0454264814
-0.0547135075
-0.0640053014
-0.0733069217
-0.0826127829
-0.0834201129
-0.0843114244
-0.0851151707
-0.0842853117
-0.0834502707
-0.0826124433
-0.0816833726
-0.0808373609
-0.0866889708
-0.0925429471
-0.0983167767
-0.1041763293
-0.0937990880
-0.0833252228
-0.0685368903
-0.0538207741
-0.0475020124
-0.0550945815
-0.0626083471
-0.0727862649
-0.0829764629
-0.0830330697
-0.0830004885
-0.0830499511
-0.0830102862
-0.0830534220
-0.0830073718
-0.0748821231
-0.0666569380
-0.0410678150
-0.0153544907
0.0102948798
0.0359876646
0.0524985722
0.0578743627
0.0506204815
0.0432844567
0.0359342353
0.0285870945
0.0281056420
0.0276274710
0.0271530246
0.0267676811
0.0282753645
0.0297867251
0.0200514815
0.0102195011
-0.0156807484
-0.0416150386
-0.0676491038
-0.0936297342
-0.1196252298
-0.1296700228
-0.1288063931
-0.1097179076
-0.0906129107
-0.0714777540
-0.0603143439
-0.0599614788
-0.0717164703
-0.0835712524
-0.1034200830
-0.1232072646
-0.1430902230
-0.1556066811
-0.1681319710
-0.1806607430
-0.1906264033
-0.2006837658
-0.2107453215
-0.2137780090
-0.2167130437
-0.2197389374
-0.2227611416
-0.2256939543
-0.2184121185
-0.2008813757
-0.1832525044
-0.1656794106
-0.1480930993
-0.1304762844
-0.1203190184
-0.1100566675
-0.1079461601
-0.1058297157
-0.1037071074
-0.1015789160
-0.0995310280
-0.0903454770
-0.0811488845
-0.0720222849
-0.0702735622
-0.0826145587
-0.1118845348
-0.1411066652
-0.1704327627
-0.1997921256
-0.2166353989
-0.2236076255
-0.2203572342
-0.2032684378
-0.1861591097
-0.1619779163
-0.1377805072
-0.1220507359
-0.1063071433
-0.0992183975
-0.0921228210
-0.0923185052
-0.0924257999
-0.0926173256
-0.0775129802
-0.0623853032
-0.0324687392
-0.0024204255
0.0351290732
0.0727240811
0.1037424831
0.1200176529
0.1169816841
0.0935777058
0.0544341959
0.0152372616
-0.0187431986
-0.0428856291
-0.0569913000
-0.0612318976
-0.0518129830
-0.0422924306
-0.0283811287
-0.0144491429
-0.0065188545
0.0014244560
0.0024168180
0.0033254230
-0.0030634387
-0.0094620889
-0.0158613768
-0.0117837879
-0.0077015279
0.0054983180
0.0187937161
0.0320232269
0.0400265964
0.0391004675
0.0268400845
0.0146448283
0.0024455911
-0.0097697954
-0.0151200322
-0.0204766333
-0.0217104547
-0.0229444336
-0.0241789265
-0.0383910555
-0.0525240682
-0.0667632295
-0.0804084898
-0.0840165411
-0.0773174330
-0.0564271409
-0.0354346125
-0.0060753074
0.0233913029
0.0433581785
0.0634312220
0.0675488450
0.0575755829
0.0327292336
-0.0053684823
-0.0435177971
-0.0753342061
-0.0918974212
-0.0940377738
-0.0848362104
-0.0756260926
-0.0610753347
-0.0464258368
-0.0317541617
-0.0294421921
-0.0383843135
-0.0609050392
-0.0833704483
-0.1059361848
-0.1220874345
-0.1232986712
-0.1245110272
-0.1157577417
-0.1069891933
-0.0982143555
-0.0894257196
-0.0866416985
-0.0839401830
-0.0812341081
-0.0806714968
-0.0801919274
-0.0797114812
-0.0733006195
-0.0668790741
-0.0467057955
-0.0116341828
0.0233783313
0.0584413734
0.0823589196
0.0838044275
0.0613604174
0.0183531533
-0.0247695268
-0.0678656515
-0.1030851396
-0.1257186546
-0.1483658720
-0.1632190178
-0.1780850274
-0.1929644276
-0.2115428584
-0.2302385263
-0.2424127339
-0.2546004456
-0.2547619610
-0.2550062031
-0.2406470727
-0.2084718782
-0.1762679301
-0.1441112261
-0.1072808867
-0.0703967885
-0.0161305922
0.0381316572
0.0830676539
0.1049529056
0.1027188911
0.0822746084
0.0502926165
0.0181948428
-0.0138385494
-0.0317317696
-0.0364029816
-0.0410758227
-0.0458325237
-0.0540285977
-0.0622249766
-0.0654432202
-0.0685722914
-0.0717866782
-0.0749115941
-0.0781202295
-0.0706737718
-0.0632103304
-0.0449962363
-0.0132592322
0.0185074631
0.0552266478
0.0919723642
0.1171744203
0.1283167308
0.1254681151
0.1075034871
0.0896061333
0.0571885820
0.0246451807
-0.0128100822
-0.0503121601
-0.0781233851
-0.0950529123
-0.0988407598
-0.1027130784
-0.1065791345
-0.1103544652
-0.1241762481
-0.1380151770
-0.1518536350
-0.1657005444
-0.1795467946
-0.1784494152
-0.1772652317
-0.1647190456
-0.1520681090
-0.1393893760
-0.1317689320
-0.1242071063
-0.1032389441
-0.0683860679
-0.0231934314
0.0219852448
0.0672910510
0.1029564083
0.1250848928
0.1306664278
0.1190817747
0.1075675376
0.0883345116
0.0690748270
0.0497281955
0.0366368666
0.0323090533
0.0413907689
0.0504897397
0.0752508739
0.1000406662
0.1249580156
0.1498170809
0.1584807137
0.1516023507
0.1287432856
0.0932530634
0.0577157301
0.0267182482
0.0102960008
-0.0060426045
-0.0121694640
-0.0182034516
-0.0242391749
-0.0303539684
-0.0363846577
-0.0424097586
-0.0485220839
-0.0447501301
-0.0409646194
-0.0371682024
-0.0334453631
-0.0296241374
-0.0257925958
-0.0219488995
-0.0189532640
-0.0159473481
-0.0130175075
-0.0099912367
-0.0192452328
-0.0284984516
-0.0377591354
-0.0471053202
-0.0563764054
-0.0656405480
-0.0749240460
-0.0842872558
-0.0935762706
-0.0940995923
-0.0947035630
-0.0868946530
-0.0790643978
-0.0582524004
-0.0374951220
-0.0138029538
0.0100128312
0.0253431102
0.0407824957
0.0561476164
0.0644883129
0.0728357345
0.0812812413
0.0807123650
0.0801411062
0.0624740395
0.0447801722
0.0216618297
-0.0014069988
-0.0244917413
-0.0369561927
-0.0493450631
-0.0618479550
-0.0743531231
-0.0868012144
-0.0993386500
-0.1119060870
-0.1195908457
-0.1273829993
-0.1264983167
-0.1257137632
-0.1093823515
-0.0931255275
-0.0767731941
-0.0599817801
-0.0431808103
-0.0263698112
-0.0144554155
-0.0024467488
0.0094683188
0.0213927220
0.0300483024
0.0387042867
0.0397074113
0.0406988667
0.0417628488
0.0384307648
0.0351678875
0.0318852679
0.0284989461
0.0251775186
0.0370432916
0.0489077745
0.0659185333
0.0829336944
0.0998573481
0.1168720651
0.1338785284
0.1508892945
0.1628219859
0.1748359660
0.1867512724
0.2066558899
0.2265517602
0.2528935397
0.2791519948
0.3054154738
0.3317658032
0.3374977945
0.3213928032
0.2918316969
0.2622194212
0.2424235274
0.2332420340
0.2370887153
0.2554220229
0.2737544572
0.2975727783
0.3213984981
0.3385916089
0.3465073405
0.3410740346
0.3355178408
0.3195400406
0.3034973785
0.2874252815
0.2822981656
0.2882961884
0.3056253690
0.3230180711
0.3403198132
0.3575983839
0.3608548535
0.3536970999
0.3342948283
0.3148344204
0.2889687448
0.2631307589
0.2452982456
0.2275100847
0.2216165932
0.2157623091
0.2097841465
0.2054891064
0.2012393652
0.1838953129
0.1665808294
0.1449257072
0.1232072605
0.1112352222
0.0992130070
0.1005518100
0.1019466750
0.1032237810
0.1044710861
0.0997594015
0.0949237631
0.0901384026
0.0764643935
0.0627483113
0.0359204738
0.0089587535
-0.0180711010
-0.0450716685
-0.0628537525
-0.0695024408
-0.0639093031
-0.0483668281
-0.0228654702
0.0137875912
0.0632785341
0.1248019763
0.1863859610
0.2397396811
0.2799045918
0.3053822864
0.3308774115
0.3428720283
0.3547742072
0.3496467350
0.3444093613
0.3330515266
0.3216458515
0.3101321939
0.2986744949
0.2943932631
0.2901872841
0.2859532194
0.2839331379
0.2819736144
0.2799201048
0.2755323158
0.2711204181
0.2705595958
0.2700716758
0.2694941428
0.2688959466
0.2683826400
0.2677738977
0.2592476272
0.2506273016
0.2420787365
0.2224289238
0.2027576884
0.1651842045
0.1275011308
0.0898490260
0.0642022573
0.0557954320
0.0474729430
0.0390574181
0.0322753729
0.0254050620
0.0110628080
-0.0033756721
-0.0287243808
-0.0541802407
-0.0932193450
-0.1323867926
-0.1764612994
-0.2204979112
-0.2646400880
-0.2999662336
-0.3215604744
-0.3432420401
-0.3492926588
-0.3554211207
-0.3537915105
-0.3415698358
-0.3293194069
-0.3170222518
-0.3047023978
-0.2923338934
-0.2973666177
-0.3023850235
-0.3127956916
-0.3231868119
-0.3335531717
-0.3439174920
-0.3542455002
-0.3500385227
-0.3264716432
-0.2763717890
-0.2130503423
-0.1644850329
-0.1435091638
-0.1304707117
-0.1173844965
-0.1042488742
-0.1220857364
-0.1400032930
-0.1471559916
-0.1542088400
-0.1531610351
-0.1285266567
-0.1176830824
-0.1185763608
-0.0961495294
-0.0569080491
-0.0110823428
0.0348371438
0.0656937492
0.0966348841
0.1203251224
0.1440783596
0.1627431849
0.1815575105
0.2004459344
0.2193216297
0.2258172180
0.2323075209
0.2274637071
0.2060225266
0.1845851262
0.1633071502
0.1500291281
0.1368672079
0.1099084046
0.0945618685
0.0793496088
0.0783499534
0.0904720585
0.1161601915
0.1102946479
0.0943179646
0.0873012372
0.1029597614
0.1001545049
0.0974034933
0.1079844052
0.1247754665
0.1415380038
0.1302528396
0.0958460470
0.0855909157
0.0751843072
0.0645940210
0.0372337152
0.0200369089
0.0026314136
-0.0149911790
-0.0328019160
-0.0507907995
-0.0877189330
-0.1119724813
-0.1575544910
-0.2111421335
-0.2645521130
-0.3077007452
-0.3267025781
-0.3236958682
-0.3202272583
-0.3329707175
-0.3229404743
-0.2675375866
-0.1907404364
-0.1258885038
-0.1008496138
-0.0750193535
-0.0520509934
-0.0284863164
-0.0042487872
0.0203816620
0.0260883943
0.0319262112
0.0421677213
0.0430231756
0.0433629369
0.0812721703
0.1182130577
0.1284558236
0.1464665520
0.1858395483
0.2234980405
0.2477901345
0.2814993724
0.3134512162
0.3142486046
0.3017245307
0.2879030043
0.2794577466
0.2701042460
0.2496117662
0.2287289231
0.2132207185
0.1978870067
0.1692296417
0.1532925097
0.1612553623
0.1709904952
0.1773966838
0.1685220483
0.1631098149
0.1907585468
0.2140287438
0.2282094414
0.2606298207
0.2969241774
0.3453134888
0.3801050960
0.4011923959
0.4210498528
0.4356217359
0.4500261830
0.4529414811
0.4572268319
0.4783813392
0.4974110037
0.5194327791
0.5336703971
0.5473206332
0.5550290831
0.5666256896
0.5922948596
0.6224714262
0.6346490782
0.6424576023
0.6379743623
0.5880613807
0.4259317945
0.1646889193
-0.0595307559
-0.1590538659
-0.1876355737
-0.1938483056
-0.1893087611
-0.1632700305
-0.1428848994
-0.1346936849
-0.1384137621
-0.1605696258
-0.1902354035
-0.1914411269
-0.1708525868
-0.1504419088
-0.1221241997
-0.0903581366
-0.0467195489
0.0063907891
0.0374559173
0.0715018543
0.1047529209
0.1677018329
0.2084205502
0.2278065030
0.2567384670
0.2398466553
0.1902518917
0.1803529553
0.1807562724
0.1752698607
0.1654047119
0.1465430080
0.1370491479
0.1542429129
0.1699654295
0.1720119518
0.1593019696
0.1368789728
0.1237361334
0.1270509368
0.1308562388
0.1355343310
0.1411633124
0.1682330671
0.1967921940
0.2192910689
0.2272143456
0.2184402428
0.1916486976
0.1674353559
0.1458003626
0.1355694099
0.1369865402
0.1163361675
0.1237565922
0.1492096676
0.1662244593
0.1860458149
0.2278674018
0.2802652824
0.3182074590
0.3470463245
0.3652371132
0.3819431354
0.3960388126
0.4067219888
0.4133618948
0.4152364664
0.4171413388
0.4141830475
0.3985099343
0.3913845618
0.3713357634
0.3069792806
0.1794585261
0.0314356149
-0.0760495216
-0.1292656656
-0.1565802121
-0.1801729438
-0.1996160340
-0.2151402301
-0.2173157881
-0.2164857487
-0.2084488760
-0.1873352483
-0.1500797596
-0.1136742356
-0.0791353568
-0.0501823960
-0.0242391584
0.0017669624
0.0246339719
0.0446450544
0.0623619187
0.0932659332
0.1235281325
0.1540862360
0.1735071057
0.1761042218
0.1640843342
0.1548156026
0.1387436141
0.1015629722
0.0472377039
0.0116117295
0.0047918868
0.0071862196
0.0093863683
0.0067891117
0.0024333601
0.0077189063
0.0101546231
0.0165033851
0.0196234828
0.0195302951
0.0261114396
0.0302740408
0.0323946899
0.0333400446
0.0237935368
0.0016615229
-0.0329673493
-0.0662826979
-0.0977826529
-0.1186940599
-0.1361475713
-0.1452887091
-0.1405865907
-0.1343698419
-0.1370770220
-0.1946379032
-0.3011689418
-0.3874805772
-0.4287319203
-0.4548460840
-0.4943114544
-0.5305610357
-0.5619864702
-0.5788814152
-0.6024583195
-0.6180515562
-0.6082372882
-0.5810505603
-0.5500385341
-0.5212758189
-0.4982896889
-0.4994400711
-0.5001985596
-0.4978589889
-0.5029929851
-0.5072760766
-0.5109336428
-0.5301651855
-0.5572466995
-0.5678155210
-0.5659872510
-0.5611880821
-0.5796869814
-0.5959336018
-0.5952373456
-0.5932245750
-0.5770541648
-0.4924094609
-0.3198543296
-0.1848141572
-0.1544619935
-0.1727736362
-0.1817421778
-0.1837169647
-0.1870589830
-0.1949680173
-0.2038649278
-0.2136657428
-0.2243554440
-0.2423873048
-0.2616544582
-0.2628932954
-0.2657528598
-0.2705382044
-0.2798726306
-0.2911696055
-0.3043229076
-0.3187724721
-0.3340250761
-0.3575976600
-0.3803360209
-0.4067360665
-0.4307989307
-0.4519495425
-0.4651181122
-0.4749965398
-0.4818648006
-0.4863118109
-0.4975846675
-0.5082743307
-0.5037687073
-0.5005725028
-0.5096659858
-0.5325800215
-0.5582921532
-0.5749671071
-0.5934921247
-0.5980471850
-0.6025723215
-0.5979160483
-0.5909576281
-0.5755892421
-0.5472967307
-0.5079377178
-0.4643432461
-0.4395267125
-0.4306562326
-0.4091371200
-0.3584797065
-0.3073666034
-0.2730125234
-0.2397987892
-0.2005658858
-0.1450383001
-0.0913478541
-0.0341176198
0.0218226843
0.0607630827
0.0532660616
0.0091122768
-0.0119878918
0.0034120763
0.0316356077
0.0601011549
0.0805660932
0.1006248210
0.1119271691
0.1221331435
0.1250077746
0.1263438308
0.1258444001
0.1236322592
0.1195782270
0.1124348082
0.1037415428
0.0938688039
0.0965488203
0.0984343823
0.1112404237
0.1237382120
0.1359215929
0.1387156065
0.1415047737
0.1272040990
0.1131289071
0.0893127243
0.0656950201
0.0424250332
0.0286025045
0.0238904261
0.0196915422
-0.0047143437
-0.0284932686
-0.0332022066
-0.0170558975
-0.0000146065
0.0178406959
0.0131475469
-0.0039924275
-0.0093249805
0.0078717459
0.0259192351
0.0334748202
0.0416255369
0.0502851711
0.0555831151
0.0612978430
0.0607765760
0.0604544187
0.0685683735
0.0765166131
0.0915004077
0.1062195848
0.1204970592
0.1258237963
0.1305367540
0.1238213335
0.1163441942
0.0997201503
0.0823053121
0.0640783809
0.0449995011
0.0250687101
0.0042655435
-0.0106889267
-0.0264871519
-0.0320981726
-0.0384825139
-0.0314220576
-0.0251120843
-0.0116881148
0.0011930008
0.0135858205
0.0255678603
0.0371141916
0.0308612259
0.0243901398
0.0177740538
0.0073929500
-0.0029955920
-0.0289534196
-0.0548065987
-0.0646722148
-0.0742902425
-0.0836087053
-0.0967059399
-0.1094164352
-0.1100209019
-0.1100777233
-0.1096464443
-0.1153239360
-0.1205771479
-0.1253089958
-0.1294338121
-0.1331242227
-0.1363030903
-0.1389788437
-0.1411681823
-0.1428889967
-0.1502633413
-0.1571314052
-0.1636086195
-0.1698007320
-0.1921573809
-0.2251197098
-0.2578394320
-0.2903178027
-0.3096244295
-0.3132736223
-0.3168257077
-0.3202100290
-0.3233695321
-0.3264938677
-0.3294370175
-0.3323596137
-0.3305768823
-0.3245875628
-0.3078814750
-0.2910981875
-0.2741557735
-0.2572457468
-0.2542643521
-0.2633486528
-0.2586476897
-0.2447865517
-0.2396161898
-0.2343836369
-0.2243517344
-0.2142484273
-0.2142884788
-0.2141719093
-0.1999647627
-0.1856622635
-0.1773669101
-0.1908810531
-0.2043292705
-0.2084203864
-0.1862274138
-0.1482142338
-0.1270012347
-0.1056148199
-0.0662472910
0.0036104932
0.0597826308
0.0755728308
0.0792132491
0.0946454063
0.1225681566
0.1505920088
0.1850807833
0.2194770021
0.2379714965
0.2724867113
0.3213268530
0.3701928383
0.3936689825
0.4036396377
0.3944058076
0.3851045973
0.3755330908
0.3790048685
0.3734449694
0.3458460487
0.3442983799
0.3545417282
0.3646543228
0.3630066294
0.3507833866
0.3584025313
0.3776044966
0.3871864542
0.3965735895
0.4056814932
0.3970639685
0.4000811758
0.4254999500
0.4180713106
0.4300093642
0.4416565460
0.4438244081
0.4606372742
0.4771885365
0.4934561580
0.5094518299
0.5081663602
0.5066001173
0.4965143227
0.4860563353
0.4941426372
0.5020746454
0.4912090473
0.4714965905
0.4515432237
0.4471493878
0.4424557722
0.4272417051
0.4117374709
0.3906954877
0.3547851989
0.3185708112
0.2626005334
0.1870735199
0.0891154886
-0.0201787140
-0.0992475074
-0.1184434461
-0.1049199986
-0.0775158169
-0.0667315008
-0.0686138081
-0.0704406972
-0.0618951210
-0.0532698262
-0.0337065420
-0.0140407242
-0.0144251348
-0.0487095595
-0.0458597609
-0.0183852920
-0.0210499926
-0.0367779734
-0.0642962497
-0.0916401514
-0.1336138928
-0.1658687940
-0.1743961119
-0.1828812804
-0.2028237273
-0.2120550726
-0.2088383304
-0.1850939896
-0.1806382733
-0.2289775414
-0.2625476315
-0.1772761754
-0.0791099417
-0.1776214768
-0.3124728255
-0.2472284896
-0.1817241160
-0.2410526349
-0.2572680886
-0.1059410782
0.0990447882
0.2251839679
0.2559341309
0.2162852251
0.1588772874
0.1296754319
0.1269778332
0.1242139751
0.1217100638
0.1197384562
0.1288042730
0.1380485355
0.1603062688
0.1829342240
0.2176970154
0.2527143387
0.2809756808
0.2850909916
0.2656281725
0.2374397606
0.2093299389
0.1894928593
0.1697274999
0.1620833541
0.1545197058
0.1599252192
0.1763143305
0.1927879372
0.2094971838
0.2262586087
0.2343082131
0.2425393968
0.2507843098
0.2523213194
0.2539976069
0.2556368708
0.2535218013
0.2515019391
0.2493896852
0.2542121874
0.2589198244
0.2720928729
0.2852126586
0.2982560321
0.3112147722
0.3134243607
0.3155001973
0.3072170000
0.2988388465
0.2837558204
0.2684540918
0.2529482962
0.2372894042
0.2213083131
0.2050643744
0.1953494542
0.1973939048
0.2150683019
0.2481348021
0.2809445079
0.3135204211
0.3373136336
0.3497732670
0.3518090888
0.3443647403
0.3234739879
0.3022650008
0.2701922111
0.2377087828
0.2050189689
0.1719329848
0.1471617203
0.1221119072
0.1042933943
0.0863072268
0.0680308477
0.0543481419
0.0404845600
0.0316949622
0.0227683247
0.0137909257
0.0046294552
-0.0175191609
-0.0398129154
-0.0311602884
0.0086758877
0.0383474308
0.0395398176
0.0406982360
0.0419302656
0.0433294073
0.0447371501
0.0354349817
0.0262642578
0.0067477189
-0.0126707245
-0.0379386038
-0.0630406141
-0.0880373619
-0.1129540364
-0.1377887975
-0.1468007242
-0.1554466781
-0.1500333383
-0.1325133995
-0.1004721126
-0.0686727619
-0.0713120016
-0.0862283445
-0.0949337679
-0.1024335840
-0.1006832997
-0.0851635941
-0.0848029645
-0.1006529567
-0.1189490644
-0.1307764984
-0.1243342678
-0.0480428032
0.1421859670
0.3327583350
0.4025955298
0.3685948428
0.3315010624
0.3248025867
0.3202728949
0.3185178289
0.3183396194
0.3422069457
0.3633680254
0.3672322970
0.3549469316
0.3427120090
0.3469403366
0.3520842721
0.3457270307
0.3495658949
0.3524517547
0.3315705750
0.3103347256
0.3056495177
0.3011816559
0.2969162278
0.2927243873
0.2885780378
0.2639047317
0.2393034658
0.2204213344
0.2018227916
0.1928645209
0.1611034709
0.1384242989
0.1363075387
0.1347723080
0.1528310808
0.1715391454
0.1821319599
0.1932694076
0.2040000931
0.2154074261
0.2331340861
0.2514678500
0.2702774197
0.2761650002
0.2725871565
0.2692290006
0.2661121809
0.2515228287
0.2368557198
0.2040610840
0.1346763458
0.0431880465
-0.0272942170
-0.0708108302
-0.1152541058
-0.1606130571
-0.1801565801
-0.2009075069
-0.2132557637
-0.2083953757
-0.2047148328
-0.2140670412
-0.2246275029
-0.2270080375
-0.2251416185
-0.2240723030
-0.2366586334
-0.2493910966
-0.2618691644
-0.2697133282
-0.2767421298
-0.2827057450
-0.2874065806
-0.2986524204
-0.3086285338
-0.3173597631
-0.3340585709
-0.3500570736
-0.3655768878
-0.3808976907
-0.3957434597
-0.4106612431
-0.3496774237
-0.2663682138
-0.2414724735
-0.2543077200
-0.2659124763
-0.2468919049
-0.2262637837
-0.2039895256
-0.1805870838
-0.1530437673
-0.1260854301
-0.1169923441
-0.1194247692
-0.1252028842
-0.1226776516
-0.1244846734
-0.1223876296
-0.1243558656
-0.1290321607
-0.1343248172
-0.1462498933
-0.1673658189
-0.1978065382
-0.2387151905
-0.2758449985
-0.3139783107
-0.3421655702
-0.3720445476
-0.3999865387
-0.4210796707
-0.4441949067
-0.4754734812
-0.5112783175
-0.5466718380
-0.5729719938
-0.5946278865
-0.6217109617
-0.6570654119
-0.6837913865
-0.7055130314
-0.7218852442
-0.7399112521
-0.7522867253
-0.7631811509
-0.7667743812
-0.7589548277
-0.7440005193
-0.7437221840
-0.7400172111
-0.7401988454
-0.7516490912
-0.7429199619
-0.7000482187
-0.6461048076
-0.6155214529
-0.5870415095
-0.5657568080
-0.5657005060
-0.5923144137
-0.6132466725
-0.6092073749
-0.6074536511
-0.6116835794
-0.6189661618
-0.6334252704
-0.6300316142
-0.6108348717
-0.6147480118
-0.6351240219
-0.6525559742
-0.6604812380
-0.6680322359
-0.6784839984
-0.6892026735
-0.7119658670
-0.7200341280
-0.6844466114
-0.6463617899
-0.6201030524
-0.6216401930
-0.6390981378
-0.6430896042
-0.6226162285
-0.6001336359
-0.5738953239
-0.5352626641
-0.4942524277
-0.4544597871
-0.4111109092
-0.3711436959
-0.3271323976
-0.2959137395
-0.2800513244
-0.2643704210
-0.2485198219
-0.2324437662
-0.2100588127
-0.1873687532
-0.1679658399
-0.1482352297
-0.1061237892
-0.0637263023
-0.0210794281
0.0032387914
0.0276216677
0.0725015149
0.0970696791
0.1067428604
0.1669525265
0.1966743662
0.2006360754
0.2209751894
0.2561037787
0.2687828320
0.2793052098
0.2875093581
0.3115696913
0.3335051690
0.3335567895
0.3316946227
0.3438788664
0.3543372001
0.3634624294
0.3535751409
0.3540800701
0.3536758970
0.3527175349
0.3512867964
0.3590747771
0.3574892435
0.3391678375
0.3090191599
0.2788767366
0.2276343698
0.1553939690
0.0549557898
-0.0162194552
-0.0077432309
0.0294984937
0.0436605800
0.0319346319
0.0208052101
0.0104539565
-0.0154074403
-0.0405632687
-0.0402462453
0.0062677871
0.0758621407
0.1187425414
0.1438324152
0.1796103365
0.2159643860
0.2329117870
0.2363715492
0.2400864186
0.2371947001
0.2344666174
0.2318257516
0.2291675868
0.2263200545
0.2233494875
0.2283305292
0.2329197265
0.2370277459
0.2405432295
0.2432734141
0.2452779410
0.2442065946
0.2421661847
0.2391392496
0.2351609450
0.2301666311
0.2239116983
0.2123097007
0.1987401261
0.1898424440
0.1796881852
0.1795827682
0.1801621554
0.1809143618
0.1664852469
0.1469698276
0.1206501619
0.1029182173
0.0978420543
0.1091876689
0.1387349404
0.1867907440
0.2277055035
0.2518520097
0.2483449134
0.2274763118
0.2180080823
0.2311105676
0.2790497076
0.3300573222
0.3527311567
0.3205320167
0.2538902593
0.1487344196
0.0157441141
-0.0702853631
-0.0969093879
-0.1054930120
-0.1282179595
-0.1663481247
-0.1965710545
-0.2218786428
-0.2288071539
-0.2248496334
-0.2158963485
-0.2075625690
-0.2097430638
-0.2133974124
-0.2153951350
-0.2189634143
-0.2172287710
-0.2158095942
-0.2111541210
-0.2044283591
-0.1860750261
-0.1664828713
-0.1458393395
-0.1236447017
-0.1014138107
-0.0796589165
-0.0537814234
-0.0199128214
0.0223518193
0.0646941714
0.0998336157
0.1228449100
0.1396102946
0.1591640848
0.1819750148
0.2095535143
0.2400496470
0.2725471647
0.3058410521
0.3386351139
0.3789219518
0.4161253690
0.4564193350
0.4917309262
0.5211277329
0.5481959475
0.5686609862
0.5833277987
0.5976353242
0.6097335854
0.6213670730
0.6339676501
0.6478955389
0.6633625049
0.6680888658
0.6602671705
0.6541779623
0.6372012150
0.6204402609
0.5941808755
0.5640446241
0.5197452570
0.4687572422
0.4109714329
0.3600908451
0.3038390847
0.2582896658
0.2094035590
0.1735197820
0.1369887527
0.1194326493
0.1041676096
0.0943207372
0.0880466593
0.0851276494
0.0810834212
0.0793920210
0.0791818126
0.0754049002
0.0717504337
0.0676407003
0.0576222794
0.0468175623
0.0355834955
0.0241556005
0.0100246995
-0.0031977150
-0.0148634168
-0.0243516127
-0.0335819238
-0.0399631988
-0.0434533206
-0.0506800267
-0.0551417189
-0.0570595981
-0.0567593340
-0.0543531524
-0.0501945841
-0.0445249029
-0.0434719211
-0.0411905120
-0.0379599341
-0.0337851492
-0.0286401741
-0.0085569140
0.0252289822
0.0498192700
0.0586057309
0.0230442647
-0.0507955016
-0.0904159338
-0.0841032013
-0.0775792471
-0.0887506844
-0.0999950636
-0.1115011233
-0.1234864813
-0.1358634297
-0.1488196570
-0.1578641362
-0.1676320970
-0.1729132653
-0.1635414596
-0.1549058286
-0.1471118575
-0.1402816991
-0.1271119139
-0.1148298855
-0.0959470384
-0.0778523164
-0.0659437401
-0.0547850508
-0.0279501223
0.0195852012
0.0663253220
0.0608202700
0.0119007885
-0.0377037246
-0.0255861351
0.0313427032
0.0744398615
0.0799086309
0.0439009209
-0.0064092794
-0.0355254272
-0.0649277316
-0.1152899428
-0.1657664716
-0.1848225572
-0.1784543606
-0.1722070581
-0.1900218609
-0.2078351954
-0.2176226648
-0.2274185899
-0.2371209394
-0.2322602859
-0.2272458946
-0.1964406959
-0.1004000453
0.0479680687
0.1295547754
0.1264792379
0.1128851122
0.1272627374
0.1521800436
0.1680865104
0.1737594049
0.1796673863
0.1754959627
0.1715470913
0.1601740075
0.1489123615
0.1379473004
0.1271709585
0.1067956167
0.0866748153
0.0752379998
0.0638826653
0.0423929933
0.0210428711
-0.0001453595
-0.0212827810
-0.0421882781
-0.0572940257
-0.0723413447
-0.0791805583
-0.0859625251
-0.0925236886
-0.0999775342
-0.1073030406
-0.1144938763
-0.1241383730
-0.1336528491
-0.1430494134
-0.1523193249
-0.1615595968
-0.1705895831
-0.1845772566
-0.1984458878
-0.2122040584
-0.2259399445
-0.2300360011
-0.2339231022
-0.2260091658
-0.2178811443
-0.2096360169
-0.2004936944
-0.1822894647
-0.1509987676
-0.1195546675
-0.1129018504
-0.1282303249
-0.1434690494
-0.1540128114
-0.1644662762
-0.1848214577
-0.2050267571
-0.2337006723
-0.2526066604
-0.2375396817
-0.2044445743
-0.1921440064
-0.2058051390
-0.2194451636
-0.1944858547
-0.1339705217
-0.0514825513
0.0310572257
0.0714872326
0.0723615717
0.0731521081
0.0901813837
0.1071272113
0.1241677826
0.1411096686
0.1600214493
0.1788353242
0.1977190332
0.2164847807
0.2380654158
0.2596042121
0.2811139113
0.2966457691
0.3020730508
0.2935093011
0.2849488134
0.2671885549
0.2492327746
0.2312595876
0.2131612433
0.2034622649
0.2061096368
0.2087425332
0.2112721043
0.2069882881
0.2025927476
0.1981652112
0.1782298578
0.1582512433
0.1720714431
0.1857827640
0.1907976318
0.1956961989
0.2004782611
0.2051440855
0.2066009811
0.1975424058
0.1764047372
0.1552188311
0.1320798698
0.1165387270
0.1171885593
0.1178119107
0.1319011367
0.1458896477
0.1598758625
0.1610520241
0.1345383776
0.0986277221
0.0728815970
0.0599981564
0.0469957157
0.0304690470
0.0137359765
0.0177112450
0.0605364244
0.1613068533
0.2622361299
0.2983859323
0.3066793734
0.3148235395
0.3329827937
0.3510176352
0.3545821401
0.3581053463
0.3614962507
0.3549702619
0.3484049850
0.3305373755
0.3022190820
0.2558119997
0.2092254155
0.1696323715
0.1461185787
0.1226594224
0.1040520401
0.0855060325
0.0669255170
0.0483247633
0.0330446138
0.0178379496
0.0025256350
-0.0127179569
-0.0223875751
-0.0321396773
-0.0418280191
-0.0418836356
-0.0419335251
-0.0308968038
-0.0199117857
-0.0165610446
-0.0218751411
-0.0270929647
-0.0323951013
-0.0339075945
-0.0354104913
-0.0368927698
-0.0313299417
-0.0258261838
-0.0160178551
-0.0061826621
0.0036710455
0.0135478892
0.0233593620
0.0332730560
0.0293724170
0.0253899948
0.0214102334
0.0174322538
0.0009913851
-0.0154540973
-0.0438748503
-0.0723038938
-0.0790313322
-0.0605129950
-0.0225367187
0.0154529848
0.0281436572
0.0409230550
0.0537139827
0.0790479740
0.1043243460
0.1388839283
0.1872294792
0.2559644447
0.2898873235
0.2527712828
0.2030397819
0.1956112029
0.2082596733
0.2041513259
0.1713124767
0.1385211639
0.0966356197
0.0546997232
0.0126827481
-0.0103154907
-0.0332811006
-0.0563751421
-0.0795201668
-0.1237579711
-0.1476265359
-0.0665600486
0.0485437039
0.1005603608
0.0972767755
0.0939660324
0.0906241302
0.0872536067
0.0682981568
0.0493029900
0.0382490929
0.0272467558
0.0212759925
0.0152753840
0.0092430106
0.0049004342
0.0005289948
-0.0115138142
-0.0235958820
-0.0394885774
-0.0555081331
-0.0714736128
-0.0861091851
-0.1007714762
-0.1154710381
-0.1389583335
-0.1624988661
-0.1859795306
-0.1974791991
-0.1931074550
-0.1731804407
-0.1407201901
-0.1082121923
-0.0756994324
-0.0535447423
-0.0467601231
-0.0398870229
-0.0331005850
-0.0294023660
-0.0256203882
-0.0219189053
-0.0182191085
-0.0145122570
-0.0120056061
-0.0095802578
-0.0137651141
-0.0178651457
-0.0219641479
-0.0229697013
-0.0240554921
-0.0297740317
-0.0214002143
0.0041837096
0.0297077629
0.0391267151
0.0484777035
0.0669602297
0.0854713548
0.1040215461
0.1086032159
0.1031507421
0.0844794524
0.0520484736
0.0197023450
0.0005641065
-0.0014743881
-0.0034939993
-0.0192361517
-0.0350664630
-0.0507986135
-0.0531228978
-0.0553393909
-0.0497986311
-0.0442303189
-0.0503158710
-0.0563793286
-0.0624265076
-0.0595145026
-0.0565729604
-0.0536004458
-0.0589322754
-0.0643252059
-0.0696092991
-0.0766752328
-0.0838064367
-0.0908272007
-0.0978271056
-0.1048023014
-0.1153656565
-0.1259063006
-0.1364301750
-0.1507098038
-0.1648920317
-0.1858404498
-0.2067860082
-0.2277144531
-0.2486386457
-0.2559704979
-0.2632894664
-0.2591460442
-0.2548769577
-0.2432727481
-0.2316191784
-0.2199254505
-0.2082670913
-0.2054175201
-0.2026162731
-0.2075130258
-0.2123823122
-0.2172220931
-0.2294261840
-0.2416065430
-0.2537705096
-0.2713219883
-0.2888687039
-0.3063911996
-0.3240699696
-0.3418200571
-0.3486484487
-0.3555304369
-0.3489910816
-0.3424884770
-0.3358678660
-0.3231863485
-0.2816675837
-0.2198159614
-0.1689271911
-0.1366143030
-0.1212385873
-0.1058208073
-0.1021211014
-0.0984706355
-0.1069057878
-0.1152254715
-0.1322049377
-0.1492497009
-0.1548559188
-0.1604353542
-0.1659889187
-0.1715151054
-0.1720328248
-0.1725188487
-0.1728890809
-0.1672136734
-0.1614988963
-0.1557494469
-0.1468654692
-0.1379454299
-0.1289824266
-0.1199813176
-0.1109380335
-0.1018570800
-0.0957451802
-0.0895923445
-0.0833141789
-0.0770917488
-0.0707448265
-0.0658272792
-0.0608712874
-0.0620597503
-0.0741429198
-0.1048490735
-0.1356543206
-0.1663655220
-0.1956303675
-0.2248877836
-0.2597448835
-0.2945994050
-0.3240559415
-0.3431095876
-0.3478195745
-0.3364328474
-0.3249235548
-0.3134557529
-0.3018660414
-0.3014135077
-0.3009255329
-0.2874432829
-0.2652434628
-0.2281317911
-0.1544201728
-0.0807192360
-0.0514913730
-0.0564972642
-0.0615812920
-0.0575286006
-0.0534509800
-0.0493492908
-0.0484785664
-0.0475065829
-0.0465968699
-0.0546810620
-0.0770220337
-0.0993571102
-0.1265173259
-0.1535890069
-0.1807656699
-0.2078532922
-0.2350441094
-0.2581109704
-0.2811148101
-0.2969784757
-0.3127544131
-0.3174488283
-0.3221234859
-0.3170837923
-0.3119310411
-0.2973130484
-0.2825652289
-0.2502718639
-0.2179954295
-0.1800181468
-0.1418839460
-0.1141045692
-0.1027724124
-0.1086003074
-0.1144239506
-0.1202379739
-0.1260479925
-0.1318500244
-0.1376483041
-0.1434394070
-0.1492276740
-0.1479637283
-0.1467748009
-0.1393882865
-0.1318971989
-0.1167457408
-0.1016498394
-0.0818090541
-0.0619334497
-0.0421227924
-0.0327608239
-0.0233000596
-0.0253364178
-0.0273667330
-0.0293959282
-0.0314203645
-0.0342164270
-0.0370962280
-0.0398895826
-0.0427666403
-0.0392011618
-0.0356282071
-0.0320485620
-0.0285496650
-0.0210926046
-0.0137128562
-0.0063226451
0.0036508905
0.0137244046
0.0237189466
0.0337256597
0.0438255537
0.0481805936
0.0526217813
0.0569818238
0.0568749642
0.0566786606
0.0565651501
0.0564477679
0.0562402288
0.0655671148
0.0748965431
0.0963505608
0.1179019382
0.1285609478
0.1253030452
0.1219547377
0.1281262505
0.1343875056
0.1405575418
0.1405386903
0.1406082633
0.1405690742
0.1405313035
0.1339501131
0.1274398173
0.1208185252
0.1092935056
0.0976522128
0.0859941749
0.0743061106
0.0626862910
0.0509498257
0.0468416000
0.0427131308
0.0469897275
0.0512577600
0.0555164448
0.0630327824
0.0705414327
0.0780445406
0.0855397721
0.0930290132
0.0892568952
0.0854625070
0.0709965751
0.0565809963
0.0377582067
0.0188904532
-0.0000904838
-0.0190268611
-0.0327618514
-0.0466158584
-0.0501796975
-0.0537776118
-0.0481935413
-0.0300779778
-0.0119715464
0.0156003067
0.0431709823
0.0708474899
0.0984370218
0.1260455890
0.1537402893
0.1726863263
0.1916299246
0.2037793186
0.2160123768
0.2217940291
0.2276422122
0.2269530744
0.2263209086
0.2193907525
0.2125267488
0.2056251568
0.1986157762
0.1908846614
0.1831262461
0.1752480145
0.1674288024
0.1594892268
0.1516087593
0.1421459776
0.1327401437
0.1232118996
0.1137400362
0.1041461030
0.1001068804
0.0960377198
0.0919421008
0.0916859566
0.0914050369
0.0911864737
0.0908587413
0.0920530277
0.0933107400
0.0944604862
0.0955874632
0.0966912584
0.0978589754
0.0989176262
0.0999542118
0.1009664484
0.0955139602
0.0899419478
0.0843441289
0.0787134108
0.0730552783
0.0673642534
0.0715261807
0.0755830320
0.0797060151
0.0886220066
0.0976072459
0.1064945002
0.1177708542
0.1291245457
0.1403767949
0.1440584292
0.1476334701
0.1435404484
0.1394218732
0.1352724860
0.1305831335
0.1259497027
0.1212023688
0.1171138711
0.1130001168
0.1088558560
0.1046871963
0.1004906474
0.0962674719
0.0898670296
0.0834407963
0.0769825566
0.0705839505
0.0640656524
0.0630256750
0.0619553155
0.0686007209
0.0753150296
0.0859656633
0.0966105142
0.1072416965
0.1114214159
0.1154971608
0.1195582881
0.1183605396
0.1171414555
0.1158998494
0.1146369854
0.1132669709
0.1216736851
0.1299800076
0.1461850732
0.1623821199
0.1785832943
0.1955487918
0.2126064345
0.2296566092
0.2421596267
0.2546454343
0.2611274649
0.2675820287
0.2740357503
0.2804799596
0.2835577812
0.2867117269
0.2897619734
0.2841215531
0.2785414040
0.2629822437
0.2474660391
0.2319251354
0.2154831036
0.1990164494
0.1825117901
0.1659807703
0.1494113244
0.1363389516
0.1232331251
0.1101053221
0.0969441924
0.0858214715
0.0745847030
0.0633269727
0.0521262355
0.0472619611
0.0422905174
0.0475313561
0.0526800812
0.0676131935
0.0825563507
0.0974979147
0.1124498395
0.1180367432
0.1237061855
0.1292845513
0.1294449891
0.1295958604
0.1297366521
0.1261738615
0.1225973680
0.1190946160
0.1154925110
0.1119647119
0.1083378924
0.1046999185
0.1037141012
0.1026326455
0.1015424253
0.1004445241
0.1003688678
0.1002859929
0.1001968327
0.1000150935
0.0999134599
0.0998054161
0.0996912345
0.0994860363
0.0993610053
0.1048144063
0.1102709794
0.1157267019
0.1212712149
0.1229508209
0.1246277266
0.1188280079
0.1130164029
0.1071977260
0.0967274909
0.0862461636
0.0757479292
0.0652389832
0.0548000866
0.0428911978
0.0310501368
0.0191985191
0.0073291195
-0.0045502850
-0.0164450492
-0.0283498370
-0.0331381270
-0.0379366355
-0.0427369207
-0.0413552476
-0.0399666297
-0.0290459971
-0.0181073670
-0.0071614889
0.0027717348
0.0127104817
0.0155326108
0.0184438807
0.0212748893
0.0206735851
0.0200749426
0.0193900938
0.0187940704
0.0181131951
0.0175206592
0.0230303064
0.0286364493
0.0341648579
0.0397897387
0.0460238757
0.0522699959
0.0585244035
0.0647921848
0.0678893700
0.0710827172
0.0742815433
0.0774899150
0.0777844597
0.0780846130
0.0783034555
0.0786148585
0.0746354814
0.0706572633
0.0667674348
0.0559169578
0.0451497430
0.0343752699
0.0235990737
0.0127288229
0.0019425222
-0.0088510852
-0.0138905204
-0.0189293978
-0.0239649834
-0.0289998524
-0.0292201507
-0.0293465636
-0.0295525898
-0.0232183477
-0.0167864149
-0.0104233794
-0.0039623206
0.0024305464
0.0089220255
0.0153452650
0.0218659618
0.0209295423
0.0200863580
0.0191649009
0.0103477133
0.0014420861
-0.0073756706
-0.0167121212
-0.0260463162
-0.0353832979
-0.0396494701
-0.0439973081
-0.0482533980
-0.0496685939
-0.0510750482
-0.0525603071
-0.0539500356
-0.0553325564
-0.0567060795
-0.0566095594
-0.0565022363
-0.0563856147
-0.0562588733
-0.0517367216
-0.0472026154
-0.0426507830
-0.0380856582
-0.0339323704
-0.0296799246
-0.0254973969
-0.0251671986
-0.0248243743
-0.0244717350
-0.0257396928
-0.0269977515
-0.0281613867
-0.0293999119
-0.0305438792
-0.0317628369
-0.0328853311
-0.0340853617
-0.0289141837
-0.0237303785
-0.0184410357
-0.0109896237
-0.0035155254
0.0039742777
0.0114867840
0.0147193978
0.0179689284
0.0212307927
0.0176345240
0.0140466828
0.0104662025
0.0016527536
-0.0070752943
-0.0157974295
-0.0245207532
-0.0268806403
-0.0292332509
-0.0255622407
-0.0219593137
-0.0182577828
-0.0146252512
-0.0109772992
-0.0072281264
-0.0134309124
-0.0196307158
-0.0326947305
-0.0456810440
-0.0587506048
-0.0717406576
-0.0848149972
-0.0914504927
-0.0981640046
-0.1047902040
-0.1054822193
-0.1060775544
-0.1066618261
-0.1018213545
-0.0969664712
-0.0920938940
-0.0872060955
-0.0797213526
-0.0722208271
-0.0646134285
-0.0570749485
-0.0494285992
-0.0418521940
-0.0342537635
-0.0330822513
-0.0318994691
-0.0369749593
-0.0420486511
-0.0471132418
-0.0546675227
-0.0623011909
-0.0699361442
-0.0774795486
-0.0851081507
-0.0926460849
-0.1002701292
-0.1078037012
-0.1154226304
-0.1230362356
-0.1305655251
-0.1381752272
-0.1456991580
-0.1508978259
-0.1560944815
-0.1611994031
-0.1615736892
-0.1620248470
-0.1623806099
-0.1589468291
-0.1554980489
-0.1520381368
-0.1485626740
-0.1450759592
-0.1408874965
-0.1367722058
-0.1326425140
-0.1284141641
-0.1242561256
-0.1248985215
-0.1254458877
-0.1260710525
-0.1266870834
-0.1272102434
-0.1278112591
-0.1284036297
-0.1217696379
-0.1150362921
-0.1083697445
-0.1016922827
-0.0961131785
-0.0906084082
-0.0850884385
-0.0795559822
-0.0752973325
-0.0711134335
-0.0668299161
-0.0626222669
-0.0563386410
-0.0501289767
-0.0428713700
-0.0356879727
-0.0294321672
-0.0230788122
-0.0167969211
-0.0161724638
-0.0155399239
-0.0148151934
-0.0208720672
-0.0268405793
-0.0328101608
-0.0387786610
-0.0448350567
-0.0508030846
-0.0567733114
-0.0627417688
-0.0687201742
-0.0747677457
-0.0829739931
-0.0912664793
-0.0994784540
-0.1077770140
-0.1160819303
-0.1181150845
-0.1202323091
-0.1222602132
-0.1211913369
-0.1200298194
-0.1188628477
-0.1177757629
-0.1165974080
-0.1154991935
-0.1143083139
-0.1131984902
-0.1047768741
-0.0963456732
-0.0878992655
-0.0795283691
-0.0742358367
-0.0690215964
-0.0637964787
-0.0639757592
-0.0642382366
-0.0644969969
-0.0647533001
-0.0650060739
-0.0575214066
-0.0500289488
-0.0426079861
-0.0289086042
-0.0152725160
-0.0015380643
0.0122172406
0.0258996917
0.0396860700
0.0442129078
0.0488291788
0.0533704195
0.0510348374
0.0487022848
0.0463723299
0.0409531150
0.0354355671
0.0299170123
0.0243928972
0.0188656938
0.0133324380
0.0077962290
0.0022539831
-0.0032915951
-0.0050629836
-0.0069202524
-0.0087795479
-0.0105523785
-0.0122425649
-0.0138471429
-0.0154532964
-0.0170600015
-0.0199574670
-0.0227715399
-0.0256750851
-0.0284950389
-0.0314043342
-0.0293337574
-0.0272601595
-0.0251852609
-0.0199282212
-0.0146672596
-0.0093141124
-0.0040434359
0.0012330705
0.0065131386
0.0117998169
0.0112474272
0.0106927768
0.0101362618
0.0024459192
-0.0052517119
-0.0129614298
-0.0206769991
-0.0271169946
-0.0335618306
-0.0400183374
-0.0444187625
-0.0488274516
-0.0532404219
-0.0576615569
-0.0620013618
-0.0664355048
-0.0702731319
-0.0740316183
-0.0778817094
-0.0817388714
-0.0807049044
-0.0796708658
-0.0785536971
-0.0775226976
-0.0767510911
-0.0758948017
-0.0750413862
-0.0742745706
-0.0753148175
-0.0763587394
-0.0773202926
-0.0783726100
-0.0794282296
-0.0804879731
-0.0815520606
-0.0826214414
-0.0836934229
-0.0811616624
-0.0787172119
-0.0761861402
-0.0691038169
-0.0619287937
-0.0548386274
-0.0413824504
-0.0278349703
-0.0143571927
-0.0002730371
0.0138268412
0.0279336802
0.0327744663
0.0377000628
0.0425436116
0.0455808108
0.0486197800
0.0516560279
0.0546932230
0.0576407206
0.0606757887
0.0600133682
0.0592609171
0.0585033929
0.0525818977
0.0465686284
0.0405410044
0.0345904101
0.0285420452
0.0224847621
0.0170150598
0.0115386005
0.0059630224
0.0004658528
-0.0050451104
-0.0132266703
-0.0213387131
-0.0295467573
-0.0376854590
-0.0412809290
-0.0447997822
-0.0411109462
-0.0374203692
-0.0269454529
-0.0165459441
-0.0061450963
0.0055552419
0.0173447875
0.0290600579
0.0408644376
0.0495858559
0.0583952292
0.0672114874
0.0698439306
0.0724739099
0.0751023470
0.0736029299
0.0721840971
0.0706713879
0.0692389816
0.0677143083
0.0727118606
0.0777109847
0.0827095337
0.0895136953
0.0964042714
0.1032997810
0.1065860914
0.1098685383
0.1131557481
0.1119642345
0.1107762484
0.1095746970
0.1027007754
0.0957256788
0.0888260362
0.0755506890
0.0623491388
0.0490368821
0.0357974980
0.0226183019
0.0095128308
-0.0037033984
-0.0123791297
-0.0210728224
-0.0298627935
-0.0330844543
-0.0363136408
-0.0395499419
-0.0427953423
-0.0429556335
-0.0431212363
-0.0432906809
-0.0434656062
-0.0438179591
-0.0441755902
-0.0445377319
-0.0449046123
-0.0462225141
-0.0476316522
-0.0490469916
-0.0503819504
-0.0518100860
-0.0532433900
-0.0514182394
-0.0496812019
-0.0479468357
-0.0395999765
-0.0312469244
-0.0228925219
-0.0123815888
-0.0018682792
0.0086556283
0.0191826139
0.0255089549
0.0317491866
0.0380790849
0.0444099571
0.0475655991
0.0508043016
0.0539582610
0.0571955943
0.0604332366
0.0635833484
0.0668196902
0.0700536161
0.0732021658
0.0696487931
0.0660853619
0.0624296174
0.0555855145
0.0486465077
0.0417800223
0.0348184244
0.0345474348
0.0341859605
0.0339064993
0.0390349083
0.0441665944
0.0492997336
0.0543494978
0.0539869201
0.0536199355
0.0532493739
0.0504688975
0.0477683396
0.0449759203
0.0421765727
0.0422920904
0.0423201378
0.0423432440
0.0424497441
0.0424661590
0.0425670908
0.0425780819
0.0399236734
0.0371750801
0.0345085939
0.0317496936
0.0290710314
0.0263859940
0.0236103775
0.0209142472
0.0181269233
0.0154200579
0.0127078131
0.0145435705
0.0164642712
0.0182998657
0.0233126297
0.0282429478
0.0331749844
0.0377508652
0.0426825881
0.0477037671
0.0526353787
0.0575676765
0.0594033883
0.0612353854
0.0631464326
0.0649671513
0.0667795678
0.0685869655
0.0703877752
0.0722664368
0.0677070494
0.0631400771
0.0586549495
0.0540773154
0.0481268769
0.0422574923
0.0363029004
0.0304317782
0.0275542289
0.0246754107
0.0217126279
0.0188352161
0.0197127942
0.0205022877
0.0213751929
0.0222450021
0.0230274750
0.0238916435
0.0246674839
0.0187280264
0.0127981358
0.0068750727
0.0009646735
-0.0050207864
-0.0109078879
-0.0168668266
-0.0191751539
-0.0214774826
-0.0238542467
-0.0232727010
-0.0226044263
-0.0220180385
-0.0214289709
-0.0171427211
-0.0128664062
-0.0085973294
0.0000121294
0.0086854676
0.0172444762
0.0258625052
0.0346978470
0.0435040026
0.0522739247
0.0571038637
0.0619912537
0.0613828885
0.0608524280
0.0532027318
0.0455780946
0.0379763246
0.0279319563
0.0179209895
0.0079529956
0.0024561590
-0.0030155445
-0.0085470144
-0.0102900526
-0.0121066394
-0.0138294157
-0.0156247955
-0.0173268199
-0.0190990779
-0.0208599883
-0.0200205631
-0.0192632468
-0.0184256457
-0.0176700703
-0.0169166840
-0.0160837351
-0.0195774977
-0.0231278910
-0.0265749104
-0.0322268656
-0.0377640996
-0.0433382845
-0.0487958403
-0.0498612517
-0.0509129867
-0.0519489159
-0.0495100725
-0.0470012083
-0.0445790382
-0.0420886704
-0.0396855320
-0.0372925648
-0.0348323585
-0.0324611916
-0.0300230482
-0.0248184278
-0.0196446889
-0.0145076835
-0.0094042549
-0.0050267555
-0.0006810017
0.0035554031
0.0031199302
0.0026116626
0.0021075896
0.0016082998
0.0012646597
0.0009237704
0.0005866259
0.0002531265
0.0011918687
0.0021226165
0.0030469041
0.0039621236
0.0048704499
0.0057693654
0.0066604456
0.0076157656
0.0084896709
0.0086964734
0.0088289488
0.0090313763
0.0119815733
0.0149003597
0.0177186584
0.0205764596
0.0234038106
0.0261979081
0.0288894345
0.0316184302
0.0333241513
0.0350054473
0.0366638418
0.0382977922
0.0399071298
0.0414214441
0.0397144441
0.0380193203
0.0362658245
0.0345944495
0.0317672178
0.0289669053
0.0261911166
0.0235118885
0.0207895025
0.0180964673
0.0154296991
0.0127924864
0.0101830248
0.0076032367
0.0019959228
-0.0035410676
-0.0090112587
-0.0144091780
-0.0197382310
-0.0249931983
-0.0248416331
-0.0246865221
-0.0245292948
-0.0230820972
-0.0216484388
-0.0201671775
-0.0187644417
-0.0189631997
-0.0190926767
-0.0192791049
-0.0194585865
-0.0224420865
-0.0253791219
-0.0283305451
-0.0311719572
-0.0339637905
-0.0366476022
-0.0392814034
-0.0418684738
-0.0403511585
-0.0387868539
-0.0372959811
-0.0320517572
-0.0269402573
-0.0218398326
-0.0165791534
-0.0113938266
-0.0062897322
-0.0012624228
0.0020005814
0.0052113884
0.0083681352
0.0114717639
0.0145204513
0.0175152081
0.0204537983
0.0233389154
0.0261106201
0.0247600258
0.0234255189
0.0221069237
0.0193755861
0.0166850138
0.0140378129
0.0144113989
0.0147730913
0.0151233745
0.0165821883
0.0180091770
0.0194029692
0.0207119539
0.0220398766
0.0214081911
0.0207285563
0.0201049319
0.0194853025
0.0175936200
0.0156818120
0.0138491914
0.0120471772
0.0102238216
0.0084820184
0.0067695963
0.0050873031
0.0033858527
0.0017649093
0.0010929786
0.0003842515
-0.0002648887
-0.0009497579
-0.0003460674
0.0001950644
0.0007220879
0.0012349594
0.0017330511
0.0000590027
-0.0015367377
-0.0031442268
-0.0047179475
-0.0062570907
-0.0076285728
-0.0089682338
-0.0102771037
-0.0115978046
-0.0141052775
-0.0165067781
-0.0188913661
-0.0212143319
-0.0234751857
-0.0256307149
-0.0256300621
-0.0255773696
-0.0255165332
-0.0254455460
-0.0233292156
-0.0212590857
-0.0192335103
-0.0161791285
-0.0131996598
-0.0103373438
-0.0075108620
-0.0047634016
-0.0020924701
-0.0014006653
-0.0007693682
-0.0001226306
0.0005014701
0.0011020732
0.0016438958
0.0017302284
0.0017729483
0.0018081989
0.0018715051
0.0018914541
0.0011469412
0.0004208199
-0.0002871798
-0.0009767128
-0.0016480468
-0.0023011649
-0.0008926724
0.0004932284
0.0018243947
0.0031003830
0.0045706281
0.0059461739
0.0072901385
0.0085700466
0.0086002767
0.0086133073
0.0086093320
0.0073282111
0.0060513834
0.0048100625
0.0024688494
0.0002092907
-0.0019701410
-0.0040695499
-0.0061685336
-0.0082104511
-0.0101700239
-0.0120464030
-0.0138167008
-0.0149160146
-0.0159622493
-0.0169555015
-0.0178966327
-0.0187853399
-0.0196461111
-0.0200706242
-0.0204845133
-0.0208641045
-0.0212104062
-0.0215232842
-0.0218039100
-0.0213921007
-0.0209609277
-0.0205520031
-0.0201249235
-0.0197194545
-0.0188582862
-0.0180227624
-0.0172120788
-0.0164447111
-0.0156827462
-0.0149456351
-0.0138020600
-0.0127063498
-0.0116569982
-0.0106704866
-0.0097123416
-0.0089252617
-0.0081746199
-0.0074758489
-0.0067966573
-0.0061527352
-0.0055574299
-0.0049812010
-0.0044377864
-0.0042109369
-0.0039849940
-0.0037869816
-0.0035897660
-0.0039795903
-0.0043345008
-0.0046674413
-0.0049908970
-0.0052809890
-0.0056069329
-0.0059197024
-0.0061978239
-0.0064531498
-0.0066966066
-0.0064968273
-0.0063047587
-0.0061203387
-0.0059433885
-0.0058466593
-0.0057428123
-0.0056499324
-0.0055587381
-0.0058581830
-0.0061297133
-0.0063737336
-0.0065915301
-0.0067835030
-0.0069506884
-0.0066110489
-0.0062801332
-0.0059715821
-0.0056713586
-0.0054943155
-0.0053225944
-0.0051561825
-0.0052819078
-0.0053821125
-0.0054692266
-0.0055378487
-0.0055836834
-0.0056179065
-0.0053706399
-0.0051322048
-0.0049021744
-0.0045327566
-0.0041810739
-0.0038554315
-0.0035502314
-0.0032610681
-0.0029951553
-0.0028839638
-0.0027766599
-0.0026731188
-0.0026563204
-0.0026311315
-0.0026044429
-0.0025700217
-0.0025343432
-0.0024943898
-0.0024477712
-0.0024002528
-0.0023491759
-0.0022922938
-0.0021590280
-0.0020295260
-0.0019060107
-0.0017903323
-0.0016779423
-0.0015708660
-0.0014706529
-0.0013733213
-0.0012806152
-0.0011844024
-0.0010918995
-0.0010060384
-0.0009234693
-0.0008455549
-0.0007732742
-0.0006712508
-0.0005777160
-0.0004921704
-0.0004140777
-0.0003439444
-0.0002791894
-0.0002561784
-0.0002332156
-0.0002102425
-0.0001879545
-0.0001646866
-0.0001603224
-0.0001525408
-0.0001415403
-0.0001274884
-0.0001105632
-0.0001021336
-0.0000896375
-0.0000723764
-0.0000512010
-0.0000438139
-0.0000297656
-0.0000095968
0.0000161136
0.0000441529
0.0000772742
0.0001149630
0.0001566950
0.0002019973
0.0002504007
0.0003014775
0.0003629956
0.0004245978
0.0004857649
0.0005568025
0.0006245921
0.0006895834
0.0007584706
0.0008229245
0.0008832428
0.0009399701
0.0009933447
0.0010436781
0.0010887760
0.0011322004
0.0011740967
0.0012145979
0.0012530959
0.0012906977
0.0013274671
0.0013634616
0.0013987343
0.0014333332
0.0014673020
0.0015003856
0.0015330447
0.0015652923
0.0015971074
0.0016285048
0.0016597083
0.0016903718
0.0017205273
0.0017502017
0.0017794173
0.0018081923
0.0018365405
0.0018643953
0.0018919045
0.0019190473
0.0019458054
0.0019721634
0.0019981084
0.0020236303
0.0020487204
0.0020733722
0.0020975811
0.0021213440
0.0021446589
0.0021675254
0.0021899437
0.0022119147
