-0.0016875350
-0.0017257424
-0.0017612088
-0.0017942820
-0.0018209945
-0.0018548682
-0.0019248414
-0.0019671214
-0.0020078904
-0.0022004029
-0.0023974611
-0.0024273756
-0.0024365050
-0.0025137436
-0.0026278954
-0.0026119241
-0.0024324361
-0.0022791892
-0.0021838350
-0.0020658240
-0.0019059209
-0.0020740965
-0.0021765718
-0.0019056405
-0.0020096960
-0.0020913427
-0.0017357030
-0.0018973630
-0.0031334912
-0.0039553442
-0.0032619082
-0.0028672935
-0.0039276629
-0.0055014681
-0.0065006503
-0.0061882024
-0.0055937146
-0.0053486483
-0.0052472725
-0.0055884359
-0.0053189961
-0.0039422943
-0.0018393155
-0.0008826464
-0.0023907618
-0.0038539785
-0.0033208378
-0.0021950545
-0.0015009008
-0.0011181653
-0.0019337903
-0.0022865016
-0.0010279020
-0.0004674946
-0.0018111421
-0.0037937705
-0.0037683307
-0.0029379451
-0.0039192769
-0.0043716069
-0.0034635589
-0.0029091014
-0.0024946767
-0.0024324496
-0.0030082366
-0.0035903508
-0.0029533538
-0.0019351583
-0.0031227191
-0.0057608334
-0.0068254626
-0.0050607426
-0.0026643188
-0.0018727317
-0.0026974149
-0.0037329695
-0.0039058875
-0.0044500927
-0.0055871486
-0.0069019054
-0.0074445824
-0.0066266719
-0.0070585620
-0.0078042284
-0.0066030956
-0.0058743404
-0.0066512926
-0.0069559343
-0.0065713210
-0.0061713848
-0.0064572957
-0.0078271292
-0.0076731775
-0.0053254018
-0.0029609050
-0.0014176790
-0.0008102837
-0.0006726192
-0.0011921622
-0.0025445714
-0.0030380919
-0.0019547780
-0.0014559486
-0.0032595869
-0.0062483112
-0.0074384946
-0.0066869887
-0.0073682762
-0.0083229472
-0.0070127205
-0.0044143681
-0.0023531884
-0.0029763774
-0.0043151910
-0.0041334987
-0.0035947837
-0.0036462872
-0.0048719125
-0.0053335276
-0.0045625727
-0.0048074844
-0.0053831459
-0.0062007693
-0.0071174445
-0.0074254828
-0.0087475910
-0.0081711459
-0.0063633265
-0.0083329728
-0.0124059552
-0.0165197240
-0.0170272844
-0.0143123400
-0.0119803993
-0.0086196779
-0.0060053959
-0.0047421448
-0.0031791734
-0.0019690994
-0.0023965312
-0.0028933162
-0.0006141729
0.0021585931
0.0025437189
0.0003190587
-0.0018742817
-0.0025089683
-0.0031354015
-0.0025419416
-0.0009203223
-0.0018138651
-0.0038252174
-0.0045119098
-0.0037554092
-0.0012173559
-0.0003416628
-0.0004540731
0.0032429363
0.0073730160
0.0076568920
0.0049365020
-0.0026825329
-0.0101835633
-0.0100977023
-0.0061017895
-0.0012736880
-0.0005168142
-0.0027200802
-0.0032397808
-0.0043983928
-0.0066023979
-0.0112477291
-0.0129018897
-0.0098413851
-0.0086946618
-0.0094666661
-0.0094439408
-0.0078708507
-0.0053890696
-0.0031738876
-0.0020371513
0.0003927118
0.0022241953
0.0027615690
0.0005688534
-0.0050960069
-0.0068551335
-0.0069026929
-0.0097019874
-0.0143199061
-0.0161218512
-0.0113079219
-0.0050864574
-0.0019458900
-0.0002961380
0.0020983011
0.0049888586
0.0074764090
0.0085822492
0.0089055024
0.0064972266
0.0003483731
-0.0042679499
-0.0055349311
-0.0028845977
0.0007062526
-0.0004869167
-0.0026707839
-0.0027747527
-0.0041381155
-0.0084632060
-0.0098376008
-0.0053750731
-0.0022485754
-0.0016755066
-0.0032467139
-0.0038359786
0.0010789872
0.0071689050
0.0132204670
0.0189147993
0.0205475865
0.0166783179
0.0108374254
0.0060077782
0.0027279933
0.0023265009
0.0024054534
0.0010485476
-0.0040145121
-0.0104391200
-0.0107771539
-0.0057939945
0.0018987643
0.0057756983
0.0031545782
0.0013026989
-0.0002544728
-0.0024448667
-0.0028624743
0.0003599897
0.0076767908
0.0136031371
0.0155238248
0.0144534939
0.0109433269
0.0082004918
0.0066543543
0.0024959044
0.0008010272
0.0053017546
0.0082403863
0.0100961662
0.0129341587
0.0134179434
0.0099114359
0.0037914750
0.0049800743
0.0094902800
0.0087057807
0.0114890044
0.0132500365
0.0073128524
0.0017874798
0.0013420963
0.0097122458
0.0170726666
0.0137087761
0.0121464654
0.0130129374
0.0097309185
0.0068318995
0.0060112533
0.0099510081
0.0164749571
0.0174579500
0.0119313290
0.0030465597
-0.0054491321
-0.0111730970
-0.0136029473
-0.0092015301
-0.0015223983
0.0005942185
0.0014227534
0.0039634981
0.0064323963
0.0098762272
0.0104630301
0.0096540119
0.0123110198
0.0172059152
0.0236411447
0.0296117676
0.0303718160
0.0289471646
0.0266493156
0.0209902637
0.0175687768
0.0134610477
0.0061309867
0.0049947599
0.0113839521
0.0205092095
0.0288224991
0.0325596557
0.0290722453
0.0215623860
0.0204449495
0.0283759276
0.0326464359
0.0273127122
0.0214446240
0.0220505245
0.0279668327
0.0309653207
0.0302611555
0.0321493838
0.0356483745
0.0383494223
0.0342262252
0.0230158130
0.0111936666
-0.0014531326
-0.0090061729
-0.0039728546
0.0068662762
0.0118108134
0.0074185359
0.0015559079
0.0033095165
0.0058119225
0.0070770068
0.0114667309
0.0117805901
0.0187553761
0.0315634619
0.0305564574
0.0231592938
0.0151035692
0.0122330856
0.0181055944
0.0148343550
0.0052413290
0.0018853921
0.0031464150
0.0053985330
0.0061177512
0.0059767563
0.0060345866
0.0048012930
0.0040780832
0.0139033146
0.0313532217
0.0404819685
0.0376069178
0.0339197070
0.0363148882
0.0376200065
0.0311195028
0.0225676356
0.0277007399
0.0431783626
0.0527400452
0.0587900448
0.0594446262
0.0506355034
0.0406211029
0.0325430748
0.0307687623
0.0337485775
0.0314375453
0.0265558067
0.0203297642
0.0093140390
0.0075872569
0.0246101850
0.0413346861
0.0389234319
0.0237762667
0.0130664539
0.0159307264
0.0275137810
0.0328779548
0.0297500401
0.0254678652
0.0218378532
0.0175573859
0.0145926610
0.0239292189
0.0315018719
0.0222273192
0.0163606968
0.0212743724
0.0271139670
0.0278523351
0.0185176498
-0.0011912596
-0.0204973558
-0.0272262207
-0.0265696313
-0.0260212855
-0.0238092032
-0.0182202942
-0.0108802711
-0.0072870631
-0.0043265101
-0.0025780073
-0.0009945449
0.0134286817
0.0302849663
0.0329476794
0.0264204516
0.0197155217
0.0136616302
0.0113352589
0.0164216980
0.0205479308
0.0177259567
0.0067795800
-0.0100561499
-0.0216904851
-0.0251038031
-0.0240480078
-0.0236767887
-0.0319956250
-0.0380038044
-0.0315261853
-0.0256688420
-0.0260121563
-0.0227201519
-0.0103653888
0.0040599278
0.0122884440
0.0081001794
-0.0042258820
-0.0099549776
-0.0109216095
-0.0149986635
-0.0140710476
-0.0015447018
0.0162541371
0.0343595527
0.0447047007
0.0468181693
0.0548559710
0.0709475967
0.0934076109
0.1122002061
0.1151932049
0.1104050929
0.1043603806
0.1007879330
0.0956730809
0.0804197458
0.0623361091
0.0503104650
0.0374056134
0.0148830212
-0.0021902028
-0.0007256476
0.0109458154
0.0183475680
0.0180136467
0.0294134294
0.0580417175
0.0860861095
0.0986354612
0.0912251343
0.0797192773
0.0759595644
0.0726928929
0.0692077173
0.0681320505
0.0678048644
0.0667862466
0.0619219269
0.0569459498
0.0585867050
0.0630921148
0.0610615967
0.0519868635
0.0407608718
0.0254419823
0.0098112551
-0.0039547298
-0.0192315525
-0.0240301274
-0.0113165569
0.0110028078
0.0335846263
0.0487348100
0.0570840574
0.0615325143
0.0612354025
0.0573665043
0.0529730019
0.0496021417
0.0523114206
0.0630764131
0.0732455808
0.0722897260
0.0538572488
0.0173375229
-0.0356954334
-0.0993223123
-0.1616295930
-0.2137577300
-0.2476209204
-0.2569907101
-0.2467909106
-0.2242110827
-0.1886491994
-0.1382090487
-0.0872884862
-0.0544633660
-0.0304845838
-0.0011978333
0.0210689443
0.0272713932
0.0216200579
-0.0006629128
-0.0348314434
-0.0707642770
-0.1076348376
-0.1425692369
-0.1727279939
-0.1917959634
-0.1970783746
-0.1953446044
-0.1972672398
-0.2107990912
-0.2245277922
-0.2174784992
-0.1829890699
-0.1385296618
-0.1084105377
-0.0861459683
-0.0460322391
-0.0008375931
0.0131028351
0.0074674683
-0.0004196836
-0.0119956194
-0.0105540493
0.0006073828
0.0125811586
0.0241563203
0.0359394092
0.0535454981
0.0638582808
0.0565167749
0.0384264221
0.0197987597
-0.0015055703
-0.0285879430
-0.0593351745
-0.0886429329
-0.1028079334
-0.1001107824
-0.0893981663
-0.0726965612
-0.0514212170
-0.0340220400
-0.0222724010
-0.0178670818
-0.0239342649
-0.0330806336
-0.0487109660
-0.0715723024
-0.0901521720
-0.1046686612
-0.1210582176
-0.1296550677
-0.1163294268
-0.0862085857
-0.0445358002
-0.0114802143
-0.0001292294
0.0117788927
0.0305144181
0.0486392104
0.0596780629
0.0679083212
0.0739006729
0.0718044978
0.0702385948
0.0691378977
0.0682567136
0.0751716211
0.0954137122
0.1252270364
0.1502396770
0.1811913964
0.2315956831
0.2656954364
0.2949913704
0.3205210907
0.3183714672
0.3354604276
0.3219555226
0.2532203598
0.2120609401
0.1652974451
0.1242225371
0.1145772420
0.0961417069
0.0826271932
0.0881918409
0.0714861181
0.0370201420
0.0170066118
0.0033755509
-0.0089437049
-0.0149983002
-0.0261883528
-0.0430782434
-0.0634906222
-0.0850790097
-0.1001880752
-0.1073320700
-0.0962465707
-0.0664328087
-0.0277195646
0.0081473610
0.0251854216
0.0227382883
0.0168082570
0.0074027494
-0.0188356083
-0.0489594261
-0.0763045323
-0.1052638584
-0.1342377653
-0.1657255823
-0.1915279071
-0.2070643705
-0.2069317385
-0.1897856430
-0.1716512886
-0.1664437713
-0.1704496977
-0.1734435926
-0.1901252913
-0.2214429008
-0.2392544007
-0.2365989223
-0.2353275742
-0.2434087319
-0.2491909975
-0.2545741641
-0.2549016729
-0.2487186175
-0.2414148963
-0.2364763261
-0.2412512811
-0.2469014176
-0.2534951632
-0.2623189251
-0.2692771978
-0.2748036033
-0.2731129072
-0.2626428804
-0.2464775989
-0.2363753363
-0.2337639373
-0.2222117724
-0.1959186636
-0.1610739532
-0.1302468917
-0.1130994476
-0.1014195348
-0.0873861388
-0.0777864644
-0.0804402827
-0.0914146480
-0.1008548120
-0.1027816316
-0.0986138186
-0.0944320242
-0.0896603183
-0.0860194370
-0.0878699909
-0.0933003778
-0.0944284420
-0.0801790432
-0.0539044612
-0.0305337206
-0.0193412475
-0.0227705245
-0.0369336578
-0.0512865300
-0.0517483932
-0.0256980402
0.0301401470
0.1010039200
0.1554401842
0.1737822357
0.1636134508
0.1366551161
0.1027208922
0.0757528059
0.0695318698
0.0862430953
0.1049229210
0.1090763358
0.1086017012
0.1062048754
0.0934172717
0.0781458353
0.0715157979
0.0750360819
0.0798698785
0.0737145167
0.0541711467
0.0252071830
-0.0062848779
-0.0286594951
-0.0327731255
-0.0315385668
-0.0380174189
-0.0436653502
-0.0411102030
-0.0267731035
-0.0044379250
0.0152279421
0.0255282334
0.0275049776
0.0344188976
0.0509906668
0.0645065053
0.0634914352
0.0417073045
-0.0005586880
-0.0494494363
-0.0828846514
-0.0942587669
-0.0998277476
-0.1067472540
-0.1041680706
-0.0827093791
-0.0476889985
-0.0226289890
-0.0164762867
-0.0235534393
-0.0405998479
-0.0503393008
-0.0419597065
-0.0247598158
-0.0109457092
0.0022568988
0.0216529081
0.0421900195
0.0572157502
0.0606556674
0.0549369708
0.0454383059
0.0422509614
0.0513780054
0.0634810121
0.0727853116
0.0756577653
0.0663922000
0.0431189955
0.0167782183
-0.0004674032
-0.0066912029
-0.0037742673
0.0082657693
0.0296042461
0.0551035117
0.0814477289
0.0961987255
0.0875462179
0.0653605605
0.0376504671
0.0070062670
-0.0153681811
-0.0232817439
-0.0250410524
-0.0263834570
-0.0289152389
-0.0375747893
-0.0504848676
-0.0674550368
-0.0918687275
-0.1135946351
-0.1110903713
-0.0728538479
-0.0285430956
-0.0097938058
0.0072732611
0.0316906631
0.0425308335
0.0458736582
0.0460022422
0.0464047313
0.0464253134
0.0321971084
0.0025076700
-0.0301490728
-0.0428546529
-0.0370635607
-0.0349129406
-0.0322876248
-0.0260648453
-0.0459190170
-0.0796950469
-0.0797792231
-0.0634187967
-0.0585471601
-0.0410210614
-0.0096536060
0.0204502324
0.0596506111
0.0956607146
0.1266444636
0.1475985805
0.1427497567
0.1110712560
0.0493243381
-0.0084383947
-0.0377443474
-0.0477417474
-0.0569329907
-0.0633443186
-0.0499422830
-0.0241371777
-0.0005102086
0.0082340217
0.0080652819
0.0081535544
0.0047137050
0.0014972290
0.0123228235
0.0335053206
0.0476197284
0.0499032805
0.0483992868
0.0435503416
0.0336803313
0.0252268209
0.0068490953
-0.0265303106
-0.0645542501
-0.0870652620
-0.0877880177
-0.0814259096
-0.0724682172
-0.0655492944
-0.0609262962
-0.0688663915
-0.0831865212
-0.0857652985
-0.0868262374
-0.0881005754
-0.0873883777
-0.0843150909
-0.0778487509
-0.0744113170
-0.0745360181
-0.0728797127
-0.0650722367
-0.0579157982
-0.0561836050
-0.0520042336
-0.0422905081
-0.0307268039
-0.0243523094
-0.0320859703
-0.0459505543
-0.0450494201
-0.0346438212
-0.0352120605
-0.0417945357
-0.0409869913
-0.0382221351
-0.0418033853
-0.0504045624
-0.0582931786
-0.0638424451
-0.0683753024
-0.0690476409
-0.0679083606
-0.0659480839
-0.0662451594
-0.0753912826
-0.0871805702
-0.0935730093
-0.0917368002
-0.0812792213
-0.0637342106
-0.0432010873
-0.0212055401
-0.0000158637
0.0129699988
0.0170541485
0.0128366249
0.0027395935
-0.0052257650
-0.0080532520
-0.0115365853
-0.0160192131
-0.0168219673
-0.0148773935
-0.0062527046
0.0043985377
0.0118095046
0.0224465830
0.0316849159
0.0363410892
0.0402342345
0.0411002403
0.0337577064
0.0226665230
0.0176556331
0.0165607340
0.0205105352
0.0355330241
0.0496648973
0.0496940939
0.0454930937
0.0503394646
0.0581064228
0.0591018252
0.0578652458
0.0572363651
0.0548787778
0.0535358804
0.0577653798
0.0702450986
0.0851339863
0.0992041857
0.1131690999
0.1265354284
0.1398535964
0.1503354861
0.1627915086
0.1781867861
0.1919705019
0.2020781897
0.2039203498
0.2016113954
0.2010843457
0.2021920353
0.1997691113
0.1907844796
0.1800841019
0.1740842484
0.1758554530
0.1788158673
0.1782755044
0.1781338010
0.1806765276
0.1869537256
0.1910313673
0.1859674614
0.1762086035
0.1691531954
0.1649760042
0.1602401991
0.1554358642
0.1433232749
0.1197410093
0.0909663493
0.0628743812
0.0392111016
0.0161113325
-0.0021153759
-0.0076323224
-0.0027867745
0.0079656371
0.0206293996
0.0319250545
0.0410218409
0.0510218243
0.0637601513
0.0764433847
0.0869745845
0.0984505312
0.1119990416
0.1274938409
0.1477850790
0.1724329464
0.1996241521
0.2295890808
0.2618537501
0.2895388272
0.3045211293
0.3059648385
0.2923289426
0.2638098154
0.2295409641
0.1990620719
0.1735300986
0.1512212235
0.1385090169
0.1324611939
0.1200150463
0.1008295771
0.0774106199
0.0542971715
0.0381057581
0.0305580700
0.0359698900
0.0498096611
0.0605414655
0.0708072785
0.0878912460
0.1093962747
0.1367327120
0.1670183020
0.1887205853
0.1996533289
0.1973526621
0.1797640743
0.1525543230
0.1239397951
0.1015777129
0.0933889171
0.1001183636
0.1132266015
0.1310932566
0.1457416580
0.1420847360
0.1231049937
0.0969403875
0.0636207319
0.0276289679
-0.0008347537
-0.0143056608
-0.0134335054
-0.0059117270
0.0005879919
0.0041598933
0.0038985865
-0.0037810138
-0.0137807251
-0.0171090211
-0.0083382072
0.0110889302
0.0262984113
0.0374074508
0.0583887445
0.0860384173
0.1123868948
0.1319305129
0.1467254949
0.1618665261
0.1727921836
0.1775844536
0.1742692024
0.1589580350
0.1353732048
0.1145413674
0.0993245253
0.0822667471
0.0606677085
0.0365409017
0.0157508954
0.0011699359
-0.0154874687
-0.0382492125
-0.0603330145
-0.0723985098
-0.0746308750
-0.0732235912
-0.0582793726
-0.0238444819
0.0220032223
0.0654911463
0.0955964563
0.1179044740
0.1369812006
0.1550024507
0.1715373488
0.1839767899
0.1934014793
0.1957730554
0.1892584559
0.1796418346
0.1739138200
0.1702745935
0.1643941782
0.1613245985
0.1606467053
0.1590360640
0.1594645588
0.1637762720
0.1761552732
0.1900350540
0.1966804398
0.2032130923
0.2078420090
0.2089018571
0.2093090264
0.2016010658
0.1897059583
0.1835962654
0.1851478814
0.1911085791
0.1965126735
0.1988834711
0.1997041985
0.2040058154
0.2112468845
0.2176594504
0.2177787637
0.2045630575
0.1810524423
0.1542782279
0.1245979952
0.0915840502
0.0638882969
0.0513284042
0.0505735530
0.0546835666
0.0603318762
0.0666688419
0.0702423227
0.0655851357
0.0559896117
0.0499651731
0.0470969484
0.0412604239
0.0361574249
0.0344511628
0.0325781650
0.0244862114
0.0030061355
-0.0333519615
-0.0780791005
-0.1182333443
-0.1434521623
-0.1481236313
-0.1420330233
-0.1334561536
-0.1071567569
-0.0681053913
-0.0453636553
-0.0446862808
-0.0513747259
-0.0529744236
-0.0468529737
-0.0381398088
-0.0348312955
-0.0330000592
-0.0239655154
-0.0170871987
-0.0156123406
-0.0168999321
-0.0173715853
-0.0132311472
-0.0121961643
-0.0141111545
-0.0162634564
-0.0137551700
-0.0001519586
0.0210222467
0.0461783399
0.0758618062
0.1049422065
0.1290189474
0.1525794156
0.1734271058
0.1839985521
0.1825329092
0.1779670671
0.1767558327
0.1758385400
0.1710084320
0.1624306876
0.1585885458
0.1600890056
0.1591121465
0.1529983703
0.1404875743
0.1212521914
0.1026041800
0.0871575197
0.0643236017
0.0297487790
-0.0098138149
-0.0473181265
-0.0784481478
-0.1014760119
-0.1203160496
-0.1384752740
-0.1483396209
-0.1415077660
-0.1219551283
-0.1046468360
-0.0989840657
-0.1005296725
-0.0986414642
-0.0936657154
-0.0990373937
-0.1111189191
-0.1195523674
-0.1257944144
-0.1261462064
-0.1210833575
-0.1203371743
-0.1273853617
-0.1429552589
-0.1674056135
-0.1922015184
-0.2108803855
-0.2294951017
-0.2486866134
-0.2610079238
-0.2668267417
-0.2668899663
-0.2628677996
-0.2606084677
-0.2539141653
-0.2439298139
-0.2390967336
-0.2350537216
-0.2378059765
-0.2472601260
-0.2463121018
-0.2420816706
-0.2486424940
-0.2627994558
-0.2790983829
-0.2903530348
-0.2946176205
-0.2957425012
-0.2941873522
-0.2837652966
-0.2663818492
-0.2494597902
-0.2335473648
-0.2217440685
-0.2119985521
-0.2085736351
-0.2153959936
-0.2266256769
-0.2380922038
-0.2452139779
-0.2531729321
-0.2610079845
-0.2658703679
-0.2670853428
-0.2562641875
-0.2380280391
-0.2125938302
-0.1807123980
-0.1587477908
-0.1457166310
-0.1261628276
-0.1019317532
-0.0912289778
-0.0950820199
-0.1060501766
-0.1224904706
-0.1376156259
-0.1517648521
-0.1617713526
-0.1683827321
-0.1786543969
-0.1908699081
-0.1993573671
-0.1943487903
-0.1850957931
-0.1827938125
-0.1861736426
-0.1959520150
-0.2031479680
-0.2060702810
-0.2120582423
-0.2233437446
-0.2365688050
-0.2471178834
-0.2554808453
-0.2574679623
-0.2515247169
-0.2452572924
-0.2441332597
-0.2442459454
-0.2388799051
-0.2272965455
-0.2149222096
-0.2108890190
-0.2178396507
-0.2325663731
-0.2530962703
-0.2774630914
-0.3018040171
-0.3298112830
-0.3613264935
-0.3831337006
-0.4035758145
-0.4117240275
-0.4129290724
-0.4274096599
-0.3767535523
-0.2851541553
-0.2563977488
-0.2492160300
-0.2240409684
-0.1705281322
-0.1187545429
-0.1192435318
-0.1295985126
-0.1343742850
-0.1420884579
-0.1314131694
-0.1209924099
-0.1257889024
-0.1290130780
-0.1103226537
-0.0884596158
-0.0790624732
-0.0737544148
-0.0691251197
-0.0572495981
-0.0511167478
-0.0578287452
-0.0723757155
-0.0865530001
-0.0904322675
-0.0897370402
-0.0930825518
-0.1021649481
-0.1084633240
-0.1097567745
-0.1071979089
-0.1033709992
-0.1039205425
-0.1073230136
-0.1122209671
-0.1187132142
-0.1271672248
-0.1347181801
-0.1383771662
-0.1396772265
-0.1368651682
-0.1240025083
-0.1113766546
-0.1140130629
-0.1199381441
-0.1233440214
-0.1282227513
-0.1319999703
-0.1366442514
-0.1390065606
-0.1451935209
-0.1483055145
-0.1326642469
-0.1144343712
-0.1019001699
-0.0939250936
-0.0842411302
-0.0602096640
-0.0390968101
-0.0242816164
-0.0064998639
0.0012471127
0.0027805746
0.0092478145
0.0191893883
0.0248536629
0.0279688091
0.0350144011
0.0410892685
0.0485836695
0.0553075564
0.0551362307
0.0496274030
0.0371119422
0.0268585674
0.0260886916
0.0318849093
0.0475596441
0.0662726368
0.0814975587
0.0928901615
0.0974721790
0.0996954379
0.1048686671
0.1142492200
0.1232257780
0.1300444719
0.1371668374
0.1409900844
0.1387411340
0.1326841096
0.1239685382
0.1097891254
0.0922010183
0.0780285943
0.0698921248
0.0716122668
0.0831391342
0.0961833205
0.1056504899
0.1077609428
0.1048658086
0.1037805147
0.1007761140
0.0913465796
0.0826513123
0.0789321701
0.0759529687
0.0724817452
0.0676135176
0.0624560501
0.0579231484
0.0528782542
0.0459412230
0.0345992956
0.0230971196
0.0155389831
0.0140368075
0.0177064727
0.0222531405
0.0286150110
0.0352447624
0.0417252695
0.0492989231
0.0551140240
0.0570712715
0.0558156905
0.0554251083
0.0560692717
0.0599110882
0.0727834245
0.0900032043
0.1039177481
0.1132801822
0.1172765555
0.1128990625
0.0988275974
0.0822899649
0.0728839170
0.0718869998
0.0771128827
0.0837196227
0.0913655631
0.1035746881
0.1161661802
0.1281241693
0.1372633377
0.1362269631
0.1260209782
0.1113942239
0.0963738789
0.0865444441
0.0851756767
0.0877859278
0.0924659874
0.0964904577
0.0871815616
0.0701333297
0.0597221068
0.0509134745
0.0416441016
0.0406969482
0.0482370443
0.0562327593
0.0608729678
0.0655821586
0.0710607169
0.0729955398
0.0737297292
0.0734284118
0.0720165135
0.0728014080
0.0714124873
0.0704640552
0.0743095039
0.0795444096
0.0842504640
0.0845330813
0.0785557102
0.0687943957
0.0544368303
0.0372969025
0.0249008173
0.0206754342
0.0226797799
0.0328538384
0.0490676632
0.0617383625
0.0693289563
0.0728346870
0.0734899345
0.0722094837
0.0681050346
0.0595077994
0.0451237668
0.0330649689
0.0278463379
0.0286168818
0.0332816648
0.0339945328
0.0266165859
0.0160827530
0.0075359868
-0.0011766978
-0.0104188958
-0.0194726858
-0.0275541804
-0.0371488175
-0.0500067787
-0.0556652834
-0.0509653455
-0.0405802959
-0.0249756000
-0.0102350489
-0.0035850054
-0.0009847495
-0.0017567756
-0.0071514963
-0.0111584353
-0.0161152829
-0.0252160259
-0.0353721860
-0.0423075724
-0.0419322245
-0.0367380901
-0.0338839221
-0.0350151466
-0.0394421321
-0.0481249375
-0.0569786824
-0.0631898744
-0.0701902281
-0.0788781176
-0.0848358608
-0.0882705179
-0.0923098565
-0.0954866686
-0.0944715553
-0.0878533335
-0.0765924087
-0.0649206344
-0.0580967669
-0.0541176578
-0.0529289731
-0.0542319595
-0.0538446475
-0.0547543087
-0.0583824518
-0.0635858584
-0.0690749280
-0.0708234727
-0.0689431793
-0.0687300133
-0.0687723456
-0.0663709995
-0.0660564124
-0.0676244756
-0.0681267800
-0.0647462297
-0.0581451942
-0.0525345524
-0.0505041464
-0.0506533661
-0.0472297300
-0.0408447688
-0.0325724796
-0.0248789828
-0.0220493238
-0.0218615903
-0.0259091632
-0.0342311903
-0.0412067310
-0.0451751085
-0.0481310699
-0.0506102603
-0.0503610252
-0.0463828548
-0.0415655248
-0.0404786665
-0.0415337540
-0.0445068714
-0.0486003510
-0.0498385251
-0.0520060129
-0.0504073005
-0.0420529758
-0.0317357747
-0.0203662324
-0.0112705006
-0.0031905625
0.0029243566
0.0078045717
0.0127731864
0.0150948219
0.0141501584
0.0094368187
0.0054651819
0.0005641543
-0.0049067304
-0.0070140885
-0.0070671889
-0.0027750378
0.0075084160
0.0227508356
0.0362432825
0.0435425985
0.0479406313
0.0478378743
0.0402961703
0.0314742897
0.0260102850
0.0237644737
0.0263478515
0.0301646682
0.0331984677
0.0383695615
0.0442278676
0.0463396945
0.0470552208
0.0538736137
0.0640074608
0.0740045829
0.0826513424
0.0852458335
0.0862303897
0.0873518849
0.0870245168
0.0890449883
0.0942184657
0.1042525065
0.1165435512
0.1253336044
0.1293270169
0.1303525799
0.1280453145
0.1187054043
0.1065557137
0.0968773725
0.0898299610
0.0859105589
0.0843340907
0.0830550300
0.0811876787
0.0788071123
0.0777331729
0.0807735972
0.0865010020
0.0924057602
0.0982507835
0.1055190471
0.1157200768
0.1284663234
0.1424759387
0.1526765214
0.1541473246
0.1501827597
0.1481845572
0.1459276602
0.1376835372
0.1253461840
0.1109341246
0.0975976523
0.0882494770
0.0830691815
0.0829937675
0.0868013824
0.0933841845
0.1018786412
0.1091339513
0.1174522497
0.1294851982
0.1401570927
0.1474220956
0.1535295234
0.1574540706
0.1578480008
0.1556932629
0.1523296721
0.1500873551
0.1476324627
0.1417244586
0.1373575948
0.1381161981
0.1403725627
0.1422530712
0.1444334178
0.1486489551
0.1518998747
0.1530758541
0.1568420623
0.1628028639
0.1701272224
0.1768399594
0.1817436030
0.1862450503
0.1888221019
0.1901848808
0.1905648454
0.1875909405
0.1802066517
0.1703931434
0.1599959797
0.1490863984
0.1400402776
0.1341912373
0.1314863595
0.1329245905
0.1374154594
0.1396576061
0.1374340978
0.1368720390
0.1384275719
0.1399570411
0.1460415239
0.1560076388
0.1658693219
0.1752380036
0.1854609761
0.1960006591
0.2029491083
0.2021072266
0.1928677411
0.1793986487
0.1691983583
0.1675259888
0.1687929840
0.1675279675
0.1650942705
0.1607764017
0.1532807295
0.1439989936
0.1351259219
0.1266793241
0.1166387811
0.1073823515
0.1065081061
0.1148563391
0.1276850720
0.1374374155
0.1365114597
0.1309337711
0.1275182753
0.1217654355
0.1131314557
0.1049625671
0.0972752775
0.0928496993
0.0921639994
0.0899285644
0.0856819877
0.0836723256
0.0834831724
0.0844172011
0.0878575076
0.0928812920
0.1001513320
0.1082658216
0.1121400470
0.1110208829
0.1090709478
0.1075564594
0.1046884605
0.0971654310
0.0835425494
0.0702893312
0.0601915273
0.0498242954
0.0384978942
0.0269453982
0.0164866452
0.0075573941
-0.0014512336
-0.0087522087
-0.0101275085
-0.0074874356
-0.0020056053
0.0082127053
0.0173978661
0.0217615421
0.0248067959
0.0271002333
0.0280960461
0.0255671662
0.0174603546
0.0084229605
0.0033266630
0.0027343572
0.0044835490
0.0068329818
0.0069001228
0.0041841275
0.0053136449
0.0080423337
0.0042108539
-0.0030627635
-0.0087097517
-0.0102272916
-0.0074664152
-0.0058939767
-0.0052951517
-0.0048006508
-0.0096998800
-0.0171119866
-0.0214772499
-0.0244352039
-0.0266097330
-0.0280475240
-0.0306040421
-0.0335045707
-0.0366470634
-0.0424699747
-0.0509944703
-0.0574430644
-0.0576682649
-0.0544098498
-0.0520257148
-0.0531660278
-0.0583262566
-0.0636546820
-0.0652930011
-0.0649259239
-0.0644933581
-0.0618597607
-0.0596737898
-0.0632778153
-0.0739422374
-0.0876028496
-0.0983727586
-0.1062125534
-0.1099290242
-0.1085714629
-0.1085255908
-0.1127580834
-0.1175965386
-0.1208078633
-0.1248542986
-0.1320979239
-0.1400877726
-0.1448597951
-0.1466774732
-0.1489462173
-0.1509652184
-0.1501012987
-0.1468354338
-0.1418241754
-0.1378006545
-0.1373616913
-0.1392035357
-0.1419593662
-0.1443665762
-0.1462792937
-0.1504033426
-0.1572151252
-0.1609638150
-0.1590071779
-0.1551776345
-0.1535757447
-0.1526548297
-0.1469662699
-0.1381492910
-0.1289650149
-0.1207451832
-0.1152871170
-0.1118277075
-0.1124310770
-0.1176241567
-0.1251620005
-0.1321560095
-0.1364489869
-0.1395015406
-0.1402554034
-0.1376476542
-0.1324991433
-0.1243215579
-0.1160542743
-0.1132147608
-0.1161093845
-0.1215032412
-0.1257369877
-0.1246879562
-0.1194040997
-0.1134160577
-0.1079468604
-0.1057464941
-0.1096492697
-0.1163913669
-0.1209439355
-0.1229157881
-0.1220607174
-0.1183901841
-0.1148206597
-0.1113468119
-0.1067081129
-0.1037887793
-0.1025519099
-0.0990903494
-0.0917682209
-0.0818529345
-0.0751693770
-0.0736566883
-0.0748316280
-0.0792151442
-0.0850119104
-0.0902305022
-0.0952221326
-0.1012765225
-0.1077345688
-0.1120387990
-0.1129566713
-0.1088282146
-0.0995435925
-0.0888563534
-0.0827726945
-0.0811451774
-0.0793474255
-0.0758669993
-0.0710370235
-0.0687702069
-0.0694360869
-0.0681856106
-0.0645792686
-0.0634946264
-0.0665024538
-0.0676583758
-0.0638143899
-0.0568961296
-0.0511282082
-0.0485089984
-0.0477163787
-0.0474226503
-0.0449610431
-0.0426860487
-0.0421233221
-0.0422695995
-0.0452832274
-0.0501645964
-0.0545549514
-0.0564589253
-0.0561849907
-0.0550270891
-0.0524439910
-0.0489186730
-0.0455448634
-0.0415707169
-0.0355140611
-0.0269294437
-0.0150952928
-0.0043172054
-0.0007832010
-0.0060409098
-0.0151091867
-0.0209450383
-0.0238771013
-0.0276170341
-0.0336699518
-0.0405734608
-0.0440110292
-0.0406611096
-0.0352877655
-0.0335594014
-0.0311396920
-0.0239703188
-0.0162918895
-0.0105701809
-0.0059618124
-0.0027938361
-0.0013792232
-0.0022532579
-0.0030224235
-0.0023117575
0.0005621194
0.0072225031
0.0145506984
0.0209576675
0.0243685518
0.0224883165
0.0182733450
0.0120157264
0.0060565047
0.0024252491
0.0005950282
0.0024482888
0.0081114259
0.0183117200
0.0277815394
0.0318517967
0.0324625585
0.0302207836
0.0266334934
0.0221804439
0.0172589624
0.0112042061
0.0051903291
0.0035410079
0.0043742541
0.0047351862
0.0058542572
0.0074369349
0.0086322460
0.0085805238
0.0074252621
0.0101451947
0.0150397499
0.0148049204
0.0105151827
0.0051917836
-0.0001452973
-0.0049974870
-0.0108410037
-0.0165036842
-0.0177277019
-0.0145041844
-0.0124666946
-0.0154279655
-0.0197978780
-0.0210086129
-0.0191618482
-0.0137888700
-0.0087354397
-0.0084008752
-0.0102732691
-0.0108989288
-0.0075778228
-0.0037126266
-0.0026233976
-0.0024286995
-0.0022959934
-0.0010036791
0.0026349350
0.0050937013
0.0020978758
-0.0017933587
-0.0013009074
0.0008185611
0.0013406300
0.0015971543
0.0025091540
0.0036701058
0.0057627018
0.0059864688
0.0027030688
-0.0001254063
-0.0013775331
-0.0016049632
-0.0013100770
-0.0019661580
-0.0018299953
-0.0008244933
-0.0008687599
-0.0022468699
-0.0036680450
-0.0034177435
-0.0010362448
0.0016815411
0.0026937605
0.0033195752
0.0033250658
0.0026627358
0.0021195874
0.0006154485
-0.0022719883
-0.0071016303
-0.0124588239
-0.0169036253
-0.0213059061
-0.0250705141
-0.0266736604
-0.0264968506
-0.0243866496
-0.0200461608
-0.0169811367
-0.0160032622
-0.0150186755
-0.0159332924
-0.0182090577
-0.0183840336
-0.0169658146
-0.0135688883
-0.0078561863
-0.0057851563
-0.0083835571
-0.0109009215
-0.0131514261
-0.0142235604
-0.0131397915
-0.0119766841
-0.0115128659
-0.0095512817
-0.0057458604
-0.0036754891
-0.0026985858
-0.0000783682
0.0014843853
0.0008254540
0.0015794214
0.0046873749
0.0095628813
0.0145899319
0.0161208732
0.0136300612
0.0083287100
0.0023380648
0.0005514588
0.0035924799
0.0074134425
0.0108182535
0.0141050919
0.0186685730
0.0243873192
0.0281667811
0.0298616489
0.0295949594
0.0267245552
0.0218637288
0.0163295955
0.0134615360
0.0134787261
0.0143179271
0.0162171551
0.0178333895
0.0176767303
0.0159373551
0.0137846422
0.0139548307
0.0147925071
0.0115276558
0.0065467959
0.0043475497
0.0057441820
0.0113519145
0.0179676338
0.0200960100
0.0190944399
0.0186421679
0.0177409840
0.0151649839
0.0119843119
0.0107789445
0.0116722530
0.0125281112
0.0146380519
0.0179895892
0.0195865245
0.0207075996
0.0227493629
0.0245596270
0.0244888094
0.0198182464
0.0132847246
0.0096473646
0.0086562313
0.0072522654
0.0036968286
-0.0002745451
-0.0042697916
-0.0090356546
-0.0115396440
-0.0103108237
-0.0089189210
-0.0075166129
-0.0035065006
0.0021470380
0.0064416286
0.0085792997
0.0116897725
0.0176369108
0.0242273131
0.0299211913
0.0345731700
0.0369512547
0.0384660750
0.0393151151
0.0352820004
0.0252523206
0.0134873498
0.0061599241
0.0044511563
0.0071334013
0.0121673594
0.0134921593
0.0113679750
0.0113909823
0.0137167301
0.0154531914
0.0152914755
0.0141703671
0.0139388571
0.0151663262
0.0180388957
0.0224443901
0.0260238135
0.0260806166
0.0244438199
0.0260909025
0.0288608723
0.0270412014
0.0218123817
0.0154491050
0.0089538753
0.0049528519
0.0037653989
0.0046678287
0.0076332521
0.0098310790
0.0101625465
0.0131706530
0.0208089471
0.0286664963
0.0340436143
0.0360850147
0.0339481302
0.0304576423
0.0270695305
0.0234159336
0.0209390391
0.0198623669
0.0194174125
0.0200161981
0.0212478437
0.0221293182
0.0220202692
0.0191134153
0.0142286556
0.0114215890
0.0129265651
0.0163454082
0.0183901441
0.0192543150
0.0190685326
0.0180049358
0.0164487853
0.0147392749
0.0148592734
0.0177450368
0.0222891809
0.0244787154
0.0231167573
0.0217051844
0.0214401161
0.0224018569
0.0231248535
0.0228352432
0.0239583978
0.0263696015
0.0275074407
0.0262051641
0.0251911839
0.0262779914
0.0258474579
0.0215926996
0.0151038414
0.0099049188
0.0085715870
0.0102526331
0.0126831876
0.0135879892
0.0128561901
0.0118437860
0.0107403565
0.0093412282
0.0085574206
0.0085772896
0.0079263919
0.0067215351
0.0050988856
0.0034135528
0.0032063266
0.0043777968
0.0066476778
0.0093472791
0.0109254805
0.0099438331
0.0054234643
-0.0002665495
-0.0052365155
-0.0103284909
-0.0124776201
-0.0099457607
-0.0067937348
-0.0051974715
-0.0040255963
-0.0031654771
-0.0038934303
-0.0053022109
-0.0056737762
-0.0058751724
-0.0067887982
-0.0055928063
-0.0006356086
0.0028989003
0.0012594639
-0.0021968446
-0.0042008741
-0.0047910872
-0.0035881574
-0.0010144850
0.0018714530
0.0057577213
0.0099666188
0.0133753254
0.0143809795
0.0111357424
0.0060084629
0.0026202236
0.0026064477
0.0059058846
0.0110941908
0.0164170122
0.0208266877
0.0229509269
0.0198677519
0.0122513012
0.0051301762
0.0010357280
-0.0014439806
-0.0025792059
-0.0009450427
0.0023424422
0.0052286875
0.0075153475
0.0095684491
0.0108311560
0.0108368174
0.0103481348
0.0119756082
0.0164334322
0.0201895901
0.0223521578
0.0236786106
0.0227227576
0.0181719591
0.0102903619
0.0024115135
-0.0031297831
-0.0075657505
-0.0099936134
-0.0079777470
-0.0037147092
-0.0007690906
0.0008602660
0.0019200561
0.0038371979
0.0068093050
0.0070190305
0.0030646007
-0.0029412157
-0.0091808543
-0.0130747407
-0.0126729324
-0.0095836235
-0.0071774116
-0.0070498382
-0.0075082297
-0.0056459377
-0.0023751764
-0.0004545052
0.0003326343
-0.0007562508
-0.0052043535
-0.0112406544
-0.0170283668
-0.0224598908
-0.0278765237
-0.0322624483
-0.0343612834
-0.0343314621
-0.0324933905
-0.0302303255
-0.0287490421
-0.0280954523
-0.0273230237
-0.0252659614
-0.0231104227
-0.0214752401
-0.0196460827
-0.0168414881
-0.0121780257
-0.0087453219
-0.0095106251
-0.0112565538
-0.0100801021
-0.0069038449
-0.0033613771
0.0004722740
0.0027001243
0.0038818001
0.0055156633
0.0065319783
0.0063770070
0.0041147145
0.0008509673
-0.0003998097
0.0012770045
0.0038150480
0.0051640056
0.0052445125
0.0041610204
0.0023952629
0.0016790692
0.0029043403
0.0044851946
0.0057557463
0.0064277758
0.0056241398
0.0031134690
-0.0008501950
-0.0042449412
-0.0056955203
-0.0059709514
-0.0054363432
-0.0044143731
-0.0044750825
-0.0050817897
-0.0050853223
-0.0039075245
-0.0010027793
0.0014388919
0.0019374748
-0.0000232114
-0.0021457995
-0.0018394390
-0.0010141134
-0.0011196378
-0.0027667760
-0.0048779646
-0.0055842425
-0.0038762558
-0.0004552704
0.0020856454
0.0021333545
-0.0011414339
-0.0054915953
-0.0087779453
-0.0103291013
-0.0084983244
-0.0051119500
-0.0035539072
-0.0050152489
-0.0085371318
-0.0122237917
-0.0148110832
-0.0148987045
-0.0133216215
-0.0120127013
-0.0100078171
-0.0076778470
-0.0056329410
-0.0041032489
-0.0044983020
-0.0051473514
-0.0057971279
-0.0068560622
-0.0065304505
-0.0063629338
-0.0068043477
-0.0053079782
-0.0009493512
0.0055361896
0.0107081080
0.0134891357
0.0143178911
0.0114848954
0.0073367866
0.0045480227
0.0036090743
0.0032910886
0.0029373868
0.0038405719
0.0046710770
0.0048938949
0.0036232775
0.0004031933
-0.0026882386
-0.0020103529
0.0045510603
0.0121586433
0.0160065976
0.0157299896
0.0111857256
0.0023870098
-0.0060594310
-0.0115844964
-0.0172147546
-0.0221529211
-0.0249760038
-0.0253396438
-0.0214494558
-0.0149642407
-0.0092906901
-0.0052429783
-0.0025970342
-0.0014941168
-0.0024038286
-0.0044670414
-0.0042834976
-0.0006570724
0.0039274083
0.0075730771
0.0104988227
0.0125927722
0.0132435406
0.0127926065
0.0106513458
0.0072728424
0.0052112519
0.0051667298
0.0044693199
0.0006041404
-0.0039633768
-0.0065072310
-0.0083399635
-0.0085172330
-0.0060777241
-0.0031059804
-0.0004551251
0.0012310061
0.0013868025
0.0003737888
-0.0004787249
0.0000888595
0.0027158810
0.0047945924
0.0043078809
0.0039720808
0.0046437882
0.0059153888
0.0048306776
0.0027356126
0.0046020826
0.0085313573
0.0124872514
0.0138768939
0.0121757447
0.0085722590
0.0026141719
-0.0041077809
-0.0093619983
-0.0103745276
-0.0085456823
-0.0072363818
-0.0071071379
-0.0071469246
-0.0059881999
-0.0048961169
-0.0047005914
-0.0056566757
-0.0072832635
-0.0071912960
-0.0050693384
-0.0020405166
0.0015766147
0.0040760605
0.0042768964
0.0028015515
-0.0002940415
-0.0026142293
-0.0033324063
-0.0026244717
0.0005154951
0.0028461415
0.0019181241
-0.0014468463
-0.0051917019
-0.0067414592
-0.0053404228
-0.0042459072
-0.0058345819
-0.0082116522
-0.0108411767
-0.0133341875
-0.0135141179
-0.0101207475
-0.0059097579
-0.0035163063
-0.0018274435
0.0004282024
0.0039228182
0.0065315874
0.0068259753
0.0064198016
0.0068398619
0.0088867500
0.0103633732
0.0101612123
0.0088982792
0.0067164256
0.0055212337
0.0059613066
0.0077526861
0.0098389596
0.0109965153
0.0109896765
0.0081507463
0.0037164926
0.0011310426
0.0006261355
0.0002498504
-0.0020467068
-0.0044821032
-0.0032277445
0.0000474590
0.0022182633
0.0036176053
0.0051552689
0.0070195037
0.0079356382
0.0079529817
0.0079993219
0.0068580567
0.0038994023
-0.0002492769
-0.0042069302
-0.0066167731
-0.0065917020
-0.0050178465
-0.0039479466
-0.0031238497
-0.0030102567
-0.0040028197
-0.0044362810
-0.0031176239
0.0001790486
0.0030056258
0.0031329232
0.0013947619
-0.0006218187
-0.0014632307
-0.0017829160
-0.0027023213
-0.0023302736
-0.0011234665
-0.0018462751
-0.0035205247
-0.0044435539
-0.0044311672
-0.0052837843
-0.0088067355
-0.0123078811
-0.0142132957
-0.0153090889
-0.0143455705
-0.0114076546
-0.0079728315
-0.0059548969
-0.0068650969
-0.0092166833
-0.0112557299
-0.0123229468
-0.0124145528
-0.0113301622
-0.0085899831
-0.0055518362
-0.0046161610
-0.0059671213
-0.0069501269
-0.0068286591
-0.0069695897
-0.0079140770
-0.0097571193
-0.0111208626
-0.0100895676
-0.0071757260
-0.0043014396
-0.0015094327
0.0022341365
0.0066162660
0.0098748709
0.0106325506
0.0095154939
0.0071916166
0.0040784814
0.0018415036
0.0023894718
0.0052668383
0.0068989842
0.0067964940
0.0073825377
0.0070005708
0.0038988718
0.0001776806
-0.0017284815
-0.0005469767
0.0030293997
0.0068254841
0.0102272784
0.0130007281
0.0140948233
0.0146374069
0.0157025389
0.0161437745
0.0149773337
0.0119513818
0.0088130754
0.0069328392
0.0060599275
0.0069984016
0.0096654783
0.0125455727
0.0141920572
0.0148310081
0.0155862260
0.0151822791
0.0135638254
0.0122914788
0.0100560389
0.0074546968
0.0062029631
0.0063116747
0.0076483314
0.0075958360
0.0058929904
0.0052544975
0.0063651582
0.0089636900
0.0119043041
0.0135648765
0.0138832098
0.0130538154
0.0111339667
0.0089399041
0.0066338756
0.0049111585
0.0042310185
0.0036104641
0.0032408446
0.0042052092
0.0060643196
0.0070134695
0.0071325273
0.0077182675
0.0076182598
0.0057649593
0.0038929212
0.0041337599
0.0065792314
0.0079834095
0.0059515626
0.0023045422
-0.0009599795
-0.0040035851
-0.0072647159
-0.0088288246
-0.0076931618
-0.0064344076
-0.0055982838
-0.0039852520
-0.0022006057
-0.0015968987
-0.0023513422
-0.0031251571
-0.0041855449
-0.0054377509
-0.0052470475
-0.0036722367
-0.0014448066
0.0010188415
0.0027091083
0.0023731941
0.0006305284
-0.0010186005
-0.0025135096
-0.0046049065
-0.0081900623
-0.0137158906
-0.0193463935
-0.0217536265
-0.0206197797
-0.0171602076
-0.0117250482
-0.0066484316
-0.0034785385
-0.0018751051
-0.0022905356
-0.0041662943
-0.0062074794
-0.0071588121
-0.0069105558
-0.0069044191
-0.0066347933
-0.0053973808
-0.0041715065
-0.0037587615
-0.0049310958
-0.0062742909
-0.0058115808
-0.0046307256
-0.0030050111
-0.0014180704
-0.0019542227
-0.0044027547
-0.0076514371
-0.0105577717
-0.0129324607
-0.0149895204
-0.0153351752
-0.0146724249
-0.0140478695
-0.0133669944
-0.0125411132
-0.0103968076
-0.0077754661
-0.0048963963
-0.0008258553
0.0032951695
0.0064114713
0.0082279248
0.0083265033
0.0064520870
0.0040213178
0.0028043745
0.0031619367
0.0032735333
0.0024851172
0.0017841074
0.0007345447
-0.0002967162
-0.0012659675
-0.0021246477
-0.0029690530
-0.0048827817
-0.0069444472
-0.0082443746
-0.0085064660
-0.0076219530
-0.0072554120
-0.0076412864
-0.0064223391
-0.0028336703
0.0009302400
0.0032780192
0.0046024164
0.0049429871
0.0038798482
0.0027650606
0.0035349957
0.0048136461
0.0049645912
0.0039226961
0.0018933812
0.0004757524
0.0002443248
0.0014091444
0.0035822234
0.0045318583
0.0035999629
0.0021865679
0.0021551660
0.0030407769
0.0035648604
0.0049377714
0.0076301868
0.0106008373
0.0129084764
0.0139150159
0.0134200719
0.0109657635
0.0072988497
0.0050021168
0.0054918914
0.0073311819
0.0086097237
0.0086170188
0.0073458651
0.0062833711
0.0062813386
0.0060980315
0.0061313886
0.0073772336
0.0089713511
0.0102705719
0.0107437449
0.0096725336
0.0075553748
0.0060788222
0.0063755950
0.0077439966
0.0086132733
0.0081720839
0.0077469441
0.0084839510
0.0093769931
0.0095057516
0.0089711455
0.0084743747
0.0073863091
0.0048004522
0.0017376119
-0.0013086312
-0.0038235423
-0.0049796691
-0.0052402166
-0.0051512030
-0.0048289796
-0.0037859289
-0.0023509862
-0.0017174214
-0.0021385561
-0.0030757749
-0.0040874057
-0.0061836435
-0.0090580615
-0.0112858959
-0.0133066406
-0.0150984095
-0.0161632266
-0.0159077880
-0.0142394700
-0.0117869200
-0.0082796869
-0.0043258109
-0.0011462004
0.0001219899
-0.0003143768
-0.0015851804
-0.0046016435
-0.0074040120
-0.0077489065
-0.0064345564
-0.0039362160
-0.0009746478
0.0013379043
0.0015131168
-0.0000996368
-0.0015273883
-0.0019646251
-0.0015606252
-0.0010834083
-0.0011474191
-0.0017917620
-0.0020196803
-0.0019987526
-0.0030802483
-0.0048013531
-0.0059670406
-0.0059496295
-0.0049421475
-0.0026209856
0.0012725725
0.0043651476
0.0052618992
0.0054458709
0.0058986282
0.0066158330
0.0079495343
0.0096282215
0.0096060427
0.0068421126
0.0031984640
0.0015171892
0.0013715900
0.0005301956
-0.0008059745
-0.0025633345
-0.0042324430
-0.0047634542
-0.0042054102
-0.0025463929
0.0000640713
0.0030387415
0.0049493682
0.0046343930
0.0025858311
-0.0000975602
-0.0021554699
-0.0027713454
-0.0020097028
0.0001823951
0.0020429158
0.0019162856
0.0010656126
0.0007883324
0.0015996072
0.0028669670
0.0038877688
0.0048096859
0.0045147897
0.0020337813
-0.0020186034
-0.0061190465
-0.0081716401
-0.0077328075
-0.0056678423
-0.0027081420
0.0001816825
0.0020502738
0.0020777711
0.0013649096
0.0015115629
0.0019376724
0.0019438732
0.0010564527
-0.0012544450
-0.0040528769
-0.0059924227
-0.0067033251
-0.0063341401
-0.0055351917
-0.0049725091
-0.0047957615
-0.0053185263
-0.0059949746
-0.0051327100
-0.0025572140
0.0005790017
0.0030653710
0.0025473584
-0.0013665844
-0.0060080743
-0.0098824759
-0.0122871329
-0.0132464902
-0.0133510083
-0.0119684198
-0.0088795277
-0.0047820467
-0.0007535986
0.0020057401
0.0033292983
0.0040024242
0.0042267565
0.0043168505
0.0050530025
0.0060378367
0.0069000293
0.0068957743
0.0044838826
0.0006798472
-0.0016255501
-0.0013699878
0.0001649571
0.0010931984
0.0009520973
0.0002074657
-0.0013324235
-0.0030158739
-0.0029430229
0.0001248952
0.0045739638
0.0071432004
0.0070525718
0.0058310201
0.0051136520
0.0044960406
0.0034042075
0.0033479077
0.0042767678
0.0046783150
0.0038379179
0.0019941628
0.0001654815
-0.0008835250
-0.0013284722
-0.0017186937
-0.0018146326
-0.0012873483
-0.0001319841
0.0016086417
0.0031421131
0.0030252621
0.0016834176
0.0008948619
0.0006277486
0.0003985673
-0.0000820236
-0.0012477796
-0.0029275223
-0.0039332108
-0.0027956673
-0.0001469548
0.0022526491
0.0027951237
0.0013143643
-0.0004139137
-0.0018685459
-0.0029695936
-0.0030609730
-0.0022894202
-0.0012507446
-0.0008580634
-0.0011045510
-0.0014825685
-0.0018829162
-0.0024285584
-0.0037877076
-0.0046685766
-0.0034088862
-0.0011234215
0.0005553632
0.0010479199
0.0006873070
0.0003217573
0.0006213034
0.0013077643
0.0019839528
0.0025581422
0.0024154584
0.0017780436
0.0012154241
0.0004718387
-0.0000577661
0.0002381672
0.0014029445
0.0036143483
0.0063598178
0.0082659038
0.0087709894
0.0084036271
0.0078445768
0.0073591073
0.0068713522
0.0059008933
0.0041502862
0.0026377785
0.0021981691
0.0025885784
0.0039128994
0.0061759853
0.0088804069
0.0112995971
0.0126035242
0.0126463371
0.0116951586
0.0105674760
0.0093471943
0.0073224133
0.0050565251
0.0027780623
0.0005959144
-0.0005886227
-0.0003279956
0.0008099307
0.0017530421
0.0018924251
0.0016359968
0.0017891933
0.0022147308
0.0032711099
0.0043961153
0.0041740309
0.0035461727
0.0032388850
0.0032204130
0.0032545288
0.0028661101
0.0025369623
0.0019300946
-0.0000858624
-0.0035198265
-0.0068030838
-0.0083778039
-0.0079888833
-0.0058713376
-0.0031131029
-0.0009085668
0.0000870711
-0.0002902793
-0.0011263242
-0.0014297229
-0.0007666738
0.0000399036
0.0001256886
-0.0002891528
-0.0011337020
-0.0020643420
-0.0027738354
-0.0031917504
-0.0028332252
-0.0026525334
-0.0038123043
-0.0054495047
-0.0073925019
-0.0095191309
-0.0108410443
-0.0103502054
-0.0077411170
-0.0052728022
-0.0041855249
-0.0041461661
-0.0050880321
-0.0067751289
-0.0088809386
-0.0097202154
-0.0085313212
-0.0062333314
-0.0039638852
-0.0021343850
-0.0006526331
-0.0002322018
-0.0008678301
-0.0020241496
-0.0030953661
-0.0031679978
-0.0025385226
-0.0024538444
-0.0027770825
-0.0028764286
-0.0029973415
-0.0037368875
-0.0054909614
-0.0072758775
-0.0082739929
-0.0080254577
-0.0067331604
-0.0058849449
-0.0058992711
-0.0062197938
-0.0056564361
-0.0043990356
-0.0035281321
-0.0025568453
-0.0012393235
0.0011535271
0.0040268392
0.0053158988
0.0054628228
0.0054114463
0.0056872411
0.0066580276
0.0074290149
0.0075915708
0.0081852032
0.0092463836
0.0098573847
0.0103947306
0.0108061531
0.0110821382
0.0119991421
0.0123838223
0.0110810224
0.0087475472
0.0065818585
0.0050842874
0.0032176563
0.0010478329
-0.0002358061
-0.0001277490
0.0015788829
0.0040829032
0.0063048494
0.0075982257
0.0076594920
0.0069028330
0.0054079084
0.0031511128
0.0017305594
0.0020739163
0.0031952375
0.0043289485
0.0047008512
0.0049127805
0.0062025584
0.0075243669
0.0076653208
0.0067218030
0.0048416272
0.0024024879
0.0002549359
-0.0017006173
-0.0038709371
-0.0053423347
-0.0054751566
-0.0051902547
-0.0051148354
-0.0043779635
-0.0023523172
0.0004627768
0.0031129737
0.0046665214
0.0051747483
0.0053549030
0.0054008455
0.0048316592
0.0035540925
0.0024967600
0.0015397081
-0.0000574460
-0.0020303822
-0.0044776404
-0.0067924667
-0.0083001152
-0.0087981003
-0.0078130241
-0.0066294760
-0.0063469147
-0.0067890880
-0.0076236433
-0.0085437615
-0.0092953327
-0.0090136985
-0.0080303508
-0.0080166508
-0.0092099838
-0.0106445048
-0.0115670767
-0.0111827390
-0.0093387516
-0.0068331171
-0.0049471415
-0.0044480234
-0.0047671710
-0.0053896266
-0.0054364684
-0.0045521780
-0.0040891294
-0.0042586701
-0.0044789625
-0.0048201195
-0.0052931912
-0.0057939526
-0.0057931365
-0.0048670031
-0.0039123188
-0.0034341512
-0.0029639893
-0.0028063553
-0.0029901105
-0.0034061904
-0.0037825952
-0.0037462388
-0.0040374373
-0.0049745921
-0.0057714231
-0.0054721094
-0.0043984222
-0.0032494219
-0.0018204883
0.0000618067
0.0022405575
0.0043345453
0.0063712193
0.0083399674
0.0097444201
0.0102851107
0.0096610343
0.0078969751
0.0062990700
0.0061709013
0.0072886184
0.0084282654
0.0084178292
0.0076254526
0.0070260521
0.0063322222
0.0052037595
0.0038119327
0.0022523773
0.0008385773
0.0001803659
0.0005750435
0.0014043280
0.0017624638
0.0015700762
0.0010277788
0.0003115896
-0.0002829156
-0.0010503913
-0.0017781780
-0.0015404724
0.0000247872
0.0027244779
0.0055553003
0.0076252287
0.0091075741
0.0100186638
0.0097894447
0.0080845549
0.0057449011
0.0040381534
0.0036455640
0.0045803966
0.0056794204
0.0060418875
0.0054621711
0.0041191773
0.0029456080
0.0025324976
0.0025749160
0.0024913090
0.0020220368
0.0009509180
-0.0003198653
-0.0013361433
-0.0022539067
-0.0021472483
-0.0009021501
-0.0000524155
0.0003386258
0.0004408065
-0.0000044007
-0.0007692623
-0.0015862923
-0.0015915375
-0.0012955009
-0.0018053844
-0.0027395567
-0.0038387832
-0.0049750190
-0.0055896663
-0.0051696449
-0.0041693416
-0.0035193131
-0.0032148305
-0.0031884001
-0.0040277728
-0.0055107765
-0.0064945162
-0.0065974706
-0.0064507741
-0.0063005581
-0.0059099611
-0.0055426233
-0.0056045351
-0.0058015722
-0.0054194563
-0.0046233436
-0.0035365358
-0.0018710895
-0.0001000206
0.0009154794
0.0007167126
0.0001537383
-0.0000717967
0.0001787551
0.0005153481
0.0002501578
-0.0006070199
-0.0023784911
-0.0038405606
-0.0041388282
-0.0040375831
-0.0035891992
-0.0032914249
-0.0031478270
-0.0028683816
-0.0026013497
-0.0025295712
-0.0024996969
-0.0020623776
-0.0011178749
0.0004218281
0.0023470950
0.0041738771
0.0052958583
0.0056957992
0.0057706347
0.0056677519
0.0052777254
0.0044048933
0.0034740638
0.0025139436
0.0015046918
0.0007891874
0.0004000070
0.0004329768
0.0006340069
0.0007481167
0.0005229931
0.0001133071
-0.0002045573
-0.0005433658
-0.0006307647
-0.0006102928
-0.0001806031
0.0009703013
0.0023361570
0.0037344820
0.0046126912
0.0050575278
0.0058140061
0.0066185852
0.0071361069
0.0073580040
0.0074922364
0.0076816242
0.0076067623
0.0067071751
0.0049731186
0.0036879503
0.0034373498
0.0039601843
0.0046894943
0.0041990864
0.0025207256
0.0004015136
-0.0019491017
-0.0039069293
-0.0048030062
-0.0044219426
-0.0034186115
-0.0021968294
-0.0005064845
0.0016589990
0.0036819274
0.0049648040
0.0057645033
0.0061616298
0.0056325015
0.0039429830
0.0016076467
-0.0007184754
-0.0025929831
-0.0038011124
-0.0048557910
-0.0058646323
-0.0063697677
-0.0063466430
-0.0063154471
-0.0074370937
-0.0095931211
-0.0113727426
-0.0123148106
-0.0126654272
-0.0124589441
-0.0115236780
-0.0101600651
-0.0084838932
-0.0062470377
-0.0042799201
-0.0030167194
-0.0020070621
-0.0019833988
-0.0031005873
-0.0043001928
-0.0053201702
-0.0058110220
-0.0052900223
-0.0038926325
-0.0022567275
-0.0016420183
-0.0023365998
-0.0030168908
-0.0025532926
-0.0012820870
-0.0004511564
-0.0005987566
-0.0011591426
-0.0012706022
-0.0006858425
-0.0001335839
0.0000152558
0.0003490720
0.0008714638
0.0010260840
0.0008388332
0.0005000005
-0.0002377779
-0.0016348980
-0.0029655939
-0.0033360600
-0.0031279506
-0.0026323328
-0.0015242605
-0.0002899685
0.0003639332
0.0003549652
-0.0000217543
-0.0000244894
0.0007337166
0.0019011225
0.0030284916
0.0035365545
0.0036894779
0.0042390322
0.0044463178
0.0034744466
0.0017520017
0.0001743932
-0.0005233046
-0.0007391091
-0.0009504641
-0.0006964430
0.0001928160
0.0015470130
0.0026092303
0.0026123729
0.0017060263
0.0000334684
-0.0018464118
-0.0032043026
-0.0037566729
-0.0030532884
-0.0009555846
0.0016253963
0.0033375778
0.0039968635
0.0041203609
0.0036219254
0.0024414912
0.0012829152
0.0007064781
0.0006623028
0.0012809436
0.0024399679
0.0036242950
0.0044770163
0.0047074819
0.0040423039
0.0025886804
0.0013596101
0.0010323984
0.0011566896
0.0015601233
0.0020312791
0.0021640635
0.0019434263
0.0012430402
0.0004375381
0.0001909895
0.0003768434
0.0006795003
0.0008221212
0.0004953429
-0.0001251827
-0.0008834726
-0.0016738117
-0.0023265078
-0.0027312734
-0.0027099302
-0.0025343124
-0.0020997775
-0.0010629378
-0.0001049855
0.0003122244
0.0007174215
0.0011453019
0.0011609663
0.0007993785
0.0003339792
0.0002563918
0.0005082278
0.0007614063
0.0014679146
0.0025079333
0.0029149308
0.0022917597
0.0013538519
0.0008955974
0.0005059329
-0.0001413372
-0.0003410695
0.0002433100
0.0010420865
0.0013002508
0.0008668989
0.0003984118
0.0006056903
0.0010554780
0.0008847621
0.0001906975
-0.0006633910
-0.0014355097
-0.0018620959
-0.0019361073
-0.0016347421
-0.0009121961
-0.0000206579
0.0006297146
0.0005686563
-0.0001722094
-0.0009206508
-0.0010918321
-0.0003687975
0.0010696747
0.0027426639
0.0040488501
0.0046680358
0.0048147247
0.0042397303
0.0030339028
0.0018557207
0.0011456448
0.0010234700
0.0010270389
0.0008140002
0.0000285822
-0.0010947961
-0.0017036736
-0.0012116000
0.0006459395
0.0032555088
0.0057625318
0.0070798666
0.0065895241
0.0052375314
0.0038570504
0.0025407572
0.0013751026
0.0005147446
0.0000560647
0.0002571204
0.0011357605
0.0020157394
0.0024347910
0.0023848782
0.0022868980
0.0024724151
0.0023289403
0.0015515519
0.0005985188
-0.0002426324
-0.0006504800
-0.0001587944
0.0011143376
0.0023670314
0.0031881725
0.0035149944
0.0030353570
0.0019330571
0.0004335422
-0.0012629657
-0.0022404920
-0.0022083692
-0.0016685507
-0.0009347510
-0.0000632258
0.0010663665
0.0021978319
0.0028201878
0.0028586354
0.0024989070
0.0016903500
0.0004436194
-0.0006310761
-0.0009773964
-0.0009126912
-0.0007619733
-0.0003763228
0.0000677275
0.0001903820
0.0000402242
-0.0000555425
-0.0000987121
-0.0002452993
-0.0005808889
-0.0011304592
-0.0016595101
-0.0021680480
-0.0026779307
-0.0028410528
-0.0026291772
-0.0019145790
-0.0005656219
0.0008359560
0.0017708445
0.0018101828
0.0011932947
0.0004690164
-0.0005512771
-0.0015042128
-0.0021264619
-0.0027357221
-0.0032099087
-0.0031541842
-0.0025295234
-0.0019606565
-0.0015923989
-0.0011950535
-0.0009185980
-0.0006813525
-0.0006108137
-0.0010533552
-0.0017664701
-0.0023575112
-0.0022067578
-0.0009928298
0.0005028367
0.0017047040
0.0023155651
0.0023579723
0.0020826228
0.0011898843
0.0000519556
-0.0009513619
-0.0019064993
-0.0027341987
-0.0036551083
-0.0040874084
-0.0036179592
-0.0026518560
-0.0014575493
-0.0008074660
-0.0004618700
0.0000152151
0.0001267863
0.0004162070
0.0010961177
0.0012732395
0.0004633978
-0.0010168692
-0.0019720076
-0.0015007062
-0.0005118944
-0.0002768269
-0.0006792279
-0.0010994528
-0.0010217649
-0.0001831417
0.0006577134
0.0005892281
-0.0001198574
-0.0009568687
-0.0014448690
-0.0013252763
-0.0010973439
-0.0006086502
0.0002295267
0.0007432033
0.0006189822
-0.0001743327
-0.0010389796
-0.0012514999
-0.0010988799
-0.0012761370
-0.0012582212
-0.0001605507
0.0009776276
0.0013233323
0.0017580437
0.0028356230
0.0038557843
0.0037641424
0.0026703866
0.0013221008
0.0002992452
-0.0002930071
-0.0011282211
-0.0024729567
-0.0037450477
-0.0041541211
-0.0037033007
-0.0033540736
-0.0035232933
-0.0036743183
-0.0033264200
-0.0025809177
-0.0018068665
-0.0010712295
-0.0003636158
0.0003801057
0.0014104932
0.0022567744
0.0022636206
0.0014913482
0.0003436575
-0.0009279250
-0.0025218443
-0.0042850968
-0.0053440731
-0.0052311258
-0.0045489523
-0.0039269594
-0.0033828870
-0.0028139254
-0.0022511614
-0.0018034413
-0.0014911760
-0.0012921446
-0.0010775574
-0.0009003789
-0.0011150160
-0.0017830482
-0.0025451056
-0.0030008573
-0.0032124011
-0.0030108089
-0.0018810200
-0.0004708263
0.0000629813
-0.0004075405
-0.0010211590
-0.0009059467
-0.0002642750
0.0001014616
0.0001221794
0.0002218088
0.0004930635
0.0008525296
0.0008483146
0.0001933139
-0.0009097442
-0.0023769625
-0.0038090706
-0.0049116774
-0.0052533262
-0.0044698957
-0.0034230570
-0.0027992049
-0.0025519573
-0.0025134405
-0.0025283536
-0.0024282235
-0.0018663722
-0.0007651036
0.0003990333
0.0012390997
0.0017613742
0.0018627707
0.0018849013
0.0025167831
0.0035190878
0.0043324260
0.0048930837
0.0052615073
0.0054200682
0.0049309062
0.0039019163
0.0028519236
0.0013387570
-0.0006508826
-0.0025166197
-0.0037222270
-0.0040683448
-0.0043609209
-0.0048457434
-0.0048789564
-0.0041997490
-0.0028158709
-0.0013253175
-0.0006047205
-0.0006320716
-0.0008390725
-0.0008891762
-0.0009709175
-0.0014163668
-0.0020740952
-0.0026269942
-0.0030194294
-0.0034935113
-0.0041854816
-0.0047148253
-0.0046628291
-0.0042755961
-0.0038670130
-0.0032600869
-0.0028109450
-0.0028164369
-0.0025067735
-0.0015092962
-0.0002996484
0.0004673855
0.0009107779
0.0020285658
0.0033916035
0.0038694029
0.0036057843
0.0029382801
0.0023180608
0.0023451866
0.0026387581
0.0027428898
0.0028599922
0.0027284067
0.0021750750
0.0017224884
0.0018435884
0.0024408172
0.0027326021
0.0025198406
0.0026217779
0.0031459395
0.0036124752
0.0039992895
0.0040063344
0.0033344507
0.0023603592
0.0015565373
0.0010798217
0.0010953498
0.0016407803
0.0022487237
0.0025098958
0.0022426623
0.0015619113
0.0009649026
0.0010490097
0.0020773411
0.0035615590
0.0049545225
0.0059622721
0.0065016323
0.0066486360
0.0065713749
0.0068320877
0.0074244030
0.0073147296
0.0057205352
0.0032318027
0.0010393265
-0.0003194381
-0.0007492767
-0.0004801301
-0.0000326685
0.0005748189
0.0016013790
0.0024353389
0.0024896234
0.0022675581
0.0025241783
0.0031887106
0.0035038305
0.0032742550
0.0028546541
0.0023745664
0.0018350277
0.0011658810
0.0003532166
-0.0001300666
-0.0000984998
0.0001047184
0.0002731466
0.0003252535
0.0002231115
-0.0001228598
-0.0004893448
-0.0008812291
-0.0013332953
-0.0015486558
-0.0017836778
-0.0019535262
-0.0017774919
-0.0011829576
-0.0000297821
0.0010351564
0.0015196262
0.0015900003
0.0013354572
0.0010545825
0.0008423803
0.0005436874
0.0004058950
0.0007883763
0.0012438609
0.0011702988
0.0008632010
0.0005854284
0.0004101847
0.0003437481
0.0001560406
-0.0001150021
-0.0001667497
-0.0001146018
-0.0004471499
-0.0012196422
-0.0022128046
-0.0033143242
-0.0043173215
-0.0049267116
-0.0051255422
-0.0048438565
-0.0042603548
-0.0039086310
-0.0039206505
-0.0040945706
-0.0038534278
-0.0028206135
-0.0011765833
0.0006073986
0.0019037425
0.0025937658
0.0030088528
0.0029625236
0.0021682007
0.0012209468
0.0005727998
-0.0000566000
-0.0007635831
-0.0012832991
-0.0014705438
-0.0015267006
-0.0016759668
-0.0019082167
-0.0019287038
-0.0015684654
-0.0012769031
-0.0015826881
-0.0025624435
-0.0035038611
-0.0035265458
-0.0030745247
-0.0026255580
-0.0022903248
-0.0018644051
-0.0015032848
-0.0008552130
-0.0006550756
-0.0006576612
-0.0005198965
-0.0006061808
-0.0007809438
-0.0009697047
-0.0008542523
-0.0005786583
-0.0007475992
-0.0009820405
-0.0010254198
-0.0011556781
-0.0013801751
-0.0014492433
-0.0015388823
-0.0018374523
-0.0018852033
-0.0014906094
-0.0006703241
0.0001725505
0.0004337216
0.0000141908
-0.0014084985
-0.0031521191
-0.0039023706
-0.0038744819
-0.0035427071
-0.0032937081
-0.0036353302
-0.0041172858
-0.0040230394
-0.0034268771
-0.0030763213
-0.0031485126
-0.0030445221
-0.0030663855
-0.0037644757
-0.0043315340
-0.0040717209
-0.0033268806
-0.0027258652
-0.0027464733
-0.0029061960
-0.0024242128
-0.0016902020
-0.0015499246
-0.0019912752
-0.0025592833
-0.0029756655
-0.0032036406
-0.0033956345
-0.0033991054
-0.0031388670
-0.0026571975
-0.0020993286
-0.0016141229
-0.0013472603
-0.0015408279
-0.0016575105
-0.0016012180
-0.0015170130
-0.0014001516
-0.0015598270
-0.0013452844
-0.0007396700
-0.0000804637
0.0007886037
0.0012638339
0.0012680366
0.0013569731
0.0017040218
0.0019594597
0.0016812888
0.0010864405
0.0008926330
0.0014270194
0.0019254395
0.0016047238
0.0008107932
0.0003901545
0.0006723360
0.0010147347
0.0008811652
0.0008361207
0.0013578241
0.0021439208
0.0026444343
0.0026693204
0.0023539246
0.0015940116
0.0005737684
-0.0002831480
-0.0008932183
-0.0010184641
-0.0003946708
0.0005417229
0.0012957585
0.0019594670
0.0024306869
0.0024840738
0.0022655638
0.0018537635
0.0012807772
0.0006725535
0.0001334774
-0.0001859749
-0.0003028258
-0.0001120810
0.0004483118
0.0008448447
0.0010574188
0.0015154179
0.0018938536
0.0018656906
0.0018613886
0.0024149574
0.0033571043
0.0040438679
0.0043669489
0.0047658055
0.0052142671
0.0051479954
0.0047080959
0.0044380010
0.0041647058
0.0036787665
0.0030062060
0.0023458575
0.0018873498
0.0014328994
0.0011061252
0.0008829734
0.0004990763
0.0002503463
0.0001568069
-0.0000327077
-0.0004437410
-0.0011255895
-0.0017691833
-0.0021764576
-0.0021740283
-0.0017431462
-0.0013188968
-0.0009507494
-0.0004644067
0.0000509142
0.0004648959
0.0006669225
0.0006584686
0.0005618334
0.0004299567
0.0002672013
-0.0000000980
-0.0004298231
-0.0007368565
-0.0008889755
-0.0011362257
-0.0013031907
-0.0013237563
-0.0014005362
-0.0013568498
-0.0011176447
-0.0009871111
-0.0009153424
-0.0008412068
-0.0007879420
-0.0004973370
-0.0000888439
0.0001311015
0.0001282705
-0.0000301302
-0.0001496541
-0.0002163378
-0.0003446828
-0.0003302875
0.0000464901
0.0005638060
0.0009663549
0.0012604400
0.0013834201
0.0012564054
0.0007750882
-0.0000494496
-0.0008318121
-0.0014153371
-0.0018156978
-0.0020142400
-0.0022709733
-0.0024837642
-0.0023647414
-0.0021461102
-0.0020295768
-0.0018761884
-0.0016817624
-0.0015988631
-0.0014590376
-0.0013550952
-0.0015350389
-0.0017009005
-0.0015369981
-0.0009200107
-0.0001291430
0.0004454661
0.0008082531
0.0010017977
0.0010937404
0.0011822226
0.0011571360
0.0009541667
0.0008436827
0.0009689891
0.0010626820
0.0008969815
0.0006518985
0.0005479936
0.0004255292
0.0000861913
-0.0002761322
-0.0003183790
-0.0000858148
0.0001666439
0.0003296445
0.0004416519
0.0004475748
0.0002328306
0.0000633096
0.0001395719
0.0003529313
0.0006260096
0.0007882957
0.0007309232
0.0006598504
0.0008320511
0.0011564373
0.0014130110
0.0015603967
0.0016758678
0.0018436148
0.0020126742
0.0021277683
0.0021473683
0.0021339498
0.0021129108
0.0020177809
0.0019447327
0.0018862782
0.0018968899
0.0019797868
0.0019581228
0.0018387766
0.0016304923
0.0013382271
0.0009725569
0.0005580877
0.0001571694
-0.0002167469
-0.0004229415
-0.0003658545
-0.0001005699
0.0003818767
0.0009286241
0.0012882175
0.0014500668
0.0014552534
0.0013029634
0.0010289760
0.0006778518
0.0003353955
0.0000788148
-0.0000881506
-0.0001144226
0.0000560617
0.0002790286
0.0003685642
0.0003186169
0.0002089086
0.0001136706
0.0000219512
-0.0001796132
-0.0004278923
-0.0005973243
-0.0007207877
-0.0008219186
-0.0009086392
-0.0009762156
-0.0009835583
-0.0008833872
-0.0007155362
-0.0005838104
-0.0004426751
-0.0002087361
0.0000335142
0.0002075935
0.0003937593
0.0006227602
0.0008378701
0.0010232513
0.0011741785
0.0012601454
0.0012274421
0.0010749255
0.0008631851
0.0006755427
0.0006134434
0.0006708946
0.0007517913
0.0008270168
0.0008869064
0.0008948214
0.0008561611
0.0008061197
0.0007730167
0.0007393755
0.0006766242
0.0006210778
0.0005595416
0.0004649439
0.0004204627
0.0004688070
0.0005665861
0.0006758383
0.0007322563
0.0007048727
0.0006636535
0.0006427420
0.0006113428
0.0005722201
0.0005441988
0.0005351400
0.0005169390
0.0004585494
0.0003970571
0.0003691325
0.0003580186
0.0003291322
0.0002732869
0.0002101237
0.0001606308
0.0001288902
0.0001065651
0.0001006159
0.0001108928
0.0001224938
0.0001424053
0.0001739445
0.0002070142
0.0002311390
0.0002367687
0.0002313846
0.0002144438
0.0001818651
0.0001301131
0.0000619190
0.0000046775
-0.0000266634
-0.0000267669
-0.0000054114
0.0000188658
0.0000372292
0.0000341906
0.0000099950
-0.0000228893
-0.0000492237
-0.0000582325
-0.0000583992
-0.0000544102
-0.0000424526
-0.0000235750
-0.0000064745
0.0000043018
0.0000120885
0.0000088490
-0.0000091918
-0.0000257333
-0.0000321673
-0.0000377103
-0.0000508686
-0.0000651877
-0.0000731417
-0.0000787080
-0.0000844799
-0.0000906915
-0.0000983848
-0.0001046253
-0.0001090958
-0.0001152458
-0.0001214899
-0.0001234056
-0.0001206466
-0.0001215314
-0.0001323398
-0.0001459402
-0.0001544828
-0.0001577353
-0.0001586390
-0.0001594771
-0.0001609788
-0.0001646594
-0.0001711971
-0.0001789292
-0.0001863615
-0.0001935261
-0.0002008990
-0.0002079153
-0.0002131694
-0.0002164159
-0.0002195981
-0.0002238336
-0.0002288045
-0.0002339333
-0.0002381068
-0.0002415395
-0.0002453693
-0.0002500289
-0.0002551107
-0.0002596895
-0.0002638413
-0.0002680643
-0.0002723568
-0.0002768754
-0.0002816254
-0.0002863452
-0.0002908136
-0.0002950910
-0.0002994669
-0.0003039999
-0.0003086359
-0.0003133269
-0.0003180372
-0.0003228013
-0.0003275648
-0.0003322883
-0.0003370018
-0.0003417106
-0.0003464188
-0.0003511160
-0.0003557880
-0.0003604372
-0.0003650732
-0.0003697029
-0.0003743220
-0.0003789245
-0.0003835092
-0.0003880763
-0.0003926244
-0.0003971520
-0.0004016581
-0.0004061420
-0.0004106028
