-0.0004040637
0.0014324884
0.0016032970
-0.0005295927
-0.0020220652
-0.0040201204
-0.0035243388
-0.0014402023
-0.0011658473
-0.0013121753
-0.0035383808
-0.0047910224
-0.0037080101
-0.0026289398
-0.0012605522
-0.0041135494
-0.0071119597
-0.0048858920
-0.0020064987
-0.0015529401
-0.0009785353
-0.0018730239
-0.0039933105
-0.0047837099
-0.0040281377
-0.0015966819
0.0006958308
0.0011194698
-0.0007849388
-0.0017285738
-0.0009847278
-0.0043477289
-0.0074753586
-0.0022362571
-0.0012609035
-0.0016193294
-0.0018594102
-0.0004814307
0.0012206970
-0.0049731295
-0.0048401006
0.0015104623
0.0006197622
-0.0022310543
-0.0007781875
0.0018850565
-0.0003096098
-0.0052746776
-0.0039655804
0.0007867609
0.0003365116
-0.0015824787
0.0016292852
-0.0008734282
-0.0053709232
-0.0030797339
-0.0022070943
-0.0018140745
0.0007038877
-0.0028475830
-0.0014084443
-0.0001543594
-0.0054494427
-0.0039146308
-0.0025339844
-0.0022760069
-0.0026017736
0.0023010608
0.0053211039
-0.0021296015
0.0004535607
0.0018047650
-0.0064131282
-0.0069534573
-0.0050124607
0.0007423721
0.0008639031
-0.0026130895
0.0035309669
0.0029330403
-0.0029148718
-0.0012202139
-0.0006828376
-0.0023792862
-0.0030168795
-0.0005222566
-0.0009739919
-0.0027128820
-0.0037967570
-0.0063131109
-0.0060290544
-0.0073806852
0.0066741576
0.0139240854
-0.0007951863
-0.0087396588
-0.0045034192
0.0012149229
-0.0039308612
-0.0077411560
0.0052210224
0.0028469753
-0.0143745358
-0.0096401651
0.0077791586
0.0000035581
-0.0104636011
0.0037197337
0.0114378138
0.0014003766
-0.0067947374
0.0058265049
0.0062589249
-0.0046948846
-0.0049958743
-0.0029426020
-0.0008553683
-0.0045902374
-0.0056016879
0.0026480422
0.0012055082
-0.0090186519
-0.0102697250
-0.0050506514
0.0042591035
0.0032502430
-0.0063061300
-0.0153641651
-0.0151326656
-0.0090895440
0.0006468616
-0.0050968422
-0.0080939052
0.0039041611
0.0005031618
-0.0077127556
-0.0067625911
0.0040919383
-0.0027124357
-0.0072113087
-0.0029672459
-0.0003302961
-0.0102421630
-0.0236981662
-0.0107092238
0.0004320862
-0.0077871255
-0.0091836781
0.0007788592
0.0043226305
0.0044020375
0.0100487806
0.0002193396
-0.0157574718
-0.0122091019
0.0009800114
0.0129157437
0.0142821535
0.0060078781
-0.0100703930
-0.0107971917
-0.0002176190
0.0130237793
0.0118513862
-0.0054081188
-0.0167941711
-0.0078781616
0.0057524374
-0.0015286281
-0.0139538310
-0.0148887471
-0.0088376348
0.0001775355
0.0188295813
0.0042018373
-0.0195842711
-0.0141961468
0.0033009142
0.0123714372
-0.0013771628
-0.0062220497
-0.0019947334
0.0015167984
0.0040462962
0.0016502667
0.0062260592
-0.0096558427
-0.0167138081
-0.0037128742
0.0024409180
-0.0016016974
-0.0047691146
0.0088746806
0.0022536725
-0.0049031205
-0.0054251376
0.0041732168
0.0142158489
0.0118999156
0.0171434981
0.0085892534
-0.0072906884
-0.0144188210
-0.0077211046
0.0138867286
0.0107073819
0.0027000992
0.0042034328
-0.0026389461
-0.0048145597
0.0093887215
0.0149607129
-0.0026056222
-0.0082845174
-0.0041853429
-0.0081335590
-0.0221781088
-0.0205576522
0.0014828137
0.0122050426
0.0047844304
0.0085900619
0.0153272230
0.0135911505
0.0088687699
0.0091589442
0.0116088692
-0.0061755054
-0.0137549706
-0.0047975988
0.0009984589
0.0099278443
0.0110539801
-0.0026856718
-0.0168934153
-0.0035647983
0.0232123817
0.0100286558
-0.0067293926
-0.0060182550
0.0045464607
0.0009102166
-0.0061293508
0.0069124707
0.0095707229
0.0092976321
-0.0012381615
0.0067291934
0.0148134485
-0.0044869571
-0.0070823774
-0.0014913333
-0.0101387475
-0.0017069584
0.0243789575
0.0194054241
0.0020879374
-0.0006263575
-0.0002348188
0.0131135416
0.0212742822
0.0106650873
-0.0091948683
-0.0143102675
0.0006681687
0.0100009982
0.0106656209
0.0063817086
0.0093411320
0.0129006455
0.0116478989
0.0080125036
0.0121901484
0.0122911756
0.0047502188
0.0039045315
0.0022015232
0.0068323201
0.0037438778
0.0018791249
0.0057950478
0.0121526505
0.0014363955
-0.0114878271
0.0079671490
0.0388838504
0.0372111750
0.0036462391
-0.0022149094
-0.0115574931
-0.0151787641
0.0146362776
0.0127197294
-0.0040946480
-0.0063168775
-0.0001850436
0.0126776430
0.0176264931
0.0002341725
-0.0083617057
-0.0019719768
0.0000370342
0.0116913184
0.0198266079
0.0016269525
-0.0072503189
0.0079024968
0.0193420071
0.0113843004
0.0044670629
0.0067435063
0.0023817771
0.0191187651
0.0295481152
0.0295423822
0.0085984311
-0.0048972939
-0.0025922267
-0.0070810639
0.0027774584
0.0051050595
0.0162390433
0.0087061610
-0.0125378663
-0.0104697790
0.0067237460
0.0142177546
0.0130540555
0.0061690347
0.0088453181
0.0041282029
-0.0045224399
0.0055112195
0.0035777319
-0.0043382178
-0.0100692650
0.0015591831
0.0162021226
0.0161768733
-0.0006966787
0.0025970226
0.0162995735
0.0084514692
-0.0055604782
-0.0069268754
-0.0055450319
0.0118946517
0.0268374557
0.0132764112
0.0014783858
0.0162336104
0.0336740706
0.0149127868
0.0048471646
0.0187907069
0.0280701699
0.0071904835
-0.0187031276
-0.0073049285
0.0147234163
0.0132474604
0.0120580625
0.0123372508
0.0075948716
-0.0091621258
0.0028851173
0.0374368059
0.0386821680
0.0042533165
-0.0173754137
0.0024692540
0.0227562697
0.0193706942
0.0113727178
0.0128977374
-0.0025280994
0.0049121355
0.0233185416
0.0113989644
-0.0025604471
0.0151683599
0.0160262073
0.0054601812
0.0010050772
-0.0073418528
0.0047890569
0.0049508620
0.0096056725
0.0011557280
-0.0146046104
0.0067230453
0.0194927679
-0.0075397980
0.0023305228
0.0122219678
-0.0064589413
-0.0040699830
0.0041564107
0.0174614253
-0.0178846478
-0.0336603934
-0.0056376375
0.0238689584
0.0291753260
0.0199948631
0.0143035726
-0.0110771305
-0.0075751448
0.0244533140
0.0469058749
0.0134678212
-0.0225208093
-0.0032735615
0.0090398393
0.0046906190
0.0029576766
0.0014345826
0.0038822323
-0.0052237656
0.0059063651
-0.0134357745
-0.0176607669
0.0060021161
0.0081821269
0.0230819571
0.0103818353
-0.0042726309
-0.0197713987
-0.0158696458
-0.0040479379
-0.0058680812
-0.0054300247
-0.0160909156
-0.0175004313
-0.0067298642
0.0090387044
0.0140982318
-0.0041585583
0.0042874149
0.0237329776
0.0205491920
0.0185951071
0.0118320694
0.0190051805
0.0044597564
-0.0049714673
0.0231173702
0.0147286444
-0.0061924386
-0.0155732930
0.0028694183
-0.0020550501
-0.0073043792
0.0080620954
0.0017850130
-0.0157276696
-0.0259121667
-0.0165251271
0.0092025461
0.0300781688
0.0049575029
-0.0262074582
-0.0282610149
0.0009718774
0.0090553913
0.0037337707
-0.0048589922
-0.0066519315
-0.0079898535
-0.0055646380
-0.0070381635
0.0065057276
0.0119694699
0.0080154039
-0.0066426419
-0.0085739611
0.0039758283
-0.0037412564
-0.0211925224
-0.0311004554
0.0031093665
0.0235218827
0.0176133556
-0.0165828300
-0.0349551349
-0.0408194229
-0.0414260083
-0.0256055458
-0.0082689845
-0.0026551984
0.0001118545
0.0062907960
0.0028703982
0.0057249127
0.0172273393
0.0254905918
0.0261518370
0.0178669553
0.0091839891
-0.0004244513
-0.0046907550
-0.0158300245
-0.0145004074
-0.0123343746
-0.0107120702
-0.0114869662
-0.0388422577
-0.0438471037
-0.0384490727
-0.0072498285
0.0381798720
0.0146575413
-0.0293489977
-0.0033170678
0.0370929414
0.0656437549
0.0325066021
-0.0297224152
-0.0558279092
-0.0746825807
-0.0806130785
-0.0687088080
-0.0213193247
-0.0055496512
-0.0251568845
-0.0173037892
0.0081983768
-0.0155264724
-0.0394793452
-0.0080347730
0.0374365258
0.0288069488
0.0167668577
0.0322981203
-0.0084171832
-0.0568045409
-0.0696811659
-0.0524222276
-0.0348715241
-0.0193880780
-0.0080234920
-0.0003637378
0.0145031993
-0.0162329247
-0.0109229230
0.0194463469
0.0006018483
-0.0131197329
-0.0129183282
-0.0011593891
-0.0329554213
-0.0405096669
-0.0045420851
0.0261423227
0.0400731249
0.0222273624
-0.0124700227
-0.0194458665
-0.0011208995
0.0096371785
0.0473704632
0.0566062819
0.0351837625
0.0229350826
0.0050637003
-0.0116997974
-0.0173038597
-0.0386571933
-0.0441643713
-0.0150135374
0.0056020414
0.0093425524
-0.0179390059
-0.0334572847
-0.0054496284
-0.0078430580
-0.0328226987
0.0016272348
0.0509899839
0.0616810998
0.0581743470
0.0467231621
0.0283911801
0.0332291490
0.0078391191
-0.0013921231
0.0329880429
0.0203526161
-0.0004127106
-0.0142555747
-0.0032013387
0.0044394347
-0.0013077439
0.0002533756
-0.0402016936
-0.0599282434
-0.0268020887
-0.0012630801
0.0054050001
-0.0116313629
-0.0236795629
0.0131198532
0.0142687590
0.0015489844
0.0200779481
0.0247100853
0.0176538865
0.0002560746
0.0161112175
-0.0081878740
-0.0628801490
-0.0996673851
-0.1130072035
-0.1030114041
-0.1053346015
-0.0751140159
-0.0259433150
0.0265888811
0.0753404618
0.0574151388
0.0055442865
-0.0028297793
0.0206993172
0.0291404353
0.0272642937
0.0538449211
0.0306519467
-0.0129594514
-0.0132128058
-0.0084881058
0.0101591017
-0.0114263794
-0.0424449966
-0.0472031741
-0.0540202484
-0.0426113052
-0.0368326034
-0.0477297720
-0.0661847398
-0.0764181613
-0.0575419061
-0.0428695943
-0.0274040735
-0.0311402866
-0.0526193269
-0.0503968535
-0.0669902886
-0.0730325838
-0.0594849818
-0.0349591450
-0.0044139004
0.0167172129
0.0383928526
0.0351085594
0.0226893376
0.0328665235
0.0337018009
0.0188069750
0.0008356981
-0.0127833124
-0.0240471718
-0.0224079405
-0.0079783362
-0.0040978810
0.0057951056
0.0091268965
-0.0413948907
-0.0873818713
-0.1023597862
-0.1019545668
-0.0508340796
-0.0158360558
-0.0111565955
-0.0456780492
-0.0679346892
-0.0429733044
-0.0289735216
-0.0325224811
-0.0317261319
0.0173970497
0.0516177745
0.0487965176
0.0288870655
-0.0035503260
-0.0601100865
-0.1107532263
-0.1067006053
-0.1203090248
-0.1000134613
-0.0468007569
-0.0278758021
-0.0472492341
-0.0747452192
-0.0444891223
-0.0424082744
-0.0675104879
-0.0579382753
-0.0209856959
0.0061446845
-0.0084829233
-0.0171344007
-0.0289810836
-0.0674132926
-0.0910916066
-0.1162466304
-0.1315637067
-0.0888590422
-0.0164512847
0.0341749121
0.0244443531
-0.0336805893
-0.1116533526
-0.1635250901
-0.1790257368
-0.1253218864
0.0048510238
0.0978445904
0.0654301933
-0.0086235274
-0.0208725235
0.0249032989
0.0867843923
0.0916012871
0.0427180143
0.0213240985
0.0444635345
0.0788013051
0.0858038125
0.0572756308
-0.0013053179
-0.0372456750
-0.0123617452
0.0032699486
-0.0252143833
-0.0648055171
-0.0632107816
-0.0492573578
-0.0517649072
-0.0623702589
-0.0863204221
-0.1426584076
-0.1789492791
-0.1439597245
-0.0940558549
-0.0499794437
-0.0160381747
0.0334766316
0.1125331303
0.1767322846
0.2009021223
0.2058625539
0.2287523792
0.2445021069
0.2166139532
0.1291689052
-0.0005223694
-0.1236852249
-0.1871376667
-0.1345232378
-0.0404450525
-0.0128347574
-0.0266333037
-0.0502922117
-0.0470258388
0.0013095009
0.0522789329
0.0812661490
0.0703391051
0.0636929765
0.0653714263
0.0525832315
0.0529137120
0.0764594787
0.0855415469
0.0545787423
0.0545487972
0.0924487714
0.0649690578
-0.0056794508
-0.0511478638
-0.0614722013
-0.0505047698
-0.0499703026
-0.0657583852
-0.0785911029
-0.0717697524
-0.0757835946
-0.0761710183
-0.0708609420
-0.0313772717
0.0468204939
0.0968135959
0.0794313210
0.0310431269
0.0193717935
0.0426855510
0.0550176466
0.0403536760
0.0211366347
0.0173198656
0.0262544209
0.0405198492
0.0585124495
0.0824674137
0.1309876654
0.1699218974
0.2083579379
0.2433359307
0.2723073987
0.2945274219
0.2304075592
0.0938617624
-0.0027415131
-0.0379640982
-0.0380048256
0.0199257592
0.1107799733
0.1519106964
0.1406087544
0.1370462389
0.1316369059
0.0961415845
0.0624098637
0.0524238029
0.0630476531
0.1051555335
0.1454283381
0.1511591122
0.1542340121
0.1596091525
0.1561868430
0.1208499223
0.0684723433
0.0176773087
-0.0500971995
-0.0986763875
-0.1113052989
-0.1129599332
-0.1056493716
-0.0876335648
-0.0935501539
-0.1182661368
-0.1397330403
-0.1435923711
-0.1056363192
-0.0346740669
0.0310404495
0.0558123239
0.0473280085
0.0283376050
0.0153366879
0.0274253924
0.0565423265
0.0706138228
0.0892133172
0.1131150813
0.0980588641
0.1035633330
0.1453849460
0.1612940209
0.1706470752
0.1692959425
0.1903629785
0.2290296642
0.2433254197
0.2453888983
0.2451655574
0.2504500824
0.2506195750
0.2261256322
0.1592970199
0.0984031837
0.0678731917
0.0872206393
0.1514367233
0.1984786813
0.2254019932
0.2186766326
0.1892165370
0.1433418271
0.0856524419
0.0369835858
-0.0263386113
-0.0715930273
-0.0878169484
-0.0717831556
-0.0220036671
0.0169405019
0.0488627131
0.0641200819
0.0535684137
0.0407606426
0.0520991188
0.0601533608
0.0316420087
-0.0233758261
-0.0745964904
-0.0859784621
-0.0497962735
0.0006538751
0.0272338568
0.0389009006
0.0474271470
0.0639978632
0.0800799957
0.1028515049
0.1349402333
0.1518293631
0.1236814494
0.0618008159
0.0246583032
-0.0014445499
-0.0157004001
-0.0267237391
-0.0621723791
-0.0982371367
-0.1258173126
-0.1323947996
-0.1374323159
-0.1617102495
-0.1825716595
-0.1938172909
-0.1850731459
-0.1775707992
-0.1920694925
-0.1860511812
-0.1385304174
-0.0825770933
-0.0658579613
-0.0877036508
-0.1023706868
-0.0728574516
-0.0040469359
0.0487372128
0.0610332085
0.0484966435
0.0551891334
0.0899649776
0.1164945101
0.1308538955
0.1214702820
0.0839816832
0.0332272570
-0.0100470167
-0.0270569945
-0.0086411243
0.0008800706
-0.0076920335
-0.0060645968
-0.0322265333
-0.0589308338
-0.0756801348
-0.0855635940
-0.0885776452
-0.0956240097
-0.0768320648
-0.0687273668
-0.0741892305
-0.0724770322
-0.0614992292
-0.0745283970
-0.1131781002
-0.1281438334
-0.1178817300
-0.0906674397
-0.0606819834
-0.0586528861
-0.0882893735
-0.1274111560
-0.1572239891
-0.1883776990
-0.2184630534
-0.2094134307
-0.1939746319
-0.2051709366
-0.2147545602
-0.2075190154
-0.2187215588
-0.2434488648
-0.2584399769
-0.2827904361
-0.3047579789
-0.3194158497
-0.3117683919
-0.2845857068
-0.2459572042
-0.1926362696
-0.1748187579
-0.1896821866
-0.1906369683
-0.1888394305
-0.2119052910
-0.2630978534
-0.2599332131
-0.2175567335
-0.1866642876
-0.1393076826
-0.1224740409
-0.1206079496
-0.1028041816
-0.0860618686
-0.0480588773
-0.0120206364
-0.0065336778
-0.0141747716
-0.0359999070
-0.0729350173
-0.1109896599
-0.1218291458
-0.1024481308
-0.0889844277
-0.1007357990
-0.1432173662
-0.1872121262
-0.2170702707
-0.2412362650
-0.2569221405
-0.2559420364
-0.2416155323
-0.2095696285
-0.1669326942
-0.1424013935
-0.1764442847
-0.2068497621
-0.1762825312
-0.1488619598
-0.1544688477
-0.1564003155
-0.1175158140
-0.0809681786
-0.0627859426
-0.0481237820
-0.0501194969
-0.0568272363
-0.0253934271
0.0198905076
0.0486747723
0.0422661070
0.0118922417
0.0130603119
0.0178698915
-0.0115918329
-0.0599350755
-0.0855088317
-0.0753525140
-0.0523713548
-0.0451365809
-0.0512921278
-0.0399267345
-0.0028444096
0.0455754249
0.0814004309
0.0892234403
0.0888219401
0.0968146202
0.0795172030
0.0595069569
0.0555305124
0.0546913865
0.0599262962
0.0517264091
0.0216114725
-0.0048544924
0.0013457895
0.0113975447
0.0183447572
0.0391275464
0.0706335404
0.1119110478
0.1483360554
0.1611787114
0.1473910254
0.1314569971
0.1382102701
0.1420214346
0.1287026006
0.1245854400
0.1300214652
0.1380726431
0.1437597278
0.1655245550
0.1965378308
0.2135876396
0.2280949816
0.2269433658
0.2057001607
0.1941286728
0.2045929388
0.2232982120
0.2214048431
0.2152613034
0.2240408707
0.2385365936
0.2399689489
0.2391105725
0.2350854319
0.2218705803
0.2340427783
0.2504654213
0.2610439272
0.2663761452
0.2653548350
0.2697147790
0.2787998655
0.2842898981
0.2850298402
0.2864120128
0.2645197539
0.2376635546
0.2497337473
0.2647062226
0.2482821114
0.2129815151
0.2085629904
0.2385392424
0.2506028740
0.2431741367
0.2231248218
0.1985409811
0.1780670272
0.1677521407
0.1627917454
0.1602831371
0.1803092695
0.1922464948
0.1785016570
0.1695465250
0.1722028355
0.1440275459
0.1154530864
0.1207842133
0.1306509225
0.1259642408
0.1147839619
0.1331566322
0.1439025539
0.1291445473
0.1144711583
0.1082378514
0.1122238310
0.1112518148
0.1211587719
0.1170393271
0.1037107391
0.1180489604
0.1048719191
0.0678276645
0.0422338124
0.0336267008
0.0401772403
0.0376525134
0.0443904357
0.0483656269
0.0306003948
0.0040861317
0.0104490879
0.0492321453
0.0625294999
0.0223655078
-0.0454761033
-0.0773179368
-0.0638341488
-0.0401817304
-0.0424563508
-0.0388345491
-0.0319540700
-0.0555968309
-0.0417524672
0.0078038734
0.0026520112
-0.0450190938
-0.0846312206
-0.0627184434
-0.0231182119
-0.0463177661
-0.0374728966
-0.0042732334
-0.0129734059
-0.0324540146
-0.0232252353
-0.0572363343
-0.1134185030
-0.1038102109
-0.1367998018
-0.1982841626
-0.1683313956
-0.1233465448
-0.1414399820
-0.1403184913
-0.0863945389
-0.1015999947
-0.1471160714
-0.1170549772
-0.1129710977
-0.1486215526
-0.1566608792
-0.1695451589
-0.1816758233
-0.1824421729
-0.1926209213
-0.1984275567
-0.2012730290
-0.1781205573
-0.1467241987
-0.1566487499
-0.1769907613
-0.1899677202
-0.1849204482
-0.1650077829
-0.1526253204
-0.1316434746
-0.1271479757
-0.1337445435
-0.1186559621
-0.0764100854
-0.0518048784
-0.0658284861
-0.0791644642
-0.0781434815
-0.0701952388
-0.0824401317
-0.1050448828
-0.0957577783
-0.0591899561
-0.0280562210
-0.0302020031
-0.0322638541
-0.0012900792
0.0207316687
0.0129626891
-0.0306819217
-0.0614113683
-0.0495569619
-0.0452446446
-0.0562741741
-0.0597669232
-0.0576577123
-0.0501720455
-0.0313706978
-0.0109842650
0.0030882018
-0.0090783095
-0.0213075313
-0.0177796485
-0.0204543461
-0.0257434725
-0.0242747424
-0.0132353975
-0.0018784109
0.0151906288
0.0449688785
0.0711592672
0.0689297320
0.0566055492
0.0470689907
0.0491999626
0.0760651723
0.0928759612
0.0885949387
0.0942643557
0.0961837551
0.0596094788
0.0414464457
0.0434605579
0.0296102486
0.0355523182
0.0390675531
0.0229430786
0.0024301671
0.0097866933
0.0423044262
0.0440062872
0.0233994022
0.0017312228
-0.0090662398
-0.0128896942
-0.0177678727
-0.0165222158
-0.0167841980
-0.0080377791
0.0121833554
0.0128456697
0.0079151926
0.0106665272
0.0039188811
-0.0084696191
-0.0063171497
0.0082044770
0.0130881591
0.0096988504
0.0054548393
0.0059832000
0.0124547791
0.0115247646
-0.0051813643
-0.0229015805
-0.0278664534
-0.0345022999
-0.0561985039
-0.0739228897
-0.0808516957
-0.0771823187
-0.0818532309
-0.0978500435
-0.0957820085
-0.0871878664
-0.0826943979
-0.0811609551
-0.0908118697
-0.0990324820
-0.0929961780
-0.0698547971
-0.0570132284
-0.0612022542
-0.0782640313
-0.1059562598
-0.1256045778
-0.1490900790
-0.1661601604
-0.1601150638
-0.1453855088
-0.1432532230
-0.1511338388
-0.1542994187
-0.1663577675
-0.1915912435
-0.1973343622
-0.1852639914
-0.1855112195
-0.2092031592
-0.2383983879
-0.2551512709
-0.2507494788
-0.2318337647
-0.2306475887
-0.2432134583
-0.2416199125
-0.2161035334
-0.1836933283
-0.1679763676
-0.1750096850
-0.1811284940
-0.1804287461
-0.1586649327
-0.1397282645
-0.1354603401
-0.1379654898
-0.1421887467
-0.1327450243
-0.1228460233
-0.1095673079
-0.0819347328
-0.0483113180
-0.0206966451
-0.0135421185
-0.0352839230
-0.0594818873
-0.0488262962
-0.0228705065
-0.0090034262
0.0064634361
0.0176620116
0.0348841814
0.0454595816
0.0519724423
0.0569637037
0.0501975760
0.0397607316
0.0245325061
0.0284815315
0.0600102304
0.0878078008
0.1059872831
0.1131642883
0.1118834588
0.1107020330
0.1092842521
0.1269125004
0.1484618454
0.1466512704
0.1356063146
0.1387117274
0.1332457072
0.1334440901
0.1285452851
0.1079767011
0.1005503975
0.1022802539
0.1186309751
0.1384661982
0.1494686607
0.1456747709
0.1324199252
0.1208670873
0.1225789288
0.1120301629
0.0873277724
0.0657349247
0.0347053166
0.0231218503
0.0539708646
0.0802789513
0.0738633173
0.0549953520
0.0411364093
0.0365967692
0.0333136215
0.0332810844
0.0270950329
0.0237966737
0.0342457786
0.0466429410
0.0565777006
0.0565150432
0.0224921997
-0.0206801153
-0.0297219411
-0.0295636953
-0.0311477815
-0.0359522321
-0.0460012666
-0.0534985536
-0.0595762149
-0.0608052522
-0.0620292629
-0.0571614933
-0.0392429370
-0.0302756948
-0.0280732175
-0.0253731071
-0.0253925274
-0.0131832943
-0.0081453245
-0.0186655654
-0.0200205875
-0.0096594420
0.0099722523
0.0353037857
0.0512908544
0.0500135541
0.0369569120
0.0179997710
0.0129663572
0.0260729488
0.0439854835
0.0511293031
0.0363819738
0.0243082097
0.0085589189
-0.0027275839
0.0315304899
0.0583596208
0.0581548908
0.0390719590
0.0415440282
0.0768832824
0.0879883496
0.0823045903
0.0562457479
0.0528912273
0.0939137327
0.1387128963
0.1489421221
0.1354085545
0.1366006915
0.1661290270
0.2027851840
0.2071973749
0.1825134079
0.1410288960
0.0870101178
0.0410131093
0.0436831223
0.0829279053
0.1275348495
0.1966811998
0.2469135780
0.2598751275
0.2500583341
0.2322306507
0.2080126139
0.1555134800
0.0955400903
0.1155634416
0.1955749471
0.2215767133
0.2072499881
0.1585585482
0.1200783166
0.0996068349
0.1157596560
0.1181904868
0.0921160040
0.1051875488
0.1011197810
0.0793640926
0.0888048929
0.1357048227
0.1550503080
0.1418669892
0.1348000051
0.1117108543
0.1191005577
0.1601237067
0.1781622933
0.1242544077
0.0270632149
-0.0034186335
0.0160954798
0.0697138883
0.1062227892
0.0927258332
0.0578452328
0.0634429910
0.0909458327
0.1078139714
0.1163927567
0.1057473692
0.0763332770
0.0523636640
0.0420728805
0.0271932776
0.0157295985
-0.0125802266
-0.0287168186
-0.0318821782
-0.0321546484
-0.0305947942
-0.0186060197
-0.0208567389
-0.0351672478
-0.0255152047
-0.0138973693
0.0000643130
0.0030032023
-0.0129703228
-0.0475684327
-0.0759433079
-0.0895125411
-0.0996001879
-0.1127697567
-0.1077732655
-0.0747346370
-0.0367178418
-0.0330395523
-0.0548526831
-0.0600673962
-0.0703433001
-0.0551706088
-0.0233099732
-0.0213082131
-0.0569808707
-0.0981569795
-0.1287340925
-0.1448956293
-0.1259102143
-0.0946730611
-0.0804177883
-0.0898334322
-0.0880917182
-0.0726633108
-0.0772831965
-0.0954500270
-0.1001885422
-0.0904570013
-0.0967819530
-0.1058611977
-0.1041659261
-0.1042242596
-0.1032428494
-0.0886272464
-0.0627811275
-0.0437069434
-0.0429835919
-0.0570459559
-0.0721548155
-0.0776369697
-0.0695431769
-0.0703489241
-0.0725609372
-0.0658020080
-0.0674302818
-0.0797306964
-0.0794490901
-0.0672917068
-0.0646402381
-0.0684396192
-0.0723007294
-0.0693635246
-0.0542083190
-0.0348444225
-0.0347308774
-0.0402878752
-0.0517929927
-0.0806068675
-0.1081190500
-0.1197537959
-0.1074216317
-0.0853820417
-0.0838151028
-0.1023433298
-0.1187740165
-0.1187204395
-0.1017151870
-0.0974085815
-0.1102054843
-0.1092934516
-0.0959687810
-0.0898370387
-0.0964225855
-0.1172267038
-0.1318533212
-0.1110188835
-0.0768880265
-0.0813381524
-0.1033913216
-0.1203360297
-0.1063008385
-0.0823723726
-0.0872340673
-0.1005895772
-0.1119964174
-0.1154021081
-0.1139855406
-0.0949087712
-0.0691622741
-0.0481496372
-0.0502317589
-0.0704033745
-0.0898418147
-0.0837116322
-0.0676955283
-0.0835425091
-0.1050685733
-0.1045207540
-0.0752386326
-0.0272671970
-0.0089121209
-0.0293492059
-0.0278494024
-0.0198821215
-0.0124446805
-0.0005882990
0.0031910163
-0.0033993398
-0.0021114894
0.0166386561
0.0239417026
0.0213223638
0.0230631876
0.0197690512
-0.0013776644
-0.0140914754
-0.0246997182
-0.0313854203
-0.0187621007
-0.0082490767
-0.0011339265
0.0078195124
0.0061455730
0.0054692813
0.0277684477
0.0581572909
0.0657511486
0.0522552882
0.0382965060
0.0093447656
-0.0038233420
0.0123197551
0.0286823084
0.0345088698
0.0338162160
0.0304284126
0.0371770110
0.0405884122
0.0298915426
0.0376399170
0.0568327461
0.0587570894
0.0419741290
0.0471155148
0.0665240263
0.0638847781
0.0512840894
0.0529360178
0.0562025801
0.0347594910
0.0149576528
0.0120880875
0.0175057181
0.0137474341
-0.0019587747
-0.0140578160
-0.0069018534
0.0223953469
0.0473651057
0.0529551418
0.0422177588
0.0423524265
0.0493798558
0.0554956114
0.0597970148
0.0438581933
0.0208076069
0.0083692795
0.0006165743
-0.0037198825
0.0039981000
0.0304549219
0.0427508199
0.0463803153
0.0565872599
0.0548179337
0.0514696081
0.0507194057
0.0485319552
0.0536360411
0.0611240334
0.0490885268
0.0306155933
0.0359452965
0.0470065924
0.0419302001
0.0342879344
0.0289902525
0.0223878215
0.0170345388
0.0205093827
0.0253593865
0.0243244124
0.0335067545
0.0517851041
0.0593816823
0.0451220725
0.0379469998
0.0390435089
0.0385102005
0.0364406807
0.0378661863
0.0463477664
0.0445623331
0.0449520499
0.0463316665
0.0433962055
0.0401103000
0.0465826946
0.0584150812
0.0670211880
0.0619317819
0.0565906185
0.0576026961
0.0516202007
0.0419965960
0.0388211983
0.0407438472
0.0303677388
0.0133499566
0.0072951045
0.0091719907
0.0069705088
0.0119684899
0.0155591554
0.0099306175
0.0153359175
0.0274218288
0.0279557799
0.0226427097
0.0209214338
0.0161841845
0.0145308891
0.0206402702
0.0201167496
0.0044980363
-0.0051804008
0.0048242024
0.0131079507
0.0159098035
0.0194085214
0.0147266523
0.0112611237
0.0151882620
0.0165400525
0.0075543566
0.0023640624
0.0106389894
0.0209385858
0.0173206357
0.0111644282
0.0113682050
0.0124505206
0.0127126738
0.0134554127
0.0209339554
0.0246109022
0.0159656692
0.0034117669
-0.0023130893
-0.0041872154
-0.0084378502
-0.0160303684
-0.0228471105
-0.0235445787
-0.0228863321
-0.0290172704
-0.0275815278
-0.0219123505
-0.0111615614
-0.0052850442
-0.0069382270
-0.0141732324
-0.0141737980
0.0050647414
0.0147770565
0.0111449641
0.0073988311
0.0010670929
-0.0082394752
-0.0115362850
-0.0162442494
-0.0153531321
-0.0133191847
-0.0224084966
-0.0359890118
-0.0401295410
-0.0325402937
-0.0341846894
-0.0377053606
-0.0364125104
-0.0413157011
-0.0427334738
-0.0384854719
-0.0375517311
-0.0400542582
-0.0413162279
-0.0364833891
-0.0321538117
-0.0315981714
-0.0293680226
-0.0317965451
-0.0367678479
-0.0332514656
-0.0235547758
-0.0116418432
-0.0010664355
0.0048067336
0.0072548356
0.0096232303
0.0103761675
0.0108576369
0.0131370715
0.0069119074
-0.0019798792
-0.0082752636
-0.0107717682
-0.0055890486
-0.0000662936
-0.0039852074
-0.0061302597
-0.0048655578
-0.0019803683
0.0136893639
0.0130033243
-0.0057467323
-0.0035685475
0.0080982430
0.0091115666
0.0099022954
0.0104959923
0.0060512111
0.0051454195
0.0088176895
0.0051421809
-0.0063289069
-0.0126089960
-0.0084673012
-0.0094593225
-0.0077600014
-0.0029013582
-0.0096555859
-0.0235584744
-0.0275770633
-0.0165139895
-0.0095402644
-0.0092979201
-0.0069612301
-0.0030602887
-0.0084610934
-0.0113616424
-0.0070584763
-0.0020715111
-0.0046120232
-0.0122003819
-0.0163298236
-0.0235639941
-0.0262334345
-0.0292503088
-0.0334495199
-0.0300091619
-0.0299547090
-0.0320014104
-0.0297183756
-0.0273605273
-0.0251826782
-0.0208530881
-0.0088991148
-0.0047141434
-0.0104308333
-0.0106985206
-0.0005127347
0.0009671540
-0.0074577294
-0.0165783193
-0.0212293612
-0.0128796181
-0.0064774351
-0.0097298485
-0.0110766122
-0.0070476783
-0.0047635733
-0.0012661524
-0.0042161431
-0.0074386128
-0.0073258835
-0.0066408257
-0.0044034660
-0.0071388086
-0.0047850158
0.0011632401
-0.0025227161
-0.0023623211
0.0044135111
-0.0015822157
-0.0119584321
-0.0132062746
-0.0053284088
-0.0023419393
-0.0035408359
-0.0011385320
0.0022101646
0.0082711211
0.0064356724
0.0086692539
0.0098694312
0.0122908362
0.0171977085
0.0144328649
0.0147154120
0.0172928762
0.0160891520
0.0051554989
0.0028575117
0.0101842107
0.0178813347
0.0229095026
0.0217740759
0.0191850652
0.0164633324
0.0141889031
0.0130640054
0.0048144576
-0.0076053785
-0.0150789661
-0.0114248435
-0.0091050717
-0.0105017151
-0.0025367207
0.0015355814
-0.0000289228
-0.0071235056
-0.0107190598
-0.0044605089
-0.0046723078
-0.0092875602
-0.0104977565
-0.0100830149
-0.0105115493
-0.0087389577
-0.0107048943
-0.0203966098
-0.0203127665
-0.0167886579
-0.0180469483
-0.0188650933
-0.0137626006
-0.0133075903
-0.0175766198
-0.0164106373
-0.0070703699
0.0046705191
0.0091980874
0.0083244750
0.0086290875
0.0134942022
0.0069363965
-0.0040984182
-0.0075692268
-0.0076127179
-0.0062852805
-0.0042606334
-0.0019984587
0.0001896296
0.0028367925
0.0082045241
0.0079785428
0.0042613648
0.0099713550
0.0158213225
0.0144360061
0.0098111635
0.0046482223
0.0068367954
0.0131750102
0.0178963180
0.0187188699
0.0166207984
0.0159831139
0.0180992080
0.0214362922
0.0183443457
0.0158127715
0.0150436066
0.0212613711
0.0289576781
0.0267573764
0.0207131882
0.0184318558
0.0195470418
0.0167390210
0.0158297090
0.0164508647
0.0150734000
0.0088312692
0.0072042912
0.0139073678
0.0177411841
0.0185550839
0.0130111094
0.0068514163
0.0056060244
0.0037512499
0.0021628923
0.0005508239
0.0008216108
-0.0010801491
-0.0037737515
-0.0008467775
0.0005559810
-0.0014933972
-0.0061980447
-0.0085276587
-0.0061635571
-0.0029449276
0.0001576957
-0.0002545229
-0.0007594330
0.0007381810
-0.0019805071
-0.0038332807
-0.0037218976
-0.0023698108
-0.0003863051
-0.0000490868
0.0003492252
-0.0005427441
-0.0020386599
-0.0048091094
-0.0049869441
-0.0046693104
-0.0049703298
-0.0048781518
-0.0059578517
-0.0058979393
-0.0061351022
-0.0057738110
-0.0042424024
-0.0023693587
-0.0004528316
0.0023848886
0.0052615858
0.0062652341
0.0050505549
0.0019818522
0.0021665373
0.0045169417
0.0044598363
0.0036504952
0.0047325519
0.0064417327
0.0055502092
0.0043140565
0.0025565739
0.0018546819
0.0033572274
0.0048489227
0.0054079038
0.0043598300
0.0027635993
0.0015384703
0.0019618068
0.0029351100
0.0020499916
0.0013194569
0.0015530450
0.0012318445
0.0003188295
-0.0003240286
-0.0011855581
-0.0021332523
-0.0018244194
-0.0015738533
-0.0012410694
-0.0007443525
-0.0007289564
-0.0012893769
-0.0013882286
-0.0007322223
0.0001679850
0.0001657037
-0.0009450833
-0.0011667529
-0.0013274779
-0.0013562881
-0.0011971046
-0.0012097322
-0.0014256084
-0.0015651656
-0.0011948484
-0.0008361331
-0.0007092616
-0.0009525041
-0.0013126871
-0.0013928397
-0.0013632692
-0.0013220579
-0.0012526154
-0.0014776514
-0.0017022488
-0.0016448091
-0.0014881968
-0.0014450836
-0.0014721506
-0.0014462942
-0.0013656617
-0.0014070380
-0.0014758959
-0.0014347220
-0.0013745500
-0.0013169796
-0.0013099660
-0.0013578453
-0.0014274338
-0.0014435767
-0.0014876995
-0.0015737548
-0.0015890395
-0.0015980106
-0.0016201027
-0.0016653776
-0.0017030254
-0.0016839362
-0.0016615708
-0.0016597166
-0.0016856723
-0.0017157217
-0.0017039428
-0.0016800413
-0.0016689557
-0.0016648443
-0.0016599740
-0.0016407872
-0.0016138628
-0.0015848980
-0.0015648647
-0.0015528198
-0.0015306242
-0.0015044884
-0.0014811350
-0.0014562826
-0.0014296717
-0.0014015697
-0.0013718595
-0.0013431203
-0.0013149882
-0.0012858539
-0.0012555838
-0.0012243810
-0.0011924483
-0.0011595030
-0.0011260663
-0.0010923963
-0.0010581991
-0.0010235271
-0.0009884931
-0.0009532284
-0.0009177770
-0.0008821380
-0.0008463212
-0.0008103099
-0.0007740847
-0.0007376261
