0.0001275037
0.0001320079
0.0001367633
0.0001417626
0.0001469861
0.0001524577
0.0001581685
0.0001640676
0.0001702041
0.0001765198
0.0001830550
0.0001897842
0.0001903057
0.0001964377
0.0002026081
0.0002089438
0.0002152633
0.0002217651
0.0002282297
0.0002210077
0.0002263398
0.0002318527
0.0002372286
0.0002425757
0.0002481310
0.0002321585
0.0002362377
0.0002405521
0.0002446235
0.0002486740
0.0002530017
0.0002570542
0.0002611036
0.0002654599
0.0002695118
0.0002735641
0.0002776084
0.0002820028
0.0002860648
0.0002901306
0.0002945672
0.0002986542
0.0003027510
0.0003072365
0.0003113762
0.0003155132
0.0003196637
0.0003242307
0.0003284302
0.0003326485
0.0003372704
0.0003415178
0.0003457846
0.0003504386
0.0003546941
0.0003589606
0.0003632088
0.0003678942
0.0004123109
0.0004166079
0.0004213006
0.0004256127
0.0004303193
0.0004346453
0.0004794847
0.0004838062
0.0004885314
0.0004928787
0.0004976206
0.0005019739
0.0005067097
0.0005511835
0.0005559592
0.0005603071
0.0005650790
0.0005698563
0.0005742370
0.0005790250
0.0005834011
0.0005881911
0.0005929898
0.0005973877
0.0006021931
0.0006070040
0.0006114198
0.0006162444
0.0006206556
0.0006254882
0.0006303281
0.0006347521
0.0006395831
0.0006444224
0.0006087350
0.0006135794
0.0006180343
0.0006228868
0.0006273623
0.0006321994
0.0006366627
0.0006013891
0.0006058602
0.0006103252
0.0006152033
0.0006196594
0.0006245318
0.0005888795
0.0005933586
0.0005982363
0.0006027134
0.0006071987
0.0006120836
0.0006165670
0.0005809293
0.0005854066
0.0005898983
0.0005947868
0.0005992954
0.0006037690
0.0005681487
0.0005726411
0.0005771314
0.0005820336
0.0005865333
0.0005910195
0.0005955109
0.0006401302
0.0006446396
0.0006491156
0.0006540230
0.0006585164
0.0006630158
0.0007076268
0.0007125129
0.0007170024
0.0007214870
0.0007259763
0.0007308631
0.0007353537
0.0007398270
0.0007447113
0.0007491727
0.0007536760
0.0007585500
0.0007630485
0.0007273763
0.0007318668
0.0007367228
0.0007412045
0.0007456433
0.0007501213
0.0007144512
0.0007189144
0.0007237720
0.0007282103
0.0007326527
0.0007772310
0.0007816742
0.0007861143
0.0008310680
0.0008355164
0.0008399269
0.0008443577
0.0008892896
0.0008937038
0.0008985071
0.0009430295
0.0009478275
0.0009522384
0.0009971424
0.0010015308
0.0010062957
0.0010110946
0.0009753276
0.0009801038
0.0009844578
0.0009892152
0.0009935479
0.0009982943
0.0010026247
0.0009672377
0.0009715545
0.0009758896
0.0009805988
0.0009849054
0.0009895957
0.0009537628
0.0009580398
0.0009627189
0.0009268644
0.0009311270
0.0009353790
0.0008994993
0.0009041360
0.0008682319
0.0008724550
0.0008766644
0.0008407518
0.0008445454
0.0008487313
0.0010137783
0.0011383265
0.0011023599
0.0011069324
0.0010709446
0.0010754790
0.0010394670
0.0010435889
0.0010079498
0.0010120379
0.0009759867
0.0009800749
0.0009440213
0.0009480935
0.0009120027
0.0009160650
0.0009200782
0.0009241032
0.0009682145
0.0009722018
0.0009761708
0.0010202690
0.0010242129
0.0010682857
0.0010722100
0.0010761557
0.0011205917
0.0011245020
0.0011283662
0.0011326279
0.0011365023
0.0011403285
0.0011445729
0.0011483937
0.0011521975
0.0011559825
0.0011601581
0.0011639187
0.0011676961
0.0011718271
0.0011755622
0.0011792844
0.0011833783
0.0011870757
0.0011907377
0.0012349257
0.0012385793
0.0012421924
0.0012863335
0.0012899312
0.0012939283
0.0013376062
0.0013415714
0.0013455044
0.0013490457
0.0013930691
0.0013969878
0.0014004590
0.0014444344
0.0014482666
0.0014520941
0.0014559011
0.0014596992
0.0014229545
0.0014267175
0.0014304663
0.0013936751
0.0013973829
0.0014010809
0.0014043596
0.0013678970
0.0013711331
0.0013747600
0.0013378482
0.0013414319
0.0013445749
0.0013080113
0.0013111456
0.0013142566
0.0013177627
0.0013208341
0.0013238953
0.0013269304
0.0012902338
0.0012932133
0.0012962068
0.0012991671
0.0013025134
0.0013054265
0.0012681787
0.0012710576
0.0012739260
0.0012767717
0.0012795857
0.0012823792
0.0012855779
0.0013284476
0.0013311815
0.0013338788
0.0013365735
0.0013396483
0.0013422900
0.0013850407
0.0013876498
0.0013906370
0.0013931847
0.0013957351
0.0013986499
0.0014011667
0.0014036217
0.0014064885
0.0014089152
0.0014113257
0.0014137020
0.0014164685
0.0014188115
0.0014211347
0.0014238335
0.0014261228
0.0014283733
0.0014310099
0.0014332158
0.0014353945
0.0014379464
0.0014400838
0.0014421816
0.0014446764
0.0014467293
0.0014487620
0.0014507652
0.0014531560
0.0014551061
0.0014570371
0.0014593343
0.0014612131
0.0014630575
0.0014652799
0.0014670970
0.0015089793
0.0015111500
0.0015128897
0.0015150025
0.0015166873
0.0015183653
0.0015605250
0.0015621393
0.0015641267
0.0015656823
0.0015676013
0.0015695161
0.0015710093
0.0016129757
0.0016143914
0.0016162081
0.0016175909
0.0015792003
0.0015809232
0.0015822175
0.0015437568
0.0015449831
0.0015461954
0.0015076593
0.0015489374
0.0015504587
0.0015515592
0.0015526294
0.0015540798
0.0015551020
0.0015966079
0.0015975860
0.0015989076
0.0015998223
0.0016011063
0.0016019532
0.0016031918
0.0016441300
0.0016452914
0.0016464138
0.0016471214
0.0016482107
0.0016091424
0.0016097652
0.0016107600
0.0016113433
0.0016122812
0.0016127874
0.0016136678
0.0015740050
0.0015748262
0.0015752121
0.0015755611
0.0015762992
0.0015765969
0.0015371487
0.0015373891
0.0015376108
0.0015381913
0.0015383565
0.0015384895
0.0015389882
0.0014989432
0.0014989880
0.0014990062
0.0014989963
0.0014993349
0.0014992529
0.0014590476
0.0014588938
0.0014587410
0.0014585594
0.0014583230
0.0014584686
0.0014581891
0.0014578702
0.0014575404
0.0014571539
0.0014567369
0.0014563225
0.0014558498
0.0014553400
0.0014548072
0.0014546556
0.0014540640
0.0014534379
0.0014528107
0.0014521343
0.0014514101
0.0014506542
0.0014498932
0.0014892241
0.0014888202
0.0014879580
0.0014870642
0.0014861242
0.0014855567
0.0015247032
0.0015236910
0.0015226318
0.0015219737
0.0015208766
0.0015197392
0.0015189675
0.0015578954
0.0015566725
0.0015558102
0.0015545380
0.0015536197
0.0015522683
0.0015914095
0.0015899948
0.0015889475
0.0015874882
0.0015863889
0.0015848687
0.0015836967
0.0016222279
0.0016210039
0.0016197412
0.0016180841
0.0016167560
0.0015748897
0.0015735064
0.0015720956
0.0015702674
0.0015687891
0.0015267630
0.0015248312
0.0015232817
0.0015213055
0.0015197013
0.0014775463
0.0015155906
0.0015139076
0.0015117799
0.0015100191
0.0015078309
0.0015059931
0.0015438870
0.0015420080
0.0015397195
0.0015377812
0.0015354272
0.0015334318
0.0015310119
0.0015690760
0.0015666106
0.0015644817
0.0015623538
0.0015597763
0.0015174649
0.0015148383
0.0015125635
0.0015102700
0.0015075616
0.0015052159
0.0015024563
0.0014599364
0.0014571236
0.0014542679
0.0014518014
0.0014488871
0.0014463562
0.0014032660
0.0014002772
0.0013976587
0.0013946243
0.0013915650
0.0013888784
0.0013857584
0.0013826205
0.0013798381
0.0013766480
0.0013734264
0.0013705701
0.0013672643
0.0013639511
0.0013610062
0.0013576226
0.0013542261
0.0013913273
0.0013878882
0.0013844137
0.0013813250
0.0013777957
0.0013746533
0.0014111952
0.0014080124
0.0014043807
0.0014011422
0.0013974671
0.0013941829
0.0013904454
0.0014272327
0.0014238608
0.0014200629
0.0014166375
0.0014127876
0.0014093031
0.0014058211
0.0014018928
0.0013983590
0.0013947965
0.0013908123
0.0013871951
0.0013835772
0.0013795240
0.0013758501
0.0013717539
0.0013680223
0.0013642909
0.0013601279
0.0013563413
0.0013525397
0.0013081892
0.0013043303
0.0013000474
0.0012961566
0.0012918398
0.0012878891
0.0012835272
0.0012394349
0.0012350241
0.0012310054
0.0012265496
0.0012224860
0.0012180187
0.0011733864
0.0011692677
0.0011647455
0.0011601754
0.0011559946
0.0011514127
0.0011468036
0.0011425703
0.0011379270
0.0011332597
0.0011289840
0.0011242859
0.0011195654
0.0011152312
0.0011104587
0.0011056801
0.0011012789
0.0010964775
0.0010916690
0.0010872267
0.0010823622
0.0010774838
0.0010729930
0.0010680785
0.0010631432
0.0010581978
0.0010536387
0.0010486457
0.0010436571
0.0010390611
0.0010340670
0.0010290275
0.0010243996
0.0010193531
0.0010143083
0.0010096393
0.0010045380
0.0009994288
0.0009947135
0.0009895995
0.0009844621
0.0009797231
0.0009745711
0.0009694098
0.0009646333
0.0009594347
0.0009542275
0.0009494081
0.0009441710
0.0009389155
0.0009340783
0.0009288084
0.0009235417
0.0009186649
0.0009133530
0.0009080735
0.0009031747
0.0008978446
0.0008925296
0.0008876125
0.0008822685
0.0008769246
0.0008719771
0.0008666227
0.0008612778
0.0008563027
0.0008509289
0.0008455619
0.0008401682
0.0008351897
0.0008297826
0.0008243846
0.0008193834
0.0008139783
0.0008085617
0.0008035595
0.0007981447
0.0007927248
0.0007877043
0.0007822543
0.0007768304
0.0007717820
0.0007663364
0.0007608957
0.0007558436
0.0007503958
0.0007449483
0.0006997781
0.0006943376
0.0006888884
0.0006834451
0.0006783932
0.0006729363
0.0006273821
0.0006219118
0.0006164722
0.0006110202
0.0006055687
0.0006005282
0.0005950947
0.0006297787
0.0006243193
0.0006189052
0.0006138695
0.0006084425
0.0006030227
0.0006377071
0.0006326441
0.0006272465
0.0006218413
0.0006168130
0.0006114006
0.0006060230
0.0006411682
0.0006357831
0.0006303745
0.0006253796
0.0006200035
0.0006150202
0.0006497776
0.0006448248
0.0006394917
0.0006345511
0.0006292119
0.0006242954
0.0006189796
0.0006541829
0.0006492908
0.0006440077
0.0006391396
0.0006342436
0.0006289873
0.0006241184
0.0006192821
0.0006140406
0.0006092075
0.0006040115
0.0005992213
0.0005944477
0.0005892436
0.0005844838
0.0005797406
0.0005746069
0.0005698776
0.0005651650
0.0005600654
0.0005553983
0.0005101898
0.0005055305
0.0005008984
0.0004958750
0.0004912559
0.0004862688
0.0004816603
0.0004365681
0.0004320149
0.0004270513
0.0004225349
0.0004176227
0.0004127434
0.0003681582
0.0003633219
0.0003584862
0.0003540848
0.0003492757
0.0003445006
0.0003401299
0.0002952874
0.0002905638
0.0002858529
0.0002815785
0.0002769278
0.0002722921
0.0002275426
0.0002229326
0.0002187517
0.0002141791
0.0002096245
0.0002050956
0.0002005778
0.0002362234
0.0002317474
0.0002277088
0.0002232911
0.0002188991
0.0002145324
0.0002506956
0.0002463881
0.0002420829
0.0002382277
0.0002339577
0.0002297383
0.0002259377
0.0002618762
0.0002577189
0.0002539797
0.0002498860
0.0002462148
0.0002421748
0.0002786753
0.0002746691
0.0002711142
0.0002671671
0.0002636530
0.0002597460
0.0002562901
0.0002929685
0.0002891597
0.0002857841
0.0002820322
0.0002787065
0.0002754284
0.0002717521
0.0002685232
0.0002653033
0.0002617343
0.0002585907
0.0002554680
0.0002519538
0.0002488898
0.0002458368
0.0002424137
0.0002394442
0.0002364883
0.0002331930
0.0002302967
0.0002270593
0.0001841048
0.0001813230
0.0001781738
0.0001754460
0.0001723545
0.0001697293
0.0001667019
0.0001239721
0.0001209843
0.0001184158
0.0001155227
0.0001130586
0.0001102109
0.0000672923
0.0000649242
0.0000621794
0.0000594585
0.0000571809
0.0000545287
0.0000519169
0.0000096033
0.0000070708
0.0000045543
0.0000020846
0.0000000405
-0.0000023662
-0.0000448359
-0.0000471754
-0.0000494511
-0.0000517188
-0.0000535243
-0.0000557235
-0.0000578931
-0.0000198921
-0.0000219545
-0.0000239995
-0.0000256069
-0.0000275723
-0.0000294887
0.0000087512
0.0000072871
0.0000054562
0.0000036678
0.0000023230
0.0000006173
-0.0000010748
-0.0000023053
-0.0000039234
-0.0000054946
-0.0000066419
-0.0000081666
-0.0000096495
-0.0000106932
-0.0000120890
-0.0000134626
-0.0000143812
-0.0000156768
-0.0000169322
-0.0000177496
-0.0000188879
-0.0000200071
-0.0000206847
0.0000183899
0.0000178055
0.0000168369
0.0000162990
0.0000153908
0.0000145286
0.0000542291
0.0000534576
0.0000531130
0.0000524183
0.0000521566
0.0000519110
0.0000513218
0.0000912981
0.0000907748
0.0000906996
0.0000505361
0.0000501309
0.0000501663
0.0000097230
0.0000098279
-0.0000305383
-0.0000307786
-0.0000706585
-0.0000708017
-0.0001110228
-0.0001110861
-0.0001512206
-0.0001512148
-0.0001912780
-0.0001912051
-0.0001910579
-0.0001908990
-0.0001907036
-0.0001904934
-0.0001500856
-0.0001497864
-0.0001494247
-0.0001089298
-0.0001084998
-0.0001080456
-0.0000674267
-0.0000664894
-0.0000659191
-0.0000251944
-0.0000245681
-0.0000234947
-0.0000227898
-0.0000220556
-0.0000208835
-0.0000200756
-0.0000192298
-0.0000179442
-0.0000170225
-0.0000160636
-0.0000146612
-0.0000136347
-0.0000125627
-0.0000110447
-0.0000099001
-0.0000087237
-0.0000071399
-0.0000058660
-0.0000045901
0.0000372769
0.0000386145
0.0000404134
0.0000418295
0.0000436916
0.0000451853
0.0000872458
0.0000888034
0.0000907891
0.0000924035
0.0000944557
0.0000961376
0.0000982540
0.0001401103
0.0001422755
0.0001444766
0.0001061926
0.0001084890
0.0001103864
0.0000725864
0.0000745449
0.0000368177
0.0000388628
0.0000008130
0.0000032963
-0.0000347092
-0.0000325739
-0.0000705452
-0.0000683483
-0.0001062299
-0.0001039891
-0.0001016916
-0.0000993905
-0.0000970542
-0.0000946806
-0.0000521722
-0.0000497600
-0.0000473018
-0.0000046893
-0.0000021612
0.0000003301
0.0000430027
0.0000455576
0.0000485507
0.0000912937
0.0000939301
0.0000970023
0.0000996968
0.0001024182
0.0001055647
0.0000682057
0.0000709846
0.0000336791
0.0000364874
-0.0000007921
0.0000024749
-0.0000347604
-0.0000322759
-0.0000694674
-0.0000665154
-0.0001068610
-0.0001038639
-0.0001008498
-0.0001351468
-0.0000947595
-0.0000090501
0.0000341714
0.0000777830
0.0001210093
0.0001642653
0.0002476502
0.0002913506
0.0003350633
0.0003787767
0.0004622686
0.0005064016
0.0005501707
0.0005939444
0.0006381463
0.0007220555
0.0001239404
-0.0004749911
-0.0004720885
-0.0001883150
0.0000557523
0.0002998078
0.0005844337
0.0008289483
0.0001510672
-0.0005280100
-0.0012078833
-0.0018881891
-0.0012448369
-0.0006404055
0.0000033469
0.0006499273
0.0012960935
0.0019431032
0.0014270265
0.0009097038
0.0003924147
-0.0000859669
0.0001983415
0.0004830535
0.0007276590
0.0010128185
0.0012979239
0.0015838704
0.0003443946
-0.0008967214
-0.0021381907
-0.0016557090
-0.0012125053
-0.0007287847
-0.0006057701
-0.0004426193
-0.0003192031
-0.0001556737
-0.0000322885
0.0001312517
0.0002550557
0.0003792525
0.0005431611
0.0006673569
0.0008320583
0.0009562335
0.0011208924
0.0012458900
0.0011301112
0.0009737813
0.0008170406
0.0007008292
0.0000622104
-0.0005366789
-0.0011765373
0.0002707399
0.0016786358
0.0030885987
0.0044997647
0.0059123475
0.0045973247
0.0032801468
0.0019617089
0.0006015505
-0.0007192797
-0.0003157495
0.0000881722
0.0005326235
0.0009373299
0.0013424055
0.0017478945
0.0002668117
-0.0012150656
-0.0026994576
-0.0041846784
-0.0056721414
-0.0049934821
-0.0043132517
-0.0036330759
-0.0016270769
0.0004207110
0.0024311792
0.0018340831
0.0011956216
0.0005973362
-0.0018891544
-0.0044173617
-0.0038173931
-0.0032170417
-0.0026564382
-0.0013724376
-0.0000872906
0.0011990260
0.0006004042
0.0000410768
-0.0005191054
-0.0010797531
0.0001658780
0.0013717248
0.0026196740
0.0038282595
0.0061225507
0.0083780534
0.0066622533
0.0049853168
0.0033056271
0.0019458024
0.0005437658
0.0027133072
0.0048851901
0.0070591759
0.0092760410
0.0114543422
0.0105841748
0.0097135295
0.0062717928
0.0028274919
-0.0006216061
-0.0040730407
-0.0039959934
-0.0039193834
-0.0038825907
-0.0032036403
-0.0025641794
-0.0018838796
-0.0012429217
-0.0023272567
-0.0034134292
-0.0045004873
-0.0055487172
-0.0046310524
-0.0036725025
-0.0027529396
-0.0018319759
-0.0008710248
-0.0001491588
0.0005729711
0.0012962783
0.0010165044
0.0007362570
0.0004555267
0.0002148792
-0.0000663569
-0.0003480622
-0.0005897042
-0.0008719349
-0.0013151382
-0.0017186533
-0.0021226451
-0.0025676428
-0.0032935407
-0.0040607631
-0.0048287140
-0.0031486725
-0.0014274497
0.0002560495
0.0023422220
0.0044308064
0.0065211896
0.0061250362
0.0057279485
0.0053308005
0.0049335476
0.0045352832
0.0041365553
0.0037373553
0.0033380895
0.0029375685
0.0037814820
0.0046261320
0.0054314022
0.0062774745
0.0071242791
0.0079725937
0.0087807035
0.0096300225
0.0085935676
0.0075561853
0.0065171369
0.0040316666
0.0015441776
-0.0009470440
-0.0005098675
-0.0000723805
0.0003253396
0.0009644735
0.0016440376
0.0022842567
0.0009584126
-0.0004096901
-0.0017389306
-0.0030699250
-0.0044016495
-0.0057756876
-0.0071104876
-0.0084473991
-0.0109495429
-0.0134550430
-0.0159622707
-0.0133741543
-0.0107841355
-0.0069464280
-0.0030651967
-0.0045187385
-0.0059336403
-0.0093976724
-0.0128249469
-0.0126429595
-0.0124611552
-0.0081834070
-0.0039037725
0.0004226529
0.0011399687
0.0018576159
0.0025759215
0.0032953705
0.0040150976
0.0029288860
0.0018016032
0.0006725630
0.0019110258
0.0031109426
0.0043513866
0.0055538488
0.0051108088
0.0046672629
0.0042235837
0.0037789974
0.0076685407
0.0115235745
0.0154209908
0.0192838441
0.0172896358
0.0152920866
0.0120490324
0.0088418677
0.0055913481
0.0023770951
0.0007655225
-0.0008482116
-0.0024230712
-0.0040403776
-0.0032506139
-0.0025004472
-0.0000235265
0.0024564688
0.0049380119
0.0033680238
0.0017967541
-0.0024263870
-0.0066126230
-0.0108050671
-0.0129935778
-0.0151453521
-0.0144886876
-0.0138317413
-0.0131741201
-0.0125154670
-0.0097296640
-0.0068997950
-0.0041080470
-0.0013128170
0.0015248535
0.0021982909
0.0029120775
0.0036266345
0.0017728618
-0.0000834817
-0.0019009932
-0.0037611598
-0.0056231067
-0.0044361266
-0.0032482640
-0.0020592532
-0.0015515979
-0.0010432398
-0.0005346072
0.0013392547
0.0031745105
0.0005959053
-0.0019443174
-0.0065762206
-0.0112115023
-0.0100315834
-0.0088911999
-0.0014458658
0.0060448223
0.0135056948
0.0176407467
0.0155175770
0.0134331417
0.0088569977
0.0043168601
0.0030629895
0.0018479756
0.0027592698
0.0036712213
0.0045842001
0.0054978514
0.0039631227
0.0023876846
0.0008095655
-0.0007296875
-0.0023108252
-0.0038936230
-0.0054787014
-0.0051381751
-0.0047975945
-0.0044566416
-0.0041153769
-0.0038143703
-0.0064836693
-0.0091950986
-0.0119111555
-0.0104141239
-0.0088749776
-0.0073753716
-0.0026614415
0.0020957582
0.0068191208
0.0115862329
0.0108189490
0.0100911826
0.0062711407
0.0024079402
0.0015903382
0.0007320941
0.0025225544
0.0042740980
0.0060684340
0.0033682088
0.0006642344
-0.0071789704
-0.0150733471
-0.0189600572
-0.0228922652
-0.0190406115
-0.0152243400
-0.0086759126
-0.0021587037
0.0009115213
0.0039855391
0.0026473736
0.0013070824
-0.0000745530
-0.0028232274
-0.0056141327
-0.0083686814
-0.0098010005
-0.0111949151
-0.0126306597
-0.0140681119
-0.0118137035
-0.0095164543
-0.0022408626
0.0050448189
0.0123754803
0.0158624810
0.0193914554
0.0169029558
0.0144131162
0.0093498157
0.0042827412
-0.0008318008
-0.0001699145
0.0004521598
0.0010749647
0.0024211337
0.0037276734
0.0050770982
0.0064263746
0.0095850465
0.0127853623
0.0159904473
0.0191970805
0.0200400722
0.0208834344
0.0169097551
0.0129331140
0.0077867247
0.0025966480
-0.0026010216
-0.0057954451
-0.0089950107
-0.0082627005
-0.0074895445
-0.0067561566
-0.0059812834
-0.0104238021
-0.0148326059
-0.0192438541
-0.0237021447
-0.0281228123
-0.0277727903
-0.0274616630
-0.0221722109
-0.0168788695
-0.0116184213
-0.0090433864
-0.0065045536
-0.0039643569
-0.0040702095
-0.0042166854
-0.0052863638
-0.0063573464
-0.0074295644
-0.0081815082
-0.0089342164
-0.0096480716
-0.0102019015
-0.0107156644
-0.0052885418
0.0001024339
0.0068661407
0.0135942278
0.0142692136
0.0087232751
0.0031299313
-0.0024675557
-0.0080328554
-0.0103512209
-0.0127125649
-0.0113033231
-0.0099313639
-0.0058301477
-0.0017226644
0.0023875925
0.0065435499
0.0072911249
0.0079993913
0.0087481362
0.0094984792
0.0097272084
0.0099563910
0.0102256366
0.0104551327
0.0106850344
0.0109145408
0.0137138250
0.0165166848
0.0193212120
0.0191588531
0.0190365569
0.0144975166
0.0099959381
0.0029577875
-0.0040847835
-0.0111774407
-0.0182348069
-0.0207252393
-0.0232171706
-0.0206136796
-0.0180077365
-0.0153989907
-0.0109814924
-0.0065177477
-0.0020911863
-0.0015126770
-0.0009337161
-0.0062559489
-0.0115818254
-0.0188828744
-0.0261477890
-0.0292480862
-0.0323503892
-0.0283102485
-0.0243073370
-0.0154407712
-0.0065679382
-0.0004123884
0.0012522134
-0.0027419196
-0.0066988228
-0.0107017337
-0.0099306123
-0.0091983627
-0.0040111126
0.0011438081
0.0063021139
0.0103435577
0.0143477366
0.0126969466
0.0110846046
0.0094703342
0.0078549114
0.0102926669
0.0127316810
0.0152145366
0.0176589543
0.0201472532
0.0225974950
0.0230031055
0.0234093679
0.0188775114
0.0143831100
0.0071519877
-0.0000837672
-0.0072896055
-0.0118919516
-0.0165000131
-0.0177401128
-0.0190219079
-0.0178159765
-0.0166087585
-0.0153997386
-0.0193282751
-0.0232999902
-0.0272767622
-0.0312161649
-0.0352012719
-0.0328875893
-0.0306105919
-0.0244385646
-0.0182980148
-0.0121533487
-0.0059590237
-0.0052594831
-0.0045585753
-0.0086332480
-0.0127135238
-0.0193246368
-0.0259052640
-0.0290790250
-0.0260733931
-0.0230255862
-0.0165607886
-0.0100908632
-0.0036120524
-0.0019049358
-0.0001946206
-0.0029380817
-0.0056454905
-0.0083948365
-0.0111073920
-0.0138218188
-0.0123240861
-0.0108655772
-0.0063935045
-0.0019182632
0.0025238839
0.0070091716
0.0066022517
0.0062356316
0.0026161068
-0.0009650963
-0.0045911110
-0.0085010712
-0.0124157963
-0.0162931720
-0.0175660892
-0.0188396315
-0.0165011788
-0.0141613856
-0.0073208049
-0.0004753887
0.0064197156
0.0132800624
0.0201499597
0.0270649611
0.0306978549
0.0292355731
0.0221512774
0.0150214102
0.0079225212
0.0048718166
0.0018573859
0.0018916585
0.0019658637
0.0020006187
0.0020356214
0.0021109671
0.0021463343
0.0022225857
0.0022580836
0.0023347982
0.0023711842
-0.0018465768
-0.0060694883
-0.0102955491
-0.0145271333
-0.0187616426
-0.0190267526
-0.0193320627
-0.0195974404
-0.0191006155
-0.0186023674
-0.0181038259
-0.0175636759
-0.0170633586
-0.0196930836
-0.0223249635
-0.0249204599
-0.0275570739
-0.0226092420
-0.0176173580
-0.0106109344
-0.0036393567
-0.0005919824
-0.0040448467
-0.0074620306
-0.0121250005
-0.0167948602
-0.0167316577
-0.0166279578
-0.0165637651
-0.0164591194
-0.0163943504
-0.0162891166
-0.0124106419
-0.0084866949
0.0035481346
0.0156397585
0.0277002676
0.0397798159
0.0475685141
0.0501538393
0.0468375576
0.0434816331
0.0401178037
0.0367541360
0.0365967064
0.0364395225
0.0362827872
0.0361663831
0.0369330659
0.0377001630
0.0332117508
0.0286768348
0.0166338122
0.0045735705
-0.0075346026
-0.0196191325
-0.0317119295
-0.0363541821
-0.0359015501
-0.0269359344
-0.0179639324
-0.0089791685
-0.0037199831
-0.0035126098
-0.0089631279
-0.0144615940
-0.0236960566
-0.0329030438
-0.0421561009
-0.0479689908
-0.0537873280
-0.0596086115
-0.0642337743
-0.0689030931
-0.0735756826
-0.0749658254
-0.0763116519
-0.0777012277
-0.0790903778
-0.0804390596
-0.0770169390
-0.0688080067
-0.0605545109
-0.0523283486
-0.0440972816
-0.0358532287
-0.0310953962
-0.0262897235
-0.0252936865
-0.0242961173
-0.0232969034
-0.0222963099
-0.0213344545
-0.0170392322
-0.0127400597
-0.0084747876
-0.0076575149
-0.0134238807
-0.0271003268
-0.0407555917
-0.0544605918
-0.0681822887
-0.0760578517
-0.0793229873
-0.0778134399
-0.0698399735
-0.0618580309
-0.0505733534
-0.0392821997
-0.0319480585
-0.0246085431
-0.0213134842
-0.0180163005
-0.0181265150
-0.0181964855
-0.0183068488
-0.0112723019
-0.0042278802
0.0097246144
0.0237376508
0.0412540988
0.0587908145
0.0732540779
0.0808286026
0.0793803560
0.0684155955
0.0500966664
0.0317518307
0.0158430931
0.0045295648
-0.0020959045
-0.0041135166
0.0002494259
0.0046589452
0.0111188401
0.0175875045
0.0212514008
0.0249204991
0.0253413688
0.0257222385
0.0226930041
0.0196583369
0.0166225174
0.0184804484
0.0203397170
0.0264577103
0.0326195082
0.0387496934
0.0424374964
0.0419527822
0.0361720980
0.0304210240
0.0246672778
0.0189051780
0.0163495413
0.0137901285
0.0131560010
0.0125210027
0.0118849698
0.0051852368
-0.0014783243
-0.0081922638
-0.0146295293
-0.0163783831
-0.0133127074
-0.0036179572
0.0061237773
0.0197735358
0.0334726497
0.0427328918
0.0520419604
0.0538961845
0.0491666408
0.0374879003
0.0196176012
0.0017224278
-0.0132148985
-0.0210269860
-0.0221017495
-0.0178785487
-0.0136521168
-0.0069314033
-0.0001653251
0.0066103493
0.0076110371
0.0033532605
-0.0072489494
-0.0178260810
-0.0284508486
-0.0360796536
-0.0367295308
-0.0373806973
-0.0333768701
-0.0293666802
-0.0253543207
-0.0213362849
-0.0201242636
-0.0189515600
-0.0177775008
-0.0176056039
-0.0174732811
-0.0173413296
-0.0144395831
-0.0115336320
-0.0022039194
0.0140852215
0.0303459550
0.0466294922
0.0577052565
0.0582816946
0.0476965809
0.0275038774
0.0072564232
-0.0129794629
-0.0295363780
-0.0402142172
-0.0508993212
-0.0579440547
-0.0649956815
-0.0720544592
-0.0808422615
-0.0896857547
-0.0954834779
-0.1012884583
-0.1014759896
-0.1017031496
-0.0951088863
-0.0801923092
-0.0652633351
-0.0503574896
-0.0332692882
-0.0161570737
0.0090746041
0.0343032862
0.0551737395
0.0652741109
0.0641051778
0.0544274822
0.0393582861
0.0242336655
0.0091377542
0.0006464603
-0.0016692032
-0.0039871110
-0.0063457211
-0.0103127089
-0.0142814509
-0.0159261595
-0.0175309138
-0.0191772807
-0.0207836540
-0.0224309975
-0.0191023939
-0.0157678236
-0.0074127756
0.0072578378
0.0219401777
0.0389340209
0.0559379889
0.0675466402
0.0725844404
0.0710834724
0.0625180478
0.0539814417
0.0386585892
0.0232741856
0.0055922212
-0.0121145215
-0.0252968641
-0.0333985444
-0.0353638206
-0.0373717819
-0.0393801201
-0.0413494577
-0.0480157757
-0.0546936538
-0.0613749452
-0.0680639021
-0.0747563525
-0.0744713054
-0.0741496753
-0.0685239857
-0.0628534975
-0.0571742463
-0.0538624392
-0.0505824071
-0.0410436587
-0.0250227866
-0.0041760074
0.0166595355
0.0375496782
0.0539311142
0.0639834316
0.0663003052
0.0605923660
0.0549121611
0.0456206523
0.0363113920
0.0269561513
0.0205178486
0.0181682158
0.0220777272
0.0259897118
0.0372131273
0.0484442476
0.0597292341
0.0709812261
0.0746612161
0.0710744460
0.0600159333
0.0430504995
0.0260571559
0.0111788311
0.0031038578
-0.0049379683
-0.0082149876
-0.0114545426
-0.0147008221
-0.0179899401
-0.0212456437
-0.0245045881
-0.0278101020
-0.0265036491
-0.0251966026
-0.0238901522
-0.0226237128
-0.0213168857
-0.0200107496
-0.0187043734
-0.0177995553
-0.0168952104
-0.0160315922
-0.0151280131
-0.0199665312
-0.0248095648
-0.0296608505
-0.0345567245
-0.0394220310
-0.0442884793
-0.0491682171
-0.0540892979
-0.0589796693
-0.0597786713
-0.0606189877
-0.0575324343
-0.0544392068
-0.0452842739
-0.0361578429
-0.0256630372
-0.0151130381
-0.0085296687
-0.0018974855
0.0046980502
0.0080101655
0.0113238964
0.0146821435
0.0138279560
0.0129717978
0.0041281719
-0.0047283685
-0.0161192791
-0.0274869751
-0.0388617810
-0.0452744163
-0.0516509241
-0.0580796334
-0.0645080873
-0.0709083034
-0.0773484316
-0.0838004916
-0.0879691134
-0.0921853066
-0.0923449832
-0.0925483158
-0.0854850646
-0.0784530138
-0.0713724354
-0.0640825572
-0.0567837832
-0.0494756308
-0.0444501251
-0.0393753629
-0.0343388537
-0.0292922494
-0.0257667860
-0.0222348854
-0.0222717534
-0.0223073152
-0.0223019839
-0.0243431516
-0.0263444780
-0.0283472721
-0.0303905139
-0.0323951964
-0.0272962227
-0.0221891335
-0.0146688489
-0.0071373246
0.0003608601
0.0079112231
0.0154675864
0.0230360332
0.0282423857
0.0334972107
0.0387166379
0.0476794223
0.0566492167
0.0686417058
0.0806067396
0.0925857723
0.1046172058
0.1070281324
0.0992493859
0.0851965048
0.0711321757
0.0616664734
0.0571723502
0.0587776009
0.0671637033
0.0755624781
0.0865373356
0.0975289193
0.1054352227
0.1090207298
0.1063832989
0.1037019890
0.0961654719
0.0886122527
0.0810589002
0.0786324615
0.0814170978
0.0895090406
0.0976442335
0.1057504654
0.1138593538
0.1154307979
0.1121502549
0.1031625584
0.0941608584
0.0821797845
0.0702245730
0.0620221630
0.0538531274
0.0512535607
0.0486846540
0.0460700481
0.0442537638
0.0424704578
0.0345813618
0.0267175118
0.0168370303
0.0069379965
0.0016031298
-0.0037445549
-0.0028398033
-0.0018986431
-0.0010024795
-0.0001104148
-0.0019926434
-0.0039233274
-0.0058212415
-0.0118626464
-0.0179147381
-0.0300835635
-0.0423062260
-0.0545521146
-0.0667758035
-0.0746843411
-0.0773831644
-0.0743544618
-0.0666692443
-0.0543230319
-0.0367585159
-0.0131878749
0.0160127288
0.0452503453
0.0706518160
0.0899007791
0.1022974117
0.1147116790
0.1208285107
0.1269121870
0.1250502659
0.1231476648
0.1183967126
0.1136347917
0.1088341903
0.1040718981
0.1026748943
0.1013260448
0.0999774968
0.0996771293
0.0994193268
0.0991323067
0.0977698529
0.0964116247
0.0968684056
0.0973754489
0.0978571439
0.0983459800
0.0988915045
0.0994096599
0.0962462454
0.0930563151
0.0899173440
0.0816094511
0.0733087844
0.0566615378
0.0399797997
0.0233288367
0.0123023512
0.0093452546
0.0064420651
0.0035091040
0.0013520409
-0.0008345326
-0.0065012898
-0.0122037105
-0.0229952882
-0.0338305412
-0.0510068777
-0.0682401665
-0.0877647924
-0.1072725328
-0.1268324807
-0.1422788036
-0.1513171584
-0.1604059746
-0.1622043905
-0.1640537430
-0.1622957794
-0.1556090945
-0.1489312817
-0.1422565755
-0.1355988351
-0.1289485586
-0.1304605979
-0.1320012898
-0.1360989827
-0.1402278009
-0.1443876383
-0.1485913315
-0.1528249668
-0.1503169937
-0.1388151034
-0.1149698011
-0.0850013578
-0.0619816857
-0.0519072901
-0.0455979139
-0.0393235891
-0.0330838527
-0.0413715904
-0.0497545037
-0.0531652349
-0.0565854607
-0.0562762386
-0.0450014080
-0.0402212291
-0.0409740598
-0.0308795404
-0.0129741584
0.0079657049
0.0289112558
0.0427853465
0.0566686581
0.0671386423
0.0776169576
0.0857020102
0.0938461883
0.1020198597
0.1101882841
0.1125796699
0.1149814632
0.1121073036
0.1015045907
0.0909353270
0.0804783777
0.0738026538
0.0672306547
0.0542678151
0.0467896708
0.0394382210
0.0387942447
0.0443510259
0.0563181961
0.0536178516
0.0462677508
0.0431767440
0.0507505067
0.0497667469
0.0488727852
0.0542667425
0.0626155514
0.0709978509
0.0663160857
0.0508634840
0.0467166313
0.0425126553
0.0382274981
0.0261033996
0.0187145407
0.0112070525
0.0035694953
-0.0041912735
-0.0120762544
-0.0288548296
-0.0397609442
-0.0606822662
-0.0853954735
-0.1100771986
-0.1300152834
-0.1387207531
-0.1371902621
-0.1354877955
-0.1414015344
-0.1367176633
-0.1108797596
-0.0750937760
-0.0449417753
-0.0334526438
-0.0216694770
-0.0113146814
-0.0007907596
0.0099182810
0.0206613029
0.0223941842
0.0240010218
0.0274627536
0.0263253099
0.0247243428
0.0404466233
0.0554829322
0.0578060985
0.0635067270
0.0789168981
0.0932265986
0.1009521771
0.1126875297
0.1231558482
0.1185680815
0.1072113119
0.0946823506
0.0841152670
0.0726390645
0.0555962389
0.0381899557
0.0233494903
0.0089223141
-0.0111013487
-0.0242669514
-0.0251067061
-0.0237921597
-0.0226541514
-0.0273654903
-0.0294118748
-0.0153458921
-0.0031285764
0.0045615112
0.0201066851
0.0365914010
0.0578755551
0.0721684643
0.0797265236
0.0866496607
0.0911937889
0.0957972985
0.0952562014
0.0959077135
0.1057114518
0.1168442096
0.1327603535
0.1489458578
0.1684069746
0.1866186771
0.2066521484
0.2282193809
0.2498528591
0.2530738976
0.2567092652
0.2468081756
0.2227965151
0.1437764192
0.0222445343
-0.0851385222
-0.1378528873
-0.1632555760
-0.1826392613
-0.1981362361
-0.2000723027
-0.1969635282
-0.1896657693
-0.1785308653
-0.1694173942
-0.1611874086
-0.1407542321
-0.1136712685
-0.0910582936
-0.0687930634
-0.0481502906
-0.0245824921
0.0009211725
0.0134339946
0.0245087591
0.0326909041
0.0531398504
0.0629742643
0.0641036612
0.0721554987
0.0618844611
0.0393687193
0.0378013036
0.0424573636
0.0446651739
0.0441181211
0.0378766177
0.0340294522
0.0404732633
0.0441223680
0.0395574852
0.0267065471
0.0084397789
-0.0058443590
-0.0123208933
-0.0180826260
-0.0227213602
-0.0261172726
-0.0187473329
-0.0100827009
-0.0038573363
-0.0042642822
-0.0124712513
-0.0291951276
-0.0448126216
-0.0592104118
-0.0680454156
-0.0708967471
-0.0831533553
-0.0810135596
-0.0688170639
-0.0586518289
-0.0450948148
-0.0191473590
0.0137307301
0.0415653274
0.0664329109
0.0870699371
0.1071363951
0.1254540479
0.1410167617
0.1529721519
0.1605470164
0.1657069587
0.1660786025
0.1581053940
0.1520258853
0.1382859610
0.1028355219
0.0375641751
-0.0368668818
-0.0912380310
-0.1185149571
-0.1314635521
-0.1401290044
-0.1441875857
-0.1438226949
-0.1348938733
-0.1226620200
-0.1057189720
-0.0819557057
-0.0506008344
-0.0202293823
0.0081169253
0.0322411892
0.0530208144
0.0717107688
0.0867792329
0.0984536867
0.1071991424
0.1205274905
0.1322999781
0.1432854461
0.1484523169
0.1454095643
0.1353950219
0.1266658119
0.1148415891
0.0932746928
0.0638226393
0.0432275582
0.0362196459
0.0336846218
0.0313091384
0.0270742270
0.0225789985
0.0233667758
0.0238405370
0.0273961680
0.0309051302
0.0345297904
0.0429728898
0.0519800059
0.0616040400
0.0719806141
0.0783498008
0.0792743842
0.0743979642
0.0698088697
0.0651628287
0.0635719783
0.0606726590
0.0585466291
0.0608325077
0.0629011291
0.0591215847
0.0252836953
-0.0375209873
-0.0941873262
-0.1269960943
-0.1471193271
-0.1704127660
-0.1997256988
-0.2269651406
-0.2568917865
-0.2623547100
-0.2745024781
-0.2476838808
-0.2382298858
-0.2139325407
-0.1969459922
-0.1684428954
-0.1474406955
-0.1252365603
-0.1052363410
-0.0910526573
-0.0765817519
-0.0615409981
-0.0552091275
-0.0558065190
-0.0525520299
-0.0469801694
-0.0429837069
-0.0525988728
-0.0637469329
-0.0692456436
-0.0758540774
-0.0769318272
-0.0464794444
0.0251428500
0.0798252063
0.0865883398
0.0719068102
0.0630677162
0.0590483717
0.0559185479
0.0520813112
0.0490535826
0.0466916289
0.0448146240
0.0402325555
0.0356459789
0.0399262299
0.0437829247
0.0469673008
0.0481354137
0.0483485538
0.0474678394
0.0455195312
0.0424559894
0.0344595968
0.0254982755
0.0131923952
0.0001308787
-0.0135308608
-0.0254089099
-0.0375342605
-0.0497292380
-0.0618279240
-0.0776082190
-0.0930108725
-0.1006105257
-0.1075760006
-0.1186065841
-0.1341424938
-0.1489430992
-0.1575806267
-0.1654232816
-0.1655107798
-0.1648870451
-0.1598508816
-0.1541717201
-0.1454754599
-0.1320092568
-0.1148424161
-0.0972005583
-0.0897091761
-0.0907838219
-0.0867072552
-0.0693677247
-0.0517569228
-0.0415546518
-0.0311842849
-0.0171282554
0.0054698048
0.0280826251
0.0530708492
0.0779585738
0.0951506628
0.0906354394
0.0687496275
0.0572058564
0.0621675720
0.0725248674
0.0824176820
0.0880687584
0.0931395527
0.0938642149
0.0939600776
0.0906406568
0.0867142791
0.0821127689
0.0769302429
0.0711115139
0.0640530020
0.0564351152
0.0483827478
0.0462623286
0.0437955248
0.0464239742
0.0488847953
0.0511731398
0.0490612732
0.0469567007
0.0369087733
0.0270422419
0.0127370465
-0.0013293738
-0.0150577062
-0.0241727170
-0.0288138834
-0.0329855298
-0.0463606866
-0.0592031525
-0.0628967179
-0.0566093203
-0.0496690852
-0.0421173605
-0.0448722425
-0.0532179517
-0.0558268152
-0.0476933334
-0.0389491626
-0.0348977785
-0.0303646487
-0.0253960361
-0.0218071284
-0.0178405266
-0.0166129675
-0.0151275060
-0.0095459644
-0.0038973628
0.0051719462
0.0142407258
0.0232155742
0.0281107462
0.0328109180
0.0322538912
0.0314135441
0.0263635754
0.0209994207
0.0153032875
0.0092492660
0.0028306391
-0.0039683388
-0.0080133565
-0.0124361325
-0.0120878516
-0.0120932520
-0.0058136697
0.0001157203
0.0093659634
0.0183570909
0.0271119597
0.0356642923
0.0440000301
0.0440048367
0.0438898729
0.0436867677
0.0417016357
0.0396870685
0.0303697437
0.0210688308
0.0192008224
0.0174082574
0.0157110273
0.0121990576
0.0088132803
0.0110232505
0.0134232819
0.0159793972
0.0156031937
0.0153400418
0.0152283036
0.0153008015
0.0154695246
0.0157630302
0.0161698333
0.0166745692
0.0172613534
0.0150626409
0.0129488867
0.0108590673
0.0087369302
-0.0011090377
-0.0160880498
-0.0311378074
-0.0462642830
-0.0554315571
-0.0574827758
-0.0596913113
-0.0620274740
-0.0644673476
-0.0671016714
-0.0698637533
-0.0728295395
-0.0738106647
-0.0730397739
-0.0674744474
-0.0620836835
-0.0568269840
-0.0517909938
-0.0534643606
-0.0609727656
-0.0622345803
-0.0594054779
-0.0608194913
-0.0623813100
-0.0618712646
-0.0614911591
-0.0660057140
-0.0705951509
-0.0687415930
-0.0669748038
-0.0681368893
-0.0796012437
-0.0911386366
-0.0983987066
-0.0934635535
-0.0812115657
-0.0768720474
-0.0725047577
-0.0597796318
-0.0328418657
-0.0123187357
-0.0106712863
-0.0146989567
-0.0132056434
-0.0058537528
0.0015796875
0.0120788317
0.0225912139
0.0257420989
0.0364559908
0.0539514892
0.0715590572
0.0774155523
0.0770835481
0.0679108250
0.0588479177
0.0498098377
0.0470259970
0.0401926706
0.0232420540
0.0186496796
0.0197617475
0.0210165748
0.0169886139
0.0082384899
0.0089835925
0.0153714504
0.0175022651
0.0197845728
0.0221836888
0.0165532937
0.0166135678
0.0273976737
0.0230968461
0.0281064639
0.0332442094
0.0342181289
0.0422987522
0.0505214675
0.0588748285
0.0673625172
0.0680357505
0.0688337470
0.0659038475
0.0630480724
0.0690989656
0.0753154208
0.0729815659
0.0667395633
0.0606027524
0.0619450632
0.0633490623
0.0600310807
0.0567612721
0.0510783653
0.0386131691
0.0261592713
0.0046182472
-0.0259281241
-0.0668342344
-0.1129286494
-0.1448067056
-0.1486300241
-0.1370967366
-0.1190206070
-0.1086637652
-0.1041922424
-0.0996755062
-0.0903066115
-0.0809071067
-0.0664171320
-0.0519116441
-0.0468183514
-0.0576201768
-0.0511436360
-0.0332451142
-0.0295211545
-0.0320058425
-0.0401157664
-0.0482722411
-0.0634021501
-0.0741402619
-0.0739514507
-0.0739116877
-0.0794034674
-0.0800710688
-0.0751057919
-0.0607753163
-0.0557005577
-0.0754072334
-0.0883220360
-0.0462441122
0.0013729083
-0.0423447205
-0.1028054558
-0.0716505172
-0.0412652770
-0.0666812607
-0.0715376490
-0.0021574628
0.0916448580
0.1526183236
0.1687952899
0.1479938513
0.1189954291
0.1057958495
0.1043171154
0.1008839529
0.0977219658
0.0954378224
0.0979012388
0.0999289871
0.1079509644
0.1160793419
0.1296791389
0.1432153524
0.1534597407
0.1522945346
0.1399874176
0.1234890040
0.1069248335
0.0941340660
0.0812965928
0.0740533816
0.0667910371
0.0655427847
0.0693929651
0.0732617204
0.0772316591
0.0812290293
0.0811713369
0.0812251785
0.0813237532
0.0783382659
0.0754787894
0.0726738930
0.0681975522
0.0638584958
0.0595790047
0.0586515465
0.0577917467
0.0610167523
0.0643548973
0.0678029313
0.0713640155
0.0700622995
0.0688628959
0.0629939044
0.0572550084
0.0485619992
0.0399482170
0.0314229110
0.0230115806
0.0146361769
0.0063246374
0.0012494567
0.0018528695
0.0099410986
0.0254002446
0.0409159133
0.0564945966
0.0681374333
0.0746470262
0.0764420435
0.0739563162
0.0653292380
0.0566857781
0.0430904041
0.0294172556
0.0157518700
0.0019952360
-0.0077938471
-0.0176411280
-0.0240496018
-0.0304876450
-0.0370244511
-0.0413904539
-0.0458284173
-0.0478955757
-0.0500385819
-0.0522291931
-0.0545416451
-0.0629691502
-0.0715238758
-0.0656917748
-0.0453724769
-0.0298920460
-0.0278142616
-0.0258577883
-0.0239832175
-0.0221631521
-0.0204907767
-0.0239848162
-0.0275682249
-0.0360937203
-0.0446313235
-0.0559542241
-0.0673502557
-0.0790482007
-0.0912472132
-0.1039146745
-0.1092938114
-0.1139374119
-0.1109641102
-0.1015712965
-0.0859179484
-0.0726261151
-0.0785452017
-0.0921355294
-0.1015287847
-0.1055759363
-0.0995185598
-0.0844363354
-0.0800837709
-0.0923022609
-0.1148199611
-0.1371428471
-0.1443278489
-0.1060499210
-0.0035222692
0.1008056694
0.1393551132
0.1147988296
0.0783695504
0.0564098986
0.0457386411
0.0495543686
0.0619000782
0.0839044018
0.0961131394
0.0910774480
0.0742729205
0.0596729724
0.0586619642
0.0634661426
0.0649764845
0.0699596795
0.0717554560
0.0603972316
0.0485400978
0.0454884430
0.0440356682
0.0437690472
0.0439639880
0.0441685260
0.0347059001
0.0253757085
0.0190243261
0.0132220712
0.0123381758
0.0011564362
-0.0054873031
-0.0022650318
0.0014734618
0.0146002985
0.0282479526
0.0382947259
0.0487512868
0.0591334855
0.0699053785
0.0836593932
0.0976816982
0.1118645943
0.1199020287
0.1233624927
0.1267260121
0.1299609370
0.1275571856
0.1248060677
0.1132497031
0.0842453408
0.0445525409
0.0143130353
-0.0036765911
-0.0224239195
-0.0418901521
-0.0495438343
-0.0579584742
-0.0625878678
-0.0592589781
-0.0565045457
-0.0598088536
-0.0636031570
-0.0634688427
-0.0612250404
-0.0592253722
-0.0634889633
-0.0677282732
-0.0717871771
-0.0736509971
-0.0751271343
-0.0761055465
-0.0764754201
-0.0798341713
-0.0824456361
-0.0842023592
-0.0892620885
-0.0934146241
-0.0966059698
-0.0988340935
-0.0998853265
-0.0999999106
-0.0637543293
-0.0163398909
0.0042774407
0.0074512504
0.0110495709
0.0284951002
0.0459985827
0.0634687320
0.0807032254
0.0992922364
0.1173131151
0.1270151541
0.1316523006
0.1352650161
0.1434342438
0.1503243167
0.1597563193
0.1677875383
0.1744759494
0.1797344999
0.1792623552
0.1703397400
0.1520339856
0.1242573995
0.0955046179
0.0658687116
0.0417691499
0.0171906947
-0.0076764719
-0.0306849123
-0.0535608260
-0.0760841322
-0.0963992529
-0.1159959158
-0.1346088351
-0.1528262785
-0.1697862747
-0.1853549661
-0.1963492909
-0.2057786266
-0.2110394457
-0.2147300984
-0.2143411939
-0.2057078742
-0.1956057160
-0.1882463660
-0.1796358546
-0.1700141134
-0.1594828300
-0.1483220547
-0.1338137651
-0.1191028519
-0.1128873940
-0.1068864087
-0.0975885993
-0.0801050550
-0.0634081181
-0.0502604354
-0.0457939894
-0.0426928778
-0.0327162429
-0.0242595224
-0.0173711694
-0.0121223955
-0.0135653867
-0.0120049643
-0.0050812014
-0.0063178659
-0.0140790550
-0.0229818121
-0.0302263434
-0.0382907082
-0.0506551217
-0.0634757591
-0.0766494050
-0.0618494548
-0.0182361271
0.0055972413
-0.0015786696
-0.0135567657
-0.0137422521
-0.0089139042
-0.0031728577
0.0007412863
0.0056933974
0.0138353849
0.0231014070
0.0334615134
0.0448865102
0.0526541954
0.0613091013
0.0643995608
0.0611703566
0.0585203134
0.0563193583
0.0543887693
0.0554330849
0.0565113120
0.0557960250
0.0548385599
0.0638293475
0.0723498613
0.0802936994
0.0789048674
0.0767282281
0.0833043809
0.0796126436
0.0682746822
0.0799882952
0.0770574639
0.0618645482
0.0542758545
0.0537283220
0.0429948217
0.0317120977
0.0199432070
0.0162974244
0.0124722168
-0.0006854665
-0.0137859817
-0.0193283440
-0.0246487342
-0.0295406728
-0.0422474720
-0.0490203744
-0.0551311262
-0.0604086273
-0.0648120493
-0.0638144519
-0.0661063550
-0.0751369856
-0.0886290352
-0.1010772743
-0.1223734151
-0.1525098246
-0.1948989771
-0.2227539852
-0.2126002786
-0.1882844017
-0.1741075687
-0.1714673261
-0.1680801774
-0.1639535800
-0.1667908222
-0.1691100075
-0.1594329821
-0.1281682428
-0.0862027054
-0.0568824972
-0.0361171484
-0.0106749734
0.0146529031
0.0304702560
0.0394884243
0.0480808771
0.0530023505
0.0573836539
0.0611646576
0.0642798758
0.0666399021
0.0682739305
0.0729591925
0.0768093404
0.0798019389
0.0819142391
0.0830970395
0.0834281103
0.0818590762
0.0794101142
0.0760893535
0.0719268551
0.0669476963
0.0611820475
0.0529528331
0.0440618992
0.0376532396
0.0306915557
0.0279721882
0.0247861697
0.0211972389
0.0111650218
0.0008993287
-0.0096192456
-0.0141308327
-0.0133683188
-0.0084236536
0.0007429851
0.0169571718
0.0334425103
0.0501614100
0.0621690112
0.0690176140
0.0763041306
0.0840565036
0.0994806833
0.1154891571
0.1265146347
0.1244480419
0.1153259178
0.0883153662
0.0400521437
0.0030176743
-0.0125274517
-0.0181594981
-0.0231648954
-0.0276383673
-0.0248263787
-0.0214934493
-0.0145021539
-0.0070189304
0.0008362467
0.0090982853
0.0141901711
0.0195913092
0.0251725550
0.0281138209
0.0311692222
0.0320022341
0.0328440225
0.0336086614
0.0389806995
0.0441822667
0.0492079995
0.0544571473
0.0594465695
0.0641397459
0.0707895780
0.0811708559
0.0953044957
0.1090275712
0.1185919383
0.1213212650
0.1196023862
0.1173548153
0.1146074534
0.1120392063
0.1089629329
0.1053400895
0.1011703292
0.0965008498
0.0957129255
0.0944430403
0.0960756680
0.0972915231
0.0980667185
0.1003788165
0.1022834051
0.1038306653
0.1068501647
0.1095478223
0.1118677515
0.1139022738
0.1155954314
0.1170414485
0.1125189812
0.1011236257
0.0894829382
0.0718818977
0.0540706948
0.0324234044
0.0106011948
-0.0153385801
-0.0414153494
-0.0675940706
-0.0876806944
-0.1077724107
-0.1207944587
-0.1338052875
-0.1397557822
-0.1456785725
-0.1430660323
-0.1402756468
-0.1362254674
-0.1319305480
-0.1274294800
-0.1245821188
-0.1214201185
-0.1179556029
-0.1161516684
-0.1139333896
-0.1112985814
-0.1106269978
-0.1094724967
-0.1077257095
-0.1054262276
-0.1039602379
-0.1018863661
-0.0991475694
-0.0956720640
-0.0925269374
-0.0886119950
-0.0839545494
-0.0816388110
-0.0785662495
-0.0747441065
-0.0702089289
-0.0648929811
-0.0588494262
-0.0520965901
-0.0474261626
-0.0420615689
-0.0361115044
-0.0295770204
-0.0224602004
-0.0082595933
0.0124186473
0.0288476981
0.0379139849
0.0262605795
-0.0032933341
-0.0168899194
-0.0090648900
-0.0011850107
-0.0016221115
-0.0021509393
-0.0028699386
-0.0038944671
-0.0052009758
-0.0068982019
-0.0069122498
-0.0074353222
-0.0060616421
0.0019290907
0.0093182593
0.0160282930
0.0219752800
0.0305463691
0.0383425487
0.0488424984
0.0585772979
0.0650112147
0.0706732802
0.0832300772
0.1050247701
0.1260144200
0.1221654345
0.0976097206
0.0723194714
0.0754633760
0.0991575978
0.1160250891
0.1149713754
0.0942244805
0.0665080096
0.0484360934
0.0300064883
0.0015954910
-0.0270221022
-0.0410766191
-0.0433313897
-0.0456822987
-0.0592758714
-0.0728320386
-0.0825646192
-0.0921907854
-0.1016278990
-0.1040827855
-0.1062557717
-0.0961404613
-0.0552822172
0.0103128349
0.0450207489
0.0405065145
0.0314242324
0.0357683687
0.0454043765
0.0512048873
0.0526018326
0.0544860984
0.0520361094
0.0500590532
0.0449740885
0.0402907443
0.0360821377
0.0322822917
0.0243009848
0.0167222403
0.0134632147
0.0104827312
0.0029848124
-0.0042549698
-0.0112509957
-0.0180803740
-0.0246838764
-0.0284856648
-0.0321930792
-0.0320234137
-0.0318086574
-0.0314956908
-0.0316270891
-0.0317471820
-0.0318731876
-0.0332332525
-0.0346379297
-0.0361090909
-0.0376574393
-0.0393416303
-0.0410891370
-0.0453247462
-0.0496856690
-0.0541834655
-0.0588655098
-0.0592435256
-0.0597270413
-0.0549028636
-0.0501854908
-0.0456204825
-0.0408426907
-0.0320361366
-0.0173182534
-0.0027280527
0.0000844717
-0.0075636683
-0.0153565960
-0.0211377507
-0.0270529315
-0.0377645467
-0.0485708045
-0.0634920826
-0.0740024855
-0.0687876845
-0.0552905903
-0.0516422035
-0.0602503237
-0.0689701050
-0.0597724056
-0.0340729347
0.0017884190
0.0375766186
0.0536004862
0.0510591322
0.0483989273
0.0532513000
0.0579966758
0.0627241626
0.0673492835
0.0728443734
0.0782493845
0.0836487399
0.0889608416
0.0955620844
0.1021241744
0.1086594742
0.1123953475
0.1114104600
0.1038958189
0.0963960605
0.0846185341
0.0727767434
0.0609608249
0.0491273825
0.0412658523
0.0392271029
0.0372432476
0.0352795560
0.0302078833
0.0251656529
0.0201964769
0.0080765088
-0.0039635631
-0.0001076769
0.0038085230
0.0037781609
0.0038144579
0.0039216866
0.0041039484
0.0029199606
-0.0030406233
-0.0145056142
-0.0258522004
-0.0379685296
-0.0463913482
-0.0471053188
-0.0476866480
-0.0418321682
-0.0358806315
-0.0297872385
-0.0295371874
-0.0420841392
-0.0588846110
-0.0708028229
-0.0765816680
-0.0822897614
-0.0895221510
-0.0967333497
-0.0941572466
-0.0733236003
-0.0253168568
0.0228605930
0.0408649050
0.0459398034
0.0510233075
0.0608576872
0.0706995390
0.0738402393
0.0770142570
0.0801725707
0.0787375253
0.0773173308
0.0706437653
0.0591084720
0.0391369727
0.0190902057
0.0023135132
-0.0069540033
-0.0162041006
-0.0232007727
-0.0301868847
-0.0372118517
-0.0442733561
-0.0498146860
-0.0553566104
-0.0609862968
-0.0666254562
-0.0697050065
-0.0728700962
-0.0760546495
-0.0747901616
-0.0735758121
-0.0672361406
-0.0609757762
-0.0583378757
-0.0598043274
-0.0612822511
-0.0628558832
-0.0627149872
-0.0626248763
-0.0625795005
-0.0592960145
-0.0560919954
-0.0509272595
-0.0457984984
-0.0407076536
-0.0356504333
-0.0306658931
-0.0256732972
-0.0271716257
-0.0287425971
-0.0303439633
-0.0319732460
-0.0394507383
-0.0469531366
-0.0600698246
-0.0732069342
-0.0762188655
-0.0674466921
-0.0495912267
-0.0317334365
-0.0256957080
-0.0196142750
-0.0135221659
-0.0015619043
0.0103826189
0.0266780983
0.0494308865
0.0817286433
0.0977848152
0.0806773471
0.0577029052
0.0545205252
0.0607487672
0.0591814754
0.0442265647
0.0293302458
0.0102231604
-0.0088682071
-0.0279570104
-0.0381191282
-0.0482236227
-0.0583450040
-0.0684465122
-0.0883580580
-0.0987090987
-0.0599919633
-0.0053288051
0.0199055102
0.0193485194
0.0188222911
0.0183243393
0.0178550978
0.0101460715
0.0024586839
-0.0014796243
-0.0053560169
-0.0068452729
-0.0083134411
-0.0097629622
-0.0103911869
-0.0110027542
-0.0151698864
-0.0193288589
-0.0252434974
-0.0311947802
-0.0371001868
-0.0423657193
-0.0476272438
-0.0528917879
-0.0622495157
-0.0716219545
-0.0809583832
-0.0846915876
-0.0810061371
-0.0700518059
-0.0532424828
-0.0364131717
-0.0195859335
-0.0076040221
-0.0028108338
0.0020137488
0.0067861349
0.0101023511
0.0134426526
0.0167287430
0.0199959563
0.0232469717
0.0259164604
0.0285259129
0.0280239983
0.0275374461
0.0270261360
0.0279339061
0.0287772787
0.0274287061
0.0326355974
0.0458539886
0.0590152426
0.0646229899
0.0701692278
0.0799516240
0.0897173736
0.0994713652
0.1026695943
0.1011502814
0.0934258339
0.0792438623
0.0650726378
0.0570434241
0.0569749070
0.0568877702
0.0503628702
0.0437705743
0.0371986107
0.0368657465
0.0365591942
0.0398534274
0.0431380907
0.0409566840
0.0387648520
0.0365607484
0.0385232116
0.0404813651
0.0424367688
0.0404962071
0.0385116508
0.0365633654
0.0337689231
0.0309311190
0.0281328688
0.0253331273
0.0225344741
0.0180497989
0.0135667565
0.0090832639
0.0028375274
-0.0033697086
-0.0127443992
-0.0221236250
-0.0315002204
-0.0408797286
-0.0439136271
-0.0469456026
-0.0446263235
-0.0422518019
-0.0364536645
-0.0306354767
-0.0248013748
-0.0189865238
-0.0172896233
-0.0156179135
-0.0175451845
-0.0194622887
-0.0213683575
-0.0267177636
-0.0320591098
-0.0373960169
-0.0452533122
-0.0531120819
-0.0609635216
-0.0688922678
-0.0768589692
-0.0797282591
-0.0826279723
-0.0792632745
-0.0759219562
-0.0725321559
-0.0663179135
-0.0466390135
-0.0174690195
0.0065708210
0.0219233578
0.0293536766
0.0367936673
0.0387487240
0.0406698191
0.0369332990
0.0332388040
0.0254862310
0.0176903005
0.0152249402
0.0127583496
0.0102896769
0.0078192146
0.0076736383
0.0075275150
0.0074197716
0.0101203794
0.0128229991
0.0155251336
0.0196746958
0.0238238801
0.0279756728
0.0321275882
0.0362813339
0.0404346341
0.0431826563
0.0459314858
0.0487204476
0.0514648715
0.0542488992
0.0563465578
0.0584435716
0.0576514144
0.0517508865
0.0371315312
0.0224474313
0.0077889063
-0.0062121631
-0.0202278916
-0.0368776752
-0.0535440840
-0.0677063118
-0.0770259722
-0.0796618097
-0.0747946147
-0.0698869816
-0.0650153155
-0.0601030295
-0.0604098987
-0.0607160181
-0.0549669883
-0.0451605232
-0.0284024823
0.0054396986
0.0392625203
0.0522942903
0.0493189312
0.0462936131
0.0475236521
0.0487525003
0.0499800651
0.0496859652
0.0494272606
0.0491278596
0.0446153742
0.0334313897
0.0222394577
0.0087829044
-0.0046424038
-0.0181265878
-0.0315787225
-0.0450883401
-0.0566803237
-0.0682515996
-0.0764955948
-0.0847068248
-0.0877489467
-0.0907895663
-0.0892993146
-0.0877635050
-0.0818127480
-0.0758081551
-0.0616132170
-0.0474325855
-0.0305948208
-0.0136897475
-0.0016280639
0.0027441613
-0.0009059141
-0.0045592758
-0.0082132465
-0.0118702848
-0.0155283703
-0.0191893248
-0.0228513966
-0.0265164652
-0.0268910494
-0.0273047158
-0.0248268824
-0.0223039551
-0.0162058737
-0.0101372433
-0.0018552590
0.0064397527
0.0147013090
0.0180784452
0.0214988718
0.0195453162
0.0175919634
0.0156366352
0.0136811529
0.0113629255
0.0090034427
0.0066823336
0.0043202299
0.0049661909
0.0056140010
0.0062634178
0.0068737171
0.0093319289
0.0117528829
0.0141777148
0.0178085473
0.0214853398
0.0251246231
0.0287691119
0.0324567887
0.0334603708
0.0345041318
0.0355100562
0.0344293428
0.0333072014
0.0322242430
0.0311401259
0.0300146870
0.0333444996
0.0366765973
0.0456743246
0.0547189386
0.0586763987
0.0561338497
0.0535509317
0.0554175181
0.0573282108
0.0591986264
0.0581802070
0.0572057540
0.0561833051
0.0551644941
0.0510918555
0.0470556326
0.0429710094
0.0365990716
0.0301765875
0.0237502141
0.0173139053
0.0109137299
0.0044634683
0.0015815423
-0.0013051195
-0.0002602154
0.0007857188
0.0018324706
0.0044064731
0.0069823719
0.0095613186
0.0121423711
0.0147265573
0.0120557256
0.0093807110
0.0017265152
-0.0058976527
-0.0155741442
-0.0252648626
-0.0350015438
-0.0447103600
-0.0519820072
-0.0593019489
-0.0618070824
-0.0643205750
-0.0625367337
-0.0548906101
-0.0472408300
-0.0351609433
-0.0230734528
-0.0109282536
0.0011846881
0.0133150065
0.0254941537
0.0335947819
0.0417030640
0.0466461131
0.0516372366
0.0536234664
0.0556499516
0.0546315863
0.0536491872
0.0497339199
0.0458590750
0.0419762666
0.0380527763
0.0338018558
0.0295480045
0.0252480717
0.0209856748
0.0166770755
0.0124061839
0.0074062197
0.0024430750
-0.0025669856
-0.0075403795
-0.0125604226
-0.0149749793
-0.0173930442
-0.0198129456
-0.0204285483
-0.0210451157
-0.0216219019
-0.0222390032
-0.0221343239
-0.0219892583
-0.0218838466
-0.0217782576
-0.0216726577
-0.0215263289
-0.0214200657
-0.0213132026
-0.0212067882
-0.0241096289
-0.0270573522
-0.0300061629
-0.0329593644
-0.0359143864
-0.0388737821
-0.0372190667
-0.0356024419
-0.0339439227
-0.0300352031
-0.0260831391
-0.0221658648
-0.0171214686
-0.0120299723
-0.0069749099
-0.0054457523
-0.0039554641
-0.0060366390
-0.0081188596
-0.0102046035
-0.0125317604
-0.0148219678
-0.0171545909
-0.0191686489
-0.0211837670
-0.0232024296
-0.0252218170
-0.0272435949
-0.0292672104
-0.0322974408
-0.0353291974
-0.0383654259
-0.0413633574
-0.0444068146
-0.0448805579
-0.0453581984
-0.0422209315
-0.0390412790
-0.0340125070
-0.0289763489
-0.0239365448
-0.0219007687
-0.0199036523
-0.0179035101
-0.0183504227
-0.0187975731
-0.0192455798
-0.0196939183
-0.0201827831
-0.0160946801
-0.0120440841
-0.0042940205
0.0034615478
0.0112282218
0.0193610763
0.0275460063
0.0357363977
0.0418113148
0.0478869850
0.0511665164
0.0544418475
0.0577253349
0.0610128447
0.0627360236
0.0645030635
0.0662298682
0.0639046809
0.0616156877
0.0546726357
0.0477575103
0.0408386142
0.0335064051
0.0261702784
0.0188238893
0.0114725850
0.0041106347
-0.0016103372
-0.0073398217
-0.0130725526
-0.0188139287
-0.0235961709
-0.0284249639
-0.0332569176
-0.0380557112
-0.0398877935
-0.0417636073
-0.0388621986
-0.0359976875
-0.0285560589
-0.0211038027
-0.0136464570
-0.0061785386
-0.0030801514
0.0000623249
0.0031676785
0.0037472021
0.0043274780
0.0049081637
0.0037636213
0.0026175899
0.0015108189
0.0003623386
-0.0007468243
-0.0018977478
-0.0030494860
-0.0029578933
-0.0029067915
-0.0028556980
-0.0028042099
-0.0022712684
-0.0017379227
-0.0012038398
-0.0007094375
-0.0001741436
0.0003615208
0.0008975804
0.0013942791
0.0019314888
0.0050777935
0.0082284349
0.0113814325
0.0145785636
0.0159726344
0.0173678946
0.0152725671
0.0131739375
0.0110741554
0.0068033050
0.0025292259
-0.0017508969
-0.0060342670
-0.0102832520
-0.0152174275
-0.0201184498
-0.0250230348
-0.0299346540
-0.0348497692
-0.0397709773
-0.0446958795
-0.0462951929
-0.0478984787
-0.0495018861
-0.0482165822
-0.0469275094
-0.0411848250
-0.0354333897
-0.0296783155
-0.0243961711
-0.0191113719
-0.0171513366
-0.0151497578
-0.0131858639
-0.0128257567
-0.0124647666
-0.0121444959
-0.0117832576
-0.0114622742
-0.0111007170
-0.0078891138
-0.0046332905
-0.0014147251
0.0018478880
0.0053940322
0.0089445939
0.0124977683
0.0160558540
0.0181312835
0.0202501487
0.0223700089
0.0244926894
0.0252523717
0.0260128880
0.0267335590
0.0274955426
0.0262509536
0.0250048351
0.0237978705
0.0193368132
0.0149123780
0.0104822087
0.0060488249
0.0015690258
-0.0028740928
-0.0073232282
-0.0090867887
-0.0108528170
-0.0126200973
-0.0143898933
-0.0139133227
-0.0133958600
-0.0129186187
-0.0093889720
-0.0058168278
-0.0022800685
0.0012992328
0.0048433695
0.0084302157
0.0119817689
0.0155753878
0.0156816665
0.0158279372
0.0159340252
0.0123477126
0.0087163713
0.0051223231
0.0012821464
-0.0025608264
-0.0064089955
-0.0078921156
-0.0094173695
-0.0109037835
-0.0110670497
-0.0112303368
-0.0114345846
-0.0115983859
-0.0117630415
-0.0119277525
-0.0114099825
-0.0108914966
-0.0103730328
-0.0098542415
-0.0072864306
-0.0047175009
-0.0021447879
0.0004296062
0.0028070387
0.0052262074
0.0076080945
0.0081856005
0.0087643330
0.0093429524
0.0091597351
0.0089763937
0.0088323923
0.0086486075
0.0085041797
0.0083198773
0.0081757794
0.0079905762
0.0107769808
0.0135643647
0.0163961157
0.0202329895
0.0240754901
0.0279203400
0.0317707938
0.0336167450
0.0354655688
0.0373151110
0.0359556065
0.0345949718
0.0332326979
0.0294205911
0.0256432846
0.0218636342
0.0180783144
0.0172607511
0.0164414593
0.0184311559
0.0203839063
0.0223775787
0.0243338685
0.0262922115
0.0282926898
0.0256386446
0.0229808364
0.0171110407
0.0112723887
0.0053896890
-0.0004610208
-0.0063562606
-0.0092485434
-0.0121824209
-0.0150806504
-0.0152116789
-0.0153026735
-0.0153936268
-0.0129553631
-0.0105154805
-0.0080724381
-0.0056273830
-0.0019741737
0.0016813286
0.0053816899
0.0090447940
0.0127532439
0.0164239803
0.0200999818
0.0207684357
0.0214371563
0.0191771448
0.0169130032
0.0146481581
0.0112152367
0.0077403034
0.0042598625
0.0008173014
-0.0026699349
-0.0061196672
-0.0096144642
-0.0130718109
-0.0165738317
-0.0200781422
-0.0235478181
-0.0270597964
-0.0305364175
-0.0329314109
-0.0353301333
-0.0376906452
-0.0378457158
-0.0380412980
-0.0381968880
-0.0365866240
-0.0349738769
-0.0333604281
-0.0317441869
-0.0301271354
-0.0281866598
-0.0262847609
-0.0243804984
-0.0224344810
-0.0205256196
-0.0208637099
-0.0211616538
-0.0215001638
-0.0218385967
-0.0221378016
-0.0224775083
-0.0228172740
-0.0197850854
-0.0167105152
-0.0136711544
-0.0106306648
-0.0081072447
-0.0056224563
-0.0031344379
-0.0006444233
0.0012466897
0.0030991115
0.0049943389
0.0068504226
0.0096726993
0.0124567936
0.0157268737
0.0189587273
0.0217537064
0.0245907742
0.0273910075
0.0275447831
0.0276989608
0.0278928720
0.0249152461
0.0219756403
0.0190323119
0.0160863040
0.0130960867
0.0101440456
0.0071879084
0.0042295679
0.0012635893
-0.0017376538
-0.0057503016
-0.0098061107
-0.0138271388
-0.0178914103
-0.0219614038
-0.0231040602
-0.0242886645
-0.0254341713
-0.0251355115
-0.0247961216
-0.0244566930
-0.0241570546
-0.0238172041
-0.0235171803
-0.0231762106
-0.0228754128
-0.0191609460
-0.0154442230
-0.0117225759
-0.0080383452
-0.0057943657
-0.0035890186
-0.0013806042
-0.0016989958
-0.0020581865
-0.0024175303
-0.0027775742
-0.0031377754
0.0001150457
0.0033697834
0.0065894383
0.0127406130
0.0188606196
0.0250250229
0.0311976532
0.0373347738
0.0435190146
0.0453759811
0.0472733793
0.0491344163
0.0477814635
0.0464286997
0.0450759644
0.0422788406
0.0394346741
0.0365889745
0.0337396555
0.0308879122
0.0280324005
0.0251746087
0.0223131362
0.0194492868
0.0183478877
0.0172056267
0.0160617183
0.0149575438
0.0138913575
0.0128645836
0.0118365306
0.0108077158
0.0091754167
0.0075816504
0.0059456962
0.0043484445
0.0027091424
0.0033960693
0.0040841716
0.0047726830
0.0069476699
0.0091243651
0.0113440407
0.0135251374
0.0157089439
0.0178944372
0.0200830772
0.0195439091
0.0190038150
0.0184630155
0.0145896267
0.0107130686
0.0068311343
0.0029467713
-0.0003413284
-0.0036313163
-0.0069263498
-0.0092603802
-0.0115977980
-0.0139367094
-0.0162788962
-0.0185825157
-0.0209296047
-0.0229973772
-0.0250275098
-0.0270997403
-0.0291745449
-0.0289635462
-0.0287517237
-0.0285002439
-0.0282881707
-0.0281964012
-0.0280641605
-0.0279323245
-0.0278399799
-0.0285908662
-0.0293424466
-0.0300544953
-0.0308078695
-0.0315616814
-0.0323162882
-0.0330717664
-0.0338285333
-0.0345853051
-0.0336572408
-0.0327687054
-0.0318384169
-0.0287805591
-0.0256780595
-0.0226138456
-0.0165741696
-0.0104904339
-0.0044378345
0.0018995032
0.0082456584
0.0145965594
0.0166200499
0.0186846988
0.0207125737
0.0218981340
0.0230861190
0.0242744503
0.0254648613
0.0266150234
0.0278077718
0.0272748163
0.0267015115
0.0261275658
0.0231428563
0.0201170350
0.0170862877
0.0140933236
0.0110564954
0.0080173287
0.0052545121
0.0024903970
-0.0003181517
-0.0030881824
-0.0058627563
-0.0098830682
-0.0138689753
-0.0178977920
-0.0218922600
-0.0237622504
-0.0255944698
-0.0240574036
-0.0225175244
-0.0178061189
-0.0131279216
-0.0084470676
-0.0031570754
0.0021766431
0.0074777208
0.0128224967
0.0167290475
0.0206787736
0.0246338086
0.0257019810
0.0267711090
0.0278416301
0.0269858152
0.0261697736
0.0253120065
0.0244938926
0.0236348156
0.0258249469
0.0280179640
0.0302128681
0.0332534799
0.0363366260
0.0394242430
0.0408278790
0.0422318816
0.0436402832
0.0429584851
0.0422805123
0.0415983809
0.0382684043
0.0348933411
0.0315557095
0.0252416494
0.0189642467
0.0126373043
0.0063465862
0.0000861653
-0.0061376356
-0.0124110051
-0.0165609657
-0.0207171461
-0.0249161371
-0.0265115519
-0.0281083195
-0.0297062511
-0.0313062775
-0.0314628465
-0.0316197486
-0.0317763017
-0.0319332761
-0.0321710069
-0.0324090744
-0.0326471253
-0.0328852720
-0.0335656058
-0.0342864574
-0.0350081065
-0.0356901103
-0.0364135584
-0.0371373421
-0.0363367654
-0.0355752894
-0.0348130051
-0.0309594402
-0.0271009421
-0.0232397817
-0.0183691080
-0.0134953102
-0.0086145566
-0.0037303696
-0.0008066591
0.0020787987
0.0050081132
0.0079398385
0.0093901015
0.0108811038
0.0123344399
0.0138286401
0.0153248868
0.0167821318
0.0182815413
0.0197816899
0.0212438082
0.0195767582
0.0179068409
0.0161956159
0.0129966568
0.0097551545
0.0065493144
0.0033008080
0.0031797834
0.0030182282
0.0028967167
0.0053033756
0.0077132670
0.0101255247
0.0125005049
0.0123486002
0.0121962819
0.0120439235
0.0107673146
0.0095296439
0.0082506445
0.0069699807
0.0070526445
0.0070959862
0.0071385466
0.0072215790
0.0072640219
0.0073474306
0.0073902863
0.0061893673
0.0049458811
0.0037421722
0.0024966917
0.0012900835
0.0000818673
-0.0011673113
-0.0023780174
-0.0036300055
-0.0048430994
-0.0060574172
-0.0051457212
-0.0041930851
-0.0032789694
-0.0008793169
0.0014830248
0.0038473590
0.0060464766
0.0084129930
0.0108224408
0.0131911667
0.0155613185
0.0164858920
0.0174098014
0.0183716961
0.0192924283
0.0202103023
0.0211268349
0.0220412759
0.0229930570
0.0209380546
0.0188804436
0.0168619866
0.0148012130
0.0120999745
0.0094374692
0.0067360060
0.0040743705
0.0028120911
0.0015500168
0.0002494967
-0.0010103758
-0.0005152409
-0.0000605276
0.0004338668
0.0009275105
0.0013810312
0.0018733804
0.0023251093
-0.0003597947
-0.0030396179
-0.0057156569
-0.0083852019
-0.0110892527
-0.0137468080
-0.0164373965
-0.0174219768
-0.0184032599
-0.0194188397
-0.0190518910
-0.0186439786
-0.0182738932
-0.0179021429
-0.0158027419
-0.0137076017
-0.0116154785
-0.0074952618
-0.0033448693
0.0007524274
0.0048775983
0.0091045789
0.0133181940
0.0175151356
0.0198716297
0.0222551870
0.0220714388
0.0219242789
0.0184513233
0.0149902374
0.0115399822
0.0069487236
0.0023731875
-0.0021821693
-0.0046485968
-0.0071032085
-0.0095856821
-0.0102982263
-0.0110450999
-0.0117481298
-0.0124850757
-0.0131784185
-0.0139045978
-0.0146255140
-0.0141316542
-0.0136762195
-0.0131833560
-0.0127289054
-0.0122755827
-0.0117852080
-0.0133163228
-0.0148740383
-0.0163836161
-0.0189234677
-0.0214099053
-0.0239137998
-0.0263634135
-0.0267613182
-0.0271530639
-0.0275376675
-0.0262991766
-0.0250282388
-0.0237980799
-0.0225363487
-0.0213156690
-0.0201000519
-0.0188533436
-0.0176485655
-0.0164128405
-0.0138850234
-0.0113719980
-0.0088765085
-0.0063970905
-0.0042572079
-0.0021325614
-0.0000594154
-0.0001693075
-0.0003136421
-0.0004564604
-0.0005974970
-0.0006662790
-0.0007342468
-0.0008009450
-0.0008664289
-0.0003380428
0.0001861028
0.0007067161
0.0012225707
0.0017346744
0.0022418432
0.0027448053
0.0032772251
0.0037710482
0.0039526445
0.0040989404
0.0042773335
0.0057388426
0.0071850802
0.0085837680
0.0100003001
0.0114019897
0.0127875207
0.0141245029
0.0154783547
0.0163535105
0.0172166082
0.0180683539
0.0189080216
0.0197355269
0.0205179703
0.0197948021
0.0190765032
0.0183302502
0.0176216740
0.0163724100
0.0151350247
0.0139083945
0.0127261695
0.0115230719
0.0103329724
0.0091544264
0.0079889668
0.0068357470
0.0056956616
0.0031404413
0.0006173400
-0.0018752918
-0.0043349003
-0.0067630794
-0.0091573931
-0.0090266251
-0.0088949517
-0.0087630429
-0.0080292397
-0.0073025193
-0.0065543192
-0.0058435659
-0.0058817633
-0.0058883582
-0.0059223255
-0.0059538147
-0.0072960569
-0.0086173610
-0.0099461572
-0.0112243295
-0.0124801113
-0.0136862000
-0.0148696977
-0.0160321370
-0.0152778581
-0.0145024006
-0.0137620228
-0.0112689237
-0.0088386043
-0.0064142326
-0.0039157659
-0.0014532749
0.0009704939
0.0033576189
0.0049197232
0.0064566725
0.0079675973
0.0094529388
0.0109118466
0.0123447940
0.0137507379
0.0151309380
0.0164573935
0.0158572295
0.0152638241
0.0146770972
0.0134296103
0.0122004169
0.0109907368
0.0111915647
0.0113860915
0.0115745459
0.0122801454
0.0129701395
0.0136438904
0.0142772890
0.0149188061
0.0146441049
0.0143462795
0.0140739012
0.0138026721
0.0129364500
0.0120601150
0.0112200677
0.0103936154
0.0095564924
0.0087567725
0.0079700857
0.0071967851
0.0064138489
0.0056678422
0.0053645184
0.0050433300
0.0047493094
0.0044379309
0.0047278816
0.0049879483
0.0052407705
0.0054863320
0.0057243441
0.0049469327
0.0042054695
0.0034578863
0.0027254522
0.0020085501
0.0013693586
0.0007444206
0.0001332597
-0.0004840316
-0.0016563587
-0.0027797709
-0.0038958703
-0.0049837644
-0.0060432193
-0.0070540419
-0.0070581050
-0.0070384192
-0.0070154866
-0.0069883645
-0.0060062438
-0.0050462493
-0.0041076067
-0.0026888566
-0.0013056305
0.0000223433
0.0013330607
0.0026063511
0.0038433842
0.0041553077
0.0044384700
0.0047283580
0.0050071882
0.0052745644
0.0055140085
0.0055401909
0.0055455387
0.0055469431
0.0055610062
0.0055543711
0.0051901570
0.0048341040
0.0044860917
0.0041462871
0.0038145709
0.0034909569
0.0041300862
0.0047582647
0.0053604816
0.0059365355
0.0066029635
0.0072247765
0.0078314679
0.0084078718
0.0084000937
0.0083839303
0.0083594780
0.0077380289
0.0071182530
0.0065147384
0.0053970540
0.0043172019
0.0032744744
0.0022688284
0.0012630833
0.0002837066
-0.0006574864
-0.0015600934
-0.0024134158
-0.0029535360
-0.0034691220
-0.0039602130
-0.0044272058
-0.0048699533
-0.0052998900
-0.0055262500
-0.0057478757
-0.0059537017
-0.0061441934
-0.0063192826
-0.0064795108
-0.0063164476
-0.0061445338
-0.0059832042
-0.0058135777
-0.0056542265
-0.0052821549
-0.0049222323
-0.0045740776
-0.0042463169
-0.0039212325
-0.0036079063
-0.0031048295
-0.0026242506
-0.0021654608
-0.0017361545
-0.0013202214
-0.0009843223
-0.0006655569
-0.0003711299
-0.0000859504
0.0001826565
0.0004284604
0.0006652667
0.0008866625
0.0009600896
0.0010330225
0.0010928409
0.0011522263
0.0009373014
0.0007386361
0.0005501881
0.0003661291
0.0001976195
0.0000123278
-0.0001668374
-0.0003298395
-0.0004822113
-0.0006290528
-0.0005688333
-0.0005122220
-0.0004591859
-0.0004096369
-0.0003975588
-0.0003821445
-0.0003718386
-0.0003623008
-0.0005352390
-0.0006951085
-0.0008420943
-0.0009767935
-0.0010993890
-0.0012103609
-0.0010845067
-0.0009626772
-0.0008512412
-0.0007436375
-0.0006935192
-0.0006458215
-0.0006005348
-0.0006916563
-0.0007707788
-0.0008437057
-0.0009079102
-0.0009613823
-0.0010093396
-0.0009256970
-0.0008460839
-0.0007702975
-0.0006292891
-0.0004964602
-0.0003756877
-0.0002643535
-0.0001603963
-0.0000671832
-0.0000461322
-0.0000267735
-0.0000090462
-0.0000317141
-0.0000503301
-0.0000681107
-0.0000821415
-0.0000954449
-0.0001066086
-0.0001145135
-0.0001218506
-0.0001273753
-0.0001300357
-0.0000968565
-0.0000652788
-0.0000363389
-0.0000108991
0.0000131680
0.0000349181
0.0000536294
0.0000711642
0.0000867096
0.0001040668
0.0001198662
0.0001327400
0.0001442549
0.0001537760
0.0001608477
0.0001819989
0.0001993702
0.0002131966
0.0002237301
0.0002307357
0.0002354206
0.0002207969
0.0002063456
0.0001920951
0.0001777221
0.0001640056
0.0001416576
0.0001211072
0.0001022630
0.0000850477
0.0000693792
0.0000499471
0.0000326213
0.0000177290
0.0000048738
-0.0000142140
-0.0000299797
-0.0000426753
-0.0000525703
-0.0000611651
-0.0000671726
-0.0000708327
-0.0000723897
-0.0000720639
-0.0000700740
-0.0000666193
-0.0000580703
-0.0000492653
-0.0000404465
-0.0000267989
-0.0000144509
-0.0000031921
0.0000101051
0.0000215498
0.0000312811
0.0000395537
0.0000464791
0.0000522028
0.0000556997
0.0000586341
0.0000610738
0.0000630809
0.0000643713
0.0000654621
0.0000663828
0.0000671603
0.0000678191
0.0000683816
0.0000688677
0.0000691582
0.0000694678
0.0000698024
0.0000701518
0.0000705226
0.0000710188
0.0000714784
0.0000719158
0.0000723431
0.0000727702
0.0000732051
0.0000736536
0.0000740842
0.0000745651
0.0000750860
0.0000756378
0.0000762125
0.0000768035
0.0000774052
0.0000780128
0.0000786226
0.0000792316
0.0000798376
0.0000804387
0.0000810339
0.0000816224
0.0000822037
