0.0101998195
0.0104062383
0.0106135862
0.0108218732
0.0110311565
0.0112414314
0.0114527435
0.0116651201
0.0118786168
0.0120931629
0.0123086833
0.0125250353
0.0127422150
0.0129602709
0.0131794437
0.0134000960
0.0136224491
0.0138464465
0.0140715789
0.0142970876
0.0145222636
0.0147468312
0.0149715089
0.0151974881
0.0154257461
0.0156566295
0.0158904090
0.0161270712
0.0163660922
0.0166052826
0.0168413510
0.0170720986
0.0172989549
0.0175263645
0.0177598022
0.0180022550
0.0182517713
0.0185020069
0.0187451003
0.0189748101
0.0191909836
0.0193998546
0.0196107979
0.0198304062
0.0200613504
0.0203024354
0.0205524556
0.0208108189
0.0210736882
0.0213337356
0.0215761611
0.0217833497
0.0219497725
0.0220984002
0.0222754919
0.0225154586
0.0228218032
0.0231626738
0.0234834270
0.0237457856
0.0239469582
0.0241122189
0.0242749950
0.0244714939
0.0247284445
0.0250443395
0.0253945743
0.0257547653
0.0261034193
0.0264417712
0.0267962528
0.0271643032
0.0274737672
0.0276728190
0.0278245081
0.0280164814
0.0282533829
0.0284909810
0.0287284071
0.0290179252
0.0293722003
0.0297091036
0.0299058944
0.0298758481
0.0296617100
0.0294909608
0.0295481099
0.0297905529
0.0301301533
0.0305579465
0.0310724831
0.0315805523
0.0319156209
0.0319458176
0.0316730804
0.0312211794
0.0308193121
0.0307221409
0.0310269302
0.0315880715
0.0321209653
0.0323783419
0.0322633134
0.0317752036
0.0309347036
0.0298359189
0.0287609612
0.0280675062
0.0279694847
0.0284595142
0.0292171904
0.0297934017
0.0300236889
0.0300606448
0.0300196878
0.0299830011
0.0301229761
0.0305194232
0.0310081546
0.0312822899
0.0313522577
0.0315939525
0.0323186565
0.0334216089
0.0344198877
0.0347635886
0.0342456615
0.0331810782
0.0319983617
0.0310944463
0.0309949790
0.0319995288
0.0337225497
0.0352170336
0.0357358197
0.0349847752
0.0331724481
0.0309404526
0.0290243314
0.0280489613
0.0283911846
0.0297556588
0.0314543271
0.0330549337
0.0343067567
0.0348264791
0.0341812940
0.0323232578
0.0298466032
0.0276695348
0.0263701698
0.0260665769
0.0265111859
0.0271261743
0.0274752892
0.0275173718
0.0273447731
0.0270403102
0.0266813785
0.0262282517
0.0254183078
0.0240920878
0.0226214324
0.0216449790
0.0214908166
0.0221318059
0.0230346732
0.0230453513
0.0211746912
0.0175553637
0.0136635189
0.0112150974
0.0106898770
0.0115124432
0.0134364494
0.0161323890
0.0184693388
0.0195312485
0.0190654463
0.0173436249
0.0150989529
0.0132542840
0.0122409128
0.0119607217
0.0119512134
0.0118785009
0.0119543438
0.0127617550
0.0146367429
0.0169929632
0.0187157593
0.0194176732
0.0192594494
0.0181117121
0.0160440475
0.0139748233
0.0129579859
0.0132619648
0.0142219979
0.0145019300
0.0131988280
0.0108041716
0.0088318410
0.0088478455
0.0110376560
0.0140666700
0.0163959037
0.0171425108
0.0160170160
0.0132179193
0.0096762231
0.0070344597
0.0067147662
0.0087475211
0.0112989587
0.0118160297
0.0089419353
0.0032691901
-0.0028827102
-0.0066007696
-0.0066146744
-0.0035580998
0.0013067911
0.0061949994
0.0095309612
0.0102011076
0.0077564915
0.0033001774
-0.0003911600
-0.0012253887
0.0002221938
0.0022051113
0.0034164892
0.0032021225
0.0015575956
-0.0009701848
-0.0034140543
-0.0049388265
-0.0056660106
-0.0062022613
-0.0066414814
-0.0067746392
-0.0069128860
-0.0075301056
-0.0093588167
-0.0127749673
-0.0165879614
-0.0187200226
-0.0173991181
-0.0126464637
-0.0066215757
-0.0019959850
-0.0007605595
-0.0039060776
-0.0105458359
-0.0181405087
-0.0244207466
-0.0280136110
-0.0283685804
-0.0258492657
-0.0223086716
-0.0198284380
-0.0187974450
-0.0180287299
-0.0165459780
-0.0140001874
-0.0111032222
-0.0089905877
-0.0082227020
-0.0087266098
-0.0099215482
-0.0106333386
-0.0096076901
-0.0067251366
-0.0030036653
-0.0004707601
-0.0008469851
-0.0043990377
-0.0099900320
-0.0161603472
-0.0216788433
-0.0258278074
-0.0284311663
-0.0296497126
-0.0293215374
-0.0274995693
-0.0259698140
-0.0262788884
-0.0284019747
-0.0311437575
-0.0330129941
-0.0330765316
-0.0320324341
-0.0310983682
-0.0306304412
-0.0299839824
-0.0285464948
-0.0273905391
-0.0286000342
-0.0333999047
-0.0413614118
-0.0503909073
-0.0583864352
-0.0648033250
-0.0698848963
-0.0732189441
-0.0735288771
-0.0695933055
-0.0629591923
-0.0573948567
-0.0554216602
-0.0573529912
-0.0613123726
-0.0641221512
-0.0634367021
-0.0586500129
-0.0504956764
-0.0406276923
-0.0312236459
-0.0244058365
-0.0210440646
-0.0207441322
-0.0219802778
-0.0223531504
-0.0211397434
-0.0191639245
-0.0168030497
-0.0138050050
-0.0098586949
-0.0040586054
0.0041561405
0.0133761833
0.0209446344
0.0248160689
0.0251708676
0.0248331316
0.0267840316
0.0313583510
0.0365244346
0.0400206720
0.0400596382
0.0360172305
0.0284888979
0.0195833555
0.0117708079
0.0073214188
0.0078028779
0.0132151407
0.0220492464
0.0308923186
0.0343292452
0.0268772895
0.0064287471
-0.0226510449
-0.0502132811
-0.0643862736
-0.0604617825
-0.0443355502
-0.0235563234
-0.0045638617
0.0060899689
0.0103190308
0.0151899165
0.0224546923
0.0306289902
0.0371401921
0.0407528852
0.0398873099
0.0301077658
0.0101012439
-0.0137542588
-0.0281548647
-0.0280304528
-0.0249846939
-0.0290573341
-0.0379532953
-0.0476831340
-0.0573933612
-0.0664137252
-0.0754085335
-0.0842193026
-0.0881231896
-0.0805596332
-0.0598494855
-0.0336634860
-0.0075443381
0.0252138287
0.0677090042
0.1081835870
0.1326398211
0.1366154384
0.1162568924
0.0677662924
0.0042107009
-0.0478967697
-0.0765225990
-0.0893685377
-0.0985184757
-0.1086327224
-0.1196657924
-0.1247520834
-0.1210480155
-0.1169829725
-0.1133993520
-0.1023205122
-0.0763097638
-0.0262374971
0.0445048637
0.1066973146
0.1234428144
0.0892242405
0.0441377294
0.0206083696
0.0102143158
-0.0021877819
-0.0145328205
-0.0124412695
0.0054722121
0.0219641901
0.0292663057
0.0316771582
0.0344994240
0.0390484379
0.0454610707
0.0542651858
0.0658895773
0.0793430114
0.0920235577
0.0968566074
0.0874351158
0.0662412832
0.0456776313
0.0358782894
0.0374671315
0.0494963255
0.0745846348
0.1120871834
0.1543464520
0.1892007771
0.1972142026
0.1661170191
0.1055331363
0.0401433890
-0.0012213212
-0.0077754916
0.0105576896
0.0394231006
0.0645481380
0.0702405220
0.0529386025
0.0249907227
0.0001511573
-0.0180175321
-0.0317955971
-0.0404789431
-0.0359845033
-0.0078095439
0.0473906397
0.1205520343
0.1924518141
0.2395725448
0.2410303453
0.1948361073
0.1361528878
0.0974622535
0.0792546636
0.0712910365
0.0703512446
0.0728645631
0.0692889622
0.0526236917
0.0273318434
0.0013762906
-0.0212560506
-0.0380375590
-0.0445562220
-0.0382497549
-0.0233344724
-0.0050744356
0.0120566929
0.0242935407
0.0364309226
0.0516103030
0.0603707607
0.0505890556
0.0198694382
-0.0290541694
-0.0716275401
-0.0786535356
-0.0459625073
0.0125368443
0.0869237363
0.1686563950
0.2218014932
0.2259170074
0.2328481740
0.2958946775
0.3644307837
0.3629788404
0.3068741528
0.2360587365
0.1607304272
0.1051063791
0.0900892430
0.0920333380
0.0721178755
0.0280564917
-0.0218884600
-0.0707828662
-0.1161143173
-0.1445396432
-0.1368544891
-0.0820681167
0.0057199464
0.0806787858
0.1119740160
0.1192368493
0.1301486042
0.1444542832
0.1429630859
0.1157718730
0.0831525811
0.0784303064
0.1075802976
0.1530347731
0.2002594386
0.2402485705
0.2622854642
0.2670166091
0.2655273311
0.2607641923
0.2498846748
0.2355091828
0.2284762563
0.2401122338
0.2702121787
0.3018721948
0.3184515558
0.3231367596
0.3266048662
0.3356398611
0.3499773919
0.3636633764
0.3722033304
0.3817424705
0.4009152634
0.4299671783
0.4615286645
0.4850240037
0.5048694279
0.5268085090
0.5398944628
0.5394437150
0.5286938831
0.5147806562
0.5044869896
0.4937580296
0.4679969729
0.4226980420
0.3650535439
0.3013751866
0.2382431331
0.1901388650
0.1754491726
0.2053987118
0.2658260377
0.3257744336
0.3781131162
0.4379302308
0.4939381537
0.5010960895
0.4256636475
0.3010293019
0.1912227872
0.1118552732
0.0469313755
-0.0027661608
-0.0224649141
-0.0173222457
-0.0158029411
-0.0309384148
-0.0471837851
-0.0496952457
-0.0381223330
-0.0171560347
0.0081112358
0.0283809019
0.0345208767
0.0295524507
0.0241860439
0.0222628805
0.0221647241
0.0232346122
0.0218719037
0.0157449780
0.0100420728
0.0123391569
0.0232366749
0.0368668383
0.0470528720
0.0480786845
0.0343868128
0.0039175787
-0.0423698181
-0.0961969887
-0.1457898646
-0.1844913597
-0.2125545367
-0.2328914928
-0.2434204481
-0.2462032041
-0.2564671890
-0.2872849414
-0.3341356287
-0.3785640176
-0.4032169372
-0.4172248428
-0.4405000438
-0.4641403040
-0.4689124336
-0.4592120847
-0.4510660565
-0.4471489670
-0.4513815507
-0.4711921527
-0.4918749072
-0.4996325306
-0.5073073476
-0.5207415598
-0.5292574984
-0.5373434667
-0.5499293549
-0.5541689697
-0.5415771710
-0.5016475516
-0.4157503151
-0.3016315526
-0.2131889703
-0.1723990261
-0.1486963120
-0.1173347524
-0.0960943273
-0.1093687713
-0.1564130654
-0.2124746527
-0.2522231698
-0.2562605838
-0.2238930438
-0.1816858769
-0.1530144910
-0.1376984738
-0.1228997316
-0.1023655382
-0.0800568497
-0.0608905105
-0.0452214581
-0.0332928774
-0.0314714696
-0.0484441153
-0.0848075411
-0.1247416837
-0.1485419781
-0.1504376728
-0.1386296536
-0.1301771005
-0.1333868787
-0.1366054049
-0.1234070502
-0.0911917359
-0.0538084086
-0.0251578090
-0.0079632402
-0.0028819768
-0.0170149594
-0.0500628823
-0.0901342716
-0.1284740933
-0.1608993023
-0.1910371325
-0.2197769177
-0.2394213497
-0.2497913625
-0.2531648744
-0.2493463079
-0.2434631583
-0.2423495869
-0.2475165508
-0.2548932458
-0.2596352544
-0.2586143017
-0.2513658526
-0.2392410240
-0.2222904222
-0.2011195610
-0.1809190105
-0.1614230101
-0.1322132857
-0.0859613610
-0.0244911607
0.0387250490
0.0901014134
0.1277869027
0.1531143883
0.1619146251
0.1512006047
0.1328282183
0.1261432459
0.1353246832
0.1512738098
0.1643120662
0.1659023158
0.1470846596
0.1041076632
0.0501686357
0.0118250552
0.0097700142
0.0521864804
0.1332949507
0.2195313956
0.2670724513
0.2738656207
0.2764146836
0.3022824263
0.3467164406
0.3825827659
0.3762073541
0.3065272021
0.1911794351
0.0931650890
0.0498569914
0.0262761898
-0.0227330376
-0.0993515166
-0.1691679993
-0.1921994248
-0.1511879654
-0.0808450975
-0.0390744056
-0.0370376781
-0.0464166684
-0.0567329332
-0.0861028508
-0.1438272174
-0.1910261596
-0.1899068270
-0.1679415983
-0.1700498033
-0.2050476837
-0.2467556877
-0.2637529180
-0.2431169707
-0.2117692672
-0.2046333761
-0.2171840360
-0.2266152143
-0.2286848706
-0.2326708876
-0.2337548140
-0.2142882678
-0.1735760754
-0.1279881322
-0.0953969262
-0.0831123630
-0.0855081176
-0.0958021747
-0.1135686274
-0.1402853637
-0.1710046444
-0.1890968084
-0.1814314005
-0.1461097720
-0.0826011385
0.0011728107
0.0728361176
0.1102532996
0.1302498674
0.1488843942
0.1532903203
0.1243609733
0.0783551652
0.0534227980
0.0504782608
0.0369648214
-0.0020347430
-0.0454671550
-0.0595606795
-0.0268350328
0.0318401888
0.0827419274
0.1200647182
0.1572008876
0.2007290588
0.2400653496
0.2533836348
0.2207672996
0.1411247954
0.0517451532
0.0004057972
-0.0109268698
-0.0169119432
-0.0407318963
-0.0761910300
-0.0994733156
-0.0864739632
-0.0306861832
0.0350466155
0.0669803410
0.0645271529
0.0547366828
0.0482463400
0.0340713166
0.0061096716
-0.0126469250
0.0076529562
0.0643923676
0.1297205662
0.1684438066
0.1597644082
0.1149153429
0.0610857693
0.0155550543
-0.0213397970
-0.0505788656
-0.0725955549
-0.0934089168
-0.1153403753
-0.1330971243
-0.1378529448
-0.1275342588
-0.1232725687
-0.1533393076
-0.2154080687
-0.2745415742
-0.3045283043
-0.3181965611
-0.3382481499
-0.3729570851
-0.4229788005
-0.4765541913
-0.5140249857
-0.5378342236
-0.5599288712
-0.5607149120
-0.5220545643
-0.4634921436
-0.4023319305
-0.3339629610
-0.2635890576
-0.2221418939
-0.2308865032
-0.2748323760
-0.3206307458
-0.3449009020
-0.3339273019
-0.2870454092
-0.2201878620
-0.1522418448
-0.0960183581
-0.0566949568
-0.0276502047
0.0039071711
0.0462755219
0.0968387914
0.1392532995
0.1579403956
0.1615240077
0.1730105458
0.2064910705
0.2564133677
0.3014552627
0.3097908505
0.2529830735
0.1309508393
0.0046656228
-0.0595852319
-0.0744986172
-0.0937297790
-0.1404136888
-0.1959309306
-0.2281500416
-0.2187581078
-0.1854344856
-0.1716263371
-0.1937879301
-0.2255948185
-0.2343103998
-0.2135869809
-0.1751950911
-0.1219503849
-0.0547774704
0.0130772065
0.0567779649
0.0558589773
0.0144080269
-0.0242914029
-0.0217689713
0.0117801720
0.0482137722
0.0712288133
0.0703287635
0.0407676335
-0.0028218289
-0.0370134045
-0.0471854267
-0.0336758437
-0.0068846496
0.0100738560
0.0081478513
0.0062619722
0.0125912984
0.0225633514
0.0347950191
0.0456384787
0.0480686580
0.0394793782
0.0201786834
-0.0100687146
-0.0411056901
-0.0580048594
-0.0600479270
-0.0574603833
-0.0564628100
-0.0537010880
-0.0407200108
-0.0152986227
0.0192355731
0.0558884303
0.0751525019
0.0590890155
0.0131520678
-0.0424149561
-0.0755563387
-0.0742480678
-0.0623019490
-0.0546317008
-0.0390927017
0.0028364444
0.0714668527
0.1396466803
0.1790434938
0.1895160268
0.1841985867
0.1673624564
0.1346348536
0.0894504343
0.0571685817
0.0571157426
0.0760114257
0.0952477294
0.1094024436
0.1133026367
0.0984361631
0.0670770489
0.0340783829
0.0103427231
-0.0096349145
-0.0310954638
-0.0521546459
-0.0703881713
-0.0807728585
-0.0720915382
-0.0357718032
0.0193490451
0.0746065714
0.1223401453
0.1512422817
0.1586168564
0.1683550030
0.2000559434
0.2532821133
0.3160528277
0.3723366575
0.4016826828
0.3840628709
0.3154912179
0.2301597606
0.1782858400
0.1675915835
0.1637242610
0.1382379625
0.0903411549
0.0370411496
0.0007093013
0.0013476877
0.0441976627
0.1022446627
0.1289215730
0.1153707301
0.0954325551
0.0940001707
0.1118196354
0.1375009835
0.1597365975
0.1689033979
0.1573492390
0.1268768524
0.0897516328
0.0540501484
0.0227675050
-0.0025235161
-0.0255491779
-0.0488639800
-0.0681094686
-0.0763926774
-0.0798942060
-0.0923515613
-0.1113162564
-0.1263346821
-0.1341319659
-0.1378384722
-0.1397761229
-0.1365222304
-0.1221779785
-0.0958839511
-0.0603933606
-0.0134546736
0.0447096171
0.0949253536
0.1152369473
0.1060100485
0.0810982819
0.0509114156
0.0222377174
0.0024747156
-0.0093434804
-0.0233973480
-0.0442409698
-0.0637918099
-0.0766448562
-0.0877231052
-0.0986814794
-0.1095038799
-0.1216174250
-0.1325060128
-0.1385938254
-0.1405267065
-0.1419638335
-0.1452172665
-0.1465255069
-0.1417232811
-0.1316165599
-0.1184688703
-0.1011083833
-0.0818697168
-0.0669386869
-0.0583851132
-0.0560150238
-0.0622031904
-0.0766991726
-0.0945887236
-0.1074716633
-0.1112068531
-0.1070393666
-0.0953076527
-0.0734480618
-0.0437878782
-0.0165119496
0.0014199854
0.0142278955
0.0254259009
0.0275531028
0.0061885217
-0.0364592750
-0.0861153608
-0.1369642340
-0.1825921292
-0.1911953767
-0.1572086959
-0.1206017299
-0.0975944460
-0.0796473375
-0.0650303454
-0.0562901325
-0.0498719261
-0.0455993961
-0.0443228496
-0.0394541319
-0.0263515334
-0.0111485181
-0.0061248929
-0.0159806768
-0.0323197450
-0.0467842497
-0.0564258057
-0.0593725591
-0.0562897813
-0.0526365191
-0.0549498409
-0.0640099179
-0.0734906002
-0.0735644455
-0.0550513284
-0.0122140278
0.0519263405
0.1215112005
0.1707941048
0.1826770745
0.1619278866
0.1261669074
0.0852105061
0.0361551813
-0.0061185175
-0.0244725848
-0.0330169507
-0.0505873331
-0.0743369347
-0.0844172394
-0.0623580407
-0.0056614008
0.0580954671
0.0936900299
0.0907907579
0.0609189321
0.0232343393
-0.0139719078
-0.0518421795
-0.0847808121
-0.1047403463
-0.1064709386
-0.0795650445
-0.0131681589
0.0806076290
0.1508735434
0.1527227361
0.1082779901
0.0613541807
0.0146959463
-0.0435949006
-0.0964639277
-0.1251828224
-0.1436079041
-0.1718969581
-0.2071929402
-0.2267320605
-0.2048968966
-0.1319958962
-0.0335637757
0.0318857238
0.0313585205
-0.0066357819
-0.0260335565
0.0012587402
0.0614448078
0.1291392139
0.1835622940
0.2016500869
0.1787510718
0.1418686625
0.1068900213
0.0753614510
0.0563812735
0.0571695781
0.0688756030
0.0848861083
0.1084471295
0.1387374606
0.1612363355
0.1634088881
0.1435756717
0.1063002059
0.0621650668
0.0243090192
0.0017360039
0.0115326904
0.0515010580
0.0907678761
0.1142760049
0.1306158632
0.1502471041
0.1704337925
0.1725936426
0.1430889511
0.0956747528
0.0623654871
0.0629064449
0.0894708212
0.1269863035
0.1677320339
0.2040337919
0.2243950683
0.2135386294
0.1646812781
0.0947656614
0.0296428174
-0.0151503603
-0.0413955287
-0.0587108248
-0.0662844467
-0.0505229841
-0.0019478932
0.0634782033
0.1091444415
0.1210080567
0.1169091682
0.1142290578
0.1161157378
0.1224154019
0.1404451857
0.1689414790
0.1892392224
0.1835778247
0.1492427770
0.0953294018
0.0480386085
0.0261104798
0.0162198342
-0.0005107114
-0.0253057762
-0.0449283687
-0.0432768288
-0.0108711111
0.0437630035
0.0912179210
0.1163327007
0.1280712574
0.1188442497
0.0835759441
0.0406586708
0.0097129242
-0.0045497825
-0.0140863878
-0.0241792331
-0.0239164763
-0.0100770357
0.0078553608
0.0214200965
0.0262963596
0.0240485531
0.0196796581
0.0152460091
0.0091122123
0.0010474279
-0.0046577457
-0.0050920956
-0.0039812262
-0.0052133028
-0.0061248407
-0.0009627305
0.0125611825
0.0304834412
0.0509123783
0.0773696139
0.1075577989
0.1313456907
0.1401406507
0.1305569116
0.1005606752
0.0549073131
0.0188875105
0.0172357328
0.0388589059
0.0609128909
0.0800886754
0.1021715226
0.1239856860
0.1428059006
0.1620102694
0.1836448111
0.2100048779
0.2372229216
0.2479113232
0.2297415443
0.1896452222
0.1559856369
0.1474001354
0.1501552065
0.1515553905
0.1491472553
0.1370689002
0.1133747754
0.0848069338
0.0591696294
0.0410671320
0.0360760134
0.0465287682
0.0656727336
0.0887497937
0.1157690099
0.1466082925
0.1725903435
0.1745146702
0.1418558264
0.0868934021
0.0345928827
0.0021284351
-0.0082159836
0.0113420078
0.0477831999
0.0630481898
0.0458174881
0.0117035806
-0.0224374802
-0.0450998762
-0.0497810415
-0.0395433126
-0.0187184541
0.0108071648
0.0441070191
0.0717712855
0.0831893741
0.0651895920
0.0167485615
-0.0455438518
-0.1026367466
-0.1434911609
-0.1594022881
-0.1485295217
-0.1303220919
-0.1190977693
-0.1060288298
-0.0803725350
-0.0572461958
-0.0555664414
-0.0715727272
-0.0978825825
-0.1272073996
-0.1504886530
-0.1669499598
-0.1777730859
-0.1819205083
-0.1752754829
-0.1540994526
-0.1197742616
-0.0735847394
-0.0138671853
0.0498217287
0.0895062636
0.0729056398
0.0058514841
-0.0708795299
-0.1292856009
-0.1644255183
-0.1858084728
-0.2056822188
-0.2297503696
-0.2504909242
-0.2520754798
-0.2235948088
-0.1754802351
-0.1373748145
-0.1276565358
-0.1373749263
-0.1486264312
-0.1517106862
-0.1462121478
-0.1359878036
-0.1293377253
-0.1364437708
-0.1613253863
-0.1939957963
-0.2138428298
-0.2113109771
-0.1936270541
-0.1721951595
-0.1559821420
-0.1454455369
-0.1373489867
-0.1283740512
-0.1187198946
-0.1086827651
-0.0989288516
-0.0934684087
-0.0957602834
-0.1036520298
-0.1122729892
-0.1152739288
-0.1077660099
-0.0891995184
-0.0615185042
-0.0302019986
-0.0048132931
0.0062273877
-0.0004120798
-0.0218274641
-0.0527594225
-0.0849090375
-0.1073208555
-0.1078605010
-0.0854944834
-0.0523774674
-0.0200771685
0.0041758902
0.0194444847
0.0273183378
0.0240185126
0.0080171884
-0.0127631141
-0.0249771750
-0.0218104485
-0.0085534682
0.0086547516
0.0275247471
0.0448340948
0.0543311436
0.0497510537
0.0288392122
-0.0059186076
-0.0450623809
-0.0782509731
-0.0922004956
-0.0818846390
-0.0663499323
-0.0612070932
-0.0637782768
-0.0659525028
-0.0637687696
-0.0547791746
-0.0371356805
-0.0109311036
0.0194667373
0.0466185081
0.0610688720
0.0633701375
0.0624218253
0.0613498096
0.0596846145
0.0586501096
0.0564202575
0.0476907715
0.0295246022
0.0041657040
-0.0213041653
-0.0318541858
-0.0296978201
-0.0383906119
-0.0637930327
-0.0890570076
-0.0993840367
-0.0955295729
-0.0803865047
-0.0567060044
-0.0281669284
0.0046677352
0.0399432364
0.0599132495
0.0574115224
0.0508037890
0.0510768405
0.0548467432
0.0554671892
0.0521882414
0.0488889341
0.0477026833
0.0488545396
0.0520524326
0.0571751942
0.0635295930
0.0696123163
0.0751327023
0.0817040949
0.0912075769
0.1076169764
0.1354746377
0.1747376993
0.2164552496
0.2460699246
0.2478886143
0.2148737730
0.1567244915
0.1012716737
0.0707704178
0.0607438228
0.0650132984
0.0916268715
0.1443226564
0.1984406395
0.2186314437
0.1916045771
0.1227975892
0.0302649528
-0.0544958024
-0.0988986503
-0.0887172625
-0.0421660341
-0.0038730570
-0.0002455607
-0.0140473728
-0.0180045073
-0.0062066101
0.0115073952
0.0246144881
0.0327881145
0.0449844340
0.0659151772
0.0923712191
0.1164966201
0.1322664206
0.1326304361
0.1131606777
0.0753864012
0.0272347461
-0.0252347848
-0.0748654552
-0.1057226693
-0.1090471767
-0.1003745059
-0.0993832498
-0.1097759404
-0.1213019179
-0.1186160747
-0.0953349154
-0.0633535838
-0.0391824126
-0.0278848968
-0.0234876429
-0.0160322240
0.0007131074
0.0234033893
0.0392939531
0.0359226326
0.0076638116
-0.0373047260
-0.0732324821
-0.0815193745
-0.0733774384
-0.0639692138
-0.0511700289
-0.0263221055
0.0053961217
0.0322908467
0.0513040407
0.0705905450
0.0924052556
0.1036614629
0.0949722593
0.0719507733
0.0469734473
0.0290704816
0.0165645649
0.0002263029
-0.0176640613
-0.0275467194
-0.0299051043
-0.0363379504
-0.0496436561
-0.0689760388
-0.0945652905
-0.1174158869
-0.1251471450
-0.1225654829
-0.1225295937
-0.1226998538
-0.1120577170
-0.0891761708
-0.0616762976
-0.0345233575
-0.0117175975
0.0031769333
0.0093973070
0.0062963683
-0.0020966523
-0.0134092750
-0.0293936931
-0.0522881445
-0.0808201065
-0.1053997334
-0.1007997980
-0.0621962839
-0.0169457152
0.0174797382
0.0466934368
0.0836297407
0.1236835311
0.1440431841
0.1282847240
0.0882916021
0.0439344484
0.0006605404
-0.0402605210
-0.0759396570
-0.1040349817
-0.1214385176
-0.1163334845
-0.0734784765
0.0065024613
0.0837147698
0.1153956133
0.1033870586
0.0681322110
0.0214933251
-0.0202833919
-0.0329693342
-0.0112932732
0.0273756285
0.0652699032
0.0909513156
0.0998447985
0.0994306895
0.0974355469
0.0941816152
0.0905369196
0.0898578241
0.0917657558
0.0912747060
0.0827033261
0.0635321790
0.0373839408
0.0149161367
0.0103478055
0.0254188399
0.0454907613
0.0574866610
0.0575995960
0.0464402304
0.0274374914
0.0102483944
0.0040153886
0.0115666594
0.0326556494
0.0646341294
0.0978546097
0.1180966345
0.1155145057
0.0888895363
0.0461122918
0.0029503753
-0.0287082449
-0.0492431087
-0.0629351989
-0.0681810277
-0.0554117748
-0.0161672423
0.0420968713
0.0922410923
0.1174165510
0.1285972738
0.1385791294
0.1423291460
0.1252559497
0.0822890855
0.0328131931
-0.0012600539
-0.0217741396
-0.0329690539
-0.0314610660
-0.0168554957
0.0003414764
0.0091349229
0.0125319791
0.0171922436
0.0267801558
0.0461924628
0.0698653020
0.0826150580
0.0784595618
0.0598133448
0.0310581094
0.0045308922
-0.0044131550
0.0041366047
0.0152780240
0.0139551027
-0.0031883623
-0.0268677015
-0.0440533198
-0.0477573213
-0.0400259966
-0.0270238687
-0.0123099286
0.0055906061
0.0316038481
0.0669386681
0.1032818122
0.1272773929
0.1402333330
0.1505765629
0.1561909821
0.1553589274
0.1508592223
0.1426408322
0.1265628730
0.0990013195
0.0567672243
0.0027187547
-0.0484680118
-0.0820981343
-0.0882200876
-0.0560804542
0.0177276557
0.1049699752
0.1636967130
0.1829071763
0.1787872417
0.1669456012
0.1513782792
0.1376407827
0.1317010692
0.1262811382
0.1117405697
0.0920937708
0.0707163984
0.0409732098
0.0040154562
-0.0258175471
-0.0316312540
-0.0017102081
0.0636827561
0.1372616424
0.1851130904
0.2001538262
0.1859855990
0.1411755251
0.0701392266
0.0014804808
-0.0393487982
-0.0585674484
-0.0694641319
-0.0722803891
-0.0556517091
-0.0109014200
0.0513011266
0.1007371776
0.1183633736
0.1079568293
0.0743028797
0.0156349754
-0.0565304986
-0.1127312668
-0.1321795979
-0.1262730944
-0.1203242024
-0.1198767539
-0.1168990147
-0.1113892756
-0.1090078521
-0.1098694858
-0.1116511057
-0.1158889659
-0.1273534588
-0.1494481114
-0.1787278184
-0.2048995042
-0.2198461336
-0.2215457440
-0.2116091010
-0.1950132910
-0.1730362903
-0.1403247138
-0.0921743318
-0.0280849410
0.0363877512
0.0635202699
0.0477965507
0.0305178266
0.0313698470
0.0298035587
0.0058106972
-0.0291672165
-0.0533282417
-0.0670335039
-0.0794128067
-0.0949792905
-0.1184673838
-0.1520446100
-0.1937109090
-0.2325125470
-0.2516689700
-0.2508091293
-0.2434519853
-0.2308475141
-0.2050192672
-0.1728321746
-0.1504212790
-0.1305792361
-0.0961349253
-0.0544762343
-0.0253739029
-0.0157846893
-0.0178277619
-0.0218317735
-0.0266536173
-0.0368930495
-0.0486217270
-0.0501867992
-0.0370579059
-0.0122740779
0.0183380470
0.0480269596
0.0661566339
0.0574266725
0.0198731603
-0.0306149177
-0.0788408214
-0.1135188899
-0.1288366638
-0.1326590849
-0.1327406554
-0.1273636916
-0.1197610043
-0.1188230300
-0.1259280301
-0.1342658636
-0.1373662418
-0.1334479774
-0.1209112072
-0.0917497753
-0.0337887349
0.0540627853
0.1487646042
0.2082562289
0.2073552202
0.1612098629
0.1134040374
0.0900344484
0.0715452008
0.0304360066
-0.0409160709
-0.1258045213
-0.1890475605
-0.2045097741
-0.1735496155
-0.1171824288
-0.0647628166
-0.0308580277
-0.0140580388
-0.0084839458
-0.0042783921
0.0056708887
0.0251299163
0.0552738962
0.0931193720
0.1292772209
0.1490503443
0.1370841455
0.0891287977
0.0267040186
-0.0181775747
-0.0311632116
-0.0009292354
0.0570957165
0.0994473673
0.1126234966
0.1067835025
0.0901733926
0.0682046698
0.0477569708
0.0339437166
0.0261857992
0.0199798811
0.0129720001
0.0054921564
-0.0002005109
-0.0009397751
0.0049024573
0.0159475538
0.0297583317
0.0448349911
0.0620243334
0.0818288978
0.1008877349
0.1147573401
0.1213312592
0.1213023905
0.1191374632
0.1198178349
0.1235111957
0.1232485847
0.1104028048
0.0819276387
0.0424585883
0.0015160186
-0.0282993228
-0.0420669485
-0.0463881482
-0.0472170757
-0.0466154488
-0.0493126221
-0.0587739769
-0.0722023323
-0.0846072669
-0.0923740110
-0.0940519328
-0.0928263562
-0.0947986560
-0.1020979135
-0.1108581910
-0.1154763720
-0.1149512318
-0.1116502885
-0.1059511966
-0.0970280958
-0.0866090850
-0.0767352852
-0.0669108394
-0.0582153704
-0.0567415620
-0.0704786937
-0.1030998453
-0.1491170808
-0.1986816706
-0.2379205226
-0.2508241351
-0.2412121713
-0.2291649814
-0.2200272967
-0.1993613896
-0.1585930593
-0.1048309486
-0.0444611906
0.0172337483
0.0724989078
0.1237903074
0.1766882742
0.2234188850
0.2398007955
0.2010516947
0.1059392703
0.0030995987
-0.0509989304
-0.0568981867
-0.0456612930
-0.0306444123
-0.0075145639
0.0192808804
0.0341899496
0.0319532094
0.0218314964
0.0110452151
-0.0018034592
-0.0209025631
-0.0440695045
-0.0647992762
-0.0749324079
-0.0677474525
-0.0481249162
-0.0264125058
-0.0043026324
0.0219086408
0.0495272011
0.0632620705
0.0467669480
0.0085845601
-0.0236964704
-0.0377450260
-0.0410393523
-0.0393450127
-0.0334787067
-0.0292845147
-0.0331732209
-0.0438486869
-0.0548507938
-0.0616522329
-0.0636527653
-0.0608814214
-0.0540533724
-0.0454423274
-0.0387849831
-0.0374442937
-0.0416639667
-0.0483051878
-0.0530338339
-0.0534462655
-0.0482937928
-0.0363536162
-0.0158288826
0.0134203983
0.0475663349
0.0791665590
0.1014902001
0.1057558301
0.0815936781
0.0299969846
-0.0269848383
-0.0662132288
-0.0834975708
-0.0744152179
-0.0407638845
-0.0066109902
0.0072236325
0.0027977513
-0.0069651990
-0.0117153128
-0.0069415901
0.0059083929
0.0213334168
0.0325268411
0.0334042923
0.0221426925
0.0051139862
-0.0086854860
-0.0165972707
-0.0212048380
-0.0243888281
-0.0250336629
-0.0233223245
-0.0242971700
-0.0327879195
-0.0489610674
-0.0708355931
-0.0950047854
-0.1150712305
-0.1248081511
-0.1213958390
-0.1081792023
-0.0920199209
-0.0752774557
-0.0564915840
-0.0381449304
-0.0263839912
-0.0253818688
-0.0340525933
-0.0469429338
-0.0579589529
-0.0628071413
-0.0607051365
-0.0530976278
-0.0423210335
-0.0293821832
-0.0142580872
0.0012622704
0.0113065398
0.0078973383
-0.0142838198
-0.0521005700
-0.0911452714
-0.1136706861
-0.1080176453
-0.0778820168
-0.0393946853
-0.0040072338
0.0268924618
0.0516466443
0.0556303523
0.0294366530
-0.0122140915
-0.0491961853
-0.0781622203
-0.1007528851
-0.1126580687
-0.1138359038
-0.1124245255
-0.1150300177
-0.1181731302
-0.1171883287
-0.1120679428
-0.1011729512
-0.0807282644
-0.0490279187
-0.0096211567
0.0277241698
0.0470817144
0.0382851956
0.0041044965
-0.0476814530
-0.0998626705
-0.1345749598
-0.1390154201
-0.1143843875
-0.0840684701
-0.0653639198
-0.0579423427
-0.0520099497
-0.0368725942
-0.0108358146
0.0207131782
0.0511947050
0.0667123472
0.0638550439
0.0562807218
0.0494501942
0.0386459062
0.0267991680
0.0218582990
0.0236620760
0.0275931746
0.0334169389
0.0451812078
0.0653689990
0.0924541380
0.1222314881
0.1490316056
0.1674906431
0.1710015594
0.1547034844
0.1242195504
0.0949095997
0.0810880613
0.0856799183
0.0993710838
0.1092849854
0.1076379319
0.0928754675
0.0678707535
0.0379357640
0.0107557998
-0.0048122461
-0.0022980875
0.0157056088
0.0431813537
0.0783490004
0.1117710680
0.1181481109
0.0895298407
0.0443957902
-0.0068141654
-0.0603327964
-0.1098802169
-0.1443178850
-0.1531287847
-0.1394834800
-0.1204274488
-0.1143972139
-0.1234223676
-0.1337970344
-0.1346615106
-0.1280870634
-0.1171787935
-0.0995558575
-0.0766625965
-0.0543781912
-0.0394008211
-0.0339110036
-0.0335874045
-0.0342892784
-0.0344671973
-0.0324266937
-0.0254814765
-0.0111440157
0.0112802892
0.0393294025
0.0672749888
0.0887696285
0.0964264761
0.0825177237
0.0451956863
-0.0040180195
-0.0501092975
-0.0856578620
-0.0920223072
-0.0594077746
-0.0122075037
0.0221360209
0.0376343375
0.0412119298
0.0379209210
0.0272922993
0.0058607319
-0.0258913398
-0.0564754308
-0.0712124240
-0.0621584017
-0.0406081523
-0.0287955668
-0.0282478447
-0.0261331343
-0.0156386873
-0.0014161851
0.0120801170
0.0248841456
0.0399834168
0.0589465071
0.0789365924
0.0965669364
0.1121896807
0.1277756411
0.1422480995
0.1479731021
0.1344486722
0.0976204161
0.0509586378
0.0169296445
-0.0002348348
-0.0131474813
-0.0233681929
-0.0160797990
0.0129261653
0.0373140873
0.0324894145
0.0035850814
-0.0298029566
-0.0528351354
-0.0612154391
-0.0589878127
-0.0517520487
-0.0432872274
-0.0353353213
-0.0305471778
-0.0292934430
-0.0288090880
-0.0271257911
-0.0245215307
-0.0213823800
-0.0176311822
-0.0113093599
0.0002943869
0.0197373985
0.0467065503
0.0780245825
0.1069676935
0.1286047652
0.1350831405
0.1131240491
0.0582990508
-0.0073372155
-0.0557074932
-0.0843517335
-0.1092190567
-0.1394041732
-0.1653566280
-0.1635448485
-0.1127338487
-0.0150041384
0.0809887154
0.1225363779
0.1109187332
0.0757869757
0.0396737836
0.0146772989
0.0007610242
-0.0077818208
-0.0138859176
-0.0228120034
-0.0398256577
-0.0565434664
-0.0651303068
-0.0700997106
-0.0723889162
-0.0666386650
-0.0473479217
-0.0188846241
0.0136861662
0.0546976664
0.0998118860
0.1361658180
0.1405650475
0.0932209899
0.0148001445
-0.0480727804
-0.0721886871
-0.0762459939
-0.0818606494
-0.0882977176
-0.0806538599
-0.0509777084
-0.0111865067
0.0132311188
0.0127119687
0.0007252414
-0.0073908570
-0.0095749428
-0.0106819916
-0.0109563736
-0.0067395923
0.0003257057
0.0062650859
0.0100722424
0.0149316998
0.0247754563
0.0425509724
0.0672924091
0.0915610446
0.1010202811
0.0945890619
0.0855581474
0.0779538422
0.0675098396
0.0576707440
0.0561585297
0.0625488191
0.0707951854
0.0770010729
0.0803354869
0.0802463246
0.0792010770
0.0853819711
0.1046966659
0.1351007075
0.1690347666
0.1948657013
0.1984777772
0.1771239551
0.1443096178
0.1192657187
0.1137330719
0.1226305901
0.1295948263
0.1233025396
0.1043978070
0.0807433835
0.0540555086
0.0221367563
-0.0060685899
-0.0200697402
-0.0234711620
-0.0205965292
-0.0106085262
0.0016597335
0.0128939142
0.0272029036
0.0510606011
0.0813083353
0.1061576790
0.1145931692
0.0996763754
0.0616367140
0.0156756623
-0.0126745656
-0.0095148483
0.0209121168
0.0664547559
0.1072522972
0.1257459987
0.1230591323
0.1082768453
0.0846588427
0.0486823433
0.0066361425
-0.0214337595
-0.0267745064
-0.0194048051
-0.0083983520
0.0078522887
0.0290460270
0.0439090565
0.0423591506
0.0246164916
-0.0059105720
-0.0449912193
-0.0852015866
-0.1200662876
-0.1426298780
-0.1426427311
-0.1196914321
-0.0945183774
-0.0859189995
-0.0901160855
-0.0955041449
-0.0961275668
-0.0909189954
-0.0793547162
-0.0609776206
-0.0393170696
-0.0201079172
-0.0054558957
0.0080481499
0.0227201270
0.0347928894
0.0403318793
0.0421233493
0.0473740984
0.0592416435
0.0761413911
0.0955399250
0.1146509022
0.1327726974
0.1486228894
0.1563540765
0.1526159568
0.1436092658
0.1409262254
0.1502983905
0.1690726796
0.1920398009
0.2125557749
0.2217718138
0.2131073938
0.1878410625
0.1573089100
0.1421869153
0.1494508370
0.1629716516
0.1708915848
0.1776600263
0.1927876224
0.2164378597
0.2375735320
0.2480208455
0.2519967167
0.2558786791
0.2592839462
0.2554325196
0.2382900637
0.2096971716
0.1766400754
0.1440178424
0.1216186536
0.1135819859
0.1082663853
0.0992472199
0.0903641249
0.0823854766
0.0724241744
0.0605279255
0.0498819715
0.0438132704
0.0436297912
0.0482217662
0.0566480356
0.0698408769
0.0835629420
0.0906322135
0.0902014993
0.0843132347
0.0705928416
0.0426458226
-0.0006988609
-0.0524450186
-0.1028986980
-0.1355571349
-0.1402553852
-0.1338497210
-0.1367045864
-0.1481062640
-0.1597545709
-0.1712788571
-0.1841673786
-0.1970945634
-0.2080855551
-0.2154241133
-0.2161829575
-0.2118454715
-0.2102371098
-0.2188281623
-0.2405091153
-0.2704232917
-0.2985879253
-0.3186172681
-0.3317616623
-0.3435152820
-0.3549019064
-0.3629203558
-0.3682570923
-0.3752037966
-0.3858344510
-0.4000338889
-0.4151467729
-0.4268868837
-0.4300618054
-0.4274949669
-0.4284579313
-0.4356638990
-0.4462062859
-0.4580800762
-0.4691784845
-0.4754732844
-0.4713801803
-0.4553529308
-0.4324461816
-0.4114384547
-0.3974447998
-0.3844359159
-0.3639153985
-0.3380378161
-0.3175650604
-0.3062933460
-0.2981361610
-0.2845639758
-0.2634234685
-0.2421177137
-0.2248527002
-0.2076366742
-0.1885350058
-0.1702436430
-0.1564937899
-0.1446539075
-0.1308294337
-0.1179477796
-0.1072100720
-0.0958142202
-0.0827046986
-0.0699675200
-0.0592613317
-0.0503849724
-0.0410982660
-0.0284500009
-0.0111737369
0.0089901856
0.0292862110
0.0503502747
0.0711183470
0.0872573908
0.1003255933
0.1137633409
0.1274487834
0.1423843901
0.1610472915
0.1825718493
0.2046277237
0.2262093917
0.2462656824
0.2595728588
0.2645327154
0.2636233456
0.2559676357
0.2392441891
0.2168381069
0.1936840072
0.1706058827
0.1475989964
0.1309150463
0.1250323005
0.1257043226
0.1302909673
0.1359978067
0.1400444438
0.1438171747
0.1498033400
0.1583427176
0.1684629299
0.1780540823
0.1834365521
0.1813468034
0.1722808949
0.1587699881
0.1446991990
0.1332750789
0.1261946380
0.1229131853
0.1230545662
0.1257730485
0.1278836452
0.1280237667
0.1271914489
0.1249509575
0.1197433518
0.1126706174
0.1065252630
0.1020951455
0.0983321108
0.0942935625
0.0904335028
0.0883278322
0.0891971237
0.0933143049
0.1004665479
0.1088258435
0.1169694228
0.1241228779
0.1289676402
0.1304546030
0.1291067219
0.1276257533
0.1295330574
0.1355844145
0.1421392649
0.1430039601
0.1331426982
0.1106298730
0.0784823551
0.0442595145
0.0200376643
0.0091460234
0.0072292555
0.0127494030
0.0232042800
0.0354143911
0.0463862373
0.0558576945
0.0670206602
0.0809588076
0.0978738983
0.1203054944
0.1448924242
0.1648453948
0.1745869611
0.1724751834
0.1595942897
0.1352191580
0.1044054861
0.0790617090
0.0648473656
0.0638265924
0.0772860251
0.0984266223
0.1154360695
0.1217328005
0.1200225576
0.1187682722
0.1229674952
0.1313095204
0.1393404122
0.1449180123
0.1519316536
0.1650015576
0.1822118728
0.1973113769
0.2050033477
0.2034078618
0.1905789516
0.1691639770
0.1447572752
0.1139799302
0.0729285493
0.0324181655
0.0060192663
-0.0042551482
0.0025595558
0.0250217912
0.0477076671
0.0600877168
0.0682239941
0.0887849779
0.1328476126
0.1901194879
0.2318421936
0.2328043807
0.1884958642
0.1160942032
0.0453856398
-0.0039500203
-0.0260375416
-0.0227924900
-0.0114232016
-0.0051513104
-0.0016702142
0.0013945043
0.0058767379
0.0180159024
0.0448592167
0.0873949872
0.1331233159
0.1612868994
0.1610579486
0.1362483933
0.0943164032
0.0524376928
0.0285531801
0.0247044802
0.0301786516
0.0343924119
0.0343029293
0.0333902711
0.0333632115
0.0316121123
0.0272429718
0.0216683480
0.0162201960
0.0100713483
0.0034781102
0.0001316488
0.0042516861
0.0162915234
0.0316947392
0.0443860735
0.0544441411
0.0698387720
0.0918776313
0.1091739880
0.1119186728
0.1016349085
0.0852018927
0.0650453297
0.0418932316
0.0181049923
-0.0012916015
-0.0127582198
-0.0207046133
-0.0291691103
-0.0356136102
-0.0379355541
-0.0338082152
-0.0233798229
-0.0126269904
-0.0063029831
-0.0050201871
-0.0079286201
-0.0169645336
-0.0349221910
-0.0600134902
-0.0834744561
-0.1001387353
-0.1150873299
-0.1333946952
-0.1482335470
-0.1566238141
-0.1657263647
-0.1748048520
-0.1775037662
-0.1728589260
-0.1654411288
-0.1601199000
-0.1578497291
-0.1539067784
-0.1462759124
-0.1376765729
-0.1299644429
-0.1214819795
-0.1112113563
-0.1002155560
-0.0892414573
-0.0780190137
-0.0677236569
-0.0603131435
-0.0555066876
-0.0515670226
-0.0457728633
-0.0382248449
-0.0346295761
-0.0395044274
-0.0520849653
-0.0700476459
-0.0883299626
-0.1049830072
-0.1221629505
-0.1362349146
-0.1448656506
-0.1474036681
-0.1402521972
-0.1261164170
-0.1122106807
-0.1019820340
-0.0922409944
-0.0763753416
-0.0575461311
-0.0446515564
-0.0401322730
-0.0389158453
-0.0340801901
-0.0234998067
-0.0097199746
0.0043668455
0.0164425144
0.0266431030
0.0366049771
0.0482599110
0.0617960346
0.0757570987
0.0855446068
0.0838001113
0.0682059672
0.0447241749
0.0229954971
0.0034180128
-0.0179211142
-0.0315610489
-0.0315853514
-0.0288054899
-0.0287637009
-0.0222559735
-0.0010727023
0.0268591725
0.0491611104
0.0632325548
0.0622827611
0.0387497503
0.0002199916
-0.0359026682
-0.0632721902
-0.0890827620
-0.1130594958
-0.1221233687
-0.1094397460
-0.0926068605
-0.0901267357
-0.0993176249
-0.1098456102
-0.1162071048
-0.1173194470
-0.1138900272
-0.1083844199
-0.0985585841
-0.0762749820
-0.0418663408
-0.0080821022
0.0126409030
0.0153930833
0.0042421078
-0.0089409698
-0.0166924391
-0.0201750639
-0.0218533846
-0.0236283220
-0.0265027869
-0.0282902006
-0.0257803569
-0.0175672983
-0.0065816508
0.0010787126
0.0023011044
-0.0009006128
-0.0059536098
-0.0117395391
-0.0172109502
-0.0207603930
-0.0226879561
-0.0263707859
-0.0355826041
-0.0508205281
-0.0684036783
-0.0796039885
-0.0785001189
-0.0676957938
-0.0523277089
-0.0353120418
-0.0169688788
0.0038895506
0.0287737724
0.0617204190
0.1086609369
0.1660967985
0.2115704389
0.2158611091
0.1727972119
0.1144387620
0.0759796258
0.0587266024
0.0575869093
0.0687655718
0.0792403887
0.0806518176
0.0740616541
0.0656810316
0.0618694371
0.0662046686
0.0734698089
0.0730688687
0.0550361926
0.0160730768
-0.0360239523
-0.0808773100
-0.0996593434
-0.0867308094
-0.0547649077
-0.0267487021
-0.0080300868
0.0132713751
0.0390521853
0.0596509844
0.0727027179
0.0796487869
0.0766066056
0.0607336368
0.0379776888
0.0193141947
0.0078935706
0.0000459135
-0.0038528680
-0.0019630336
0.0041551114
0.0102496663
0.0124039648
0.0094981891
0.0021749240
-0.0078868096
-0.0183314257
-0.0257257484
-0.0277424782
-0.0254617537
-0.0230331472
-0.0253352154
-0.0367700207
-0.0596483818
-0.0905901778
-0.1191636706
-0.1369658483
-0.1379598722
-0.1150449738
-0.0805638747
-0.0611095115
-0.0585274093
-0.0549520260
-0.0458911843
-0.0386037551
-0.0345235655
-0.0327831759
-0.0345662234
-0.0391861520
-0.0444407536
-0.0496078357
-0.0553083734
-0.0625358807
-0.0710792770
-0.0789966102
-0.0847548110
-0.0918695348
-0.1074528999
-0.1338636922
-0.1605826022
-0.1726494949
-0.1639308758
-0.1381980146
-0.1078211677
-0.0860355833
-0.0731040004
-0.0575295293
-0.0331165373
-0.0052455823
0.0197203368
0.0401241465
0.0559281101
0.0650519955
0.0657891418
0.0613160374
0.0562665318
0.0499651680
0.0386893510
0.0216384508
-0.0003998540
-0.0238287189
-0.0387641421
-0.0419857996
-0.0401674434
-0.0381836405
-0.0366801930
-0.0347054891
-0.0339460616
-0.0335527695
-0.0271449033
-0.0085309400
0.0223861350
0.0574249326
0.0843218902
0.0896892773
0.0754376620
0.0635703079
0.0646093975
0.0699388225
0.0683826831
0.0601649428
0.0478338988
0.0301939291
0.0091919801
-0.0104850563
-0.0263889038
-0.0394061291
-0.0510505798
-0.0530982505
-0.0401606442
-0.0202802498
0.0011766438
0.0240089026
0.0518641617
0.0868824977
0.1204907321
0.1359630841
0.1300982872
0.1119282435
0.0826219187
0.0483175033
0.0171448586
-0.0153029493
-0.0482238579
-0.0684312006
-0.0671462067
-0.0537803832
-0.0508382717
-0.0645290552
-0.0820546405
-0.0953882451
-0.1030716066
-0.1005695691
-0.0877109723
-0.0723810040
-0.0608182661
-0.0532811318
-0.0460439359
-0.0348546707
-0.0177099766
0.0021292979
0.0173003299
0.0226941790
0.0160597627
-0.0031458158
-0.0255546863
-0.0388394967
-0.0432990806
-0.0443173266
-0.0410965643
-0.0349257672
-0.0343709060
-0.0427391696
-0.0574676576
-0.0753793777
-0.0943675567
-0.1098247732
-0.1180052866
-0.1177982568
-0.1119085131
-0.1067250188
-0.1050506748
-0.1056787296
-0.1070018066
-0.1085245812
-0.1096836409
-0.1095262662
-0.1075368173
-0.1027871919
-0.0944062489
-0.0826831765
-0.0678508983
-0.0500968179
-0.0320737760
-0.0168894556
-0.0052068686
0.0037686128
0.0097935896
0.0120639064
0.0102325851
0.0072586809
0.0089673993
0.0180118955
0.0332279471
0.0518085304
0.0695509943
0.0808266673
0.0811335666
0.0708871489
0.0543653021
0.0377411130
0.0259713610
0.0187830841
0.0143697500
0.0147108765
0.0215925242
0.0310919573
0.0358995380
0.0309019126
0.0163004776
-0.0025771012
-0.0185373301
-0.0255852483
-0.0204453110
-0.0054292852
0.0128571478
0.0302455611
0.0450642287
0.0570895468
0.0650799500
0.0663190020
0.0634775669
0.0632504844
0.0690507655
0.0798330841
0.0935239207
0.1065280409
0.1119840962
0.1051448931
0.0901992051
0.0745446725
0.0576798194
0.0363456775
0.0174353856
0.0129313638
0.0247909128
0.0426813974
0.0577970137
0.0674596841
0.0723185160
0.0748744802
0.0743783395
0.0649930123
0.0511607207
0.0477644666
0.0575187033
0.0713022821
0.0794982664
0.0776695870
0.0643359630
0.0413992659
0.0155169023
-0.0019646421
-0.0092689679
-0.0126040531
-0.0100864925
0.0008635524
0.0140100984
0.0210551756
0.0212581935
0.0187881901
0.0167353647
0.0140657587
0.0080594845
-0.0020331023
-0.0118478026
-0.0171332092
-0.0181655689
-0.0183748201
-0.0225771354
-0.0313671373
-0.0408452162
-0.0471729561
-0.0477883630
-0.0426180630
-0.0362663852
-0.0335960448
-0.0351090126
-0.0390769435
-0.0436513851
-0.0464763689
-0.0455996644
-0.0403485080
-0.0326756702
-0.0261345248
-0.0231312505
-0.0239625272
-0.0271641974
-0.0305386273
-0.0327292051
-0.0300758632
-0.0173429568
0.0051609256
0.0302811512
0.0484444973
0.0497092311
0.0347642973
0.0155027688
0.0007776545
-0.0116254072
-0.0317385816
-0.0618644746
-0.0895625185
-0.1004104137
-0.0972117117
-0.0920865677
-0.0893423902
-0.0878589694
-0.0861707383
-0.0834492281
-0.0766365282
-0.0620901393
-0.0387475084
-0.0122985778
0.0051520346
0.0020066644
-0.0160329541
-0.0312531560
-0.0366019057
-0.0346115457
-0.0298846779
-0.0257385659
-0.0231120071
-0.0206273180
-0.0166897837
-0.0110589487
-0.0032407901
0.0087705822
0.0236367158
0.0391762625
0.0576449648
0.0817331229
0.1092373556
0.1345862739
0.1538186086
0.1644015821
0.1614771436
0.1422289801
0.1131573416
0.0868384176
0.0707379021
0.0688938580
0.0815696254
0.0983498721
0.1097475457
0.1143009754
0.1146425475
0.1129427883
0.1114791287
0.1100988289
0.1060761933
0.0959262045
0.0800173331
0.0603761878
0.0381496072
0.0140008795
-0.0051603110
-0.0091838360
0.0019025492
0.0208992337
0.0467066985
0.0798007287
0.1207007656
0.1705357764
0.2168574439
0.2207715375
0.1726895766
0.1145776338
0.0725936492
0.0393858204
0.0051436581
-0.0153046521
-0.0156526074
-0.0114041261
-0.0076677513
-0.0009496424
0.0068317205
0.0092210374
0.0037497253
-0.0040568663
-0.0071718351
-0.0024588681
0.0091711228
0.0242908103
0.0391404833
0.0500635625
0.0561690684
0.0598693131
0.0602327398
0.0534058740
0.0412839956
0.0318159051
0.0271247404
0.0225956709
0.0147770531
0.0042593348
-0.0086553174
-0.0225341663
-0.0316463312
-0.0341412876
-0.0348036707
-0.0350652765
-0.0329793391
-0.0276880568
-0.0202423975
-0.0119201358
-0.0008923710
0.0137775550
0.0260728031
0.0302917858
0.0275571451
0.0196798983
0.0060906587
-0.0123309925
-0.0305447440
-0.0401573118
-0.0396801995
-0.0338393070
-0.0261664815
-0.0184451437
-0.0103730404
0.0001311619
0.0158572236
0.0339530115
0.0458246937
0.0477229673
0.0427077138
0.0350572245
0.0259823714
0.0154341297
0.0046769190
-0.0045370005
-0.0104210533
-0.0124749653
-0.0148214575
-0.0235626714
-0.0392221268
-0.0527844656
-0.0564064830
-0.0530559052
-0.0470320942
-0.0384189651
-0.0276646449
-0.0175111049
-0.0078975637
0.0020030039
0.0096348462
0.0103227478
0.0001458639
-0.0206374875
-0.0452523808
-0.0644980459
-0.0732421458
-0.0727758925
-0.0683568433
-0.0648961879
-0.0644310119
-0.0661160097
-0.0652959140
-0.0547944658
-0.0265493695
0.0242990436
0.0895914230
0.1476211159
0.1842619486
0.2025362671
0.2066530836
0.1950147117
0.1719043002
0.1441361612
0.1088026400
0.0699423155
0.0418034253
0.0250908644
0.0063387737
-0.0234617338
-0.0600208814
-0.0902221103
-0.0979329897
-0.0715817844
-0.0158461215
0.0341381975
0.0422015794
0.0126742409
-0.0266702274
-0.0574476785
-0.0735997036
-0.0744177772
-0.0660822647
-0.0550565893
-0.0440840645
-0.0354499669
-0.0330001591
-0.0366316624
-0.0408131567
-0.0409854966
-0.0376908576
-0.0299808289
-0.0133905735
0.0128354843
0.0429327282
0.0686902549
0.0865440704
0.0922437126
0.0759735045
0.0324090927
-0.0272133447
-0.0844200502
-0.1272216133
-0.1438742991
-0.1301405236
-0.0954503030
-0.0548468182
-0.0153317662
0.0234210294
0.0584738202
0.0690413142
0.0348657157
-0.0343550342
-0.0961953879
-0.1187668872
-0.1093082956
-0.0886685102
-0.0726698591
-0.0675512837
-0.0681824333
-0.0649007294
-0.0562950306
-0.0494115364
-0.0493890696
-0.0573518304
-0.0712223071
-0.0826720147
-0.0829719527
-0.0724203859
-0.0561991726
-0.0386226616
-0.0187613694
0.0063094703
0.0362352248
0.0672293566
0.0952082347
0.1129714728
0.1246091290
0.1371595022
0.1332280573
0.0931751433
0.0279123166
-0.0352390114
-0.0862688862
-0.1254891591
-0.1519289379
-0.1637911354
-0.1590669990
-0.1403963438
-0.1270897932
-0.1355037636
-0.1529701905
-0.1572260990
-0.1406577235
-0.1095228773
-0.0730112305
-0.0464610685
-0.0382814547
-0.0385786382
-0.0389891985
-0.0408074578
-0.0473316020
-0.0548846113
-0.0554022341
-0.0477678185
-0.0379054398
-0.0307541104
-0.0271787602
-0.0269845458
-0.0319818664
-0.0454838590
-0.0685058710
-0.0957016589
-0.1137194902
-0.1145362924
-0.1053752556
-0.0948662440
-0.0867114423
-0.0822399486
-0.0803434675
-0.0783882064
-0.0755912665
-0.0724215136
-0.0671066437
-0.0552654892
-0.0337184446
-0.0037364213
0.0289666890
0.0565988544
0.0676534464
0.0605565511
0.0501227970
0.0435354077
0.0386325083
0.0361799031
0.0390528406
0.0468705033
0.0571677927
0.0670648267
0.0742317550
0.0797845038
0.0890158902
0.1051214793
0.1259418535
0.1445421897
0.1551280058
0.1535091917
0.1395860758
0.1186285783
0.0964912215
0.0733912649
0.0483729415
0.0280242222
0.0213562311
0.0301740518
0.0464218664
0.0617219419
0.0695864873
0.0635780235
0.0424022659
0.0096150319
-0.0258719498
-0.0560704793
-0.0710297936
-0.0655129316
-0.0510883481
-0.0371328886
-0.0235885175
-0.0078605656
0.0102751215
0.0289461966
0.0437208917
0.0504250973
0.0459132388
0.0322365935
0.0172762245
0.0084376683
0.0079029721
0.0125085392
0.0207158427
0.0347536102
0.0558708031
0.0808629469
0.1035831424
0.1136631722
0.1008133794
0.0632507905
0.0154049715
-0.0187939940
-0.0330619900
-0.0405541737
-0.0489044315
-0.0486722886
-0.0238132535
0.0315945051
0.0986293103
0.1465868983
0.1674275197
0.1755289131
0.1813627915
0.1832731560
0.1797899636
0.1737390090
0.1647728141
0.1525228748
0.1376849526
0.1177134481
0.0970073436
0.0867092014
0.0961294223
0.1182669499
0.1341164682
0.1359234017
0.1264667691
0.1108419335
0.0926050117
0.0760519319
0.0615352691
0.0462927344
0.0360892836
0.0387296718
0.0492717702
0.0591254150
0.0677670976
0.0783093978
0.0927822522
0.1126030069
0.1369495309
0.1640616786
0.1918185329
0.2104464585
0.2102175586
0.1934747147
0.1654058585
0.1283302377
0.0922009360
0.0664021222
0.0461392858
0.0252719308
0.0046252839
-0.0131145173
-0.0267768493
-0.0367711824
-0.0446314873
-0.0541676616
-0.0671169818
-0.0762982741
-0.0728372886
-0.0561832465
-0.0391350821
-0.0349183781
-0.0431845866
-0.0564147133
-0.0674997689
-0.0707255050
-0.0639277598
-0.0491410392
-0.0285491330
-0.0025795401
0.0242309330
0.0395220016
0.0340492149
0.0144650817
-0.0064355256
-0.0210949919
-0.0277978491
-0.0330870218
-0.0436612840
-0.0586562020
-0.0756223853
-0.0928486025
-0.1084993374
-0.1235523256
-0.1363168290
-0.1425505075
-0.1448595388
-0.1489749457
-0.1578017195
-0.1698812944
-0.1803990160
-0.1838536113
-0.1768402534
-0.1603716024
-0.1419197755
-0.1286439591
-0.1202171766
-0.1135303563
-0.1081521293
-0.1066544993
-0.1113354096
-0.1200312711
-0.1249341873
-0.1197157888
-0.1060440063
-0.0891161045
-0.0728224380
-0.0572958693
-0.0415826451
-0.0271501032
-0.0141843891
-0.0009201971
0.0105157229
0.0189883636
0.0269934842
0.0315601682
0.0252354816
0.0065048412
-0.0193010458
-0.0456042048
-0.0658490305
-0.0644111381
-0.0375886611
-0.0048267077
0.0213645459
0.0435950747
0.0610131877
0.0677850549
0.0633054005
0.0463356054
0.0136693670
-0.0260237377
-0.0523082424
-0.0558519267
-0.0425961391
-0.0201375947
0.0037140673
0.0202790877
0.0254938182
0.0182357629
0.0101853027
0.0014649725
-0.0075657375
-0.0171110663
-0.0235744894
-0.0239979121
-0.0210634905
-0.0190741775
-0.0211515295
-0.0294505945
-0.0437755332
-0.0597253400
-0.0717115783
-0.0757185080
-0.0715407736
-0.0642844215
-0.0580451080
-0.0540136791
-0.0520438704
-0.0501542383
-0.0459095895
-0.0392946205
-0.0318485383
-0.0229206751
-0.0115698996
0.0010415320
0.0138500024
0.0265189888
0.0380124836
0.0446939735
0.0453605433
0.0436866862
0.0434987457
0.0459859808
0.0501440619
0.0555000960
0.0606364442
0.0602766144
0.0467338910
0.0164298826
-0.0228932522
-0.0562190895
-0.0780663695
-0.0953368590
-0.1122207073
-0.1224728272
-0.1147583617
-0.0834207301
-0.0393332463
-0.0049656032
0.0107562443
0.0176855566
0.0243393296
0.0274477534
0.0181924415
-0.0079581122
-0.0431336135
-0.0748369644
-0.0998620027
-0.1144159025
-0.1118562279
-0.0974049123
-0.0845322818
-0.0793476175
-0.0770993670
-0.0703901550
-0.0546304241
-0.0265568189
0.0103758465
0.0387788742
0.0348111081
0.0028160726
-0.0298448420
-0.0496772038
-0.0567383143
-0.0553960456
-0.0515224000
-0.0487202071
-0.0471071168
-0.0472831461
-0.0518998665
-0.0616375891
-0.0736013346
-0.0839624099
-0.0887027384
-0.0874620131
-0.0840667300
-0.0793238333
-0.0705725641
-0.0578181382
-0.0471069222
-0.0394987995
-0.0270894243
-0.0082884811
0.0107349297
0.0255216948
0.0323925789
0.0295939384
0.0249734039
0.0265029317
0.0322989969
0.0377191351
0.0393166003
0.0341010313
0.0210970311
0.0032857808
-0.0152537763
-0.0288280726
-0.0348221096
-0.0339061492
-0.0261633667
-0.0176465592
-0.0140494995
-0.0143506977
-0.0148426319
-0.0131618545
-0.0073226615
0.0033762639
0.0158536178
0.0261058442
0.0347852928
0.0428168835
0.0481564758
0.0531974588
0.0612968637
0.0734831300
0.0921617849
0.1138201788
0.1282199270
0.1302328808
0.1248575523
0.1174005377
0.1047844237
0.0817206640
0.0514962352
0.0250000282
0.0114985291
0.0125891756
0.0243523919
0.0395046138
0.0509696197
0.0553516452
0.0534342056
0.0495331405
0.0461073748
0.0404053693
0.0274203113
0.0061545522
-0.0173564857
-0.0323747569
-0.0309132752
-0.0175544576
-0.0049908932
0.0012801693
0.0035086965
0.0045640134
0.0073289046
0.0127922686
0.0194315316
0.0264668979
0.0336176177
0.0403129475
0.0464603192
0.0520382296
0.0554534209
0.0552923252
0.0528679149
0.0514663612
0.0531907055
0.0576475043
0.0634830726
0.0697068998
0.0763770944
0.0836491395
0.0904319414
0.0946678844
0.0945779046
0.0911485271
0.0849942684
0.0724094780
0.0505359994
0.0242959145
0.0024604750
-0.0127844053
-0.0263609687
-0.0420404248
-0.0569792927
-0.0629921887
-0.0515657797
-0.0209391867
0.0158673728
0.0381438297
0.0387469298
0.0265013371
0.0122411008
0.0029595001
0.0007135169
0.0030884961
0.0064816853
0.0072628278
0.0036077373
-0.0044778513
-0.0160730586
-0.0290325368
-0.0398329859
-0.0474208302
-0.0489434275
-0.0444431021
-0.0419471872
-0.0454585084
-0.0520582740
-0.0580820921
-0.0623428860
-0.0644928948
-0.0637702839
-0.0593587151
-0.0518466262
-0.0433203866
-0.0352256900
-0.0273218438
-0.0205312699
-0.0168175955
-0.0163460643
-0.0184574864
-0.0218744692
-0.0247781078
-0.0269594121
-0.0291911378
-0.0315659621
-0.0329180799
-0.0323425438
-0.0303523577
-0.0276376075
-0.0247676982
-0.0225354557
-0.0208629470
-0.0187251723
-0.0152822825
-0.0105315190
-0.0050586407
-0.0000274579
0.0028517932
0.0020102817
-0.0018608287
-0.0065828323
-0.0110170749
-0.0148243613
-0.0163903673
-0.0140250465
-0.0096938502
-0.0066768141
-0.0055063978
-0.0049202190
-0.0040797588
-0.0028410174
-0.0011364396
0.0009507743
0.0033115100
0.0059602469
0.0087922186
0.0115627857
0.0139918540
0.0155158046
0.0162121636
0.0171701146
0.0189107812
0.0210930489
0.0235601527
0.0263384850
0.0287571292
0.0299303087
0.0299406668
0.0285489597
0.0253698407
0.0213732738
0.0177147966
0.0143967462
0.0111146451
0.0082237811
0.0066535151
0.0066788774
0.0071338611
0.0074857500
0.0080371443
0.0086469119
0.0088945712
0.0084602984
0.0072147073
0.0053836796
0.0035623102
0.0024680343
0.0026429457
0.0039739436
0.0056454970
0.0069975113
0.0079196630
0.0084780672
0.0085339767
0.0081546741
0.0077265942
0.0074596337
0.0073354134
0.0072613766
0.0071174387
0.0067839237
0.0062602807
0.0056973863
0.0053587628
0.0054581721
0.0059550895
0.0066198693
0.0072781638
0.0078517412
0.0081991062
0.0081135502
0.0075689706
0.0066862616
0.0056165907
0.0045868610
0.0039442548
0.0038722251
0.0041279493
0.0043202092
0.0043905982
0.0045027761
0.0046331770
0.0047175484
0.0048337772
0.0050627058
0.0053681978
0.0056781994
0.0059460011
0.0061444802
0.0062610301
0.0063150200
0.0063568460
0.0064228072
0.0065042441
0.0065859711
0.0066582734
0.0067165560
0.0067624512
0.0068035402
0.0068376568
0.0068501985
0.0068276274
0.0067683197
0.0066809868
0.0065931270
0.0065327628
0.0065079490
0.0065047384
0.0065051653
0.0064977933
0.0064781314
0.0064426671
0.0063873710
0.0063092564
0.0062146359
0.0061170584
0.0060329958
0.0059723857
0.0059455286
0.0059426649
0.0059337417
0.0059090797
0.0058747103
0.0058351330
0.0057939666
0.0057513073
0.0057002830
0.0056369240
0.0055681669
0.0055027354
0.0054421526
0.0053850047
0.0053302603
0.0052780376
0.0052268900
0.0051742378
0.0051192885
0.0050628060
0.0050056403
0.0049481608
0.0048906862
0.0048336528
0.0047772894
0.0047214041
0.0046656181
0.0046096332
0.0045533503
0.0044968330
0.0044401748
0.0043834256
0.0043266065
0.0042697156
0.0042127467
0.0041556950
