-0.0127742977
-0.0127468599
-0.0127193032
-0.0126917806
-0.0126644382
-0.0126371009
-0.0126095511
-0.0125818526
-0.0125544583
-0.0125273857
-0.0124999570
-0.0124720827
-0.0124443047
-0.0124167086
-0.0123895758
-0.0123631630
-0.0123365069
-0.0123083943
-0.0122788250
-0.0122508951
-0.0122258673
-0.0121993037
-0.0121702622
-0.0121415894
-0.0121129175
-0.0120844390
-0.0120580657
-0.0120315179
-0.0120040748
-0.0119776839
-0.0119516564
-0.0119245725
-0.0118988539
-0.0118709833
-0.0118421267
-0.0118169787
-0.0117894744
-0.0117594497
-0.0117341316
-0.0117106410
-0.0116849218
-0.0116514267
-0.0116103229
-0.0115760258
-0.0115532830
-0.0115332725
-0.0115033837
-0.0114708402
-0.0114518620
-0.0114329327
-0.0113998898
-0.0113672982
-0.0113450928
-0.0113193857
-0.0112801527
-0.0112454477
-0.0112223013
-0.0112094720
-0.0111876392
-0.0111513698
-0.0111081832
-0.0110890040
-0.0110829588
-0.0110564259
-0.0110124051
-0.0109760455
-0.0109503255
-0.0109290842
-0.0109076125
-0.0108897023
-0.0108804044
-0.0108426264
-0.0107885928
-0.0107589811
-0.0107439811
-0.0107194991
-0.0106901546
-0.0106489376
-0.0106139018
-0.0105975825
-0.0105725755
-0.0105219968
-0.0104805378
-0.0104495467
-0.0104362293
-0.0104322520
-0.0104169566
-0.0103736302
-0.0103303327
-0.0103035839
-0.0102893418
-0.0102726095
-0.0102458454
-0.0102344590
-0.0102033410
-0.0101439011
-0.0101160015
-0.0101227526
-0.0100998042
-0.0100378954
-0.0099849486
-0.0099576443
-0.0099676043
-0.0099897113
-0.0099594294
-0.0099151531
-0.0098837685
-0.0098390525
-0.0097956200
-0.0097901172
-0.0097652428
-0.0096969711
-0.0096429346
-0.0096318140
-0.0096496611
-0.0096635317
-0.0096522718
-0.0095992540
-0.0095550978
-0.0095282038
-0.0094779548
-0.0094243166
-0.0094250004
-0.0094282803
-0.0093736232
-0.0092735357
-0.0092224681
-0.0092178805
-0.0091671375
-0.0091641439
-0.0091841390
-0.0091352439
-0.0090716310
-0.0090347159
-0.0090356928
-0.0090666133
-0.0090687814
-0.0090109012
-0.0089154783
-0.0088568866
-0.0088669495
-0.0089005872
-0.0088657709
-0.0087989115
-0.0087985512
-0.0088087549
-0.0087823558
-0.0087201779
-0.0086579007
-0.0086277079
-0.0085983072
-0.0086102762
-0.0086178642
-0.0085557472
-0.0084484642
-0.0083940294
-0.0084086772
-0.0083858137
-0.0082795672
-0.0082384501
-0.0082501871
-0.0082730090
-0.0082670083
-0.0081810766
-0.0081536380
-0.0082460388
-0.0082705189
-0.0081200920
-0.0079657337
-0.0079007422
-0.0079201124
-0.0079323329
-0.0079412739
-0.0079441028
-0.0078726275
-0.0078076677
-0.0077785321
-0.0077374118
-0.0076996173
-0.0077621105
-0.0078702084
-0.0077902224
-0.0076137456
-0.0075734316
-0.0076565487
-0.0076879222
-0.0075990138
-0.0074585327
-0.0074300736
-0.0075159623
-0.0075438744
-0.0074139509
-0.0072270563
-0.0071960709
-0.0072697936
-0.0073457719
-0.0073479979
-0.0072709563
-0.0071864454
-0.0071436506
-0.0071154890
-0.0072011269
-0.0072726347
-0.0071346183
-0.0069462850
-0.0069225770
-0.0069665890
-0.0068902509
-0.0067915161
-0.0067598730
-0.0067885650
-0.0068053084
-0.0067653514
-0.0067828287
-0.0068020587
-0.0067711801
-0.0067314126
-0.0067123394
-0.0066906482
-0.0065977295
-0.0064644292
-0.0064458487
-0.0064675780
-0.0063728674
-0.0063423349
-0.0064400700
-0.0064186178
-0.0061986315
-0.0060474387
-0.0061449438
-0.0062387942
-0.0061467522
-0.0060878161
-0.0061154553
-0.0061058356
-0.0060753876
-0.0059680193
-0.0058778960
-0.0059021292
-0.0059905273
-0.0060132200
-0.0059840553
-0.0059467250
-0.0058510982
-0.0057216638
-0.0056988511
-0.0056623358
-0.0055072721
-0.0055288837
-0.0056733794
-0.0057082160
-0.0056679243
-0.0056347157
-0.0055502187
-0.0053894501
-0.0053025249
-0.0053438902
-0.0053779674
-0.0052787618
-0.0052299400
-0.0052658796
-0.0052524503
-0.0052098307
-0.0050960084
-0.0050638019
-0.0051614710
-0.0052071851
-0.0051234693
-0.0049502160
-0.0047820461
-0.0047014350
-0.0048079678
-0.0048933369
-0.0048331364
-0.0048539870
-0.0049664190
-0.0049883600
-0.0047936099
-0.0047069595
-0.0048951699
-0.0048745316
-0.0045555379
-0.0044362271
-0.0046249668
-0.0047496624
-0.0045898830
-0.0043976344
-0.0042993183
-0.0042224510
-0.0042852702
-0.0042970469
-0.0041806419
-0.0040764302
-0.0042471806
-0.0043425154
-0.0041752892
-0.0041202638
-0.0041553158
-0.0041008778
-0.0039824781
-0.0038666013
-0.0037808034
-0.0038953068
-0.0039293921
-0.0037660124
-0.0036418928
-0.0036208073
-0.0036589432
-0.0036766950
-0.0036450088
-0.0036819960
-0.0036350720
-0.0034638544
-0.0034291059
-0.0035400770
-0.0035222629
-0.0033463003
-0.0032280662
-0.0032100250
-0.0032467211
-0.0032642983
-0.0032280753
-0.0032601309
-0.0032254213
-0.0030699206
-0.0029666877
-0.0029259882
-0.0028965669
-0.0029281868
-0.0030139749
-0.0029831468
-0.0028795059
-0.0028298901
-0.0027453048
-0.0027147190
-0.0027251528
-0.0026833222
-0.0027617397
-0.0028745277
-0.0028557956
-0.0026781454
-0.0023680494
-0.0022846075
-0.0023846112
-0.0024398252
-0.0023911465
-0.0023362829
-0.0022344648
-0.0022004504
-0.0022400173
-0.0022125497
-0.0021483951
-0.0020410679
-0.0020883806
-0.0021920677
-0.0020274928
-0.0018354905
-0.0017984162
-0.0018658982
-0.0018887369
-0.0017484219
-0.0016992135
-0.0018761918
-0.0019927965
-0.0018034209
-0.0015450884
-0.0015219485
-0.0016392360
-0.0016037045
-0.0014811374
-0.0014939863
-0.0015323195
-0.0015093827
-0.0014568696
-0.0013594922
-0.0012586874
-0.0012204638
-0.0011824303
-0.0012081070
-0.0012323611
-0.0012081574
-0.0011483952
-0.0010369987
-0.0010007325
-0.0011087458
-0.0010854884
-0.0009156790
-0.0007234148
-0.0006421844
-0.0006863638
-0.0007080465
-0.0006024119
-0.0005634573
-0.0005829672
-0.0004820794
-0.0004338135
-0.0005133618
-0.0005499612
-0.0005164749
-0.0004582012
-0.0003519514
-0.0002625813
-0.0002894942
-0.0002504383
-0.0001454952
-0.0001570005
-0.0001839748
-0.0001634343
-0.0001216633
-0.0000097228
0.0001579273
0.0001968367
0.0001165869
0.0000865985
0.0000573782
0.0000354231
0.0002006357
0.0004287482
0.0005273528
0.0005615928
0.0006025407
0.0005731746
0.0004770079
0.0005302475
0.0007151432
0.0007523025
0.0006531066
0.0006916011
0.0008146079
0.0007933677
0.0007512794
0.0008414331
0.0010218461
0.0011400326
0.0011742951
0.0011288556
0.0010494593
0.0011070259
0.0012137465
0.0011836965
0.0012096249
0.0013840982
0.0015088436
0.0014848739
0.0013814267
0.0013538836
0.0014121230
0.0015235690
0.0016199195
0.0016474574
0.0017435902
0.0018542672
0.0019129515
0.0018891923
0.0017855553
0.0017507269
0.0018769832
0.0021160675
0.0022099202
0.0021308570
0.0021713779
0.0021443841
0.0019979424
0.0020943996
0.0023374626
0.0024536624
0.0024711860
0.0025019442
0.0025250619
0.0024618461
0.0022757905
0.0020955280
0.0023485776
0.0028712176
0.0030383566
0.0028484669
0.0027360996
0.0028109715
0.0028196987
0.0027857520
0.0028044673
0.0029182516
0.0031010686
0.0032014126
0.0031768596
0.0031357979
0.0031757481
0.0032384067
0.0033600568
0.0033827051
0.0032885480
0.0033358847
0.0035148487
0.0035593854
0.0035193306
0.0036198971
0.0037442470
0.0037488500
0.0036515602
0.0035509315
0.0035267619
0.0037092668
0.0039551445
0.0040546107
0.0040164003
0.0039814606
0.0040366317
0.0040811743
0.0041356210
0.0041745367
0.0042110595
0.0041879704
0.0042438479
0.0043528540
0.0043271210
0.0042999062
0.0043992315
0.0045274384
0.0045600237
0.0045828102
0.0046261553
0.0047554946
0.0048010750
0.0046997276
0.0046604989
0.0047873899
0.0049790827
0.0050054354
0.0049115901
0.0049558624
0.0050657560
0.0050468369
0.0050861972
0.0052471970
0.0053035840
0.0052814989
0.0053208569
0.0053056639
0.0052787250
0.0053204878
0.0054453850
0.0055512597
0.0055085332
0.0055258340
0.0057119424
0.0059067306
0.0059329230
0.0057656828
0.0057540958
0.0058792970
0.0058638968
0.0058253597
0.0059281212
0.0061081461
0.0061579063
0.0061308636
0.0061582155
0.0061370089
0.0061841027
0.0063482953
0.0064593941
0.0064967573
0.0065264074
0.0065614338
0.0066048769
0.0066747998
0.0067269201
0.0066238712
0.0064593641
0.0065827526
0.0068393651
0.0068812278
0.0067750919
0.0068064461
0.0069199023
0.0069240934
0.0069614350
0.0069932966
0.0069088375
0.0069546310
0.0070772040
0.0071211939
0.0070688198
0.0070957417
0.0073466782
0.0075295365
0.0075006992
0.0073879450
0.0073715073
0.0074356453
0.0074850540
0.0075026508
0.0075426697
0.0076723602
0.0077784742
0.0076680922
0.0075765980
0.0077554280
0.0079316514
0.0078995533
0.0079277230
0.0080877013
0.0081323004
0.0081125001
0.0082211139
0.0082571576
0.0081496086
0.0081905406
0.0084470923
0.0085602695
0.0083849438
0.0083351757
0.0085106392
0.0086534562
0.0086935459
0.0086408364
0.0085446546
0.0085957614
0.0087768129
0.0088399453
0.0087538070
0.0086430717
0.0085485282
0.0086461631
0.0089441674
0.0091883837
0.0092867305
0.0091779561
0.0090149975
0.0089868041
0.0091033699
0.0092871371
0.0093893505
0.0093598409
0.0092600443
0.0092239316
0.0092772419
0.0094054940
0.0095016177
0.0094021733
0.0093461753
0.0095072116
0.0097000434
0.0098739369
0.0098253984
0.0096660122
0.0096356683
0.0096967611
0.0097501215
0.0097702121
0.0097887769
0.0098831945
0.0100624818
0.0101712100
0.0101270094
0.0100114742
0.0100473431
0.0102339638
0.0103485583
0.0103101719
0.0102040987
0.0101827652
0.0102300038
0.0102729984
0.0103075382
0.0103428769
0.0103655807
0.0103874479
0.0104881870
0.0106634292
0.0107093232
0.0105931290
0.0104883678
0.0105312313
0.0107088689
0.0107549575
0.0107308859
0.0106788386
0.0105748335
0.0106131771
0.0108481591
0.0110173802
0.0109712115
0.0109202117
0.0109530124
0.0110016794
0.0110356789
0.0110626120
0.0110845471
0.0111129740
0.0112000857
0.0113417886
0.0114445444
0.0115465530
0.0115728434
0.0114043637
0.0113089184
0.0113638164
0.0114130330
0.0113563343
0.0113150728
0.0114861557
0.0116451058
0.0115929049
0.0115944294
0.0117638714
0.0118832405
0.0118279987
0.0116985988
0.0117396618
0.0119235150
0.0119578340
0.0118289296
0.0117885829
0.0119035133
0.0119937665
0.0119317063
0.0119682372
0.0121491305
0.0121176514
0.0118517181
0.0118027353
0.0120603083
0.0122388324
0.0121107860
0.0119753790
0.0120714746
0.0121959139
0.0122186635
0.0121581044
0.0121167443
0.0121982059
0.0122787713
0.0123762788
0.0125260007
0.0125336124
0.0124111753
0.0124359303
0.0126044645
0.0126306575
0.0125154581
0.0125176602
0.0126098074
0.0126472586
0.0127226700
0.0127413363
0.0126952182
0.0127021870
0.0127286191
0.0128277863
0.0128563570
0.0127498941
0.0126312112
0.0125775551
0.0126694606
0.0128242502
0.0129618163
0.0129678445
0.0129224223
0.0129396868
0.0128872767
0.0128461832
0.0129280216
0.0130248662
0.0129739151
0.0129027967
0.0129178145
0.0130179935
0.0131013439
0.0130377056
0.0129815830
0.0130134060
0.0130431641
0.0129718962
0.0129003362
0.0130541875
0.0132784012
0.0132821374
0.0131334584
0.0131299164
0.0132877697
0.0133843337
0.0133776809
0.0133086484
0.0132654998
0.0133017966
0.0132541672
0.0131278471
0.0130585948
0.0131587674
0.0132937741
0.0132974930
0.0132299994
0.0133059597
0.0133100986
0.0132511297
0.0133001454
0.0134444129
0.0135294717
0.0135178678
0.0134430004
0.0133969611
0.0134731648
0.0134762238
0.0134127149
0.0134727726
0.0135486107
0.0135533934
0.0135371720
0.0135496767
0.0135796944
0.0135200240
0.0133220531
0.0131983970
0.0132830630
0.0133540263
0.0133360272
0.0133782622
0.0135615252
0.0137017762
0.0137026155
0.0136391618
0.0134506098
0.0132687514
0.0131855247
0.0132579302
0.0134514678
0.0136477849
0.0136343140
0.0134978136
0.0133628412
0.0132952726
0.0132912612
0.0133759553
0.0135083409
0.0134305890
0.0132087644
0.0132000142
0.0133445679
0.0134228411
0.0133347850
0.0132433768
0.0132310871
0.0132936094
0.0134106807
0.0134718786
0.0134621484
0.0133703485
0.0132379512
0.0132400052
0.0133022603
0.0132334101
0.0131624569
0.0131473823
0.0130841282
0.0130007180
0.0130386291
0.0131096277
0.0131708843
0.0131401475
0.0129802204
0.0129729383
0.0130880107
0.0131392893
0.0131008107
0.0131534242
0.0132137584
0.0131285196
0.0129615506
0.0129512692
0.0130834165
0.0130803401
0.0129250627
0.0128196554
0.0128026475
0.0128633259
0.0129760555
0.0129684221
0.0128192321
0.0126458944
0.0125423239
0.0126690438
0.0129264087
0.0129833967
0.0127278771
0.0124879742
0.0124866632
0.0126795704
0.0127082914
0.0126135781
0.0126470904
0.0126246245
0.0124660519
0.0124282870
0.0125496526
0.0125918008
0.0124816022
0.0123898002
0.0124406033
0.0124036972
0.0122476182
0.0122745602
0.0123931471
0.0123015909
0.0121845725
0.0121460347
0.0122088327
0.0122240112
0.0121287857
0.0120972034
0.0121407753
0.0119897514
0.0118247814
0.0117757889
0.0117691701
0.0117987818
0.0118114072
0.0117642533
0.0117987015
0.0118380160
0.0117467865
0.0115553313
0.0114466725
0.0115046268
0.0116086772
0.0115022406
0.0112718694
0.0112177283
0.0111789867
0.0111523092
0.0113013193
0.0113425188
0.0111685329
0.0109637216
0.0108665488
0.0109754497
0.0110641132
0.0109618381
0.0108490608
0.0107400861
0.0105748947
0.0105140926
0.0106038690
0.0107118175
0.0107209389
0.0105253568
0.0103503196
0.0103721222
0.0103890712
0.0103484712
0.0103704502
0.0103746558
0.0101811408
0.0100654095
0.0102220355
0.0102576811
0.0100619858
0.0099140927
0.0099357461
0.0100322959
0.0100352888
0.0099659291
0.0099145477
0.0098734863
0.0097635695
0.0095887685
0.0094758502
0.0093779126
0.0092315125
0.0090656238
0.0088131787
0.0085683253
0.0085628407
0.0087541429
0.0089375818
0.0091562292
0.0093521570
0.0095171539
0.0097527239
0.0099495344
0.0098799477
0.0096295294
0.0093391088
0.0090774139
0.0086874999
0.0082294690
0.0078306022
0.0074434808
0.0071048985
0.0068510508
0.0067618042
0.0069328518
0.0073660372
0.0077940648
0.0079239162
0.0079355864
0.0081105911
0.0086254581
0.0092116261
0.0092452911
0.0088019055
0.0084526335
0.0083814369
0.0083341595
0.0080542158
0.0075138285
0.0068760553
0.0062662087
0.0056317101
0.0050346609
0.0046710127
0.0046759200
0.0048879827
0.0052491275
0.0058494962
0.0066375621
0.0073580100
0.0078591789
0.0081985175
0.0081742874
0.0076615535
0.0070939050
0.0066969305
0.0063346473
0.0059441801
0.0054717325
0.0049612798
0.0044619523
0.0039028109
0.0032434950
0.0026631905
0.0024298758
0.0027795169
0.0036793987
0.0049157641
0.0061936562
0.0069296690
0.0070536752
0.0071032611
0.0071555815
0.0069295408
0.0065034711
0.0060404628
0.0054214032
0.0046278299
0.0037623539
0.0029016380
0.0020698610
0.0014632432
0.0012368283
0.0013396144
0.0014598200
0.0013849581
0.0013347897
0.0016749996
0.0024479864
0.0033975532
0.0043523386
0.0052037427
0.0055702659
0.0053645052
0.0049379248
0.0045771252
0.0042754772
0.0037699824
0.0030534445
0.0022432363
0.0016223982
0.0013983268
0.0016511705
0.0023027120
0.0031165437
0.0035341260
0.0031339846
0.0023803811
0.0020541192
0.0024256220
0.0031236247
0.0035844796
0.0035235530
0.0027496846
0.0014369173
0.0003719300
-0.0002233368
-0.0007200527
-0.0011423884
-0.0011601828
-0.0006915593
0.0000315403
0.0005303322
0.0005907189
0.0004137226
0.0000871224
-0.0002498730
-0.0001980759
0.0003176864
0.0004525975
-0.0004260488
-0.0015593766
-0.0018724281
-0.0009173221
0.0006450966
0.0015080535
0.0012059337
0.0001629280
-0.0007077278
-0.0008413244
-0.0004572101
-0.0002999749
-0.0005197264
-0.0006389249
-0.0005886939
-0.0008579104
-0.0017738863
-0.0032302493
-0.0048447208
-0.0060240736
-0.0062545425
-0.0056413564
-0.0048891957
-0.0045119511
-0.0044888688
-0.0041767918
-0.0031426672
-0.0018046248
-0.0009966904
-0.0010191214
-0.0015583297
-0.0022524154
-0.0025865391
-0.0018528185
-0.0002468863
0.0009059160
0.0003773944
-0.0019946513
-0.0052763520
-0.0076798826
-0.0080385475
-0.0062935407
-0.0031640412
0.0000019701
0.0018822691
0.0019901087
0.0010383658
0.0004549126
0.0011642115
0.0024546312
0.0021741401
-0.0009933031
-0.0059019083
-0.0098543399
-0.0114107406
-0.0117943077
-0.0125220198
-0.0136912453
-0.0144392044
-0.0141857587
-0.0130447636
-0.0113506430
-0.0093217307
-0.0069287812
-0.0044897877
-0.0027392810
-0.0022367161
-0.0023489264
-0.0016686869
0.0001061189
0.0019615478
0.0026739333
0.0017968353
0.0001614004
-0.0012467622
-0.0020525924
-0.0027154864
-0.0040149070
-0.0068393255
-0.0109449649
-0.0142705380
-0.0148635812
-0.0129225512
-0.0105378038
-0.0094571706
-0.0091168703
-0.0076249632
-0.0044561822
-0.0016309866
-0.0016785183
-0.0047058769
-0.0085260525
-0.0113089641
-0.0130593844
-0.0148025623
-0.0170825215
-0.0192809002
-0.0204168995
-0.0196388572
-0.0166825956
-0.0123356576
-0.0084128659
-0.0066766305
-0.0070670379
-0.0074566018
-0.0054532726
-0.0009031965
0.0037181329
0.0053703659
0.0031734467
-0.0009936167
-0.0045056285
-0.0060103741
-0.0058801046
-0.0059117790
-0.0081862435
-0.0131584691
-0.0187897119
-0.0222923759
-0.0220956519
-0.0193914431
-0.0171361940
-0.0177039334
-0.0212450438
-0.0248317176
-0.0241696717
-0.0180456125
-0.0101971884
-0.0056034576
-0.0056441713
-0.0076316886
-0.0082494762
-0.0065380941
-0.0036983957
-0.0011200610
0.0007981541
0.0019928244
0.0025268632
0.0022953436
0.0006412285
-0.0027922548
-0.0070519624
-0.0099899210
-0.0106203355
-0.0100194975
-0.0104364212
-0.0132676182
-0.0175813685
-0.0212480770
-0.0229770042
-0.0226417192
-0.0210305229
-0.0196302093
-0.0190369264
-0.0189833239
-0.0186687766
-0.0173130526
-0.0145293208
-0.0108567196
-0.0082311880
-0.0084702896
-0.0114798763
-0.0153126838
-0.0182767567
-0.0198931473
-0.0208405793
-0.0218180263
-0.0222502288
-0.0205413525
-0.0158719191
-0.0094175438
-0.0034586789
0.0003143064
0.0019182503
0.0028063139
0.0035482626
0.0033377686
0.0013186516
-0.0026282027
-0.0079108298
-0.0134934573
-0.0178296283
-0.0192007813
-0.0172191062
-0.0138564436
-0.0122924074
-0.0139187045
-0.0170032381
-0.0190154716
-0.0192142028
-0.0185623868
-0.0179502904
-0.0177970886
-0.0185184756
-0.0197302646
-0.0204174705
-0.0205129992
-0.0211548602
-0.0228552166
-0.0244610719
-0.0247358525
-0.0237764843
-0.0232035542
-0.0241569086
-0.0253448977
-0.0241212719
-0.0196132966
-0.0138661520
-0.0098052863
-0.0087536620
-0.0099884069
-0.0118504078
-0.0132978426
-0.0135239051
-0.0118587116
-0.0085440053
-0.0051532246
-0.0039010501
-0.0056685017
-0.0088945235
-0.0108888929
-0.0102743185
-0.0077933281
-0.0048684648
-0.0020608500
0.0004757595
0.0020373548
0.0015121988
-0.0015687374
-0.0061035595
-0.0102020169
-0.0131650067
-0.0159857115
-0.0194964486
-0.0227526434
-0.0236114889
-0.0210122001
-0.0165481792
-0.0134315350
-0.0139089678
-0.0178252700
-0.0230544992
-0.0272032978
-0.0292239201
-0.0297618637
-0.0303936176
-0.0323727900
-0.0353166743
-0.0374016641
-0.0362656768
-0.0309512577
-0.0237939810
-0.0186402906
-0.0170090151
-0.0166453959
-0.0141647848
-0.0088054634
-0.0030412473
0.0009020091
0.0024908080
0.0021812559
0.0004697587
-0.0029116480
-0.0080783208
-0.0132918329
-0.0154963966
-0.0130606999
-0.0081897789
-0.0058235513
-0.0086884708
-0.0147481726
-0.0191648734
-0.0186852264
-0.0140985161
-0.0083811808
-0.0041093367
-0.0029289251
-0.0058710718
-0.0124344846
-0.0197405938
-0.0232891318
-0.0203956779
-0.0139016124
-0.0104347578
-0.0147745104
-0.0259980658
-0.0381882386
-0.0439623188
-0.0392713978
-0.0267594515
-0.0141276454
-0.0079419644
-0.0087747658
-0.0118952894
-0.0119939922
-0.0071948986
0.0009318357
0.0093388011
0.0147410004
0.0143284902
0.0071497580
-0.0048382759
-0.0175762951
-0.0271409326
-0.0312349919
-0.0300927564
-0.0263136902
-0.0224769720
-0.0195670361
-0.0174042681
-0.0159936217
-0.0162939738
-0.0183029395
-0.0204367006
-0.0211482982
-0.0199194066
-0.0169333371
-0.0127303733
-0.0082464223
-0.0048159087
-0.0026427421
-0.0001732654
0.0038017475
0.0082530270
0.0107480780
0.0097189158
0.0053948007
-0.0002891799
-0.0050784076
-0.0075130414
-0.0076162949
-0.0073210171
-0.0090314048
-0.0132298221
-0.0181889091
-0.0215479870
-0.0224356897
-0.0217774370
-0.0217915743
-0.0250914396
-0.0318562619
-0.0392610440
-0.0444301667
-0.0458962951
-0.0432980879
-0.0379218091
-0.0327778249
-0.0304953310
-0.0295822254
-0.0252082238
-0.0147935585
-0.0010772034
0.0109611288
0.0182543014
0.0210744769
0.0214369083
0.0210755371
0.0212973022
0.0228322072
0.0249499220
0.0256551610
0.0232245723
0.0180758412
0.0124683073
0.0075781506
0.0020640059
-0.0059556201
-0.0158834064
-0.0246128289
-0.0291236890
-0.0294419727
-0.0295261109
-0.0336387190
-0.0413114609
-0.0475221093
-0.0481773195
-0.0434830446
-0.0359041558
-0.0271520380
-0.0184832191
-0.0116629968
-0.0080945333
-0.0070434425
-0.0061936667
-0.0033113520
0.0028207681
0.0113099082
0.0183657513
0.0196034412
0.0145295945
0.0073843450
0.0028735587
0.0015959227
0.0004706109
-0.0029036123
-0.0079456039
-0.0130805483
-0.0174601231
-0.0215299763
-0.0254327238
-0.0271690251
-0.0247971373
-0.0200322637
-0.0176198554
-0.0200038385
-0.0238701902
-0.0233897935
-0.0163537525
-0.0062026606
0.0013526303
0.0031986742
0.0009423608
-0.0009111718
0.0010494957
0.0068237402
0.0141731994
0.0199500597
0.0214734850
0.0184245620
0.0134684257
0.0100019977
0.0093351704
0.0104253951
0.0108345096
0.0074813008
-0.0010532809
-0.0125420370
-0.0218360198
-0.0243054125
-0.0197284159
-0.0123153670
-0.0068748860
-0.0054118969
-0.0067895143
-0.0091259391
-0.0106872180
-0.0093634121
-0.0041814631
0.0028454002
0.0071948931
0.0057128728
-0.0006742046
-0.0077485422
-0.0105104571
-0.0063934735
0.0020364615
0.0090794097
0.0110278012
0.0094336698
0.0092469904
0.0136615021
0.0207387912
0.0252901450
0.0236230330
0.0165684325
0.0084019573
0.0029384440
0.0007818735
-0.0008414786
-0.0046967604
-0.0101397014
-0.0138700768
-0.0139293643
-0.0115680583
-0.0099035850
-0.0110920766
-0.0141359788
-0.0153257259
-0.0112549168
-0.0019425101
0.0083493606
0.0137189891
0.0116597309
0.0065940885
0.0063536214
0.0138667907
0.0235381428
0.0267307244
0.0201493480
0.0078202279
-0.0034174727
-0.0089408998
-0.0075871846
-0.0008989935
0.0083535729
0.0170622101
0.0226449168
0.0249712214
0.0265479082
0.0295952880
0.0328962589
0.0327961087
0.0279119929
0.0210588044
0.0152073617
0.0103786878
0.0051293496
-0.0003872675
-0.0039763049
-0.0041046590
-0.0008565236
0.0043028110
0.0082024053
0.0069548968
-0.0001891413
-0.0085223265
-0.0111386667
-0.0050603537
0.0055007122
0.0126218633
0.0117697459
0.0050816750
-0.0010697535
-0.0017729171
0.0028834955
0.0092313751
0.0134912882
0.0131873816
0.0082960680
0.0025732990
0.0020195706
0.0092291195
0.0200036968
0.0273293320
0.0278123038
0.0231345994
0.0173890867
0.0145948334
0.0170064063
0.0227264416
0.0258949354
0.0221416051
0.0131213054
0.0048701968
0.0022641562
0.0059313280
0.0134784989
0.0223352131
0.0299518694
0.0326010436
0.0279239417
0.0196519273
0.0162520005
0.0229422142
0.0362168500
0.0465568923
0.0466418064
0.0367806937
0.0233524369
0.0135618590
0.0108790728
0.0128009964
0.0118291122
0.0014568227
-0.0166811170
-0.0328539348
-0.0373187532
-0.0278127256
-0.0096729188
0.0095859927
0.0246069185
0.0331917853
0.0354123089
0.0332040849
0.0300946614
0.0292725562
0.0311469151
0.0328337918
0.0307664536
0.0253548953
0.0214477042
0.0223556705
0.0258644250
0.0271550369
0.0238126496
0.0176957987
0.0122435251
0.0094081972
0.0089234702
0.0100236051
0.0128839585
0.0185742919
0.0277584088
0.0383469814
0.0464002121
0.0493997331
0.0473140110
0.0413197228
0.0326822208
0.0229759648
0.0146272229
0.0100143281
0.0094620012
0.0106098510
0.0107652199
0.0095778785
0.0085105032
0.0094374654
0.0141138230
0.0225849765
0.0306177694
0.0319439347
0.0243323992
0.0125025164
0.0042819541
0.0041079554
0.0100921942
0.0164902079
0.0187355937
0.0169019255
0.0149701930
0.0167743434
0.0223296284
0.0280020275
0.0309748907
0.0323350546
0.0348401093
0.0389404971
0.0425167476
0.0438015160
0.0437117371
0.0440965382
0.0445915721
0.0429143194
0.0384988072
0.0336755701
0.0304381640
0.0274604162
0.0219626532
0.0140496968
0.0073850103
0.0057692243
0.0098897670
0.0170315451
0.0229597075
0.0248484509
0.0229797720
0.0203465906
0.0212233851
0.0285211621
0.0396476595
0.0465643383
0.0432513635
0.0321734147
0.0214993598
0.0181734899
0.0237722371
0.0334567954
0.0396244594
0.0379699041
0.0308980828
0.0246689006
0.0232891581
0.0263388919
0.0323023538
0.0396827050
0.0450385649
0.0432903041
0.0329259620
0.0198865558
0.0128977695
0.0144328268
0.0186367762
0.0188738365
0.0142215564
0.0081939806
0.0035816424
0.0015143824
0.0034504658
0.0100894741
0.0186363688
0.0243964846
0.0262196367
0.0276810911
0.0322735042
0.0388367962
0.0429518167
0.0419774084
0.0382935421
0.0370301350
0.0401394638
0.0439038007
0.0422779157
0.0336149864
0.0241018738
0.0218457442
0.0276192049
0.0341225468
0.0347599433
0.0315163021
0.0317569369
0.0383266714
0.0461587975
0.0479335999
0.0427114011
0.0364371957
0.0341849749
0.0346852498
0.0328417293
0.0251727307
0.0127253556
0.0014278721
-0.0014208450
0.0065206196
0.0189943303
0.0265767890
0.0256016251
0.0209227111
0.0203065317
0.0267050128
0.0350581858
0.0364783841
0.0278627959
0.0157259044
0.0087666867
0.0091273205
0.0120648733
0.0121988341
0.0084638287
0.0049965579
0.0083813030
0.0208801253
0.0364470857
0.0463782970
0.0476845043
0.0442978620
0.0418142713
0.0423384124
0.0437235081
0.0426158911
0.0373822650
0.0286327767
0.0187101743
0.0119047823
0.0130915889
0.0223285186
0.0327892046
0.0359978666
0.0291836667
0.0167953386
0.0070995637
0.0074402407
0.0177814097
0.0288822518
0.0303978960
0.0220139033
0.0140796522
0.0161358937
0.0273611272
0.0383102748
0.0400297520
0.0315286348
0.0196448274
0.0126964119
0.0136526502
0.0192186696
0.0238292983
0.0234677430
0.0181932516
0.0123946491
0.0119000358
0.0192747979
0.0320869089
0.0450419240
0.0518228049
0.0472754657
0.0319603267
0.0143721320
0.0043707136
0.0028849631
0.0022583146
-0.0033432750
-0.0122153639
-0.0194061113
-0.0220805640
-0.0194668251
-0.0107051932
0.0036784265
0.0200348000
0.0333035662
0.0409283072
0.0447956360
0.0488654858
0.0552212975
0.0618003144
0.0640662976
0.0591711842
0.0483032087
0.0348925080
0.0224224498
0.0136812869
0.0100631907
0.0115184587
0.0172797859
0.0248652730
0.0284780018
0.0225572498
0.0091463307
-0.0014365482
0.0001032878
0.0127756135
0.0260786031
0.0305405627
0.0274027847
0.0263573547
0.0336799530
0.0442579004
0.0472224991
0.0388052539
0.0270547406
0.0221940874
0.0257532938
0.0306054315
0.0283227627
0.0156423646
-0.0024636487
-0.0140257937
-0.0076651351
0.0158605073
0.0404083815
0.0478923072
0.0353977024
0.0164911650
0.0072926960
0.0126427506
0.0230461311
0.0240267019
0.0108308704
-0.0069676523
-0.0164502737
-0.0133573340
-0.0026983345
0.0070060004
0.0078286901
-0.0022630954
-0.0151412496
-0.0186960088
-0.0103974869
-0.0013665395
-0.0035486783
-0.0159148979
-0.0267118651
-0.0269940863
-0.0179484698
-0.0068898553
0.0000585566
0.0013398870
-0.0010807714
-0.0031785582
-0.0017276078
0.0033204556
0.0098806516
0.0165188572
0.0221257465
0.0247198266
0.0234904797
0.0216997998
0.0231127879
0.0252830499
0.0208747277
0.0071591452
-0.0091603629
-0.0174976359
-0.0114055052
0.0073852585
0.0289181323
0.0399661648
0.0346442718
0.0200481055
0.0085452544
0.0070935600
0.0142509078
0.0230650674
0.0260110543
0.0197647895
0.0066646285
-0.0071140200
-0.0135829255
-0.0084423853
0.0032924586
0.0110075584
0.0094615751
0.0042241027
0.0032691162
0.0072772594
0.0108359752
0.0100078987
0.0065931799
0.0058256610
0.0096087252
0.0132109895
0.0110630935
0.0040633023
-0.0016926680
-0.0021651947
0.0008880777
0.0026034735
-0.0014970428
-0.0123977100
-0.0266008598
-0.0390664251
-0.0463261394
-0.0472837905
-0.0437343118
-0.0397220698
-0.0380949178
-0.0368291350
-0.0303984996
-0.0161227808
0.0028655780
0.0203099948
0.0296353158
0.0276019760
0.0177848313
0.0092560434
0.0088353018
0.0134392913
0.0128796642
0.0011591326
-0.0168332398
-0.0309505615
-0.0358714618
-0.0340740504
-0.0309289812
-0.0288395049
-0.0268909164
-0.0240439095
-0.0212547351
-0.0194538490
-0.0163431407
-0.0081321047
0.0043562625
0.0145567954
0.0165561652
0.0119918241
0.0085915890
0.0125053725
0.0226823269
0.0315857755
0.0319668992
0.0236726757
0.0141612542
0.0109157192
0.0146232232
0.0201297673
0.0229530237
0.0237861559
0.0262560950
0.0307832227
0.0335218196
0.0332768282
0.0341690331
0.0385435022
0.0414672121
0.0363980140
0.0234948448
0.0076544533
-0.0090638482
-0.0262017109
-0.0384568828
-0.0381209548
-0.0257870417
-0.0130819276
-0.0115721098
-0.0223276726
-0.0371353921
-0.0466543231
-0.0446108295
-0.0288178392
-0.0037743150
0.0188299586
0.0267496410
0.0167264030
-0.0026186253
-0.0180418897
-0.0222405119
-0.0182190678
-0.0150883641
-0.0202235919
-0.0348779057
-0.0537119581
-0.0665127077
-0.0640236770
-0.0461833000
-0.0229773683
-0.0052481660
0.0040226882
0.0093378257
0.0158438353
0.0255465406
0.0379435233
0.0509770599
0.0596832773
0.0570566815
0.0398691275
0.0141109802
-0.0085773499
-0.0203255334
-0.0212467869
-0.0169820129
-0.0148775099
-0.0212088022
-0.0377348531
-0.0584139857
-0.0706966519
-0.0648307633
-0.0450052957
-0.0278095836
-0.0261064783
-0.0366704291
-0.0461695424
-0.0455829725
-0.0363030878
-0.0256352375
-0.0193527959
-0.0182291940
-0.0193147997
-0.0197195901
-0.0184476897
-0.0156418599
-0.0110094790
-0.0049246137
0.0014345635
0.0081849785
0.0161224094
0.0230852194
0.0246358450
0.0193857563
0.0101525120
0.0001071380
-0.0085247384
-0.0123512986
-0.0094701203
-0.0048639060
-0.0063402665
-0.0159887248
-0.0292290927
-0.0396270280
-0.0414728690
-0.0323722307
-0.0175699846
-0.0087664878
-0.0139541821
-0.0292997018
-0.0437466472
-0.0492040955
-0.0451779014
-0.0369392204
-0.0302054383
-0.0268804804
-0.0251508429
-0.0216919033
-0.0134998186
-0.0008740108
0.0109631308
0.0154817692
0.0103536540
-0.0008999238
-0.0104106742
-0.0097094001
0.0026247569
0.0168997457
0.0202837872
0.0102087577
-0.0030737249
-0.0076515777
-0.0008069420
0.0104320708
0.0159634836
0.0109005566
-0.0003536851
-0.0091437145
-0.0114493011
-0.0093348686
-0.0045746653
0.0033831601
0.0123620158
0.0160614139
0.0105203612
-0.0007463929
-0.0105368780
-0.0167074771
-0.0239498237
-0.0372714621
-0.0553576391
-0.0707153394
-0.0757393938
-0.0691702266
-0.0572574786
-0.0486468927
-0.0467435943
-0.0456477512
-0.0352701673
-0.0125203393
0.0137258314
0.0310926880
0.0356264535
0.0327620005
0.0290476206
0.0277731149
0.0301554120
0.0347442968
0.0367974952
0.0316441124
0.0201203393
0.0104419134
0.0124029994
0.0274748643
0.0454327898
0.0525108711
0.0433224851
0.0247423208
0.0096933720
0.0070321151
0.0156132275
0.0268457742
0.0326902863
0.0315060125
0.0270242441
0.0230634117
0.0205160062
0.0183773914
0.0162911093
0.0148277767
0.0120353261
0.0038566726
-0.0088105973
-0.0176434257
-0.0154940593
-0.0048847300
0.0050452344
0.0074364245
0.0012068585
-0.0095426556
-0.0177555911
-0.0179704260
-0.0118042734
-0.0081480775
-0.0143100360
-0.0279656291
-0.0392860044
-0.0407739555
-0.0349030330
-0.0309262335
-0.0324026543
-0.0324201665
-0.0240848509
-0.0096849386
0.0038537012
0.0129184596
0.0182952663
0.0231495745
0.0303617188
0.0391089439
0.0455685986
0.0484819566
0.0498173580
0.0504730165
0.0497983697
0.0486213876
0.0481687419
0.0472071824
0.0444966046
0.0423508507
0.0439367814
0.0468262746
0.0443518245
0.0339642609
0.0218351736
0.0180205257
0.0261235871
0.0380716058
0.0413825166
0.0314163836
0.0140067707
-0.0011031325
-0.0060870365
0.0018759721
0.0183095435
0.0318848537
0.0319697304
0.0187851627
0.0040782987
0.0008384672
0.0124663899
0.0305109213
0.0429566090
0.0439346438
0.0355584782
0.0247384823
0.0205709578
0.0297697037
0.0496435210
0.0667639975
0.0671106699
0.0490411598
0.0251395751
0.0112100113
0.0127425892
0.0218838091
0.0277041280
0.0264571057
0.0217645186
0.0191500035
0.0211734586
0.0263127932
0.0312771897
0.0333289590
0.0310035164
0.0244654914
0.0164978969
0.0132192442
0.0198636875
0.0324620245
0.0389486920
0.0329995079
0.0231952733
0.0230259972
0.0344076197
0.0473422720
0.0543644309
0.0572991305
0.0602323597
0.0632363019
0.0638289414
0.0605157303
0.0533911978
0.0437089089
0.0345190225
0.0290376782
0.0270645090
0.0255722277
0.0238558995
0.0241141972
0.0270952381
0.0305992614
0.0319678494
0.0299965845
0.0263575350
0.0251864650
0.0290155408
0.0359898956
0.0419685016
0.0446703509
0.0452417033
0.0460554633
0.0490550895
0.0551837053
0.0629863063
0.0689363313
0.0709146110
0.0708736060
0.0717722250
0.0728786904
0.0714536810
0.0687745484
0.0693194073
0.0735827386
0.0767529544
0.0754310566
0.0715468166
0.0678610549
0.0634056291
0.0554858975
0.0432965110
0.0289458121
0.0160837598
0.0072058193
0.0012425285
-0.0048820872
-0.0119804082
-0.0179772224
-0.0215407306
-0.0241211358
-0.0271163024
-0.0290963114
-0.0274833251
-0.0216698818
-0.0135157822
-0.0076861588
-0.0101860057
-0.0218416303
-0.0341217009
-0.0362769285
-0.0266816380
-0.0127584993
-0.0020800374
0.0018735526
-0.0022040730
-0.0133667485
-0.0257708805
-0.0309352797
-0.0247728461
-0.0118152551
-0.0022575642
-0.0048110413
-0.0204988930
-0.0418832729
-0.0581350887
-0.0626889555
-0.0578019551
-0.0515533113
-0.0515856815
-0.0613425055
-0.0787252485
-0.0961046383
-0.1044171426
-0.1008258646
-0.0915953366
-0.0856777433
-0.0864529025
-0.0915197586
-0.0975919286
-0.1028016967
-0.1065521150
-0.1093632903
-0.1129059163
-0.1186409304
-0.1258332565
-0.1322340104
-0.1368773838
-0.1403507590
-0.1430889457
-0.1432412026
-0.1382293858
-0.1289891512
-0.1209230218
-0.1200567954
-0.1278707806
-0.1398578348
-0.1489823691
-0.1515783702
-0.1500762942
-0.1498452819
-0.1540447287
-0.1615619378
-0.1696787987
-0.1767224850
-0.1816367393
-0.1839984972
-0.1853899671
-0.1880758144
-0.1918000364
-0.1942040824
-0.1936212768
-0.1894468873
-0.1821284586
-0.1741708549
-0.1682648696
-0.1643027022
-0.1609731715
-0.1586247012
-0.1589182247
-0.1623988354
-0.1674993054
-0.1721826716
-0.1754947839
-0.1778159053
-0.1801349858
-0.1832648986
-0.1869940710
-0.1904283011
-0.1923612546
-0.1917904706
-0.1880072930
-0.1808209309
-0.1724612773
-0.1674208436
-0.1693674995
-0.1782759226
-0.1896327747
-0.1974955306
-0.2001239175
-0.2020612398
-0.2087214006
-0.2197719330
-0.2291810521
-0.2307112199
-0.2219798775
-0.2052982903
-0.1869861681
-0.1731678132
-0.1646453442
-0.1571560750
-0.1456009459
-0.1272477559
-0.1040793918
-0.0822886668
-0.0665816729
-0.0565648481
-0.0489913950
-0.0412689090
-0.0333454674
-0.0275154631
-0.0266431751
-0.0312517682
-0.0396533562
-0.0507426054
-0.0636358697
-0.0750919471
-0.0805302513
-0.0780623651
-0.0711378880
-0.0655098651
-0.0637146490
-0.0630742635
-0.0586881697
-0.0492462085
-0.0402212391
-0.0387406876
-0.0452048848
-0.0519770588
-0.0499650249
-0.0366603563
-0.0183713912
-0.0042237245
0.0013093378
0.0011862524
0.0022609652
0.0103215465
0.0274578995
0.0501694601
0.0707394345
0.0829303463
0.0863942391
0.0854982969
0.0856150953
0.0910624595
0.1036035571
0.1196202226
0.1299618787
0.1261703653
0.1077465149
0.0833069942
0.0638427508
0.0540011887
0.0505901974
0.0486624880
0.0467910406
0.0462107808
0.0472507376
0.0491439098
0.0521605684
0.0574109889
0.0663983324
0.0800134700
0.0959631117
0.1094689220
0.1186305542
0.1259921270
0.1336757035
0.1410637300
0.1481312015
0.1570708862
0.1658419172
0.1650407350
0.1497050928
0.1296509424
0.1197076205
0.1225850441
0.1281684780
0.1267698380
0.1172727673
0.1040937430
0.0912667236
0.0808224306
0.0737928103
0.0708779698
0.0713225609
0.0720129837
0.0701772148
0.0667783266
0.0651323562
0.0661304864
0.0674230404
0.0681652435
0.0718494298
0.0825153191
0.0993247703
0.1174317136
0.1332675598
0.1467406471
0.1603773690
0.1775523954
0.1988310314
0.2171081849
0.2211904544
0.2077059009
0.1869632475
0.1739541370
0.1719173038
0.1690585597
0.1533095358
0.1263152656
0.1001886179
0.0834760027
0.0732120720
0.0597655356
0.0383067183
0.0151412645
0.0009071478
-0.0022108844
-0.0016938860
-0.0033886156
-0.0058274268
-0.0065957640
-0.0076069656
-0.0111161773
-0.0158048966
-0.0203553597
-0.0266173308
-0.0359474868
-0.0447274363
-0.0456178031
-0.0333581193
-0.0113935747
0.0078965659
0.0130857612
0.0042107660
-0.0075319816
-0.0090799624
0.0048697089
0.0268140902
0.0406409142
0.0344588164
0.0122564647
-0.0085779803
-0.0120732446
0.0017503279
0.0166174791
0.0146843977
-0.0069800429
-0.0351406562
-0.0538326546
-0.0573429564
-0.0520343020
-0.0477829615
-0.0499346825
-0.0591448310
-0.0741888083
-0.0921656682
-0.1080681024
-0.1170809831
-0.1168127944
-0.1091407903
-0.1022644056
-0.1057918531
-0.1193417817
-0.1300376176
-0.1238944145
-0.0974413082
-0.0609718611
-0.0308660682
-0.0154824648
-0.0092097301
-0.0001105429
0.0195204412
0.0484727079
0.0770200529
0.0933734010
0.0933152683
0.0832081175
0.0732281514
0.0681656065
0.0665429206
0.0652770779
0.0624452664
0.0581689707
0.0535391549
0.0487709313
0.0423831883
0.0321282919
0.0160808260
-0.0059703844
-0.0321281196
-0.0610517457
-0.0936687049
-0.1293480041
-0.1608972234
-0.1787794481
-0.1822254914
-0.1814849044
-0.1867971967
-0.1988344707
-0.2106221710
-0.2132027844
-0.1976201038
-0.1592930080
-0.1055088018
-0.0546271451
-0.0217585944
-0.0060188684
0.0066357905
0.0292315816
0.0614162841
0.0877653807
0.0873192376
0.0483924466
-0.0194318268
-0.0882582574
-0.1332407053
-0.1529133254
-0.1652837405
-0.1862496767
-0.2137656631
-0.2320513867
-0.2296377691
-0.2097346060
-0.1855730952
-0.1711592298
-0.1721640409
-0.1827860719
-0.1929202554
-0.1968918651
-0.1944991293
-0.1874992883
-0.1774439306
-0.1651063876
-0.1501469859
-0.1320442511
-0.1142140764
-0.1047176664
-0.1081624846
-0.1200445551
-0.1320850356
-0.1386540841
-0.1362503504
-0.1219586485
-0.0980662691
-0.0753809636
-0.0660702476
-0.0728027805
-0.0871940577
-0.1001298847
-0.1132022807
-0.1365048453
-0.1749317182
-0.2218038892
-0.2669225087
-0.3039266566
-0.3274576179
-0.3311669223
-0.3166193645
-0.3004230185
-0.3036622681
-0.3320179090
-0.3709470330
-0.4017325175
-0.4208535107
-0.4404517434
-0.4699947195
-0.5046749218
-0.5341164878
-0.5538993489
-0.5646788157
-0.5679025064
-0.5671761088
-0.5693441601
-0.5798375791
-0.5975550535
-0.6145208307
-0.6225912353
-0.6225673362
-0.6236960270
-0.6314365452
-0.6405876732
-0.6473229451
-0.6554335688
-0.6637926079
-0.6654521670
-0.6654652459
-0.6691875391
-0.6775758433
-0.6875643913
-0.7012480676
-0.7059831335
-0.7067885097
-0.7000328368
-0.6801052938
-0.6367893595
-0.5897669245
-0.5345030956
-0.4549058225
-0.3580948870
-0.2790628641
-0.2394845979
-0.2356982128
-0.2524070899
-0.2725604576
-0.2831636788
-0.2796079931
-0.2621621264
-0.2302557342
-0.1831463826
-0.1229635697
-0.0548985210
0.0135846608
0.0741066628
0.1204973811
0.1514860191
0.1691279146
0.1752453495
0.1709897591
0.1600434342
0.1488133418
0.1414619827
0.1365784614
0.1312318785
0.1261743367
0.1255524269
0.1332172568
0.1493718612
0.1706377352
0.1937689307
0.2178571555
0.2426760827
0.2672488332
0.2900467077
0.3106878663
0.3310767050
0.3556019544
0.3880049317
0.4270352627
0.4673800939
0.5035533841
0.5311419406
0.5476051613
0.5560232136
0.5633808981
0.5723494957
0.5797125692
0.5819909411
0.5781659153
0.5699347497
0.5632944474
0.5645536704
0.5700860277
0.5649167899
0.5368364790
0.4873546936
0.4258180474
0.3589669000
0.2891186785
0.2184784085
0.1529477918
0.0996752915
0.0624948245
0.0408895887
0.0339897849
0.0438088697
0.0717497610
0.1112416086
0.1492035114
0.1769474648
0.1939808745
0.2034134070
0.2099787102
0.2182561107
0.2267081872
0.2271192690
0.2130276652
0.1872336162
0.1623364944
0.1545925282
0.1719289406
0.2064845082
0.2405686980
0.2586999778
0.2563583336
0.2424574009
0.2329101928
0.2363637612
0.2446854520
0.2419254961
0.2226654866
0.1970281675
0.1794973208
0.1764830825
0.1838039112
0.1940637146
0.2070386927
0.2315774817
0.2743297112
0.3275965501
0.3748110150
0.4068318306
0.4243463129
0.4280502827
0.4172166762
0.3972161119
0.3813397200
0.3840541256
0.4116453189
0.4559218496
0.4972494734
0.5171675295
0.5100216534
0.4821346746
0.4432867399
0.4004388064
0.3565687571
0.3127765550
0.2686938404
0.2209278608
0.1661234867
0.1076718469
0.0564425034
0.0230667641
0.0092936887
0.0057770766
-0.0026636587
-0.0275596430
-0.0683831098
-0.1143497443
-0.1563378408
-0.1930869789
-0.2261446415
-0.2547868332
-0.2772380304
-0.2922373454
-0.2989871700
-0.2987857498
-0.2966185664
-0.2977741086
-0.3017824040
-0.3019932078
-0.2928756758
-0.2750256186
-0.2497976822
-0.2157680002
-0.1748438605
-0.1339406374
-0.0968351742
-0.0612311246
-0.0264151597
0.0034589002
0.0260592240
0.0418227740
0.0473742940
0.0370906392
0.0126779424
-0.0140130339
-0.0288819501
-0.0262551847
-0.0136403849
-0.0062003458
-0.0162761624
-0.0478033115
-0.0954563400
-0.1449353225
-0.1815015376
-0.2037076952
-0.2216740492
-0.2397541591
-0.2521896313
-0.2578011877
-0.2658893874
-0.2848100149
-0.3125429038
-0.3393687599
-0.3544848858
-0.3516245577
-0.3305238401
-0.2955474188
-0.2553993770
-0.2194309297
-0.1905307039
-0.1641845677
-0.1355822567
-0.1039408291
-0.0702162689
-0.0349362821
0.0005161506
0.0317641548
0.0552957815
0.0745457511
0.0957602711
0.1180429137
0.1338783907
0.1389784636
0.1343551994
0.1194500777
0.0924178036
0.0585355179
0.0302545756
0.0151520399
0.0110634998
0.0124987196
0.0127541012
0.0018850571
-0.0273204601
-0.0683957521
-0.1015816361
-0.1083366446
-0.0874001116
-0.0578228478
-0.0426544378
-0.0468720146
-0.0561194561
-0.0572476847
-0.0528814424
-0.0537726696
-0.0631164737
-0.0736396476
-0.0750916054
-0.0611190316
-0.0324715914
0.0012877654
0.0262826726
0.0352818435
0.0340523314
0.0370667440
0.0557616229
0.0859303977
0.1076076383
0.1040317864
0.0799111213
0.0557296695
0.0449297372
0.0438109746
0.0437817471
0.0438182206
0.0489266748
0.0629602081
0.0849673191
0.1097681988
0.1317981720
0.1483235427
0.1593576705
0.1664719712
0.1721932297
0.1782465026
0.1818068731
0.1759249459
0.1571610124
0.1327738749
0.1170233531
0.1170175067
0.1235090915
0.1221152905
0.1116181248
0.1033511875
0.1026957234
0.1007496080
0.0860158960
0.0587198807
0.0309227403
0.0155181753
0.0167117494
0.0285084386
0.0408435988
0.0466968632
0.0457425059
0.0433006051
0.0453277520
0.0524904027
0.0580675924
0.0521616590
0.0297039055
-0.0056860130
-0.0444287378
-0.0780032853
-0.1049740640
-0.1322832286
-0.1681483134
-0.2108172526
-0.2482338232
-0.2706121724
-0.2796191885
-0.2844870116
-0.2930664298
-0.3074421645
-0.3245192205
-0.3380833035
-0.3425576190
-0.3385166225
-0.3335536119
-0.3332263075
-0.3321536842
-0.3187448115
-0.2873344570
-0.2424137558
-0.1941525905
-0.1519212452
-0.1184760851
-0.0865886890
-0.0445401467
0.0088715849
0.0585297071
0.0868311200
0.0896238314
0.0774023244
0.0648933770
0.0623374369
0.0723542347
0.0900154022
0.1073428555
0.1183904882
0.1193710550
0.1061607425
0.0765271884
0.0379512214
0.0072526022
-0.0043992890
-0.0040357242
-0.0086414589
-0.0269176716
-0.0533705432
-0.0760131499
-0.0845344814
-0.0753224675
-0.0568507730
-0.0465976819
-0.0551076062
-0.0759233915
-0.0917585935
-0.0876042728
-0.0605505057
-0.0222858673
0.0093779863
0.0235988020
0.0209216884
0.0072952825
-0.0103073032
-0.0239820307
-0.0278966735
-0.0220966569
-0.0102414785
0.0052859224
0.0244136357
0.0459574771
0.0649171557
0.0746245124
0.0728186897
0.0645418828
0.0558304968
0.0467174436
0.0355666861
0.0287052851
0.0393355757
0.0754365496
0.1297458829
0.1819517719
0.2134130076
0.2203834592
0.2129724551
0.2029610987
0.1940893917
0.1834203316
0.1679865623
0.1489021535
0.1311166999
0.1218423705
0.1281374650
0.1506206350
0.1783719727
0.1939869970
0.1870501847
0.1625562640
0.1358701775
0.1201667708
0.1177265888
0.1214653271
0.1235219280
0.1228643316
0.1244451418
0.1326271328
0.1474134135
0.1667796690
0.1901235055
0.2170319893
0.2448949032
0.2699330539
0.2905622308
0.3080801094
0.3234156705
0.3341254905
0.3353279785
0.3250487500
0.3103562515
0.3072322561
0.3284087580
0.3688017278
0.4074127735
0.4256699334
0.4211135494
0.4044766183
0.3881950068
0.3785108974
0.3731128558
0.3634959075
0.3429764776
0.3135482919
0.2833491366
0.2611949774
0.2558919951
0.2717585150
0.3009710160
0.3269818596
0.3405479362
0.3466933920
0.3523996653
0.3557918220
0.3532522231
0.3496047928
0.3540123034
0.3697726788
0.3916944562
0.4114070324
0.4226475579
0.4231770088
0.4161088155
0.4074810028
0.4004374665
0.3948507344
0.3933944079
0.4002366196
0.4129203437
0.4239100563
0.4306881921
0.4377437531
0.4472315211
0.4548433259
0.4577106669
0.4595873568
0.4647867584
0.4713270756
0.4735236840
0.4699609671
0.4667688170
0.4721181211
0.4880022909
0.5072022225
0.5190803715
0.5208635863
0.5217526057
0.5313235463
0.5451394958
0.5513445198
0.5481752126
0.5454434087
0.5578383249
0.5908695939
0.6197480881
0.6234293353
0.6263341307
0.6394008735
0.6279471520
0.6097519550
0.6300491255
0.6375727268
0.5893043074
0.5569548227
0.5848845523
0.6077677121
0.5890502613
0.5640648732
0.5508867601
0.5351470857
0.5115519681
0.4830141549
0.4475313235
0.4071586829
0.3719520700
0.3490574146
0.3373695482
0.3344400585
0.3400887870
0.3506903015
0.3567840490
0.3500432113
0.3306387434
0.3018183696
0.2610860724
0.2064008954
0.1477089053
0.1025220602
0.0800843039
0.0761528971
0.0810360241
0.0864419236
0.0877276009
0.0867723235
0.0898042894
0.0989509526
0.1095928910
0.1169384908
0.1211283477
0.1237712283
0.1241994949
0.1221661740
0.1212663064
0.1264126356
0.1387849671
0.1551226366
0.1708572642
0.1825777338
0.1881722479
0.1871597248
0.1817614759
0.1770558760
0.1770370587
0.1811297369
0.1863303582
0.1895769590
0.1856471962
0.1698855758
0.1471499945
0.1299805023
0.1240376914
0.1233163902
0.1194348462
0.1060448330
0.0774850397
0.0337337546
-0.0156823436
-0.0601894971
-0.0968710570
-0.1280539378
-0.1539492387
-0.1714979970
-0.1797406538
-0.1825083373
-0.1843527899
-0.1872319421
-0.1916851998
-0.1976521256
-0.2037731919
-0.2084148738
-0.2113377807
-0.2143988216
-0.2202444867
-0.2290580372
-0.2371292874
-0.2388105461
-0.2303084620
-0.2116930890
-0.1880230120
-0.1701310148
-0.1691586829
-0.1865453637
-0.2098281484
-0.2217011111
-0.2144622357
-0.1935094209
-0.1685742178
-0.1471558657
-0.1333817451
-0.1255661928
-0.1157241068
-0.0969524569
-0.0711979889
-0.0482931969
-0.0388076791
-0.0492787475
-0.0785932623
-0.1153550381
-0.1438423402
-0.1548894163
-0.1499537514
-0.1373563722
-0.1249152199
-0.1153763381
-0.1092325615
-0.1091623424
-0.1181530226
-0.1346318657
-0.1528845882
-0.1684367737
-0.1818109896
-0.1968955312
-0.2163931278
-0.2392065709
-0.2621260098
-0.2839002044
-0.3063242777
-0.3295235948
-0.3500538565
-0.3677810617
-0.3892318882
-0.4189803082
-0.4542964138
-0.4911683370
-0.5269168797
-0.5554175542
-0.5683889763
-0.5631774279
-0.5433736955
-0.5142304831
-0.4820214993
-0.4542445122
-0.4326674931
-0.4070625468
-0.3643441335
-0.3046260497
-0.2415636923
-0.1888006073
-0.1528441423
-0.1353040931
-0.1323793352
-0.1340621671
-0.1337365639
-0.1372485839
-0.1530771719
-0.1751149501
-0.1863938209
-0.1799913431
-0.1650748342
-0.1515115353
-0.1372200633
-0.1136031282
-0.0783935780
-0.0389898744
-0.0038426693
0.0247121134
0.0458774536
0.0548724522
0.0457008813
0.0186146973
-0.0181370163
-0.0539957747
-0.0821167134
-0.1017426831
-0.1142704271
-0.1161359397
-0.1040079505
-0.0890630641
-0.0955547796
-0.1367729368
-0.1968807590
-0.2461983540
-0.2730294848
-0.2902801874
-0.3133143556
-0.3413904586
-0.3624888153
-0.3713119721
-0.3757996543
-0.3825550546
-0.3840172888
-0.3712644289
-0.3558207950
-0.3626930667
-0.3984861706
-0.4395746907
-0.4534907841
-0.4248459311
-0.3644667025
-0.3011048769
-0.2607636330
-0.2482344805
-0.2483198184
-0.2443901969
-0.2319665185
-0.2147795671
-0.1966905188
-0.1814696456
-0.1726642693
-0.1688014246
-0.1632343713
-0.1526387791
-0.1435232553
-0.1483409752
-0.1724511576
-0.2027707047
-0.2176398924
-0.2178888747
-0.2292142401
-0.2566391599
-0.2787745587
-0.2978180099
-0.3324788465
-0.3545028504
-0.3442747352
-0.3315335807
-0.3485017938
-0.3607775808
-0.3490587593
-0.3299725759
-0.3176795859
-0.3053930826
-0.2911498034
-0.2808863872
-0.2775795043
-0.2788134980
-0.2806693485
-0.2805665551
-0.2769828264
-0.2688021481
-0.2567415131
-0.2451769154
-0.2405545513
-0.2456856520
-0.2558477061
-0.2645776982
-0.2718412908
-0.2800907416
-0.2876909535
-0.2940346481
-0.3052709110
-0.3267665053
-0.3517829320
-0.3671957437
-0.3713359190
-0.3770117754
-0.3958428160
-0.4282587531
-0.4665932123
-0.5000448818
-0.5180080893
-0.5165944002
-0.5043422204
-0.4954280836
-0.4949135439
-0.4939958116
-0.4801909464
-0.4499252120
-0.4105859296
-0.3732739799
-0.3439705403
-0.3226276862
-0.3076846489
-0.2980019990
-0.2914353361
-0.2858353599
-0.2817956067
-0.2816672985
-0.2859260466
-0.2928393921
-0.3006989678
-0.3098121642
-0.3237917012
-0.3458246568
-0.3704253827
-0.3854839971
-0.3877826020
-0.3904781870
-0.4092144830
-0.4449284307
-0.4854613597
-0.5196913642
-0.5443521167
-0.5603988644
-0.5700304213
-0.5757900021
-0.5776360611
-0.5730223730
-0.5615502684
-0.5455111257
-0.5258170785
-0.5021483635
-0.4747122598
-0.4431219175
-0.4073345087
-0.3709036511
-0.3394317345
-0.3158095866
-0.3007324035
-0.2945477666
-0.2940002974
-0.2905755773
-0.2766341243
-0.2533804924
-0.2306959227
-0.2189327662
-0.2209652768
-0.2319977462
-0.2470414985
-0.2645039689
-0.2804455997
-0.2874729012
-0.2829648757
-0.2704338993
-0.2519486718
-0.2274260791
-0.2004695069
-0.1773005791
-0.1605452478
-0.1478884576
-0.1364161933
-0.1253051817
-0.1139922837
-0.0995015912
-0.0785432998
-0.0502265615
-0.0149836387
0.0250781739
0.0640940663
0.0939208600
0.1082867760
0.1040064298
0.0794716040
0.0380672021
-0.0069761934
-0.0389617173
-0.0517570142
-0.0532279775
-0.0528134347
-0.0516901106
-0.0470646289
-0.0393947563
-0.0310561887
-0.0246976679
-0.0247830886
-0.0331246292
-0.0431812236
-0.0469963508
-0.0472258835
-0.0542378481
-0.0703365988
-0.0835557304
-0.0767837384
-0.0394862787
0.0221065094
0.0829846527
0.1155938895
0.1130808183
0.0927126436
0.0772106064
0.0760270932
0.0820841996
0.0834288623
0.0764524367
0.0675712409
0.0653729611
0.0745947638
0.0964850776
0.1286487070
0.1624752493
0.1847831406
0.1850788749
0.1637428999
0.1346142055
0.1159156682
0.1160273174
0.1301554377
0.1499823655
0.1717151084
0.1952918087
0.2209793566
0.2482205186
0.2735155149
0.2898923201
0.2945639126
0.2952482931
0.3025922905
0.3173348674
0.3306211813
0.3353060077
0.3321300357
0.3281394397
0.3318726204
0.3482003148
0.3741133833
0.3981580580
0.4060946973
0.3903441496
0.3566897194
0.3231337104
0.3081598644
0.3134111194
0.3217650227
0.3178812407
0.3046369924
0.2953068592
0.2968483412
0.3059386468
0.3153296693
0.3184133019
0.3119840665
0.3001690009
0.2930664021
0.2974534489
0.3109165551
0.3265229203
0.3401792518
0.3497057959
0.3529583978
0.3534410817
0.3602673338
0.3769823912
0.3959086374
0.4084242216
0.4139306975
0.4150092567
0.4117874165
0.4052404417
0.3988606776
0.3937945707
0.3868533654
0.3748324643
0.3576007632
0.3375386672
0.3175695188
0.2986297681
0.2785421752
0.2545284332
0.2262905264
0.1952144732
0.1625449559
0.1309263006
0.1065384717
0.0965863007
0.1037595787
0.1266235011
0.1634525847
0.2110043263
0.2606563313
0.3018834635
0.3304520257
0.3490777490
0.3620148406
0.3735994841
0.3889755000
0.4113537007
0.4387383548
0.4652735677
0.4866467393
0.5019050545
0.5109053683
0.5134131879
0.5109742134
0.5060067020
0.4978346042
0.4807230785
0.4482354217
0.4011081627
0.3486664147
0.3026434846
0.2705590891
0.2528439024
0.2439439372
0.2351374031
0.2193454990
0.1970617689
0.1764046188
0.1636515717
0.1557324175
0.1443835882
0.1249676012
0.0990907141
0.0723380617
0.0515114643
0.0434416425
0.0536736377
0.0847281673
0.1341493373
0.1917080825
0.2445400022
0.2867044967
0.3173068667
0.3323297874
0.3274590887
0.3078275794
0.2868804641
0.2762777878
0.2788451736
0.2896186920
0.3009618058
0.3062965143
0.3036958754
0.2974821338
0.2942390153
0.2955831777
0.2982441097
0.3000551781
0.2988745430
0.2878690927
0.2599400028
0.2205266863
0.1910409702
0.1936795273
0.2329969590
0.2948842470
0.3583259227
0.4043339222
0.4198798067
0.4019509487
0.3601760267
0.3128426830
0.2768165162
0.2578812305
0.2497518918
0.2427739017
0.2332355796
0.2249212339
0.2227833930
0.2254294482
0.2250016514
0.2150342128
0.1978910997
0.1835422017
0.1789802470
0.1800373662
0.1763445485
0.1640949824
0.1509373230
0.1483547131
0.1614842778
0.1856275015
0.2083067865
0.2158413011
0.2021600350
0.1731245293
0.1409360319
0.1153431944
0.1025653988
0.1074159950
0.1298927519
0.1600963591
0.1836704818
0.1944108744
0.1970464378
0.1970882103
0.1941464560
0.1856815023
0.1714059352
0.1527589189
0.1328196914
0.1185765975
0.1182713715
0.1347473171
0.1612242513
0.1834050094
0.1874126284
0.1691872017
0.1388450055
0.1124779488
0.0981012989
0.0920050144
0.0876359566
0.0839284120
0.0832193553
0.0847516788
0.0847942669
0.0825105737
0.0808724777
0.0800490003
0.0741738896
0.0588716557
0.0383713108
0.0209723845
0.0095092753
0.0013403328
-0.0044520964
-0.0054288511
0.0003441147
0.0119546942
0.0253947393
0.0347402742
0.0379610685
0.0405539249
0.0473708210
0.0538268311
0.0506471234
0.0351424793
0.0131889256
-0.0067348406
-0.0188612002
-0.0251348183
-0.0357382642
-0.0613742507
-0.1025240748
-0.1460697575
-0.1749295820
-0.1816877859
-0.1719116255
-0.1565591862
-0.1446753935
-0.1395838432
-0.1372873797
-0.1290448089
-0.1081176451
-0.0756936384
-0.0395367183
-0.0074846739
0.0176282480
0.0385484411
0.0588837665
0.0793373278
0.0982640613
0.1130413537
0.1197229439
0.1153109549
0.1017583365
0.0837048604
0.0627543589
0.0382304152
0.0118889441
-0.0131041886
-0.0356767273
-0.0556662775
-0.0708111367
-0.0785525133
-0.0801416020
-0.0809156942
-0.0857197061
-0.0951705379
-0.1075880399
-0.1245208861
-0.1508842616
-0.1869044401
-0.2229972457
-0.2456092327
-0.2467150301
-0.2273136614
-0.1953386577
-0.1622869681
-0.1390181998
-0.1306661115
-0.1351825429
-0.1447180936
-0.1481541512
-0.1378873619
-0.1169756058
-0.0972019126
-0.0893772167
-0.0980616647
-0.1223640942
-0.1539283873
-0.1758619291
-0.1737966241
-0.1500383991
-0.1225781234
-0.1080304762
-0.1087269878
-0.1169175440
-0.1262394627
-0.1361678794
-0.1495580179
-0.1685471716
-0.1913526843
-0.2111948006
-0.2180825678
-0.2054936238
-0.1762828089
-0.1408279691
-0.1097651088
-0.0889403443
-0.0800221573
-0.0816116118
-0.0895447162
-0.0993311168
-0.1094266776
-0.1214373141
-0.1362229247
-0.1507969317
-0.1594893542
-0.1581495185
-0.1478342958
-0.1350475378
-0.1283099293
-0.1331452943
-0.1488940225
-0.1702726801
-0.1915961690
-0.2089345388
-0.2204156903
-0.2276281199
-0.2362632958
-0.2516651964
-0.2725766461
-0.2924383163
-0.3068966521
-0.3177095715
-0.3296255443
-0.3450021833
-0.3604864331
-0.3695565014
-0.3686692319
-0.3605772036
-0.3517984999
-0.3469433902
-0.3465805295
-0.3481697291
-0.3462633645
-0.3346507336
-0.3116116857
-0.2833643543
-0.2606960536
-0.2498518909
-0.2465865037
-0.2401890271
-0.2238474149
-0.2009890513
-0.1808996452
-0.1690697412
-0.1644139635
-0.1634643761
-0.1623038126
-0.1560407020
-0.1418805259
-0.1250464202
-0.1166159813
-0.1223682246
-0.1364335190
-0.1470841615
-0.1478722930
-0.1430311768
-0.1433003126
-0.1559011516
-0.1780728071
-0.2015180525
-0.2216291012
-0.2381531557
-0.2482901073
-0.2481121958
-0.2415499083
-0.2387262659
-0.2433073590
-0.2487352095
-0.2493595440
-0.2486874607
-0.2540988915
-0.2685594437
-0.2874075281
-0.3008844658
-0.3017499291
-0.2927415538
-0.2831545818
-0.2780989851
-0.2751436932
-0.2714671015
-0.2691809402
-0.2707602804
-0.2732059936
-0.2700516164
-0.2575272551
-0.2386599435
-0.2200894444
-0.2047059876
-0.1901818032
-0.1733461327
-0.1544987822
-0.1388036565
-0.1340631911
-0.1442120043
-0.1637269106
-0.1805123448
-0.1866492661
-0.1849356461
-0.1848877697
-0.1945789588
-0.2144265007
-0.2356982813
-0.2474938055
-0.2483227674
-0.2485565940
-0.2588599812
-0.2798416298
-0.3037452431
-0.3209279612
-0.3243830594
-0.3140083035
-0.2988018559
-0.2907285295
-0.2940469368
-0.3022990334
-0.3043047051
-0.2932315221
-0.2722403398
-0.2518551491
-0.2405970032
-0.2395329865
-0.2452488337
-0.2529690728
-0.2571653450
-0.2526452683
-0.2379440752
-0.2174150802
-0.1983217628
-0.1858107955
-0.1802753843
-0.1794025134
-0.1832334174
-0.1953540376
-0.2176370511
-0.2460644887
-0.2750755612
-0.3031046756
-0.3304971740
-0.3536344640
-0.3655801056
-0.3616110805
-0.3440979283
-0.3226810402
-0.3070437587
-0.2983922679
-0.2903778770
-0.2774785753
-0.2580931425
-0.2332549035
-0.2075808055
-0.1882648939
-0.1779932030
-0.1703680125
-0.1575699130
-0.1399730282
-0.1232061531
-0.1109745000
-0.1071448080
-0.1197308784
-0.1541444020
-0.2024753670
-0.2462169732
-0.2692279936
-0.2661210014
-0.2443023320
-0.2215265151
-0.2142658713
-0.2232740292
-0.2340236650
-0.2332963165
-0.2203802470
-0.2015167088
-0.1827828067
-0.1704495258
-0.1702811770
-0.1821698273
-0.1979255855
-0.2059697156
-0.2004918309
-0.1884125160
-0.1841795398
-0.1959557623
-0.2181935541
-0.2374995743
-0.2444678440
-0.2376693301
-0.2206820594
-0.2008620504
-0.1872712131
-0.1842558240
-0.1879394692
-0.1913085835
-0.1912575276
-0.1892599990
-0.1886519902
-0.1934947565
-0.2058450681
-0.2222604243
-0.2356501473
-0.2416757102
-0.2410514499
-0.2372947237
-0.2335720841
-0.2316689434
-0.2322485934
-0.2336695479
-0.2311011795
-0.2188618178
-0.1954878071
-0.1648927628
-0.1322758892
-0.1023437294
-0.0803086380
-0.0691773688
-0.0662197605
-0.0673489760
-0.0743353978
-0.0923631922
-0.1213798279
-0.1543794685
-0.1841140110
-0.2083727231
-0.2289012211
-0.2474297830
-0.2631339855
-0.2724113573
-0.2724488655
-0.2633740162
-0.2470691290
-0.2266788755
-0.2066239412
-0.1903394823
-0.1768970619
-0.1616933468
-0.1408669978
-0.1145888002
-0.0859382477
-0.0581715723
-0.0355816597
-0.0237449229
-0.0245371268
-0.0336845954
-0.0459560800
-0.0597965868
-0.0745764760
-0.0873520337
-0.0967708527
-0.1059415163
-0.1172045825
-0.1272397060
-0.1296779877
-0.1205955023
-0.1026016426
-0.0843902488
-0.0747790542
-0.0764184074
-0.0847638625
-0.0924582879
-0.0940829731
-0.0879393391
-0.0762122475
-0.0631766621
-0.0528284371
-0.0465547997
-0.0421520874
-0.0353854587
-0.0240085855
-0.0108546908
-0.0015378825
0.0011152232
-0.0006015199
-0.0021384500
-0.0014540473
-0.0004006821
-0.0024561047
-0.0096591917
-0.0211037914
-0.0338531263
-0.0437849088
-0.0474403506
-0.0451644472
-0.0423252001
-0.0452838119
-0.0548581238
-0.0648235402
-0.0681922492
-0.0628515810
-0.0507102533
-0.0347446693
-0.0167140087
0.0027488711
0.0215950937
0.0364198352
0.0462189673
0.0547368326
0.0667586639
0.0830202212
0.0993298506
0.1109735525
0.1166112775
0.1175404524
0.1157419210
0.1138240453
0.1143382528
0.1158263206
0.1124144909
0.1002010790
0.0823119545
0.0664503140
0.0579030043
0.0552609447
0.0526174335
0.0458301448
0.0359959479
0.0267995537
0.0207449519
0.0194744073
0.0238854802
0.0314592116
0.0375727360
0.0416641708
0.0481753741
0.0602707997
0.0759842608
0.0916501258
0.1055771613
0.1166596594
0.1237030952
0.1277046086
0.1312602433
0.1368807999
0.1460483807
0.1587409018
0.1724835263
0.1830048857
0.1867447688
0.1835913755
0.1774454809
0.1740554577
0.1771245976
0.1850974623
0.1913538011
0.1891775822
0.1778520704
0.1637561565
0.1556030123
0.1577612007
0.1681418303
0.1813465843
0.1915176676
0.1941576151
0.1889147323
0.1799248398
0.1726875917
0.1706218065
0.1731835886
0.1761177565
0.1745576961
0.1691268007
0.1667583256
0.1728273975
0.1861526634
0.2011690749
0.2117747195
0.2149399432
0.2135426533
0.2139435685
0.2195262987
0.2275754471
0.2338855969
0.2374531954
0.2389010462
0.2382332825
0.2359410785
0.2339417698
0.2342199724
0.2371414043
0.2411974332
0.2437808156
0.2428630997
0.2397347541
0.2389925754
0.2436989356
0.2511614845
0.2556587247
0.2546229147
0.2500228505
0.2444108432
0.2391225017
0.2350069323
0.2320125036
0.2281057770
0.2214272920
0.2131680109
0.2063385351
0.2027802980
0.2010857135
0.1987145458
0.1959520085
0.1965448269
0.2035033724
0.2163060978
0.2327959098
0.2503310824
0.2654506888
0.2762244674
0.2841398520
0.2915687122
0.2988576368
0.3051298923
0.3094308379
0.3098668222
0.3045207948
0.2938349943
0.2808146042
0.2691393421
0.2612997351
0.2577534203
0.2556810658
0.2498371727
0.2377222411
0.2231117806
0.2126282678
0.2102791645
0.2158947409
0.2263011412
0.2370976843
0.2441779768
0.2457410217
0.2447406859
0.2471429378
0.2558878793
0.2673181873
0.2746292992
0.2756395995
0.2750924638
0.2787142284
0.2857476326
0.2897914867
0.2860293818
0.2746548993
0.2601153241
0.2484599410
0.2433791642
0.2428763113
0.2404277126
0.2311005719
0.2147384449
0.1946838197
0.1758831255
0.1621429109
0.1534286307
0.1476950847
0.1443174557
0.1436728685
0.1459156029
0.1517635339
0.1612120949
0.1718066832
0.1818897341
0.1950360528
0.2175528704
0.2506592162
0.2884092304
0.3220976918
0.3453079931
0.3580042488
0.3661537057
0.3756128491
0.3863169224
0.3937788593
0.3949903367
0.3906337335
0.3819418252
0.3695221531
0.3553943298
0.3417793422
0.3285512350
0.3137472662
0.2959988963
0.2767163324
0.2601762148
0.2497588334
0.2453246942
0.2444979055
0.2449146192
0.2450961203
0.2447803974
0.2451051423
0.2471765259
0.2498479053
0.2500379678
0.2465257802
0.2413148374
0.2376878918
0.2378435390
0.2409567802
0.2434296735
0.2418562894
0.2369787530
0.2339039113
0.2365884561
0.2430385280
0.2465169685
0.2410963564
0.2275245022
0.2125679159
0.2024849470
0.1985979759
0.1975753639
0.1945508434
0.1868979884
0.1765197680
0.1683636304
0.1667248096
0.1730625234
0.1856534489
0.1991968783
0.2070907250
0.2073186064
0.2048668822
0.2081644802
0.2224228780
0.2450959710
0.2667639567
0.2783594552
0.2778804729
0.2700103745
0.2601134815
0.2494540363
0.2367277960
0.2219790541
0.2075376302
0.1948007094
0.1831556784
0.1722807889
0.1623170992
0.1529288273
0.1440064282
0.1365478882
0.1328015585
0.1344974305
0.1401905164
0.1455270750
0.1474977990
0.1489149913
0.1555247581
0.1697276683
0.1893578041
0.2098709227
0.2264913651
0.2366156062
0.2410416217
0.2424565404
0.2433599235
0.2462094170
0.2521015742
0.2585883639
0.2606075150
0.2547682730
0.2440014112
0.2367254158
0.2387930480
0.2468082021
0.2506117235
0.2423684279
0.2219079865
0.1942056462
0.1640125398
0.1322224658
0.0961468887
0.0554907271
0.0167237425
-0.0114061440
-0.0265386054
-0.0324162040
-0.0315941719
-0.0249215153
-0.0156301073
-0.0070665448
0.0025645478
0.0180127112
0.0406950109
0.0687568238
0.0995037263
0.1292541304
0.1544356081
0.1757451731
0.1982079227
0.2246177467
0.2503268079
0.2675293053
0.2718914991
0.2637567706
0.2462278927
0.2235375000
0.1990574431
0.1736413277
0.1465828618
0.1175082727
0.0875400823
0.0584693406
0.0320482344
0.0101963836
-0.0049420080
-0.0122266037
-0.0133521928
-0.0111798137
-0.0073687272
-0.0030500606
-0.0001178029
0.0009983498
0.0037002363
0.0110951808
0.0225054521
0.0362508789
0.0522336099
0.0699493770
0.0873170878
0.1016263247
0.1111044485
0.1161289315
0.1192638153
0.1234748298
0.1291950118
0.1335516776
0.1323050207
0.1227658560
0.1062149787
0.0880614019
0.0752998403
0.0712220825
0.0713131371
0.0656807268
0.0473715455
0.0198962550
-0.0050726325
-0.0178980059
-0.0177401014
-0.0103204046
-0.0026239299
0.0006181100
-0.0007176888
-0.0023362719
0.0006958630
0.0104413157
0.0253272636
0.0418739335
0.0564052227
0.0654424940
0.0666659303
0.0602687072
0.0505096302
0.0431212723
0.0392409167
0.0336780754
0.0205110115
-0.0000132790
-0.0223177073
-0.0416022949
-0.0558704014
-0.0633476497
-0.0619488583
-0.0531121341
-0.0431271468
-0.0382830678
-0.0390499920
-0.0400398763
-0.0355054261
-0.0239095989
-0.0084810546
0.0061214838
0.0172914228
0.0247467524
0.0291683719
0.0316751195
0.0345558763
0.0395943398
0.0450731069
0.0465225877
0.0398589917
0.0246910112
0.0053109911
-0.0117781463
-0.0218349400
-0.0251816350
-0.0267381184
-0.0319161985
-0.0432080085
-0.0599500883
-0.0783047878
-0.0932414158
-0.1020116937
-0.1051810583
-0.1048659970
-0.1039496048
-0.1054820328
-0.1097385590
-0.1125883814
-0.1089269761
-0.0981999116
-0.0837073373
-0.0685754171
-0.0547468371
-0.0437221317
-0.0363689912
-0.0319385578
-0.0288218446
-0.0260954666
-0.0232288781
-0.0193968206
-0.0152837663
-0.0136887638
-0.0159045604
-0.0202100581
-0.0238316005
-0.0262723076
-0.0293158002
-0.0347219059
-0.0437711974
-0.0573338295
-0.0751633728
-0.0959054149
-0.1179113577
-0.1386624215
-0.1541181999
-0.1606297062
-0.1586813526
-0.1530633565
-0.1479308545
-0.1437437890
-0.1396349709
-0.1356646309
-0.1312884903
-0.1247729067
-0.1153568516
-0.1038713456
-0.0914008751
-0.0782826338
-0.0643427609
-0.0496447235
-0.0360259400
-0.0278618724
-0.0280881927
-0.0336736684
-0.0383306116
-0.0400213119
-0.0426652613
-0.0496112600
-0.0590460160
-0.0671991288
-0.0736398393
-0.0815367665
-0.0933177612
-0.1068837236
-0.1173907989
-0.1223118906
-0.1222179929
-0.1195195895
-0.1183846203
-0.1223208983
-0.1306803897
-0.1395476003
-0.1459408089
-0.1498681791
-0.1529496325
-0.1564412011
-0.1611514384
-0.1669617999
-0.1713688417
-0.1703992256
-0.1629202684
-0.1530724291
-0.1470849477
-0.1477598969
-0.1519848837
-0.1538078951
-0.1491917770
-0.1381341923
-0.1247433649
-0.1157309977
-0.1144311995
-0.1167167379
-0.1160873584
-0.1110395915
-0.1054296601
-0.1035036687
-0.1069881259
-0.1151770071
-0.1262303374
-0.1386131906
-0.1510977794
-0.1622484588
-0.1702531193
-0.1737907972
-0.1732179035
-0.1705146714
-0.1678012791
-0.1660129993
-0.1661661896
-0.1696011514
-0.1752963672
-0.1785741863
-0.1757804090
-0.1685651557
-0.1614133689
-0.1562539306
-0.1516479536
-0.1459805886
-0.1387495898
-0.1299924189
-0.1216541187
-0.1179882247
-0.1211953291
-0.1280280823
-0.1328858726
-0.1329242414
-0.1283158697
-0.1208863538
-0.1134711582
-0.1083162665
-0.1057641948
-0.1044897492
-0.1030641349
-0.1007560128
-0.0975907625
-0.0948076744
-0.0943520201
-0.0969366611
-0.1011689442
-0.1054296878
-0.1101706974
-0.1167241033
-0.1249447714
-0.1330744647
-0.1395754161
-0.1450908764
-0.1518877130
-0.1608776762
-0.1705064895
-0.1788265883
-0.1855426371
-0.1907904482
-0.1938137412
-0.1941569574
-0.1921962475
-0.1876598748
-0.1795224093
-0.1692238275
-0.1616490102
-0.1600822284
-0.1622193361
-0.1622635317
-0.1557114068
-0.1424357478
-0.1268820024
-0.1155414497
-0.1127468373
-0.1179969346
-0.1261146163
-0.1305021840
-0.1275955158
-0.1195517953
-0.1119768138
-0.1096720495
-0.1136723126
-0.1214271765
-0.1298067114
-0.1362066347
-0.1392523298
-0.1402422253
-0.1430974324
-0.1516862723
-0.1651085477
-0.1774812134
-0.1828334161
-0.1796562684
-0.1712972534
-0.1628621595
-0.1575158013
-0.1554766190
-0.1554688764
-0.1564300713
-0.1569235377
-0.1546575166
-0.1473885755
-0.1344992268
-0.1186550832
-0.1045494379
-0.0956431346
-0.0926065365
-0.0939089965
-0.0971158244
-0.1004780497
-0.1037172205
-0.1079338039
-0.1144544395
-0.1226165452
-0.1290420272
-0.1310211328
-0.1305548092
-0.1324658753
-0.1391936973
-0.1488667642
-0.1577479429
-0.1633462804
-0.1647362075
-0.1623139472
-0.1585336396
-0.1566863605
-0.1583786843
-0.1620229076
-0.1638846853
-0.1603096331
-0.1506326341
-0.1386885217
-0.1305788741
-0.1298497759
-0.1344247771
-0.1381504532
-0.1352089283
-0.1233579251
-0.1047872312
-0.0849398869
-0.0700730595
-0.0642718255
-0.0663585935
-0.0700308899
-0.0691897543
-0.0631790990
-0.0565209466
-0.0544524154
-0.0579729540
-0.0618927227
-0.0594408668
-0.0492744221
-0.0366154900
-0.0280072400
-0.0257980863
-0.0280072020
-0.0317892674
-0.0357894052
-0.0397005532
-0.0431344584
-0.0456039476
-0.0466428233
-0.0468979487
-0.0492995267
-0.0568916637
-0.0695440824
-0.0842624786
-0.0979807710
-0.1098978442
-0.1212586973
-0.1332472521
-0.1454619810
-0.1565243913
-0.1652986046
-0.1717773202
-0.1769922060
-0.1815749317
-0.1846644066
-0.1851175472
-0.1835390552
-0.1808627494
-0.1758353181
-0.1663261864
-0.1521902520
-0.1356687037
-0.1197527855
-0.1062645322
-0.0956467573
-0.0872573633
-0.0793885113
-0.0708404689
-0.0631379498
-0.0594502966
-0.0602388556
-0.0616924479
-0.0594472814
-0.0534424936
-0.0474583504
-0.0454461649
-0.0487159528
-0.0550982662
-0.0607464005
-0.0630696525
-0.0625414987
-0.0620287989
-0.0644635322
-0.0701450306
-0.0764248731
-0.0802727419
-0.0810238917
-0.0800340899
-0.0780400679
-0.0749206891
-0.0714439202
-0.0694663811
-0.0698103684
-0.0712210950
-0.0716127710
-0.0691544380
-0.0625659030
-0.0528538857
-0.0434955523
-0.0372944965
-0.0338425653
-0.0309349397
-0.0268422434
-0.0214427093
-0.0171114218
-0.0179635631
-0.0253568922
-0.0352855996
-0.0422063603
-0.0436769706
-0.0399340249
-0.0320600512
-0.0212809923
-0.0084351740
0.0055395267
0.0188899543
0.0290938741
0.0340299167
0.0336836865
0.0302120436
0.0261979592
0.0237995777
0.0240725068
0.0262959599
0.0279629456
0.0261638703
0.0202836457
0.0134612026
0.0092834496
0.0075938895
0.0047690393
-0.0021042544
-0.0119950258
-0.0216087293
-0.0279882161
-0.0290162665
-0.0241144294
-0.0151356534
-0.0057735748
0.0007375104
0.0032559678
0.0032958193
0.0036148268
0.0053289582
0.0070309250
0.0063883560
0.0026505195
-0.0032773064
-0.0094821587
-0.0128675446
-0.0110399687
-0.0051644240
0.0000855518
0.0007564052
-0.0022781366
-0.0045048402
-0.0021615261
0.0044622373
0.0113988382
0.0150240942
0.0150503581
0.0136988810
0.0132915825
0.0147723704
0.0174808682
0.0197582735
0.0198587500
0.0177728207
0.0163722089
0.0188597025
0.0258772627
0.0353562982
0.0450268526
0.0542728820
0.0637435402
0.0732628139
0.0814402768
0.0878808070
0.0939518013
0.1011359863
0.1089436371
0.1153275938
0.1181636793
0.1162617000
0.1103617850
0.1034268310
0.0984633985
0.0952822360
0.0900398858
0.0790164961
0.0624493517
0.0444954314
0.0312442561
0.0274250990
0.0331417713
0.0440578341
0.0552900899
0.0639783077
0.0695068473
0.0735047816
0.0785597245
0.0858317143
0.0940358524
0.1007218839
0.1043682583
0.1039563035
0.0988962768
0.0894995287
0.0765465671
0.0615289966
0.0480715334
0.0399451879
0.0372891381
0.0367007710
0.0356602671
0.0350727451
0.0362522620
0.0383608540
0.0395386378
0.0387362821
0.0362748704
0.0330856755
0.0301276633
0.0286133867
0.0297358862
0.0342613250
0.0414017025
0.0487961080
0.0542285923
0.0575573958
0.0599875556
0.0624661625
0.0657763498
0.0713813178
0.0803001530
0.0910053912
0.1000853250
0.1052257506
0.1068100253
0.1072346541
0.1086204636
0.1111366975
0.1130771065
0.1119370148
0.1067260187
0.0993523193
0.0926637632
0.0879693934
0.0841724352
0.0793775875
0.0730438435
0.0662897761
0.0607474980
0.0570787195
0.0539413114
0.0492806465
0.0426895997
0.0364600020
0.0344127675
0.0393160692
0.0505740539
0.0641295656
0.0751547887
0.0818397994
0.0863666600
0.0917968089
0.0994145547
0.1088588948
0.1198568565
0.1319364745
0.1436388123
0.1529928697
0.1581669847
0.1582577355
0.1540142040
0.1481475079
0.1437400471
0.1418393070
0.1407178636
0.1379335549
0.1320668846
0.1227604054
0.1109776595
0.0986793745
0.0878172454
0.0795619864
0.0744335321
0.0719621260
0.0704998734
0.0686714481
0.0668087423
0.0658966416
0.0657720193
0.0666685475
0.0704162283
0.0774048955
0.0844247844
0.0875995182
0.0862659908
0.0826613996
0.0801938635
0.0817761758
0.0883252302
0.0979863252
0.1065656600
0.1102312769
0.1082696422
0.1029509785
0.0983986915
0.0986094695
0.1042921802
0.1122555914
0.1186813221
0.1218517933
0.1222070907
0.1210997019
0.1199133355
0.1190186094
0.1173558295
0.1145314657
0.1120452354
0.1118012248
0.1137372256
0.1158608467
0.1167267275
0.1174204805
0.1204783463
0.1272528092
0.1368037215
0.1452935079
0.1478593703
0.1429028609
0.1345662367
0.1292405170
0.1296860834
0.1336760719
0.1374409656
0.1385124787
0.1357267984
0.1295673608
0.1222897805
0.1160114405
0.1107355338
0.1055213423
0.1007711963
0.0976722178
0.0963769755
0.0959807924
0.0958155381
0.0960774503
0.0962964612
0.0949450390
0.0903698020
0.0823359379
0.0727434682
0.0652340715
0.0632427030
0.0669983607
0.0728187142
0.0768040116
0.0789036417
0.0814390153
0.0852165980
0.0885073133
0.0893406697
0.0879712299
0.0865964646
0.0883311545
0.0953340550
0.1074266377
0.1222675446
0.1365670474
0.1470675346
0.1517532228
0.1516001143
0.1499533692
0.1487716562
0.1467074959
0.1421563873
0.1353530794
0.1275629527
0.1203766732
0.1165235875
0.1183673253
0.1243219150
0.1284278877
0.1250451454
0.1130824547
0.0963095756
0.0809232086
0.0718052540
0.0698947811
0.0721446394
0.0742930865
0.0738498590
0.0709589423
0.0678444981
0.0678972328
0.0734128821
0.0835852995
0.0949160395
0.1030712496
0.1057751843
0.1039411760
0.1015253360
0.1040508561
0.1146909722
0.1310296570
0.1457315057
0.1509934711
0.1442496791
0.1296699755
0.1142645684
0.1031904121
0.0977981318
0.0966380804
0.0974046775
0.0977102460
0.0950409705
0.0885611667
0.0805839809
0.0746742141
0.0725793526
0.0738785805
0.0769481051
0.0796637806
0.0804067013
0.0797197322
0.0799918228
0.0838127175
0.0917005776
0.1019011658
0.1115743206
0.1171484398
0.1157409828
0.1075701353
0.0957494083
0.0842124594
0.0765595186
0.0752341018
0.0796891327
0.0862097399
0.0905230241
0.0907181059
0.0880772293
0.0852791544
0.0838103474
0.0831079391
0.0820859700
0.0804344010
0.0784059699
0.0762592466
0.0737840792
0.0703261760
0.0658354271
0.0614450474
0.0582729586
0.0565654089
0.0564273858
0.0584190035
0.0626199432
0.0683654139
0.0753233656
0.0829977925
0.0899447175
0.0946378274
0.0970961630
0.0991703852
0.1023283923
0.1065694046
0.1103660779
0.1113300282
0.1080733522
0.1011275887
0.0929878171
0.0872104942
0.0868559603
0.0922504232
0.1006225778
0.1078061160
0.1100883527
0.1063020689
0.0985177518
0.0904979562
0.0850091974
0.0819937881
0.0795384017
0.0757183149
0.0697888621
0.0635459002
0.0600832943
0.0602450519
0.0620088056
0.0622142354
0.0585242081
0.0503682571
0.0393080244
0.0287717162
0.0228481510
0.0242801154
0.0326553932
0.0441805326
0.0546692321
0.0621331254
0.0662852498
0.0674756249
0.0668633062
0.0668052676
0.0701108955
0.0773831869
0.0851305887
0.0888098554
0.0872096389
0.0842639315
0.0855574056
0.0932106553
0.1034002463
0.1090866411
0.1057090072
0.0940918549
0.0790468132
0.0662029492
0.0583234274
0.0544259205
0.0510702836
0.0448744947
0.0351949698
0.0250722105
0.0188388094
0.0185117495
0.0228255524
0.0292758510
0.0362710176
0.0437808342
0.0523522311
0.0623522744
0.0733381579
0.0834425814
0.0899927319
0.0921298193
0.0914302413
0.0907653469
0.0928569844
0.0976485318
0.1015646204
0.1007860223
0.0948833527
0.0862655982
0.0776051989
0.0702227555
0.0641421184
0.0584096135
0.0523145864
0.0525760890
0.0487007985
0.0466232624
0.0451095790
0.0437440668
0.0426445362
0.0417056257
0.0415370081
0.0432492511
0.0464905329
0.0495399755
0.0512619713
0.0516570761
0.0515728251
0.0521871933
0.0538890895
0.0552963669
0.0546033657
0.0519520584
0.0493550239
0.0482812304
0.0488149443
0.0509705851
0.0549497920
0.0600820762
0.0642745695
0.0654572592
0.0632850476
0.0589426793
0.0543634339
0.0521053127
0.0546787294
0.0617096048
0.0687523105
0.0708750948
0.0663764567
0.0571860890
0.0474117574
0.0405988372
0.0371240716
0.0345142211
0.0298077611
0.0216279095
0.0106872333
-0.0009007653
-0.0107385938
-0.0171647345
-0.0200622558
-0.0206875907
-0.0200062254
-0.0178036284
-0.0130837862
-0.0055942831
0.0029186357
0.0099671175
0.0145196517
0.0176393552
0.0215309822
0.0272556088
0.0337080419
0.0392228837
0.0435180996
0.0471685886
0.0502559099
0.0534157449
0.0579072663
0.0637934331
0.0692179583
0.0712673864
0.0686599536
0.0629890104
0.0583260089
0.0586713807
0.0642671359
0.0708678558
0.0732947843
0.0697787599
0.0632981259
0.0583085752
0.0563807657
0.0555175800
0.0523973759
0.0455157616
0.0363136993
0.0276539944
0.0218070424
0.0191345185
0.0184676002
0.0178983864
0.0158450673
0.0121908185
0.0082776365
0.0059511052
0.0059753102
0.0077607284
0.0107732116
0.0142236071
0.0162615602
0.0151166965
0.0116080889
0.0094788127
0.0119503187
0.0181777287
0.0236978407
0.0237712508
0.0176358257
0.0093678489
0.0045075746
0.0061818403
0.0138536736
0.0238607926
0.0309296983
0.0315052544
0.0265688066
0.0205859520
0.0172435984
0.0167289705
0.0170553116
0.0158670162
0.0120136674
0.0061773811
0.0003788227
-0.0031249573
-0.0034080002
-0.0011125599
0.0019985054
0.0045305735
0.0062033175
0.0069773288
0.0066556192
0.0051758330
0.0031325739
0.0020314096
0.0032900457
0.0072701932
0.0133614852
0.0200688033
0.0247313055
0.0243534967
0.0181876560
0.0089363744
0.0008263889
-0.0034786353
-0.0043453057
-0.0036399897
-0.0028562994
-0.0029209683
-0.0042809990
-0.0068276527
-0.0097907349
-0.0114346953
-0.0094437703
-0.0036311015
0.0027187196
0.0052854999
0.0023040056
-0.0045406637
-0.0117190714
-0.0161607548
-0.0166372950
-0.0144632928
-0.0129605897
-0.0149063033
-0.0204541693
-0.0275712556
-0.0341597539
-0.0385832808
-0.0390193490
-0.0356303115
-0.0315380983
-0.0299807216
-0.0313119575
-0.0328873968
-0.0315395607
-0.0258644240
-0.0174252067
-0.0100226715
-0.0067969172
-0.0079470346
-0.0108648068
-0.0128888567
-0.0133558511
-0.0132604564
-0.0137028876
-0.0149463882
-0.0165590256
-0.0182927528
-0.0207358161
-0.0243302605
-0.0286515796
-0.0322417896
-0.0338427780
-0.0341293344
-0.0351557379
-0.0382381847
-0.0430141670
-0.0481660778
-0.0524527811
-0.0556204873
-0.0583220610
-0.0614530731
-0.0655096703
-0.0703857471
-0.0755125120
-0.0800203343
-0.0831600391
-0.0847436046
-0.0849727941
-0.0840874331
-0.0822865766
-0.0800222846
-0.0777252453
-0.0755376397
-0.0733584215
-0.0705727782
-0.0667357600
-0.0622052205
-0.0577670930
-0.0537919240
-0.0500896567
-0.0468847907
-0.0452083008
-0.0455382440
-0.0469368778
-0.0477301068
-0.0467315098
-0.0437239041
-0.0392319029
-0.0346474408
-0.0316910335
-0.0311435948
-0.0326921234
-0.0360421603
-0.0412961087
-0.0486061959
-0.0579862349
-0.0688079864
-0.0795555095
-0.0883179873
-0.0939004791
-0.0964986630
-0.0978435495
-0.0999493899
-0.1037893162
-0.1086858084
-0.1128433557
-0.1151199463
-0.1160452705
-0.1168988943
-0.1182228858
-0.1190814987
-0.1176398910
-0.1131047570
-0.1066367211
-0.1007010339
-0.0972343686
-0.0960798264
-0.0956919978
-0.0949603408
-0.0937992085
-0.0923693095
-0.0904962637
-0.0879536551
-0.0848352253
-0.0815587668
-0.0787109380
-0.0765191605
-0.0744120616
-0.0719347928
-0.0700045532
-0.0701307798
-0.0728779714
-0.0774770584
-0.0824994572
-0.0864650619
-0.0886136149
-0.0891465771
-0.0886981226
-0.0877440350
-0.0867890938
-0.0867000888
-0.0883564373
-0.0918668937
-0.0963850934
-0.1004045497
-0.1024080619
-0.1019940386
-0.1005850684
-0.1001889528
-0.1016496152
-0.1041506137
-0.1058739417
-0.1053687149
-0.1032319621
-0.1022298352
-0.1049325692
-0.1111604895
-0.1183689197
-0.1238153821
-0.1262257435
-0.1260330068
-0.1245795325
-0.1233170499
-0.1233354348
-0.1248783697
-0.1272794437
-0.1294434347
-0.1308434005
-0.1318413314
-0.1331111284
-0.1348586486
-0.1362946901
-0.1360680341
-0.1334059948
-0.1286220880
-0.1227985114
-0.1173478175
-0.1135185073
-0.1120954191
-0.1130657653
-0.1153520810
-0.1173963499
-0.1182586140
-0.1182168638
-0.1184023739
-0.1194968460
-0.1210980587
-0.1227349528
-0.1247120470
-0.1273874170
-0.1305481045
-0.1336746782
-0.1364878473
-0.1390517784
-0.1415193070
-0.1438807217
-0.1456615825
-0.1461974315
-0.1454369995
-0.1441796156
-0.1433482356
-0.1435773551
-0.1449214345
-0.1466276064
-0.1477590110
-0.1480396107
-0.1482561367
-0.1493632175
-0.1513180074
-0.1532831580
-0.1544263966
-0.1544024331
-0.1533495853
-0.1518156933
-0.1505163750
-0.1498072524
-0.1495462308
-0.1493453244
-0.1491074563
-0.1491379471
-0.1497295924
-0.1509448862
-0.1525835287
-0.1542875610
-0.1556645839
-0.1565449911
-0.1571294995
-0.1577598609
-0.1587825797
-0.1604020739
-0.1625393033
-0.1649026288
-0.1670244686
-0.1683242661
-0.1685424561
-0.1680652960
-0.1675389724
-0.1672008659
-0.1668494313
-0.1664203815
-0.1662982505
-0.1669207619
-0.1683958302
-0.1705342262
-0.1728504952
-0.1748591011
-0.1762810985
-0.1770971341
-0.1775643791
-0.1781256202
-0.1790935495
-0.1803683644
-0.1814177700
-0.1817145865
-0.1812400884
-0.1805088252
-0.1801071841
-0.1801382082
-0.1801671709
-0.1796501890
-0.1785251569
-0.1773181755
-0.1766642899
-0.1767929252
-0.1774977388
-0.1783943533
-0.1792279740
-0.1798878964
-0.1804136436
-0.1810410737
-0.1819604313
-0.1830634418
-0.1842020943
-0.1854468747
-0.1869886253
-0.1888177271
-0.1906746278
-0.1922919789
-0.1935803524
-0.1946687836
-0.1958135989
-0.1969956136
-0.1978465677
-0.1981251106
-0.1979742977
-0.1977595287
-0.1977305278
-0.1979443686
-0.1982742605
-0.1984998186
-0.1984738016
-0.1982123172
-0.1978132064
-0.1972822680
-0.1965833781
-0.1958068954
-0.1951443127
-0.1947498243
-0.1946728895
-0.1948606588
-0.1952120057
-0.1956942131
-0.1963770352
-0.1972984071
-0.1983115034
-0.1991653852
-0.1997489186
-0.2001556860
-0.2005823368
-0.2011909018
-0.2019717564
-0.2027569339
-0.2033903221
-0.2038460217
-0.2041811761
-0.2044201672
-0.2045436316
-0.2045619538
-0.2045149664
-0.2044055560
-0.2041925217
-0.2038394143
-0.2033688221
-0.2028732738
-0.2024831579
-0.2022822037
-0.2022378732
-0.2022625596
-0.2023303540
-0.2024606864
-0.2026156601
-0.2027120242
-0.2027257732
-0.2027409912
-0.2028748156
-0.2031594624
-0.2035285098
-0.2038946506
-0.2042089029
-0.2044680971
-0.2046833591
-0.2048460377
-0.2049573476
-0.2050533044
-0.2051583879
-0.2052477854
-0.2052768509
-0.2052288697
-0.2051187406
-0.2049769128
-0.2048427143
-0.2047425131
-0.2046691224
-0.2046020394
-0.2045295471
-0.2044393434
-0.2043084233
-0.2041135119
-0.2038551526
-0.2035736065
-0.2033197311
-0.2031147986
-0.2029394276
-0.2027615499
-0.2025744132
-0.2023847384
-0.2021886435
-0.2019804602
-0.2017590277
-0.2015269682
-0.2012856594
-0.2010289801
-0.2007517084
-0.2004576370
-0.2001584487
-0.1998699495
-0.1996011970
-0.1993464415
-0.1990968813
-0.1988473461
-0.1985923626
-0.1983222116
-0.1980257623
-0.1977020732
-0.1973620362
-0.1970189886
-0.1966794302
-0.1963404619
-0.1959911204
-0.1956210299
-0.1952292866
-0.1948213243
-0.1944023755
-0.1939750073
-0.1935396017
-0.1930941750
-0.1926352258
-0.1921596722
-0.1916660804
-0.1911551613
-0.1906311229
-0.1900999992
-0.1895649878
-0.1890245395
-0.1884760321
-0.1879191683
-0.1873548189
-0.1867825805
-0.1862020707
-0.1856140244
-0.1850194488
-0.1844182357
-0.1838091640
-0.1831916224
-0.1825662514
-0.1819338249
-0.1812940316
-0.1806454572
-0.1799868606
-0.1793177584
-0.1786381651
-0.1779482922
-0.1772485462
-0.1765394481
-0.1758213660
-0.1750943583
-0.1743581534
-0.1736124334
-0.1728571006
-0.1720923815
-0.1713186556
-0.1705362066
-0.1697451206
-0.1689453104
-0.1681366931
-0.1673192913
-0.1664931555
-0.1656582968
-0.1648146969
-0.1639623318
-0.1631011806
-0.1622312384
-0.1613525320
-0.1604651005
-0.1595689697
-0.1586641556
-0.1577506748
-0.1568285521
-0.1558978213
-0.1549585218
-0.1540106920
-0.1530543653
-0.1520895725
-0.1511163450
-0.1501347150
-0.1491447155
-0.1481463800
-0.1471397419
-0.1461248354
-0.1451016952
