0.0002252322
0.0002246035
0.0002239804
0.0002233574
0.0002227413
0.0002221213
0.0002215066
0.0002208902
0.0002202765
0.0002196666
0.0002190596
0.0002184556
0.0002178576
0.0002172679
0.0002166870
0.0002160820
0.0002154535
0.0002148105
0.0002142000
0.0002136454
0.0002131311
0.0002125890
0.0002119881
0.0002113164
0.0002106261
0.0002099827
0.0002094249
0.0002089205
0.0002084439
0.0002079791
0.0002074784
0.0002067561
0.0002056503
0.0002042676
0.0002030280
0.0002023165
0.0002022057
0.0002023911
0.0002026682
0.0002031719
0.0002039845
0.0002044013
0.0002032963
0.0002003891
0.0001967169
0.0001937052
0.0001920967
0.0001918944
0.0001929296
0.0001950276
0.0001978941
0.0002007088
0.0002018719
0.0001996395
0.0001939944
0.0001874881
0.0001838525
0.0001856343
0.0001923659
0.0001998706
0.0002020947
0.0001956138
0.0001827910
0.0001700185
0.0001629771
0.0001637289
0.0001715529
0.0001843291
0.0001983401
0.0002076714
0.0002058543
0.0001904117
0.0001666706
0.0001455438
0.0001363968
0.0001408878
0.0001528386
0.0001646379
0.0001757259
0.0001916108
0.0002116243
0.0002229908
0.0002126655
0.0001834293
0.0001531247
0.0001378601
0.0001397343
0.0001506918
0.0001637299
0.0001781405
0.0001962794
0.0002166256
0.0002320459
0.0002333002
0.0002154439
0.0001845231
0.0001571676
0.0001490104
0.0001625360
0.0001854374
0.0002000744
0.0001971611
0.0001823440
0.0001676071
0.0001554971
0.0001351819
0.0000991384
0.0000613850
0.0000497798
0.0000732380
0.0001050508
0.0001113301
0.0000906485
0.0000724279
0.0000801797
0.0001106694
0.0001507041
0.0001959546
0.0002388914
0.0002544816
0.0002181221
0.0001359853
0.0000530186
0.0000272666
0.0000862519
0.0002032759
0.0003069631
0.0003217955
0.0002212432
0.0000532594
-0.0000979192
-0.0001674070
-0.0001211594
0.0000475077
0.0002844687
0.0004503472
0.0004011494
0.0001218584
-0.0002430576
-0.0005075939
-0.0005885305
-0.0005289230
-0.0004157470
-0.0003028761
-0.0002047733
-0.0001265092
-0.0000731428
-0.0000360770
0.0000131691
0.0000999749
0.0002043031
0.0002583556
0.0002075881
0.0000839886
-0.0000109075
-0.0000085366
0.0000751936
0.0001859053
0.0003043886
0.0004289307
0.0004989255
0.0004061072
0.0001108856
-0.0002828590
-0.0005890944
-0.0006656564
-0.0004847150
-0.0001338322
0.0002122673
0.0003726331
0.0002893068
0.0000567893
-0.0001735356
-0.0002856560
-0.0002261417
-0.0000196653
0.0001960544
0.0002393075
0.0000547866
-0.0002186982
-0.0003671340
-0.0002847945
-0.0000618658
0.0001135331
0.0001326905
0.0000265810
-0.0001357476
-0.0003501392
-0.0006388750
-0.0009491338
-0.0011446770
-0.0011074423
-0.0008300078
-0.0004294900
-0.0000923838
0.0000153650
-0.0001304681
-0.0003796655
-0.0005253545
-0.0004846894
-0.0003628562
-0.0003561525
-0.0005380071
-0.0007552915
-0.0007870103
-0.0005998295
-0.0003878497
-0.0003392210
-0.0004253734
-0.0004539520
-0.0002792961
0.0000846947
0.0005274708
0.0009040201
0.0010787329
0.0010230810
0.0008971271
0.0009663288
0.0013618005
0.0018702296
0.0020627187
0.0016787182
0.0008439571
-0.0000830192
-0.0007527841
-0.0009035350
-0.0005271047
-0.0000491075
-0.0000715072
-0.0007672832
-0.0016704857
-0.0021427527
-0.0019466579
-0.0012699334
-0.0004622835
0.0000840525
0.0000761270
-0.0003859786
-0.0007809955
-0.0006660468
-0.0002055455
0.0000352885
-0.0002281758
-0.0006709653
-0.0008018459
-0.0005707138
-0.0003825848
-0.0005413776
-0.0008056414
-0.0006685090
-0.0000098315
0.0006973715
0.0008609202
0.0003377398
-0.0004686937
-0.0009872064
-0.0008558814
-0.0000432687
0.0011376917
0.0020242453
0.0019120093
0.0006422603
-0.0011600376
-0.0025707536
-0.0030527545
-0.0027409635
-0.0021466939
-0.0017493249
-0.0017827128
-0.0021984852
-0.0026829125
-0.0027964814
-0.0022046648
-0.0008804594
0.0008649905
0.0026325136
0.0041414088
0.0051473415
0.0053083816
0.0044051383
0.0027753762
0.0013230361
0.0008100343
0.0012256060
0.0019753150
0.0025150700
0.0025735942
0.0019530522
0.0005588076
-0.0012759570
-0.0027830322
-0.0032918986
-0.0027767538
-0.0018398456
-0.0012408851
-0.0014145168
-0.0022890540
-0.0033477721
-0.0038405656
-0.0032365480
-0.0017486009
-0.0002474728
0.0005174414
0.0005181710
0.0002297132
0.0000355011
-0.0000405009
-0.0001611571
-0.0003146962
-0.0002054471
0.0005663153
0.0021142326
0.0039441852
0.0050406001
0.0045829154
0.0027354263
0.0005599840
-0.0007953914
-0.0008281366
0.0002137367
0.0016481431
0.0025670070
0.0021463752
0.0002141525
-0.0024307614
-0.0045746304
-0.0054808428
-0.0051676255
-0.0039197187
-0.0020072272
0.0000154381
0.0012263512
0.0009523609
-0.0005026297
-0.0019778542
-0.0023570707
-0.0014138344
0.0000876923
0.0011505633
0.0013496091
0.0010680062
0.0010587871
0.0017402292
0.0028496049
0.0036892965
0.0036168529
0.0024622532
0.0007190774
-0.0006453175
-0.0007352588
0.0006782433
0.0028302250
0.0043920449
0.0044678042
0.0032156348
0.0014687056
-0.0000217073
-0.0008957720
-0.0010384433
-0.0006315502
-0.0002556771
-0.0005934989
-0.0018185953
-0.0033814495
-0.0044905020
-0.0047195319
-0.0042506675
-0.0036702748
-0.0034509515
-0.0036571883
-0.0040304968
-0.0042588500
-0.0041421413
-0.0036917047
-0.0030750442
-0.0024510374
-0.0018882434
-0.0013621173
-0.0008478598
-0.0002813341
0.0005694842
0.0019228570
0.0034511572
0.0042183567
0.0035062758
0.0016063560
-0.0002816471
-0.0010106191
-0.0004501153
0.0003989003
0.0003429765
-0.0009291364
-0.0025722858
-0.0033103918
-0.0026182366
-0.0013480301
-0.0009774624
-0.0021365431
-0.0040259759
-0.0053776265
-0.0055675730
-0.0048842451
-0.0039653174
-0.0032036394
-0.0026598702
-0.0023435967
-0.0024904648
-0.0032769988
-0.0042438781
-0.0042334879
-0.0022417092
0.0013146282
0.0043405297
0.0048483238
0.0030999293
0.0012870890
0.0009929005
0.0018655034
0.0026504576
0.0026957015
0.0023078734
0.0021366744
0.0025051038
0.0032752905
0.0040876128
0.0045549038
0.0043826412
0.0034751658
0.0020023938
0.0003538673
-0.0009958954
-0.0016543705
-0.0015781837
-0.0012069009
-0.0011535962
-0.0016434849
-0.0023797170
-0.0028938860
-0.0028595057
-0.0021421518
-0.0006976988
0.0013507792
0.0034003900
0.0046109248
0.0046546036
0.0040532897
0.0036020793
0.0035823180
0.0036748672
0.0034824136
0.0029718840
0.0025880301
0.0028817133
0.0036860173
0.0038055380
0.0021708855
-0.0007997612
-0.0034246452
-0.0042823888
-0.0033963965
-0.0020315017
-0.0015215988
-0.0023373015
-0.0040497097
-0.0058519764
-0.0070737046
-0.0073993604
-0.0068201346
-0.0054691395
-0.0036173686
-0.0017463042
-0.0004522042
-0.0000418796
-0.0002572015
-0.0004883364
-0.0002936709
0.0002843659
0.0009772348
0.0017348838
0.0028170031
0.0044073792
0.0062708432
0.0078216497
0.0085318983
0.0082703565
0.0073907264
0.0064299174
0.0056961728
0.0050588982
0.0041657416
0.0029122556
0.0015590615
0.0003172159
-0.0009689528
-0.0024783646
-0.0039759246
-0.0049726083
-0.0052254755
-0.0048602110
-0.0041114145
-0.0032749107
-0.0029213870
-0.0036105127
-0.0051292808
-0.0063492280
-0.0062159070
-0.0047663501
-0.0030014977
-0.0017882318
-0.0010727096
-0.0001982241
0.0012144697
0.0028929350
0.0043671483
0.0055251428
0.0064674576
0.0070278375
0.0068298070
0.0058692314
0.0047456978
0.0039544579
0.0032165576
0.0018561855
-0.0002356191
-0.0022260737
-0.0030614654
-0.0025172332
-0.0015480323
-0.0014302857
-0.0025438723
-0.0040506707
-0.0047418914
-0.0040415178
-0.0022664838
-0.0002240752
0.0012207654
0.0015850009
0.0011057751
0.0005670897
0.0005769953
0.0009771145
0.0010966587
0.0006223542
-0.0000341033
-0.0003316091
-0.0002929749
-0.0004033400
-0.0009065701
-0.0014089765
-0.0012824847
-0.0003076252
0.0011047327
0.0022231262
0.0026122318
0.0023890537
0.0019203257
0.0014283401
0.0007708189
-0.0004044829
-0.0021206134
-0.0037268213
-0.0042994017
-0.0034586407
-0.0017701857
-0.0002400620
0.0005924561
0.0009560263
0.0013103542
0.0017896655
0.0022170846
0.0023582437
0.0020448068
0.0012599288
0.0002108988
-0.0006517289
-0.0008147691
-0.0000809906
0.0010691644
0.0017310200
0.0013628037
0.0002533382
-0.0008643386
-0.0016589065
-0.0023732789
-0.0032944283
-0.0042527395
-0.0046665199
-0.0040929838
-0.0026912926
-0.0010588988
0.0003403414
0.0014927756
0.0025465933
0.0034144119
0.0038116925
0.0036139635
0.0030889441
0.0027173323
0.0027797167
0.0032023509
0.0037009542
0.0039756307
0.0037726324
0.0029295910
0.0015687103
0.0001092802
-0.0010015955
-0.0015704742
-0.0018192118
-0.0022704863
-0.0033229366
-0.0048892134
-0.0064345415
-0.0073846900
-0.0075688590
-0.0071423903
-0.0063152658
-0.0053503925
-0.0047477844
-0.0049630239
-0.0058132617
-0.0063929190
-0.0057721708
-0.0037198471
-0.0007861173
0.0022130442
0.0046343871
0.0061023216
0.0065465295
0.0062496751
0.0056408645
0.0049012885
0.0038806864
0.0024176205
0.0006602383
-0.0009443248
-0.0020307646
-0.0027166121
-0.0034705676
-0.0045714410
-0.0057964614
-0.0066633043
-0.0068596901
-0.0064710312
-0.0058586711
-0.0053671731
-0.0050141277
-0.0045019943
-0.0035402464
-0.0021027167
-0.0003539049
0.0014360402
0.0028971941
0.0037564707
0.0040261603
0.0039642484
0.0038206105
0.0037380762
0.0037796281
0.0039912091
0.0043966763
0.0049085833
0.0053733240
0.0058311183
0.0065567017
0.0075540647
0.0081291643
0.0074047917
0.0053156078
0.0028345888
0.0011873692
0.0009612740
0.0019103388
0.0033027798
0.0042028765
0.0038004634
0.0019185987
-0.0007082931
-0.0027991790
-0.0034436437
-0.0026993486
-0.0013399794
-0.0002255177
0.0000905834
-0.0004587569
-0.0014730392
-0.0023791887
-0.0028677744
-0.0031080862
-0.0034937159
-0.0041033567
-0.0046128595
-0.0047668465
-0.0047327198
-0.0048059155
-0.0049407502
-0.0048107978
-0.0042227935
-0.0032122177
-0.0019385574
-0.0006901121
0.0001829047
0.0005177199
0.0006619893
0.0014198402
0.0033753038
0.0060160869
0.0079187570
0.0081006480
0.0070492126
0.0061271587
0.0061015136
0.0065256372
0.0064338648
0.0054184855
0.0040238538
0.0032649151
0.0036703082
0.0046386978
0.0049195181
0.0038167866
0.0018972138
0.0005157229
0.0005335371
0.0015594796
0.0023576057
0.0019244035
0.0003215752
-0.0014938400
-0.0025483204
-0.0025618770
-0.0020535354
-0.0017826755
-0.0021063070
-0.0027802748
-0.0032406567
-0.0030895228
-0.0024023253
-0.0016689681
-0.0014154431
-0.0018104848
-0.0025109190
-0.0029468818
-0.0028578627
-0.0025624123
-0.0025568244
-0.0029287317
-0.0032413621
-0.0030865572
-0.0026117721
-0.0022446354
-0.0021389818
-0.0020556927
-0.0018515291
-0.0017958495
-0.0022599198
-0.0032071306
-0.0041901203
-0.0048367879
-0.0051536732
-0.0052986393
-0.0051040460
-0.0041247330
-0.0023075360
-0.0004312304
0.0004783366
0.0001273119
-0.0007675834
-0.0010864710
-0.0000870414
0.0020428995
0.0041298715
0.0048515479
0.0039724243
0.0027011303
0.0025832509
0.0039463164
0.0055827153
0.0059595775
0.0045532285
0.0020804344
-0.0002895845
-0.0018223153
-0.0024345764
-0.0023593202
-0.0017783914
-0.0008720799
-0.0001741595
-0.0004050243
-0.0016284116
-0.0030907910
-0.0040573641
-0.0046174141
-0.0053477205
-0.0063626933
-0.0070826506
-0.0069436487
-0.0061421226
-0.0054752866
-0.0054112881
-0.0054595395
-0.0047028895
-0.0029149549
-0.0008336016
0.0006873063
0.0015861505
0.0025319387
0.0040335617
0.0058851148
0.0074301678
0.0082578467
0.0083923907
0.0080234174
0.0073315672
0.0065023862
0.0056516769
0.0046357822
0.0031454670
0.0011070948
-0.0011645354
-0.0031752799
-0.0045021802
-0.0049009425
-0.0044700383
-0.0036992102
-0.0031474138
-0.0029708287
-0.0028743250
-0.0024763395
-0.0017300491
-0.0010226333
-0.0009054413
-0.0015754147
-0.0026023319
-0.0031845681
-0.0027917027
-0.0016666770
-0.0005980741
-0.0000609795
0.0001771186
0.0004049389
0.0002537021
-0.0008953825
-0.0028676689
-0.0044942332
-0.0047093234
-0.0036514420
-0.0023663082
-0.0016189563
-0.0013275404
-0.0009987020
-0.0004357734
0.0000667023
0.0000753832
-0.0004553645
-0.0009548720
-0.0006849131
0.0004982249
0.0017422092
0.0018407870
0.0003662752
-0.0018673658
-0.0035360437
-0.0039578714
-0.0033827615
-0.0024267003
-0.0015127730
-0.0007337165
0.0000304398
0.0009987973
0.0022247790
0.0033328012
0.0037281741
0.0030072420
0.0012124785
-0.0011979178
-0.0035084082
-0.0049578067
-0.0051365623
-0.0043581152
-0.0035104854
-0.0033038929
-0.0036270952
-0.0037459578
-0.0031306089
-0.0019321947
-0.0006782742
0.0002732497
0.0009238438
0.0014907257
0.0021798436
0.0030294957
0.0039362392
0.0048782406
0.0059280174
0.0069593306
0.0075829014
0.0074686039
0.0066677922
0.0056346461
0.0049866303
0.0051584441
0.0059937778
0.0066874005
0.0062718590
0.0043171566
0.0012706099
-0.0018577687
-0.0041521385
-0.0052716726
-0.0054685182
-0.0052593399
-0.0050462235
-0.0049597913
-0.0050111881
-0.0052293627
-0.0055992988
-0.0059579957
-0.0060067311
-0.0055231933
-0.0046011828
-0.0035994482
-0.0028148599
-0.0021607314
-0.0012365919
0.0002174732
0.0019815709
0.0036506915
0.0051611610
0.0066747830
0.0078893707
0.0079303107
0.0062898528
0.0036480200
0.0014404191
0.0007052500
0.0012389503
0.0018860597
0.0016398886
0.0004687488
-0.0008187238
-0.0014686716
-0.0015578995
-0.0018055092
-0.0027571676
-0.0042299867
-0.0055029795
-0.0060075457
-0.0058682513
-0.0057201269
-0.0060835085
-0.0068737553
-0.0074344312
-0.0069493150
-0.0049590647
-0.0016378941
0.0022203128
0.0054621272
0.0070029175
0.0065049781
0.0047486135
0.0030395306
0.0021541373
0.0019713051
0.0020315086
0.0020660658
0.0020173390
0.0018341341
0.0014763335
0.0009963831
0.0004160624
-0.0004768734
-0.0019525731
-0.0039176255
-0.0057312927
-0.0066617549
-0.0063781146
-0.0050004353
-0.0028781975
-0.0005555519
0.0011632796
0.0016305248
0.0010119852
0.0002970617
0.0005302002
0.0019658113
0.0040020438
0.0057564718
0.0066221153
0.0065289148
0.0058909917
0.0052265113
0.0046914434
0.0040920007
0.0032979560
0.0025115779
0.0019830130
0.0015977284
0.0010011272
0.0000650530
-0.0008507496
-0.0011295230
-0.0004841407
0.0004356665
0.0003040013
-0.0015766335
-0.0044049536
-0.0065740278
-0.0070884647
-0.0061035223
-0.0043451313
-0.0024060226
-0.0006437954
0.0006051638
0.0010692468
0.0008845493
0.0006747103
0.0010362402
0.0019644678
0.0030193567
0.0038419279
0.0043106873
0.0043729738
0.0041274697
0.0040326540
0.0046068116
0.0056809903
0.0063422682
0.0058263918
0.0042989499
0.0025680480
0.0012734799
0.0004980697
0.0000368844
-0.0001837337
0.0000774438
0.0009913095
0.0021986412
0.0028852967
0.0024520971
0.0010891573
-0.0003075849
-0.0007526689
0.0001758069
0.0019728621
0.0034794847
0.0037906843
0.0030854026
0.0024686774
0.0029350721
0.0042621202
0.0051507298
0.0045011082
0.0025362643
0.0005144976
-0.0005418485
-0.0005074831
0.0002213562
0.0012326387
0.0020701691
0.0021454647
0.0011548930
-0.0004553724
-0.0017424902
-0.0021127394
-0.0017135053
-0.0009243700
0.0001624227
0.0016182402
0.0033113539
0.0046825538
0.0049024432
0.0034770469
0.0008781668
-0.0015897469
-0.0027209329
-0.0022535850
-0.0010723785
-0.0005786789
-0.0016427398
-0.0038789865
-0.0059094342
-0.0063895793
-0.0050725270
-0.0030892425
-0.0020185035
-0.0026004582
-0.0042168839
-0.0055105675
-0.0055288066
-0.0043768903
-0.0029933484
-0.0022945382
-0.0023904741
-0.0026826326
-0.0025702399
-0.0020954986
-0.0018807630
-0.0024466806
-0.0034640251
-0.0038692423
-0.0028301576
-0.0006017553
0.0015999121
0.0026185707
0.0023295438
0.0016357080
0.0015073554
0.0020203691
0.0025332343
0.0025811405
0.0023793406
0.0022793193
0.0020465135
0.0010524587
-0.0008406594
-0.0028520555
-0.0037775836
-0.0029510710
-0.0008261789
0.0013000947
0.0022204241
0.0016354767
0.0001497110
-0.0013309622
-0.0021908666
-0.0022674848
-0.0017919473
-0.0012102094
-0.0008376751
-0.0005737719
-0.0000410251
0.0009048119
0.0019851094
0.0028456713
0.0033593497
0.0036060352
0.0038705113
0.0045453071
0.0055946158
0.0062492322
0.0056782871
0.0040418672
0.0025472751
0.0023958261
0.0037472674
0.0055839484
0.0064737520
0.0056987044
0.0038207221
0.0020477731
0.0010525410
0.0005563295
-0.0000434352
-0.0009321404
-0.0017493257
-0.0020947222
-0.0019823178
-0.0017660445
-0.0016967669
-0.0016335788
-0.0012237053
-0.0003051042
0.0008775924
0.0017978724
0.0020346922
0.0016329812
0.0010762212
0.0009657368
0.0016418338
0.0030780988
0.0048968927
0.0065129343
0.0074405030
0.0076624435
0.0076605695
0.0078871178
0.0080653965
0.0073272795
0.0050890380
0.0017390170
-0.0016082770
-0.0038669668
-0.0045577431
-0.0042008423
-0.0041162167
-0.0054007952
-0.0079528307
-0.0105497411
-0.0118908476
-0.0114768618
-0.0096587542
-0.0071716121
-0.0048503304
-0.0034508200
-0.0032605720
-0.0037717339
-0.0040056699
-0.0032023483
-0.0012246125
0.0013554595
0.0034141226
0.0039623209
0.0030884907
0.0020498581
0.0021557837
0.0036132855
0.0055262372
0.0070320022
0.0080851185
0.0089502079
0.0093378344
0.0085339587
0.0062991767
0.0032975028
0.0006366531
-0.0009246642
-0.0012569958
-0.0006715244
0.0003671955
0.0013164635
0.0015716855
0.0007329022
-0.0009346561
-0.0024362145
-0.0026920961
-0.0014090826
0.0006061944
0.0020323289
0.0021208968
0.0011552975
-0.0000981147
-0.0012087437
-0.0021471466
-0.0027763691
-0.0026953470
-0.0016014897
0.0002492877
0.0020121696
0.0026623863
0.0016334204
-0.0007165177
-0.0032546877
-0.0048205179
-0.0050374604
-0.0044527709
-0.0038665742
-0.0036006008
-0.0035126382
-0.0034894335
-0.0035892910
-0.0037179894
-0.0034961495
-0.0026620090
-0.0014157783
-0.0002071522
0.0006960004
0.0013719306
0.0020305975
0.0026655825
0.0030755686
0.0031906284
0.0033108963
0.0039203350
0.0051550834
0.0064185382
0.0067832029
0.0059196884
0.0044489765
0.0033622528
0.0030865001
0.0031053493
0.0025886809
0.0012977858
-0.0002226446
-0.0011823382
-0.0011072384
0.0002224929
0.0028057621
0.0058827066
0.0079148447
0.0077385611
0.0056900833
0.0034147380
0.0025456252
0.0035290329
0.0055653069
0.0073382813
0.0079035425
0.0071890672
0.0058144909
0.0045231910
0.0037861802
0.0036815003
0.0038895431
0.0040411093
0.0040404438
0.0037946580
0.0028766705
0.0008909331
-0.0018329848
-0.0043414868
-0.0058852486
-0.0065312626
-0.0068121562
-0.0070426042
-0.0070741100
-0.0066446889
-0.0058204096
-0.0049445625
-0.0042333469
-0.0035904374
-0.0029312928
-0.0024429163
-0.0023350002
-0.0024592951
-0.0024597783
-0.0021810036
-0.0017680732
-0.0013626558
-0.0008033826
0.0002670141
0.0020434408
0.0043127489
0.0064617566
0.0078198905
0.0081558613
0.0078954223
0.0076556420
0.0075728029
0.0073573216
0.0069988458
0.0069626126
0.0073899540
0.0074443934
0.0059876390
0.0029077346
-0.0005567485
-0.0028461076
-0.0032290324
-0.0021846719
-0.0009991173
-0.0009596035
-0.0024960308
-0.0049006430
-0.0069213824
-0.0077629332
-0.0076072018
-0.0072529872
-0.0073062099
-0.0076956217
-0.0079017665
-0.0074765033
-0.0063086448
-0.0046728034
-0.0030446020
-0.0016883108
-0.0004362113
0.0009785931
0.0025063827
0.0038530271
0.0047785573
0.0053394231
0.0058065478
0.0063488589
0.0068175969
0.0068648737
0.0061679316
0.0046339762
0.0026309110
0.0010035064
0.0006599265
0.0018504407
0.0038012343
0.0051528614
0.0050266555
0.0037438664
0.0025012721
0.0022437903
0.0028218548
0.0032106305
0.0025233783
0.0008154630
-0.0010085441
-0.0020168039
-0.0020774063
-0.0018302738
-0.0019477015
-0.0025144175
-0.0031491093
-0.0034859989
-0.0033568885
-0.0027298382
-0.0017757967
-0.0009249477
-0.0005978910
-0.0007465709
-0.0007732012
-0.0000790650
0.0013490575
0.0029221725
0.0039406343
0.0040423079
0.0034014881
0.0025232865
0.0018008270
0.0012631331
0.0006794632
-0.0000559097
-0.0005955968
-0.0004050415
0.0005311203
0.0014105686
0.0012962160
0.0000199753
-0.0017744111
-0.0034473425
-0.0049011929
-0.0062954664
-0.0075933975
-0.0087034264
-0.0096601094
-0.0103675208
-0.0104934658
-0.0098294915
-0.0085183610
-0.0068193762
-0.0049140469
-0.0029887313
-0.0012729184
0.0001884767
0.0015517166
0.0029265448
0.0043660990
0.0059974542
0.0078438225
0.0095668441
0.0105705440
0.0105573783
0.0100110580
0.0098898130
0.0105716831
0.0112768477
0.0108794363
0.0091207150
0.0068946830
0.0052749977
0.0045625835
0.0042594883
0.0037671099
0.0027994790
0.0012554472
-0.0009701534
-0.0038169315
-0.0067531520
-0.0088476477
-0.0092542317
-0.0078522410
-0.0054848960
-0.0033780751
-0.0022237663
-0.0017700518
-0.0012644490
-0.0003040737
0.0007677465
0.0011910612
0.0005505122
-0.0007221925
-0.0015549032
-0.0011267249
0.0004236584
0.0022505162
0.0037809667
0.0053306202
0.0076408961
0.0107421064
0.0134931680
0.0146270567
0.0140428882
0.0126312458
0.0109842400
0.0089407390
0.0064119111
0.0039144609
0.0019213549
0.0001770526
-0.0017874261
-0.0036889939
-0.0046325044
-0.0043898650
-0.0040257697
-0.0048696222
-0.0071066987
-0.0096555566
-0.0113686005
-0.0119521477
-0.0118095254
-0.0113536909
-0.0106086519
-0.0094240918
-0.0078321297
-0.0060784610
-0.0042919056
-0.0023856008
-0.0003777342
0.0014167323
0.0026624631
0.0034458889
0.0041347226
0.0047771012
0.0049667546
0.0044450471
0.0034586040
0.0023658294
0.0011826385
-0.0001643135
-0.0013354357
-0.0016098113
-0.0007149977
0.0005891200
0.0011222911
0.0004107209
-0.0010397978
-0.0024945983
-0.0036212715
-0.0043205693
-0.0043744969
-0.0035950216
-0.0022301199
-0.0009643564
-0.0003551332
-0.0003108656
-0.0002738772
0.0001765699
0.0010902549
0.0022547988
0.0033600121
0.0041738022
0.0046818694
0.0049597807
0.0049553650
0.0044904403
0.0035301770
0.0023638997
0.0014766944
0.0012825762
0.0017764923
0.0023794025
0.0023111712
0.0013202928
-0.0000208918
-0.0007764012
-0.0003992380
0.0008779654
0.0023278849
0.0033247784
0.0037533912
0.0038210288
0.0036889596
0.0033822790
0.0029199906
0.0023101034
0.0014022975
-0.0000699032
-0.0020664453
-0.0039483144
-0.0048793055
-0.0045605207
-0.0034548508
-0.0023828136
-0.0019268979
-0.0022052651
-0.0030388474
-0.0042003575
-0.0055485908
-0.0070329822
-0.0084383038
-0.0092008858
-0.0088148472
-0.0075226643
-0.0062126026
-0.0053192458
-0.0041390543
-0.0016027612
0.0024167601
0.0067819136
0.0100908887
0.0118077291
0.0124894032
0.0130394662
0.0138413616
0.0146326839
0.0149471896
0.0145182791
0.0133727760
0.0117604296
0.0100169062
0.0085155672
0.0076682089
0.0077998684
0.0088126877
0.0099375597
0.0100181955
0.0081924621
0.0046022705
0.0005135493
-0.0024823364
-0.0036113725
-0.0034817060
-0.0036608455
-0.0054651142
-0.0089307095
-0.0129023738
-0.0161043056
-0.0180741892
-0.0191230735
-0.0195368212
-0.0191577688
-0.0176746154
-0.0150752870
-0.0116126822
-0.0075980495
-0.0033429638
0.0007550913
0.0042090834
0.0067456416
0.0084457967
0.0095526245
0.0101677597
0.0102367306
0.0098292669
0.0092853520
0.0089677531
0.0089051174
0.0087431113
0.0081000586
0.0069128748
0.0053857275
0.0037811112
0.0023809090
0.0014025750
0.0006095596
-0.0007347443
-0.0031522149
-0.0061914057
-0.0086777821
-0.0097389543
-0.0094907773
-0.0088662640
-0.0088535263
-0.0097362773
-0.0109471194
-0.0115737442
-0.0110916673
-0.0095858170
-0.0073992245
-0.0047935447
-0.0019227469
0.0011066168
0.0041164922
0.0067698825
0.0087013846
0.0097676642
0.0101134934
0.0100018353
0.0096560114
0.0092642297
0.0089007892
0.0084247643
0.0077185361
0.0069158126
0.0060746634
0.0048975935
0.0031942380
0.0014837120
0.0005560015
0.0003389480
-0.0001002951
-0.0013031676
-0.0027230333
-0.0036224998
-0.0042138152
-0.0054176007
-0.0074928393
-0.0094013942
-0.0097425193
-0.0080168388
-0.0048856879
-0.0015331758
0.0011004783
0.0026899179
0.0034614787
0.0039323069
0.0046087812
0.0057461692
0.0073031730
0.0090044225
0.0104536600
0.0113371855
0.0117690129
0.0122311907
0.0129113727
0.0132599510
0.0125138961
0.0106298387
0.0083142188
0.0062833619
0.0048019249
0.0038450967
0.0033232995
0.0030106868
0.0025295911
0.0015490535
-0.0000670688
-0.0021669201
-0.0043811744
-0.0063325493
-0.0077828121
-0.0086110931
-0.0088573877
-0.0087922760
-0.0086601803
-0.0083542758
-0.0075424731
-0.0061075179
-0.0043735886
-0.0029427199
-0.0022295758
-0.0020532272
-0.0016113698
-0.0000835709
0.0024941674
0.0051334546
0.0069768525
0.0084191029
0.0106723092
0.0141083565
0.0174539364
0.0188502090
0.0175671298
0.0145047998
0.0112420839
0.0087577728
0.0071621457
0.0062741870
0.0059821305
0.0060352449
0.0059347118
0.0052184821
0.0038641501
0.0023467409
0.0011928957
0.0005766983
0.0004725121
0.0008274835
0.0013168974
0.0013114628
0.0003956720
-0.0012534629
-0.0032145146
-0.0052360211
-0.0071333129
-0.0085804199
-0.0092918899
-0.0092427544
-0.0085888674
-0.0075061492
-0.0062326116
-0.0050435022
-0.0040373875
-0.0030972378
-0.0021643729
-0.0015812296
-0.0020697835
-0.0040549489
-0.0070449066
-0.0098746289
-0.0114556841
-0.0114423130
-0.0104286286
-0.0093833570
-0.0087662996
-0.0081697317
-0.0068949494
-0.0048345457
-0.0027360476
-0.0015606523
-0.0015865284
-0.0022363098
-0.0026384632
-0.0022448023
-0.0011013147
0.0002075612
0.0009388390
0.0007510552
0.0000349240
-0.0003862362
0.0000959293
0.0012918315
0.0022813179
0.0021493315
0.0007918094
-0.0010126568
-0.0023033665
-0.0027267234
-0.0027508932
-0.0030360809
-0.0036302659
-0.0039643846
-0.0034969486
-0.0022059067
-0.0003627069
0.0018922512
0.0045262814
0.0072721850
0.0095405659
0.0108529806
0.0112796496
0.0112759801
0.0110086306
0.0101152089
0.0082596029
0.0058106259
0.0036738578
0.0025030579
0.0022597472
0.0024000307
0.0023013315
0.0016827003
0.0007160248
-0.0000833237
-0.0002833484
-0.0000894779
-0.0003815515
-0.0019483392
-0.0045661653
-0.0070302976
-0.0080821450
-0.0071439683
-0.0044862035
-0.0011261028
0.0014752140
0.0023106990
0.0016670549
0.0008588523
0.0010376244
0.0023786940
0.0042437311
0.0057475322
0.0062706005
0.0058090117
0.0049868164
0.0046467018
0.0053733719
0.0073368868
0.0102830575
0.0133511296
0.0152277889
0.0150590738
0.0133226913
0.0114623254
0.0105701110
0.0104057392
0.0097535119
0.0077353791
0.0045972886
0.0011328581
-0.0020760737
-0.0047501962
-0.0066309468
-0.0075110692
-0.0074909464
-0.0068942585
-0.0059070918
-0.0045981206
-0.0032839252
-0.0024728680
-0.0024405491
-0.0029876790
-0.0036274098
-0.0039004043
-0.0036790267
-0.0032398377
-0.0030005860
-0.0030567360
-0.0029368541
-0.0018672861
0.0004400849
0.0032172169
0.0050887695
0.0052351700
0.0040377794
0.0025212056
0.0014090133
0.0008212123
0.0005923660
0.0005701811
0.0005738900
0.0003272029
-0.0003212162
-0.0010465182
-0.0011386502
-0.0000985675
0.0019041963
0.0040196402
0.0051591136
0.0046162052
0.0024745936
-0.0004934957
-0.0032680525
-0.0050928239
-0.0057386389
-0.0054538873
-0.0046642908
-0.0036442481
-0.0024113614
-0.0009396716
0.0006342861
0.0020504490
0.0032156229
0.0044813031
0.0062880869
0.0084928807
0.0103013740
0.0110639727
0.0109469986
0.0107003941
0.0107861346
0.0109739796
0.0106737684
0.0094648573
0.0075072418
0.0056201977
0.0048830671
0.0057482170
0.0074163711
0.0082454294
0.0068706151
0.0030043404
-0.0024927982
-0.0081014315
-0.0123813199
-0.0145969235
-0.0149968446
-0.0145737329
-0.0142686807
-0.0142542973
-0.0139414285
-0.0126890401
-0.0105215254
-0.0081890124
-0.0065420329
-0.0058268573
-0.0055169423
-0.0048286870
-0.0034136489
-0.0015938927
0.0000590669
0.0013632655
0.0028252543
0.0052916756
0.0092361065
0.0140856431
0.0182154948
0.0200892435
0.0194135711
0.0171084065
0.0142483015
0.0112948917
0.0082549875
0.0052550943
0.0027550925
0.0009822991
-0.0005233106
-0.0024398651
-0.0048615313
-0.0073431437
-0.0095833220
-0.0115798464
-0.0132100441
-0.0141766378
-0.0144123733
-0.0142532080
-0.0140772023
-0.0139342548
-0.0136027125
-0.0128110171
-0.0113384626
-0.0091854837
-0.0068516698
-0.0052039789
-0.0047471905
-0.0050801408
-0.0052024824
-0.0044999484
-0.0031931285
-0.0018191336
-0.0006701109
0.0002682193
0.0010363534
0.0016635692
0.0022367762
0.0028884677
0.0037101440
0.0046439037
0.0053741116
0.0055286548
0.0050832594
0.0044193386
0.0039379373
0.0035377818
0.0025118872
0.0002305221
-0.0029183669
-0.0055116070
-0.0062018624
-0.0048616805
-0.0026208768
-0.0009020100
-0.0004891994
-0.0013000493
-0.0027075546
-0.0039527631
-0.0045279794
-0.0044139539
-0.0040016727
-0.0037243296
-0.0037440882
-0.0039114864
-0.0039658699
-0.0035843684
-0.0023953463
-0.0001980179
0.0026599845
0.0052447650
0.0066998102
0.0070011230
0.0069404999
0.0072096281
0.0077155347
0.0078689398
0.0073207985
0.0063204572
0.0054450244
0.0050320255
0.0049238114
0.0046250079
0.0035864111
0.0014481597
-0.0017847590
-0.0057329720
-0.0097417049
-0.0130475765
-0.0149834300
-0.0152799478
-0.0142333722
-0.0125021871
-0.0106807433
-0.0090620359
-0.0077338756
-0.0066936880
-0.0057827187
-0.0047257198
-0.0033915434
-0.0020193906
-0.0009637997
-0.0003198699
0.0001543961
0.0007831509
0.0017489158
0.0030757248
0.0047568515
0.0067794155
0.0088734402
0.0102749533
0.0101345907
0.0082371809
0.0051888410
0.0019262313
-0.0008739379
-0.0029103083
-0.0040153546
-0.0040299621
-0.0031132237
-0.0021560404
-0.0024411304
-0.0045732409
-0.0078285337
-0.0106323209
-0.0117044105
-0.0109267376
-0.0092133671
-0.0076109465
-0.0066059915
-0.0061735368
-0.0062008759
-0.0066776913
-0.0075294942
-0.0084418688
-0.0089127844
-0.0086060795
-0.0077951879
-0.0073615156
-0.0081430010
-0.0100667404
-0.0120465283
-0.0128296202
-0.0119229837
-0.0096742187
-0.0067344726
-0.0036172010
-0.0006878809
0.0017314810
0.0034500418
0.0046510422
0.0058330303
0.0072434449
0.0086419986
0.0096580482
0.0101681046
0.0102142432
0.0096036415
0.0079719194
0.0052911631
0.0020407670
-0.0012097181
-0.0041035945
-0.0064382038
-0.0080383120
-0.0088687406
-0.0091840219
-0.0095001675
-0.0102200696
-0.0112581189
-0.0120178176
-0.0117538346
-0.0101184218
-0.0074825451
-0.0047109857
-0.0026688786
-0.0018801890
-0.0024501914
-0.0040404542
-0.0058561008
-0.0069280162
-0.0065714803
-0.0047380150
-0.0018860280
0.0014028416
0.0047070488
0.0078111541
0.0106673233
0.0131157893
0.0147420175
0.0152253929
0.0146949323
0.0135177694
0.0118767577
0.0098294307
0.0075765337
0.0054498410
0.0035181396
0.0015964518
-0.0002465633
-0.0014408601
-0.0014638111
-0.0005867159
0.0002533485
0.0003217031
-0.0003542171
-0.0012660466
-0.0020446247
-0.0026711041
-0.0032570046
-0.0037538239
-0.0038505553
-0.0030721423
-0.0010474662
0.0021051311
0.0056757762
0.0087458203
0.0106578285
0.0112805020
0.0109490062
0.0102344882
0.0097373208
0.0098978674
0.0107890073
0.0120384104
0.0129963216
0.0131110049
0.0122081821
0.0105275696
0.0085357234
0.0066347367
0.0049373755
0.0032316315
0.0010910220
-0.0018159416
-0.0052974626
-0.0085753372
-0.0107495287
-0.0113753638
-0.0106004092
-0.0090120584
-0.0074510904
-0.0065948067
-0.0065194839
-0.0067604458
-0.0068464480
-0.0067531003
-0.0068531640
-0.0075099566
-0.0087596928
-0.0103061785
-0.0116324789
-0.0122653262
-0.0119666940
-0.0108551162
-0.0093156633
-0.0076951287
-0.0060827503
-0.0044855660
-0.0030370080
-0.0019176642
-0.0011039713
-0.0004498591
-0.0001180173
-0.0005849773
-0.0020574915
-0.0041216910
-0.0060682551
-0.0074252681
-0.0080973579
-0.0081847880
-0.0079504826
-0.0078306942
-0.0082076388
-0.0091355667
-0.0103828551
-0.0117059336
-0.0129123646
-0.0138231454
-0.0143067450
-0.0143508438
-0.0140632098
-0.0135693031
-0.0129400770
-0.0122630231
-0.0117455245
-0.0115605378
-0.0117135963
-0.0121539422
-0.0127693321
-0.0132210027
-0.0129513330
-0.0116615061
-0.0098019632
-0.0083801317
-0.0080706935
-0.0086070384
-0.0090769734
-0.0088252302
-0.0080300886
-0.0074549814
-0.0077273431
-0.0087307853
-0.0096136223
-0.0093810823
-0.0076087900
-0.0048444766
-0.0021128270
-0.0000862243
0.0013030620
0.0025577429
0.0039853908
0.0053976295
0.0063309581
0.0063698597
0.0052796646
0.0029617783
-0.0005084793
-0.0047930458
-0.0093054518
-0.0133384415
-0.0162643565
-0.0177671123
-0.0178611323
-0.0166551913
-0.0142129276
-0.0107811062
-0.0071065271
-0.0041897174
-0.0024989305
-0.0016369007
-0.0008928868
-0.0000030880
0.0008461903
0.0015377069
0.0021869691
0.0028711081
0.0035071135
0.0040715775
0.0047767015
0.0059888054
0.0078730361
0.0099108215
0.0108684349
0.0095998763
0.0061899199
0.0020300924
-0.0014855604
-0.0040931058
-0.0064007588
-0.0088401858
-0.0111635922
-0.0128261713
-0.0136302294
-0.0138194805
-0.0136259365
-0.0130368466
-0.0120767869
-0.0111468369
-0.0108120693
-0.0111967664
-0.0117793963
-0.0118427357
-0.0109098701
-0.0087556964
-0.0053615198
-0.0011266700
0.0030836517
0.0065113882
0.0090890118
0.0112964844
0.0134658076
0.0154586020
0.0169227046
0.0176559009
0.0177919342
0.0176375150
0.0173145720
0.0168318298
0.0162931326
0.0156613602
0.0146483178
0.0131345241
0.0114467766
0.0100341629
0.0089882426
0.0080603006
0.0069669499
0.0055194387
0.0036059341
0.0011571765
-0.0018121564
-0.0050030094
-0.0077881700
-0.0095754080
-0.0102201889
-0.0100084703
-0.0094137936
-0.0088026788
-0.0082982753
-0.0077620815
-0.0069482689
-0.0058498347
-0.0048634812
-0.0044143657
-0.0045737692
-0.0052910687
-0.0066517743
-0.0086077082
-0.0105781063
-0.0116922200
-0.0115378327
-0.0103710764
-0.0085454363
-0.0061509960
-0.0034586687
-0.0012452656
-0.0001274426
0.0003149258
0.0013423791
0.0038032469
0.0072287545
0.0102411155
0.0117253583
0.0115838943
0.0104452905
0.0088782138
0.0068678649
0.0041340267
0.0007464851
-0.0026069907
-0.0049679603
-0.0058623649
-0.0056706861
-0.0051961167
-0.0049647633
-0.0049440157
-0.0046812432
-0.0036710610
-0.0017326485
0.0009487670
0.0040704622
0.0072571269
0.0099619373
0.0117207571
0.0126098523
0.0132633132
0.0143113267
0.0158405006
0.0173994809
0.0185169497
0.0190586440
0.0190767765
0.0186618053
0.0180138050
0.0173224350
0.0165733272
0.0156888646
0.0147152457
0.0136838069
0.0124069150
0.0106031535
0.0083112480
0.0060753207
0.0045167988
0.0038121242
0.0037637639
0.0041210142
0.0045640450
0.0046878978
0.0042051665
0.0030334928
0.0012356217
-0.0009789348
-0.0033286768
-0.0057041850
-0.0082832724
-0.0111861391
-0.0141137198
-0.0165891425
-0.0185918331
-0.0205006768
-0.0222731011
-0.0230856228
-0.0222082749
-0.0199611085
-0.0174721130
-0.0155204219
-0.0140407243
-0.0127286632
-0.0116272363
-0.0109647771
-0.0108030799
-0.0109874379
-0.0113144170
-0.0113366727
-0.0102931710
-0.0078514793
-0.0049444106
-0.0033637319
-0.0042229089
-0.0070536594
-0.0103364982
-0.0128142979
-0.0142856199
-0.0154475937
-0.0173034183
-0.0204535682
-0.0245222241
-0.0282526304
-0.0304994925
-0.0312781954
-0.0315550319
-0.0320315083
-0.0325056633
-0.0324476155
-0.0317746533
-0.0306975516
-0.0290702232
-0.0265255107
-0.0231771619
-0.0197445364
-0.0167367032
-0.0138095974
-0.0101735166
-0.0056035158
-0.0007717864
0.0033870452
0.0064710894
0.0086457757
0.0100607506
0.0105230681
0.0098207295
0.0082353293
0.0064469639
0.0050124750
0.0040841009
0.0036111814
0.0035737275
0.0038874170
0.0044208664
0.0051586768
0.0061440170
0.0073213175
0.0084787585
0.0093482533
0.0097407521
0.0096640325
0.0093023782
0.0089775018
0.0090925795
0.0100110306
0.0117516375
0.0138916026
0.0157784207
0.0169226191
0.0173528412
0.0175048347
0.0176498770
0.0176139838
0.0171390030
0.0164304065
0.0160374404
0.0160332746
0.0157580150
0.0146363661
0.0129696696
0.0116996487
0.0115805097
0.0127276026
0.0146605127
0.0165865354
0.0178725022
0.0184755769
0.0189298808
0.0197025304
0.0205932608
0.0210627464
0.0209049188
0.0202405985
0.0190155242
0.0169419675
0.0138540447
0.0099257470
0.0055247230
0.0011355278
-0.0025816913
-0.0049812423
-0.0058384663
-0.0056523069
-0.0053136774
-0.0052189618
-0.0050522581
-0.0044700551
-0.0035830775
-0.0025567005
-0.0011237987
0.0011677079
0.0043744136
0.0080518264
0.0114152752
0.0135791035
0.0140710570
0.0133060076
0.0123110102
0.0119151595
0.0123241695
0.0133346965
0.0146026330
0.0156253628
0.0158588538
0.0151408732
0.0138562530
0.0126569546
0.0119849854
0.0117710573
0.0116971397
0.0116987697
0.0120166980
0.0126508228
0.0130907812
0.0128385650
0.0118566544
0.0102138462
0.0078138709
0.0047924672
0.0018156452
-0.0004217476
-0.0020114456
-0.0037355826
-0.0061663107
-0.0089697115
-0.0111697436
-0.0120429661
-0.0117824056
-0.0112817493
-0.0112477319
-0.0115222623
-0.0113827447
-0.0104158401
-0.0089348978
-0.0076491213
-0.0071535600
-0.0077526171
-0.0094326410
-0.0117462132
-0.0138365316
-0.0149979455
-0.0153007075
-0.0154981477
-0.0161495281
-0.0169991031
-0.0173445220
-0.0169438735
-0.0163230769
-0.0161222338
-0.0163622067
-0.0164365951
-0.0158471562
-0.0148014947
-0.0140420519
-0.0141061513
-0.0147311004
-0.0149355031
-0.0137592605
-0.0110780944
-0.0079181488
-0.0057033224
-0.0051015155
-0.0056003601
-0.0061523740
-0.0061713422
-0.0059342486
-0.0061699001
-0.0072583426
-0.0087854027
-0.0098664977
-0.0099688110
-0.0094727744
-0.0092657702
-0.0098486406
-0.0108821077
-0.0114372518
-0.0106367703
-0.0082486206
-0.0047931533
-0.0011310068
0.0019914692
0.0041079332
0.0050282423
0.0048157915
0.0039167679
0.0031531860
0.0032925958
0.0045378710
0.0063505487
0.0078951544
0.0087963894
0.0093329896
0.0098777441
0.0104175960
0.0108565803
0.0114895642
0.0127401294
0.0145033054
0.0160057373
0.0162992727
0.0149535246
0.0123974964
0.0097429848
0.0080802407
0.0077524271
0.0081961606
0.0086013208
0.0085587861
0.0080710838
0.0072346330
0.0061644602
0.0051944310
0.0048139151
0.0051778142
0.0057705064
0.0057858983
0.0048105873
0.0030967909
0.0011790359
-0.0006486859
-0.0024765763
-0.0045038550
-0.0067807355
-0.0091401608
-0.0112778799
-0.0129725678
-0.0144705630
-0.0165062388
-0.0196125223
-0.0232964215
-0.0262325604
-0.0274910314
-0.0272439896
-0.0262561320
-0.0249527789
-0.0232076648
-0.0209397978
-0.0185292213
-0.0163271424
-0.0140817864
-0.0112110427
-0.0075365205
-0.0034989317
0.0002755459
0.0035882412
0.0067498195
0.0100428015
0.0132594008
0.0159303459
0.0177858545
0.0188614141
0.0193076129
0.0191399912
0.0182592515
0.0167122289
0.0148307761
0.0130019890
0.0112958478
0.0095199309
0.0077002849
0.0062847720
0.0057320885
0.0060662102
0.0067938453
0.0072737491
0.0071092130
0.0062776930
0.0051189099
0.0041424441
0.0038480138
0.0044868715
0.0058212375
0.0072556149
0.0082790437
0.0086991202
0.0086232283
0.0084568920
0.0087429833
0.0097606647
0.0113678863
0.0131581834
0.0147025284
0.0156372574
0.0157978384
0.0154822546
0.0154809883
0.0165717956
0.0188869272
0.0218221052
0.0244677261
0.0260514017
0.0261779207
0.0250004589
0.0230553062
0.0205485144
0.0170419064
0.0121230138
0.0062562891
0.0007597882
-0.0032233939
-0.0056410019
-0.0073823660
-0.0093424556
-0.0118074162
-0.0144183685
-0.0164907645
-0.0174421540
-0.0170728817
-0.0155361282
-0.0132175697
-0.0105759931
-0.0079481017
-0.0054155298
-0.0029108540
-0.0002685867
0.0026954075
0.0060117832
0.0095754410
0.0132407223
0.0168327572
0.0200169288
0.0223249997
0.0234985634
0.0236486087
0.0230092493
0.0217351304
0.0200989303
0.0187034494
0.0183410008
0.0193732307
0.0212386239
0.0229015731
0.0237248296
0.0236002756
0.0224935773
0.0203132218
0.0172679439
0.0140201710
0.0113207759
0.0093841853
0.0077377116
0.0057975219
0.0033906631
0.0007516847
-0.0017698800
-0.0037940191
-0.0050360517
-0.0055014853
-0.0054924805
-0.0053140068
-0.0050348769
-0.0045051968
-0.0035225224
-0.0020415400
-0.0003337742
0.0010561996
0.0017655153
0.0019066804
0.0017127378
0.0009520700
-0.0010081986
-0.0044515528
-0.0088028328
-0.0131096802
-0.0168014229
-0.0198683378
-0.0222542606
-0.0235689107
-0.0236992639
-0.0233249166
-0.0234145643
-0.0243287239
-0.0255502584
-0.0261628310
-0.0256506582
-0.0243199956
-0.0227651459
-0.0211443906
-0.0191219514
-0.0164298545
-0.0132922184
-0.0102303895
-0.0075888335
-0.0053105856
-0.0031465316
-0.0009701752
0.0010323338
0.0024211159
0.0029414907
0.0028472529
0.0026442360
0.0025988184
0.0024603377
0.0016669314
-0.0000112534
-0.0020375154
-0.0034936330
-0.0038122443
-0.0032899963
-0.0029188542
-0.0036262257
-0.0055942090
-0.0084362735
-0.0117994977
-0.0155209953
-0.0193510088
-0.0227027250
-0.0247548154
-0.0246824794
-0.0220207344
-0.0171326265
-0.0112706561
-0.0058702043
-0.0015471485
0.0021947975
0.0062475819
0.0109289983
0.0157080573
0.0196332574
0.0220579001
0.0230972823
0.0234827875
0.0239455118
0.0245577587
0.0247700431
0.0242039782
0.0232801940
0.0229095158
0.0235488975
0.0247892890
0.0258421105
0.0261601889
0.0255177132
0.0236652297
0.0203237361
0.0157422466
0.0108956360
0.0068179817
0.0038385344
0.0015298743
-0.0006034943
-0.0025805463
-0.0039694026
-0.0043812982
-0.0040191723
-0.0037032476
-0.0042682156
-0.0060277072
-0.0087886546
-0.0120696096
-0.0152049768
-0.0174861422
-0.0187180669
-0.0195025017
-0.0207389516
-0.0227607652
-0.0250598694
-0.0269146047
-0.0282041989
-0.0293912268
-0.0307379006
-0.0318481201
-0.0320894561
-0.0312045139
-0.0293228842
-0.0266728922
-0.0236966814
-0.0211531742
-0.0197148356
-0.0194428727
-0.0198493236
-0.0203925297
-0.0207396885
-0.0206789727
-0.0200847632
-0.0190883301
-0.0180440445
-0.0170101786
-0.0153892135
-0.0123471020
-0.0074944453
-0.0012170136
0.0053862873
0.0107789269
0.0137705119
0.0144787212
0.0142365214
0.0143458226
0.0151320410
0.0161981017
0.0172131599
0.0181124512
0.0186894404
0.0184389613
0.0168400421
0.0138178498
0.0099007884
0.0057592395
0.0017308951
-0.0020891609
-0.0053939838
-0.0076961030
-0.0087525743
-0.0089763975
-0.0092932376
-0.0104337660
-0.0123723579
-0.0143305287
-0.0154355304
-0.0155729423
-0.0154821267
-0.0159829665
-0.0172139468
-0.0185830737
-0.0192584760
-0.0188115045
-0.0175742712
-0.0163268290
-0.0156459019
-0.0157268287
-0.0166633730
-0.0184880730
-0.0208494830
-0.0230668068
-0.0247683118
-0.0263929706
-0.0287426281
-0.0319870973
-0.0352905237
-0.0375697865
-0.0385400415
-0.0388361627
-0.0392503576
-0.0400569523
-0.0410522113
-0.0419983088
-0.0428553338
-0.0435133436
-0.0436844234
-0.0432426035
-0.0423627996
-0.0412242404
-0.0399586224
-0.0388810418
-0.0384589868
-0.0388924373
-0.0399053347
-0.0410025410
-0.0417946695
-0.0421006313
-0.0418371634
-0.0408911585
-0.0391523880
-0.0366733915
-0.0336684883
-0.0303271476
-0.0266634398
-0.0226498715
-0.0183510659
-0.0137617362
-0.0087107894
-0.0031093361
0.0027555866
0.0082120056
0.0125023079
0.0153158040
0.0170592884
0.0185492910
0.0202682649
0.0219724109
0.0230845820
0.0233947589
0.0232745552
0.0233321140
0.0239575391
0.0250774341
0.0262800964
0.0272549402
0.0280890198
0.0290773418
0.0303695625
0.0318896464
0.0334561893
0.0349405688
0.0362970646
0.0374465720
0.0382777240
0.0387816938
0.0390619435
0.0390881504
0.0385589489
0.0371498288
0.0348307481
0.0318267512
0.0283247383
0.0243274826
0.0197531473
0.0146533495
0.0093022935
0.0040772537
-0.0007645829
-0.0050998775
-0.0090346641
-0.0130582517
-0.0178543611
-0.0236878681
-0.0298995207
-0.0353767072
-0.0394747176
-0.0422668521
-0.0440780261
-0.0450706498
-0.0452965800
-0.0449751532
-0.0443781939
-0.0434476280
-0.0416975002
-0.0385470578
-0.0338246823
-0.0281024901
-0.0225757988
-0.0183827682
-0.0158269782
-0.0142385423
-0.0126564281
-0.0107166795
-0.0088723301
-0.0077567241
-0.0075072732
-0.0077637635
-0.0081103541
-0.0082871349
-0.0079739985
-0.0068185596
-0.0048817595
-0.0027670496
-0.0009962613
0.0006626618
0.0029145362
0.0060534648
0.0095497794
0.0126365205
0.0151074726
0.0172928845
0.0195653753
0.0220571920
0.0246568144
0.0271695006
0.0295625865
0.0320740311
0.0349701190
0.0381910030
0.0412963097
0.0438731607
0.0460082187
0.0481532597
0.0505981289
0.0531809601
0.0555532955
0.0575345268
0.0590928480
0.0602695835
0.0611698214
0.0619742644
0.0627131125
0.0631366284
0.0628807503
0.0617028684
0.0594888407
0.0562792384
0.0524005779
0.0484291010
0.0448967392
0.0420160243
0.0397535311
0.0380023939
0.0366025647
0.0352508076
0.0335832956
0.0314610007
0.0290742214
0.0267142256
0.0245527878
0.0226236413
0.0209041705
0.0194807817
0.0186053714
0.0185206338
0.0190625219
0.0196570027
0.0198880378
0.0199553954
0.0204841350
0.0219059799
0.0239549204
0.0257436570
0.0262373778
0.0246448121
0.0206572912
0.0145429310
0.0071095053
-0.0006582577
-0.0081476021
-0.0152142721
-0.0217761369
-0.0276433573
-0.0327789528
-0.0374862955
-0.0420595039
-0.0462312498
-0.0490748628
-0.0495351244
-0.0472637593
-0.0427019056
-0.0365122955
-0.0291500612
-0.0209040433
-0.0121543375
-0.0034639368
0.0045491655
0.0114803201
0.0172765897
0.0220199357
0.0256545722
0.0280736773
0.0292895839
0.0293085112
0.0278078765
0.0241051676
0.0175343392
0.0078705388
-0.0044268678
-0.0182199123
-0.0321946606
-0.0454505530
-0.0577685405
-0.0693111786
-0.0800597728
-0.0895921619
-0.0972245075
-0.1024156901
-0.1052182413
-0.1062313946
-0.1060636517
-0.1048312986
-0.1021585658
-0.0978298768
-0.0922506184
-0.0860888092
-0.0797822922
-0.0735444723
-0.0677055687
-0.0626755624
-0.0586848641
-0.0557850503
-0.0541229905
-0.0540044555
-0.0555361407
-0.0584141817
-0.0621366232
-0.0663272342
-0.0706594206
-0.0746432073
-0.0777470539
-0.0797922090
-0.0810202772
-0.0817231450
-0.0819418580
-0.0815004991
-0.0800998405
-0.0774804457
-0.0736136707
-0.0687929460
-0.0634425719
-0.0577320758
-0.0514401504
-0.0443120894
-0.0365004742
-0.0285056322
-0.0207662593
-0.0134150091
-0.0064094181
0.0002585773
0.0064896978
0.0122260704
0.0174417252
0.0218731280
0.0248551730
0.0256357459
0.0239631986
0.0203936075
0.0160542051
0.0119811785
0.0086329133
0.0060185216
0.0041123889
0.0030817021
0.0031237060
0.0041976835
0.0060120372
0.0082760133
0.0109623645
0.0141980756
0.0178570354
0.0214788131
0.0246438642
0.0272933507
0.0296048773
0.0317130458
0.0336495899
0.0354056242
0.0369634353
0.0383093916
0.0394593099
0.0405295622
0.0417747840
0.0435825754
0.0462468692
0.0497345645
0.0537332867
0.0580146226
0.0625571119
0.0673214995
0.0720877620
0.0766425741
0.0809711852
0.0850819329
0.0888334475
0.0919404642
0.0942982113
0.0961064480
0.0975915935
0.0987466971
0.0994563311
0.0996557815
0.0993140167
0.0983369719
0.0966612463
0.0945062315
0.0923409229
0.0904914239
0.0888400232
0.0869485446
0.0843657571
0.0809300111
0.0769308973
0.0729606263
0.0695517788
0.0669608430
0.0651948569
0.0641605544
0.0638004768
0.0640238750
0.0644942607
0.0647474139
0.0645273796
0.0638349448
0.0624083263
0.0593602650
0.0538425153
0.0461807747
0.0378362276
0.0301099377
0.0231656836
0.0161462103
0.0082952370
-0.0001293267
-0.0079220152
-0.0137630713
-0.0172284128
-0.0190307424
-0.0204756815
-0.0225381688
-0.0253341435
-0.0284066447
-0.0313294843
-0.0339962288
-0.0364770007
-0.0388806717
-0.0412543387
-0.0435467192
-0.0456088098
-0.0472733637
-0.0485537624
-0.0497682612
-0.0513906677
-0.0538432620
-0.0574171565
-0.0621290402
-0.0675735063
-0.0729124950
-0.0773704232
-0.0807078855
-0.0832613866
-0.0855491739
-0.0878260806
-0.0899514236
-0.0915780920
-0.0924280436
-0.0924836383
-0.0919876384
-0.0912244882
-0.0902763101
-0.0890624622
-0.0875882086
-0.0860740519
-0.0847349799
-0.0835977258
-0.0825486376
-0.0814890324
-0.0803498557
-0.0789581787
-0.0770381112
-0.0744532304
-0.0713571309
-0.0681400525
-0.0652474385
-0.0629522396
-0.0611028448
-0.0590714278
-0.0561739268
-0.0522098873
-0.0474976273
-0.0424759934
-0.0374792942
-0.0328326568
-0.0288916627
-0.0257125116
-0.0227531186
-0.0192032685
-0.0147239306
-0.0098411894
-0.0055859896
-0.0028131397
-0.0016232005
-0.0011755161
-0.0001518389
0.0024375580
0.0067531892
0.0121678698
0.0177521158
0.0228328299
0.0273279793
0.0316497817
0.0362954550
0.0413862378
0.0464458629
0.0507450335
0.0539382985
0.0563799480
0.0588812718
0.0621403146
0.0662469935
0.0707109087
0.0749037309
0.0783828131
0.0810198930
0.0830127372
0.0847452565
0.0865566880
0.0885859649
0.0907565694
0.0929770559
0.0952547800
0.0975286611
0.0994132572
0.1002138471
0.0992490276
0.0962103764
0.0913195974
0.0852722042
0.0790518027
0.0736004877
0.0695676533
0.0670803342
0.0656455100
0.0642506496
0.0616492064
0.0568410227
0.0495927474
0.0404266176
0.0300617938
0.0189375967
0.0074107767
-0.0039328053
-0.0142021854
-0.0224783107
-0.0284276474
-0.0323469803
-0.0347635857
-0.0360550326
-0.0363077211
-0.0355071788
-0.0338714483
-0.0320286194
-0.0306492062
-0.0298825008
-0.0293045692
-0.0286043446
-0.0281280130
-0.0285292562
-0.0300319984
-0.0321393470
-0.0340733260
-0.0353798653
-0.0360848847
-0.0364858440
-0.0368448667
-0.0371908886
-0.0373067251
-0.0368860093
-0.0356763599
-0.0336619653
-0.0312325521
-0.0289448000
-0.0271657350
-0.0259998921
-0.0252985556
-0.0245642990
-0.0231384782
-0.0207271957
-0.0175625940
-0.0139423183
-0.0098824108
-0.0053915483
-0.0008275673
0.0031807661
0.0061906261
0.0081435302
0.0092749307
0.0098900102
0.0102600002
0.0106049722
0.0110418726
0.0115291493
0.0119027920
0.0120259343
0.0119475218
0.0119815444
0.0126305131
0.0142539109
0.0167669502
0.0196356686
0.0220875760
0.0234916020
0.0236157808
0.0226231189
0.0209666400
0.0192926383
0.0181820213
0.0176325681
0.0168421457
0.0148041053
0.0112054598
0.0066804001
0.0022832106
-0.0012152734
-0.0037816928
-0.0062047308
-0.0097666625
-0.0154886671
-0.0233387287
-0.0321782593
-0.0407560614
-0.0485547972
-0.0558275746
-0.0628854913
-0.0696079004
-0.0756543655
-0.0808248222
-0.0852161313
-0.0890285748
-0.0923859588
-0.0952694456
-0.0974985173
-0.0989256830
-0.0997785438
-0.1006661505
-0.1020439080
-0.1037845980
-0.1054054943
-0.1065981542
-0.1074111396
-0.1079991545
-0.1084750034
-0.1089285800
-0.1092680957
-0.1088702902
-0.1069623075
-0.1036059739
-0.1000352414
-0.0976564060
-0.0968907294
-0.0970549393
-0.0971517505
-0.0966682752
-0.0956711369
-0.0944733636
-0.0932607398
-0.0918731589
-0.0897799347
-0.0863393401
-0.0812249265
-0.0746152364
-0.0668515262
-0.0581841397
-0.0489259863
-0.0395103145
-0.0303565903
-0.0216018502
-0.0130834318
-0.0046749836
0.0035755928
0.0114504298
0.0188075046
0.0257470170
0.0324313717
0.0388493368
0.0447530842
0.0499084718
0.0543793069
0.0585233914
0.0627193742
0.0671157272
0.0715960843
0.0759421463
0.0799400221
0.0833697014
0.0861342730
0.0884118632
0.0905456109
0.0926733270
0.0946394498
0.0963305854
0.0980433769
0.1003532773
0.1037434857
0.1081812411
0.1128470447
0.1161228556
0.1160867393
0.1113592806
0.1018925855
0.0891200190
0.0750375842
0.0609765562
0.0470447874
0.0330413621
0.0193573605
0.0069242187
-0.0035499567
-0.0120320375
-0.0191189358
-0.0256799063
-0.0323467172
-0.0390859488
-0.0452862525
-0.0504321268
-0.0546419891
-0.0583567166
-0.0617083247
-0.0643901196
-0.0660420678
-0.0665852781
-0.0662609225
-0.0654672285
-0.0645089348
-0.0633636098
-0.0615573056
-0.0584357067
-0.0536632508
-0.0474509548
-0.0402696080
-0.0325638910
-0.0248922008
-0.0179904802
-0.0123851754
-0.0079258333
-0.0037020213
0.0014675080
0.0082670321
0.0162659248
0.0241030848
0.0305013152
0.0351238380
0.0384884239
0.0412529011
0.0437436638
0.0459982264
0.0479160347
0.0493140607
0.0500537106
0.0502278106
0.0503502445
0.0512532568
0.0536323152
0.0574176249
0.0616841106
0.0653686288
0.0681058452
0.0703783449
0.0728865015
0.0758706467
0.0790511003
0.0818750418
0.0837064229
0.0840950234
0.0828720874
0.0799235010
0.0749680131
0.0678004569
0.0588222803
0.0491479214
0.0401877638
0.0331016494
0.0284059651
0.0258408151
0.0246070816
0.0239342867
0.0235426917
0.0235119121
0.0236754379
0.0233808588
0.0220329448
0.0197693305
0.0175002355
0.0162083574
0.0162660228
0.0174205511
0.0192568861
0.0215860115
0.0243399220
0.0272792603
0.0301174614
0.0328449626
0.0357974269
0.0393128269
0.0433577371
0.0474004053
0.0505384782
0.0516924923
0.0499083217
0.0448245916
0.0370935121
0.0284357435
0.0209286248
0.0159998310
0.0137042462
0.0130460025
0.0129258301
0.0126550703
0.0118610017
0.0104278192
0.0086906917
0.0073683829
0.0069585698
0.0072426555
0.0074805441
0.0069991697
0.0056507577
0.0037962322
0.0020935204
0.0012731967
0.0019860497
0.0047672394
0.0097242196
0.0162016854
0.0230974274
0.0294880691
0.0348495314
0.0389195608
0.0417301595
0.0436106441
0.0450486055
0.0464465873
0.0479925016
0.0496925562
0.0513951193
0.0528841181
0.0540347491
0.0549842914
0.0561197673
0.0577234767
0.0597416771
0.0619899780
0.0643543030
0.0666992259
0.0688226669
0.0707218565
0.0728053040
0.0756271823
0.0793271783
0.0834562814
0.0873571854
0.0906142186
0.0932135091
0.0954328054
0.0975973750
0.0999083968
0.1025474849
0.1056652110
0.1091631835
0.1125649241
0.1151993110
0.1165764119
0.1166570277
0.1158460781
0.1146740585
0.1133601448
0.1117477628
0.1095992952
0.1069130607
0.1037978059
0.1002708217
0.0962895844
0.0918118895
0.0868081008
0.0813086687
0.0754367236
0.0693831655
0.0633385620
0.0575465741
0.0521495551
0.0470925460
0.0421626590
0.0370067630
0.0313693754
0.0254046780
0.0195394239
0.0141152802
0.0091548938
0.0045399858
0.0002787673
-0.0035566352
-0.0070547143
-0.0103898970
-0.0135618061
-0.0163561386
-0.0186408859
-0.0203954945
-0.0214795224
-0.0215600662
-0.0203242018
-0.0176802489
-0.0138033726
-0.0090573939
-0.0039112518
0.0010318595
0.0051588542
0.0082061051
0.0105566912
0.0129790663
0.0159916019
0.0194504117
0.0228377199
0.0257094831
0.0279583479
0.0297597104
0.0313243625
0.0327914697
0.0342382579
0.0358380688
0.0379070648
0.0405926852
0.0435249884
0.0459662531
0.0473705178
0.0477383324
0.0474804065
0.0470077440
0.0464582377
0.0456888060
0.0445666685
0.0432848314
0.0423420302
0.0422127469
0.0429490875
0.0441239722
0.0451541072
0.0457033655
0.0458841781
0.0460336311
0.0464098032
0.0471567232
0.0483918177
0.0501159479
0.0521977786
0.0544905018
0.0568826087
0.0591500761
0.0609105533
0.0619022330
0.0622997653
0.0625975174
0.0631613124
0.0640099722
0.0649642831
0.0658840063
0.0666878446
0.0671971976
0.0670306509
0.0657446669
0.0632078308
0.0597708240
0.0560510549
0.0524814220
0.0490970562
0.0459010448
0.0432613948
0.0417505214
0.0415765869
0.0421808490
0.0427045981
0.0428167327
0.0430094518
0.0440904430
0.0463003168
0.0489537150
0.0510540307
0.0522402338
0.0530027983
0.0540559713
0.0554546322
0.0564080932
0.0560575586
0.0544521239
0.0525351692
0.0511763827
0.0504396745
0.0495546776
0.0476447997
0.0444125128
0.0400709666
0.0348132743
0.0286054091
0.0214185532
0.0133687965
0.0044170769
-0.0057030550
-0.0171627695
-0.0296466583
-0.0424977518
-0.0552305853
-0.0677179121
-0.0799860587
-0.0920955743
-0.1041610635
-0.1162202643
-0.1278926223
-0.1382392199
-0.1462571093
-0.1515638415
-0.1546413770
-0.1564313595
-0.1574770530
-0.1571815549
-0.1539909921
-0.1464506001
-0.1341352448
-0.1178657858
-0.1002350283
-0.0857880199
-0.0786496270
-0.0775552823
-0.0746619359
-0.0710126667
-0.0666869352
-0.0750501961
-0.1005643254
-0.1070777895
-0.1274875956
-0.1293559861
-0.1331225129
-0.1540535326
-0.1555598530
-0.1677521905
-0.1800364445
-0.1866491714
-0.1971586958
-0.2015384570
-0.2084687861
-0.2210588293
-0.2284681302
-0.2247446583
-0.2038302034
-0.1718287715
-0.1343632628
-0.1023035988
-0.0805498013
-0.0695776991
-0.0659132083
-0.0636463103
-0.0586580725
-0.0499762280
-0.0391393059
-0.0280314843
-0.0176129917
-0.0079777081
0.0011661116
0.0102019941
0.0196395151
0.0301843141
0.0425653725
0.0570314061
0.0731745547
0.0901831359
0.1072099484
0.1236156921
0.1390764509
0.1534939274
0.1666222381
0.1776563027
0.1854162003
0.1889966230
0.1880705186
0.1827206625
0.1730873643
0.1593725903
0.1421051667
0.1222856979
0.1011208948
0.0795552713
0.0580295650
0.0367290348
0.0160929750
-0.0029814644
-0.0195217481
-0.0330030371
-0.0434715912
-0.0512812250
-0.0568214862
-0.0605773606
-0.0632978080
-0.0659792960
-0.0695836811
-0.0744601675
-0.0799519805
-0.0846929015
-0.0873823045
-0.0874385843
-0.0850109138
-0.0806810807
-0.0753625766
-0.0702063006
-0.0661743568
-0.0635264269
-0.0618122470
-0.0603308161
-0.0584406585
-0.0557606849
-0.0521551709
-0.0476145740
-0.0421483883
-0.0356961711
-0.0280509828
-0.0190389785
-0.0087918955
0.0022332163
0.0136140002
0.0250809795
0.0361810513
0.0461375762
0.0543465337
0.0609227587
0.0664409632
0.0712071184
0.0748994080
0.0768783615
0.0768162658
0.0750915175
0.0725547129
0.0698080067
0.0667906215
0.0632273551
0.0593100250
0.0555691959
0.0521797068
0.0487364012
0.0448600917
0.0408765264
0.0375720346
0.0353887640
0.0340542867
0.0329924412
0.0319456477
0.0311862011
0.0311358512
0.0319430968
0.0334315140
0.0353207364
0.0372909097
0.0389482232
0.0400947762
0.0411260710
0.0429796836
0.0464256122
0.0512749890
0.0564869281
0.0611788943
0.0654365030
0.0701936631
0.0762687277
0.0834287310
0.0904103723
0.0957780286
0.0988393659
0.1000253270
0.1004796870
0.1011958117
0.1024146984
0.1036807332
0.1042869152
0.1039001608
0.1028488018
0.1016154676
0.1000670478
0.0974662365
0.0934492208
0.0886411484
0.0839741677
0.0795606809
0.0746185151
0.0683084868
0.0605131232
0.0518792832
0.0432988234
0.0353485243
0.0279898614
0.0206479117
0.0126703262
0.0039456900
-0.0049565885
-0.0132998817
-0.0209925994
-0.0287346308
-0.0371619758
-0.0458828107
-0.0537310156
-0.0600023461
-0.0650540267
-0.0695519932
-0.0737093257
-0.0774611682
-0.0807717404
-0.0834518568
-0.0850294306
-0.0851204756
-0.0841021667
-0.0830801059
-0.0829141177
-0.0832411559
-0.0828701216
-0.0811382776
-0.0785254170
-0.0760865394
-0.0744349666
-0.0732387161
-0.0715749777
-0.0687200235
-0.0647452870
-0.0604171727
-0.0564681203
-0.0531265268
-0.0502589250
-0.0477696850
-0.0457406902
-0.0442634709
-0.0432486982
-0.0424408288
-0.0416264725
-0.0408260090
-0.0403608993
-0.0406469797
-0.0417372171
-0.0430803087
-0.0438755914
-0.0437838297
-0.0432205921
-0.0428470682
-0.0429791452
-0.0435241353
-0.0442589098
-0.0450025860
-0.0455578561
-0.0458683831
-0.0462135165
-0.0469336540
-0.0479539952
-0.0487733335
-0.0489347918
-0.0483816785
-0.0473342848
-0.0461103101
-0.0450641930
-0.0444485230
-0.0441867747
-0.0438922813
-0.0432105373
-0.0422137664
-0.0416519813
-0.0425698701
-0.0454651803
-0.0498074290
-0.0545546605
-0.0588996597
-0.0625242831
-0.0654676913
-0.0677956480
-0.0692925368
-0.0693422077
-0.0672965778
-0.0631187002
-0.0576900327
-0.0524066112
-0.0483382468
-0.0457652204
-0.0442600832
-0.0431959862
-0.0422240351
-0.0413992189
-0.0409337406
-0.0408226947
-0.0406773428
-0.0399624808
-0.0385873862
-0.0373360333
-0.0374451524
-0.0395328500
-0.0429405097
-0.0463543515
-0.0489418224
-0.0506981656
-0.0520055441
-0.0531400677
-0.0540837073
-0.0545368221
-0.0541583465
-0.0531018833
-0.0522512146
-0.0526527914
-0.0544843896
-0.0567850463
-0.0582487570
-0.0582773390
-0.0571562754
-0.0553388072
-0.0527881928
-0.0491292460
-0.0441239899
-0.0378740893
-0.0309210069
-0.0240432060
-0.0178561805
-0.0125921356
-0.0083118252
-0.0052898458
-0.0038821199
-0.0040894711
-0.0053164621
-0.0067310877
-0.0077983532
-0.0084094502
-0.0086849823
-0.0088050377
-0.0088628280
-0.0088429041
-0.0088708176
-0.0091892722
-0.0097151744
-0.0098541758
-0.0088805816
-0.0065669266
-0.0034835848
-0.0006129309
0.0014496408
0.0028792605
0.0043320715
0.0063403629
0.0089440157
0.0116913200
0.0139611343
0.0153569207
0.0159321359
0.0161386149
0.0165475655
0.0174256984
0.0185560579
0.0193493166
0.0192064682
0.0179048782
0.0158084502
0.0136583497
0.0119606911
0.0105768934
0.0090210309
0.0071009088
0.0050724652
0.0031435748
0.0011917038
-0.0009470165
-0.0032498198
-0.0056067964
-0.0077867275
-0.0093551344
-0.0100024548
-0.0101196182
-0.0107265168
-0.0125143448
-0.0150773351
-0.0173850332
-0.0188922049
-0.0198519575
-0.0207282268
-0.0216965286
-0.0228186548
-0.0243203864
-0.0263370104
-0.0286107218
-0.0306491428
-0.0321738899
-0.0333218050
-0.0343428505
-0.0352264999
-0.0358678629
-0.0363156607
-0.0366680083
-0.0368354997
-0.0366016346
-0.0358840118
-0.0347196393
-0.0330640313
-0.0308738670
-0.0283718286
-0.0260645579
-0.0243721265
-0.0232747933
-0.0224949296
-0.0219611405
-0.0218568235
-0.0221803843
-0.0224966188
-0.0222640924
-0.0213970406
-0.0204456223
-0.0201522025
-0.0207242300
-0.0215909914
-0.0218171162
-0.0208009904
-0.0187311079
-0.0164041581
-0.0145341705
-0.0131985558
-0.0119087509
-0.0100999274
-0.0077118342
-0.0053808317
-0.0040410505
-0.0041790392
-0.0054162877
-0.0068726259
-0.0078693150
-0.0082978507
-0.0084251130
-0.0085231063
-0.0086345838
-0.0085398740
-0.0078927076
-0.0064749442
-0.0044865702
-0.0026209527
-0.0016781570
-0.0019607845
-0.0030300145
-0.0039944633
-0.0040726560
-0.0030248631
-0.0011866764
0.0009665161
0.0032752018
0.0059832755
0.0093894406
0.0134098355
0.0174407108
0.0207400048
0.0230663340
0.0250280538
0.0277069945
0.0317825648
0.0369565243
0.0421526803
0.0464361675
0.0497261347
0.0525768939
0.0553761415
0.0579929953
0.0601671341
0.0620202196
0.0639429522
0.0660666487
0.0680849276
0.0694325642
0.0696059553
0.0685804570
0.0668723503
0.0649896892
0.0630217328
0.0608863511
0.0585913584
0.0561326744
0.0535142435
0.0510497902
0.0493642706
0.0489094713
0.0494523242
0.0502579802
0.0508206780
0.0512398542
0.0518342067
0.0527238730
0.0539296311
0.0554666649
0.0571384287
0.0584493619
0.0590323077
0.0590471090
0.0590550919
0.0595352482
0.0604787693
0.0613356142
0.0614178443
0.0604227349
0.0585008778
0.0558934338
0.0527268557
0.0491716350
0.0455692369
0.0423178053
0.0396045407
0.0374260081
0.0357408364
0.0345309395
0.0338079189
0.0335714289
0.0336962170
0.0338569853
0.0337429090
0.0332852770
0.0326480224
0.0320164204
0.0314673066
0.0310347756
0.0306509779
0.0299977688
0.0285464920
0.0259029243
0.0221538010
0.0178144649
0.0134271438
0.0092214533
0.0051768905
0.0013646511
-0.0019606898
-0.0047413444
-0.0074558580
-0.0106968819
-0.0144758506
-0.0182745359
-0.0215885020
-0.0242508027
-0.0263115409
-0.0279054304
-0.0294467796
-0.0315733233
-0.0345559405
-0.0378462456
-0.0404412292
-0.0418109900
-0.0423066002
-0.0425950228
-0.0429199672
-0.0430885354
-0.0429227721
-0.0425917860
-0.0425190960
-0.0429876955
-0.0438813264
-0.0447134130
-0.0448667614
-0.0440681310
-0.0428451738
-0.0422365219
-0.0428803162
-0.0444525810
-0.0461509101
-0.0475039960
-0.0484572420
-0.0489448693
-0.0489024527
-0.0486678248
-0.0488295344
-0.0494815187
-0.0499970178
-0.0496201997
-0.0482429228
-0.0465464278
-0.0454396522
-0.0455027412
-0.0467767006
-0.0487387462
-0.0504673098
-0.0511553043
-0.0508822746
-0.0507410272
-0.0519362558
-0.0547037430
-0.0579851533
-0.0602170021
-0.0605862078
-0.0596546324
-0.0586804949
-0.0584496505
-0.0588539628
-0.0591887179
-0.0587596192
-0.0574974293
-0.0560755522
-0.0552946896
-0.0553791598
-0.0558356770
-0.0559420615
-0.0553421028
-0.0542786920
-0.0533377210
-0.0529502212
-0.0531324957
-0.0535400364
-0.0537069167
-0.0533460770
-0.0524659927
-0.0512694804
-0.0500809519
-0.0492561860
-0.0490330569
-0.0492826111
-0.0495198129
-0.0493401326
-0.0487722842
-0.0480927385
-0.0475713897
-0.0474122828
-0.0476559237
-0.0479913793
-0.0478718943
-0.0468698412
-0.0451226623
-0.0434826819
-0.0430413412
-0.0441865177
-0.0461754950
-0.0476412820
-0.0476613858
-0.0463911096
-0.0447032436
-0.0432935332
-0.0422642046
-0.0414532037
-0.0408841712
-0.0407497504
-0.0410129209
-0.0412200465
-0.0409203161
-0.0400037574
-0.0385108021
-0.0362059263
-0.0325737688
-0.0273117706
-0.0207443109
-0.0138039742
-0.0075893423
-0.0028375751
0.0004944445
0.0031224011
0.0059003692
0.0092591158
0.0130877443
0.0171385753
0.0213305562
0.0255627573
0.0294428760
0.0325602600
0.0349714416
0.0371777630
0.0395811515
0.0421204955
0.0445434933
0.0467586681
0.0487664230
0.0504678129
0.0516737322
0.0522184649
0.0520076228
0.0509501470
0.0489518552
0.0459596623
0.0418458192
0.0363630949
0.0295081543
0.0220427029
0.0153022913
0.0103313940
0.0073123147
0.0057140058
0.0048351312
0.0041781852
0.0034725005
0.0026852592
0.0021168920
0.0023076251
0.0035984664
0.0058416118
0.0085988228
0.0114502232
0.0140677778
0.0162412882
0.0179864836
0.0195046080
0.0210320161
0.0227649721
0.0248314450
0.0271979491
0.0295924712
0.0317169740
0.0335469034
0.0352965625
0.0371290791
0.0389374049
0.0404165909
0.0413710207
0.0419093557
0.0423404521
0.0428994079
0.0435524083
0.0440324950
0.0440567098
0.0435931397
0.0429419947
0.0425984211
0.0429612250
0.0440347916
0.0452904962
0.0459387639
0.0454833944
0.0440085259
0.0419715224
0.0397960064
0.0376405141
0.0355055588
0.0335088056
0.0317879145
0.0302007846
0.0283453535
0.0261244291
0.0240696572
0.0227825968
0.0222911368
0.0221938901
0.0221413834
0.0218317334
0.0208973348
0.0192980915
0.0176539417
0.0167027339
0.0163986396
0.0159756197
0.0148502232
0.0131392299
0.0113374259
0.0098641367
0.0089298628
0.0085653222
0.0085301724
0.0083159483
0.0074947155
0.0061075808
0.0046046482
0.0034429021
0.0027417488
0.0021624142
0.0011551433
-0.0005134629
-0.0024953875
-0.0041224216
-0.0049083203
-0.0048594448
-0.0044236854
-0.0041433661
-0.0042617360
-0.0046035377
-0.0048976038
-0.0051873098
-0.0057979923
-0.0068575903
-0.0080277029
-0.0087403037
-0.0086947146
-0.0081361217
-0.0076415851
-0.0076160057
-0.0079951540
-0.0083307238
-0.0082025781
-0.0075530023
-0.0068744386
-0.0070648827
-0.0088231483
-0.0119759949
-0.0153963101
-0.0177441097
-0.0183339758
-0.0175843347
-0.0166957125
-0.0167740455
-0.0180817345
-0.0199736835
-0.0214924022
-0.0221219978
-0.0221329148
-0.0221753494
-0.0226919264
-0.0236497777
-0.0247409925
-0.0257864288
-0.0267056253
-0.0272744442
-0.0271336281
-0.0260000167
-0.0238189182
-0.0208393313
-0.0175233284
-0.0142004057
-0.0107815328
-0.0069583652
-0.0027965858
0.0010809055
0.0040923196
0.0064114556
0.0088208071
0.0117627051
0.0146819933
0.0165766301
0.0171929953
0.0172920638
0.0177711572
0.0188434059
0.0202251246
0.0217451579
0.0232532091
0.0240826848
0.0233026258
0.0206135543
0.0167786890
0.0130007533
0.0099386274
0.0074079633
0.0047651421
0.0014649479
-0.0026481077
-0.0072538957
-0.0115723699
-0.0148190057
-0.0168188524
-0.0180412964
-0.0192107401
-0.0207386394
-0.0224229896
-0.0236818095
-0.0241236748
-0.0237201166
-0.0226165683
-0.0210833122
-0.0194952342
-0.0180838422
-0.0166095489
-0.0145122167
-0.0115629259
-0.0083116177
-0.0056119295
-0.0038222411
-0.0026645457
-0.0017038756
-0.0007355711
0.0003097822
0.0016081042
0.0034505344
0.0058874822
0.0085365825
0.0109174182
0.0129036885
0.0148435427
0.0173281713
0.0207340936
0.0247960760
0.0286601866
0.0313702071
0.0325488788
0.0326770188
0.0326619276
0.0331333931
0.0340748848
0.0348567178
0.0347025625
0.0333379485
0.0312443448
0.0291353832
0.0271209465
0.0246333914
0.0211396034
0.0168593386
0.0127430956
0.0097237125
0.0077950606
0.0060468489
0.0037494547
0.0011249592
-0.0011059745
-0.0025661077
-0.0034049279
-0.0039616509
-0.0044900512
-0.0052053447
-0.0064363799
-0.0083775379
-0.0106738240
-0.0125849873
-0.0136582543
-0.0141723989
-0.0148238815
-0.0159574861
-0.0171081990
-0.0172434295
-0.0158285379
-0.0136570573
-0.0123117354
-0.0127685583
-0.0146243473
-0.0167198099
-0.0182253173
-0.0190513263
-0.0194097347
-0.0192826887
-0.0184148571
-0.0166046248
-0.0140448096
-0.0112901713
-0.0089289532
-0.0072605550
-0.0062767261
-0.0056687219
-0.0048306836
-0.0033016760
-0.0013982561
-0.0000537309
0.0000863689
-0.0007263540
-0.0017679216
-0.0025907025
-0.0032227784
-0.0038347156
-0.0044961942
-0.0051914319
-0.0060628171
-0.0074960477
-0.0098395928
-0.0129935415
-0.0163420188
-0.0191563585
-0.0209282588
-0.0215082639
-0.0212287895
-0.0208292261
-0.0209300018
-0.0215675461
-0.0222865122
-0.0226671302
-0.0228457367
-0.0234535625
-0.0249491594
-0.0271094959
-0.0292780271
-0.0310457661
-0.0324860066
-0.0337637533
-0.0348495543
-0.0357462070
-0.0367768194
-0.0382884971
-0.0401778380
-0.0419326666
-0.0431592440
-0.0439091528
-0.0446911013
-0.0461638549
-0.0485608005
-0.0514071386
-0.0538853818
-0.0555544722
-0.0566678786
-0.0577443675
-0.0589750685
-0.0600460638
-0.0605387273
-0.0603401990
-0.0596668452
-0.0587142069
-0.0573318816
-0.0551762101
-0.0522048098
-0.0488712623
-0.0456713760
-0.0426251987
-0.0394531308
-0.0360944441
-0.0328314590
-0.0300636058
-0.0279173992
-0.0260020849
-0.0235950743
-0.0201654431
-0.0156665759
-0.0104121512
-0.0049002283
0.0002933886
0.0047718227
0.0086087908
0.0122431507
0.0159567733
0.0195445675
0.0225813226
0.0248347387
0.0263653720
0.0272307913
0.0273436508
0.0265422119
0.0248239897
0.0225213784
0.0201635111
0.0180604898
0.0161399398
0.0143523044
0.0130973455
0.0129525331
0.0138715704
0.0147656153
0.0142785425
0.0120843754
0.0091929828
0.0069277800
0.0057646455
0.0052141764
0.0046397716
0.0038583096
0.0030541158
0.0024280129
0.0022009335
0.0027022114
0.0040614892
0.0057857252
0.0069134444
0.0067805601
0.0055983409
0.0042138422
0.0033370257
0.0031144380
0.0033231872
0.0036455699
0.0036240608
0.0027257650
0.0007574591
-0.0016768689
-0.0033494833
-0.0034239740
-0.0024641759
-0.0019903919
-0.0030446972
-0.0052767390
-0.0073998987
-0.0084324287
-0.0084201810
-0.0080226441
-0.0076789138
-0.0072641927
-0.0063716865
-0.0047209319
-0.0023772534
0.0002247190
0.0023287562
0.0030596992
0.0020248277
-0.0001906444
-0.0023102759
-0.0032996620
-0.0030340485
-0.0021148734
-0.0012498290
-0.0008131229
-0.0008096496
-0.0010541532
-0.0013497149
-0.0016500784
-0.0020198329
-0.0024425757
-0.0027200665
-0.0027109464
-0.0025429600
-0.0025431321
-0.0029245158
-0.0035527881
-0.0039908940
-0.0037589741
-0.0026142424
-0.0007462765
0.0011670153
0.0023160668
0.0023670031
0.0018082231
0.0015596565
0.0021996340
0.0035698569
0.0050753357
0.0062665271
0.0070956412
0.0078685985
0.0088753605
0.0099906283
0.0107451714
0.0108566946
0.0105474652
0.0101564264
0.0097770363
0.0093580224
0.0089171053
0.0085602089
0.0083675445
0.0083689503
0.0085746715
0.0089258428
0.0091692078
0.0090433797
0.0086129234
0.0081644017
0.0078578887
0.0077461159
0.0080434184
0.0089561235
0.0101569717
0.0107923159
0.0103544416
0.0093758415
0.0088441291
0.0090402620
0.0094129581
0.0095716194
0.0098287643
0.0106544914
0.0118472376
0.0125841567
0.0121491475
0.0106117164
0.0088046136
0.0076993765
0.0076265577
0.0081083271
0.0084993548
0.0086432754
0.0088118443
0.0090898826
0.0091055947
0.0085417617
0.0076112191
0.0067652771
0.0061947101
0.0058040376
0.0055020889
0.0052503420
0.0049254376
0.0044060755
0.0037582905
0.0031591402
0.0026186419
0.0018941884
0.0007210272
-0.0009527855
-0.0029568533
-0.0049456096
-0.0064663540
-0.0071825456
-0.0071281536
-0.0066565309
-0.0061063468
-0.0056267959
-0.0052082097
-0.0048384288
-0.0045362411
-0.0044030930
-0.0045632666
-0.0049774252
-0.0054209127
-0.0057944586
-0.0062453988
-0.0068588498
-0.0074347799
-0.0076595979
-0.0073555943
-0.0066547950
-0.0059916432
-0.0058444088
-0.0063317914
-0.0069761806
-0.0069852727
-0.0059760018
-0.0044494593
-0.0033108691
-0.0028612753
-0.0024546877
-0.0012921880
0.0006450569
0.0026555170
0.0041525830
0.0051703913
0.0059224375
0.0062339927
0.0057589094
0.0045316915
0.0031249541
0.0023340194
0.0026763768
0.0039753000
0.0053727482
0.0059068288
0.0052358557
0.0036957000
0.0017478015
-0.0004602654
-0.0030434720
-0.0060754497
-0.0094523689
-0.0129921244
-0.0165750149
-0.0201705337
-0.0237751749
-0.0273050280
-0.0305930249
-0.0336076155
-0.0365900453
-0.0398276955
-0.0433775136
-0.0469204547
-0.0499819565
-0.0522390739
-0.0537432154
-0.0549283134
-0.0562156754
-0.0576668428
-0.0590071567
-0.0598493883
-0.0599049553
-0.0590484471
-0.0572169794
-0.0542157047
-0.0497312443
-0.0437639391
-0.0370751039
-0.0308871759
-0.0259905747
-0.0222933762
-0.0191605111
-0.0160598096
-0.0129203224
-0.0101330854
-0.0082668275
-0.0076469811
-0.0080729032
-0.0088963832
-0.0093942713
-0.0091735535
-0.0082232698
-0.0066547063
-0.0045406364
-0.0020704310
0.0004947792
0.0031236360
0.0059207705
0.0086892782
0.0109704175
0.0126513335
0.0141794201
0.0159639354
0.0178198718
0.0192065711
0.0198144866
0.0196916223
0.0188945363
0.0173179339
0.0149283943
0.0119920612
0.0090475957
0.0067296064
0.0054507422
0.0050852147
0.0050536146
0.0046896519
0.0035864273
0.0017231369
-0.0005371384
-0.0026028114
-0.0038925689
-0.0041677699
-0.0037699552
-0.0034724555
-0.0040000519
-0.0055102391
-0.0075581146
-0.0095059417
-0.0107552594
-0.0106151480
-0.0085334872
-0.0046993801
-0.0000979499
0.0042730757
0.0080507067
0.0113434171
0.0141379380
0.0161911204
0.0174337371
0.0181996049
0.0189131260
0.0196679956
0.0201901518
0.0201440410
0.0194573645
0.0184024014
0.0174473577
0.0169132201
0.0166199725
0.0158996805
0.0141666344
0.0115529168
0.0088380553
0.0067269945
0.0052733842
0.0039283889
0.0020441603
-0.0005609871
-0.0033778243
-0.0056009168
-0.0068152904
-0.0072712898
-0.0074220208
-0.0072911709
-0.0063787845
-0.0042280466
-0.0010007750
0.0026039893
0.0059580104
0.0089744479
0.0119433936
0.0148271882
0.0169577476
0.0177422967
0.0174514519
0.0169501633
0.0169009248
0.0174093458
0.0181445057
0.0186994731
0.0188572185
0.0185948641
0.0179532370
0.0170278847
0.0159388039
0.0146736332
0.0132004076
0.0117269484
0.0107030406
0.0103507496
0.0102260539
0.0096192997
0.0084283836
0.0074121545
0.0073272462
0.0079260684
0.0081399280
0.0072121834
0.0054766768
0.0040100435
0.0036980210
0.0045791659
0.0058542620
0.0064686017
0.0058808594
0.0043902199
0.0028170201
0.0018526445
0.0017316760
0.0023592234
0.0033943252
0.0042029197
0.0040755932
0.0028304500
0.0012871965
0.0008063483
0.0020018707
0.0040171142
0.0053331387
0.0052291616
0.0043266341
0.0038623020
0.0047603734
0.0071182126
0.0101539296
0.0126573811
0.0138666280
0.0140872726
0.0142571633
0.0149185568
0.0158720784
0.0166810671
0.0171390814
0.0171883337
0.0168153767
0.0161128968
0.0153041814
0.0147030182
0.0145227137
0.0146641367
0.0147970450
0.0147570203
0.0147653634
0.0151123226
0.0157483308
0.0162021668
0.0160158296
0.0151826821
0.0140782119
0.0130973480
0.0123998482
0.0119846045
0.0118216864
0.0117904974
0.0116438900
0.0112577923
0.0107669857
0.0103307422
0.0098958357
0.0092779043
0.0084967478
0.0079450808
0.0081447634
0.0091763197
0.0103680867
0.0106732848
0.0095484403
0.0074518279
0.0054886766
0.0045431433
0.0047682735
0.0055989899
0.0062022978
0.0060204789
0.0051139222
0.0041079729
0.0037579561
0.0043755094
0.0055317603
0.0063047470
0.0059577249
0.0044951442
0.0026709873
0.0014899107
0.0014859526
0.0023734261
0.0033718981
0.0037199315
0.0029383084
0.0008840948
-0.0021289527
-0.0052945539
-0.0077592304
-0.0093778441
-0.0107852248
-0.0126191092
-0.0150099468
-0.0177339870
-0.0205195301
-0.0231848617
-0.0255116139
-0.0272109385
-0.0281248165
-0.0284663179
-0.0287203372
-0.0291285354
-0.0293809143
-0.0287808127
-0.0266799284
-0.0229680751
-0.0181516788
-0.0128978308
-0.0076185882
-0.0026778313
0.0012052516
0.0032930016
0.0036908610
0.0035400316
0.0042095992
0.0062590158
0.0090704312
0.0114614912
0.0126935964
0.0129936979
0.0130950243
0.0133666958
0.0135530114
0.0132890683
0.0125625196
0.0116433096
0.0107226174
0.0098211761
0.0089070368
0.0079205238
0.0067692002
0.0053626380
0.0036890416
0.0018466728
0.0000169622
-0.0015623681
-0.0026130497
-0.0029278626
-0.0024677531
-0.0014037264
-0.0000879153
0.0011359851
0.0022841817
0.0037902084
0.0059431947
0.0082969129
0.0099880091
0.0106005008
0.0105463887
0.0106640033
0.0115617467
0.0132580430
0.0153898224
0.0176720181
0.0200774591
0.0226572220
0.0252558839
0.0274487395
0.0288733826
0.0297255116
0.0307913432
0.0327314272
0.0353389309
0.0376791410
0.0390296407
0.0394860122
0.0397411702
0.0403177866
0.0410430980
0.0412850658
0.0406354151
0.0392232749
0.0374291928
0.0354862509
0.0333196036
0.0307005048
0.0276437541
0.0246344871
0.0224045200
0.0212723720
0.0206576815
0.0195695637
0.0175502383
0.0149597946
0.0124020268
0.0101906395
0.0083829748
0.0070157663
0.0060135597
0.0050093571
0.0036493427
0.0021322815
0.0012305431
0.0015923205
0.0031534014
0.0052651680
0.0073629188
0.0093956821
0.0117998275
0.0150734906
0.0192551840
0.0237244650
0.0275371778
0.0302155711
0.0320758608
0.0337070237
0.0354125632
0.0371810978
0.0388081354
0.0400402918
0.0407318773
0.0408892585
0.0406773561
0.0404941652
0.0406871229
0.0411817037
0.0416058909
0.0417195000
0.0416801506
0.0418921781
0.0425148923
0.0433008532
0.0438089245
0.0438295573
0.0435976337
0.0436187769
0.0442018980
0.0450849194
0.0455524323
0.0450971408
0.0439331735
0.0427209343
0.0417555633
0.0406922742
0.0390385768
0.0367020891
0.0340388504
0.0314913961
0.0293839273
0.0279480435
0.0273057350
0.0273883258
0.0279346151
0.0285000230
0.0284966069
0.0275152201
0.0258553894
0.0245838376
0.0245516666
0.0252382825
0.0249030835
0.0221675409
0.0173361892
0.0119996470
0.0076601109
0.0048596110
0.0033270802
0.0023844621
0.0012937065
-0.0003878516
-0.0025387409
-0.0046892936
-0.0065080284
-0.0079131397
-0.0089075994
-0.0094649572
-0.0095979761
-0.0093153125
-0.0085439559
-0.0073154623
-0.0061224725
-0.0056536345
-0.0059884951
-0.0062507313
-0.0053496860
-0.0030607238
-0.0000009358
0.0032291603
0.0065093022
0.0098118465
0.0128975374
0.0155458245
0.0177498616
0.0195478893
0.0208755032
0.0216118496
0.0217838701
0.0215344980
0.0209239233
0.0199963375
0.0189633904
0.0180774987
0.0172149716
0.0159502825
0.0140595856
0.0118049379
0.0096731350
0.0079727316
0.0067364796
0.0058536402
0.0051093860
0.0042153312
0.0030202569
0.0017356940
0.0006837698
-0.0002534246
-0.0017101840
-0.0042005617
-0.0074340353
-0.0104819243
-0.0125129221
-0.0131814984
-0.0126760410
-0.0118179692
-0.0118413682
-0.0135496184
-0.0165366087
-0.0192199577
-0.0196509639
-0.0165481878
-0.0102102750
-0.0027152570
0.0032539821
0.0062016051
0.0065848297
0.0059749900
0.0056621429
0.0058796030
0.0060662839
0.0056148559
0.0043595928
0.0025755426
0.0006940239
-0.0008973329
-0.0019463631
-0.0024358121
-0.0026083563
-0.0027126479
-0.0028559930
-0.0032003442
-0.0040760803
-0.0055751754
-0.0071248106
-0.0079260117
-0.0078844805
-0.0077511063
-0.0082470898
-0.0093493108
-0.0105191735
-0.0113467370
-0.0116799070
-0.0114460573
-0.0108019049
-0.0103398059
-0.0107223792
-0.0118980921
-0.0129155986
-0.0127749654
-0.0113877996
-0.0095149147
-0.0078885471
-0.0065720898
-0.0051510430
-0.0032344128
-0.0007809619
0.0018891905
0.0043305008
0.0061874359
0.0073836841
0.0081309510
0.0087750801
0.0096195312
0.0108819100
0.0125909655
0.0144159758
0.0157770519
0.0162847114
0.0161407443
0.0158796089
0.0156202464
0.0148640173
0.0132425681
0.0111474188
0.0092967083
0.0078937274
0.0065286439
0.0048347981
0.0029867802
0.0015876559
0.0010796946
0.0013087565
0.0017265407
0.0020215609
0.0025117949
0.0038142580
0.0060509961
0.0084842125
0.0101468399
0.0107312456
0.0108298488
0.0113985025
0.0129610041
0.0151535908
0.0169874459
0.0176110943
0.0168133623
0.0149470614
0.0126241755
0.0105521935
0.0092390341
0.0085137010
0.0075217280
0.0054218412
0.0021462821
-0.0014911731
-0.0043021613
-0.0055195556
-0.0052533948
-0.0042863665
-0.0034297310
-0.0030369964
-0.0030042471
-0.0030652010
-0.0030454443
-0.0028922607
-0.0026552150
-0.0025296764
-0.0028039144
-0.0035907623
-0.0046647359
-0.0056524530
-0.0063527690
-0.0068270917
-0.0072307263
-0.0076172359
-0.0079044202
-0.0079586371
-0.0077002991
-0.0071507729
-0.0065150392
-0.0060671268
-0.0058418555
-0.0055445028
-0.0048738570
-0.0038927651
-0.0030732017
-0.0028608063
-0.0031218491
-0.0032158382
-0.0026685048
-0.0016217290
-0.0005714611
0.0001977501
0.0007491316
0.0011999000
0.0016042958
0.0021218094
0.0030532777
0.0046110252
0.0066885355
0.0088096762
0.0102782507
0.0105196196
0.0095159087
0.0077899265
0.0059060827
0.0042019658
0.0029994849
0.0025845972
0.0027724648
0.0027492334
0.0015992422
-0.0009174463
-0.0041543367
-0.0070612371
-0.0089303074
-0.0098163667
-0.0104381819
-0.0116068410
-0.0135405251
-0.0156248346
-0.0169495798
-0.0172665650
-0.0173355379
-0.0181449474
-0.0198931610
-0.0218383237
-0.0229553233
-0.0227994701
-0.0217004552
-0.0202929204
-0.0189026363
-0.0174272638
-0.0157776351
-0.0142652870
-0.0134502147
-0.0137093573
-0.0149689422
-0.0167256386
-0.0182852318
-0.0190424405
-0.0187473408
-0.0175447934
-0.0157995933
-0.0139313122
-0.0124229462
-0.0116381333
-0.0115495525
-0.0117339200
-0.0117107346
-0.0113176310
-0.0107834449
-0.0104844673
-0.0106429628
-0.0111974269
-0.0118474277
-0.0122395734
-0.0121443082
-0.0116162275
-0.0111032489
-0.0112164456
-0.0121761595
-0.0135172499
-0.0144547426
-0.0145785888
-0.0141173440
-0.0135377823
-0.0130600777
-0.0126373453
-0.0123076742
-0.0123499674
-0.0131767275
-0.0150210162
-0.0176529837
-0.0203603209
-0.0223679961
-0.0234486245
-0.0239974238
-0.0246001271
-0.0255756928
-0.0268603123
-0.0281246260
-0.0290758157
-0.0297220927
-0.0304126828
-0.0315309859
-0.0330649159
-0.0344744233
-0.0352030395
-0.0354131784
-0.0359632644
-0.0374516661
-0.0393006850
-0.0401466228
-0.0391881612
-0.0368541979
-0.0342125644
-0.0320107502
-0.0303285487
-0.0289383340
-0.0276360742
-0.0262743307
-0.0247521479
-0.0232197397
-0.0221538445
-0.0219962900
-0.0226220956
-0.0232749007
-0.0230618100
-0.0215815784
-0.0191918596
-0.0167396218
-0.0150366567
-0.0145118450
-0.0149880107
-0.0158681088
-0.0165548838
-0.0166657402
-0.0160240423
-0.0146758341
-0.0130363063
-0.0118314687
-0.0115895270
-0.0121709108
-0.0129281420
-0.0132374955
-0.0129450191
-0.0124674397
-0.0124153380
-0.0129549024
-0.0135322226
-0.0133186806
-0.0119152180
-0.0095416208
-0.0067490118
-0.0042157827
-0.0025690391
-0.0020591902
-0.0023095082
-0.0025160111
-0.0019843122
-0.0006825943
0.0005005854
0.0002248643
-0.0022326558
-0.0062778831
-0.0105133001
-0.0138423260
-0.0160974779
-0.0177519987
-0.0192518524
-0.0205329421
-0.0211475587
-0.0208746081
-0.0201592515
-0.0198193943
-0.0201945439
-0.0207676617
-0.0208716975
-0.0206073963
-0.0207931654
-0.0220559424
-0.0241602066
-0.0261667464
-0.0271030777
-0.0265899451
-0.0250626667
-0.0233214213
-0.0217949832
-0.0201381100
-0.0175791398
-0.0138072359
-0.0094209844
-0.0054410306
-0.0026353741
-0.0014196375
-0.0019388113
-0.0037925543
-0.0058558386
-0.0068880213
-0.0064476815
-0.0051292869
-0.0039175929
-0.0035192761
-0.0041058232
-0.0053056126
-0.0063816499
-0.0065593078
-0.0055763936
-0.0039653389
-0.0026510413
-0.0021619424
-0.0022415304
-0.0022875590
-0.0019947366
-0.0014833743
-0.0009107486
-0.0002277139
0.0005916815
0.0012543274
0.0012973586
0.0005424292
-0.0006403316
-0.0015626553
-0.0016701396
-0.0009299633
0.0002103611
0.0012793168
0.0021627994
0.0030029518
0.0038492385
0.0045938568
0.0052432633
0.0060082015
0.0069556033
0.0077433816
0.0079480628
0.0073829195
0.0061332626
0.0045612847
0.0032436385
0.0025866290
0.0023628633
0.0018800411
0.0006953241
-0.0008849591
-0.0021104593
-0.0024742188
-0.0020861027
-0.0014746110
-0.0011290407
-0.0012920187
-0.0019861464
-0.0030956442
-0.0043442552
-0.0053575857
-0.0059105863
-0.0060896910
-0.0062227743
-0.0067789553
-0.0081621267
-0.0103395141
-0.0126553760
-0.0141173037
-0.0140671115
-0.0126483656
-0.0107379801
-0.0093280617
-0.0088468608
-0.0089431656
-0.0088988060
-0.0083628500
-0.0077402089
-0.0077615721
-0.0086719656
-0.0099735368
-0.0110169710
-0.0117284253
-0.0124983541
-0.0133740754
-0.0136797083
-0.0126352753
-0.0103360153
-0.0077852366
-0.0059749343
-0.0050855287
-0.0045514381
-0.0036059179
-0.0017929264
0.0007501850
0.0034222311
0.0055222268
0.0065349727
0.0063228250
0.0052667367
0.0041346289
0.0036092625
0.0038411043
0.0043719407
0.0045138296
0.0039253312
0.0027710308
0.0013565966
-0.0002528781
-0.0020919764
-0.0038067445
-0.0046934573
-0.0044947057
-0.0039148598
-0.0040586249
-0.0054742640
-0.0077332297
-0.0098355701
-0.0109863328
-0.0110258388
-0.0103598325
-0.0095899499
-0.0091699614
-0.0092281792
-0.0095635930
-0.0099162320
-0.0102551529
-0.0107554913
-0.0114838847
-0.0122262775
-0.0126046590
-0.0122875018
-0.0111776922
-0.0095029050
-0.0077088555
-0.0061059130
-0.0046648630
-0.0032796468
-0.0021643561
-0.0018001799
-0.0024031507
-0.0035651251
-0.0045401368
-0.0048180831
-0.0044240620
-0.0038676354
-0.0038078001
-0.0045596886
-0.0057686961
-0.0066514582
-0.0066406377
-0.0058284370
-0.0047557116
-0.0038081329
-0.0029315006
-0.0019050800
-0.0007755760
0.0000062269
-0.0001318587
-0.0013939152
-0.0032823801
-0.0047713636
-0.0049715082
-0.0037315214
-0.0017609543
-0.0001477098
0.0004468597
0.0002723482
0.0001350593
0.0006670969
0.0020400658
0.0041322684
0.0065248982
0.0083857770
0.0088535284
0.0077780980
0.0060051708
0.0047766225
0.0048922515
0.0063321206
0.0084077408
0.0100935607
0.0105702339
0.0098642995
0.0088735857
0.0085428594
0.0090065334
0.0097173315
0.0102180542
0.0105268173
0.0108089357
0.0109924384
0.0108010747
0.0100874697
0.0090464729
0.0080750221
0.0074227012
0.0069868932
0.0065442304
0.0060799034
0.0058723960
0.0061772367
0.0068584024
0.0075896984
0.0083426316
0.0094220574
0.0110177268
0.0129618625
0.0147885158
0.0159956421
0.0164316625
0.0164241531
0.0165343926
0.0171948920
0.0183783158
0.0195404957
0.0200984918
0.0200251510
0.0197853351
0.0196891251
0.0194168844
0.0182414587
0.0158100684
0.0127497627
0.0103462048
0.0093771956
0.0092872645
0.0087207811
0.0069564833
0.0047168769
0.0033713791
0.0034991580
0.0044470696
0.0051999920
0.0052771219
0.0047378259
0.0037753482
0.0025604137
0.0014056238
0.0007444775
0.0008315537
0.0015280635
0.0024150279
0.0030190282
0.0029614158
0.0020685779
0.0005067147
-0.0011971788
-0.0024076147
-0.0027357758
-0.0021061027
-0.0005872334
0.0017472930
0.0047142238
0.0078592056
0.0105162495
0.0121475685
0.0127574040
0.0129461440
0.0133714782
0.0142581010
0.0154668281
0.0167256049
0.0176206662
0.0177835475
0.0173324064
0.0168482979
0.0166917433
0.0166370311
0.0163501659
0.0160242566
0.0163183574
0.0175247048
0.0190056475
0.0196667309
0.0190241658
0.0176733823
0.0164895639
0.0156432747
0.0146259076
0.0130317670
0.0111162751
0.0096233448
0.0091737032
0.0097383625
0.0105003704
0.0102787329
0.0083738130
0.0052092228
0.0021085857
0.0002830799
-0.0000410635
0.0004300445
0.0008130647
0.0007094666
0.0002782666
-0.0002009854
-0.0006803833
-0.0012387575
-0.0018062243
-0.0020936463
-0.0017922967
-0.0007876673
0.0007474531
0.0024869223
0.0042854345
0.0062737312
0.0083255501
0.0096027751
0.0091787455
0.0071978462
0.0050793634
0.0043655763
0.0053504161
0.0069867331
0.0080645494
0.0083191925
0.0084049869
0.0090090800
0.0101451535
0.0110300222
0.0106635006
0.0087027930
0.0060067698
0.0040907962
0.0039541517
0.0053296616
0.0071188057
0.0083957499
0.0088974613
0.0088387483
0.0085759000
0.0084659863
0.0089095928
0.0102805881
0.0125344616
0.0149202538
0.0165308313
0.0172372945
0.0177730416
0.0187747733
0.0200580562
0.0210599612
0.0216135191
0.0220333953
0.0226089462
0.0233037866
0.0238596537
0.0239785949
0.0234716811
0.0224494175
0.0213419741
0.0204821329
0.0195548840
0.0177861704
0.0148914075
0.0115614948
0.0089335312
0.0076388511
0.0074682625
0.0078292908
0.0082396256
0.0082175183
0.0071272711
0.0046354665
0.0013035179
-0.0015410847
-0.0026904822
-0.0018820356
0.0001137508
0.0021399169
0.0035586219
0.0045324818
0.0055481312
0.0067865326
0.0081163881
0.0095075099
0.0110082825
0.0122820113
0.0126928211
0.0119965161
0.0107045731
0.0096857050
0.0094730471
0.0100668701
0.0111958914
0.0125299031
0.0136324161
0.0139217380
0.0130242856
0.0111696464
0.0091622751
0.0078357015
0.0075837498
0.0082351565
0.0092746982
0.0101469172
0.0105718126
0.0105595636
0.0101477243
0.0092915528
0.0080428923
0.0066835577
0.0054624928
0.0043397575
0.0031351006
0.0019417172
0.0011952451
0.0012820557
0.0021988133
0.0036338045
0.0052654877
0.0067788252
0.0077618696
0.0078966081
0.0072654384
0.0063612958
0.0057569312
0.0058087574
0.0065463635
0.0076339944
0.0084887832
0.0086707405
0.0082473711
0.0076200015
0.0070241824
0.0063317270
0.0053386065
0.0040788784
0.0027613081
0.0014847746
0.0002665489
-0.0007729184
-0.0015052177
-0.0020712816
-0.0028564403
-0.0041406896
-0.0059021890
-0.0079558762
-0.0100039584
-0.0116319389
-0.0125107758
-0.0127811312
-0.0130128402
-0.0135785419
-0.0141431166
-0.0140646815
-0.0132780517
-0.0125174447
-0.0125530334
-0.0133649025
-0.0140745775
-0.0136332642
-0.0116749550
-0.0088904456
-0.0065877759
-0.0056951470
-0.0059123778
-0.0058635782
-0.0043045783
-0.0013122123
0.0018948177
0.0042841913
0.0058620614
0.0073811841
0.0094659274
0.0122392227
0.0152793068
0.0176004634
0.0180378083
0.0161696317
0.0128449543
0.0095454530
0.0072785591
0.0060496817
0.0052853138
0.0046254464
0.0041842402
0.0042021914
0.0045147837
0.0044015012
0.0031060143
0.0006477055
-0.0019777346
-0.0035378628
-0.0036152914
-0.0028635387
-0.0022661789
-0.0023527918
-0.0031539254
-0.0044691435
-0.0059085147
-0.0068269404
-0.0066097894
-0.0051981434
-0.0032276044
-0.0015068857
-0.0003607779
0.0004185363
0.0010790647
0.0014999070
0.0013190514
0.0004011232
-0.0009229615
-0.0019934354
-0.0022168221
-0.0013628072
0.0002426120
0.0018467039
0.0027942004
0.0030180073
0.0029881624
0.0032091661
0.0038424674
0.0047352002
0.0055755840
0.0059717597
0.0056737067
0.0049161216
0.0044801906
0.0050882577
0.0065065193
0.0075555706
0.0072780718
0.0059657240
0.0049219664
0.0052952020
0.0071770941
0.0097509924
0.0119281596
0.0128181380
0.0120699604
0.0101154254
0.0079746477
0.0064705041
0.0054965372
0.0041699495
0.0018035079
-0.0013573718
-0.0043127793
-0.0060287629
-0.0060709021
-0.0047366188
-0.0027795942
-0.0010306510
-0.0000990907
-0.0002425989
-0.0012989163
-0.0028124488
-0.0043109286
-0.0054893786
-0.0061986718
-0.0063347089
-0.0058343328
-0.0047822556
-0.0033807098
-0.0016500513
0.0002730803
0.0021757393
0.0033247207
0.0032560238
0.0024660026
0.0020416565
0.0026793922
0.0042262931
0.0059998232
0.0073012332
0.0076875113
0.0072141621
0.0065358882
0.0066129803
0.0080121792
0.0102754425
0.0122066353
0.0128535753
0.0122765609
0.0114385795
0.0112637454
0.0116689523
0.0116684290
0.0104909525
0.0084319503
0.0065473371
0.0057168445
0.0061539176
0.0074868447
0.0090446345
0.0100399148
0.0097663489
0.0079882619
0.0052553719
0.0027447287
0.0015578961
0.0019666572
0.0031480632
0.0038122408
0.0031927962
0.0014598570
-0.0007065372
-0.0027884464
-0.0046925735
-0.0065451556
-0.0083409233
-0.0098720782
-0.0109531640
-0.0117090648
-0.0124711186
-0.0133554668
-0.0141092346
-0.0144159473
-0.0143145892
-0.0142529497
-0.0147033556
-0.0156260350
-0.0163283358
-0.0160173985
-0.0145033100
-0.0123505320
-0.0102870496
-0.0085776908
-0.0071141185
-0.0058511184
-0.0048874561
-0.0041829594
-0.0035272722
-0.0027604529
-0.0018844490
-0.0010289452
-0.0004258309
-0.0002240034
-0.0003245104
-0.0004086182
-0.0001393296
0.0006889066
0.0020491696
0.0037030832
0.0053765148
0.0068483464
0.0079709969
0.0087556040
0.0092891898
0.0095949206
0.0097299435
0.0098750112
0.0101119764
0.0102293177
0.0098674941
0.0089210026
0.0077715331
0.0071470504
0.0076419828
0.0090367605
0.0101598116
0.0098506844
0.0081379488
0.0063285360
0.0057863108
0.0066785660
0.0080270716
0.0087758404
0.0085321425
0.0073174566
0.0052215745
0.0025098468
-0.0002909128
-0.0028253130
-0.0051480793
-0.0073473852
-0.0091716540
-0.0102605774
-0.0106595976
-0.0109204726
-0.0116753827
-0.0130887673
-0.0147124266
-0.0158522200
-0.0160711940
-0.0154721137
-0.0145806149
-0.0139573528
-0.0139022078
-0.0143828654
-0.0151913472
-0.0160845575
-0.0168183976
-0.0171266128
-0.0168570674
-0.0160720229
-0.0149394188
-0.0135970258
-0.0121893193
-0.0109850078
-0.0102621594
-0.0100691032
-0.0101978890
-0.0103966333
-0.0105275015
-0.0105007378
-0.0101904591
-0.0094553346
-0.0083263135
-0.0070052012
-0.0057308739
-0.0046573253
-0.0038145357
-0.0030768080
-0.0021643151
-0.0007466798
0.0012697943
0.0034484897
0.0049649912
0.0051974107
0.0042786026
0.0030153179
0.0022735206
0.0024004864
0.0029872192
0.0032196037
0.0026226731
0.0015644810
0.0009700804
0.0014558842
0.0027556991
0.0040920584
0.0048553984
0.0049091157
0.0044106544
0.0035374754
0.0024319612
0.0012509219
0.0001649200
-0.0006352702
-0.0009164697
-0.0006075143
-0.0000281155
0.0002818944
0.0001092893
-0.0002579454
-0.0005145822
-0.0008319836
-0.0017004942
-0.0032827689
-0.0051038931
-0.0064904708
-0.0070976524
-0.0069730943
-0.0063337418
-0.0054111283
-0.0045159962
-0.0040138546
-0.0040450140
-0.0043330349
-0.0043480570
-0.0036804629
-0.0023029015
-0.0006017453
0.0008616361
0.0017973598
0.0024321115
0.0031035508
0.0037104115
0.0037948769
0.0030591131
0.0016603117
0.0000088593
-0.0015800543
-0.0030092236
-0.0042790820
-0.0053885185
-0.0063529748
-0.0072155768
-0.0080636434
-0.0089712764
-0.0099397478
-0.0108104110
-0.0112972973
-0.0112055382
-0.0105982065
-0.0096713750
-0.0084784306
-0.0069252770
-0.0050381479
-0.0031380468
-0.0016748674
-0.0008320264
-0.0003522861
0.0002546371
0.0014359143
0.0034240658
0.0059523716
0.0082083945
0.0093982772
0.0095134888
0.0093698971
0.0098689545
0.0111245776
0.0124379303
0.0131029804
0.0130493574
0.0126556945
0.0121552353
0.0114741130
0.0104059238
0.0087923142
0.0066673191
0.0044067944
0.0025763028
0.0015320383
0.0011868746
0.0012451234
0.0015414770
0.0019624112
0.0021568667
0.0015817058
-0.0000458227
-0.0024079610
-0.0047534648
-0.0063886263
-0.0071009994
-0.0071935625
-0.0070613517
-0.0067478049
-0.0059453442
-0.0045059839
-0.0028823235
-0.0018693107
-0.0018884217
-0.0026996845
-0.0037485376
-0.0046270474
-0.0052332090
-0.0056988008
-0.0062574710
-0.0070715215
-0.0080621457
-0.0088804059
-0.0090873759
-0.0084791428
-0.0071832734
-0.0055231274
-0.0038027773
-0.0022422131
-0.0010484582
-0.0004161931
-0.0003681814
-0.0006527442
-0.0009225584
-0.0009564655
-0.0006957735
-0.0001426705
0.0005840332
0.0011351833
0.0011107464
0.0004529984
-0.0004466209
-0.0010661119
-0.0011339394
-0.0007307370
-0.0001353324
0.0003643600
0.0006508467
0.0008872407
0.0013911687
0.0022227254
0.0029780986
0.0030767120
0.0023458001
0.0011951276
0.0002625145
-0.0000299940
0.0003273800
0.0009473838
0.0013185079
0.0012086697
0.0008090555
0.0005010255
0.0004912776
0.0006836366
0.0008658079
0.0009822987
0.0011887198
0.0016593673
0.0023559179
0.0030259240
0.0033681901
0.0032331789
0.0027027791
0.0020365612
0.0015429201
0.0013960780
0.0015690987
0.0019832507
0.0025705309
0.0031376963
0.0033436219
0.0030059535
0.0023666845
0.0019088299
0.0019424362
0.0024278804
0.0031498028
0.0039149453
0.0045499254
0.0048811994
0.0048160803
0.0043552647
0.0035556635
0.0025333994
0.0015135673
0.0007917556
0.0005611998
0.0007715222
0.0011074978
0.0010945352
0.0003879594
-0.0009500316
-0.0024709262
-0.0036693179
-0.0043136301
-0.0044850117
-0.0043851239
-0.0041646771
-0.0039159998
-0.0037533492
-0.0038169289
-0.0041445084
-0.0045984876
-0.0049555631
-0.0050744386
-0.0049781582
-0.0048316663
-0.0048710819
-0.0052880119
-0.0060962527
-0.0070536200
-0.0077292938
-0.0077319896
-0.0069861431
-0.0058158489
-0.0047181688
-0.0039855484
-0.0035091292
-0.0029554545
-0.0021224789
-0.0011962541
-0.0006684667
-0.0009197514
-0.0018432698
-0.0029201883
-0.0036175519
-0.0037314913
-0.0033894767
-0.0028138167
-0.0021297650
-0.0013791619
-0.0006467272
-0.0000703667
0.0002689918
0.0004017782
0.0004414999
0.0005143566
0.0007124017
0.0010709927
0.0015428732
0.0020241074
0.0024000589
0.0025996222
0.0026351721
0.0025898926
0.0025567930
0.0025637694
0.0025659668
0.0025037184
0.0023504055
0.0021290071
0.0019130324
0.0018228376
0.0019865513
0.0024541470
0.0031418023
0.0038979672
0.0046055787
0.0052020283
0.0056372300
0.0058559403
0.0058509751
0.0057131336
0.0055843159
0.0055583067
0.0056396421
0.0057554965
0.0057658647
0.0055144042
0.0049542605
0.0042484888
0.0037005426
0.0035246221
0.0036898143
0.0039716972
0.0041477403
0.0041435890
0.0040229733
0.0038941915
0.0038315422
0.0038566791
0.0039561320
0.0040817896
0.0041732592
0.0042191141
0.0042784338
0.0044156020
0.0046446387
0.0049252284
0.0051848841
0.0053741385
0.0055197183
0.0056945397
0.0059045832
0.0060429119
0.0059890697
0.0057363247
0.0054032132
0.0051410361
0.0050414975
0.0050727090
0.0050850143
0.0049237242
0.0045841799
0.0042314404
0.0040298261
0.0039469578
0.0038070512
0.0035201305
0.0031998307
0.0030413309
0.0031401102
0.0034368946
0.0037760122
0.0040006737
0.0040389098
0.0039336781
0.0038012217
0.0037389727
0.0037485727
0.0037537537
0.0037004291
0.0036215045
0.0036013158
0.0036828484
0.0038382990
0.0040011324
0.0040935731
0.0040513181
0.0038641888
0.0036080861
0.0034038392
0.0033214303
0.0033339601
0.0033623489
0.0033478746
0.0032802911
0.0031825307
0.0030880797
0.0030347365
0.0030489709
0.0031137608
0.0031557581
0.0031015253
0.0029483005
0.0027625876
0.0026197858
0.0025505625
0.0025412350
0.0025586087
0.0025743532
0.0025730600
0.0025469493
0.0024900280
0.0024037748
0.0023076905
0.0022293645
0.0021723749
0.0021082616
0.0020146927
0.0019128856
0.0018559424
0.0018814614
0.0019812673
0.0021117188
0.0022243518
0.0022863727
0.0022887610
0.0022517379
0.0022154794
0.0022130525
0.0022410403
0.0022591984
0.0022302338
0.0021601282
0.0020914082
0.0020544509
0.0020369399
0.0020068956
0.0019540925
0.0018993626
0.0018696248
0.0018728290
0.0018902036
0.0018899968
0.0018539093
0.0017899514
0.0017203456
0.0016625802
0.0016205920
0.0015874617
0.0015529453
0.0015118488
0.0014697225
0.0014381121
0.0014223995
0.0014148283
0.0014027889
0.0013824706
0.0013614393
0.0013477360
0.0013395964
0.0013265776
0.0013011641
0.0012682586
0.0012407153
0.0012245868
0.0012112922
0.0011867630
0.0011473323
0.0011029924
0.0010654895
0.0010356915
0.0010043409
0.0009630236
0.0009131450
0.0008636920
0.0008215717
0.0007860469
0.0007527988
0.0007205341
0.0006918697
0.0006684183
0.0006468831
0.0006216499
0.0005907163
0.0005575793
0.0005267298
0.0004986105
0.0004706293
0.0004417484
0.0004136691
0.0003881442
0.0003649820
0.0003431559
0.0003225832
0.0003035652
0.0002851508
0.0002649808
0.0002409066
0.0002127260
0.0001825080
0.0001533246
0.0001274714
0.0001051726
0.0000847870
0.0000640998
0.0000414891
0.0000164006
-0.0000105857
-0.0000380874
-0.0000646667
-0.0000898725
-0.0001145001
-0.0001397031
-0.0001659443
-0.0001928829
-0.0002199710
-0.0002468283
-0.0002732097
-0.0002990790
-0.0003246433
-0.0003502722
-0.0003762134
-0.0004024473
-0.0004287376
-0.0004548292
-0.0004806008
-0.0005061450
-0.0005316550
-0.0005572037
-0.0005826055
-0.0006075252
-0.0006317775
-0.0006555287
-0.0006791708
-0.0007030280
-0.0007271940
-0.0007515822
-0.0007760219
-0.0008003363
-0.0008244057
-0.0008482188
-0.0008718591
-0.0008954327
-0.0009190175
-0.0009426574
-0.0009663548
-0.0009900597
-0.0010136943
-0.0010372095
-0.0010606088
-0.0010839275
-0.0011071934
-0.0011304132
-0.0011535791
-0.0011766810
-0.0011997045
-0.0012226326
-0.0012454558
-0.0012681774
-0.0012908090
-0.0013133602
-0.0013358346
-0.0013582287
-0.0013805370
-0.0014027567
-0.0014248888
-0.0014469353
-0.0014688945
-0.0014907627
-0.0015125378
-0.0015342198
-0.0015558078
-0.0015772989
-0.0015986899
-0.0016199788
-0.0016411656
-0.0016622510
-0.0016832348
-0.0017041159
-0.0017248928
-0.0017455639
-0.0017661284
-0.0017865858
-0.0018069357
-0.0018271774
-0.0018473101
-0.0018673331
-0.0018872456
-0.0019070472
-0.0019267371
-0.0019463146
-0.0019657788
-0.0019851291
-0.0020043648
-0.0020234851
-0.0020424895
-0.0020613772
-0.0020801475
-0.0020987998
-0.0021173333
-0.0021357475
-0.0021540417
-0.0021722153
-0.0021902675
-0.0022081980
-0.0022260060
-0.0022436910
-0.0022612523
