-0.0136432977
-0.0137127908
-0.0137769472
-0.0138877445
-0.0139929929
-0.0141442902
-0.0142888221
-0.0144784681
-0.0146599662
-0.0148853839
-0.0151008946
-0.0153588472
-0.0156049589
-0.0158917924
-0.0161645410
-0.0164760381
-0.0167711026
-0.0171028042
-0.0174154156
-0.0177623780
-0.0180875579
-0.0184446779
-0.0187771912
-0.0191390984
-0.0194735779
-0.0198348896
-0.0201658660
-0.0205210811
-0.0208431469
-0.0211868869
-0.0214947214
-0.0218216369
-0.0221100113
-0.0224150550
-0.0226790952
-0.0229574051
-0.0231924899
-0.0234396213
-0.0236415507
-0.0238534003
-0.0240183712
-0.0241913331
-0.0243161247
-0.0244470630
-0.0245289418
-0.0246153234
-0.0246521905
-0.0246919644
-0.0246826239
-0.0246742704
-0.0246162973
-0.0245665635
-0.0244905335
-0.0244355463
-0.0243570418
-0.0242969236
-0.0242162810
-0.0241512056
-0.0240688164
-0.0239982075
-0.0239145453
-0.0238377203
-0.0237535513
-0.0236696183
-0.0235857488
-0.0234933978
-0.0234113965
-0.0233089557
-0.0232307126
-0.0231155530
-0.0230444078
-0.0229128516
-0.0228519923
-0.0226986721
-0.0226615434
-0.0224693092
-0.0224470094
-0.0222496543
-0.0223328560
-0.0217907830
-0.0219477408
-0.0226757994
-0.0215225799
-0.0108372295
-0.0173528591
-0.0233304104
-0.0203125240
-0.0214021164
-0.0205415326
-0.0212623329
-0.0202955673
-0.0209011392
-0.0199076660
-0.0208382646
-0.0207834531
-0.0203756610
-0.0204411763
-0.0215547120
0.0010978755
0.0128887469
0.0061577771
-0.0142541415
-0.0199630699
-0.0190934692
-0.0210577689
0.0062252506
0.0248210178
-0.0090627971
-0.0306060780
-0.0212658339
0.0001800093
0.0333622211
0.0397239906
0.0134727708
-0.0216402503
-0.0516450706
-0.0388768076
-0.0177331193
0.0054067469
0.0323313491
0.0402909153
0.0316203598
0.0056216381
-0.0128946809
-0.0163085935
-0.0133832094
-0.0161465960
-0.0151856049
0.0088798547
0.0201883296
0.0035031741
-0.0164748723
-0.0454043611
-0.0425091418
-0.0175529145
0.0248703735
0.0307171059
-0.0068094002
-0.0172031305
0.0099358641
0.0332506290
0.0355450907
-0.0022783749
-0.0164180532
-0.0082757756
0.0035690008
-0.0038681620
-0.0130074531
-0.0100543042
0.0070822362
0.0333126206
0.0214178294
-0.0033682307
-0.0173870801
-0.0270931121
-0.0152902396
0.0129743238
0.0193708946
0.0170400920
-0.0022789041
-0.0074926676
-0.0051844298
-0.0182015555
-0.0193073418
0.0262503324
0.0491127161
0.0295635265
0.0015210800
-0.0170416304
-0.0200344490
-0.0078397612
0.0168135490
0.0353764902
0.0432320244
0.0259842030
0.0014805626
-0.0010154878
-0.0000174316
-0.0097586885
0.0052167769
0.0351006943
0.0508043373
0.0508044347
0.0111123150
-0.0139338596
-0.0021746950
0.0206367405
0.0457214467
0.0370078815
-0.0103304885
-0.0229421889
-0.0023196793
0.0047272442
0.0303906893
0.0143997034
-0.0081739142
0.0010206905
0.0298790625
0.0526180229
0.0135037806
-0.0399760392
-0.0153010630
0.0452805360
0.0864743167
0.0690230241
0.0122576865
0.0035870982
0.0085889700
0.0299549084
0.0521461295
0.0356866012
0.0122992759
0.0332459034
0.0215351950
-0.0097349435
-0.0075564406
0.0265780989
0.0617778195
0.0677783932
0.0249921263
-0.0080942858
-0.0025477399
0.0111493881
0.0369883270
0.0435111682
0.0191571117
0.0122141072
0.0384325287
0.0440330212
0.0212510216
0.0154693591
0.0198259227
0.0155261145
0.0191417632
0.0443436959
0.0294645227
-0.0095804392
0.0084253669
0.0406140273
0.0805921979
0.0795893559
0.0301534398
0.0101680895
0.0205326701
0.0200633590
0.0396410533
0.0800631814
0.0978112393
0.0652217087
0.0100519456
-0.0283432090
0.0002063423
0.0361666524
0.0587691732
0.0592656528
0.0521851040
0.0326398457
0.0254282742
0.0286724491
0.0189838697
0.0238039691
0.0276011382
0.0422186640
0.0636881960
0.0372212966
0.0252692703
0.0460527593
0.0558351170
0.0785860973
0.0689996802
0.0280635155
0.0253903213
0.0312287298
0.0548609699
0.0709141078
0.0405060775
0.0269144253
0.0484853575
0.0525805430
0.0616744272
0.0412310913
0.0305305240
0.0371023579
0.0523545606
0.0349091666
0.0300989597
0.0288388283
0.0221669930
0.0341398971
0.0588389538
0.0858703346
0.0880603539
0.0805326657
0.0473459144
0.0045180496
-0.0089343128
0.0223389321
0.0718561865
0.0818378393
0.0809075512
0.1054631123
0.0796147368
0.0195543417
0.0293298240
0.0474528008
0.0379980063
0.0295553938
0.0577637021
0.1023584898
0.0675622795
0.0404455526
0.0637251651
0.0516952711
0.0381941746
0.0441564190
0.0426548863
0.0440448555
0.0388485375
0.0531551172
0.0892772531
0.0910425371
0.0407008569
0.0392092107
0.0369430393
0.0361037357
0.0789300602
0.1139386187
0.0793909012
0.0429130512
0.0455872072
0.0486479853
0.0266673952
0.0096469107
0.0335780870
0.0285354840
-0.0155283943
0.0202574729
0.1043248197
0.1116934840
0.0981686605
0.0942212721
0.0497943234
0.0781475783
0.1413155849
0.0842225261
-0.0013514969
-0.0177484742
-0.0052506089
0.0288238838
0.0419498748
0.0785183468
0.1274632645
0.0995663873
0.0502215176
0.0556071241
0.0504708089
0.0439322042
0.0679966107
0.0658555752
0.0470561289
0.0463701740
0.0394894810
0.0219774911
0.0079223559
-0.0051843721
0.0029920193
0.0606471285
0.0987358564
0.0892896895
0.0756947270
0.0625359012
0.0438749063
0.0858412828
0.1085787407
0.0572272962
-0.0034325879
-0.0045728472
0.0369652756
0.0981463021
0.1036912433
0.0650284891
0.0437865413
0.0362840796
0.0631811766
0.1255895774
0.1427480916
0.1266169764
0.0967559128
0.0531934752
0.0034110466
-0.0547090616
-0.0496114703
0.0068292822
0.0310498788
0.0334910451
0.0383787222
0.0394277365
0.0403297058
0.0349577573
0.0313774245
0.0704211694
0.1128613422
0.0965182569
0.0899396775
0.1059183574
0.0673018209
0.0228721910
0.0059540538
0.0161656382
0.0668199715
0.1018840864
0.0726284182
0.0049975020
0.0029425339
0.0448322181
0.0377229421
0.0248367128
0.0419741039
0.0695871732
0.0747202705
0.0314181887
0.0225814724
0.0898025470
0.1010082854
0.0581003686
0.0463911055
0.0330498232
0.0201082345
-0.0360043186
-0.0656462266
-0.0641388345
-0.0443583346
-0.0062390269
0.0083243609
0.0146009690
0.0703790197
0.1129614999
0.1049104706
0.0989189184
0.0755719613
0.0459493925
0.0543750526
0.0599388962
0.0534047540
0.0661819616
0.0822583648
0.0731959497
0.0542963471
0.0378915457
0.0138309722
0.0097482497
0.0134920850
-0.0166457519
-0.0655078585
-0.0837168497
-0.0534769930
-0.0131819765
0.0023418599
0.0015806567
-0.0010618532
0.0338393865
0.0753455183
0.0704016673
0.0522316106
0.0530250040
0.0555716719
0.0559136671
0.0382421938
0.0028924119
-0.0113396254
-0.0218546517
-0.0541554689
-0.0398783057
0.0248516490
0.0359420836
-0.0146245119
-0.0172795073
0.0265075775
0.0332931154
0.0229382781
0.0454513325
0.0499835836
0.0303934538
0.0151013135
0.0145342534
-0.0176386631
-0.0647452528
-0.0381416020
-0.0042772889
-0.0172970685
-0.0226596819
-0.0186027576
-0.0405788475
-0.0616486064
-0.0335905949
0.0213626237
0.0181822827
-0.0316575029
-0.0356448243
0.0120430831
0.0499162362
0.0595389585
0.0490911581
0.0234792512
0.0175150290
0.0246452366
0.0197507394
-0.0242312888
-0.0667605480
-0.0827441053
-0.1148892623
-0.1248755823
-0.0591102330
-0.0000722708
0.0007654920
-0.0253869507
-0.0432653354
-0.0458526992
-0.0489807670
-0.0548516600
-0.0490141534
-0.0459228029
-0.0493883505
-0.0503819576
-0.0349002728
-0.0061366531
0.0359377958
0.0478111688
0.0070765630
-0.0045119234
0.0201132047
0.0448170018
0.0591655024
0.0584296209
0.0467274606
0.0367055067
0.0106061634
-0.0486199180
-0.1013115175
-0.1082368044
-0.0925078369
-0.0703302519
-0.0468910284
-0.0295637070
-0.0184640436
0.0136716631
0.0383424307
0.0662287968
0.0959502500
0.1100705859
0.1074471280
0.1261273091
0.1531505478
0.1467351470
0.1414253218
0.1464413629
0.1298583361
0.1327021022
0.1441678021
0.1507466990
0.1527197801
0.1669242395
0.1806126432
0.1700433094
0.1154357133
0.0266199787
-0.0225344971
-0.0133537959
0.0101686539
0.0099655522
0.0212244668
0.0484573661
0.0639024993
0.0536474229
0.0156521633
-0.0188819097
-0.0331133001
-0.0486001722
-0.1000178502
-0.1973255930
-0.2714862341
-0.3014236294
-0.3296756343
-0.3392945014
-0.3209486889
-0.3173718541
-0.3083175244
-0.2993511415
-0.3278612421
-0.3686981881
-0.3808445333
-0.3830716342
-0.3759811363
-0.3698143423
-0.3743069880
-0.3978014967
-0.4269208381
-0.4352953258
-0.4267316695
-0.4113012429
-0.4146027998
-0.4561609027
-0.4665710894
-0.4300741849
-0.3385821819
-0.2044688718
-0.0959656421
-0.0372939946
-0.0029116117
0.0088339475
-0.0235467637
-0.0830947172
-0.1182518174
-0.1270590493
-0.1416073813
-0.1800915217
-0.2246064178
-0.2576163935
-0.2686174611
-0.2625622671
-0.2596106144
-0.2704114461
-0.2607966309
-0.2445132663
-0.2345940866
-0.2348229128
-0.2443505298
-0.2618711673
-0.2749873111
-0.2459625821
-0.1798372794
-0.1252139730
-0.0927448818
-0.0510373878
0.0158405006
0.0930884980
0.1448383344
0.1735260561
0.1756042916
0.1517271801
0.1299799985
0.1159164384
0.0994111212
0.0547875142
-0.0427686891
-0.0947951340
-0.0802037290
-0.0226930714
0.0447891127
0.0719456008
0.0817619424
0.0584299129
0.0286894278
0.0088516772
-0.0139848106
-0.0261049469
-0.0234524280
-0.0268818385
-0.0580705865
-0.0723428938
-0.0823397094
-0.1002430911
-0.1190083315
-0.1332652613
-0.1859621940
-0.2215041149
-0.2292116977
-0.2440805161
-0.2578450347
-0.2875505821
-0.3077799243
-0.2441905575
-0.1342584611
-0.1110622841
-0.1613493548
-0.2133392059
-0.1905123405
-0.0984589623
-0.0153803205
0.0404266176
0.0722765341
0.0877274010
0.0901315049
0.0951059911
0.1026381913
0.0853427527
-0.0184328125
-0.1122494299
-0.1383931664
-0.1415004384
-0.1235111370
-0.0755198553
-0.0103575180
0.0358759951
0.0248191889
-0.0254967026
-0.1009752081
-0.1628152726
-0.1526376451
-0.1248260972
-0.1452669087
-0.1639347806
-0.1690679153
-0.1704632651
-0.1551966446
-0.1172912289
-0.0643351246
0.0178488026
0.0821458416
0.0547875415
-0.0338305317
-0.1283281870
-0.1557928499
-0.1450080428
-0.1302811727
-0.1046755679
-0.1110617835
-0.1173279808
-0.0837511726
-0.0229797682
0.0227198933
0.0554793066
0.0637315011
0.0378904966
0.0136767811
0.0041783000
-0.0065405487
-0.0286116919
-0.0671468533
-0.0945822175
-0.1005076929
-0.1109635654
-0.1130193083
-0.1011037690
-0.0922065189
-0.0915680875
-0.0729273169
-0.0453250459
-0.0234476336
-0.0151835463
-0.0501936307
-0.1038826329
-0.1109831644
-0.1021775767
-0.1041576959
-0.0970165270
-0.0644244243
-0.0234485182
-0.0197660624
-0.0425491068
-0.0654755628
-0.0604408890
-0.0489711469
0.0305990324
0.1104122559
0.1312262960
0.1362808084
0.1256335475
0.1022433031
0.0771641010
0.0311335699
-0.0302282200
-0.0383001690
-0.0338297255
-0.0658873722
-0.1125687329
-0.1583173974
-0.1850107844
-0.1885484816
-0.1870796697
-0.1673315615
-0.1322754316
-0.1088282434
-0.0879721593
-0.0773139428
-0.0904152985
-0.1050000541
-0.0785574177
-0.0355112461
-0.0123602941
-0.0177652652
-0.0204653497
-0.0089915420
-0.0064051453
0.0050972767
0.0411149662
0.0584162679
0.0230293759
0.0023138949
-0.0248736008
-0.0348676236
0.0019999101
0.0776647875
0.1699956567
0.2223711556
0.2062175799
0.1757010058
0.1504737731
0.1257229819
0.1149268538
0.1276384506
0.1313985457
0.1094284091
0.0700750474
0.0401937948
0.0521846353
0.0894177040
0.1166057131
0.0974045458
0.0485243766
0.0000355389
0.0022377245
0.0274456880
0.0489709212
0.0578494660
0.0506160425
0.0180293400
-0.0168440097
-0.0000599232
0.0676969172
0.1463838626
0.1842180262
0.1811963534
0.1630385329
0.1617997394
0.1658689265
0.1538364065
0.1245399396
0.0763438069
0.0205135606
0.0083686347
0.0528627052
0.0986329289
0.1339874684
0.1427438344
0.1320284042
0.1458785228
0.1626155424
0.1781648380
0.1734965258
0.1236191908
0.0627114587
0.0108650281
-0.0320428678
-0.0484290456
-0.0436779240
-0.0437579539
-0.0368271974
0.0180712973
0.0786875600
0.0947482382
0.0782975733
0.0489804494
0.0192046244
0.0445675371
0.1503046381
0.2403063980
0.2593266084
0.2236836883
0.1716141112
0.1448188826
0.1317867848
0.1269813669
0.1499684080
0.1819905840
0.1827447706
0.1648059541
0.1140585882
0.0507977668
0.0366832208
0.0842199515
0.1392948768
0.1927236223
0.2086069372
0.2017359640
0.2026972463
0.2040520079
0.1904049507
0.1574104743
0.1135365926
0.1051971995
0.1337132022
0.1379176340
0.1352841328
0.1538193490
0.1605232059
0.1614069896
0.1761626907
0.1697176492
0.1318699344
0.1097146283
0.1089726006
0.1091471772
0.0860083758
0.0546186784
0.0279700900
0.0090690629
0.0099599807
0.0396635741
0.0805103554
0.1060972079
0.1088222445
0.0995745741
0.0930026314
0.0971960224
0.1022305429
0.1026996083
0.1054889236
0.1249869964
0.1321994110
0.1371478658
0.1637639079
0.1776051334
0.1520249688
0.1111988094
0.0995083119
0.1044457626
0.1169895095
0.1311441913
0.1211319643
0.1037941600
0.1022299755
0.1250189170
0.1106113207
0.0970092369
0.0918405234
0.0843635304
0.1070020214
0.1676935999
0.1998752995
0.1614605004
0.1257512246
0.1037920974
0.0890464173
0.0877707854
0.0964259571
0.0983640495
0.0962767866
0.0967993110
0.0981707383
0.0906287999
0.0652940845
0.0574357265
0.0629665880
0.0759862583
0.1294312019
0.1905546972
0.2046354447
0.1805401510
0.1487183242
0.1125452909
0.0935497143
0.0909334204
0.1024353409
0.1271578133
0.1633091506
0.1876230535
0.2004229219
0.2142800324
0.2027729320
0.1137145861
0.0204479627
-0.0062482825
-0.0080035549
-0.0229239497
-0.0404568298
-0.0140336335
0.0356134503
0.0817178069
0.1132252372
0.1076403238
0.1086567217
0.1622655628
0.2137552718
0.2334911142
0.2359342256
0.1856569214
0.0992774109
0.0751718758
0.0880852437
0.0904477533
0.0763142158
0.0473678054
0.0123072674
-0.0054912693
-0.0083471281
0.0053550874
0.0454032750
0.1042507659
0.1473393603
0.1370017899
0.0941666120
0.0845294460
0.0832142764
0.0862920122
0.0903698607
0.0890435259
0.0811126859
0.0786671104
0.0891088898
0.0892103777
0.0871033231
0.1181002761
0.1474499658
0.1337390050
0.0980736491
0.0709173165
0.0674489467
0.0878543463
0.1112114085
0.1113293975
0.0961102660
0.0927394724
0.0952951343
0.0950603536
0.0961567688
0.0922115597
0.0909352053
0.1124953199
0.1437092273
0.1617881328
0.1860519328
0.2061281103
0.2050628104
0.1771748520
0.1445006508
0.1292952144
0.1087372413
0.0932661637
0.0699149077
0.0582551835
0.0676497282
0.0830426323
0.1003351060
0.1016308578
0.1315116904
0.1593640120
0.1728224227
0.1620188199
0.1472181110
0.1484643444
0.1545366028
0.1667557805
0.1654971790
0.1408322790
0.0991013964
0.0523595661
0.0258325931
0.0254110739
0.0391531029
0.0625214159
0.0869111525
0.1176462447
0.1619600675
0.1916099473
0.1993504425
0.2059084418
0.2068238487
0.2020638019
0.1966455907
0.1426667880
0.0724954707
0.0567520758
0.0827140203
0.1138093072
0.1308881935
0.1229131702
0.0919709045
0.0691649134
0.0694734912
0.0990273935
0.1285830868
0.1344761718
0.1282755609
0.1190525142
0.1121375595
0.0935733981
0.0711679170
0.0688999083
0.0669474509
0.0632464724
0.0738945591
0.1118415073
0.1319742952
0.1355882952
0.1388958401
0.1484187536
0.1502983744
0.1482811174
0.1500691289
0.1490277919
0.1479024516
0.1469651714
0.1329676017
0.1200689546
0.1176765053
0.1219950905
0.1250029173
0.1393918471
0.1424797604
0.1335208989
0.1257954857
0.1315791392
0.1260733990
0.1084882876
0.0849216709
0.0410771482
0.0151590406
0.0126388251
0.0144676392
0.0169109975
0.0174352152
0.0137973744
0.0098584807
0.0058772914
0.0001054725
-0.0061175972
0.0059016405
0.0292124759
0.0497623151
0.0613263070
0.0558366813
0.0377989340
0.0119496015
-0.0497844108
-0.1509886681
-0.2002238836
-0.2108093487
-0.2433390704
-0.2772613029
-0.3055814444
-0.3237887025
-0.3210179709
-0.3262884206
-0.3353128729
-0.3505367185
-0.3852531824
-0.4099316916
-0.4068831310
-0.3937700269
-0.3759203174
-0.2790401823
-0.1533924212
-0.1065408136
-0.1002879101
-0.0870439791
-0.0628889366
-0.0610925166
-0.0551556289
-0.0310370412
-0.0055488033
-0.0051740151
-0.0010279863
-0.0050072873
-0.0108495005
-0.0137012958
-0.0260231127
-0.0419564825
-0.0432278315
-0.0274485067
-0.0146270185
-0.0367341599
-0.0762437808
-0.1105352894
-0.1324489417
-0.1682839452
-0.2122863345
-0.2561233361
-0.3096786697
-0.3399867211
-0.3262737981
-0.2888903510
-0.2302640480
-0.1854577003
-0.1866733569
-0.1850177706
-0.1871766988
-0.2084489246
-0.2453351568
-0.3120429764
-0.3710828087
-0.3684647674
-0.3317714425
-0.2767909288
-0.2536794695
-0.2522819065
-0.2445038936
-0.2476331503
-0.2647969810
-0.2777752484
-0.2693222466
-0.2642515714
-0.2794873953
-0.3022784984
-0.3187463727
-0.3262270892
-0.3278615471
-0.3360860943
-0.3528168570
-0.3707413583
-0.3692175339
-0.3713845842
-0.3963332191
-0.4187261111
-0.4377219093
-0.4711946681
-0.5009803727
-0.5359622214
-0.5647672644
-0.5429965399
-0.4894100531
-0.4443339047
-0.4340452937
-0.4429278677
-0.4479833237
-0.4682043739
-0.4851939386
-0.4891676487
-0.4934642623
-0.4914289349
-0.4716803512
-0.4274101355
-0.3858347892
-0.3451684687
-0.2924172660
-0.2508340343
-0.2195141827
-0.2127874421
-0.2130719676
-0.2406645704
-0.2702276736
-0.2858622818
-0.2903220113
-0.2986319185
-0.2732423620
-0.2387322675
-0.2287557255
-0.1841657757
-0.2004538326
-0.2262687957
-0.1458593915
-0.1850326907
-0.2387253839
-0.2163558405
-0.2606025581
-0.2980958649
-0.3078134331
-0.3479568477
-0.3915174567
-0.4148922703
-0.4272351878
-0.4176249971
-0.3958134646
-0.3815650090
-0.3772712418
-0.3838447723
-0.4052476633
-0.4351713040
-0.4746860784
-0.4992348116
-0.4970354045
-0.4847392320
-0.4825501890
-0.4969749982
-0.5182101919
-0.5446447906
-0.5561064945
-0.5732157636
-0.5840618669
-0.5921637459
-0.6144357795
-0.6328008586
-0.6480489161
-0.6838352095
-0.6770955123
-0.6900620225
-0.7097226988
-0.6487133967
-0.6547385526
-0.6348970183
-0.5564480904
-0.5649708071
-0.5804801369
-0.5678357454
-0.5713963975
-0.5744777306
-0.5701328075
-0.5629815985
-0.5450685183
-0.5196026395
-0.4916753984
-0.4681073337
-0.4229951485
-0.3677456488
-0.3015881108
-0.2339097987
-0.2083765120
-0.1882275563
-0.1679446419
-0.1570268410
-0.1503088720
-0.1170874055
-0.0742250049
-0.0444054724
-0.0188036718
-0.0138917983
-0.0210305822
-0.0362936994
-0.0493054899
-0.0490371037
-0.0451400141
-0.0462607862
-0.0531090536
-0.0545625060
-0.0420471488
-0.0184084418
0.0419454064
0.1207339316
0.1768891568
0.1871983652
0.1862591843
0.1926733484
0.1950330157
0.2038458372
0.2435048605
0.2888996864
0.3007141972
0.3106666112
0.3207507114
0.3217985462
0.3396708453
0.3735998923
0.3720131712
0.3721475500
0.4171476583
0.4531352285
0.4613917022
0.4600407108
0.4583745449
0.4692300965
0.4859779201
0.5282745876
0.5819782180
0.5857529897
0.5758315277
0.6241750048
0.6311708761
0.6718034904
0.7544301053
0.7153757523
0.7117696097
0.7212701342
0.7197164413
0.7484468134
0.7509405558
0.7620060325
0.7330372965
0.7214923734
0.7325275544
0.7603756227
0.7770997780
0.8040499350
0.8271302001
0.7753771599
0.6701620244
0.5427997853
0.3824858541
0.2675324628
0.2681144608
0.3428164839
0.3836151628
0.3514592938
0.2620363254
0.1452026293
0.0179127794
-0.0872147813
-0.1547058044
-0.1816826081
-0.1980858082
-0.2367517907
-0.2324534169
-0.1438420984
-0.0650034618
-0.0602476778
-0.0199775712
0.0703721646
0.1346402425
0.1448213403
0.1437208559
0.1479632514
0.1576983870
0.1855709800
0.1981901649
0.1803355372
0.1371238191
0.1025813580
0.0822428014
0.0597988190
0.0242448505
0.0026557702
-0.0124205647
-0.0166986935
0.0103456169
0.0582251518
0.1043612591
0.1485442384
0.1915075296
0.2408108672
0.2754719953
0.3076960844
0.3436415053
0.3648424676
0.3828454755
0.3947625117
0.3902102651
0.3791222401
0.3620542289
0.3368346933
0.3043383811
0.2688910786
0.2158329482
0.1508873753
0.1003482282
0.0727659227
0.0565534122
0.0589148210
0.0846822763
0.1175017647
0.1506394872
0.1969378393
0.2465589374
0.2987150591
0.3324312601
0.3420081754
0.3406352682
0.3386354021
0.3305458895
0.3064731937
0.2713689292
0.2350788563
0.2043406492
0.1808037112
0.1761587406
0.1598968524
0.1343800407
0.1060474863
0.0767957891
0.0528061969
0.0282608846
0.0092478649
-0.0058799612
-0.0126538660
-0.0180453786
-0.0111648429
0.0007334277
0.0159895054
0.0365056160
0.0400608313
0.0513915164
0.0626542167
0.0827955588
0.1110253419
0.1197183449
0.1402327326
0.1469348412
0.1660697981
0.1970386828
0.2251303699
0.2644659883
0.2973492487
0.3135270429
0.3221628397
0.3224880015
0.3241985283
0.3311201348
0.3321799651
0.3264358852
0.3165406212
0.2869715164
0.2496428771
0.2345383650
0.2354506462
0.2409554454
0.2599668656
0.2595276457
0.2434120213
0.2342350974
0.2345089513
0.2304131382
0.2326550304
0.2184887232
0.2110044639
0.2065105974
0.2118743415
0.2180568422
0.2357177534
0.2319040879
0.2087547556
0.1795500839
0.1387526295
0.0865921407
0.0585960210
0.0254014779
-0.0068721339
-0.0382539216
-0.0626066394
-0.0846853742
-0.1106095828
-0.1444687978
-0.1773350580
-0.2158203246
-0.2348501492
-0.2419674166
-0.2498492265
-0.2571605245
-0.2657005784
-0.2970244984
-0.3257912327
-0.3564130306
-0.3828097804
-0.3978956824
-0.4041850789
-0.4105065550
-0.4259594515
-0.4345787335
-0.4192637819
-0.4051431858
-0.3974641741
-0.3819013609
-0.3698491551
-0.3469465220
-0.3257491998
-0.3031546840
-0.2857150492
-0.2691465688
-0.2608053396
-0.2551402003
-0.2489045532
-0.2258719840
-0.1908381825
-0.1624508309
-0.1423460459
-0.1442446085
-0.1626586120
-0.1667936222
-0.1420047508
-0.1049758907
-0.0578010106
-0.0163418205
0.0029973820
0.0197176882
0.0392350610
0.0544239305
0.0748017575
0.1044787774
0.1312236699
0.1588432822
0.1864246664
0.2016065849
0.2117882961
0.2209881146
0.2252263049
0.2244951639
0.2208774797
0.2124292052
0.2025532012
0.1972939001
0.2036350644
0.1998464201
0.1932396281
0.1710868881
0.1404503028
0.1200056904
0.1091814037
0.0960338955
0.0757229532
0.0619280379
0.0515345233
0.0267464224
-0.0054603173
-0.0119774121
-0.0131303695
-0.0030983486
0.0030276913
-0.0139563735
-0.0266216024
-0.0470758527
-0.0673995842
-0.0759326169
-0.0785145712
-0.0779520283
-0.0745853105
-0.0679144657
-0.0666124079
-0.0685623264
-0.0696314665
-0.0688392489
-0.0684725342
-0.0739572521
-0.0697930854
-0.0619130070
-0.0352741126
-0.0025491683
0.0073285776
0.0184423289
0.0286894800
0.0388490134
0.0456374865
0.0445183370
0.0234870708
0.0003750044
0.0024727923
0.0321273494
0.0463414718
0.0492358958
0.0565412525
0.0768463761
0.0970038304
0.1144155995
0.1357909693
0.1346432156
0.1120703391
0.0784870295
0.0647971514
0.0541057973
0.0558515050
0.0734375463
0.0856423284
0.1123787321
0.1296441237
0.1362283236
0.1401672294
0.1507276672
0.1651525825
0.1730688551
0.1822864758
0.1792522876
0.1654790759
0.1607132624
0.1532085281
0.1535825565
0.1563414201
0.1403476921
0.1145660886
0.1099247449
0.1113426418
0.1300943545
0.1386315887
0.1333768849
0.1348384588
0.1475830902
0.1551222860
0.1627178145
0.1556909288
0.1365762803
0.1104865943
0.1012096707
0.1167974308
0.1397174282
0.1405061960
0.1199529197
0.0983664354
0.0717927752
0.0600905435
0.0579092469
0.0524504333
0.0688125701
0.0840826723
0.1060593462
0.1184996630
0.1083982099
0.0992056960
0.0999874494
0.1113566150
0.1186484372
0.1192743067
0.1098022459
0.0879384858
0.0605807165
0.0536760854
0.0526075351
0.0488938370
0.0457897949
0.0428512609
0.0406520560
0.0362289706
0.0229608815
0.0002570462
-0.0125052751
-0.0255132713
-0.0390719499
-0.0416753989
-0.0328422864
-0.0323945983
-0.0371583850
-0.0395017257
-0.0580419175
-0.0707447443
-0.0740804634
-0.0758353732
-0.0726926391
-0.0749081207
-0.0737043798
-0.0570695982
-0.0369906775
-0.0204268483
0.0006764372
0.0136445230
0.0138443245
0.0354456510
0.0591899599
0.0610289062
0.0669598501
0.0878641547
0.0984066145
0.1120943852
0.1154103519
0.1238753515
0.1239581612
0.1254322829
0.1217221198
0.1127616857
0.0969396395
0.0567905841
0.0131867922
-0.0164702703
-0.0396712707
-0.0647496422
-0.0728905075
-0.0725441312
-0.0761137522
-0.0769579553
-0.0856135660
-0.1001471955
-0.1193715946
-0.1237631414
-0.1205861984
-0.1081663073
-0.0955054996
-0.0763000048
-0.0669953546
-0.0741099983
-0.0955078056
-0.1038195458
-0.1049743964
-0.1066416946
-0.1066220956
-0.1095374395
-0.1102557865
-0.1120155986
-0.1160981946
-0.1240991637
-0.1252477200
-0.1302647529
-0.1422610492
-0.1559416466
-0.1642993990
-0.1708179877
-0.1773889181
-0.1786840867
-0.1794084629
-0.1791117823
-0.1895354053
-0.1925278616
-0.1918037421
-0.1944155207
-0.1963190848
-0.1967260025
-0.1970174810
-0.1970774466
-0.2086690922
-0.2075058880
-0.2127052666
-0.2176111005
-0.2173268534
-0.2170661320
-0.2073513030
-0.2028097532
-0.2079782769
-0.2181187651
-0.2267490311
-0.2345516049
-0.2368554258
-0.2306395132
-0.2320124139
-0.2327338359
-0.2308076672
-0.2246365592
-0.2127967539
-0.1982878708
-0.1911206696
-0.1917336453
-0.1847986345
-0.1839477113
-0.1733047887
-0.1571404325
-0.1440869313
-0.1216960887
-0.1008620426
-0.0815717550
-0.0637734190
-0.0560926510
-0.0606036540
-0.0670067138
-0.0668934456
-0.0662550595
-0.0684042102
-0.0591231160
-0.0606748722
-0.0836089068
-0.1207481949
-0.1322012260
-0.1442284119
-0.1494026042
-0.1342290608
-0.1335516767
-0.1326985550
-0.1323471595
-0.1303485394
-0.1242230020
-0.1098230672
-0.0918907443
-0.0698272812
-0.0570495992
-0.0440604617
-0.0236494530
-0.0047941345
0.0086420465
0.0291710014
0.0402983768
0.0530841846
0.0584838438
0.0586141912
0.0521635256
0.0393324998
0.0320010975
0.0332755053
0.0373561338
0.0431733073
0.0456161648
0.0422705917
0.0307991989
0.0219657715
0.0042463291
-0.0141627370
-0.0307521991
-0.0464145513
-0.0594102922
-0.0703408482
-0.0763352219
-0.0754984679
-0.0681389645
-0.0648644123
-0.0630725488
-0.0607721436
-0.0673425087
-0.0729839112
-0.0663556231
-0.0679112190
-0.0582812056
-0.0485608791
-0.0489741644
-0.0480400834
-0.0531891448
-0.0571204795
-0.0624617311
-0.0657198413
-0.0736828934
-0.0845717697
-0.0942287099
-0.0914965152
-0.0922332178
-0.0959674246
-0.0906426135
-0.0759188296
-0.0645499061
-0.0456131306
-0.0289565123
-0.0267026566
-0.0316639914
-0.0344994052
-0.0385729113
-0.0425693598
-0.0504362070
-0.0445930597
-0.0356699312
-0.0273470182
-0.0239585891
-0.0138721835
-0.0020351241
0.0253027391
0.0500345060
0.0659759133
0.0813504932
0.0991659904
0.1215945427
0.1504883034
0.1771409635
0.2065413910
0.2225672686
0.2330942788
0.2422999193
0.2536107261
0.2522455853
0.2481099590
0.2371714087
0.2329583253
0.2174739220
0.1995020579
0.1830872403
0.1567448413
0.1372244690
0.1307705729
0.1084868410
0.1007891596
0.1109599428
0.1153567527
0.1141862955
0.1134408509
0.1123791519
0.1173277353
0.1235654582
0.1255995923
0.1174500833
0.0937232636
0.0550127429
0.0278439334
-0.0000687218
-0.0274216498
-0.0572844352
-0.0783505088
-0.0911043721
-0.1116165290
-0.1297621321
-0.1385180341
-0.1496484694
-0.1493571703
-0.1341072339
-0.1285136719
-0.1247584547
-0.1339557187
-0.1475025296
-0.1599036236
-0.1727670898
-0.1771172013
-0.1749458294
-0.1557946255
-0.1466571238
-0.1428956677
-0.1148144427
-0.0931195736
-0.0701982976
-0.0423797660
-0.0229148897
-0.0089201066
0.0076374593
0.0334727423
0.0529699742
0.0855431963
0.1250433658
0.1535402712
0.1840429899
0.2120284631
0.2266588145
0.2377526290
0.2548429307
0.2566057026
0.2443768773
0.2367499749
0.2248513589
0.1890580966
0.1846202234
0.1848456124
0.1712397350
0.1908660194
0.2001459140
0.1968179557
0.1980026961
0.1944712013
0.1968984663
0.1959556224
0.2037484018
0.2135369459
0.2172701680
0.2188578467
0.2240674853
0.2256388686
0.2183871995
0.2139370417
0.2109529600
0.2037522170
0.1906496942
0.1877603291
0.1864713854
0.1842013041
0.1810922582
0.1725430946
0.1675999703
0.1612301333
0.1469749729
0.1309428279
0.0976598608
0.0611378805
0.0364156876
0.0171338328
-0.0026042689
-0.0224831775
-0.0336533380
-0.0573247821
-0.0847407358
-0.1061889528
-0.1269103640
-0.1406574127
-0.1460573062
-0.1476265735
-0.1440827445
-0.1436079924
-0.1361298681
-0.1233598930
-0.1068429585
-0.0814775034
-0.0673971402
-0.0482965196
-0.0358704414
-0.0275724543
-0.0194503243
-0.0100284096
-0.0015521735
-0.0005277897
-0.0018369241
-0.0030400023
-0.0029352825
-0.0053759062
-0.0059462087
-0.0084452235
-0.0187816356
-0.0512602534
-0.0821250673
-0.0973970762
-0.1077867450
-0.1020998213
-0.0829641452
-0.0602409456
-0.0461385921
-0.0353186432
-0.0263661422
-0.0251465948
-0.0254069469
-0.0300798043
-0.0287574432
-0.0303419110
-0.0319751247
-0.0232881507
-0.0121648834
-0.0100825987
-0.0079815394
-0.0137033685
-0.0159722281
-0.0235137890
-0.0212060074
-0.0105338344
-0.0014080884
0.0072253104
0.0079672625
-0.0014695398
-0.0060000919
-0.0208649372
-0.0382886275
-0.0518361665
-0.0579436350
-0.0578711580
-0.0413496164
-0.0299045581
-0.0342185316
-0.0337931006
-0.0368874543
-0.0391474793
-0.0473587898
-0.0519992271
-0.0649154845
-0.0716188083
-0.0716413680
-0.0742021245
-0.0567898375
-0.0454120746
-0.0407602118
-0.0455010894
-0.0548897068
-0.0638883332
-0.0788077343
-0.0873810807
-0.0922195214
-0.0968869730
-0.1014736690
-0.0966652899
-0.0988889241
-0.0990578255
-0.0984454838
-0.0965110723
-0.0931134393
-0.0826533106
-0.0617345525
-0.0534837242
-0.0465531047
-0.0412799390
-0.0371385304
-0.0437252716
-0.0454898466
-0.0482210586
-0.0618531183
-0.0746041393
-0.0973264904
-0.1112865944
-0.1232654209
-0.1394505696
-0.1428002394
-0.1306925201
-0.1239783765
-0.1198188438
-0.1103372824
-0.1087443855
-0.1104557315
-0.1105958504
-0.1105099688
-0.1129321421
-0.1207681372
-0.1183185310
-0.1128263723
-0.1136931692
-0.1154319261
-0.1158073378
-0.1015615792
-0.0975716880
-0.1132844325
-0.1177704676
-0.1167041218
-0.1180000892
-0.1059665522
-0.0937329006
-0.0794762349
-0.0672008134
-0.0700366269
-0.0758185329
-0.0821905727
-0.0881979640
-0.0920450951
-0.1033013534
-0.1177357419
-0.1213828729
-0.1275340393
-0.1309429384
-0.1300107877
-0.1247723741
-0.1209636600
-0.1216485302
-0.1105731873
-0.0972674636
-0.0965957337
-0.0982980738
-0.0980827214
-0.0928430681
-0.0802970496
-0.0726818174
-0.0706093650
-0.0774421178
-0.0904537558
-0.1029076213
-0.1164294406
-0.1258044178
-0.1328167927
-0.1445372351
-0.1555275667
-0.1527535227
-0.1570333400
-0.1548374481
-0.1475474972
-0.1264628230
-0.1019573997
-0.0886838859
-0.0848725576
-0.0862275364
-0.0856460586
-0.0846069613
-0.0836444100
-0.0869859383
-0.0766887529
-0.0714703873
-0.0842128732
-0.1063415055
-0.1164821610
-0.1179262467
-0.1128411824
-0.1088816518
-0.1091913353
-0.0895616138
-0.0676112383
-0.0625239409
-0.0578165669
-0.0594195791
-0.0611106430
-0.0605838837
-0.0713250959
-0.0746605260
-0.0934264597
-0.1058266032
-0.1071843774
-0.1173368855
-0.1163470511
-0.1002016722
-0.0727710670
-0.0580725114
-0.0624052406
-0.0525406891
-0.0458564672
-0.0483743629
-0.0368640612
-0.0353927060
-0.0277061010
-0.0176146280
-0.0242989479
-0.0313571824
-0.0274856065
-0.0366536140
-0.0527203605
-0.0736689871
-0.0814653038
-0.0870836850
-0.1079278014
-0.1146315991
-0.1231485036
-0.1277947743
-0.1225819371
-0.1085955851
-0.0938106043
-0.0760374285
-0.0674383977
-0.0320430302
-0.0098873071
0.0019314793
0.0067838876
-0.0144503797
-0.0487557462
-0.0769511271
-0.0830016164
-0.0778301587
-0.0619729213
-0.0593708487
-0.0537275178
-0.0501102972
-0.0475430945
-0.0438883155
-0.0424984173
-0.0425986607
-0.0276988167
0.0006651436
0.0227360740
0.0403749251
0.0603292402
0.0655120068
0.0651978056
0.0505368742
0.0080621239
-0.0235944977
-0.0323768732
-0.0295963820
-0.0216921123
-0.0173417979
-0.0019725699
0.0199248949
0.0393775100
0.0552304089
0.0630947159
0.0611969344
0.0585784225
0.0588375618
0.0732914083
0.0871401496
0.0919386205
0.0729380109
0.0225230487
-0.0013504101
-0.0041745038
0.0051500686
0.0204042193
0.0233323015
0.0235192532
0.0145388411
0.0089319654
-0.0006986217
-0.0026226072
0.0063160528
0.0263781400
0.0414946388
0.0578894558
0.0628121783
0.0514740418
0.0516337632
0.0550711844
0.0578813380
0.0609785841
0.0563731313
0.0402127679
0.0289272389
0.0221868284
0.0242156364
0.0318267828
0.0512988050
0.0706333109
0.0745190120
0.0711604741
0.0760693169
0.0887578266
0.1170299904
0.1473223069
0.1557916009
0.1487537702
0.1427000255
0.1367356949
0.1451629269
0.1668280245
0.1820516385
0.1988483646
0.2023749623
0.2063342817
0.2012490204
0.1857316677
0.1449669332
0.1067912300
0.0826881710
0.0751659079
0.0713786098
0.0693082497
0.0803356466
0.0881190957
0.1012390255
0.1283113771
0.1520902917
0.1720452236
0.2051175423
0.2404482998
0.2622643496
0.2618997713
0.2515722277
0.2472244441
0.2420700448
0.2469949223
0.2595504718
0.2514522288
0.2397076273
0.2245951598
0.1982291653
0.1939156361
0.1858819964
0.1748986051
0.1761797847
0.1893462116
0.2024804840
0.2046971795
0.2306343683
0.2412622084
0.2398947442
0.2384612990
0.2295058423
0.2175741840
0.2338328970
0.2542565841
0.2652052932
0.2755582759
0.2740236484
0.2833983431
0.2886414875
0.3018888879
0.3181339776
0.3290883247
0.3342880697
0.3331512023
0.3305646155
0.3225105897
0.3122931305
0.3107535270
0.3092150216
0.3082767224
0.3060140796
0.2994204197
0.2975670884
0.2979036806
0.3020146478
0.3075299424
0.3170180579
0.3224988771
0.3209026562
0.3204199386
0.3246712086
0.3284396196
0.3299818005
0.3305923173
0.3258935449
0.3154427230
0.3083391576
0.2983171978
0.2847662220
0.2772093643
0.2684397603
0.2555878503
0.2438308351
0.2331150047
0.2312521977
0.2420036807
0.2459335887
0.2405162653
0.2347577289
0.2210809774
0.1916967655
0.1844781537
0.1749797563
0.1534521261
0.1305394604
0.1135219852
0.0918807696
0.0728928611
0.0614627406
0.0564975634
0.0572289530
0.0652496795
0.0779024674
0.0894326211
0.0877489781
0.0908793030
0.1097266106
0.1213305245
0.1195896297
0.1161375436
0.1110495937
0.1071462542
0.1020733808
0.0970659839
0.0843362223
0.0721041396
0.0648560885
0.0667168493
0.0680335871
0.0658267478
0.0601960447
0.0749928181
0.0811129240
0.0828191116
0.0807954703
0.0856944125
0.0912951035
0.0876092469
0.0718518601
0.0435903174
0.0122068978
-0.0167454117
-0.0367366512
-0.0597066176
-0.0701682224
-0.0758491727
-0.0837662990
-0.0840355643
-0.0982991251
-0.1129516138
-0.1269527535
-0.1291143818
-0.1204906556
-0.0914191780
-0.0542661525
-0.0099949733
0.0150850800
0.0231623541
0.0210545207
0.0119521917
-0.0089659027
-0.0359349658
-0.0602983864
-0.0810761164
-0.1005437800
-0.1136046634
-0.1361718176
-0.1509821679
-0.1632569214
-0.1855703813
-0.1932888903
-0.1933454673
-0.1909385435
-0.1829153784
-0.1833339502
-0.1972132680
-0.2036010089
-0.2048368297
-0.2031284601
-0.2065302977
-0.2113253558
-0.2154756098
-0.2198967383
-0.2235939119
-0.2265545365
-0.2382299735
-0.2608008101
-0.2748412708
-0.2826267936
-0.2879332562
-0.2999472723
-0.3137538658
-0.3178228139
-0.3210851465
-0.3166883064
-0.3078887158
-0.3018173428
-0.3091585224
-0.3202996527
-0.3231469531
-0.3245772431
-0.3201659182
-0.3253498138
-0.3293747465
-0.3409421659
-0.3461005499
-0.3440806039
-0.3486558299
-0.3535382730
-0.3507617482
-0.3585942767
-0.3654529536
-0.3669081389
-0.3791158190
-0.3768824122
-0.3819590027
-0.3830249876
-0.3812419934
-0.3810324147
-0.3840373188
-0.3776636943
-0.3634751819
-0.3490276877
-0.3392038917
-0.3282868889
-0.3179518010
-0.3096900736
-0.3018484655
-0.2872206323
-0.2740634920
-0.2699257568
-0.2685919665
-0.2651139104
-0.2628420417
-0.2595184166
-0.2572767091
-0.2532833436
-0.2504445314
-0.2491936659
-0.2522314941
-0.2483386976
-0.2507005609
-0.2483410123
-0.2439071014
-0.2347750343
-0.2342005424
-0.2265991406
-0.2231862384
-0.2284196313
-0.2303530807
-0.2341554391
-0.2319360225
-0.2230481009
-0.2228127125
-0.2216984248
-0.2207726848
-0.2114028855
-0.1976121377
-0.1889369353
-0.1750042677
-0.1545046046
-0.1423107512
-0.1176108299
-0.0842282403
-0.0638679361
-0.0519117618
-0.0459871236
-0.0396228135
-0.0327925533
-0.0248099365
-0.0198840513
-0.0129422682
-0.0157422241
-0.0150705548
-0.0194086117
-0.0317449267
-0.0501720490
-0.0495950319
-0.0439068431
-0.0389592503
-0.0335156699
-0.0260592518
-0.0186865329
-0.0133160865
-0.0082529796
-0.0028980333
0.0154769393
0.0363397780
0.0542707946
0.0737057642
0.0818801364
0.0863781143
0.0894703687
0.0959983386
0.1036101174
0.1180213663
0.1321905714
0.1375495423
0.1366774273
0.1364187474
0.1281551410
0.1236042726
0.1302204062
0.1326266292
0.1380250546
0.1369059359
0.1432473377
0.1503693605
0.1578415703
0.1692582056
0.1791492677
0.1896334956
0.1937592217
0.2016077287
0.2123370604
0.2260783870
0.2330553367
0.2350973378
0.2384248355
0.2406881209
0.2416041073
0.2454269373
0.2501338644
0.2405413168
0.2274492553
0.2218152948
0.2170111795
0.2171103317
0.2192651808
0.2147006061
0.2087013713
0.2076052462
0.2052399554
0.1991352856
0.2045489483
0.2112800553
0.2111318867
0.2058470002
0.1990461455
0.1946610673
0.1835879747
0.1694974362
0.1658800719
0.1666653788
0.1648306186
0.1641097618
0.1626222689
0.1617582378
0.1599721241
0.1588153347
0.1568256930
0.1554297956
0.1532061576
0.1516137293
0.1491021977
0.1473039228
0.1448059848
0.1426753157
0.1374113436
0.1352629340
0.1319480076
0.1311783201
0.1293255186
0.1261002793
0.1230651608
0.1201704733
0.1168135419
0.1138359858
0.1102818039
0.1072408669
0.1034172370
0.1006485786
0.0966053918
0.0925040068
0.0896752521
0.0969409670
0.0861822340
0.0769449070
0.0761462720
0.0689566504
0.0591461578
0.0534222816
0.0509532013
0.0463264038
0.0417201140
0.0386627554
0.0352453980
0.0298132997
0.0328644022
0.0330599169
0.0291961028
0.0390238262
0.0474129987
0.0447528516
0.0558235499
0.0583303647
0.0456660069
0.0375875437
0.0302922661
0.0153721755
-0.0027706581
-0.0077709702
-0.0096723411
-0.0159070505
-0.0250279128
-0.0277404724
-0.0349669076
-0.0421916913
-0.0401442846
-0.0319963790
-0.0316744871
-0.0355063210
-0.0371102583
-0.0391049949
-0.0410822851
-0.0459576656
-0.0486183466
-0.0474132377
-0.0482701807
-0.0503269774
-0.0514015118
-0.0525730081
-0.0549627546
-0.0555640231
-0.0438337240
-0.0392699311
-0.0414496295
-0.0420972629
-0.0566764109
-0.0483055450
-0.0363434602
-0.0350688120
-0.0340977726
-0.0312566701
-0.0306690263
-0.0338993220
-0.0238069509
-0.0120132473
-0.0072226678
0.0082505732
0.0101823111
0.0096997322
0.0183758688
0.0233838681
0.0277669087
0.0283145201
0.0259377581
0.0217233518
0.0106587895
0.0091845014
0.0113359586
0.0139952853
0.0252603857
0.0297230792
0.0297718065
0.0244702982
0.0190493256
0.0228593414
0.0242532625
0.0220105151
0.0162197087
0.0127128829
0.0101771975
0.0100298663
0.0133263711
0.0153011573
0.0177579128
0.0165865446
0.0207185574
0.0310682920
0.0380297672
0.0408983691
0.0443897528
0.0529513148
0.0514646480
0.0495171645
0.0524167511
0.0543703012
0.0577850205
0.0588288751
0.0615457018
0.0626557474
0.0655573868
0.0669385920
0.0640183320
0.0578941692
0.0563615125
0.0540352754
0.0550688143
0.0560275839
0.0600912545
0.0619540942
0.0658717821
0.0643901809
0.0619916998
0.0626720085
0.0570808582
0.0422363896
0.0398318635
0.0413443172
0.0402620791
0.0395209732
0.0515657502
0.0618409944
0.0672134731
0.0731434098
0.0793992904
0.0804462288
0.0783249492
0.0653663895
0.0491010007
0.0347437520
0.0304762746
0.0283031665
0.0240150748
0.0222917402
0.0210620559
0.0123100072
0.0125916672
0.0155885867
0.0128645099
0.0096868204
0.0055211336
0.0038522507
0.0134434693
0.0018591391
-0.0094756281
-0.0093294692
-0.0143145226
-0.0203324785
-0.0314762953
-0.0336301734
-0.0395517675
-0.0456265119
-0.0498278592
-0.0491613025
-0.0519552234
-0.0551076397
-0.0587132843
-0.0642021011
-0.0689053501
-0.0744957896
-0.0794271892
-0.0840332617
-0.0908212806
-0.1083313704
-0.1179530994
-0.1272210644
-0.1358750792
-0.1334925100
-0.1317937130
-0.1375334915
-0.1450508340
-0.1490265966
-0.1486318288
-0.1579748792
-0.1673735585
-0.1709202499
-0.1823965198
-0.1894565568
-0.2000075203
-0.2065029884
-0.2115206245
-0.2227916484
-0.2300318405
-0.2270403186
-0.2321013377
-0.2400674860
-0.2384483355
-0.2355013684
-0.2427703288
-0.2552170057
-0.2665800777
-0.2703127666
-0.2819330070
-0.2894824882
-0.2910664200
-0.2897549921
-0.2878087388
-0.2828750849
-0.2793302735
-0.2771395260
-0.2777992195
-0.2786884640
-0.2826447381
-0.2910148341
-0.2936387608
-0.3060518580
-0.3128082882
-0.3159143415
-0.3259013988
-0.3329975810
-0.3462920201
-0.3467810015
-0.3535734894
-0.3614278644
-0.3634659906
-0.3647227875
-0.3616456868
-0.3579929226
-0.3487935825
-0.3401458432
-0.3327972273
-0.3225752440
-0.3133992543
-0.2984830428
-0.2871070425
-0.2828054274
-0.2799200686
-0.2781467252
-0.2743631662
-0.2580929286
-0.2524729212
-0.2496348303
-0.2376982626
-0.2313198763
-0.2282256067
-0.2225015930
-0.2130427729
-0.1992865148
-0.1895830766
-0.1769598759
-0.1596884808
-0.1471223498
-0.1442811256
-0.1477001733
-0.1513349074
-0.1588704552
-0.1594291907
-0.1735478147
-0.1723838969
-0.1637639623
-0.1566037153
-0.1500050804
-0.1436622380
-0.1366085056
-0.1086356552
-0.0923687925
-0.0848950652
-0.0782423006
-0.0643244688
-0.0496202251
-0.0334389444
-0.0244981626
-0.0136466397
-0.0005733394
0.0062572130
0.0103503500
0.0173524694
0.0204409573
0.0241814563
0.0359410254
0.0416631553
0.0496971053
0.0634655808
0.0777614098
0.0935016430
0.1019194502
0.1149852123
0.1250794118
0.1329090963
0.1362796645
0.1319561231
0.1389298209
0.1438940486
0.1451299005
0.1481893347
0.1571682784
0.1694949494
0.1833153633
0.1899099733
0.2023395137
0.2170064747
0.2211130942
0.2240086784
0.2345663970
0.2406930534
0.2408306865
0.2359748602
0.2420720193
0.2422002159
0.2452729279
0.2461268941
0.2476680176
0.2502768910
0.2554290813
0.2602873926
0.2634516314
0.2723326435
0.2743048963
0.2758805832
0.2822204400
0.2796221423
0.2768556720
0.2830514212
0.2867382082
0.2828707084
0.2768405332
0.2651540831
0.2499694823
0.2473209795
0.2470378840
0.2400576478
0.2383371234
0.2353275319
0.2273873848
0.2245790808
0.2305156872
0.2301938276
0.2315853716
0.2381756264
0.2418953380
0.2404793374
0.2570711699
0.2677897865
0.2711990339
0.2726406521
0.2726652566
0.2768821405
0.2756220029
0.2744499613
0.2750243267
0.2781754246
0.2834271731
0.2806407739
0.2759881985
0.2704419264
0.2660248721
0.2647702102
0.2620563616
0.2633802690
0.2614699131
0.2521369865
0.2477564618
0.2315116448
0.2158795240
0.1942881940
0.1647624838
0.1567065167
0.1544726523
0.1467766290
0.1364040720
0.1305415187
0.1218141438
0.1151514816
0.1118351986
0.1068787596
0.1057983302
0.1049747706
0.1019495150
0.0969966008
0.0933780904
0.0899738287
0.0874923989
0.0722845839
0.0637379184
0.0572619096
0.0521770967
0.0435510160
0.0341280375
0.0315853649
0.0276703290
0.0248878609
0.0233691096
0.0252215759
0.0301438144
0.0410370573
0.0404557188
0.0426014631
0.0450728928
0.0421444358
0.0392899762
0.0370802492
0.0484042794
0.0564170773
0.0598866311
0.0679300140
0.0713710958
0.0755323791
0.0788095324
0.0795754813
0.0798040660
0.0794369796
0.0851227133
0.0880724239
0.0859604976
0.0792119774
0.0769907984
0.0848592212
0.0773093347
0.0757021668
0.0775680251
0.0792771987
0.0798749866
0.0793281642
0.0783798822
0.0754691630
0.0704225032
0.0679484043
0.0707356350
0.0734501140
0.0622251678
0.0578230193
0.0516580098
0.0367441689
0.0372151717
0.0370914831
0.0330686280
0.0219476401
0.0155063468
0.0113092545
0.0138429597
0.0096031614
0.0029305106
0.0041616393
0.0135061473
0.0156266604
0.0186679519
0.0301057303
0.0401132615
0.0433199346
0.0449143003
0.0416298022
0.0418888394
0.0459777272
0.0469767340
0.0475676300
0.0502718479
0.0571673149
0.0605776873
0.0617548678
0.0730391557
0.0734711396
0.0777953555
0.0875736102
0.0901410984
0.0933676674
0.0961840292
0.0970949838
0.0980851669
0.0982522022
0.1097542503
0.1252199880
0.1400526524
0.1452600690
0.1524934267
0.1592843340
0.1663793839
0.1688022935
0.1617268974
0.1508250005
0.1433419826
0.1318457224
0.1090498881
0.1039373149
0.1035158110
0.0935820626
0.0896006748
0.0938625679
0.0944485507
0.0806238414
0.0752105220
0.0725566564
0.0689643429
0.0587990111
0.0496532044
0.0491547897
0.0433937650
0.0440281805
0.0496329829
0.0477298738
0.0555766777
0.0633870149
0.0649849497
0.0700014061
0.0651869968
0.0653141351
0.0654023743
0.0611618419
0.0576868653
0.0541269880
0.0605368375
0.0614452638
0.0568034068
0.0557275697
0.0578976732
0.0585287966
0.0634863420
0.0638548867
0.0673266651
0.0715076727
0.0648646295
0.0624364885
0.0642064592
0.0588678834
0.0618078203
0.0618108479
0.0551023559
0.0513803765
0.0468749465
0.0424526984
0.0305151734
0.0240386755
0.0204220091
0.0097324705
-0.0003287911
-0.0022721123
-0.0004970406
-0.0046038783
-0.0100778023
-0.0074523108
-0.0100663132
-0.0221589497
-0.0278379683
-0.0376742847
-0.0459430468
-0.0491850418
-0.0498060013
-0.0519191791
-0.0512883616
-0.0524445354
-0.0601167807
-0.0645357100
-0.0703027000
-0.0715648690
-0.0807026712
-0.0936856375
-0.1021790749
-0.1086270234
-0.1191345501
-0.1293939951
-0.1422186636
-0.1591049076
-0.1770603469
-0.1830115972
-0.1872390389
-0.1990458638
-0.2191360242
-0.2322980615
-0.2397821293
-0.2502681018
-0.2543975432
-0.2681797925
-0.2763595097
-0.2765981872
-0.2812901671
-0.2839113643
-0.2789966098
-0.2688238196
-0.2709806736
-0.2693245177
-0.2688712850
-0.2696224192
-0.2774646749
-0.2891922607
-0.2963250216
-0.2939212579
-0.2940867254
-0.3057321960
-0.3104983003
-0.3097131205
-0.3132001062
-0.3149576982
-0.3145391104
-0.3057508563
-0.3050330641
-0.2987779308
-0.2913415738
-0.2815460086
-0.2724400086
-0.2672082941
-0.2651510534
-0.2663212217
-0.2654755486
-0.2652062123
-0.2652447021
-0.2703067512
-0.2671017623
-0.2667827914
-0.2751769998
-0.2776598067
-0.2745259181
-0.2720270567
-0.2779673305
-0.2786776367
-0.2752275477
-0.2810586980
-0.2823691697
-0.2730050904
-0.2706878667
-0.2709133022
-0.2693512960
-0.2623899885
-0.2517331519
-0.2436671943
-0.2419608161
-0.2341364531
-0.2275537293
-0.2271343723
-0.2251441719
-0.2120968862
-0.1978026634
-0.1928803638
-0.1866265019
-0.1719450103
-0.1687753731
-0.1675010932
-0.1619816991
-0.1607314513
-0.1570088105
-0.1558645249
-0.1519925588
-0.1447249227
-0.1376555938
-0.1351901681
-0.1172436253
-0.1110622421
-0.1055458852
-0.0950304451
-0.0838349754
-0.0737143850
-0.0697574783
-0.0710984511
-0.0651386864
-0.0640222615
-0.0610824851
-0.0572879713
-0.0476380867
-0.0421624151
-0.0386859076
-0.0352015403
-0.0320141433
-0.0248657914
-0.0213457631
-0.0209632444
-0.0189131585
-0.0171750374
-0.0148961985
-0.0163234625
-0.0099621255
-0.0108338267
-0.0136184401
-0.0066138450
-0.0134403178
-0.0201756189
-0.0218404153
-0.0179919045
-0.0262177053
-0.0277230779
-0.0274710979
-0.0323371798
-0.0357130318
-0.0407575586
-0.0431301569
-0.0586295574
-0.0625245473
-0.0589392529
-0.0634696923
-0.0613989947
-0.0648736315
-0.0669675184
-0.0671485248
-0.0634314185
-0.0600254766
-0.0573707881
-0.0546637933
-0.0516574613
-0.0490828899
-0.0461023632
-0.0436092335
-0.0406867736
-0.0381906392
-0.0350623604
-0.0332582272
-0.0305940671
-0.0224390697
-0.0135550816
-0.0166890957
-0.0147449271
-0.0042887819
0.0007616043
-0.0004316223
-0.0009736614
-0.0058700710
-0.0052099399
-0.0075058540
-0.0076953166
-0.0073510317
0.0000317196
0.0064017610
0.0144299509
0.0224137120
0.0267181787
0.0261593551
0.0288729914
0.0318243989
0.0337160977
0.0368757593
0.0383906254
0.0408436480
0.0420531842
0.0443972157
0.0514232683
0.0556073017
0.0563240087
0.0586739193
0.0601097728
0.0635057562
0.0667026679
0.0689582135
0.0702824901
0.0722497348
0.0737113332
0.0754685996
0.0768380457
0.0788234502
0.0800831997
0.0791654927
0.0796422557
0.0826475901
0.0831177380
0.0868107914
0.0883502010
0.0887630806
0.1013189985
0.1157908613
0.1158475464
0.1172973739
0.1244609262
0.1334354895
0.1389277832
0.1387519749
0.1421509625
0.1439324636
0.1445853422
0.1514070838
0.1541788578
0.1491491607
0.1486149219
0.1450599001
0.1384896103
0.1354662684
0.1330247353
0.1329671776
0.1339209620
0.1343745382
0.1349853152
0.1358396273
0.1365401630
0.1338159654
0.1332784111
0.1398060117
0.1447744357
0.1424434253
0.1421886337
0.1412697613
0.1335776776
0.1197449497
0.1164256883
0.1183873794
0.1176463933
0.1181286940
0.1181541559
0.1170032756
0.1151738052
0.1176365887
0.1186581342
0.1181906095
0.1182749514
0.1180576308
0.1182825137
0.1181520054
0.1169396199
0.1169413772
0.1300334587
0.1350895301
0.1319396378
0.1313964665
0.1326045941
0.1330402161
0.1185489149
0.1137523781
0.1153528748
0.1113980425
0.1100446711
0.1111801208
0.1109021736
0.1085960702
0.1104736502
0.1110380818
0.1087526555
0.1084592791
0.1210471180
0.1255627848
0.1208710749
0.1203163486
0.1207847702
0.1261004365
0.1261479487
0.1255172742
0.1265917693
0.1169634564
0.1012893551
0.0981592436
0.0981566842
0.0965820822
0.0954464933
0.0949558094
0.0910785848
0.0837636451
0.0808075025
0.0806473533
0.0790034363
0.0779363088
0.0751146570
0.0751434114
0.0742828738
0.0724619663
0.0712932966
0.0765786470
0.0764281757
0.0760717839
0.0763263131
0.0743596289
0.0733025840
0.0716969943
0.0704958674
0.0689004812
0.0676261079
0.0660416887
0.0647244924
0.0631479328
0.0618002524
0.0600870410
0.0588828167
0.0575310364
0.0552026766
0.0529848308
0.0631487530
0.0742479365
0.0697725475
0.0711688560
0.0846521924
0.0878725999
0.0914798109
0.0905873471
0.0906505081
0.0874982199
0.0853010214
0.0865944596
0.0779597068
0.0745453997
0.0734831904
0.0669284082
0.0645111981
0.0584510596
0.0488734235
0.0387232582
0.0234600036
0.0193042475
0.0187386332
0.0169478892
0.0138960698
0.0106679841
0.0085090466
0.0079905675
0.0072834794
-0.0006943262
-0.0049580200
0.0014355108
0.0004641615
0.0003307322
-0.0000403649
-0.0030286951
-0.0037243679
-0.0044091763
-0.0063729294
-0.0074281122
-0.0090063367
-0.0109629320
-0.0124413906
-0.0046616014
-0.0011829494
-0.0014548605
-0.0035269815
-0.0163048155
-0.0213718624
-0.0209621658
-0.0230881545
-0.0241863423
-0.0257985136
-0.0267273745
-0.0284535722
-0.0292048928
-0.0305704866
-0.0325733094
-0.0341458971
-0.0220105341
-0.0129522665
-0.0114971712
-0.0098329991
-0.0098965643
-0.0021331779
0.0006802164
-0.0016458364
-0.0048053267
-0.0150176703
-0.0171252350
-0.0194368524
-0.0192284831
-0.0185400516
-0.0206906447
-0.0218159282
-0.0169552193
-0.0094228724
-0.0152843423
-0.0173629133
-0.0153277983
-0.0127146664
-0.0122693172
-0.0207988382
-0.0163369169
-0.0140119845
-0.0198426959
-0.0219567906
-0.0220578878
-0.0228607102
-0.0206369663
-0.0231704300
-0.0255998867
-0.0252535787
-0.0213798696
-0.0259650454
-0.0379953066
-0.0428287560
-0.0512464328
-0.0655777371
-0.0689559271
-0.0680693662
-0.0689838165
-0.0695325140
-0.0720148331
-0.0734344861
-0.0787334190
-0.0813097943
-0.0803891094
-0.0817765989
-0.0817424415
-0.0770331989
-0.0721992857
-0.0730243369
-0.0723963014
-0.0731868706
-0.0739508151
-0.0732756131
-0.0599150204
-0.0686632744
-0.0758674840
-0.0728187561
-0.0739191868
-0.0735461471
-0.0741183360
-0.0735922483
-0.0739882223
-0.0736222585
-0.0738686102
-0.0735239058
-0.0737920978
-0.0732560870
-0.0732940848
-0.0737278913
-0.0737277356
-0.0630211238
-0.0561936866
-0.0517234873
-0.0489921919
-0.0473831803
-0.0454167987
-0.0432621308
-0.0408869473
-0.0446730942
-0.0485808580
-0.0483551055
-0.0452035665
-0.0512706969
-0.0542975305
-0.0656779396
-0.0703536478
-0.0681888869
-0.0581495815
-0.0509224441
-0.0459506459
-0.0432169774
-0.0464593847
-0.0438591577
-0.0419922113
-0.0405925579
-0.0411294059
-0.0424949278
-0.0383360230
-0.0362343034
-0.0337173308
-0.0318363766
-0.0317793394
-0.0330453203
-0.0353161947
-0.0412821397
-0.0437112547
-0.0438383005
-0.0548581752
-0.0581071355
-0.0555976016
-0.0554511344
-0.0557714084
-0.0553722765
-0.0413817031
-0.0306459609
-0.0272246755
-0.0228986701
-0.0244373520
-0.0248623659
-0.0208268289
-0.0192482038
-0.0216898064
-0.0221023593
-0.0208444666
-0.0177600157
-0.0157051305
-0.0156592403
-0.0170683078
-0.0205599432
-0.0250099708
-0.0388709872
-0.0425273069
-0.0398804433
-0.0399730284
-0.0391769551
-0.0385950450
-0.0376660534
-0.0370803834
-0.0363858287
-0.0354998546
-0.0345538191
-0.0349225699
-0.0342103870
-0.0204467128
-0.0092992780
-0.0061074446
-0.0017953754
-0.0029565428
-0.0006035726
-0.0009878879
-0.0018981713
-0.0031774435
-0.0036465147
-0.0027099492
-0.0032807108
0.0008892546
0.0006024280
-0.0001752847
0.0007442263
-0.0013984800
0.0037696666
0.0068482321
0.0064002901
0.0075020454
0.0082596874
0.0087465357
0.0068904822
0.0076658363
0.0030049765
-0.0117428667
-0.0153421404
-0.0125757046
-0.0129277691
-0.0121762548
-0.0128971616
-0.0112276882
-0.0130136549
-0.0127156147
-0.0109606271
-0.0162731214
-0.0183148693
-0.0168084840
-0.0221783714
-0.0166282241
-0.0153015867
-0.0169347387
-0.0198335729
-0.0208831372
-0.0199217540
-0.0196127540
-0.0170860726
-0.0167818580
-0.0227929569
-0.0183986763
-0.0157128666
-0.0148410097
-0.0096929707
-0.0091495647
-0.0084876963
-0.0096044307
-0.0085442411
-0.0074938059
-0.0005414446
0.0010316362
-0.0001439765
0.0009062714
0.0010965405
0.0016300518
0.0017880571
0.0022938708
0.0025374155
0.0030305368
0.0029960805
0.0035222800
0.0062093310
0.0076615844
0.0072877739
0.0079925445
0.0079856118
0.0085639287
0.0083713631
0.0092487998
0.0091642123
0.0086521159
0.0090877241
0.0225795121
0.0251358451
0.0247550007
0.0272071119
0.0248497818
0.0227321601
0.0134886286
0.0103841266
0.0109502707
0.0109003393
0.0242756408
0.0269127617
0.0258998088
0.0283601098
0.0328590735
0.0382813748
0.0380502122
0.0406335625
0.0392950395
0.0455314576
0.0450542537
0.0481071821
0.0512760206
0.0431922576
0.0415750007
0.0424607107
0.0398351273
0.0375363046
0.0387703846
0.0479496204
0.0496898840
0.0432984175
0.0512793727
0.0522914292
0.0481864568
0.0406165253
0.0405658454
0.0399246455
0.0356507028
0.0364085763
0.0304646036
0.0276937827
0.0281329375
0.0276167916
0.0349416234
0.0368558187
0.0294109743
0.0270105679
0.0268139071
0.0242626553
0.0267717998
0.0272417950
0.0272771489
0.0266476039
0.0265083426
0.0267082383
0.0328003875
0.0281400489
0.0319987874
0.0354926830
0.0268652221
0.0232213285
0.0253816535
0.0130249727
0.0070771610
0.0094739790
0.0082711960
0.0083648251
0.0077010263
0.0080766909
0.0077373697
0.0066134938
0.0067126619
0.0167403798
0.0187111146
0.0078453828
0.0181291916
0.0241029921
0.0208885095
0.0268396493
0.0310685940
0.0339845930
0.0343929682
0.0340992435
0.0325877224
0.0305412562
0.0298830890
0.0297381312
0.0322217896
0.0328755147
0.0322857341
0.0319803108
0.0321751459
0.0317105127
0.0290727367
0.0252527078
0.0243071210
0.0171531050
0.0165220725
0.0052661575
-0.0019101337
0.0002557646
0.0121842320
0.0227159816
0.0239260829
0.0277138344
0.0342780006
0.0400637677
0.0413896207
0.0365271283
0.0345369637
0.0300715653
0.0217148909
0.0212106041
0.0196479141
0.0149434796
0.0112604187
0.0108576787
-0.0015617588
-0.0049323834
-0.0041261060
-0.0043670710
-0.0051732608
-0.0050246633
-0.0053616850
-0.0052212136
-0.0086308607
-0.0093443441
-0.0071126530
-0.0058447122
-0.0068521902
-0.0076481922
-0.0078137430
0.0055787217
0.0094219383
0.0080178556
0.0146658565
0.0103995810
0.0074991630
0.0087615496
-0.0054779055
-0.0102833288
-0.0086000181
-0.0092984150
-0.0096881458
-0.0098537971
-0.0098507232
-0.0100379822
-0.0126422941
-0.0139683857
-0.0153066501
-0.0141240204
-0.0124874147
-0.0189667384
-0.0218218437
-0.0212285273
-0.0216618955
-0.0150013493
-0.0143662098
-0.0157432312
-0.0129965526
-0.0134212775
-0.0132669577
-0.0124877980
-0.0130569449
-0.0129070886
-0.0132933030
-0.0131579416
-0.0135485034
-0.0134168005
-0.0138012588
-0.0136325524
-0.0140379351
-0.0139523957
-0.0142143577
-0.0137265089
-0.0151846006
-0.0152411902
-0.0036706132
0.0093485318
0.0086576468
0.0074709296
0.0026606679
0.0074551410
0.0034256818
-0.0011632921
-0.0115049419
-0.0167619070
-0.0144443995
-0.0157883757
-0.0150466424
-0.0158441239
-0.0177889431
-0.0190410689
-0.0187261180
-0.0219071394
-0.0173897637
-0.0152426933
-0.0162253967
-0.0161446153
-0.0157443296
-0.0156273340
-0.0209665051
-0.0257358235
-0.0259165272
-0.0247015970
-0.0236659031
-0.0242426309
-0.0307791721
-0.0334628245
-0.0295926021
-0.0293223976
-0.0266481484
-0.0258260293
-0.0263464487
-0.0263250700
-0.0209662867
-0.0190236210
-0.0172964244
-0.0161716340
-0.0163972301
-0.0159824055
-0.0170040106
-0.0172700878
-0.0051039987
0.0063371906
0.0062542628
0.0049577785
0.0086524819
0.0104087412
0.0093526523
0.0130051053
0.0134614521
0.0102227087
0.0118805775
0.0203614840
0.0209884034
0.0193622796
0.0157221253
0.0183630190
0.0225592024
0.0212869931
0.0162959618
0.0202678046
0.0231620142
0.0124002313
0.0124202600
0.0124316056
0.0079872259
0.0022151764
-0.0008154902
-0.0015620357
-0.0022942757
-0.0020654525
-0.0021312398
0.0001448940
0.0012408448
0.0061703973
0.0084749658
0.0076962753
0.0083165953
0.0036016722
-0.0009108688
-0.0118028020
-0.0156171683
-0.0139529087
-0.0145256294
-0.0138374612
-0.0167109645
-0.0226741612
-0.0244604897
-0.0233900450
-0.0239499766
-0.0235402194
-0.0236620149
-0.0237363902
-0.0240257891
-0.0183076897
-0.0138524837
-0.0135947160
-0.0137526952
-0.0134311822
-0.0134336219
-0.0132998479
-0.0133294191
-0.0131572900
-0.0131867694
-0.0130237336
-0.0130495009
-0.0128884959
-0.0129102373
-0.0127556065
-0.0127705819
-0.0126237441
-0.0126279571
-0.0125010160
-0.0124840891
-0.0123569938
-0.0123458237
-0.0123482802
-0.0120325955
-0.0118848548
-0.0130091676
-0.0123766846
0.0008342112
0.0036556673
-0.0001827514
0.0017357598
0.0037200062
0.0054774300
0.0015635722
0.0028718190
0.0026815293
0.0024063607
-0.0087716822
-0.0120396848
-0.0105892868
-0.0115718794
-0.0116262674
-0.0010288107
0.0032609978
0.0067650841
0.0067139093
0.0049386409
0.0056539768
0.0052411341
0.0066087542
0.0061800689
-0.0068782469
-0.0120425416
-0.0094511127
-0.0105569560
-0.0101029558
-0.0105290250
-0.0099804487
-0.0103460793
-0.0099587235
-0.0102171327
-0.0098899952
-0.0101023761
-0.0098279249
-0.0099925326
-0.0097373783
-0.0099277948
-0.0097380980
-0.0095840581
-0.0095834973
-0.0122288768
-0.0126110206
-0.0123222127
-0.0178200039
-0.0197388700
-0.0186462354
-0.0196393103
-0.0192957332
-0.0127735303
-0.0099080847
-0.0125961844
-0.0125011913
-0.0125726468
-0.0096731261
-0.0090850836
-0.0091558563
-0.0092586166
-0.0089612818
-0.0091994627
-0.0089144988
-0.0091548191
-0.0088481320
-0.0092165156
-0.0086678866
-0.0088968219
-0.0094472719
-0.0095179059
0.0015265900
0.0054034639
0.0037971780
0.0040865908
0.0042396354
0.0069831435
0.0078144924
0.0048439577
0.0061875701
0.0077524005
0.0137010201
0.0151079955
0.0158826320
0.0180893493
0.0195886750
0.0185750989
0.0194348037
0.0215617945
0.0180278253
0.0176054089
0.0134935525
0.0136387720
0.0145826122
0.0144845980
0.0097959984
0.0051573979
-0.0057069553
-0.0096500624
-0.0078811941
-0.0087224032
-0.0084661036
-0.0087596389
-0.0084382540
-0.0087069825
-0.0084834929
-0.0086915862
-0.0084931624
-0.0086891383
-0.0085014289
-0.0086939094
-0.0085023795
-0.0087124583
-0.0084999034
-0.0087160572
-0.0084973736
-0.0088498784
-0.0083383238
-0.0085593981
-0.0093376483
-0.0092313024
0.0038746815
0.0086827052
0.0116170041
0.0172669981
0.0198030368
0.0213532879
0.0201874761
0.0182721559
0.0196118463
0.0213094035
0.0177937362
0.0198741984
0.0181021858
0.0195778229
0.0214680611
0.0204604108
0.0142916170
0.0140246064
0.0100509476
-0.0060229583
-0.0099534289
-0.0080845019
-0.0088891179
-0.0088228422
-0.0091352107
-0.0086395684
-0.0088213070
-0.0094576129
-0.0096870386
0.0013066787
0.0076884812
0.0070988800
0.0071154246
0.0059021172
0.0050783890
0.0045006289
-0.0060874137
-0.0102938176
-0.0083313858
-0.0092207045
-0.0089464648
-0.0093101203
-0.0089490509
-0.0092710881
-0.0090290613
-0.0092703899
-0.0090766824
-0.0092782518
-0.0091047963
-0.0092917028
-0.0092328639
-0.0091913790
-0.0089706018
-0.0100469744
-0.0096492422
0.0008156207
0.0060344431
0.0057306268
0.0121403602
0.0136906578
0.0161995898
0.0165721045
0.0151806574
0.0189098013
0.0208300214
0.0155454834
0.0160708626
0.0169438175
0.0169080302
0.0143697866
0.0129756304
0.0081190062
0.0126015526
0.0146032052
0.0131069319
0.0136844826
0.0081000670
0.0061342992
0.0071272721
0.0067509251
0.0063314966
0.0063256064
0.0132431460
0.0142507478
0.0126324411
0.0131355212
0.0156449735
0.0168904837
0.0187468124
0.0175340908
0.0188031699
0.0177127127
0.0152626710
0.0180291815
0.0254738143
0.0248094429
0.0267833859
0.0326503329
0.0320994241
0.0393731650
0.0398988322
0.0387850493
0.0395104183
0.0408674507
0.0343094915
0.0321709384
0.0334580783
0.0277955022
0.0215675345
0.0200681837
0.0200102217
0.0172258049
0.0124682250
0.0127123821
0.0081678881
0.0061468101
0.0068268951
0.0026663526
0.0025383823
0.0036706051
0.0031806367
0.0056043501
0.0063517376
0.0113436711
0.0139203506
0.0142953195
0.0085294236
0.0051936116
0.0068182119
0.0114727331
0.0136632646
0.0123411973
0.0158658662
0.0163898614
0.0164299535
0.0160714744
0.0165264008
0.0162722605
0.0165479282
0.0138657069
0.0132041755
0.0074566462
0.0021152516
-0.0072255861
-0.0106630152
-0.0091493671
-0.0098856455
-0.0096622328
-0.0098954686
-0.0096419078
-0.0098361746
-0.0096797218
-0.0098055131
-0.0096854900
-0.0097833951
-0.0096886305
-0.0097643276
-0.0096869455
-0.0097477138
-0.0096826690
-0.0097322398
-0.0096762103
-0.0097174673
-0.0096682724
-0.0097034666
-0.0096577167
-0.0096895502
-0.0096505870
-0.0096751242
-0.0096171951
-0.0096892874
-0.0096752794
-0.0094730377
-0.0095126015
-0.0120485099
-0.0130239476
-0.0125199348
-0.0127814849
-0.0126603473
-0.0126631538
-0.0126280618
-0.0140983774
-0.0133291789
-0.0125505196
-0.0103280031
-0.0092495673
-0.0095598030
-0.0095926491
-0.0108827201
-0.0095088297
-0.0093127445
-0.0147637699
-0.0135610162
-0.0116918122
-0.0179319307
-0.0196641698
-0.0188756447
-0.0191071313
-0.0190671907
-0.0190196307
-0.0194532787
-0.0192756491
-0.0139104809
-0.0120187707
-0.0129826727
-0.0099513143
-0.0091532221
-0.0093867211
-0.0094159135
-0.0092518239
-0.0093615664
-0.0092436905
-0.0093587369
-0.0092079568
-0.0093546557
-0.0091767037
-0.0093364284
-0.0091402490
-0.0094292015
-0.0089808182
-0.0091435223
-0.0097659874
-0.0097932084
0.0018731371
0.0078434369
0.0128842291
0.0147880764
0.0129758094
0.0140404372
0.0134997380
0.0139082071
0.0133551819
0.0144078351
0.0137143311
0.0085537896
0.0059754296
0.0078368526
-0.0054805978
-0.0104516592
-0.0083249101
-0.0090054794
-0.0089873991
-0.0091046003
-0.0089247886
-0.0090155174
-0.0089604629
-0.0089785216
-0.0089519892
-0.0089485621
-0.0089445803
-0.0089222351
-0.0089329399
-0.0088988302
-0.0089199392
-0.0088768327
-0.0089060783
-0.0088559659
-0.0088917299
-0.0088357696
-0.0088772189
-0.0088161923
-0.0088626380
-0.0087970312
-0.0088481794
-0.0087783177
-0.0088337912
-0.0087598061
-0.0088196655
-0.0087416699
-0.0088057684
-0.0087238006
-0.0087921578
-0.0087062864
-0.0087788098
-0.0086889830
-0.0087656055
-0.0086722632
-0.0087529429
-0.0086553802
-0.0087388933
-0.0086438217
-0.0087270701
-0.0086116182
-0.0087164616
-0.0086886811
-0.0086002010
-0.0083373783
-0.0094366088
-0.0091181682
0.0016127233
0.0079547604
0.0056382383
0.0121872491
0.0147467333
0.0166109239
0.0176973039
0.0174499055
0.0175084508
0.0176495987
0.0174065532
0.0175605416
0.0178711783
0.0177901086
0.0121786595
0.0127800380
0.0154065688
0.0156800561
0.0091295774
0.0069895193
0.0148813471
0.0102096321
0.0066021743
0.0082222206
0.0075829901
0.0080621573
0.0075758909
0.0076925422
0.0059091825
0.0075602768
-0.0046128121
-0.0100492511
-0.0076422039
-0.0085612950
-0.0083442442
-0.0086344895
-0.0083280115
-0.0085327860
-0.0083984549
-0.0084869747
-0.0084246624
-0.0084503243
-0.0084490725
-0.0084092488
-0.0084988957
-0.0083727715
-0.0084148057
-0.0084435323
-0.0096231310
-0.0086513247
-0.0107606677
-0.0120637478
-0.0110648907
-0.0098939695
-0.0162450672
-0.0201288881
-0.0182861543
-0.0180092860
-0.0176604772
-0.0171654449
-0.0229511828
-0.0187847564
-0.0174879982
-0.0245161504
-0.0251375768
-0.0222019992
-0.0180832020
-0.0182075456
-0.0208153522
-0.0192364441
-0.0175422620
-0.0183221809
-0.0178376598
-0.0187590896
-0.0180817885
-0.0118451888
-0.0104089887
-0.0124156059
-0.0087504515
-0.0085147753
-0.0081154243
-0.0084918993
-0.0090103554
-0.0090914406
0.0041799861
0.0088557352
0.0118770820
0.0174480645
0.0203035896
0.0214120404
0.0181104713
0.0175018181
0.0173985638
0.0187792604
0.0206824513
0.0210883327
0.0183744645
0.0175026328
0.0151951656
0.0141307254
0.0146052182
0.0141994622
0.0143290245
0.0169503191
0.0180471072
0.0174854283
0.0177899483
0.0177163073
0.0175771557
0.0175427680
0.0202917947
0.0212532161
0.0206228987
0.0211053056
0.0212891096
0.0183244193
0.0132559716
0.0162441525
0.0183385623
0.0174074505
0.0150184236
0.0136943328
0.0142293082
0.0157278624
0.0160972857
0.0091984125
0.0069015890
0.0080653272
0.0061746621
0.0058878367
0.0053253337
0.0034307227
-0.0062797965
-0.0094423481
-0.0081253335
-0.0083761976
-0.0082960093
-0.0094703911
-0.0088543484
0.0040075695
0.0073696250
0.0056175425
0.0127200153
0.0163064618
0.0169899718
0.0190801294
0.0202814406
0.0172751827
0.0189406740
0.0161778076
0.0157645004
0.0168216853
0.0126298645
0.0125785183
0.0091608026
0.0040877785
-0.0061650035
-0.0101496764
-0.0081724710
-0.0092531281
-0.0087960075
-0.0090550335
-0.0086002592
-0.0114252009
-0.0119584750
-0.0118111200
-0.0116640774
-0.0118551385
-0.0116487840
-0.0117179064
-0.0115343804
-0.0118422085
-0.0114789558
-0.0093409593
-0.0093965031
-0.0092307771
-0.0081665016
-0.0086734523
-0.0082754038
-0.0085524159
-0.0082110342
-0.0084643875
-0.0081581272
-0.0083765504
-0.0080915727
-0.0082900327
-0.0080200542
-0.0082014275
-0.0079439383
-0.0081102366
-0.0078641293
-0.0080156562
-0.0077814246
-0.0079174053
-0.0076956227
-0.0078133540
-0.0076138097
-0.0077037027
-0.0075091998
-0.0075989651
-0.0075159983
-0.0073228465
-0.0071457587
-0.0082199502
-0.0074307411
0.0039446586
0.0059111795
0.0051262202
0.0133114115
0.0132315710
0.0124710533
0.0123399332
0.0127800953
0.0119881419
0.0123864281
0.0142840106
0.0154359296
0.0125439818
0.0120529347
0.0072882214
0.0060728944
0.0061534785
0.0039762384
0.0035534123
0.0040129831
-0.0054952787
-0.0085456337
-0.0072255393
-0.0074866916
-0.0076096125
-0.0074225336
-0.0074810361
-0.0072373521
-0.0074060169
-0.0070805822
-0.0073874776
-0.0068223577
-0.0070642910
-0.0073372603
-0.0074645196
0.0015914037
0.0044537802
0.0042132047
0.0050011881
0.0058861750
0.0041572458
0.0049852204
0.0049569687
0.0054961372
-0.0037055170
-0.0081855661
-0.0059560954
-0.0068737663
-0.0063981998
-0.0067713589
-0.0062461076
-0.0066191600
-0.0061147507
-0.0062026142
-0.0064110735
-0.0068384010
0.0006276254
0.0067270474
0.0045971044
-0.0042479809
-0.0067426819
-0.0052723380
-0.0058972017
-0.0055985437
-0.0057961507
-0.0053868787
-0.0056145465
-0.0052435675
-0.0055257623
-0.0049842089
-0.0051981382
-0.0053501939
-0.0054610890
0.0022629144
0.0051205511
0.0072912422
0.0071531697
0.0095242020
0.0115212847
0.0103580366
0.0100324956
0.0101023433
0.0088730679
0.0085485883
0.0103147537
0.0101678293
0.0100169034
0.0079860624
0.0091533656
0.0099361225
0.0095632307
0.0092870551
0.0084044032
0.0105671214
0.0115245705
0.0108844002
0.0109717668
0.0105923666
0.0105901841
0.0120242665
0.0125939609
0.0120188349
0.0120574637
0.0117727867
0.0116822399
0.0113658812
0.0114607795
0.0110882238
0.0093598838
0.0086862632
0.0089359489
0.0061086760
0.0045587157
0.0050307977
0.0045123339
0.0055226051
0.0076452566
0.0055873643
0.0067402010
0.0055713426
0.0048679030
0.0055957637
0.0050009924
0.0050276341
0.0057518376
0.0060101740
0.0021119576
-0.0002168224
-0.0006305572
0.0009394223
0.0013483714
-0.0061684297
-0.0086524619
-0.0073323677
-0.0077520001
-0.0075461731
-0.0076362900
-0.0073366588
-0.0074289561
-0.0071841124
-0.0072448525
-0.0070047078
-0.0070677827
-0.0068238811
-0.0068831686
-0.0066355372
-0.0067524175
-0.0063905137
-0.0064262895
-0.0065713250
-0.0066187383
-0.0012587690
0.0008738607
-0.0007051581
-0.0050072270
-0.0064599780
-0.0055816360
-0.0058761310
-0.0056559877
-0.0056837353
-0.0054526514
-0.0054608566
-0.0052793796
-0.0052502619
-0.0050895352
-0.0050439685
-0.0048978883
-0.0048391103
-0.0047036928
-0.0046355839
-0.0045082649
-0.0044328381
-0.0043120573
-0.0042308799
-0.0041156011
-0.0040296821
-0.0039192168
-0.0038293517
-0.0037232454
-0.0036299514
-0.0035279192
-0.0034316255
-0.0033335402
-0.0032344978
-0.0031403307
-0.0030387142
-0.0029485839
-0.0028443732
-0.0027584815
-0.0026516103
-0.0025703644
-0.0024604546
-0.0023845345
-0.0022710789
-0.0022010800
-0.0020829254
-0.0020223227
-0.0018964232
-0.0018400660
-0.0017142536
-0.0016964830
-0.0014851040
-0.0014382911
-0.0016085026
-0.0014019036
0.0022037443
0.0028755105
0.0026493817
0.0032107353
0.0022588655
0.0027627407
0.0025193459
0.0021412431
-0.0003879646
-0.0013198856
-0.0007713157
-0.0009066028
-0.0007566108
-0.0007947884
-0.0005553290
-0.0005704687
-0.0006573618
-0.0005127317
0.0023020518
0.0026216025
0.0024999564
0.0042484209
0.0042344559
0.0033149436
0.0033605724
0.0042378040
0.0048132366
0.0042316671
0.0038205540
0.0042712912
0.0054282098
0.0056132505
0.0049288612
0.0042337235
0.0047122570
0.0039528350
0.0028168919
0.0028619007
0.0026818477
0.0023222678
0.0019861419
0.0013752922
0.0009332669
0.0009003578
0.0006609600
0.0009710637
-0.0006053569
-0.0011554992
-0.0008581023
-0.0008736307
-0.0008355786
-0.0007836924
-0.0007306202
-0.0006766097
-0.0006407688
-0.0005796168
-0.0005506835
-0.0004876005
-0.0004635404
-0.0003999828
-0.0003892060
-0.0003075289
-0.0002875799
-0.0002919727
-0.0002698967
0.0006066656
0.0009722995
0.0009212562
0.0009787643
0.0012668211
0.0011964390
0.0013498980
0.0014881074
0.0013296068
0.0013107091
0.0012141055
0.0012009755
0.0010986828
0.0009185880
0.0008204362
0.0008826402
0.0004948739
0.0003554926
0.0004207624
0.0003773851
-0.0002112020
-0.0004012028
-0.0002792542
-0.0002980143
-0.0002684523
-0.0002598597
-0.0002273058
-0.0002187788
-0.0001935008
-0.0001828975
-0.0001609664
-0.0001506099
-0.0001314803
-0.0001215873
-0.0001048001
-0.0000957033
-0.0000809706
-0.0000728026
-0.0000599339
-0.0000527779
-0.0000416290
-0.0000355232
-0.0000259796
-0.0000209375
-0.0000129051
-0.0000089235
-0.0000023161
0.0000006186
0.0000058725
0.0000077818
0.0000117537
0.0000126660
0.0000154173
0.0000153649
0.0000169610
0.0000159772
0.0000164743
0.0000145983
0.0000140561
0.0000113244
0.0000097985
0.0000062539
0.0000037999
-0.0000005189
-0.0000038474
-0.0000088978
-0.0000130475
-0.0000187879
-0.0000237073
-0.0000300955
-0.0000357322
-0.0000427271
-0.0000490317
-0.0000565914
-0.0000635136
-0.0000715971
-0.0000790893
-0.0000876564
-0.0000956690
-0.0001046815
-0.0001131681
-0.0001225865
-0.0001314985
-0.0001412952
-0.0001505812
-0.0001606946
-0.0001703418
-0.0001808522
-0.0001905468
-0.0002011699
-0.0002123123
-0.0002227362
-0.0002238849
-0.0002339448
-0.0002488830
-0.0002615454
-0.0002738975
-0.0002850819
-0.0003021758
-0.0003152175
-0.0003253542
-0.0003367284
-0.0003477300
-0.0003589105
-0.0003698995
-0.0003810826
-0.0003921193
-0.0004032665
-0.0004142987
-0.0004254038
-0.0004364065
-0.0004474510
-0.0004584017
-0.0004693693
-0.0004802488
-0.0004911244
-0.0005019155
-0.0005126853
-0.0005233733
-0.0005340253
-0.0005445975
-0.0005551218
-0.0005655677
-0.0005759559
-0.0005862671
-0.0005965133
-0.0006066831
-0.0006167830
-0.0006268074
-0.0006367589
-0.0006466357
-0.0006564385
