0.0044792984
0.0044312794
0.0043834141
0.0043356881
0.0042880646
0.0042405885
0.0041932427
0.0041459312
0.0040987467
0.0040515793
0.0040045048
0.0039574752
0.0038984233
0.0038496263
0.0038005807
0.0037515258
0.0037021192
0.0036527355
0.0036029604
0.0035270654
0.0034745140
0.0034219822
0.0033688713
0.0033153855
0.0032619712
0.0031676565
0.0031108184
0.0030541030
0.0029966092
0.0029387555
0.0028811041
0.0028226138
0.0027637975
0.0027052399
0.0026457885
0.0025860183
0.0025259137
0.0024661495
0.0024054396
0.0023444180
0.0022837764
0.0022221574
0.0021602384
0.0020987342
0.0020362600
0.0019734632
0.0019103743
0.0018477534
0.0017841228
0.0017202111
0.0016567438
0.0015922545
0.0015274860
0.0014631321
0.0013977117
0.0013319973
0.0012659341
0.0012003809
0.0012094071
0.0011424947
0.0010760151
0.0010085058
0.0009414278
0.0008733205
0.0008812695
0.0008125314
0.0007442441
0.0006749343
0.0006060588
0.0005361418
0.0004666371
0.0004717300
0.0004016850
0.0003305263
0.0002598604
0.0001888987
0.0001168838
0.0000453318
-0.0000273011
-0.0000994574
-0.0001719006
-0.0002454020
-0.0003184370
-0.0003917632
-0.0004661349
-0.0005400362
-0.0006150159
-0.0006895003
-0.0007642691
-0.0008401191
-0.0009154989
-0.0009911590
-0.0011435068
-0.0012197472
-0.0012970155
-0.0013738277
-0.0014516426
-0.0015290677
-0.0016074880
-0.0017611019
-0.0018400868
-0.0019193716
-0.0019981651
-0.0020780409
-0.0021574178
-0.0023134683
-0.0023941555
-0.0024743747
-0.0025556313
-0.0026371539
-0.0027182037
-0.0028002899
-0.0029582827
-0.0030409367
-0.0031238402
-0.0032062713
-0.0032896935
-0.0033734553
-0.0035330662
-0.0036173369
-0.0037018822
-0.0037859207
-0.0038709862
-0.0039563447
-0.0040419599
-0.0040521994
-0.0041383099
-0.0042247464
-0.0043106314
-0.0043975576
-0.0044847321
-0.0044965550
-0.0045835162
-0.0046714807
-0.0047597094
-0.0048481830
-0.0049361594
-0.0050251336
-0.0051143904
-0.0052031208
-0.0052928959
-0.0053828377
-0.0054723256
-0.0055627643
-0.0057291666
-0.0058201032
-0.0059105898
-0.0060020201
-0.0060937677
-0.0061856764
-0.0063534974
-0.0064459001
-0.0065377898
-0.0066306995
-0.0067238291
-0.0067415294
-0.0068351089
-0.0069289175
-0.0069465803
-0.0070408155
-0.0071353409
-0.0072300453
-0.0072486210
-0.0073437863
-0.0074384306
-0.0074584157
-0.0075534900
-0.0076495014
-0.0076693899
-0.0077658540
-0.0078618109
-0.0079579046
-0.0081306637
-0.0082271968
-0.0083247215
-0.0084216796
-0.0085196304
-0.0086169918
-0.0087153260
-0.0088887138
-0.0089874454
-0.0090863258
-0.0091846821
-0.0092839767
-0.0093827256
-0.0095580361
-0.0096579135
-0.0097572050
-0.0099330716
-0.0100334860
-0.0101340863
-0.0103104986
-0.0104106998
-0.0105874801
-0.0106887791
-0.0107902600
-0.0109675243
-0.0110700949
-0.0111720757
-0.0109709828
-0.0108463753
-0.0110244803
-0.0111263107
-0.0113047362
-0.0114069148
-0.0115856578
-0.0116888819
-0.0118671854
-0.0119707318
-0.0121500666
-0.0122538628
-0.0124334476
-0.0125375150
-0.0127174063
-0.0128217240
-0.0129262469
-0.0130308575
-0.0130600136
-0.0131649084
-0.0132699408
-0.0132994307
-0.0134047093
-0.0134344409
-0.0135399457
-0.0136455009
-0.0136748209
-0.0137806172
-0.0138865841
-0.0139918827
-0.0140979898
-0.0142042636
-0.0143098227
-0.0144162509
-0.0145227796
-0.0146294093
-0.0147353657
-0.0148421649
-0.0149489902
-0.0150552041
-0.0151622169
-0.0152693035
-0.0153757367
-0.0154829618
-0.0155902951
-0.0156212764
-0.0157287008
-0.0158362347
-0.0158674046
-0.0159750261
-0.0160819197
-0.0161140376
-0.0162210328
-0.0163281052
-0.0164359297
-0.0164674565
-0.0165745881
-0.0166825680
-0.0167141999
-0.0168215003
-0.0169288056
-0.0170361426
-0.0171434867
-0.0173272405
-0.0174346218
-0.0175420108
-0.0177257953
-0.0178332146
-0.0179406240
-0.0180487927
-0.0182318391
-0.0183400161
-0.0184474160
-0.0186311872
-0.0187385778
-0.0188467489
-0.0190297132
-0.0191377911
-0.0192458531
-0.0193531072
-0.0194611146
-0.0195690717
-0.0196770051
-0.0198597564
-0.0199676392
-0.0200754129
-0.0201831631
-0.0202900963
-0.0203977532
-0.0205810170
-0.0206885427
-0.0207959854
-0.0209033643
-0.0210106930
-0.0211179473
-0.0212243210
-0.0212557950
-0.0213628007
-0.0214697484
-0.0215765699
-0.0216825408
-0.0217891902
-0.0218200932
-0.0219265176
-0.0220320806
-0.0221383200
-0.0222443983
-0.0223496302
-0.0224554494
-0.0225612182
-0.0226660402
-0.0227715177
-0.0228768479
-0.0229820609
-0.0230863530
-0.0231912543
-0.0232960003
-0.0233998416
-0.0235042543
-0.0236085362
-0.0237118820
-0.0238158279
-0.0239196095
-0.0240224681
-0.0241258847
-0.0242291484
-0.0243314330
-0.0244343151
-0.0245369965
-0.0246394905
-0.0247410071
-0.0248431035
-0.0249449812
-0.0250459097
-0.0251473642
-0.0252486167
-0.0253488860
-0.0254496442
-0.0254746012
-0.0255741313
-0.0256741866
-0.0257732475
-0.0258728202
-0.0259721062
-0.0259947813
-0.0260935764
-0.0261913565
-0.0262896349
-0.0263869080
-0.0264838651
-0.0265812881
-0.0266020873
-0.0266989870
-0.0267947900
-0.0268910657
-0.0270619641
-0.0271568953
-0.0272522763
-0.0274222325
-0.0275170128
-0.0276114483
-0.0277804340
-0.0277985912
-0.0278913055
-0.0279844247
-0.0280772084
-0.0281688784
-0.0282609542
-0.0282763127
-0.0283676557
-0.0284579365
-0.0285485652
-0.0286380744
-0.0287279796
-0.0288167142
-0.0288301785
-0.0289181805
-0.0290058101
-0.0290937714
-0.0291805584
-0.0293425828
-0.0294293261
-0.0295148999
-0.0296007765
-0.0296855073
-0.0297705698
-0.0298544405
-0.0300142435
-0.0300972390
-0.0301805548
-0.0302634353
-0.0303450728
-0.0304270263
-0.0305833817
-0.0306644013
-0.0307449281
-0.0308242459
-0.0309038091
-0.0309828914
-0.0310607374
-0.0312144568
-0.0312920513
-0.0313691353
-0.0314457068
-0.0315210514
-0.0315966139
-0.0317472290
-0.0318217633
-0.0318957067
-0.0319691107
-0.0320420194
-0.0321136051
-0.0321853841
-0.0322566246
-0.0323272683
-0.0323973965
-0.0324669551
-0.0325358772
-0.0326042725
-0.0326720964
-0.0327393176
-0.0328051690
-0.0328711941
-0.0329366238
-0.0330013901
-0.0330655787
-0.0331291827
-0.0331921664
-0.0332544749
-0.0332405212
-0.0333007728
-0.0333611888
-0.0334209606
-0.0334801106
-0.0335378446
-0.0335199994
-0.0335771295
-0.0336336199
-0.0336886211
-0.0337437116
-0.0337981353
-0.0338511219
-0.0338285225
-0.0338808493
-0.0339317341
-0.0339826243
-0.0340320753
-0.0340815656
-0.0340539459
-0.0341019871
-0.0341485440
-0.0341950811
-0.0342401381
-0.0342851823
-0.0343287591
-0.0342966797
-0.0343387176
-0.0343800029
-0.0344212008
-0.0344609432
-0.0345762593
-0.0346144203
-0.0346517829
-0.0346890776
-0.0347248527
-0.0348361955
-0.0348710916
-0.0349043926
-0.0349376187
-0.0349692595
-0.0350764493
-0.0350315706
-0.0350606789
-0.0350897220
-0.0351171654
-0.0351445013
-0.0351702589
-0.0351202000
-0.0351441852
-0.0351680099
-0.0351902375
-0.0352123067
-0.0352327534
-0.0352530488
-0.0351960762
-0.0352145401
-0.0352314041
-0.0352472957
-0.0352630594
-0.0353527413
-0.0353666330
-0.0353788721
-0.0353901523
-0.0354012156
-0.0354105918
-0.0354197399
-0.0355028226
-0.0355100404
-0.0355163166
-0.0355208324
-0.0355251605
-0.0355277297
-0.0356057120
-0.0356070579
-0.0356066558
-0.0356059829
-0.0356042977
-0.0356008460
-0.0355971429
-0.0355924006
-0.0355859105
-0.0355791071
-0.0355712761
-0.0355616657
-0.0355518072
-0.0355408623
-0.0355281187
-0.0355150931
-0.0355009784
-0.0354094081
-0.0353931338
-0.0353757994
-0.0353566066
-0.0353371090
-0.0353157426
-0.0352184274
-0.0351948446
-0.0351709552
-0.0351451675
-0.0351190416
-0.0350910134
-0.0350626699
-0.0349567634
-0.0349253786
-0.0348936143
-0.0348599613
-0.0348259178
-0.0347899908
-0.0347528600
-0.0347153675
-0.0346759243
-0.0346353239
-0.0345943033
-0.0345513717
-0.0345072180
-0.0344626579
-0.0344161515
-0.0343692061
-0.0343203343
-0.0342702194
-0.0342196711
-0.0341671629
-0.0341134284
-0.0341348699
-0.0340787232
-0.0340221100
-0.0339634880
-0.0339043958
-0.0338433368
-0.0337817720
-0.0337938148
-0.0337297701
-0.0336636953
-0.0335971492
-0.0335285654
-0.0334594403
-0.0334647207
-0.0333923241
-0.0333193758
-0.0332452021
-0.0331689752
-0.0330921819
-0.0330141140
-0.0329340087
-0.0328533436
-0.0327713883
-0.0326873559
-0.0326027776
-0.0325168963
-0.0324289387
-0.0323404558
-0.0322506300
-0.0321587351
-0.0320662343
-0.0319723833
-0.0318764758
-0.0317799947
-0.0316821677
-0.0315822349
-0.0314817232
-0.0313798700
-0.0312766524
-0.0311713209
-0.0310654184
-0.0309581162
-0.0308486801
-0.0307385978
-0.0306272021
-0.0305136290
-0.0303994409
-0.0302838431
-0.0301661281
-0.0300478168
-0.0299281070
-0.0298062387
-0.0296837040
-0.0295597930
-0.0294337088
-0.0293069786
-0.0291788391
-0.0290485455
-0.0289176169
-0.0287852718
-0.0286507611
-0.0285156013
-0.0283790377
-0.0282402454
-0.0281008268
-0.0279599583
-0.0278169097
-0.0276732339
-0.0275280486
-0.0273806953
-0.0272327032
-0.0270832295
-0.0269315510
-0.0267792212
-0.0266254337
-0.0264694404
-0.0263127538
-0.0261545883
-0.0259942633
-0.0258332262
-0.0256707117
-0.0255067820
-0.0253406029
-0.0251737642
-0.0250054397
-0.0248348978
-0.0246636474
-0.0244909475
-0.0243159949
-0.0241403478
-0.0239632375
-0.0237839007
-0.0236038995
-0.0234223747
-0.0232386673
-0.0230542334
-0.0228683146
-0.0226801875
-0.0224913300
-0.0223009960
-0.0221840624
-0.0219907624
-0.0217960023
-0.0215997547
-0.0214012931
-0.0212021188
-0.0210770515
-0.0208749506
-0.0206713166
-0.0204662309
-0.0202596696
-0.0200508593
-0.0198413164
-0.0195546790
-0.0193422392
-0.0191282422
-0.0189120609
-0.0186951469
-0.0184767501
-0.0181812885
-0.0179592830
-0.0177364416
-0.0175121493
-0.0172856819
-0.0170584757
-0.0168297418
-0.0165231623
-0.0162915229
-0.0160584699
-0.0158231809
-0.0155871558
-0.0153489369
-0.0150343557
-0.0147931782
-0.0145512693
-0.0143071746
-0.0140623869
-0.0138153600
-0.0135676457
-0.0132421149
-0.0129907276
-0.0127386435
-0.0124843454
-0.0122286708
-0.0119722483
-0.0117136713
-0.0114536110
-0.0111928950
-0.0109299928
-0.0106663604
-0.0104005521
-0.0101333041
-0.0098654620
-0.0095953801
-0.0093238674
-0.0090516944
-0.0087773660
-0.0085016159
-0.0082252089
-0.0079466030
-0.0077430376
-0.0074616608
-0.0071788600
-0.0068954273
-0.0066098671
-0.0063236386
-0.0060353386
-0.0058219959
-0.0055308874
-0.0052392063
-0.0049453405
-0.0046508825
-0.0043550291
-0.0041326916
-0.0038341026
-0.0035341921
-0.0032321469
-0.0029295588
-0.0026255996
-0.0023195761
-0.0020885443
-0.0017805961
-0.0014713366
-0.0011599715
-0.0008480383
-0.0005348045
-0.0002959176
0.0000198939
0.0003377707
0.0006561603
0.0009758297
0.0012967875
0.0016190005
0.0020181502
0.0023428939
0.0026696795
0.0029969615
0.0033254974
0.0036552801
0.0040626544
0.0043949286
0.0047283877
0.0050638693
0.0053997370
0.0057368613
0.0060759298
0.0064910541
0.0068317397
0.0071743481
0.0075174159
0.0078624011
0.0082078046
0.0086307335
0.0089784073
0.0093280240
0.0096779863
0.0100298427
0.0103820285
0.0107361273
0.0111669341
0.0115224702
0.0118798625
0.0122375773
0.0125971194
0.0129577672
0.0133186723
0.0136814204
0.0140451772
0.0144092592
0.0147751182
0.0151419829
0.0155090678
0.0158779506
0.0162477952
0.0166178742
0.0169897316
0.0173625289
0.0177355920
0.0181103038
0.0184852600
0.0187862280
0.0191637901
0.0195415194
0.0199208931
0.0203004223
0.0206816615
0.0210629642
0.0213702403
0.0217532317
0.0221378059
0.0225225506
0.0229088764
0.0232952415
0.0236068256
0.0239955889
0.0243843738
0.0247739251
0.0251650229
0.0255561151
0.0259479730
0.0262656726
0.0266590277
0.0270530706
0.0274478481
0.0278440638
0.0282402209
0.0285614730
0.0289589726
0.0293571837
0.0297559898
0.0301562354
0.0305562960
0.0309569580
0.0314338747
0.0318357946
0.0322382576
0.0326420442
0.0330456425
0.0334498076
0.0339301298
0.0343360606
0.0347417386
0.0351479224
0.0355553563
0.0359625112
0.0363700803
0.0367788960
0.0371873444
0.0375962323
0.0380062576
0.0384158966
0.0388259268
0.0392370845
0.0396478648
0.0400589602
0.0404711736
0.0408829231
0.0412949819
0.0417080865
0.0421207929
0.0425337285
0.0429476762
0.0434367222
0.0438511637
0.0442650193
0.0446798115
0.0450940162
0.0455084043
0.0459993352
0.0464140452
0.0468296143
0.0472445634
0.0476603545
0.0480761871
0.0484913689
0.0489829987
0.0493982548
0.0498143088
0.0501547351
0.0505700292
0.0509860626
0.0513256878
0.0517416251
0.0520811386
0.0524961380
0.0528362509
0.0532510857
0.0535901772
0.0540047539
0.0543435694
0.0547578061
0.0550962547
0.0555100856
0.0559237670
0.0563371654
0.0567503117
0.0571631492
0.0576514062
0.0580636907
0.0584757085
0.0589629766
0.0593743062
0.0597852492
0.0602714534
0.0606823931
0.0610921600
0.0615771199
0.0619859809
0.0623951542
0.0628030861
0.0632105099
0.0636181791
0.0640245651
0.0644304095
0.0648364528
0.0652411633
0.0656452804
0.0660495528
0.0664524194
0.0668546572
0.0672570043
0.0676578992
0.0680580882
0.0684582627
0.0688570529
0.0692550295
0.0697286857
0.0701250924
0.0705214997
0.0709162985
0.0713110342
0.0717041538
0.0721728024
0.0725641468
0.0729553239
0.0733448093
0.0737341102
0.0741216858
0.0745090355
0.0749702315
0.0753555295
0.0757397966
0.0760466332
0.0764288291
0.0768091205
0.0771134123
0.0774914599
0.0777934941
0.0781692742
0.0784682330
0.0788423355
0.0791388379
0.0795097083
0.0798036625
0.0801719999
0.0804634375
0.0808291353
0.0811935512
0.0815565667
0.0819182233
0.0822785064
0.0827129811
0.0830703940
0.0834263946
0.0838565678
0.0842096464
0.0845611007
0.0849867232
0.0853351325
0.0856827572
0.0861036811
0.0864473570
0.0867901882
0.0871306225
0.0874694040
0.0878072648
0.0880670320
0.0884006992
0.0886570298
0.0889871772
0.0892399441
0.0895673062
0.0898164688
0.0901386311
0.0903841137
0.0907033572
0.0909390571
0.0912545108
0.0915680308
0.0918092356
0.0921892164
0.0926526070
0.0930338678
0.0934138044
0.0937909368
0.0941660284
0.0946146468
0.0949863260
0.0953558754
0.0957232544
0.0961634250
0.0965271951
0.0968880515
0.0972466698
0.0976038302
0.0980335543
0.0971753669
0.0963133196
0.0965833835
0.0973805277
0.0981004489
0.0988179523
0.0996095164
0.1003230384
0.0992954024
0.0982630420
0.0972266928
0.0961870217
0.0976399073
0.0990168839
0.1004654182
0.1019167031
0.1033646085
0.1048114868
0.1040633241
0.1033101592
0.1025543858
0.1018692628
0.1026190946
0.1033669609
0.1040364828
0.1047796862
0.1055200074
0.1062591156
0.1041200020
0.1019749625
0.0998264052
0.1009246079
0.1019458845
0.1030406296
0.1034525244
0.1039371349
0.1043438878
0.1048232776
0.1052240027
0.1056974087
0.1060928838
0.1064860539
0.1069510172
0.1073380423
0.1077983223
0.1081790963
0.1086330498
0.1090090935
0.1089281103
0.1087675061
0.1086029279
0.1085115306
0.1074321673
0.1064244442
0.1053362282
0.1081789585
0.1109441558
0.1137099335
0.1164746467
0.1192386819
0.1168578434
0.1144695614
0.1120755074
0.1095993973
0.1071939916
0.1080355425
0.1088743707
0.1097861203
0.1106194589
0.1114499858
0.1122777689
0.1095458445
0.1068088687
0.1040635834
0.1013131515
0.0985548937
0.0998761399
0.1011967182
0.1025135495
0.1063258851
0.1102133187
0.1140267170
0.1129211806
0.1117339536
0.1106187272
0.1059405078
0.1011798932
0.1023120848
0.1034412105
0.1044916107
0.1069017922
0.1093103061
0.1117171825
0.1105671139
0.1094872460
0.1084018851
0.1073117516
0.1096225273
0.1118543892
0.1141616801
0.1163908243
0.1206625540
0.1248571965
0.1215619902
0.1183360454
0.1151009031
0.1124646831
0.1097448624
0.1137533864
0.1177622689
0.1217710487
0.1258565778
0.1298653249
0.1281236391
0.1263769413
0.1197796399
0.1131733720
0.1065539178
0.0999259047
0.0999448796
0.0999588552
0.0998935905
0.1010345916
0.1020969504
0.1032320754
0.1042888172
0.1020891655
0.0998818072
0.0976685274
0.0955241770
0.0970812478
0.0987111077
0.1002631899
0.1018136163
0.1034351143
0.1046016266
0.1057643156
0.1069248952
0.1061903407
0.1054505497
0.1047054968
0.1040316408
0.1032769098
0.1025169213
0.1018280719
0.1010583266
0.0999807565
0.0989735985
0.0979611364
0.0968669666
0.0952388849
0.0935284834
0.0918122795
0.0947060816
0.0976730703
0.1005645051
0.1042105249
0.1078566365
0.1115016791
0.1104551617
0.1094024148
0.1083450819
0.1072830749
0.1062146810
0.1051409297
0.1040618012
0.1029780581
0.1018874553
0.1031381022
0.1043856382
0.1055544417
0.1067956524
0.1080337368
0.1092701590
0.1104262849
0.1116555776
0.1093256919
0.1069895429
0.1046457370
0.0995709234
0.0944877867
0.0893930953
0.0898138854
0.0902307417
0.0905681182
0.0913560382
0.0922156499
0.0929965781
0.0900669795
0.0870532074
0.0841081741
0.0811553204
0.0781965776
0.0751535626
0.0721800018
0.0691979532
0.0640149485
0.0588211146
0.0536195238
0.0580181076
0.0624157832
0.0691608484
0.0759834677
0.0727456100
0.0695761083
0.0625395406
0.0555677886
0.0553949912
0.0552173857
0.0627561346
0.0702939862
0.0779155906
0.0787296176
0.0795398326
0.0803468578
0.0811516137
0.0819524751
0.0793447484
0.0766551977
0.0739579356
0.0757190013
0.0774030240
0.0791590636
0.0808391390
0.0794130988
0.0779817519
0.0765458094
0.0751038213
0.0818272962
0.0884814031
0.0952110915
0.1018713297
0.0974867766
0.0930916459
0.0863444812
0.0796607081
0.0728909623
0.0661853400
0.0624965269
0.0587994227
0.0551713917
0.0514591552
0.0522800399
0.0530221149
0.0570149462
0.0610094281
0.0650026953
0.0613547478
0.0577002783
0.0490429651
0.0404511381
0.0318435430
0.0270092901
0.0222402475
0.0227610601
0.0232783953
0.0237930089
0.0243055888
0.0288238613
0.0334212499
0.0379428485
0.0424670945
0.0470674403
0.0475843449
0.0481734403
0.0487601376
0.0445017262
0.0402346528
0.0360369790
0.0317551198
0.0274661418
0.0289206155
0.0303730263
0.0318238935
0.0319867236
0.0321472085
0.0323045598
0.0350317232
0.0376825027
0.0320096075
0.0264054911
0.0168550268
0.0072946634
0.0086923838
0.0100120912
0.0232130985
0.0364961512
0.0497195767
0.0566704614
0.0518212809
0.0470417557
0.0375620487
0.0281468999
0.0249230403
0.0217691576
0.0226201000
0.0234690607
0.0243167611
0.0251625562
0.0213900312
0.0175376452
0.0136771058
0.0098867539
0.0060143998
0.0021358917
-0.0017499141
-0.0020089485
-0.0022708281
-0.0025349272
-0.0028013342
-0.0031464961
-0.0090934958
-0.0151227262
-0.0211634677
-0.0192653412
-0.0172905622
-0.0153930222
-0.0074391917
0.0005935519
0.0085598914
0.0166061052
0.0142174746
0.0119007986
0.0037527084
-0.0044792124
-0.0069726587
-0.0095451328
-0.0071272143
-0.0047850116
-0.0023644733
-0.0084184348
-0.0144817304
-0.0302346592
-0.0460862515
-0.0543856068
-0.0627728681
-0.0564897404
-0.0502753873
-0.0389129955
-0.0276114658
-0.0228094488
-0.0180022334
-0.0215138569
-0.0250313726
-0.0286286744
-0.0348046501
-0.0410620169
-0.0472526045
-0.0509525219
-0.0545817325
-0.0582914434
-0.0620059904
-0.0587630006
-0.0554408050
-0.0427359982
-0.0300136512
-0.0172079620
-0.0116489431
-0.0060121781
-0.0117196288
-0.0174309084
-0.0279944028
-0.0385662425
-0.0492287534
-0.0490039152
-0.0488552449
-0.0487062843
-0.0471948395
-0.0457591088
-0.0442435165
-0.0427291433
-0.0378049804
-0.0328031841
-0.0277932257
-0.0227811389
-0.0222252446
-0.0216693666
-0.0301942396
-0.0387253341
-0.0494619926
-0.0602815635
-0.0711159709
-0.0781747648
-0.0852436981
-0.0849014933
-0.0844826636
-0.0841391261
-0.0837176801
-0.0931312163
-0.1024814124
-0.1118363889
-0.1212801732
-0.1306531320
-0.1310334434
-0.1314870846
-0.1225566083
-0.1136187348
-0.1047427583
-0.1009286121
-0.0971825197
-0.0934336289
-0.0946722465
-0.0959871304
-0.0990418923
-0.1020987230
-0.1051574514
-0.1076119949
-0.1100674663
-0.1124491466
-0.1145285858
-0.1165318628
-0.1073359535
-0.0982074620
-0.0864906257
-0.0748401303
-0.0745988254
-0.0860830146
-0.0976556351
-0.1092350967
-0.1207528749
-0.1261491625
-0.1316253697
-0.1299929242
-0.1284295774
-0.1217203882
-0.1149981223
-0.1082693230
-0.1014530310
-0.1010601151
-0.1007398633
-0.1003418350
-0.0999392771
-0.1005183961
-0.1010950579
-0.1015945565
-0.1021672949
-0.1027375383
-0.1033067540
-0.0990301488
-0.0947449450
-0.0904546970
-0.0917550547
-0.0929779076
-0.1025242483
-0.1119979009
-0.1262508504
-0.1405099736
-0.1548613067
-0.1691438721
-0.1748155256
-0.1804876740
-0.1765526290
-0.1726105449
-0.1686607175
-0.1612989069
-0.1538473760
-0.1464633456
-0.1463302219
-0.1461935710
-0.1571778911
-0.1681663178
-0.1828751190
-0.1975129588
-0.2042976455
-0.2110831784
-0.2044022995
-0.1977885761
-0.1820038495
-0.1662042017
-0.1555234543
-0.1533049045
-0.1617497750
-0.1701211873
-0.1785760004
-0.1780284444
-0.1775507518
-0.1686719758
-0.1598506443
-0.1510193929
-0.1442898326
-0.1376268911
-0.1416198401
-0.1455366035
-0.1494532475
-0.1533682661
-0.1496392444
-0.1459039667
-0.1420821216
-0.1383287623
-0.1344886747
-0.1307162691
-0.1307938745
-0.1308661099
-0.1402424653
-0.1495439914
-0.1639999388
-0.1784603065
-0.1928599263
-0.2023475921
-0.2118415910
-0.2149825327
-0.2181975443
-0.2167186482
-0.2152327160
-0.2137387336
-0.2219242970
-0.2301865129
-0.2384534804
-0.2466451837
-0.2549181737
-0.2513131015
-0.2477722304
-0.2368842751
-0.2260506201
-0.2152041294
-0.2042589132
-0.2036661492
-0.2030656049
-0.2114617369
-0.2198631441
-0.2330298251
-0.2461336706
-0.2528101962
-0.2478331754
-0.2427711600
-0.2312626154
-0.2197388267
-0.2081926695
-0.2056354464
-0.2030664920
-0.2088871173
-0.2146339997
-0.2204541079
-0.2261990000
-0.2319415118
-0.2297381979
-0.2276028315
-0.2197808983
-0.2119469223
-0.2041692181
-0.1963040432
-0.1976544389
-0.1989226384
-0.2063162589
-0.2136313321
-0.2210245236
-0.2289465585
-0.2368711447
-0.2447188577
-0.2476506836
-0.2505771394
-0.2466884337
-0.2427905746
-0.2304021115
-0.2179978294
-0.2054931431
-0.1930471934
-0.1805764218
-0.1680137723
-0.1616309671
-0.1648455831
-0.1786506680
-0.1925346469
-0.2063531871
-0.2125338593
-0.2186390370
-0.2189902845
-0.2192590681
-0.2195949874
-0.2199231759
-0.2201680189
-0.2204808864
-0.2207093175
-0.2210071636
-0.2212198769
-0.2215011352
-0.2297939088
-0.2380888490
-0.2463821495
-0.2546782524
-0.2629722267
-0.2637762487
-0.2646483400
-0.2654374195
-0.2647819833
-0.2641160617
-0.2634417528
-0.2626811476
-0.2619877314
-0.2671864877
-0.2723813512
-0.2774996478
-0.2826874374
-0.2735705819
-0.2643626189
-0.2513491716
-0.2383932837
-0.2328263275
-0.2395040770
-0.2461063652
-0.2550487177
-0.2639958028
-0.2640128347
-0.2639452261
-0.2639437613
-0.2638576931
-0.2638384194
-0.2637344754
-0.2565095943
-0.2491905610
-0.2265741392
-0.2038421826
-0.1811603798
-0.1584341725
-0.1437876396
-0.1389408599
-0.1452099799
-0.1515452407
-0.1578868003
-0.1642194383
-0.1644997185
-0.1647708894
-0.1650325557
-0.1652095257
-0.1637132015
-0.1622074001
-0.1705994732
-0.1790704880
-0.2016854805
-0.2243241945
-0.2470445140
-0.2697115141
-0.2923853383
-0.3010061963
-0.3000144770
-0.2829670935
-0.2658988908
-0.2487978471
-0.2387106933
-0.2381373634
-0.2482203091
-0.2583848432
-0.2755828988
-0.2927203704
-0.3099358906
-0.3206579396
-0.3313814680
-0.3421017640
-0.3505586023
-0.3590898958
-0.3676185808
-0.3699511191
-0.3721913593
-0.3745053107
-0.3768097112
-0.3790290887
-0.3722468202
-0.3564327370
-0.3405259383
-0.3246619595
-0.3087800423
-0.2928649653
-0.2835127082
-0.2740616151
-0.2717830016
-0.2694928681
-0.2671910165
-0.2648779605
-0.2626293365
-0.2540887756
-0.2455322102
-0.2370310042
-0.2350207156
-0.2454120092
-0.2707052311
-0.2959500515
-0.3212801650
-0.3466333126
-0.3609581366
-0.3665839493
-0.3632011499
-0.3476255648
-0.3320256576
-0.3101918033
-0.2883374361
-0.2739337120
-0.2595115923
-0.2527049872
-0.2458861524
-0.2454820246
-0.2449938539
-0.2445736608
-0.2306772428
-0.2167540903
-0.1898011904
-0.1627260907
-0.1290390376
-0.0953057427
-0.0673578574
-0.0523871789
-0.0544163575
-0.0743761136
-0.1081904690
-0.1420457450
-0.1713011078
-0.1918866756
-0.2036274475
-0.2066746228
-0.1976867055
-0.1886031984
-0.1756469809
-0.1626664794
-0.1549652024
-0.1472464041
-0.1456427868
-0.1441068909
-0.1489913470
-0.1538784021
-0.1587600059
-0.1544093340
-0.1500485528
-0.1376525481
-0.1251664187
-0.1127323423
-0.1048946116
-0.1049145303
-0.1149098115
-0.1248418072
-0.1347713850
-0.1447092703
-0.1485955818
-0.1524816029
-0.1527310881
-0.1529748368
-0.1532131730
-0.1648741736
-0.1764596569
-0.1881327835
-0.1992770776
-0.2015764722
-0.1947932509
-0.1755070285
-0.1561249920
-0.1293691345
-0.1025130206
-0.0840169267
-0.0654216000
-0.0608713981
-0.0687243629
-0.0896693381
-0.1222781964
-0.1549268137
-0.1819928036
-0.1956206885
-0.1965416964
-0.1874690190
-0.1783831874
-0.1645886094
-0.1507014816
-0.1367892398
-0.1337557768
-0.1406274659
-0.1594513603
-0.1782210079
-0.1970734871
-0.2102716578
-0.2103076835
-0.2103392145
-0.2015892171
-0.1928203250
-0.1840404542
-0.1752430062
-0.1717280006
-0.1682802537
-0.1648231073
-0.1632481931
-0.1617410526
-0.1602277986
-0.1534867052
-0.1467308916
-0.1278595669
-0.0958630129
-0.0639132362
-0.0319137114
-0.0097240288
-0.0073187179
-0.0259460723
-0.0626768938
-0.0995041813
-0.1363029266
-0.1661601144
-0.1849285697
-0.2037039845
-0.2156106014
-0.2275234731
-0.2394430808
-0.2546151337
-0.2698854081
-0.2794076733
-0.2889368451
-0.2878703980
-0.2868718535
-0.2730081835
-0.2434502085
-0.2138620191
-0.1843105606
-0.1506384955
-0.1169142537
-0.0678779681
-0.0188403633
0.0219890212
0.0425239398
0.0418233982
0.0250910268
-0.0017971275
-0.0287825737
-0.0557066760
-0.0701738673
-0.0729927344
-0.0758084559
-0.0786934698
-0.0846027710
-0.0905078303
-0.0920244988
-0.0934581769
-0.0949625491
-0.0963837174
-0.0978742241
-0.0899771546
-0.0820607925
-0.0646727535
-0.0353717262
-0.0060402955
0.0276566839
0.0613812292
0.0849442328
0.0961299213
0.0949988704
0.0805602641
0.0661849580
0.0390267301
0.0117616704
-0.0198249665
-0.0514488972
-0.0745348531
-0.0880341709
-0.0899566713
-0.0919497574
-0.0939335600
-0.0958337328
-0.1065774318
-0.1173325662
-0.1280836579
-0.1388386005
-0.1495894079
-0.1471768621
-0.1446843946
-0.1321827454
-0.1195854481
-0.1069603106
-0.0987863419
-0.0906607139
-0.0707258002
-0.0385603682
0.0027137401
0.0439786654
0.0853586126
0.1182518959
0.1392271553
0.1456335756
0.1369257889
0.1282828503
0.1128452902
0.0973869947
0.0818548230
0.0718339117
0.0695330225
0.0790435312
0.0885717232
0.1118949499
0.1352457952
0.1587112985
0.1821277470
0.1912841986
0.1867560336
0.1681568560
0.1384363238
0.1086762896
0.0829161190
0.0699932294
0.0571458021
0.0532929055
0.0495234743
0.0457541306
0.0419167066
0.0381548339
0.0343993029
0.0305683127
0.0354430194
0.0403308821
0.0452294975
0.0500643962
0.0549869443
0.0599195126
0.0648636478
0.0690617433
0.0732696077
0.0774111185
0.0816381136
0.0750512032
0.0684653883
0.0618733321
0.0552062350
0.0486054470
0.0420108662
0.0353992526
0.0287173720
0.0221006768
0.0232030931
0.0242341657
0.0326734821
0.0411311027
0.0610202785
0.0808605992
0.1032847206
0.1258168566
0.1408754494
0.1560290968
0.1711162242
0.1800162069
0.1889208047
0.1979103774
0.1989600996
0.2000061297
0.1859953558
0.1719591913
0.1531441739
0.1343707740
0.1155812742
0.1061421561
0.0967673121
0.0872896714
0.0778075389
0.0683730796
0.0588572451
0.0493121865
0.0440640539
0.0387183129
0.0410105145
0.0432112543
0.0590996318
0.0749187622
0.0908182916
0.1071006304
0.1233873773
0.1396788076
0.1516538554
0.1637075344
0.1756743178
0.1876448047
0.1967321346
0.2058153234
0.2081547316
0.2104795324
0.2128639813
0.2113729923
0.2099388833
0.2084832979
0.2069321498
0.2054335944
0.2173042942
0.2291680261
0.2455569033
0.2619416057
0.2782362733
0.2946001954
0.3109444590
0.3272788709
0.3391268704
0.3510317032
0.3628354450
0.3816621780
0.4004712132
0.4249505264
0.4493551265
0.4737685097
0.4982688799
0.5046286450
0.4917799147
0.4671068836
0.4424157341
0.4263943438
0.4197398555
0.4245680674
0.4421491877
0.4597069732
0.4820520728
0.5043371003
0.5206919973
0.5287675371
0.5249629902
0.5209182991
0.5075667300
0.4940433714
0.4804070815
0.4763629931
0.4821222303
0.4979277389
0.5139233236
0.5300389348
0.5463934897
0.5507047415
0.5461753250
0.5311927526
0.5164576364
0.4963168187
0.4763397483
0.4634280932
0.4504259822
0.4476128812
0.4443934174
0.4404842102
0.4373666869
0.4335322583
0.4173985490
0.4005745063
0.3793290711
0.3576096367
0.3442900751
0.3310181728
0.3298993741
0.3295086617
0.3299558512
0.3315271323
0.3291329143
0.3279488120
0.3280596780
0.3214168893
0.3155330388
0.2985355519
0.2814299354
0.2638222706
0.2453539542
0.2337177279
0.2302807227
0.2358105448
0.2482127201
0.2675646054
0.2951299392
0.3327386895
0.3801342085
0.4272996658
0.4674922734
0.4968912781
0.5146660695
0.5341576707
0.5437235486
0.5552813508
0.5538647735
0.5541663864
0.5505463429
0.5478952984
0.5456307321
0.5433384017
0.5467463140
0.5491173626
0.5499730214
0.5510243461
0.5502527318
0.5475457883
0.5410928470
0.5332104526
0.5276856214
0.5216238644
0.5153359297
0.5093206675
0.5040598626
0.4997067005
0.4895883985
0.4807034039
0.4731989169
0.4571370978
0.4420924693
0.4120728874
0.3824630405
0.3530899250
0.3342135454
0.3301917278
0.3257144200
0.3204837211
0.3159438048
0.3105666611
0.2978965095
0.2845232047
0.2610531474
0.2371499963
0.2011025576
0.1649089060
0.1244920111
0.0843116972
0.0443157217
0.0124020372
-0.0070905662
-0.0263500127
-0.0315751564
-0.0366566515
-0.0347602296
-0.0234592027
-0.0121219195
-0.0007908372
0.0104655333
0.0216354488
0.0173306182
0.0128788795
0.0035210899
-0.0059661918
-0.0155614955
-0.0252644062
-0.0350231726
-0.0320491199
-0.0120750410
0.0312306454
0.0861562455
0.1280703375
0.1456744024
0.1562743633
0.1668995394
0.1775471131
0.1608931856
0.1441369768
0.1368249072
0.1295615106
0.1293903042
0.1499478419
0.1583189761
0.1563143394
0.1748091870
0.2080784829
0.2471175420
0.2862156678
0.3120306621
0.3379071326
0.3573905287
0.3769268083
0.3919843711
0.4071805409
0.4224533102
0.4377303541
0.4421244576
0.4465369398
0.4409947056
0.4208659874
0.4007732881
0.3808564610
0.3680226911
0.3553315393
0.3305328755
0.3160046370
0.3016405026
0.2998395808
0.3096422394
0.3314404229
0.3255006963
0.3107061552
0.3038512277
0.3170135496
0.3139639788
0.3110089588
0.3198397849
0.3341829964
0.3485424470
0.3382409855
0.3076136643
0.2982873719
0.2888560050
0.2792866680
0.2549677681
0.2396120585
0.2240790399
0.2083542116
0.1924552946
0.1763826526
0.1436055889
0.1219546085
0.0814754072
0.0338899606
-0.0136060638
-0.0521435906
-0.0695055740
-0.0675857868
-0.0653693161
-0.0775497261
-0.0698041846
-0.0222397904
0.0440199080
0.0996089250
0.1199812931
0.1408916903
0.1591222454
0.1777202767
0.1967581113
0.2159976147
0.2184401433
0.2208822067
0.2271066897
0.2249939226
0.2223824877
0.2528403593
0.2824592227
0.2886083608
0.3016637334
0.3336150911
0.3641507501
0.3830111668
0.4102524374
0.4360176409
0.4343962428
0.4210671698
0.4065954155
0.3968409771
0.3862638775
0.3658642269
0.3451343977
0.3291944990
0.3135210391
0.2862887432
0.2704903622
0.2760135333
0.2833874528
0.2880985828
0.2795572251
0.2741602732
0.2978248737
0.3174050508
0.3285675788
0.3552084162
0.3845435875
0.4237401147
0.4501773799
0.4638537973
0.4759339553
0.4831022715
0.4901800173
0.4875433023
0.4868642893
0.5021078068
0.5167964294
0.5355869583
0.5490158420
0.5633088300
0.5735026026
0.5878905829
0.6150016842
0.6459461262
0.6604641390
0.6701918657
0.6678936670
0.6242570792
0.4804747456
0.2482308783
0.0476878258
-0.0435545252
-0.0723563705
-0.0809748567
-0.0791488429
-0.0570242686
-0.0382949665
-0.0287254807
-0.0283112436
-0.0432590789
-0.0645675483
-0.0612584934
-0.0398886677
-0.0203991698
0.0039000887
0.0288600986
0.0619051223
0.1011517074
0.1192745054
0.1388932502
0.1573517927
0.2021863518
0.2282916686
0.2369590469
0.2557132683
0.2359348525
0.1891315413
0.1788510491
0.1788796836
0.1745609130
0.1668119289
0.1511837348
0.1435341171
0.1588927152
0.1723411152
0.1731098996
0.1603122748
0.1385204357
0.1246330380
0.1251607780
0.1262272995
0.1283304923
0.1316633769
0.1543490680
0.1788482065
0.1984947567
0.2057276326
0.1985770349
0.1757469430
0.1552165132
0.1368118000
0.1281239984
0.1291899712
0.1101541693
0.1150300768
0.1348737542
0.1463165918
0.1592595198
0.1906660653
0.2306028164
0.2572174524
0.2754737629
0.2843089844
0.2921212806
0.2982588310
0.3023423299
0.3041070779
0.3031486569
0.3038424747
0.3019372652
0.2904742058
0.2880301935
0.2754535465
0.2247818689
0.1190256929
-0.0046619226
-0.0929473114
-0.1341322050
-0.1535380829
-0.1709608196
-0.1861941624
-0.1995098705
-0.2025699764
-0.2043544384
-0.2009555388
-0.1869374190
-0.1593002273
-0.1326989734
-0.1077377107
-0.0874398131
-0.0693411286
-0.0506077229
-0.0340026820
-0.0192885200
-0.0060420531
0.0192530223
0.0442730855
0.0696889466
0.0852858690
0.0859342479
0.0734919800
0.0632119852
0.0466831281
0.0113511452
-0.0392177613
-0.0733635987
-0.0820862741
-0.0825485765
-0.0829664069
-0.0873531730
-0.0930242403
-0.0899608786
-0.0892026882
-0.0848375851
-0.0831865412
-0.0842498567
-0.0793245134
-0.0764178697
-0.0751617847
-0.0746624617
-0.0829281404
-0.1017685674
-0.1315073147
-0.1606532819
-0.1888625018
-0.2072364526
-0.2205188922
-0.2249921409
-0.2194663679
-0.2181318600
-0.2274333298
-0.2786962811
-0.3603427724
-0.4177217685
-0.4445355381
-0.4744364690
-0.5199914328
-0.5443109598
-0.5434311633
-0.5266155937
-0.5451688805
-0.5796740090
-0.6015821496
-0.5855200276
-0.5542847760
-0.5276741450
-0.5255103450
-0.5546056151
-0.5767620106
-0.5806061262
-0.5804896182
-0.5781522598
-0.5772776827
-0.5900299747
-0.6080335463
-0.6120167075
-0.6090347074
-0.6083022212
-0.6310593366
-0.6528508891
-0.6605462927
-0.6682429502
-0.6632443394
-0.5945562018
-0.4425721619
-0.3180311218
-0.2826216534
-0.2895232087
-0.2887582826
-0.2826622663
-0.2792598481
-0.2826594245
-0.2907734990
-0.3035640854
-0.3200573503
-0.3445740159
-0.3704600746
-0.3796849859
-0.3886679365
-0.3970355404
-0.4068415111
-0.4160113966
-0.4250223231
-0.4340863252
-0.4433364562
-0.4596227031
-0.4747403862
-0.4922941484
-0.5067460641
-0.5177536110
-0.5215824228
-0.5235064343
-0.5248797109
-0.5267321782
-0.5367255946
-0.5468770949
-0.5423853206
-0.5361912287
-0.5374797279
-0.5485651978
-0.5618681059
-0.5694253285
-0.5826124677
-0.5878988174
-0.5964785102
-0.5982849118
-0.5973727686
-0.5872185329
-0.5639502520
-0.5303371830
-0.4938885086
-0.4759579359
-0.4742341212
-0.4627798783
-0.4257686732
-0.3871846580
-0.3614308575
-0.3347127753
-0.3012789017
-0.2528968706
-0.2062568361
-0.1570204975
-0.1094670499
-0.0771955743
-0.0858068542
-0.1264267921
-0.1463449901
-0.1337169898
-0.1094575380
-0.0847146210
-0.0667788743
-0.0489500809
-0.0385411733
-0.0287624167
-0.0250764511
-0.0223784506
-0.0209492288
-0.0207157351
-0.0218348527
-0.0254510899
-0.0302551498
-0.0359676311
-0.0305428737
-0.0257827493
-0.0114182614
0.0026164457
0.0162735627
0.0215237577
0.0265994178
0.0164292341
0.0062421971
-0.0127518698
-0.0318077282
-0.0507967041
-0.0617036655
-0.0648201148
-0.0677088085
-0.0886060056
-0.1091522676
-0.1130923824
-0.0988395598
-0.0839561530
-0.0684977091
-0.0730218593
-0.0886164373
-0.0939058335
-0.0794313557
-0.0642670557
-0.0583849529
-0.0520049434
-0.0451868015
-0.0413235210
-0.0370728549
-0.0382796634
-0.0392644372
-0.0327623004
-0.0263388014
-0.0136445266
-0.0011023299
0.0111358791
0.0155789488
0.0195690410
0.0135811421
0.0070057483
-0.0075457135
-0.0227201222
-0.0385427982
-0.0550562276
-0.0722683849
-0.0902057182
-0.1029580890
-0.1164277775
-0.1209091379
-0.1260626445
-0.1193752379
-0.1133550614
-0.1010830873
-0.0893081341
-0.0779873108
-0.0670566598
-0.0565415589
-0.0617354650
-0.0671574678
-0.0727439300
-0.0816826631
-0.0906637298
-0.1133897504
-0.1360554441
-0.1446708934
-0.1530937850
-0.1612744786
-0.1728002784
-0.1839984443
-0.1845439802
-0.1846108806
-0.1842469119
-0.1892569145
-0.1938832702
-0.1980363135
-0.2016367259
-0.2048329932
-0.2075540345
-0.2098045351
-0.2115968987
-0.2129450255
-0.2192387879
-0.2250527032
-0.2304879000
-0.2356373941
-0.2549875396
-0.2836436678
-0.3120533906
-0.3402190553
-0.3567552305
-0.3594746206
-0.3620819815
-0.3645170395
-0.3667315686
-0.3688946269
-0.3708796617
-0.3728301211
-0.3706223563
-0.3646973802
-0.3493237980
-0.3338726803
-0.3182732425
-0.3026953248
-0.2993774072
-0.3066797482
-0.3018378061
-0.2889250391
-0.2836618503
-0.2783402269
-0.2687884601
-0.2591699837
-0.2584799865
-0.2576476297
-0.2444018059
-0.2310666800
-0.2230157979
-0.2341646905
-0.2452486474
-0.2480850680
-0.2277670524
-0.1935090238
-0.1740371967
-0.1544038206
-0.1189266935
-0.0565897842
-0.0062958113
0.0084455087
0.0124960984
0.0269393120
0.0523901759
0.0779376128
0.1091852240
0.1403576275
0.1575320400
0.1888195984
0.2327261008
0.2766584503
0.2982338908
0.3079172522
0.3006889044
0.2934006874
0.2858730213
0.2898294119
0.2858291276
0.2624167151
0.2619412838
0.2718441625
0.2816260736
0.2810451652
0.2711443185
0.2787101790
0.2964688325
0.3057481983
0.3148482814
0.3236947147
0.3169238664
0.3203913477
0.3435789660
0.3378329666
0.3491350708
0.3601745727
0.3628602523
0.3784372177
0.3937787304
0.4088659043
0.4237095735
0.4233314503
0.4227031500
0.4145698844
0.4061070042
0.4139734687
0.4217031814
0.4128786777
0.3962632845
0.3794359994
0.3763114548
0.3729236267
0.3602719774
0.3473656476
0.3295833847
0.2987082418
0.2675656583
0.2190253958
0.1532623525
0.0677447446
-0.0277576711
-0.0966452838
-0.1128105732
-0.1001668369
-0.0753052069
-0.0650868235
-0.0660318027
-0.0669383003
-0.0587225091
-0.0504503811
-0.0325617247
-0.0146006446
-0.0143164677
-0.0439080183
-0.0408226393
-0.0160790811
-0.0179066439
-0.0312703141
-0.0550516374
-0.0787170564
-0.1153068290
-0.1433794010
-0.1505978339
-0.1578378460
-0.1752446023
-0.1832120461
-0.1801543958
-0.1593681581
-0.1560689200
-0.1982002836
-0.2261000055
-0.1529688870
-0.0715593107
-0.1542954276
-0.2636294536
-0.2158564319
-0.1755550988
-0.2130295345
-0.2049219165
-0.0937099553
0.0599212231
0.1936429476
0.2433207153
0.1858591272
0.1165293598
0.1052343304
0.1120579417
0.0987941159
0.0898927394
0.0911248440
0.0995328625
0.1041839210
0.1213594998
0.1400519321
0.1689894467
0.1977844446
0.2207037389
0.2223973754
0.2032773444
0.1764417999
0.1496665264
0.1301712352
0.1107381127
0.1019855217
0.0933171929
0.0960902588
0.1085632509
0.1211452421
0.1339765245
0.1469027146
0.1522130908
0.1577465205
0.1633621312
0.1631474297
0.1631388646
0.1631875580
0.1600260462
0.1570501778
0.1541002354
0.1573696694
0.1606550776
0.1715168095
0.1824568684
0.1934581925
0.2045163431
0.2062420586
0.2079852787
0.2007423827
0.1935527209
0.1805952409
0.1675810821
0.1545216964
0.1414598794
0.1282439666
0.1149228216
0.1074735240
0.1104973913
0.1273976472
0.1579588956
0.1883936785
0.2187151377
0.2413871710
0.2541552141
0.2578117734
0.2531787369
0.2367537914
0.2200881320
0.1938847846
0.1673386517
0.1406188918
0.1135474859
0.0937845091
0.0737513740
0.0600503958
0.0461547617
0.0319455815
0.0217129462
0.0112416266
0.0051488677
-0.0011643660
-0.0076317763
-0.0143800306
-0.0326927354
-0.0512691183
-0.0427367613
-0.0068939930
0.0198400841
0.0213311840
0.0226238033
0.0238081926
0.0249630089
0.0259457741
0.0173152232
0.0086169153
-0.0093769892
-0.0274697781
-0.0508982298
-0.0743622602
-0.0979104357
-0.1215594958
-0.1453041481
-0.1552823212
-0.1651080506
-0.1627219335
-0.1498333108
-0.1242931013
-0.0990740318
-0.1042717925
-0.1203747130
-0.1311293791
-0.1409738905
-0.1428249526
-0.1326545672
-0.1358542166
-0.1532761845
-0.1727854986
-0.1865933785
-0.1844054119
-0.1208597196
0.0429016931
0.2069650826
0.2648438495
0.2314898258
0.1955840492
0.1865030435
0.1792827634
0.1744317801
0.1709664431
0.1887900815
0.2044321932
0.2050575742
0.1916246161
0.1783299575
0.1795880259
0.1817161727
0.1738205471
0.1750490449
0.1756007446
0.1553763479
0.1349721236
0.1292566931
0.1238382222
0.1187041632
0.1137438772
0.1089321826
0.0861470672
0.0635203139
0.0460161802
0.0288405967
0.0202278744
-0.0083962698
-0.0289558137
-0.0313419232
-0.0331499830
-0.0176344241
-0.0014734750
0.0076222826
0.0172894177
0.0267029852
0.0368321473
0.0526628723
0.0691828381
0.0862949425
0.0922188037
0.0900151644
0.0882273831
0.0868852793
0.0756792442
0.0646439630
0.0378773203
-0.0208942677
-0.0989370046
-0.1583197921
-0.1938360534
-0.2300988308
-0.2671560049
-0.2815303641
-0.2970849687
-0.3054222032
-0.2988478890
-0.2936068602
-0.3001743581
-0.3081557096
-0.3092788737
-0.3069771725
-0.3056357317
-0.3164960921
-0.3275581457
-0.3383520348
-0.3448999901
-0.3504522586
-0.3546988493
-0.3574123819
-0.3654645054
-0.3720276701
-0.3772405646
-0.3893923497
-0.4010749955
-0.4127390743
-0.4248913669
-0.4375252948
-0.4513058709
-0.3994332548
-0.3290980789
-0.3113101738
-0.3276697180
-0.3436028378
-0.3329107899
-0.3208203177
-0.3069969839
-0.2916698013
-0.2720804922
-0.2524477593
-0.2482189290
-0.2541654775
-0.2634362255
-0.2659341885
-0.2725826931
-0.2755154300
-0.2809087573
-0.2868805221
-0.2914576707
-0.3004859013
-0.3170494177
-0.3415244333
-0.3738320913
-0.3992165010
-0.4202967336
-0.4288370195
-0.4401377486
-0.4567261805
-0.4755654469
-0.4991263309
-0.5253090559
-0.5489626401
-0.5715311223
-0.5913378051
-0.6089748444
-0.6241483956
-0.6407986923
-0.6585357879
-0.6837145549
-0.7030434963
-0.7153500857
-0.7246571204
-0.7297628694
-0.7311856924
-0.7280979083
-0.7277600963
-0.7324365945
-0.7372756401
-0.7441200829
-0.7580859361
-0.7616810309
-0.7478906742
-0.6985547697
-0.6387188367
-0.5956638105
-0.5890791275
-0.5983393631
-0.6185813874
-0.6368984387
-0.6358235392
-0.6313592629
-0.6323291990
-0.6417338834
-0.6572804174
-0.6531387824
-0.6354481686
-0.6392120924
-0.6447763370
-0.6314393913
-0.6053095221
-0.5942942412
-0.6067167048
-0.6256793777
-0.6471527796
-0.6577610491
-0.6604492127
-0.6760863618
-0.6941291503
-0.7176913415
-0.7316620074
-0.7019894382
-0.6392689042
-0.5929487126
-0.5643287252
-0.5296799669
-0.4878093326
-0.4403635902
-0.3842599053
-0.3291221067
-0.2735269110
-0.2358774826
-0.2188848051
-0.2072342006
-0.1978425683
-0.1884278381
-0.1725021303
-0.1550996160
-0.1395115383
-0.1227398159
-0.0855293459
-0.0475039560
-0.0088573827
0.0139375343
0.0370480711
0.0785061733
0.1024314165
0.1136138605
0.1696255140
0.1989952022
0.2057195499
0.2267201135
0.2604186955
0.2738666155
0.2848168593
0.2930541178
0.3145576249
0.3335124448
0.3325769300
0.3294248601
0.3382150912
0.3451655216
0.3507223924
0.3394018524
0.3371642568
0.3341021656
0.3305537994
0.3266011134
0.3307769535
0.3267002504
0.3078768719
0.2786199592
0.2493446385
0.2014635900
0.1350721329
0.0438416818
-0.0216086144
-0.0168827760
0.0132333559
0.0231118201
0.0103093602
-0.0018206650
-0.0130887256
-0.0378106753
-0.0616803016
-0.0628630250
-0.0230874281
0.0373075221
0.0744870218
0.0963223644
0.1279033342
0.1603335106
0.1760219000
0.1801856473
0.1849300786
0.1842140631
0.1839997395
0.1842185143
0.1847756928
0.1855155858
0.1864906074
0.1948033256
0.2030958025
0.2112776722
0.2192397575
0.2268031787
0.2340115836
0.2387798625
0.2429319505
0.2464020604
0.2491656034
0.2511364317
0.2521265364
0.2486189094
0.2436693486
0.2431022709
0.2414725253
0.2482974193
0.2548712467
0.2606790212
0.2529216099
0.2419854169
0.2277555308
0.2229104931
0.2265327646
0.2382787991
0.2631489714
0.3063004489
0.3433052458
0.3688575205
0.3836355337
0.3823233629
0.3638944262
0.3574454337
0.4139565055
0.4729806974
0.4749602504
0.4242168524
0.3822181322
0.3088138470
0.1910843774
0.1074090068
0.0774722125
0.0564448751
0.0229303685
-0.0127722599
-0.0341414794
-0.0543728398
-0.0651260069
-0.0703608102
-0.0717583642
-0.0721799007
-0.0800726748
-0.0884740780
-0.0958524215
-0.1058001681
-0.1124128622
-0.1203589090
-0.1260525952
-0.1300922112
-0.1237510767
-0.1159512367
-0.1066331821
-0.0950935643
-0.0823960103
-0.0687890486
-0.0501581711
-0.0232033493
0.0121605797
0.0482077456
0.0780464062
0.0968313106
0.1092576389
0.1228720645
0.1378138237
0.1553404519
0.1740028782
0.1934319252
0.2131933023
0.2328283100
0.2599729356
0.2857555507
0.3159434702
0.3437591648
0.3687787169
0.3945287335
0.4173374094
0.4374816349
0.4587534559
0.4782280427
0.4963093178
0.5136648663
0.5306009474
0.5475692081
0.5538827865
0.5477422664
0.5413616181
0.5235363301
0.5045714602
0.4770591973
0.4473566458
0.4075804367
0.3649270133
0.3193341808
0.2825404210
0.2432962874
0.2153318038
0.1858402383
0.1686559046
0.1510595277
0.1495621061
0.1487786225
0.1509844380
0.1543590230
0.1587862139
0.1606020522
0.1632762881
0.1665012997
0.1662866038
0.1662829128
0.1662904651
0.1616930544
0.1570505571
0.1525927962
0.1483304230
0.1417784119
0.1358025747
0.1306587440
0.1266114645
0.1217456857
0.1181908954
0.1159085338
0.1090585676
0.1034237867
0.0989114315
0.0953637771
0.0928210297
0.0911063705
0.0901266446
0.0845833083
0.0796979677
0.0752768267
0.0713497648
0.0679618029
0.0774299909
0.0986824999
0.1115755202
0.1103188268
0.0698144818
-0.0045436512
-0.0488543707
-0.0527379341
-0.0563902023
-0.0755104601
-0.0945109395
-0.1134920376
-0.1325842360
-0.1516548379
-0.1708199169
-0.1860817013
-0.2014854977
-0.2124121917
-0.2098837303
-0.2074318302
-0.2051334496
-0.2030844114
-0.1948452612
-0.1867766044
-0.1722833302
-0.1578754679
-0.1483131979
-0.1388189936
-0.1149404551
-0.0722690867
-0.0297532712
-0.0327226426
-0.0734239072
-0.1142534164
-0.1002802422
-0.0464246475
-0.0043584238
0.0049326884
-0.0219700254
-0.0611663538
-0.0814268518
-0.1016972772
-0.1402126699
-0.1786441293
-0.1892487010
-0.1773334074
-0.1654197103
-0.1746154452
-0.1837527239
-0.1857870438
-0.1878144732
-0.1897646927
-0.1789137450
-0.1679679344
-0.1343662819
-0.0433872491
0.0935884318
0.1716572250
0.1750612431
0.1690832597
0.1876095058
0.2152800046
0.2348699916
0.2452954685
0.2557689288
0.2572011933
0.2586591707
0.2534041004
0.2480678510
0.2428096844
0.2375312808
0.2236103666
0.2097218029
0.2032867511
0.1967278886
0.1810475457
0.1652923234
0.1494813684
0.1335167115
0.1175580858
0.1065093167
0.0953154216
0.0911546584
0.0868509010
0.0825503459
0.0772749667
0.0719268268
0.0665147891
0.0587631321
0.0509511188
0.0430724087
0.0351393357
0.0270713992
0.0190328878
0.0064781772
-0.0061163195
-0.0187522760
-0.0315012861
-0.0358876310
-0.0402101193
-0.0342539865
-0.0282166028
-0.0221768697
-0.0154413076
-0.0008133226
0.0252576863
0.0513888296
0.0556193149
0.0404298961
0.0252630991
0.0141803477
0.0031324050
-0.0166743952
-0.0363828422
-0.0635773789
-0.0821932193
-0.0709097052
-0.0437636146
-0.0349388442
-0.0489813484
-0.0630055907
-0.0430342662
0.0082565317
0.0789086409
0.1496215481
0.1832699715
0.1821065657
0.1808948373
0.1940121656
0.2070878546
0.2202818866
0.2334269096
0.2483475012
0.2632255482
0.2782115668
0.2931429217
0.3106050622
0.3280848993
0.3455962342
0.3579029368
0.3613733371
0.3525872984
0.3438709714
0.3271221272
0.3102723665
0.2934806253
0.2766539989
0.2673013305
0.2689002207
0.2705669679
0.2722248282
0.2679660633
0.2636935738
0.2594786112
0.2416935448
0.2239576459
0.2360738291
0.2481822131
0.2527204217
0.2572443220
0.2617534389
0.2662475024
0.2680022731
0.2605824474
0.2426099069
0.2246780519
0.2051078761
0.1923084139
0.1938451021
0.1954341664
0.2089550485
0.2224580399
0.2360270986
0.2383804288
0.2164114114
0.1862260893
0.1650476639
0.1552487801
0.1453938064
0.1324803450
0.1194264472
0.1246464938
0.1641126639
0.2546370058
0.3453270245
0.3789919941
0.3881436011
0.3971776079
0.4150411111
0.4328010048
0.4378199110
0.4428006473
0.4476592809
0.4437754653
0.4398440893
0.4259430000
0.4028187252
0.3637415491
0.3244797134
0.2913468982
0.2723412639
0.2533481474
0.2385893166
0.2238435866
0.2090240538
0.1941409621
0.1821341865
0.1701421813
0.1580053128
0.1458754076
0.1385989823
0.1311933463
0.1237860011
0.1248025424
0.1257641346
0.1364281053
0.1469849891
0.1507567564
0.1468354235
0.1429359947
0.1388992591
0.1381366885
0.1373195147
0.1364576205
0.1417372807
0.1469027240
0.1557972053
0.1646542304
0.1734671274
0.1822407336
0.1908979558
0.1995873059
0.1960544188
0.1923936768
0.1886805667
0.1849154925
0.1701228970
0.1552752090
0.1298320026
0.1043331330
0.0978984082
0.1136503473
0.1464934289
0.1793056464
0.1897975060
0.2003277464
0.2108298642
0.2323410054
0.2537660838
0.2833324014
0.3250066908
0.3846056047
0.4135183753
0.3798439129
0.3350331666
0.3274503781
0.3375240758
0.3328184937
0.3027905025
0.2727842039
0.2347502752
0.1966542168
0.1584701037
0.1370189347
0.1155819917
0.0940184500
0.0723974804
0.0321899305
0.0099094532
0.0800282293
0.1801121996
0.2246313038
0.2204435909
0.2162249517
0.2119724705
0.2076889455
0.1896755180
0.1716222699
0.1605579445
0.1495350024
0.1429393513
0.1363140529
0.1296576859
0.1244865435
0.1192873130
0.1073299182
0.0953355625
0.0799831492
0.0645167806
0.0490958236
0.0348438164
0.0205660442
0.0062531621
-0.0158008421
-0.0379041915
-0.0599574013
-0.0714624852
-0.0689935747
-0.0528292465
-0.0256309861
0.0016058884
0.0288433129
0.0469552284
0.0515276795
0.0561737251
0.0607388894
0.0625796632
0.0644891460
0.0663224453
0.0681487171
0.0699754153
0.0707391518
0.0714250274
0.0662832518
0.0612094562
0.0561296302
0.0537668476
0.0513260592
0.0447979888
0.0506723815
0.0716946595
0.0926561759
0.0994268478
0.1061293602
0.1208649724
0.1356172461
0.1503953142
0.1528635786
0.1464867231
0.1284601850
0.0983076315
0.0682209973
0.0497568589
0.0463425320
0.0429361091
0.0274365122
0.0118506867
-0.0036571983
-0.0073660862
-0.0109883247
-0.0077874172
-0.0045702317
-0.0116236280
-0.0186652035
-0.0256998836
-0.0248520509
-0.0239852134
-0.0230978703
-0.0295301177
-0.0360224314
-0.0424248854
-0.0504021861
-0.0584423717
-0.0663904007
-0.0743248451
-0.0822419900
-0.0933231085
-0.1043880116
-0.1154415818
-0.1298056669
-0.1440866922
-0.1643285847
-0.1845699281
-0.2047977893
-0.2250231088
-0.2332793942
-0.2415247539
-0.2396759909
-0.2377161880
-0.2292960646
-0.2208312919
-0.2123295685
-0.2038569994
-0.2031393306
-0.2024614117
-0.2085593838
-0.2146295494
-0.2206697075
-0.2331906834
-0.2456859296
-0.2581615090
-0.2753758735
-0.2925800180
-0.3097564151
-0.3270636235
-0.3444264406
-0.3521636856
-0.3599401704
-0.3558890582
-0.3518616034
-0.3477211544
-0.3382338414
-0.3033417350
-0.2505337179
-0.2073694396
-0.1805528326
-0.1686404586
-0.1566795274
-0.1550260633
-0.1534037963
-0.1624120272
-0.1713057783
-0.1878125090
-0.2043633409
-0.2108273293
-0.2172537464
-0.2236431113
-0.2299938190
-0.2319190915
-0.2338013662
-0.2355663246
-0.2319916991
-0.2283665533
-0.2246947806
-0.2182463118
-0.2117495237
-0.2051981118
-0.1985961347
-0.1919397943
-0.1852328498
-0.1811229146
-0.1769590987
-0.1726668908
-0.1684055569
-0.1640162027
-0.1608670386
-0.1576652873
-0.1598556433
-0.1716211720
-0.1997674887
-0.2279817190
-0.2560936374
-0.2829122212
-0.3097045051
-0.3414081670
-0.3730895578
-0.3999971973
-0.4177234988
-0.4227979933
-0.4136767885
-0.4044271365
-0.3951934248
-0.3858316774
-0.3862569303
-0.3866301504
-0.3755393118
-0.3567505590
-0.3248089575
-0.2606152332
-0.1964098287
-0.1713477059
-0.1764117631
-0.1815234508
-0.1785678538
-0.1755690905
-0.1725279098
-0.1723107947
-0.1719832851
-0.1716893984
-0.1792946298
-0.1994336532
-0.2195463279
-0.2438870465
-0.2681287074
-0.2924417687
-0.3166554148
-0.3409389868
-0.3615699791
-0.3821246435
-0.3963706832
-0.4105187811
-0.4148875323
-0.4192183646
-0.4149740011
-0.4106097433
-0.3978898624
-0.3850355291
-0.3567100199
-0.3283795285
-0.2950089204
-0.2614804859
-0.2370513337
-0.2270867612
-0.2322146553
-0.2373197334
-0.2423974231
-0.2474528293
-0.2524826102
-0.2574906647
-0.2624741517
-0.2674370737
-0.2661717096
-0.2649547149
-0.2582624275
-0.2514607480
-0.2378960035
-0.2243632926
-0.2066354063
-0.1888603936
-0.1711263323
-0.1625777002
-0.1539262751
-0.1553840245
-0.1568211306
-0.1582421692
-0.1596441795
-0.1617111183
-0.1638374608
-0.1658735909
-0.1679696055
-0.1643785511
-0.1607676104
-0.1571377421
-0.1535662172
-0.1464965141
-0.1394826759
-0.1324476832
-0.1231260720
-0.1137050383
-0.1043424560
-0.0949583483
-0.0854816640
-0.0810538529
-0.0765402412
-0.0720884460
-0.0715609997
-0.0711032697
-0.0705638763
-0.0700194379
-0.0695462399
-0.0606688693
-0.0517817069
-0.0322099941
-0.0125455942
-0.0024667139
-0.0046371660
-0.0068811911
-0.0007360215
0.0054936131
0.0116480502
0.0123571867
0.0131487220
0.0138487069
0.0145538699
0.0095003192
0.0045125327
-0.0005699653
-0.0099681017
-0.0194661861
-0.0289768632
-0.0385121198
-0.0479857043
-0.0575607241
-0.0604170721
-0.0632905288
-0.0587617794
-0.0542404130
-0.0497273956
-0.0423459759
-0.0349719874
-0.0276038091
-0.0202437617
-0.0128904465
-0.0154559587
-0.0180430547
-0.0300300765
-0.0419752298
-0.0578042333
-0.0736757958
-0.0896502323
-0.1055888643
-0.1169506565
-0.1284211533
-0.1308339186
-0.1332810290
-0.1276467438
-0.1109815904
-0.0943294492
-0.0693469292
-0.0443708166
-0.0193070693
0.0056743311
0.0306665570
0.0557285170
0.0730798330
0.0904225385
0.1017754229
0.1131951955
0.1189267099
0.1247097174
0.1247285105
0.1247900922
0.1192979448
0.1138564042
0.1083739872
0.1027887528
0.0965599255
0.0902989357
0.0839242060
0.0775931251
0.0711476281
0.0647456742
0.0569416906
0.0491791847
0.0413001348
0.0334619215
0.0255073326
0.0224354640
0.0193282437
0.0161886889
0.0164212213
0.0166228223
0.0168701915
0.0170122515
0.0184854571
0.0200053087
0.0214208624
0.0228071390
0.0241637743
0.0255674789
0.0268659228
0.0281357361
0.0293749264
0.0249119178
0.0203345244
0.0157253104
0.0110780678
0.0063976695
0.0016793390
0.0056289173
0.0094771046
0.0133747326
0.0214845048
0.0296465967
0.0377138117
0.0478764339
0.0580987340
0.0682233592
0.0716728084
0.0750202308
0.0716068540
0.0681630163
0.0646841926
0.0607221152
0.0568016537
0.0527733712
0.0493178857
0.0458328860
0.0423138749
0.0387663598
0.0351873991
0.0315782394
0.0260450966
0.0204827691
0.0148859267
0.0093354162
0.0036734663
0.0028300156
0.0019540781
0.0078673127
0.0138358068
0.0232654944
0.0326849911
0.0420875155
0.0458039058
0.0494241286
0.0530270424
0.0519945562
0.0509391849
0.0498600559
0.0487584557
0.0475589185
0.0549656782
0.0622808041
0.0765487658
0.0908067944
0.1050657645
0.1199953070
0.1350036595
0.1500032785
0.1609965487
0.1719728651
0.1776604460
0.1833223996
0.1889823516
0.1946328458
0.1973178896
0.2000692464
0.2027287360
0.1977345783
0.1927933042
0.1790641774
0.1653730359
0.1516604744
0.1371548543
0.1226282258
0.1080689742
0.0934875232
0.0788734150
0.0673402892
0.0557792163
0.0442004666
0.0325942064
0.0227850318
0.0128775790
0.0029539788
-0.0069169650
-0.0112051994
-0.0155850416
-0.0109687058
-0.0064304254
0.0067275046
0.0198976284
0.0330698363
0.0462547920
0.0511963699
0.0562145234
0.0611564910
0.0613314039
0.0615021615
0.0616684332
0.0585777212
0.0554795665
0.0524510886
0.0493399648
0.0462992316
0.0431763570
0.0400488196
0.0392621143
0.0383965404
0.0375286945
0.0366596196
0.0366963876
0.0367325029
0.0367688676
0.0367295654
0.0367667412
0.0368042772
0.0368424803
0.0368066676
0.0368476499
0.0418074318
0.0467763162
0.0517508120
0.0568099079
0.0584718966
0.0601380019
0.0552264865
0.0503110716
0.0453960285
0.0363913035
0.0273834641
0.0183674118
0.0093486214
0.0003982295
-0.0098399605
-0.0200116861
-0.0301859686
-0.0403691673
-0.0505544333
-0.0607464849
-0.0709406290
-0.0748610326
-0.0787837208
-0.0827012743
-0.0811681168
-0.0796221825
-0.0696754151
-0.0597061874
-0.0497239948
-0.0406270277
-0.0315186814
-0.0286709773
-0.0257383349
-0.0228699780
-0.0230178750
-0.0231571261
-0.0233660415
-0.0234905356
-0.0236836095
-0.0237928032
-0.0185221946
-0.0131606455
-0.0078616530
-0.0024718723
0.0034602015
0.0094085198
0.0153697543
0.0213483091
0.0245402017
0.0278221641
0.0311142566
0.0344199777
0.0351648275
0.0359196674
0.0366078652
0.0373824478
0.0343832142
0.0313896899
0.0284785982
0.0194422361
0.0104835980
0.0015228702
-0.0074351729
-0.0164719425
-0.0254307843
-0.0343921656
-0.0382824492
-0.0421685566
-0.0460481868
-0.0499237152
-0.0495560171
-0.0491023873
-0.0487157244
-0.0425664606
-0.0363282463
-0.0301478962
-0.0238785273
-0.0176666270
-0.0113654163
-0.0051219439
0.0012095937
0.0009762836
0.0008270907
0.0006108644
-0.0065568129
-0.0138007079
-0.0209656720
-0.0285859809
-0.0362029858
-0.0438212425
-0.0469728966
-0.0501954974
-0.0533364462
-0.0539748731
-0.0546049764
-0.0553039666
-0.0559184332
-0.0565262696
-0.0571260134
-0.0564311342
-0.0557267980
-0.0550144418
-0.0542934538
-0.0497021185
-0.0451007568
-0.0404843958
-0.0358570487
-0.0315932064
-0.0272429777
-0.0229553631
-0.0220613802
-0.0211575312
-0.0202463957
-0.0207638697
-0.0212741884
-0.0217030185
-0.0221995629
-0.0226146997
-0.0230978369
-0.0234980838
-0.0239687665
-0.0188310098
-0.0136844766
-0.0084474400
-0.0013089444
0.0058469114
0.0130138899
0.0201980663
0.0236103510
0.0270345657
0.0304665902
0.0278559898
0.0252495948
0.0226463856
0.0154314821
0.0082883323
0.0011468601
-0.0059992632
-0.0075452195
-0.0090885179
-0.0053310451
-0.0016374188
0.0021390827
0.0058507963
0.0095719991
0.0133781862
0.0084161451
0.0034524530
-0.0075604191
-0.0185092603
-0.0295358637
-0.0404969569
-0.0515368369
-0.0569110793
-0.0623586900
-0.0677341246
-0.0678884901
-0.0679625249
-0.0680316712
-0.0633285142
-0.0586176067
-0.0538960990
-0.0491662087
-0.0421544262
-0.0351338419
-0.0280242741
-0.0209805646
-0.0138470612
-0.0067803834
0.0003004299
0.0017162048
0.0031365878
-0.0009596059
-0.0050595835
-0.0091569373
-0.0154522046
-0.0218228169
-0.0282000141
-0.0345020623
-0.0408846270
-0.0471928510
-0.0535824253
-0.0598978592
-0.0662940057
-0.0726910191
-0.0790193463
-0.0854240609
-0.0917588236
-0.0960514728
-0.1003479422
-0.1045692237
-0.1046301562
-0.1047643852
-0.1048202078
-0.1015444388
-0.0982610605
-0.0949734763
-0.0916777913
-0.0883777868
-0.0844653844
-0.0806229969
-0.0767734972
-0.0728426773
-0.0689793280
-0.0693489359
-0.0696403883
-0.0700058713
-0.0703688163
-0.0706554682
-0.0710161595
-0.0713746994
-0.0653749202
-0.0592930750
-0.0532754649
-0.0472536353
-0.0422044268
-0.0372260313
-0.0322395821
-0.0272474467
-0.0233823532
-0.0195883520
-0.0157118645
-0.0119074052
-0.0062799662
-0.0007228260
0.0057520263
0.0121564146
0.0177388507
0.0234021349
0.0289974571
0.0296056634
0.0302160177
0.0309026184
0.0256122134
0.0203947449
0.0151714885
0.0099443707
0.0046350680
-0.0006011634
-0.0058440456
-0.0110900504
-0.0163494620
-0.0216743949
-0.0289049028
-0.0362158962
-0.0434604934
-0.0507858090
-0.0581211540
-0.0599377808
-0.0618328003
-0.0636534814
-0.0627513214
-0.0617718225
-0.0607917260
-0.0598861471
-0.0589043207
-0.0579971568
-0.0570124380
-0.0561031086
-0.0487587512
-0.0414098820
-0.0340515094
-0.0267634825
-0.0221901677
-0.0176895654
-0.0131831088
-0.0134396206
-0.0137730400
-0.0141067861
-0.0144419266
-0.0147774753
-0.0083026612
-0.0018244185
0.0045874739
0.0165249950
0.0284034731
0.0403653114
0.0523422947
0.0642519444
0.0762499823
0.0800906840
0.0840070960
0.0878544300
0.0856428540
0.0834310282
0.0812186156
0.0762828713
0.0712577441
0.0662289858
0.0611926301
0.0561508972
0.0511012202
0.0460463720
0.0409836801
0.0359155700
0.0341686911
0.0323437864
0.0305147433
0.0287595339
0.0270748367
0.0254633055
0.0238482066
0.0222304851
0.0194739852
0.0167888729
0.0140229609
0.0113286978
0.0085538363
0.0101625304
0.0117720493
0.0133809208
0.0177903371
0.0222014998
0.0266921791
0.0311086099
0.0355285948
0.0399501787
0.0443760882
0.0436584754
0.0429374606
0.0422134344
0.0352058051
0.0281904714
0.0211632496
0.0141296722
0.0082182442
0.0023014334
-0.0036267340
-0.0077452886
-0.0118721179
-0.0160036739
-0.0201433358
-0.0242122515
-0.0283650795
-0.0319933917
-0.0355527652
-0.0391935241
-0.0428411854
-0.0421821989
-0.0415237461
-0.0407926437
-0.0401379434
-0.0397121525
-0.0392122280
-0.0387152370
-0.0382948728
-0.0394661915
-0.0406410346
-0.0417435915
-0.0429262912
-0.0441120742
-0.0453016271
-0.0464951068
-0.0476933124
-0.0488938362
-0.0469207816
-0.0450245704
-0.0430519973
-0.0370713309
-0.0310088782
-0.0250209662
-0.0134267205
-0.0017518135
0.0098620028
0.0220101408
0.0341724847
0.0463413522
0.0503506661
0.0544351276
0.0584478293
0.0608703291
0.0632949472
0.0657177609
0.0681420328
0.0704879703
0.0729117128
0.0720800481
0.0711698496
0.0702559645
0.0647953335
0.0592547250
0.0537023470
0.0482187051
0.0426498940
0.0370741891
0.0320169153
0.0269547083
0.0218062596
0.0167279334
0.0116385612
0.0041985051
-0.0031791766
-0.0106402179
-0.0180389852
-0.0214356033
-0.0247634896
-0.0217427691
-0.0187192041
-0.0097197978
-0.0007854370
0.0081514880
0.0182341944
0.0283968921
0.0384956363
0.0486743316
0.0561395740
0.0636837958
0.0712356259
0.0733433585
0.0754505094
0.0775579111
0.0760318224
0.0745783485
0.0730438735
0.0715818048
0.0700401910
0.0742439836
0.0784509058
0.0826590849
0.0884591252
0.0943370634
0.1002211617
0.1029287166
0.1056347177
0.1083467776
0.1071166111
0.1058914463
0.1046562456
0.0984276996
0.0921119945
0.0858646890
0.0740047008
0.0622116795
0.0503231579
0.0385008141
0.0267334894
0.0150331165
0.0032372448
-0.0045580707
-0.0123671440
-0.0202589334
-0.0232450122
-0.0262356296
-0.0292304149
-0.0322311070
-0.0325128394
-0.0327971271
-0.0330826684
-0.0333708993
-0.0338132351
-0.0342580691
-0.0347047195
-0.0351533814
-0.0364373763
-0.0377995452
-0.0391649990
-0.0404574867
-0.0418298448
-0.0432045668
-0.0417075993
-0.0402860338
-0.0388646249
-0.0316178466
-0.0243634154
-0.0171055943
-0.0079464623
0.0012169646
0.0103919267
0.0195718015
0.0250546566
0.0304638819
0.0359542702
0.0414477142
0.0441471457
0.0469219169
0.0496242523
0.0524021979
0.0551826010
0.0578881040
0.0606717218
0.0634553858
0.0661660340
0.0629769205
0.0597811084
0.0565061559
0.0504255815
0.0442635735
0.0381675654
0.0319899268
0.0317063725
0.0313452487
0.0310584547
0.0355361020
0.0400187255
0.0445047103
0.0489193455
0.0485697639
0.0482183558
0.0478658424
0.0453931161
0.0429927930
0.0405135877
0.0380302844
0.0381158965
0.0381264602
0.0381346418
0.0382182201
0.0382244118
0.0383069649
0.0383122336
0.0359721743
0.0335510674
0.0312041478
0.0287777131
0.0264237926
0.0240660978
0.0216304619
0.0192666355
0.0168242977
0.0144545961
0.0120819240
0.0137161188
0.0154268536
0.0170643614
0.0215014903
0.0258677032
0.0302371017
0.0342945140
0.0386669313
0.0431197490
0.0474952964
0.0518730364
0.0535253955
0.0551760369
0.0568978287
0.0585415926
0.0601795460
0.0618145621
0.0634452410
0.0651459249
0.0611784855
0.0572057757
0.0533065312
0.0493271942
0.0441402747
0.0390260674
0.0338381383
0.0287250107
0.0262493944
0.0237739172
0.0212257349
0.0187539504
0.0195901270
0.0203499113
0.0211843085
0.0220171171
0.0227741325
0.0236041895
0.0243575396
0.0191982420
0.0140484065
0.0089056004
0.0037749430
-0.0014208393
-0.0065290483
-0.0116995844
-0.0136543612
-0.0156029614
-0.0176162384
-0.0170234808
-0.0163535145
-0.0157548490
-0.0151530325
-0.0112945895
-0.0074441458
-0.0035993473
0.0040684381
0.0117931654
0.0194178773
0.0270952110
0.0349645428
0.0428087775
0.0506216884
0.0549654887
0.0593604257
0.0589161487
0.0585409796
0.0518968670
0.0452752840
0.0386742798
0.0299226671
0.0212008696
0.0125172962
0.0077715269
0.0030482310
-0.0017273764
-0.0031664696
-0.0046700513
-0.0060907595
-0.0075751634
-0.0089771339
-0.0104407523
-0.0118941950
-0.0110575362
-0.0102930411
-0.0094577199
-0.0086945276
-0.0079331764
-0.0071016923
-0.0100803991
-0.0131089466
-0.0160464481
-0.0209256932
-0.0257039366
-0.0305147636
-0.0352229452
-0.0360633443
-0.0368917973
-0.0377064466
-0.0354612338
-0.0331545091
-0.0309242982
-0.0286342156
-0.0264211526
-0.0242172662
-0.0219544034
-0.0197702046
-0.0175272941
-0.0128484222
-0.0081970481
-0.0035783414
0.0010104617
0.0049596379
0.0088804914
0.0127046668
0.0124142406
0.0120592964
0.0117076184
0.0113597100
0.0111484141
0.0109390686
0.0107325344
0.0105287092
0.0114447455
0.0123532128
0.0132554482
0.0141491415
0.0150361945
0.0159143770
0.0167850631
0.0177117117
0.0185660418
0.0188322654
0.0190323870
0.0192934514
0.0219736178
0.0246254397
0.0271880739
0.0297847887
0.0323539702
0.0348931386
0.0373412395
0.0398215862
0.0414000431
0.0429562186
0.0444914440
0.0460043508
0.0474947806
0.0489007178
0.0474690418
0.0460469934
0.0445727007
0.0431698773
0.0407483118
0.0383495859
0.0359715817
0.0336777287
0.0313449785
0.0290371765
0.0267515995
0.0244911359
0.0222541894
0.0200424457
0.0151636310
0.0103458031
0.0055858520
0.0008885907
-0.0037489862
-0.0083222883
-0.0081353988
-0.0079463658
-0.0077564533
-0.0064315414
-0.0051195473
-0.0037666322
-0.0024838734
-0.0026124500
-0.0026810286
-0.0028007777
-0.0029154309
-0.0055004171
-0.0080455139
-0.0106043136
-0.0130672697
-0.0154876037
-0.0178138523
-0.0200971045
-0.0223402512
-0.0209699946
-0.0195594096
-0.0182145447
-0.0135654152
-0.0090342240
-0.0045138451
0.0001465987
0.0047396230
0.0092600487
0.0137117916
0.0166087666
0.0194587103
0.0222599815
0.0250134096
0.0277173889
0.0303728096
0.0329777028
0.0355344408
0.0379902398
0.0368147473
0.0356523589
0.0345029209
0.0321083161
0.0297485511
0.0274259222
0.0277624379
0.0280874250
0.0284013119
0.0296903553
0.0309503238
0.0321800121
0.0333339722
0.0345035684
0.0339464325
0.0333460351
0.0327939296
0.0322443123
0.0305734583
0.0288838579
0.0272629730
0.0256680250
0.0240532709
0.0225093262
0.0209902510
0.0194967081
0.0179852987
0.0165437948
0.0159370344
0.0152968875
0.0147082368
0.0140871488
0.0145998394
0.0150564757
0.0154997297
0.0159295682
0.0163454438
0.0148475215
0.0134176233
0.0119764481
0.0105640851
0.0091812530
0.0079451553
0.0067361728
0.0055534047
0.0043593229
0.0021192430
-0.0000283967
-0.0021620186
-0.0042422434
-0.0062686333
-0.0082031270
-0.0082396676
-0.0082312230
-0.0082164421
-0.0081935508
-0.0063702865
-0.0045885224
-0.0028468016
-0.0001998811
0.0023802761
0.0048564795
0.0073003485
0.0096738584
0.0119792120
0.0125409285
0.0130486126
0.0135691546
0.0140690299
0.0145474885
0.0149734670
0.0149976184
0.0149826628
0.0149604375
0.0149622347
0.0149251742
0.0142142364
0.0135188352
0.0128387411
0.0121742661
0.0115251830
0.0108915148
0.0120727483
0.0132334771
0.0143454035
0.0154081455
0.0166413717
0.0177906268
0.0189115028
0.0199754097
0.0199382599
0.0198854219
0.0198170746
0.0186235075
0.0174332050
0.0162736635
0.0141450229
0.0120877997
0.0101006572
0.0081835123
0.0062662777
0.0043988416
0.0026034740
0.0008809310
-0.0007486231
-0.0017877084
-0.0027804630
-0.0037269631
-0.0046279590
-0.0054831750
-0.0063141676
-0.0067613468
-0.0071995306
-0.0076078627
-0.0079872224
-0.0083374831
-0.0086596678
-0.0083723900
-0.0080683691
-0.0077842418
-0.0074844189
-0.0072039109
-0.0065223751
-0.0058636896
-0.0052271379
-0.0046289819
-0.0040358257
-0.0034647903
-0.0025360351
-0.0016496485
-0.0008042957
-0.0000144825
0.0007501574
0.0013639675
0.0019455125
0.0024812102
0.0029995052
0.0034865883
0.0039307136
0.0043579028
0.0047560661
0.0048753311
0.0049936846
0.0050873361
0.0051801883
0.0047559843
0.0043624441
0.0039881764
0.0036221939
0.0032855325
0.0029172462
0.0025605164
0.0022342610
0.0019280494
0.0016322666
0.0017267954
0.0018145249
0.0018955165
0.0019699350
0.0019737201
0.0019837922
0.0019842317
0.0019832194
0.0016382368
0.0013178824
0.0010218066
0.0007488832
0.0004987665
0.0002705501
0.0004887384
0.0006993286
0.0008903148
0.0010740644
0.0011494407
0.0012202395
0.0012864783
0.0010955729
0.0009272689
0.0007706259
0.0006304063
0.0005103985
0.0004007664
0.0005391787
0.0006699750
0.0007935365
0.0010400191
0.0012710609
0.0014793534
0.0016698316
0.0018463802
0.0020026518
0.0020228738
0.0020398803
0.0020537860
0.0019915208
0.0019368670
0.0018837609
0.0018376959
0.0017929743
0.0017522579
0.0017176562
0.0016840961
0.0016539234
0.0016291208
0.0016718460
0.0017115227
0.0017461973
0.0017742444
0.0017996735
0.0018207047
0.0018359773
0.0018490014
0.0018582447
0.0018708723
0.0018805323
0.0018846463
0.0018861677
0.0018838995
0.0018769829
0.0018965746
0.0019090099
0.0019147317
0.0019142151
0.0019070170
0.0018954132
0.0018473816
0.0017996436
0.0017522532
0.0017046007
0.0016581548
0.0015954077
0.0015360185
0.0014798147
0.0014266509
0.0013763727
0.0013189700
0.0012655078
0.0012166029
0.0011715083
0.0011146361
0.0010639969
0.0010191161
0.0009794856
0.0009422777
0.0009099186
0.0008819565
0.0008579314
0.0008374280
0.0008200345
0.0008053754
0.0008002928
0.0007956667
0.0007910411
0.0007954924
0.0007974692
0.0007973682
0.0008010854
0.0008012868
0.0007982351
0.0007924109
0.0007840244
0.0007733507
0.0007584578
0.0007424832
0.0007255551
0.0007077913
0.0006886564
0.0006691257
0.0006492554
0.0006290966
0.0006086959
0.0005880960
0.0005673350
0.0005461886
0.0005250621
0.0005039672
0.0004828850
0.0004618285
0.0004409944
0.0004200776
0.0003991061
0.0003781031
0.0003570879
0.0003360759
0.0003150790
0.0002940378
0.0002730819
0.0002521923
0.0002313523
0.0002105477
0.0001897662
0.0001689982
0.0001482352
0.0001274707
0.0001066997
0.0000859185
0.0000651243
0.0000443158
0.0000234922
0.0000026531
