0.0614344777
0.0630879406
0.0647408392
0.0664003730
0.0680665672
0.0697087937
0.0713279187
0.0729467296
0.0745863569
0.0762978634
0.0780844955
0.0799021714
0.0816878847
0.0833332589
0.0849117163
0.0865117897
0.0881301547
0.0897063435
0.0913922183
0.0931859420
0.0949441151
0.0967414795
0.0983031708
0.0997547989
0.1010968115
0.1022212461
0.1033875318
0.1049322340
0.1070204737
0.1093896566
0.1113194970
0.1128987191
0.1144343661
0.1156734143
0.1164759738
0.1172607093
0.1189301321
0.1214900740
0.1246985884
0.1280644968
0.1307819285
0.1329967959
0.1344713641
0.1351748024
0.1358308776
0.1364970212
0.1369723058
0.1373749340
0.1376951263
0.1385249676
0.1409249182
0.1443673679
0.1471179095
0.1483517717
0.1488157380
0.1489604593
0.1489803890
0.1500523528
0.1516839825
0.1520749066
0.1515213500
0.1517251001
0.1515969093
0.1510886890
0.1524253036
0.1571405339
0.1638945892
0.1705424353
0.1744267996
0.1735867241
0.1709893154
0.1700935799
0.1713942969
0.1744534896
0.1768861404
0.1760384292
0.1713280165
0.1656852202
0.1628299497
0.1643505541
0.1690305995
0.1764427420
0.1837076190
0.1891627149
0.1915586383
0.1914217094
0.1884563507
0.1828810185
0.1760166103
0.1691386890
0.1637269177
0.1612439651
0.1614786873
0.1651389535
0.1729495599
0.1822146442
0.1873622279
0.1866171417
0.1824503714
0.1785712634
0.1767006877
0.1745123154
0.1716493373
0.1697216926
0.1694792177
0.1714565680
0.1741455224
0.1769654589
0.1788034968
0.1768065928
0.1702279706
0.1617110704
0.1536899824
0.1479700457
0.1476942572
0.1541695466
0.1658503893
0.1768730043
0.1835951265
0.1865394021
0.1830727330
0.1733172446
0.1629269321
0.1547688544
0.1487106350
0.1433317191
0.1407218357
0.1432334480
0.1492288014
0.1551678995
0.1587040606
0.1591320839
0.1551113810
0.1475259881
0.1383095479
0.1305673344
0.1278861345
0.1308677429
0.1374051203
0.1442611124
0.1498626584
0.1537135990
0.1548851697
0.1516085728
0.1448465644
0.1395788296
0.1365701700
0.1332117817
0.1304282631
0.1306519214
0.1327279184
0.1335631056
0.1294652756
0.1206204205
0.1089204545
0.0982634503
0.0920060643
0.0911463820
0.0924913712
0.0937716704
0.0952917646
0.0963088598
0.0956335129
0.0920666721
0.0873407325
0.0833467705
0.0788647559
0.0741500150
0.0710072395
0.0713718361
0.0756829938
0.0822689461
0.0878734749
0.0896190802
0.0869912758
0.0809965133
0.0736871018
0.0652856949
0.0560323763
0.0450696484
0.0329926827
0.0197525088
0.0064409687
-0.0042014604
-0.0106309859
-0.0118343985
-0.0077622621
-0.0026947842
0.0005438269
0.0024100698
0.0023512840
0.0009888735
0.0001681134
-0.0008222532
-0.0022106372
-0.0053929372
-0.0110401886
-0.0171680584
-0.0223395913
-0.0250134461
-0.0264155844
-0.0308629699
-0.0404328907
-0.0534053714
-0.0677693960
-0.0783902354
-0.0797008539
-0.0702097497
-0.0541211559
-0.0377989426
-0.0255147651
-0.0224831545
-0.0286905013
-0.0444125107
-0.0721562149
-0.1041735973
-0.1344371363
-0.1584056152
-0.1695901300
-0.1678839937
-0.1541981002
-0.1350180860
-0.1187443477
-0.1105022903
-0.1136186336
-0.1298937291
-0.1561467801
-0.1830045515
-0.2017904503
-0.2103119009
-0.2094146025
-0.1989059166
-0.1775455537
-0.1592586758
-0.1534955652
-0.1548343028
-0.1624284307
-0.1772183510
-0.1953451829
-0.2101771562
-0.2181557546
-0.2225834386
-0.2285829216
-0.2374110276
-0.2491301154
-0.2643735768
-0.2820129380
-0.2974892849
-0.3044880321
-0.3001755374
-0.2852286730
-0.2678716073
-0.2550344620
-0.2485387942
-0.2438964274
-0.2400236773
-0.2389852265
-0.2418721083
-0.2524180728
-0.2721694429
-0.2937025208
-0.3093849227
-0.3155502743
-0.3120661356
-0.3054386160
-0.3042880792
-0.3109786806
-0.3197698841
-0.3237429275
-0.3194178787
-0.3103612867
-0.3040249553
-0.3082146864
-0.3223068296
-0.3428414623
-0.3652408921
-0.3868254864
-0.4060980775
-0.4180694904
-0.4222484488
-0.4197666751
-0.4086109818
-0.3810731010
-0.3463087117
-0.3171573706
-0.3022117493
-0.2996791296
-0.3058236815
-0.3181073198
-0.3365389086
-0.3589255239
-0.3808062550
-0.3965758957
-0.4032251149
-0.4023580952
-0.3941507744
-0.3822361579
-0.3728930305
-0.3680995338
-0.3683102932
-0.3711910431
-0.3745913305
-0.3794319963
-0.3863991215
-0.3949267257
-0.4020683286
-0.4070127108
-0.4109818984
-0.4163493762
-0.4239874281
-0.4318796312
-0.4367063168
-0.4367881257
-0.4325796637
-0.4216120946
-0.4038940893
-0.3843660296
-0.3697341859
-0.3625963521
-0.3627253525
-0.3681974295
-0.3752672811
-0.3832771819
-0.3919257381
-0.3969772797
-0.3946106002
-0.3833229759
-0.3657077393
-0.3487094064
-0.3384756878
-0.3353287348
-0.3361489401
-0.3359597604
-0.3316263938
-0.3231257838
-0.3120087845
-0.3023769143
-0.2972225525
-0.2980581849
-0.3071210554
-0.3210661001
-0.3317076212
-0.3344260016
-0.3283365660
-0.3104999499
-0.2845305078
-0.2631485165
-0.2494184007
-0.2430127133
-0.2447588766
-0.2503380272
-0.2538503068
-0.2542267261
-0.2507095320
-0.2444692472
-0.2378615844
-0.2319110042
-0.2273125944
-0.2261702650
-0.2294999444
-0.2366249611
-0.2448352268
-0.2504141272
-0.2529444813
-0.2534910795
-0.2523223926
-0.2514714028
-0.2519131473
-0.2519918262
-0.2484385633
-0.2414614812
-0.2322212095
-0.2221131056
-0.2132954674
-0.2078680337
-0.2066433641
-0.2102732263
-0.2155752258
-0.2177552389
-0.2129845059
-0.1955077533
-0.1603320237
-0.1142045936
-0.0771606530
-0.0552779078
-0.0429977114
-0.0381800963
-0.0391549525
-0.0436087365
-0.0465959867
-0.0405608318
-0.0241734285
-0.0039624243
0.0126368810
0.0257878754
0.0384552498
0.0503785438
0.0621246888
0.0775928619
0.1010339746
0.1345808146
0.1742033715
0.2042800498
0.2106444184
0.1719302547
0.0851314483
0.0282551347
0.0142919965
0.0145431018
0.0178640381
0.0270684112
0.0483981694
0.0747423234
0.0938150391
0.1014931975
0.1010237021
0.0979535808
0.0943064712
0.0913871567
0.0889857309
0.0934524855
0.1489233447
0.2376216795
0.2937009507
0.3247181001
0.3489716824
0.3590384241
0.3455055946
0.3010926790
0.2285059938
0.1504072159
0.1127091245
0.1188647516
0.1484981167
0.1853540151
0.2097876902
0.1971797364
0.1530920494
0.1165119753
0.1035875747
0.0989182994
0.0999306422
0.1137907211
0.1349467017
0.1561754582
0.1687597672
0.1731992044
0.1771070250
0.1909881172
0.2160684095
0.2419039717
0.2553377296
0.2587534888
0.2623413754
0.2690057892
0.2786381740
0.2975176805
0.3271900061
0.3452672366
0.3528599274
0.3730687034
0.4047402341
0.4320037749
0.4544573823
0.4705219790
0.4865960149
0.5233843912
0.5476458934
0.5783515445
0.6138726939
0.5990782676
0.6178651775
0.6025906069
0.5270877440
0.5514100431
0.5887912237
0.6067270359
0.6062935223
0.6071762306
0.6622713708
0.6335250778
0.5240221363
0.4569553871
0.4395469240
0.4367406054
0.4396799234
0.4556601926
0.4799934308
0.4966860742
0.4923676618
0.4682524899
0.4351713554
0.4023058333
0.3741083922
0.3487729582
0.3173047351
0.2615385777
0.1455925517
0.0159656989
-0.0214263772
0.0094835732
0.0176856097
-0.0032048450
-0.0138417633
0.0075989219
0.0449227123
0.0841659678
0.1179723918
0.1398796943
0.1522764534
0.1508879587
0.1279755318
0.0975266675
0.0924834631
0.1378693690
0.1875920100
0.2223777928
0.2467076208
0.2694881894
0.2919823034
0.2916958795
0.2905460736
0.3049227630
0.3209599821
0.3423232153
0.3697768734
0.4032626166
0.4316690065
0.4503633883
0.4642311653
0.4713810972
0.4647755629
0.4413589015
0.4043005803
0.3575178328
0.3118267564
0.2776881112
0.2510815988
0.2283552822
0.2081393743
0.1878909423
0.1690526769
0.1524123480
0.1402454187
0.1356950864
0.1284702881
0.1178451150
0.1200598529
0.1336060008
0.1539684774
0.1776462320
0.1959913465
0.2008228345
0.1863492205
0.1627385757
0.1334208527
0.0987743455
0.0606431443
0.0193916248
-0.0231412436
-0.0670311689
-0.1108897975
-0.1526699245
-0.1907240334
-0.2239023176
-0.2440579697
-0.2499432271
-0.2462792924
-0.2361597362
-0.2224093044
-0.2078951403
-0.1954092427
-0.1851243308
-0.1733489001
-0.1508635803
-0.1108005446
-0.0610699188
-0.0126070447
0.0282366096
0.0623740165
0.0852215153
0.0934256222
0.0875857077
0.0652053509
0.0206444751
-0.0409626844
-0.1051075541
-0.1577720448
-0.1949698526
-0.2235956585
-0.2420002681
-0.2401167383
-0.2075479781
-0.1590075074
-0.1054858865
-0.0482719044
-0.0005795893
0.0357710645
0.0651020194
0.0833569020
0.0859394234
0.0670428289
0.0178655388
-0.0444857861
-0.0904030578
-0.1132275263
-0.1279942326
-0.1371126010
-0.1382482419
-0.1301066811
-0.1118046642
-0.0886238063
-0.0659816111
-0.0480300378
-0.0349656650
-0.0219638378
-0.0061580785
0.0122324952
0.0333703147
0.0562316800
0.0751244956
0.0832567235
0.0806673532
0.0713395050
0.0603139209
0.0523677956
0.0465375762
0.0381105552
0.0262102572
0.0167458318
0.0091484673
0.0016051312
-0.0030276922
-0.0025002282
-0.0009033418
0.0015233640
0.0083793222
0.0215015811
0.0444661465
0.0725642641
0.0958437950
0.1116663297
0.1226493027
0.1344169017
0.1527377771
0.1699907210
0.1827871152
0.1975710606
0.2162418694
0.2386680130
0.2603202454
0.2826722611
0.3064452843
0.3278032003
0.3284654736
0.3005230671
0.2785378043
0.3002643061
0.3443141110
0.3561854681
0.3289320312
0.3281714536
0.3655598209
0.4101123260
0.3913000616
0.3233785650
0.2830852491
0.2795481964
0.2751780298
0.2557771548
0.2345237679
0.2259773504
0.2279415652
0.2207771549
0.2066716316
0.1891487809
0.1667470440
0.1414037549
0.1249012469
0.1100799135
0.0840065086
0.0528064958
0.0259002523
0.0015234088
-0.0198826058
-0.0345658948
-0.0419154100
-0.0429468920
-0.0436915732
-0.0479819081
-0.0531884629
-0.0557286923
-0.0509935355
-0.0280728644
0.0216568960
0.0732932590
0.1087821883
0.1363300121
0.1552724440
0.1590656593
0.1471665596
0.1156510261
0.0562522485
-0.0140570980
-0.0618101593
-0.0821148598
-0.0809747906
-0.0560572238
-0.0009929320
0.0599138632
0.1087051024
0.1453835140
0.1650672811
0.1669461154
0.1613676445
0.1516921430
0.1303456112
0.1031350694
0.0806936556
0.0659546506
0.0580505847
0.0549636044
0.0518184567
0.0440604795
0.0319995182
0.0121181012
-0.0177535429
-0.0500339789
-0.0776008075
-0.0942791840
-0.0999951740
-0.1009111057
-0.0970401857
-0.0838339081
-0.0638896167
-0.0455942581
-0.0350730961
-0.0276619439
-0.0186119411
-0.0094155596
-0.0022365961
0.0018728957
0.0050390991
0.0199127075
0.0414720309
0.0631859473
0.1135915044
0.1802376389
0.2215835667
0.2321741085
0.2308276478
0.2167448736
0.1924759888
0.1621854438
0.1311836012
0.1009567501
0.0713638191
0.0456468585
0.0268814355
0.0145406568
0.0097364347
0.0133695250
0.0210556811
0.0368306540
0.0606073374
0.0741898659
0.0635175539
0.0154695243
-0.0650113792
-0.1426780972
-0.2135274464
-0.2638254083
-0.2851530216
-0.2931357658
-0.2957835802
-0.2947286115
-0.2916079173
-0.2872282780
-0.2793520940
-0.2647743518
-0.2412474556
-0.2115558341
-0.1797227836
-0.1488900738
-0.1212226320
-0.1006594695
-0.0883086663
-0.0821289545
-0.0797902872
-0.0798165010
-0.0817741446
-0.0868419287
-0.0950225127
-0.1047235113
-0.1172081778
-0.1316101785
-0.1462760489
-0.1622485866
-0.1741946986
-0.1800331142
-0.1791801312
-0.1688146992
-0.1453496604
-0.1144804716
-0.0881828393
-0.0708016428
-0.0582389540
-0.0496369363
-0.0460526019
-0.0462920443
-0.0484926092
-0.0512686922
-0.0536402851
-0.0535122641
-0.0501214810
-0.0446004386
-0.0375803968
-0.0334236942
-0.0347536749
-0.0434938551
-0.0595357940
-0.0798191232
-0.1012773353
-0.1222004072
-0.1413517885
-0.1600273693
-0.1797963366
-0.2007273885
-0.2234164925
-0.2479431384
-0.2748677258
-0.3008645693
-0.3292673251
-0.3568060070
-0.3748684159
-0.3837697276
-0.3853841530
-0.3800245312
-0.3681391488
-0.3613546264
-0.3640446518
-0.3743938300
-0.3899511020
-0.4077994115
-0.4230220752
-0.4333504515
-0.4352312636
-0.4277617545
-0.4137635261
-0.3997864728
-0.3906563071
-0.3853710628
-0.3846106049
-0.3859822290
-0.3892778541
-0.3932798081
-0.3978073411
-0.4041642008
-0.4138986058
-0.4253427842
-0.4366035087
-0.4508089726
-0.4780518140
-0.5117557114
-0.5345346263
-0.5434671029
-0.5493933056
-0.5577475002
-0.5660619737
-0.5717759384
-0.5707158787
-0.5648547353
-0.5487775461
-0.5317448628
-0.5273795520
-0.5381093118
-0.5491550881
-0.5583408868
-0.5669888866
-0.5670287461
-0.5687759359
-0.5932341195
-0.6179486983
-0.6245377930
-0.6311977207
-0.6429439826
-0.6610031772
-0.6663470068
-0.6800532941
-0.6980172493
-0.6957306162
-0.7029739675
-0.7249606748
-0.5981185959
-0.4450066497
-0.4256867249
-0.4528109580
-0.4668770846
-0.4792326421
-0.4725452285
-0.4353988018
-0.3553953309
-0.2496666754
-0.1473573606
-0.0640038858
-0.0065844300
0.0274862464
0.0462239381
0.0562182516
0.0620313645
0.0648502872
0.0657136546
0.0654877979
0.0642388590
0.0601684263
0.0514443180
0.0366121879
0.0139785597
-0.0166449539
-0.0486577936
-0.0768061488
-0.0927787769
-0.0972999341
-0.0940367199
-0.0813922945
-0.0600520259
-0.0319344291
-0.0076464614
0.0098389538
0.0225887723
0.0325981910
0.0427496938
0.0550366446
0.0696532452
0.0872049738
0.1067247365
0.1270403885
0.1468204220
0.1641343619
0.1783762596
0.1880702251
0.1941130506
0.1968723697
0.1984968742
0.1980123458
0.1944540744
0.1886767831
0.1813067716
0.1736823381
0.1698486988
0.1722662719
0.1797179425
0.1960391822
0.2211145703
0.2469417262
0.2679575113
0.2762178552
0.2738504560
0.2673382550
0.2598935747
0.2547530787
0.2516396108
0.2478645508
0.2409943484
0.2300118298
0.2142466282
0.1959179781
0.1760695713
0.1561413448
0.1375471703
0.1190271083
0.0973249619
0.0714508796
0.0414966494
0.0087966661
-0.0215020110
-0.0465596939
-0.0664422305
-0.0803973834
-0.0879619632
-0.0904862633
-0.0923968679
-0.0997958429
-0.1110558541
-0.1233599159
-0.1354164192
-0.1456812174
-0.1542309917
-0.1625871492
-0.1698312624
-0.1784952679
-0.1920374096
-0.2096389202
-0.2292490580
-0.2462481864
-0.2578778940
-0.2634391555
-0.2635171275
-0.2555243273
-0.2432995745
-0.2329910384
-0.2274016111
-0.2281974289
-0.2325038268
-0.2352602191
-0.2313113835
-0.2210975543
-0.2067726929
-0.1883213862
-0.1630179447
-0.1338254259
-0.1080284320
-0.0890786062
-0.0805749347
-0.0825955258
-0.0888390920
-0.0948116753
-0.0995898647
-0.1004341016
-0.0940631401
-0.0824508028
-0.0673453688
-0.0480757097
-0.0229486263
0.0057464538
0.0331235053
0.0558439240
0.0709650468
0.0807213980
0.0880226430
0.0948888001
0.1019197531
0.1092249713
0.1166906637
0.1232832505
0.1299724305
0.1377888831
0.1494294841
0.1654857747
0.1815540500
0.1950806168
0.2066157522
0.2168305703
0.2250752871
0.2299604356
0.2314171016
0.2283042789
0.2207126196
0.2101266896
0.1977728948
0.1843301454
0.1673011058
0.1406696219
0.1081421033
0.0762196982
0.0467520459
0.0254084386
0.0133648230
0.0043731338
-0.0041475076
-0.0129674517
-0.0227375182
-0.0326629045
-0.0412164542
-0.0457973391
-0.0453613672
-0.0409284860
-0.0356011489
-0.0312551883
-0.0306379148
-0.0342805782
-0.0419017647
-0.0540948575
-0.0682954049
-0.0823964549
-0.0953151850
-0.1039822019
-0.1043564551
-0.0935657047
-0.0698481890
-0.0401147057
-0.0119517480
0.0127095805
0.0278459666
0.0333100824
0.0335511673
0.0300069222
0.0261679830
0.0276967378
0.0364208399
0.0514232251
0.0723656862
0.0969481240
0.1203918991
0.1420884930
0.1637245165
0.1837934569
0.2036065774
0.2223409684
0.2403403047
0.2594974063
0.2796008117
0.2979096342
0.3132510675
0.3224613202
0.3225707117
0.3147958362
0.3065630974
0.3050326231
0.3107866824
0.3205663740
0.3332628872
0.3491254341
0.3660254595
0.3802502723
0.3885523720
0.3897500000
0.3854548938
0.3807956188
0.3774701303
0.3758063900
0.3757200056
0.3778854637
0.3823012995
0.3867787771
0.3891177056
0.3889195418
0.3858694475
0.3801348216
0.3732016974
0.3669938159
0.3601987879
0.3513998819
0.3426355722
0.3331573582
0.3222743931
0.3096333929
0.2950709357
0.2793170166
0.2635231870
0.2502384079
0.2423386155
0.2440728775
0.2579573210
0.2771333657
0.2936330378
0.3019868191
0.2998794728
0.2896416771
0.2729930825
0.2537717750
0.2395218032
0.2350917671
0.2407125919
0.2531015430
0.2670120491
0.2791033711
0.2862492669
0.2880451092
0.2854952712
0.2810692684
0.2755203771
0.2727864112
0.2728376657
0.2739466538
0.2757088836
0.2777930954
0.2805384855
0.2850841890
0.2939898705
0.3075955968
0.3230053880
0.3400003888
0.3579557288
0.3736796758
0.3857095680
0.3921918294
0.3942475398
0.3923225472
0.3881808177
0.3851308408
0.3833258643
0.3823494534
0.3825733059
0.3823421279
0.3806557579
0.3771442844
0.3720389268
0.3666348513
0.3615031320
0.3572955187
0.3543163582
0.3505600106
0.3442920507
0.3345516764
0.3216197419
0.3047477711
0.2829858847
0.2576613063
0.2310665565
0.2041519133
0.1784350599
0.1561278075
0.1376348405
0.1219272783
0.1070137184
0.0913561881
0.0741826996
0.0552355463
0.0346949823
0.0117538335
-0.0133628034
-0.0387607034
-0.0633566893
-0.0856328468
-0.1042801212
-0.1212567553
-0.1381695704
-0.1535038899
-0.1670524852
-0.1795012303
-0.1905772288
-0.1995015109
-0.2052326747
-0.2096293164
-0.2131499012
-0.2155072402
-0.2193372685
-0.2258104609
-0.2326537141
-0.2403628354
-0.2505210430
-0.2627369320
-0.2737854591
-0.2814539042
-0.2864327053
-0.2883488912
-0.2872469725
-0.2837067947
-0.2787611727
-0.2737621394
-0.2678207214
-0.2598230157
-0.2487159026
-0.2332381896
-0.2135145541
-0.1915819946
-0.1705458511
-0.1508358899
-0.1324459444
-0.1159298769
-0.1026969204
-0.0914467312
-0.0802509180
-0.0700509188
-0.0610436674
-0.0528661103
-0.0472857899
-0.0451676846
-0.0446342883
-0.0442823416
-0.0433138818
-0.0410257230
-0.0370734999
-0.0300837148
-0.0207250677
-0.0099343210
0.0017332968
0.0141122922
0.0268907241
0.0385621622
0.0480671090
0.0559408444
0.0609583861
0.0617292663
0.0598587366
0.0565638756
0.0528626052
0.0504953817
0.0495936571
0.0504758466
0.0530754218
0.0583399958
0.0673313581
0.0779975883
0.0882416738
0.0965186417
0.1036706715
0.1094662797
0.1148046585
0.1215556703
0.1290911324
0.1349513533
0.1380625583
0.1388231884
0.1388568384
0.1394628183
0.1402642077
0.1421682634
0.1467287742
0.1547381100
0.1649995860
0.1775625437
0.1919161705
0.2034482337
0.2094885883
0.2109286511
0.2110459871
0.2112626153
0.2118818626
0.2142456523
0.2179581817
0.2229943105
0.2279708823
0.2308424616
0.2312990422
0.2288841038
0.2242056119
0.2195231832
0.2138526422
0.2068962462
0.1983411347
0.1888342281
0.1794471300
0.1713473297
0.1644474559
0.1570821962
0.1474321043
0.1355692508
0.1244139778
0.1143536636
0.1048309772
0.0955683721
0.0878060740
0.0823884235
0.0779375800
0.0747087709
0.0739017600
0.0758268659
0.0787879402
0.0812748599
0.0829345609
0.0832881538
0.0837942664
0.0830645543
0.0809020827
0.0766954111
0.0701848104
0.0635071395
0.0571087522
0.0520151488
0.0492363907
0.0483681959
0.0485485959
0.0485495307
0.0466064830
0.0426193376
0.0383698846
0.0350723224
0.0319863280
0.0286000606
0.0266081743
0.0239050975
0.0206028193
0.0164864235
0.0081360287
-0.0057093910
-0.0211951830
-0.0341944193
-0.0422867993
-0.0443326755
-0.0428248519
-0.0403880751
-0.0381015953
-0.0370396500
-0.0370538437
-0.0399837404
-0.0458823667
-0.0540283208
-0.0622865452
-0.0712490056
-0.0816873007
-0.0923556797
-0.1012649499
-0.1074749253
-0.1114422779
-0.1140965262
-0.1166764345
-0.1209920815
-0.1275463089
-0.1353542062
-0.1446026456
-0.1551338480
-0.1656009640
-0.1759894980
-0.1853869860
-0.1916579925
-0.1947622120
-0.1951687448
-0.1949032000
-0.1958304922
-0.2004766124
-0.2088099732
-0.2176881874
-0.2253736613
-0.2320682880
-0.2371279379
-0.2409596077
-0.2422324448
-0.2399279104
-0.2327139826
-0.2224960737
-0.2135138729
-0.2089129123
-0.2087358390
-0.2111463388
-0.2153247012
-0.2214415046
-0.2282003665
-0.2328275072
-0.2335393736
-0.2309043829
-0.2262828689
-0.2213137081
-0.2175797504
-0.2165353170
-0.2176952678
-0.2214518073
-0.2280333753
-0.2352927894
-0.2422283605
-0.2494242138
-0.2554962224
-0.2594168737
-0.2601752802
-0.2575503292
-0.2518883318
-0.2447832568
-0.2365573640
-0.2278527482
-0.2197338371
-0.2121284060
-0.2049845039
-0.1978479010
-0.1914923535
-0.1867066081
-0.1841971138
-0.1836458596
-0.1844834526
-0.1846005410
-0.1829635929
-0.1801132274
-0.1771778758
-0.1758153567
-0.1765843650
-0.1790642042
-0.1821770847
-0.1836063490
-0.1826246907
-0.1789932820
-0.1729944586
-0.1659894605
-0.1598796798
-0.1547967462
-0.1514127221
-0.1487897191
-0.1464249461
-0.1435196464
-0.1396742525
-0.1356174670
-0.1322061548
-0.1300569865
-0.1278718043
-0.1251941688
-0.1219012458
-0.1180746251
-0.1146374555
-0.1116539124
-0.1085930318
-0.1056587241
-0.1035813400
-0.1027493269
-0.1016172827
-0.1009039693
-0.1012186247
-0.1037093003
-0.1065917832
-0.1078122563
-0.1064034638
-0.1006074843
-0.0924646434
-0.0847680986
-0.0794365496
-0.0760246943
-0.0730283149
-0.0709873046
-0.0685745519
-0.0651157735
-0.0613963528
-0.0597542606
-0.0596795484
-0.0608592422
-0.0630257633
-0.0641422471
-0.0629451783
-0.0608813578
-0.0579647737
-0.0554075911
-0.0520836714
-0.0478169179
-0.0451214365
-0.0432930228
-0.0424168514
-0.0439632615
-0.0474400642
-0.0512740883
-0.0549115065
-0.0574374668
-0.0574514715
-0.0545877637
-0.0493627713
-0.0440573162
-0.0395928223
-0.0362893536
-0.0330218803
-0.0297597002
-0.0272966376
-0.0271472800
-0.0287539038
-0.0296393081
-0.0302297214
-0.0316540154
-0.0332289140
-0.0338503207
-0.0322787352
-0.0297715878
-0.0288874489
-0.0285497574
-0.0281778082
-0.0298398838
-0.0332127618
-0.0364064675
-0.0402504308
-0.0437208331
-0.0443716924
-0.0423139820
-0.0378955365
-0.0309541538
-0.0238384896
-0.0192784296
-0.0167184734
-0.0159241621
-0.0169181157
-0.0203359165
-0.0250453737
-0.0297911020
-0.0337835565
-0.0362145851
-0.0367292604
-0.0340985073
-0.0283564244
-0.0212249977
-0.0134955969
-0.0069930064
-0.0024656528
-0.0001734860
-0.0010260107
-0.0038998883
-0.0073482843
-0.0108520936
-0.0135288162
-0.0161947100
-0.0192109073
-0.0235308760
-0.0288702865
-0.0339267016
-0.0382132453
-0.0407590675
-0.0417345395
-0.0416177165
-0.0417298577
-0.0424975880
-0.0444735076
-0.0458319370
-0.0447267105
-0.0428095134
-0.0395362826
-0.0356022148
-0.0323730233
-0.0306813975
-0.0317793256
-0.0346448578
-0.0377748762
-0.0401044393
-0.0423148728
-0.0431948226
-0.0425948264
-0.0407489884
-0.0395751611
-0.0393588436
-0.0405247126
-0.0421721450
-0.0435254344
-0.0437277248
-0.0424069325
-0.0397725589
-0.0364124418
-0.0337665312
-0.0316909809
-0.0304056506
-0.0286727537
-0.0260846938
-0.0239985027
-0.0212951744
-0.0182217468
-0.0162094373
-0.0159338129
-0.0162897610
-0.0175167098
-0.0186333254
-0.0191187701
-0.0198178073
-0.0186497911
-0.0151370890
-0.0111244898
-0.0072745339
-0.0032093207
-0.0001667322
0.0020770228
0.0037986482
0.0027225218
-0.0009357900
-0.0047599634
-0.0070357659
-0.0080910143
-0.0072259931
-0.0032556991
0.0026064286
0.0079463444
0.0111803896
0.0106775513
0.0053613998
-0.0041403573
-0.0136815781
-0.0204892126
-0.0246206294
-0.0270676870
-0.0283091541
-0.0278318973
-0.0254211554
-0.0209580365
-0.0154606729
-0.0109600900
-0.0069113893
-0.0043344211
-0.0045481646
-0.0064602374
-0.0090152147
-0.0117964704
-0.0135923997
-0.0142615106
-0.0134200070
-0.0110367462
-0.0070957441
-0.0019773397
0.0034879513
0.0083416045
0.0131144734
0.0178675261
0.0216735579
0.0249640507
0.0268894423
0.0281149498
0.0300085062
0.0326502724
0.0348871561
0.0368757946
0.0393953998
0.0414698531
0.0423228627
0.0417279688
0.0411935777
0.0414340824
0.0415351947
0.0401137674
0.0377351928
0.0354252163
0.0332738236
0.0316737932
0.0315101835
0.0322543993
0.0333912234
0.0346389331
0.0363745462
0.0379653696
0.0381998588
0.0367338330
0.0336524259
0.0297281990
0.0253883755
0.0229048500
0.0230797845
0.0254815647
0.0310898328
0.0396273905
0.0483375499
0.0544232992
0.0568875991
0.0579465233
0.0576423640
0.0557598398
0.0528445314
0.0508105136
0.0502396614
0.0501424064
0.0501566743
0.0495153268
0.0485725483
0.0483639461
0.0489344907
0.0492757825
0.0481131936
0.0450958802
0.0416045810
0.0382308311
0.0345632642
0.0305778453
0.0267328955
0.0240139559
0.0237306437
0.0255409472
0.0280252107
0.0309423989
0.0340628264
0.0363370146
0.0387194339
0.0417195167
0.0459754144
0.0512972849
0.0579533765
0.0641409397
0.0700116633
0.0741998215
0.0760060016
0.0754251863
0.0727985931
0.0685415377
0.0639005485
0.0597268611
0.0566673719
0.0559681050
0.0586424377
0.0637810541
0.0700144631
0.0762396065
0.0814157699
0.0850435042
0.0875844730
0.0892053282
0.0902303172
0.0901057859
0.0881208086
0.0851435799
0.0818050105
0.0781094708
0.0739989231
0.0709163543
0.0689362739
0.0682755445
0.0684060295
0.0698421607
0.0716252560
0.0715967849
0.0691087418
0.0671817750
0.0669407514
0.0669463136
0.0666633806
0.0664146469
0.0667795946
0.0674458726
0.0664944426
0.0638043582
0.0606131929
0.0573676349
0.0537261293
0.0504068934
0.0474229694
0.0447591752
0.0434443533
0.0430882064
0.0419278657
0.0398973865
0.0382728353
0.0369819286
0.0351224745
0.0337053983
0.0333060148
0.0321463188
0.0294128072
0.0253769980
0.0219077734
0.0180484698
0.0150163227
0.0130961750
0.0109196123
0.0095680070
0.0092292380
0.0087306015
0.0084428095
0.0087151553
0.0092184975
0.0103166778
0.0119687576
0.0131564255
0.0151433788
0.0172598870
0.0196585372
0.0225395726
0.0250264347
0.0275942386
0.0306461985
0.0327773276
0.0344169543
0.0347641557
0.0334312928
0.0308075894
0.0280585969
0.0256656501
0.0240649376
0.0233588646
0.0232425637
0.0238918623
0.0253843970
0.0271665958
0.0289427310
0.0302342873
0.0298939674
0.0286863044
0.0276071051
0.0269543905
0.0268385068
0.0264837621
0.0263420000
0.0274037913
0.0292152222
0.0297346040
0.0290653723
0.0269491947
0.0242580540
0.0225852771
0.0221165205
0.0227385133
0.0252517570
0.0292647137
0.0335498834
0.0369307975
0.0396849401
0.0418224141
0.0422662390
0.0422586716
0.0426509162
0.0421684761
0.0408407290
0.0397128264
0.0388461513
0.0366987628
0.0347657783
0.0340260841
0.0336121980
0.0339213585
0.0349075666
0.0358313624
0.0360149819
0.0365310787
0.0372189921
0.0367579793
0.0358842361
0.0351023591
0.0335516037
0.0310663897
0.0284522726
0.0260333254
0.0243990598
0.0236921528
0.0233014804
0.0233173021
0.0228204656
0.0219330345
0.0205644542
0.0196066609
0.0189700923
0.0184425633
0.0191856521
0.0210639495
0.0222149887
0.0226378589
0.0228563875
0.0225501066
0.0211127101
0.0191714587
0.0182190889
0.0179115912
0.0181014802
0.0189766574
0.0197072976
0.0196863396
0.0191595671
0.0181718102
0.0170126142
0.0159228602
0.0144160822
0.0128173596
0.0113440378
0.0099826620
0.0083025950
0.0065057198
0.0052862187
0.0045227067
0.0039288591
0.0037136001
0.0035892991
0.0031197137
0.0026094845
0.0022590873
0.0018406135
0.0013123261
0.0007935162
0.0005378372
0.0006683018
0.0010201039
0.0014809197
0.0016770904
0.0018353549
0.0021574371
0.0022118864
0.0022253562
0.0024395471
0.0025629619
0.0026093204
0.0024646726
0.0021598853
0.0017582431
0.0013621444
0.0010932779
0.0009605470
0.0009033328
0.0007208297
0.0005100871
0.0003419043
0.0001365341
-0.0001410763
-0.0004473523
-0.0007422303
-0.0010234369
-0.0013233470
-0.0016223526
-0.0019279656
-0.0022599186
-0.0025794753
-0.0028449136
-0.0030811737
-0.0033086099
-0.0035342555
-0.0037592149
-0.0040143326
-0.0043056234
-0.0046160956
-0.0049144044
-0.0051889800
-0.0054460530
-0.0056855531
-0.0059112994
-0.0061420285
-0.0063731298
-0.0066069631
-0.0068450187
-0.0070812974
-0.0073161791
-0.0075512884
-0.0077840034
-0.0080129460
-0.0082382489
-0.0084617603
-0.0086827501
-0.0089008042
-0.0091166711
-0.0093295759
-0.0095393393
-0.0097457331
-0.0099489605
-0.0101492630
-0.0103468355
-0.0105418104
-0.0107342651
-0.0109242167
-0.0111116736
-0.0112966377
-0.0114791075
