0.0175913052
0.0180171516
0.0184399734
0.0188568043
0.0192713379
0.0196923931
0.0201195744
0.0205350095
0.0209294433
0.0213218069
0.0217117026
0.0220936770
0.0224824741
0.0228893645
0.0233490500
0.0238498188
0.0242886565
0.0246706507
0.0249806035
0.0252793749
0.0256405312
0.0260463876
0.0265951099
0.0272427689
0.0279565849
0.0285010156
0.0285972919
0.0287813061
0.0292480044
0.0296951993
0.0299835245
0.0302381210
0.0306414182
0.0310990199
0.0314142251
0.0314981019
0.0314404921
0.0318395681
0.0324913405
0.0329016421
0.0329444372
0.0329629014
0.0331848060
0.0335346752
0.0338645659
0.0341910462
0.0346098105
0.0358228795
0.0374207907
0.0388207562
0.0399670814
0.0411080434
0.0416667275
0.0414105808
0.0414360001
0.0406864225
0.0399653982
0.0398495378
0.0400699840
0.0399848769
0.0393426214
0.0387028987
0.0382884330
0.0383926630
0.0387046617
0.0388287790
0.0393936861
0.0415317487
0.0441700430
0.0452670587
0.0449072139
0.0438977629
0.0424667908
0.0405529636
0.0390575439
0.0379448877
0.0379422868
0.0398865107
0.0431688818
0.0449962702
0.0456089765
0.0465323308
0.0478819102
0.0492472170
0.0498842304
0.0501075669
0.0502775026
0.0497083241
0.0486509058
0.0461740249
0.0427644845
0.0402767035
0.0397372173
0.0397671563
0.0392209932
0.0384181070
0.0392085986
0.0408022602
0.0419125646
0.0428377380
0.0450277359
0.0488075009
0.0528849749
0.0556032669
0.0576729222
0.0609030333
0.0637921142
0.0632968476
0.0604009543
0.0562280156
0.0515065757
0.0482071811
0.0482304390
0.0508349577
0.0544623127
0.0582859024
0.0623798974
0.0650399294
0.0650318228
0.0635960269
0.0623382157
0.0617747738
0.0613401746
0.0599140145
0.0575784639
0.0543856304
0.0510569251
0.0487579371
0.0476738819
0.0486355825
0.0518198092
0.0543578258
0.0563597374
0.0596627483
0.0634838386
0.0659658673
0.0661668346
0.0644346135
0.0625064688
0.0614309890
0.0607810085
0.0609869255
0.0630701435
0.0662510782
0.0684907345
0.0691056008
0.0691422396
0.0681949423
0.0662239370
0.0641977745
0.0629423096
0.0630359054
0.0636609906
0.0647190523
0.0656718432
0.0656286994
0.0650823467
0.0658576664
0.0687138982
0.0696177603
0.0663836349
0.0628061723
0.0618157153
0.0615046281
0.0600185612
0.0578868906
0.0569494597
0.0603702376
0.0679169048
0.0755690388
0.0819286352
0.0877082006
0.0918547326
0.0927864907
0.0913977367
0.0892038411
0.0873313078
0.0858876595
0.0858128455
0.0880253653
0.0912506236
0.0926980597
0.0908395241
0.0855176654
0.0788666562
0.0736855978
0.0721462868
0.0716866951
0.0685001212
0.0637985569
0.0595282456
0.0549477779
0.0495085287
0.0457109386
0.0464643360
0.0530210627
0.0646407186
0.0772340138
0.0856826452
0.0889164258
0.0879272714
0.0848504805
0.0820182993
0.0801111494
0.0800821737
0.0820341504
0.0845087084
0.0869104102
0.0877827130
0.0868446032
0.0852607021
0.0821899204
0.0774907177
0.0717364313
0.0659653385
0.0605381611
0.0550788898
0.0496761297
0.0453261746
0.0428119851
0.0439407306
0.0485620392
0.0549473343
0.0610822680
0.0675189124
0.0755094725
0.0836693953
0.0887450818
0.0902699308
0.0882150527
0.0844709446
0.0813117099
0.0811741989
0.0854249309
0.0932252508
0.1046131737
0.1163909764
0.1238984085
0.1259643593
0.1230825847
0.1176812287
0.1123399391
0.1077278996
0.1035034739
0.1013823719
0.1038885658
0.1054793704
0.1000052057
0.0907466611
0.0829965529
0.0770984796
0.0764404298
0.0815652189
0.0877652720
0.0921628683
0.0906288267
0.0901518308
0.0957110601
0.1002830466
0.0986568599
0.0931573237
0.0874124441
0.0860100993
0.0901286669
0.0943014806
0.0939184864
0.0887632172
0.0829471140
0.0747545383
0.0648178295
0.0590848032
0.0614889238
0.0704651261
0.0825261622
0.0917862889
0.0966315475
0.0990369188
0.0989929436
0.0935886597
0.0793911996
0.0619939171
0.0498411648
0.0491126883
0.0589415379
0.0699000628
0.0791802329
0.0868394794
0.0884513843
0.0835248530
0.0785947062
0.0791836150
0.0848372682
0.0910526594
0.0943635537
0.0934482051
0.0871790118
0.0781323796
0.0713718089
0.0650234948
0.0603712823
0.0589168033
0.0606472634
0.0664705729
0.0739187372
0.0786256942
0.0787821546
0.0754140731
0.0714151443
0.0665445066
0.0590740011
0.0505392755
0.0417165152
0.0337612253
0.0272619056
0.0220691956
0.0202624499
0.0242305524
0.0334209335
0.0441026116
0.0525612100
0.0602112151
0.0668553231
0.0702026020
0.0686356650
0.0612508437
0.0494235071
0.0343963532
0.0191625473
0.0046593222
-0.0075962336
-0.0112113149
-0.0060591245
-0.0025181926
-0.0081264659
-0.0193580244
-0.0288345036
-0.0345246752
-0.0365967430
-0.0348186390
-0.0297118944
-0.0230983666
-0.0161488166
-0.0100753672
-0.0064811761
-0.0078275657
-0.0151871142
-0.0263210278
-0.0385297180
-0.0480852340
-0.0522216663
-0.0535155787
-0.0536540330
-0.0542761544
-0.0552398074
-0.0551193331
-0.0540184572
-0.0524983175
-0.0498494609
-0.0442134808
-0.0375377156
-0.0327423665
-0.0309803756
-0.0324622102
-0.0357288334
-0.0386279818
-0.0404554244
-0.0398921395
-0.0360463689
-0.0299020843
-0.0230153260
-0.0152637154
-0.0095810694
-0.0068526564
-0.0055121728
-0.0064482484
-0.0122159210
-0.0332203546
-0.0722833432
-0.1125369242
-0.1429778576
-0.1643235769
-0.1789261794
-0.1885004987
-0.1929592523
-0.1928929848
-0.1885721719
-0.1720580970
-0.1443065137
-0.1226084525
-0.1145432435
-0.1171766809
-0.1293972600
-0.1525439011
-0.1781065088
-0.2015927204
-0.2210691912
-0.2342742579
-0.2418061805
-0.2438794317
-0.2331017437
-0.1905166169
-0.1296434434
-0.0734073889
-0.0415956128
-0.0393996727
-0.0490677370
-0.0726916687
-0.1144227144
-0.1639230864
-0.2127438713
-0.2421026929
-0.2476113545
-0.2412004572
-0.2241926302
-0.2022320501
-0.1817329341
-0.1613864997
-0.1558504567
-0.1826382653
-0.2285558053
-0.2688806648
-0.2965766107
-0.3149450298
-0.3328011227
-0.3511950624
-0.3630334351
-0.3584304151
-0.3172295404
-0.2519827066
-0.2048766899
-0.1798518240
-0.1718639515
-0.1735590569
-0.1816738605
-0.1844693525
-0.1753538050
-0.1625038699
-0.1537944548
-0.1484286518
-0.1446855391
-0.1436319885
-0.1478699941
-0.1576903615
-0.1733395687
-0.1958085480
-0.2211754418
-0.2370454349
-0.2391050746
-0.2317622401
-0.2187043125
-0.2029678296
-0.1819388693
-0.1649752212
-0.1618218185
-0.1697053845
-0.1806785495
-0.1867296470
-0.1854860816
-0.1825696935
-0.1818244335
-0.1842244914
-0.1919680087
-0.2052189589
-0.2223158273
-0.2388603871
-0.2521814306
-0.2607586466
-0.2625621616
-0.2601482337
-0.2644610604
-0.2778647170
-0.2925760223
-0.3132381639
-0.3441675165
-0.3750081830
-0.4020677901
-0.4249910198
-0.4453262149
-0.4642859194
-0.4887652897
-0.5153561891
-0.5287473018
-0.5336794644
-0.5458230423
-0.5680742543
-0.5804383116
-0.5876752558
-0.6132385866
-0.6188720914
-0.6247201312
-0.6416102698
-0.6559581210
-0.6712426663
-0.6633589672
-0.6754492332
-0.6433177371
-0.4314690040
-0.1908531753
-0.0542762112
-0.0661026700
-0.0919944439
-0.0298895117
0.0300457140
0.0473567384
0.0464310899
0.0382121275
0.0407313741
0.0434240037
-0.0040745875
-0.0926747971
-0.1880518293
-0.2510592570
-0.2674640497
-0.2741394243
-0.2743700411
-0.2607619826
-0.2091204721
-0.1355310944
-0.1015497912
-0.1088929170
-0.1300138016
-0.1595188345
-0.1939402706
-0.2298367934
-0.2634362040
-0.2881663799
-0.3023401952
-0.3079678083
-0.3054814768
-0.2979364627
-0.2884944649
-0.2755788625
-0.2672690224
-0.2643663207
-0.2628296847
-0.2658421714
-0.2709268188
-0.2746465072
-0.2815027358
-0.2909749316
-0.3048191919
-0.3237591197
-0.3416742921
-0.3627679750
-0.3884371483
-0.4026267770
-0.4007742520
-0.3721198143
-0.3196248218
-0.2742409268
-0.2347941283
-0.2027027839
-0.1817708898
-0.1660960664
-0.1513490152
-0.1382520006
-0.1300668995
-0.1275792530
-0.1286485780
-0.1291548000
-0.1282604068
-0.1319389426
-0.1357154584
-0.1305869095
-0.1152042763
-0.0890971522
-0.0491923798
-0.0020064642
0.0401658056
0.0780583138
0.1094405762
0.1304546028
0.1409176647
0.1459917871
0.1464320237
0.1419433508
0.1412388330
0.1466959563
0.1470155948
0.1401424894
0.1297075457
0.1176768732
0.1053320479
0.0906480159
0.0759831240
0.0662503899
0.0646354551
0.0642731501
0.0569731403
0.0457039575
0.0360747644
0.0298315464
0.0288113141
0.0342503724
0.0385661905
0.0388852815
0.0405821024
0.0465268131
0.0587868888
0.0773682667
0.0926915635
0.0992606635
0.1048477786
0.1156309342
0.1318205377
0.1458330093
0.1546440213
0.1597646347
0.1601878053
0.1544927632
0.1496949489
0.1476970245
0.1496169874
0.1579455673
0.1713400339
0.1926052954
0.2246937571
0.2617662496
0.2915843975
0.3079879075
0.3123334365
0.3074464240
0.2973099387
0.2866585429
0.2810525652
0.2765211465
0.2720870855
0.2722994628
0.2769710729
0.2852865970
0.2981468123
0.3181117810
0.3470522368
0.3813430801
0.4116035180
0.4334066775
0.4476469524
0.4577157996
0.4665870096
0.4761396823
0.4855222452
0.4913596970
0.4918125333
0.4862738892
0.4742348742
0.4584415058
0.4465767268
0.4423609788
0.4438842949
0.4473885888
0.4513533723
0.4559885834
0.4615455267
0.4665210729
0.4661430788
0.4553986620
0.4417341200
0.4203341065
0.3881321268
0.3563695768
0.3330840029
0.3130679373
0.2976266496
0.2879817036
0.2799074447
0.2744368398
0.2697915962
0.2653837662
0.2644323061
0.2666077688
0.2720486328
0.2826743800
0.3017363471
0.3275665585
0.3536174354
0.3767421703
0.3993514764
0.4215430922
0.4384196816
0.4421732548
0.4392561468
0.4378440010
0.4380755068
0.4390677211
0.4382735656
0.4332586346
0.4263020874
0.4201317018
0.4113584242
0.4004703288
0.3950716172
0.4021663537
0.4151587056
0.4233334151
0.4240752136
0.4242721316
0.4244079398
0.4279570214
0.4380406917
0.4459839647
0.4426050986
0.4344071563
0.4302011254
0.4267161787
0.4219256061
0.4216258309
0.4308451550
0.4444637167
0.4573783825
0.4716015473
0.4841442152
0.4909952456
0.4980180979
0.5089664057
0.5251067427
0.5397281671
0.5509740181
0.5627295350
0.5763328285
0.5906330501
0.6032542961
0.6151748490
0.6245811552
0.6321779244
0.6380681666
0.6420438914
0.6483886018
0.6575601128
0.6638673551
0.6719763195
0.6732157466
0.6780521897
0.6826620346
0.6829769501
0.6872797822
0.6884454662
0.6902938244
0.6987298958
0.6462311684
0.5842876923
0.5836305084
0.5928305327
0.5894153090
0.5974160731
0.5969510969
0.5834694334
0.5676752532
0.5540786719
0.5485479801
0.5507744850
0.5580586766
0.5647387411
0.5655223684
0.5570929704
0.5359028228
0.5025453887
0.4626235326
0.4210292722
0.3773154070
0.3311865834
0.2828017108
0.2326679878
0.1897404467
0.1669813356
0.1516179478
0.1269004365
0.0818880323
0.0215870961
-0.0447921267
-0.1101503560
-0.1710476604
-0.2270100661
-0.2759403492
-0.3162060264
-0.3467203890
-0.3687946896
-0.3848042554
-0.3962252526
-0.4048079904
-0.4092722155
-0.4061975515
-0.3974256378
-0.3804353851
-0.3550902137
-0.3240094090
-0.2902544820
-0.2556806597
-0.2217489859
-0.1891043922
-0.1597227046
-0.1364110684
-0.1193981506
-0.1078654462
-0.1023751772
-0.1040709346
-0.1134348388
-0.1299656420
-0.1528475525
-0.1746531924
-0.1788952325
-0.1711226265
-0.1674765249
-0.1699619957
-0.1711673371
-0.1783094943
-0.1957494801
-0.2207090587
-0.2451046255
-0.2647736973
-0.2808745605
-0.2940128372
-0.3049255508
-0.3166350946
-0.3268846335
-0.3295230904
-0.3203223271
-0.2992632732
-0.2783528185
-0.2667421405
-0.2606959650
-0.2665775315
-0.2732317853
-0.2769267850
-0.2731145161
-0.2608172218
-0.2439042455
-0.2274880538
-0.2064785422
-0.1801628269
-0.1491409620
-0.1168382283
-0.0893181656
-0.0694862373
-0.0620877688
-0.0710326579
-0.0946668261
-0.1308079111
-0.1701882907
-0.2046987148
-0.2337908393
-0.2560468345
-0.2711931913
-0.2726720935
-0.2697217429
-0.2732062713
-0.2847883287
-0.3028857867
-0.3237624154
-0.3450616562
-0.3637956588
-0.3781023672
-0.3878650964
-0.3932158243
-0.3940327212
-0.3898858798
-0.3799275367
-0.3640456871
-0.3451695610
-0.3283631781
-0.3184182812
-0.3185505347
-0.3211168397
-0.3205677696
-0.3154612351
-0.3050787373
-0.2911900790
-0.2771946254
-0.2712601908
-0.2840560902
-0.3049241359
-0.3251563295
-0.3454348472
-0.3586523101
-0.3657864894
-0.3659370166
-0.3571513383
-0.3399300636
-0.3135457845
-0.2762165218
-0.2175433718
-0.1406028830
-0.0695828098
-0.0130660865
0.0358680325
0.0836599478
0.1293133447
0.1700057421
0.2042531206
0.2332428228
0.2587552852
0.2783926149
0.2889088714
0.2916382723
0.2915134932
0.2947968084
0.3012934151
0.3080942978
0.3125958650
0.3079692326
0.2916309509
0.2658107849
0.2319370958
0.1944893722
0.1563725624
0.1191956484
0.0880755003
0.0633846698
0.0428217384
0.0260703094
0.0119460121
0.0001815977
-0.0071335000
-0.0067590861
0.0010053570
0.0111845019
0.0233342298
0.0346704642
0.0432814670
0.0493982942
0.0545294766
0.0577882744
0.0588008261
0.0560787760
0.0442083373
0.0272414968
0.0112633777
-0.0039843421
-0.0183943915
-0.0236786458
-0.0199710013
-0.0099485773
0.0087272783
0.0302670892
0.0484916054
0.0641947713
0.0715910129
0.0702227978
0.0643220873
0.0554580041
0.0439435987
0.0293997741
0.0134677309
-0.0022860607
-0.0162389330
-0.0287598108
-0.0401737682
-0.0494296695
-0.0581692417
-0.0661831654
-0.0752239468
-0.0860482034
-0.0975311942
-0.1098525835
-0.1235213248
-0.1386259942
-0.1563176706
-0.1781888819
-0.2042191704
-0.2323012989
-0.2589449996
-0.2797158666
-0.2931435896
-0.3019316500
-0.3054166995
-0.3045458726
-0.3017656334
-0.2966383348
-0.2913028763
-0.2893582797
-0.2906830812
-0.2953307439
-0.3055725814
-0.3222079726
-0.3402856183
-0.3567585742
-0.3724430950
-0.3852817585
-0.3912699139
-0.3912860159
-0.3882570703
-0.3821328659
-0.3734414944
-0.3643580521
-0.3542522224
-0.3448223456
-0.3388146307
-0.3364278892
-0.3360061235
-0.3365100945
-0.3369752537
-0.3354517257
-0.3306098369
-0.3246511067
-0.3186684993
-0.3118665682
-0.3050757915
-0.2974842639
-0.2876770928
-0.2752308795
-0.2555430829
-0.2279083195
-0.2005218482
-0.1751154887
-0.1549810517
-0.1441944743
-0.1388022146
-0.1367725294
-0.1364662503
-0.1355998084
-0.1338711940
-0.1316142171
-0.1298752230
-0.1282136893
-0.1243301982
-0.1200669902
-0.1190186969
-0.1234658520
-0.1358227116
-0.1572176572
-0.1821935830
-0.2050904973
-0.2219442873
-0.2358885318
-0.2511955667
-0.2690001984
-0.2899305447
-0.3126178137
-0.3350758201
-0.3553967475
-0.3722917525
-0.3867470694
-0.3992447732
-0.4084887056
-0.4144956081
-0.4171524004
-0.4149918044
-0.4092027988
-0.4022325140
-0.3966037081
-0.3923497119
-0.3889415079
-0.3869068309
-0.3847936821
-0.3812910477
-0.3756957576
-0.3676185441
-0.3565808700
-0.3442027061
-0.3326007925
-0.3206668120
-0.3051875856
-0.2861197504
-0.2684011513
-0.2532301368
-0.2375374126
-0.2229640016
-0.2107905962
-0.2015443892
-0.1949609660
-0.1916688992
-0.1931621788
-0.2008103349
-0.2133937524
-0.2268540077
-0.2397644799
-0.2527101933
-0.2652388031
-0.2739674362
-0.2783786915
-0.2795200987
-0.2777802423
-0.2731177165
-0.2645955895
-0.2513851775
-0.2329691187
-0.2138222492
-0.1991475052
-0.1911034817
-0.1872998020
-0.1861885534
-0.1857915340
-0.1852226073
-0.1848812536
-0.1846639657
-0.1832369407
-0.1792086949
-0.1714728342
-0.1595770535
-0.1451578156
-0.1326705775
-0.1245099720
-0.1185398802
-0.1131123154
-0.1088199394
-0.1065694116
-0.1070889936
-0.1095145440
-0.1126262810
-0.1154665190
-0.1167145919
-0.1147086999
-0.1080083735
-0.0933254949
-0.0693010289
-0.0440547200
-0.0250201322
-0.0121892830
-0.0020282689
0.0053012212
0.0088971262
0.0087252786
0.0041226883
-0.0018076135
-0.0044759676
-0.0015466643
0.0044788558
0.0111958543
0.0191334382
0.0277331360
0.0356793028
0.0423215439
0.0464839669
0.0490592576
0.0515483399
0.0544648836
0.0572949050
0.0607411837
0.0662124697
0.0727225218
0.0786410896
0.0819661014
0.0830522155
0.0828401941
0.0830556524
0.0842881887
0.0858959572
0.0876278385
0.0892404225
0.0905013566
0.0916345161
0.0940021221
0.0973556799
0.1006505052
0.1041154308
0.1077040817
0.1119954676
0.1162762213
0.1193789244
0.1211601680
0.1211168604
0.1188138029
0.1155732756
0.1135501879
0.1140966815
0.1164674978
0.1204052437
0.1251138021
0.1299257085
0.1340759696
0.1371827986
0.1401649204
0.1440792498
0.1498034625
0.1583460995
0.1689718520
0.1805223382
0.1926040852
0.2036499662
0.2123234282
0.2180885132
0.2210991524
0.2211923260
0.2188183061
0.2154059610
0.2119038231
0.2073143578
0.2023815937
0.1992881125
0.1994845285
0.2038789611
0.2111115261
0.2182956151
0.2233104992
0.2261943328
0.2271089494
0.2258905193
0.2235970092
0.2208407129
0.2172494215
0.2132698828
0.2095991241
0.2057256318
0.2013582585
0.1959348198
0.1899074983
0.1848372837
0.1822062747
0.1809650412
0.1793421966
0.1776076326
0.1748482479
0.1712050446
0.1676238070
0.1632808150
0.1581744467
0.1515092840
0.1433223130
0.1360363743
0.1297392816
0.1244197030
0.1215598211
0.1204876479
0.1219455552
0.1251543594
0.1288552154
0.1310820576
0.1319104282
0.1319149197
0.1310326062
0.1284934775
0.1253089109
0.1227755437
0.1204742604
0.1183010890
0.1160879983
0.1129629356
0.1091591378
0.1056959402
0.1024515367
0.0996028854
0.0971434811
0.0945875819
0.0924684565
0.0905622016
0.0885961944
0.0857974785
0.0832356185
0.0816581003
0.0799168074
0.0783353278
0.0768911773
0.0754526141
0.0746852103
0.0749691782
0.0749885266
0.0743896413
0.0735788234
0.0714480174
0.0684148319
0.0649981433
0.0602819886
0.0541947994
0.0465511174
0.0393893560
0.0340542556
0.0307254390
0.0304157075
0.0335849501
0.0385600401
0.0435932270
0.0463136169
0.0460901458
0.0437511467
0.0399625408
0.0351618758
0.0296965940
0.0248466271
0.0211727813
0.0180951544
0.0152820694
0.0121320449
0.0090356330
0.0062267640
0.0036066574
0.0006039538
-0.0032057699
-0.0065517047
-0.0080909598
-0.0070739128
-0.0040710059
0.0010767133
0.0064586617
0.0112719591
0.0154994655
0.0197950304
0.0227728883
0.0234200719
0.0231199004
0.0220037708
0.0200382543
0.0172945824
0.0153299910
0.0141748840
0.0153184133
0.0189222364
0.0237382584
0.0304415424
0.0378538168
0.0429405070
0.0450477736
0.0442815206
0.0409324993
0.0353094860
0.0274103006
0.0183547630
0.0101755190
0.0009724282
-0.0099464800
-0.0191927344
-0.0257807125
-0.0301846322
-0.0318918305
-0.0310351752
-0.0280473593
-0.0234515965
-0.0182349920
-0.0129966100
-0.0063359375
0.0000365461
0.0049073972
0.0092243793
0.0130294189
0.0166264641
0.0209623438
0.0254666716
0.0286746012
0.0321502535
0.0365195093
0.0408857020
0.0461620800
0.0520104973
0.0571889715
0.0622026494
0.0661320986
0.0665181929
0.0629965238
0.0571024006
0.0495095119
0.0437890619
0.0414284584
0.0431310085
0.0489769545
0.0585334466
0.0708344062
0.0825225820
0.0911901588
0.0967277285
0.0983650922
0.0962478383
0.0925648997
0.0891387111
0.0863989904
0.0851433580
0.0856090008
0.0872117700
0.0894530044
0.0919798189
0.0942586030
0.0967079725
0.0994797588
0.1028791754
0.1076596084
0.1148059134
0.1234092449
0.1327643585
0.1413993823
0.1487494384
0.1543378689
0.1582953031
0.1610929133
0.1640287214
0.1676226540
0.1707209816
0.1740517304
0.1770814227
0.1784909898
0.1784826653
0.1779278642
0.1778578481
0.1773018095
0.1774986528
0.1789914243
0.1806670199
0.1816061349
0.1821224091
0.1821844886
0.1827158846
0.1841055314
0.1852235013
0.1849776452
0.1843732685
0.1833369764
0.1823901205
0.1817383770
0.1816963938
0.1824188995
0.1836516841
0.1863968760
0.1892578190
0.1911567555
0.1922701140
0.1923258314
0.1919612107
0.1907059405
0.1889381523
0.1873225459
0.1865654751
0.1874966026
0.1903245737
0.1940579567
0.1976756705
0.2000205137
0.2003544457
0.1995903288
0.1975954742
0.1943619988
0.1914319871
0.1896349082
0.1885842054
0.1882845966
0.1887124288
0.1892395636
0.1903449765
0.1926134098
0.1962849179
0.2002923737
0.2035195985
0.2059740984
0.2073588931
0.2061623109
0.2018257174
0.1943303117
0.1844411037
0.1751381383
0.1677533537
0.1626074208
0.1584839626
0.1541015640
0.1488836614
0.1430050019
0.1376340083
0.1338834758
0.1317150433
0.1319177875
0.1343674896
0.1365244390
0.1375445883
0.1372741906
0.1351528873
0.1309139101
0.1269427202
0.1240331435
0.1212554964
0.1192535897
0.1171312247
0.1141906681
0.1100246432
0.1034497150
0.0953146505
0.0868047089
0.0781570173
0.0705537814
0.0637209437
0.0573701252
0.0517220095
0.0467511110
0.0423720643
0.0396542212
0.0378729817
0.0361904099
0.0340476943
0.0311981175
0.0268476540
0.0212732079
0.0146831124
0.0074584992
-0.0006037238
-0.0088397505
-0.0165158059
-0.0232261423
-0.0289697821
-0.0334421217
-0.0354132355
-0.0342117805
-0.0296783170
-0.0221259870
-0.0147211975
-0.0092655490
-0.0069049373
-0.0076464758
-0.0103712651
-0.0144241810
-0.0201462603
-0.0272383231
-0.0350356825
-0.0431695062
-0.0505060768
-0.0563853021
-0.0598386696
-0.0623780985
-0.0644993477
-0.0657359601
-0.0660279548
-0.0657818909
-0.0653290049
-0.0645001681
-0.0629231661
-0.0613617660
-0.0610171224
-0.0623538927
-0.0650699974
-0.0686269699
-0.0715805545
-0.0740030514
-0.0762868854
-0.0794226163
-0.0836020890
-0.0887169222
-0.0937811858
-0.0979643283
-0.1010318045
-0.1020940668
-0.1022066964
-0.1016938162
-0.1003497023
-0.0993203982
-0.0989936133
-0.0987755943
-0.0990158763
-0.1004284170
-0.1021436723
-0.1035424042
-0.1039875096
-0.1026966307
-0.1003016474
-0.0976056526
-0.0953472268
-0.0936642610
-0.0922742826
-0.0922301438
-0.0933498125
-0.0951810873
-0.0985509435
-0.1038496727
-0.1100817011
-0.1175989631
-0.1247009961
-0.1303386669
-0.1334849950
-0.1328985910
-0.1296368139
-0.1249648979
-0.1201351127
-0.1162707767
-0.1136192738
-0.1124619035
-0.1126905578
-0.1142248292
-0.1175310359
-0.1215987226
-0.1257961647
-0.1299692698
-0.1335415843
-0.1365288682
-0.1381726368
-0.1387712508
-0.1398305769
-0.1402905320
-0.1404638024
-0.1408921964
-0.1413670599
-0.1413300273
-0.1419741734
-0.1424381661
-0.1420989606
-0.1416427304
-0.1413126468
-0.1399784991
-0.1385246272
-0.1379368367
-0.1370968933
-0.1357956158
-0.1347306713
-0.1347701490
-0.1359602757
-0.1378793846
-0.1409954916
-0.1440636183
-0.1470065296
-0.1485968198
-0.1479326959
-0.1447486193
-0.1387666280
-0.1314828659
-0.1247118933
-0.1191413593
-0.1136644213
-0.1081830864
-0.1028993022
-0.0981533926
-0.0944075377
-0.0927203641
-0.0929740949
-0.0951848916
-0.0996584025
-0.1041588196
-0.1076571349
-0.1104301495
-0.1121702909
-0.1129565327
-0.1130655014
-0.1133449569
-0.1130168165
-0.1133287439
-0.1145494431
-0.1161251384
-0.1184139995
-0.1211183175
-0.1242061408
-0.1271541064
-0.1282201272
-0.1278027229
-0.1262594521
-0.1228865308
-0.1175732693
-0.1120963375
-0.1056281632
-0.0984518428
-0.0912646447
-0.0843270510
-0.0781168396
-0.0741437978
-0.0722500374
-0.0722366996
-0.0749527821
-0.0788708903
-0.0822150808
-0.0842837323
-0.0856448593
-0.0847691958
-0.0805822823
-0.0740598716
-0.0661017247
-0.0587695886
-0.0538844958
-0.0513562549
-0.0510770112
-0.0528837587
-0.0561009356
-0.0596375633
-0.0624894291
-0.0643953202
-0.0652673229
-0.0649974978
-0.0627742738
-0.0593189850
-0.0555153664
-0.0518270229
-0.0482439146
-0.0449658300
-0.0419511525
-0.0410963297
-0.0426107725
-0.0461890848
-0.0523870801
-0.0607479931
-0.0688981134
-0.0747134955
-0.0782863634
-0.0803564697
-0.0801934722
-0.0776699589
-0.0744964510
-0.0709035623
-0.0671317300
-0.0636156168
-0.0604522428
-0.0572404564
-0.0547600844
-0.0550853859
-0.0580432610
-0.0626996543
-0.0681724668
-0.0730567829
-0.0763529514
-0.0778285735
-0.0777777354
-0.0767447223
-0.0736990497
-0.0688242275
-0.0640310880
-0.0600241101
-0.0581616656
-0.0583333523
-0.0591813892
-0.0596870042
-0.0604222712
-0.0598502130
-0.0572887794
-0.0541797685
-0.0504175637
-0.0456439957
-0.0406899218
-0.0364144641
-0.0327880245
-0.0299696245
-0.0285823988
-0.0293293416
-0.0315391647
-0.0337037981
-0.0357005692
-0.0373911131
-0.0382661695
-0.0379942406
-0.0384227528
-0.0395095152
-0.0394474451
-0.0377532613
-0.0342687963
-0.0304967590
-0.0275162972
-0.0254044924
-0.0236459249
-0.0221575396
-0.0211460898
-0.0206698041
-0.0208379571
-0.0212198349
-0.0214231579
-0.0208969822
-0.0196155809
-0.0167534678
-0.0135158865
-0.0102638015
-0.0071577044
-0.0047136220
-0.0038714346
-0.0041408438
-0.0055614423
-0.0085822095
-0.0133849717
-0.0185205001
-0.0232774576
-0.0273783575
-0.0304376205
-0.0326983404
-0.0336331896
-0.0338510745
-0.0325513689
-0.0302819451
-0.0282898934
-0.0272912094
-0.0256674869
-0.0247874703
-0.0255768425
-0.0257641433
-0.0257111579
-0.0249106607
-0.0223525338
-0.0189920772
-0.0142477710
-0.0080859695
-0.0015702002
0.0045446820
0.0089565449
0.0112756269
0.0119326839
0.0121774088
0.0129355447
0.0139866101
0.0148853610
0.0161086997
0.0173110201
0.0183550793
0.0186349452
0.0180571936
0.0182582514
0.0198144625
0.0220296770
0.0238977468
0.0250628787
0.0252451763
0.0249933762
0.0244916111
0.0235028321
0.0219100982
0.0201526562
0.0185669317
0.0172624082
0.0160999569
0.0145371002
0.0145331510
0.0163588471
0.0184737689
0.0205609042
0.0231647043
0.0258788921
0.0275754047
0.0290327645
0.0301421062
0.0305432658
0.0290521202
0.0270071594
0.0251271866
0.0231744198
0.0212496902
0.0199989243
0.0195471153
0.0200131138
0.0202109110
0.0189837566
0.0168650551
0.0150054376
0.0133902309
0.0126498530
0.0125619582
0.0131314339
0.0149034089
0.0174671548
0.0203122596
0.0232245492
0.0254947443
0.0268529708
0.0282026644
0.0290754640
0.0292392058
0.0302154500
0.0319665774
0.0345051400
0.0384260388
0.0427185310
0.0472687601
0.0518713739
0.0555520228
0.0583797285
0.0604068631
0.0614013052
0.0612106568
0.0602697002
0.0580493230
0.0545031310
0.0511829455
0.0475346818
0.0441436496
0.0424499181
0.0421148527
0.0425182770
0.0435590976
0.0448160272
0.0449459904
0.0445561576
0.0439055011
0.0431955551
0.0426708531
0.0424750339
0.0426053746
0.0427599738
0.0426458593
0.0424523938
0.0419465149
0.0409890664
0.0399461119
0.0392301701
0.0399198153
0.0419436000
0.0440287330
0.0460630165
0.0482431683
0.0497009529
0.0501304551
0.0498937627
0.0493590427
0.0479879489
0.0464999907
0.0450097884
0.0427044393
0.0399096558
0.0378684019
0.0363332994
0.0349051494
0.0333648053
0.0323860710
0.0319399755
0.0320919344
0.0330925367
0.0342569101
0.0355220960
0.0368718349
0.0380270517
0.0392190346
0.0408884526
0.0423750319
0.0425597339
0.0417185693
0.0404598487
0.0382533394
0.0353322714
0.0331630854
0.0322261502
0.0320981550
0.0322788501
0.0332584784
0.0348932018
0.0369861515
0.0393896628
0.0421915470
0.0451154079
0.0471228939
0.0481908519
0.0485707521
0.0481251813
0.0475517492
0.0473124088
0.0471378961
0.0465629969
0.0454338599
0.0442660936
0.0433395028
0.0427223455
0.0425001481
0.0425541202
0.0425983853
0.0424452121
0.0421810862
0.0414205701
0.0403476661
0.0392737056
0.0384319429
0.0377983231
0.0374265574
0.0372593955
0.0373498626
0.0377116393
0.0381063608
0.0384970010
0.0388253637
0.0390020443
0.0390923413
0.0391048648
0.0389657274
0.0387137982
0.0383058131
0.0378505579
0.0374266157
0.0370387173
0.0368096332
0.0367376404
0.0366741750
0.0365911671
0.0364545931
0.0362466326
0.0360019640
0.0357454967
0.0354304160
0.0350935536
0.0347568103
0.0343986565
0.0339932739
0.0335543116
0.0331223914
0.0326938046
0.0322705749
0.0318530174
0.0314328723
0.0310008363
0.0305586921
0.0301222304
0.0296941829
0.0292748078
0.0288674053
0.0284606703
0.0280481013
0.0276312300
0.0272080618
0.0267823824
0.0263548658
0.0259235615
0.0254924603
0.0250615340
0.0246298508
0.0241977317
0.0237653067
0.0233338332
0.0229030178
0.0224721563
0.0220415043
0.0216105075
0.0211791957
0.0207477394
0.0203161908
0.0198844905
0.0194525547
0.0190203224
0.0185876772
0.0181545614
0.0177209397
0.0172867983
0.0168521442
0.0164170046
