0.0031575882
0.0031521741
0.0031472051
0.0031410178
0.0031354409
0.0031286957
0.0031221500
0.0031143601
0.0031062138
0.0030964798
0.0030858872
0.0030744245
0.0030620101
0.0030484921
0.0030329386
0.0030153467
0.0029957376
0.0029809864
0.0029723783
0.0029715639
0.0029654906
0.0029348411
0.0028816802
0.0028128763
0.0027197715
0.0026291648
0.0025797719
0.0025611508
0.0025472341
0.0025503389
0.0025593957
0.0025740938
0.0025745543
0.0025916202
0.0026190652
0.0026102066
0.0024718550
0.0022677639
0.0020160315
0.0017278621
0.0014778417
0.0013560898
0.0012889507
0.0012231057
0.0011526142
0.0010688734
0.0010726985
0.0012829614
0.0015244147
0.0009908268
0.0002549098
0.0002835621
0.0007581918
0.0006671762
0.0002240654
-0.0000338806
0.0004551112
0.0011931772
0.0008920219
-0.0009157036
-0.0006998876
0.0032649725
0.0071234299
0.0055708194
-0.0003193981
-0.0070275826
-0.0090017263
-0.0056537322
-0.0015675877
-0.0005792678
-0.0032013427
-0.0043112384
-0.0037721753
-0.0043444330
-0.0070785351
-0.0097810221
-0.0034467366
0.0108430644
0.0113055499
-0.0188672531
-0.0234376851
-0.0035471252
0.0129856154
0.0082712063
-0.0199014332
-0.0340017684
-0.0087657202
0.0197633123
0.0090784767
-0.0126600419
-0.0152187579
0.0104791932
0.0268490052
-0.0024159118
-0.0355737257
-0.0216593312
0.0118339258
0.0182021098
-0.0155357713
-0.0595639304
-0.0706111837
-0.0106900090
0.0464609493
0.0236425702
-0.0225349576
-0.0242053987
0.0016402146
0.0227676927
0.0143476937
-0.0085448668
-0.0239298220
-0.0133993970
0.0089867809
0.0017813955
-0.0192466319
-0.0141181155
-0.0053167006
-0.0111360896
-0.0211490716
-0.0261752875
-0.0221900819
0.0026032195
0.0274392814
0.0046307784
-0.0437501988
-0.0394047038
0.0023602487
0.0345040671
0.0168524539
-0.0257929694
-0.0527606941
-0.0333276823
0.0000770804
0.0087966706
-0.0088247068
-0.0254491410
-0.0144061445
0.0027946699
-0.0055990162
-0.0204353965
-0.0122312802
0.0054232890
0.0165979143
0.0171532307
-0.0039421051
-0.0342317943
-0.0447158845
-0.0168989987
-0.0079229241
-0.0348724569
-0.0394608730
-0.0277916532
-0.0138109189
0.0019285476
0.0136487379
0.0092649040
-0.0077230106
-0.0027152373
0.0139128089
0.0129383019
-0.0106459254
-0.0255494863
-0.0025797758
0.0236394630
0.0196626208
-0.0006017591
-0.0238266556
-0.0331090882
0.0010085418
0.0126779145
-0.0200096352
-0.0103882285
0.0407047899
0.0620346928
0.0356508435
-0.0051053661
-0.0259916628
0.0005983820
0.0265328813
-0.0014252399
-0.0289896995
-0.0160268650
-0.0059883481
-0.0049892386
-0.0035242949
-0.0029457380
-0.0025761329
-0.0047926373
-0.0030318535
0.0053374094
0.0071022381
0.0003405874
0.0094975870
0.0218852020
0.0124850446
-0.0069366737
-0.0040074989
-0.0075153316
-0.0163970372
-0.0002924406
0.0061431188
0.0169921715
0.0296781127
0.0217734803
0.0050273145
-0.0088426690
-0.0047398423
0.0112389441
0.0279059521
0.0298662442
0.0086176487
-0.0086532647
0.0027093784
0.0110136310
-0.0002007820
-0.0037235371
-0.0021345230
-0.0127748741
-0.0176714006
0.0017353429
0.0158585884
0.0104745835
-0.0019496944
-0.0112763225
-0.0100494923
-0.0066993377
-0.0035971012
-0.0013938758
0.0021735767
0.0044498164
0.0016831971
-0.0062531184
-0.0034429682
0.0180979009
0.0329143220
0.0127573982
-0.0046270975
-0.0124355050
-0.0137801781
-0.0103500194
-0.0061939042
0.0007822169
0.0093312082
0.0127606795
0.0136272655
0.0153043686
0.0179657192
0.0181671735
0.0091115278
-0.0042341885
-0.0129617065
-0.0135849268
-0.0082563657
0.0036560559
0.0196126132
0.0249851357
0.0144599115
0.0134564043
0.0352294191
0.0105836570
0.0057049870
0.0055716098
-0.0322609396
-0.0382873412
0.0019379830
0.0455514760
0.0424430444
-0.0105015514
-0.0143090021
0.0128589320
0.0326580833
0.0441558599
0.0210096772
-0.0129676595
-0.0088676931
0.0202030054
0.0053253675
-0.0272620566
-0.0263118884
0.0158099035
0.0648858384
0.0876474127
0.0501045729
0.0313988857
0.0495587073
0.0373093984
-0.0192140799
-0.0207586864
0.0075947198
0.0101879966
-0.0249685371
-0.0677338951
-0.0669611117
-0.0171179457
0.0247890703
-0.0034079158
-0.0600758965
-0.1184664364
-0.1663889373
-0.1680525836
-0.1377221663
-0.1258854701
-0.1259321512
-0.1086628956
-0.1601388595
-0.2278017530
-0.1999823644
-0.1041232760
-0.0314705904
0.0075461860
0.0143981300
-0.0220490309
-0.0420260337
-0.0002465773
0.0278327509
0.0116032190
0.0090596045
-0.0272798963
-0.0506244507
-0.0654827248
-0.1012974682
-0.0558457899
0.0385661173
0.1204943199
0.1485434343
0.1393286605
0.1071909770
0.0890442353
0.0597007569
-0.0400534260
-0.1062888906
-0.0464398752
0.0258451218
0.0059501238
-0.0229111876
-0.0581481301
-0.0826741897
0.0005450575
0.1238592708
0.2317699394
0.3181696673
0.2839882298
0.1076022082
-0.0287842902
0.0602870309
0.1838293075
0.1555030471
0.0593670757
-0.0498695458
-0.1691015981
-0.2342232564
-0.1352510509
0.0201441617
0.0535593534
0.0127202618
-0.0540262785
-0.1058646643
-0.0855645195
-0.0136457191
0.0358995389
0.0481883935
0.0131696629
-0.0295019142
-0.0229376762
0.0462041030
0.1423457101
0.2382553451
0.2857803714
0.2296402992
0.1313960801
0.0678273207
0.1127059460
0.2177063325
0.2915733273
0.3144737928
0.2334567498
0.1347346408
0.0769655442
0.0569933976
0.0353315745
-0.0454754139
-0.1386055247
-0.1789094181
-0.1704047298
-0.1528644745
-0.1911369665
-0.2184381068
-0.1430109232
-0.0344601977
-0.0488892056
-0.1118779245
-0.1423968498
-0.1564901690
-0.1824789282
-0.2099922771
-0.2098192949
-0.2320925070
-0.2790992840
-0.2919748994
-0.2247960756
-0.1299888837
-0.0306575155
0.0605784866
0.0808087895
0.0219255701
-0.0566192906
-0.0956895069
-0.0314326479
0.0840468096
0.1024094942
0.1052192246
0.1509145333
0.2037529252
0.2637975494
0.3317680535
0.4008037446
0.4538537541
0.4572384603
0.3979190942
0.2626516516
0.1393352335
0.1400250370
0.1589812926
0.0972376501
0.0313908676
0.0411822054
0.1023417681
0.1414443061
0.0891157867
0.0161762757
0.0280584862
0.0784263372
0.0966574713
0.0141894186
-0.1155372851
-0.1446011021
-0.0005966206
0.1316926444
0.1044252059
0.0665999016
0.0522917906
-0.0026792845
-0.0652521212
-0.0562662283
-0.0036883013
-0.0152039055
-0.0672351139
-0.1165831604
-0.1336634025
-0.0615940307
0.0368876081
0.0933533015
0.0683145133
0.0276783702
0.0316571967
0.0679304328
0.0764372226
0.0187179654
-0.0908099334
-0.1709793771
-0.1822382049
-0.1545147514
-0.1288571006
-0.1291365442
-0.1425609818
-0.1365910547
-0.1109292272
-0.0915690884
-0.1009979499
-0.1214639073
-0.1308856005
-0.0992875789
-0.0473482346
-0.0231411190
-0.0124651880
0.0458238469
0.1466717661
0.2510954409
0.2900826737
0.2294906577
0.1186906542
0.1072963107
0.1432147964
0.1752853339
0.2141888779
0.2425905335
0.2254080805
0.1612102369
0.1194673796
0.1794042781
0.2874031414
0.3409703573
0.3250764416
0.2335807466
0.1301082113
0.1156823842
0.1821824875
0.2363941942
0.2046625785
0.1470758949
0.1106873944
0.1198796641
0.1586364391
0.1593011283
0.0948689243
0.0062883760
-0.0539183993
-0.0689137147
-0.1125601338
-0.2507528111
-0.3286136740
-0.3392166845
-0.3497402895
-0.3638957415
-0.3738732739
-0.3864716026
-0.4080985961
-0.4290264243
-0.4360962004
-0.4273873246
-0.4106265632
-0.4014846593
-0.4099555240
-0.4248513495
-0.4180819366
-0.3873171961
-0.3554395618
-0.3195755559
-0.2942900914
-0.2830404875
-0.2158803886
-0.1198284594
-0.0416243792
0.0148266824
0.0385589390
0.0308256256
0.0127257066
-0.0075760421
-0.0175642761
0.0003099991
0.0219945642
-0.0078579838
-0.0272946317
0.0191669613
0.0723747729
0.0757320888
0.0477111475
0.0227883032
0.0199382109
0.0282536350
0.0296492136
0.0055674261
-0.0403044160
-0.0680395921
-0.0305273031
0.0323998715
0.0386288065
0.0154767028
-0.0143851724
-0.0575767499
-0.1054495156
-0.1234049922
-0.0777158182
-0.0708161372
-0.1013311535
-0.1048314511
-0.1167045199
-0.1422502328
-0.1503497027
-0.1306028031
-0.1109149049
-0.1163513274
-0.1401473332
-0.1433957482
-0.1132171154
-0.0695159921
-0.0360763766
-0.0325452235
-0.0450762205
-0.0306469774
-0.0117164645
-0.0159941856
-0.0333494916
-0.0498734971
-0.0649110471
-0.0597945973
-0.0231410490
0.0196282308
0.0404840614
0.0452994323
0.0456839285
0.0561930873
0.0852750525
0.1091107851
0.0823185214
0.0170401728
-0.0413808249
-0.0748261390
-0.0781676432
-0.0327129974
-0.0027162701
-0.0466872015
-0.0803194732
-0.0277688625
0.0494793081
0.0987571213
0.0949567892
0.0599853241
0.0531815284
0.1574714664
0.2959613441
0.3854853787
0.4082571492
0.4231028297
0.4590197537
0.4732770209
0.4269099146
0.3304964249
0.2367679821
0.1985279602
0.1551404239
0.0880200144
0.0575311523
0.0913262688
0.1301549962
0.1100856758
0.0622656987
0.0613370044
0.0904523010
0.1181867553
0.1253498783
0.0799560044
0.0410154919
0.0331618393
0.0134995396
-0.0269961052
-0.0717593454
-0.1086075135
-0.1236110311
-0.1400028981
-0.1795272827
-0.2246887740
-0.2549739554
-0.2918483630
-0.3256331507
-0.3141019110
-0.3090047924
-0.3450816716
-0.3289146147
-0.2581048886
-0.1799273046
-0.1072878403
-0.0484986354
-0.0114697635
0.0330550091
0.0718575874
0.0603480557
0.0313968677
0.0169521195
0.0097674435
-0.0150569578
-0.0475820847
-0.0743566165
-0.0860610906
-0.0762519082
-0.0691418310
-0.0880474921
-0.1147856834
-0.1458643335
-0.1817339944
-0.1964487977
-0.1400143535
-0.0480112754
0.0466161770
0.1432396954
0.2329975473
0.3020003724
0.3542163107
0.3942630145
0.3962466064
0.3585471049
0.3336265834
0.3274374153
0.3246684049
0.3300775811
0.3391122450
0.3531042023
0.3708033114
0.3892014695
0.3971774222
0.3722602588
0.3344868617
0.3032874286
0.2720159050
0.2499530104
0.2449632643
0.2275438565
0.1786193126
0.1396640830
0.1349130402
0.1368971495
0.1122125718
0.0491274293
-0.0242162949
-0.0809001316
-0.1196391081
-0.1454976482
-0.1641112433
-0.1677977943
-0.1691765530
-0.1696438486
-0.1599215332
-0.1344190037
-0.1019434865
-0.0815414234
-0.1088837971
-0.1665634283
-0.2056698261
-0.1755082262
-0.1100430956
-0.0513628513
-0.0185351479
-0.0207666117
-0.0214555705
-0.0096170651
0.0065090463
0.0186107421
0.0264386913
0.0202067338
-0.0172886061
-0.0972628768
-0.1843129813
-0.2535689646
-0.3413590880
-0.4165375515
-0.4624874367
-0.5238346176
-0.5498049256
-0.5869115952
-0.6031131856
-0.6080889343
-0.6483613184
-0.4707917839
-0.2452516350
-0.3079845050
-0.3731386039
-0.3013957697
-0.2519000842
-0.2804331022
-0.2913300673
-0.2130179373
-0.1236793775
-0.1118850627
-0.1436793281
-0.1533926375
-0.1109796262
-0.0740893743
-0.0320031034
0.0449746398
0.1230383102
0.1793054532
0.2170020634
0.2255674402
0.2130317282
0.1990875645
0.1795897786
0.1653301242
0.1618223290
0.1841715883
0.2075818695
0.2259975157
0.2526984685
0.3118592033
0.3902165836
0.4609980265
0.5031900832
0.4911816069
0.4687778753
0.4690668901
0.4953812280
0.5071452271
0.4490725320
0.3391125633
0.2225674269
0.1471512716
0.1305865726
0.1234165382
0.0766858912
0.0101462006
-0.0457902758
-0.0590589579
-0.0561176434
-0.0563144278
-0.0631108147
-0.0777705185
-0.1096307597
-0.1478220395
-0.1829493615
-0.2167380218
-0.2464400646
-0.2608883880
-0.2365097580
-0.1949342696
-0.1510203838
-0.1032150551
-0.0604358023
-0.0336059669
-0.0082117736
0.0355478531
0.0882337138
0.1406989171
0.1901929292
0.2299405467
0.2403965249
0.2411503835
0.2651141267
0.2886435989
0.3006913398
0.3159975537
0.3220575458
0.3153461061
0.3054939867
0.2793047681
0.1856534230
0.0684909692
-0.0310292859
-0.1138598022
-0.1869774284
-0.2623988913
-0.3381079985
-0.3920399069
-0.4125765534
-0.4457675952
-0.4691400090
-0.4115085288
-0.3057808730
-0.1839711995
-0.0878564945
-0.0818811967
-0.0708653673
-0.0135767214
0.0175336297
0.0225964333
0.0181156271
0.0067511553
-0.0068008271
-0.0004445151
0.0082988713
0.0192328623
0.0353530601
0.0531129357
0.0689909041
0.0732226523
0.0831675066
0.1031588304
0.1134927123
0.0940399540
0.0678179906
0.0529950907
0.0508213438
0.0574672942
0.0749956579
0.1040491962
0.1301644400
0.1463902969
0.1824026701
0.2575898817
0.3254845213
0.3397950681
0.3346768291
0.3399294206
0.3316158190
0.3032018812
0.2597240385
0.2078763476
0.1640859211
0.1540186166
0.1401243024
0.1097560347
0.0793794193
0.0803460970
0.1325010414
0.1992058482
0.2483114566
0.2505584612
0.2252204759
0.1805333944
0.1048778539
0.0192375890
-0.0550004973
-0.0905173857
-0.1094126555
-0.1416833473
-0.2033223132
-0.2705211881
-0.3220467817
-0.3612619604
-0.3917049823
-0.4101326211
-0.4153823664
-0.4143688149
-0.4054027367
-0.3919945996
-0.3850360649
-0.3980572054
-0.4184291785
-0.4273123242
-0.3949772760
-0.3385745214
-0.3222886687
-0.3935699074
-0.4516042320
-0.4590655222
-0.4563300575
-0.4370370877
-0.3772514305
-0.3027498720
-0.2430204279
-0.1611778949
-0.0730601656
-0.0217484786
0.0204218065
0.0896148248
0.1707048010
0.2411069394
0.2625446640
0.2152136321
0.1880184270
0.2363841948
0.3005519609
0.3493098695
0.3798270562
0.3980300788
0.4023206787
0.4278604657
0.4913916681
0.5314212832
0.4732493972
0.3750147135
0.2717416862
0.1804237765
0.1426147724
0.1411610676
0.1122965389
0.0651207968
0.0452732491
0.0575572837
0.0716166477
0.0563160823
0.0035693767
-0.0605397752
-0.1086865822
-0.1157538696
-0.1225331205
-0.1453289614
-0.1664488606
-0.1731202331
-0.1666375631
-0.1572009957
-0.1559871991
-0.1828652299
-0.2323767865
-0.2780494460
-0.2821136920
-0.2415792238
-0.2106106992
-0.2326732543
-0.2541237043
-0.2418933544
-0.2186324414
-0.1987526835
-0.1916219348
-0.1904807486
-0.1885914744
-0.1833193295
-0.1806357332
-0.1836994853
-0.1771277248
-0.1413023943
-0.0978978856
-0.0637556694
-0.0376902917
-0.0157665025
0.0123355794
0.0716976292
0.1491292529
0.2036959591
0.1894153963
0.1552212442
0.1874005917
0.2481541590
0.3016344618
0.3302732691
0.3086927196
0.2327057982
0.1523430625
0.0977423142
0.0222886316
-0.0212922705
-0.0436616759
-0.0805986696
-0.1045284285
-0.0567141250
0.0205994210
0.1019984656
0.1834015006
0.2245379139
0.1866227930
0.1066711008
0.0177099015
-0.0162794317
-0.0162179203
-0.0563622189
-0.1242207797
-0.1448675335
-0.1213359617
-0.1132459748
-0.1113875558
-0.0995691172
-0.1068177766
-0.1430870731
-0.1793343892
-0.1995440764
-0.1728895724
-0.1284614372
-0.0943013182
-0.0841554590
-0.1211436447
-0.1649131252
-0.1676274845
-0.1707503745
-0.1208217420
-0.0141352039
0.0718879370
0.0728664990
0.0472209701
0.0638326819
0.1169809318
0.1864380135
0.2429573534
0.2418266124
0.1728817295
0.1370614548
0.1520000495
0.1638190373
0.1663043638
0.1584243390
0.1366520177
0.1359812047
0.1612376791
0.1952827333
0.2296895319
0.2414314449
0.1942691273
0.1379753690
0.0796786759
-0.0247699441
-0.1114112426
-0.1390347430
-0.1630470233
-0.1421638112
-0.0836909510
-0.0699128303
-0.1017447015
-0.1591226008
-0.1984128643
-0.1587011015
-0.0875223843
-0.0407705787
-0.0353884210
-0.0212472584
0.0188828983
0.0641115407
0.1121444354
0.1567749583
0.1913715908
0.2089102124
0.2211976120
0.2258147563
0.2234368611
0.2186129738
0.2207208269
0.2366711781
0.2430776574
0.1809283252
0.0722522165
-0.0140458558
-0.0206543639
-0.0091685581
-0.0339173449
-0.0397344621
-0.0124411399
0.0218853566
0.0363382215
0.0105729777
-0.0306544287
-0.0581308909
-0.0445372007
-0.0099791743
0.0175307680
0.0244831425
0.0058448792
-0.0049895998
0.0271158138
0.0665004819
0.0485475553
0.0433119341
0.0479385158
0.0185617523
-0.0345817587
-0.0850172607
-0.1001092518
-0.0860760348
-0.0683604662
-0.0580769127
-0.0475624439
-0.0152024246
0.0385138295
0.1028237177
0.1379037012
0.0719164596
-0.0396620402
-0.0773398182
-0.0464249298
-0.0173103881
-0.0256316293
-0.0678213971
-0.0827633513
-0.0158948389
0.0512998058
0.0368419042
-0.0178205640
-0.0250834989
-0.0416528094
-0.0929482623
-0.1639498519
-0.2397752221
-0.2715214330
-0.2124580161
-0.1331304622
-0.0791398343
-0.0413923567
-0.0452706164
-0.0737113748
-0.0581687665
-0.0226769238
-0.0378961382
-0.0908273295
-0.1248861160
-0.1059747671
-0.0564180480
0.0041515466
0.0756422875
0.1531149295
0.1781501458
0.0846548144
-0.0275495938
-0.0455832090
-0.0034954007
0.0342012628
0.0269759828
-0.0051918279
-0.0527687474
-0.0737276389
-0.0254229687
0.0059257608
0.0113707644
0.0359233772
0.0055372068
-0.0682215379
-0.1369990643
-0.1491775584
-0.1115096149
-0.0834126991
-0.1236179698
-0.1899249495
-0.1991064814
-0.1054184108
-0.0416034510
-0.0742207498
-0.0911374363
-0.0616934999
-0.0283274372
-0.0050455146
0.0159486975
0.0387899626
0.0640467801
0.0891830164
0.1150288801
0.1418311611
0.1646689223
0.1740090109
0.1781050033
0.1823539984
0.1731638673
0.1333611296
0.0731583089
0.0066522102
-0.0491322688
-0.0581481500
-0.0392599502
-0.0391482614
-0.0416014404
-0.0279964451
-0.0255095124
-0.0320680117
-0.0298905546
-0.0400726147
-0.0812800744
-0.1275404948
-0.1643771678
-0.1921824848
-0.2141011182
-0.1880728481
-0.1409663011
-0.0890645352
-0.0240374401
0.0550021814
0.1040517564
0.0277708027
-0.1302142031
-0.1812764057
-0.1487148198
-0.0962238590
-0.0721774770
-0.1317238976
-0.1676455102
-0.1095864396
-0.0445388574
-0.0533787259
-0.0844499269
-0.0823520151
-0.0623453353
-0.0426120179
-0.0363101636
-0.0545234180
-0.0635984740
-0.0293068186
0.0134322411
-0.0058308604
-0.0581922047
-0.0863469298
-0.0774702118
-0.0464214369
-0.0168285829
-0.0030724860
0.0070966213
0.0363671400
0.0730720713
0.1011272352
0.1130034438
0.1029893223
0.0668862431
0.0332656705
0.0296632046
0.0227405590
0.0232105227
0.0302312865
0.0297901940
0.0554660724
0.0981609534
0.1414228836
0.1810419115
0.2082738442
0.2206723559
0.2259650481
0.2341814363
0.2071507208
0.1381851321
0.0545914736
-0.0141458733
-0.0225054478
0.0151012247
0.0585594767
0.0894361931
0.1016003562
0.1437142680
0.2306463136
0.3198822502
0.3587765524
0.3407113740
0.3271633694
0.3347733454
0.3029679569
0.2445808490
0.1821518217
0.1174080104
0.0603087935
0.0275708844
0.0099940736
-0.0061111112
-0.0199376361
-0.0304375140
-0.0371598620
-0.0543537481
-0.1080844881
-0.1797951361
-0.2417039679
-0.2660179603
-0.2531145179
-0.2256707937
-0.2152795963
-0.2301235635
-0.2276158082
-0.2060827541
-0.1947209159
-0.2348062637
-0.3011102690
-0.3564835881
-0.3729230708
-0.3715829419
-0.4011554429
-0.4286051609
-0.3773347375
-0.2903855895
-0.2193440930
-0.1992293435
-0.2146373797
-0.2346143432
-0.2428572556
-0.2049594285
-0.1424001284
-0.0818602470
-0.0515785365
-0.0605360376
-0.0747257079
-0.0711205395
-0.0612743542
-0.0529979808
-0.0462865012
-0.0345657557
-0.0089825681
0.0185452216
0.0207049026
0.0204983075
0.0586756411
0.1205674989
0.1925288084
0.2536601182
0.2442751873
0.1572977782
0.0938445839
0.1040121811
0.1530049224
0.2171305079
0.2615257798
0.2518393718
0.2421889949
0.2925829486
0.3488807454
0.3639804555
0.3683791019
0.3863827342
0.3643673325
0.2919335001
0.2084048985
0.1440486223
0.1139538822
0.0864702739
0.0541040975
0.0569918280
0.1035589251
0.1669215902
0.2286324897
0.2601496806
0.2302211154
0.1792399769
0.1290411459
0.0810389332
0.0443814801
0.0338074235
0.0344327624
0.0447090144
0.0869045181
0.1407490687
0.1863283743
0.2060646655
0.2152588936
0.2259546856
0.2288597564
0.2052532962
0.1685172996
0.1559538666
0.1784671392
0.2082023069
0.2222654435
0.2252838652
0.2286196021
0.2290370151
0.1991851903
0.1265286967
0.0365084425
-0.0418893208
-0.0791386837
-0.0856066674
-0.1047465668
-0.1329079130
-0.1619482236
-0.1870956385
-0.1968053016
-0.1911177903
-0.1803398900
-0.1736003282
-0.1867932279
-0.2182145995
-0.2561184366
-0.2962594831
-0.3275434501
-0.3278924518
-0.3132232168
-0.3117041664
-0.3235573337
-0.3373988534
-0.3410364473
-0.3262290651
-0.3101111030
-0.3079876390
-0.3088692122
-0.3008944779
-0.2920469193
-0.2972768520
-0.3036084427
-0.2679809375
-0.1888421423
-0.1025495982
-0.0383125453
-0.0061198363
0.0185375664
0.0304543723
-0.0041368674
-0.0582435920
-0.1141283434
-0.1723204027
-0.2196605443
-0.2400095428
-0.2531734682
-0.2936360153
-0.3021795517
-0.2503574005
-0.1785293305
-0.1018570150
-0.0378489605
-0.0245513768
-0.0521314764
-0.0764452578
-0.0962302166
-0.1145231428
-0.1220620099
-0.1130929885
-0.0848039565
-0.0476817921
-0.0241978542
-0.0049706647
0.0180486454
0.0365385126
0.0337034688
0.0125578256
-0.0065542614
-0.0068808635
0.0062004898
0.0318651107
0.0844784659
0.1611486999
0.2344263357
0.3101690131
0.3921364726
0.4669432697
0.5412453827
0.5908324811
0.5855473699
0.5246052871
0.4226055257
0.3099433457
0.1881646022
0.0861980857
0.0840989787
0.1450341867
0.2087272603
0.2635880712
0.3164939497
0.3721011851
0.4173551217
0.4193370612
0.3870517040
0.3286990621
0.2589767505
0.1849118403
0.1175785742
0.0947344107
0.1099883302
0.1318812689
0.1239762456
0.0374654560
-0.0699376496
-0.1315605131
-0.1308961572
-0.1205567233
-0.1623445452
-0.2438992174
-0.3484358893
-0.3663667809
-0.1782584466
0.0204346766
0.0749649123
0.0949657710
0.1385137160
0.1941669304
0.2060401618
0.1860815554
0.1531663336
0.1040369249
0.0623106120
0.0817030116
0.1103037932
0.0811976381
-0.0032469443
-0.0711218521
-0.0486044116
0.0242343863
0.0959637667
0.1167486635
0.0600563928
-0.0111196442
-0.0584868815
-0.1020589550
-0.1695443770
-0.2407124771
-0.2718180306
-0.2184299910
-0.1360616050
-0.0496031087
0.0362088555
0.0796672233
0.0349621799
-0.0359447491
-0.0962587086
-0.1503508202
-0.1973769850
-0.2316371949
-0.2455674955
-0.2143587856
-0.1473382894
-0.0840417085
-0.0235030043
0.0591028798
0.1726420505
0.2679063824
0.2374225516
0.1407144159
0.0460485227
-0.0335828037
-0.0947442936
-0.1785221201
-0.2657019496
-0.2872828726
-0.2620022803
-0.2135409633
-0.1461459382
-0.0984392340
-0.0899054723
-0.0894854747
-0.0740914712
-0.0516443018
-0.0613602442
-0.1041154573
-0.1607236867
-0.2224500236
-0.2477049547
-0.1940770554
-0.1027438438
0.0001224291
0.0865050478
0.0662372582
-0.0245648171
-0.1194264692
-0.1781282741
-0.1966184663
-0.2314123267
-0.2863776923
-0.3272700228
-0.3162129136
-0.2487993009
-0.1691752394
-0.0816803324
0.0147869461
0.0740488661
0.0056612429
-0.1082429536
-0.1348144152
-0.1223806515
-0.1183488849
-0.1150337224
-0.1180343188
-0.1258957369
-0.1317017994
-0.1332547511
-0.1543068057
-0.1797234635
-0.1844936781
-0.1659033885
-0.1483175207
-0.1559977009
-0.1708217783
-0.1309002525
-0.0833349681
-0.0394139641
0.0497033610
0.1254686723
0.1979847255
0.3082138170
0.3556428707
0.4042046167
0.4766706476
0.5227373760
0.5584198610
0.5556039468
0.6110900126
0.5808219800
0.3428619271
0.1195449619
-0.0386576108
-0.1467983321
-0.2310753547
-0.3118698361
-0.3398331429
-0.3194905082
-0.2648323154
-0.1473880027
-0.0139785466
0.0652376506
0.0367041508
-0.0359027594
-0.0830306396
-0.0834398982
-0.0316085780
0.0234952974
0.0434936329
0.0395714431
0.0165362489
-0.0223161515
-0.0461906194
-0.0100742906
0.0440824464
0.0838727422
0.1119721474
0.1289389675
0.1431756070
0.1554798553
0.1715841034
0.1942786485
0.2357621579
0.2953422179
0.3519012683
0.3551552560
0.3293791001
0.3153913637
0.3396379647
0.3871486083
0.4021428351
0.3730448989
0.3227111387
0.2582309688
0.1828954544
0.1113303183
0.0494456308
-0.0141894416
-0.0824143583
-0.1421543877
-0.1706005822
-0.1697008982
-0.1556879368
-0.1316808563
-0.1004810851
-0.0710475911
-0.0504176068
-0.0316378136
-0.0127102081
0.0037445207
0.0161689306
0.0253392111
0.0344385550
0.0416328245
0.0451833776
0.0462254121
0.0460130628
0.0447576163
0.0394352901
0.0287546665
0.0158245261
0.0051820676
0.0082181644
0.0326421479
0.0521259148
0.0356189380
0.0092978519
0.0135211683
0.0381429063
0.0589764397
0.0706247298
0.0807124248
0.0860141233
0.0709292959
0.0421786519
0.0106521532
-0.0227622736
-0.0536043326
-0.0696263294
-0.0670297131
-0.0593824655
-0.0515247136
-0.0418699811
-0.0311845577
-0.0277205749
-0.0420251434
-0.0634319041
-0.0850999170
-0.1042479504
-0.1111907563
-0.1090393931
-0.1056817015
-0.1105621483
-0.1267206607
-0.1360698731
-0.1246786241
-0.1066141408
-0.0879285986
-0.0688985685
-0.0542074410
-0.0502039269
-0.0502765149
-0.0502064819
-0.0499987853
-0.0488129890
-0.0481886039
-0.0532365064
-0.0657538055
-0.0750488274
-0.0672220313
-0.0479065657
-0.0270789910
-0.0036793407
0.0217683959
0.0371218906
0.0198975739
-0.0100854984
-0.0398256687
-0.0696347788
-0.0925628319
-0.1063582111
-0.1176612921
-0.1242498934
-0.1089952840
-0.0787906075
-0.0488524362
-0.0294904091
-0.0162778234
-0.0075498562
-0.0003558659
0.0183545618
0.0454914636
0.0744822369
0.1015876637
0.1161706378
0.1178391093
0.1164391109
0.1082808055
0.0770272696
0.0353771508
-0.0081298700
-0.0455198272
-0.0562274800
-0.0426161451
-0.0062892650
0.0476600664
0.1052620876
0.1587254826
0.1993096367
0.2311786705
0.2428963031
0.1922329049
0.0987970347
-0.0030450660
-0.0883421061
-0.1099575976
-0.0959724513
-0.0760705542
-0.0570264225
-0.0464547634
-0.0496293901
-0.0397959858
-0.0341094800
-0.0481479940
-0.0628029419
-0.0612178603
-0.0461570820
-0.0357119513
-0.0435400858
-0.0584125327
-0.0501567921
-0.0291038312
-0.0092981785
0.0027495220
0.0069220572
0.0099219441
0.0128269658
0.0141600231
0.0154153948
0.0254615916
0.0527049974
0.0865674184
0.1207424623
0.1528145438
0.1733737980
0.1800304503
0.1699215858
0.1358152458
0.0929574549
0.0500452040
0.0051299308
-0.0357244741
-0.0643674762
-0.0843652557
-0.1062412311
-0.1297980662
-0.1461488482
-0.1332864186
-0.1062336346
-0.0853662547
-0.0894481697
-0.1043221051
-0.1117782514
-0.0951969894
-0.0637426356
-0.0352437888
-0.0191090840
-0.0108319650
-0.0104737761
-0.0213343335
-0.0356548100
-0.0510656677
-0.0648573919
-0.0703442828
-0.0669435095
-0.0611034970
-0.0557486290
-0.0508571161
-0.0440881398
-0.0306778590
-0.0137834633
0.0010827089
0.0077529906
0.0076510566
0.0019843802
-0.0170102063
-0.0422368037
-0.0596532744
-0.0691642887
-0.0848894400
-0.1128352324
-0.1449029254
-0.1645033165
-0.1438634139
-0.1083392271
-0.0746381015
-0.0410916225
-0.0048610409
0.0363128624
0.0662898274
0.0510407077
-0.0000591277
-0.0605831658
-0.1137473028
-0.1282024022
-0.1024458179
-0.0658478418
-0.0274440697
0.0114602900
0.0365747745
0.0346469178
0.0232327763
0.0129179446
0.0009289162
-0.0120233907
-0.0213411996
-0.0136482344
0.0043503232
0.0245914435
0.0436644548
0.0559633458
0.0591121933
0.0593068581
0.0599711031
0.0615893182
0.0618976561
0.0534656519
0.0334914643
0.0083037231
-0.0182692885
-0.0375320405
-0.0342794256
-0.0226343150
-0.0120000256
0.0009849676
0.0160239925
0.0236516273
0.0031480239
-0.0322599336
-0.0674077179
-0.0947652335
-0.1098293262
-0.1227041826
-0.1344441076
-0.1370234100
-0.1274668213
-0.1137101995
-0.0973198380
-0.0792084648
-0.0593689000
-0.0384414587
-0.0226991313
-0.0229887154
-0.0295542931
-0.0356307254
-0.0426847167
-0.0503841918
-0.0556857140
-0.0518116218
-0.0438506654
-0.0380593447
-0.0351712352
-0.0254552166
0.0127005757
0.0673730701
0.1018763513
0.0982436910
0.0823698325
0.0679076274
0.0531873613
0.0386166921
0.0230869907
0.0065369614
-0.0100686411
-0.0189191491
-0.0130841205
-0.0023527001
0.0086085939
0.0244253075
0.0450399706
0.0683692403
0.0895709929
0.1012433921
0.1046150648
0.1141965683
0.1336101692
0.1389132674
0.1188776582
0.0914207019
0.0643708648
0.0381681442
0.0121488741
-0.0166846776
-0.0484564035
-0.0694492583
-0.0532232868
-0.0158146957
0.0238211133
0.0558037976
0.0621530747
0.0577602506
0.0470943851
0.0275079279
0.0043430792
-0.0141958440
-0.0149641546
-0.0045112838
0.0071112122
0.0180360004
0.0270788775
0.0357751160
0.0448490388
0.0547378665
0.0634567846
0.0663370299
0.0606055076
0.0521220368
0.0433431151
0.0353945115
0.0316621770
0.0331219311
0.0364279057
0.0387304294
0.0362593612
0.0301162826
0.0234942746
0.0171926174
0.0111661617
0.0040745105
-0.0051806906
-0.0111192432
0.0003139250
0.0248061791
0.0303238216
0.0031268813
-0.0328144833
-0.0614962160
-0.0796796836
-0.0952983328
-0.1191260342
-0.1325567262
-0.1383487684
-0.1409427086
-0.1434516343
-0.1453851564
-0.1490079366
-0.1543136160
-0.1529811520
-0.1296007021
-0.0964909965
-0.0768500871
-0.0621722382
-0.0430796549
-0.0220462728
-0.0006841679
0.0188807204
0.0342279775
0.0471167231
0.0591945608
0.0644029731
0.0575577882
0.0462692455
0.0384708188
0.0403560116
0.0470054170
0.0537565319
0.0634321304
0.0759430170
0.0880056316
0.0926576915
0.0895297379
0.0843152091
0.0807961823
0.0793044873
0.0786585611
0.0774295736
0.0761180090
0.0757269250
0.0763400828
0.0725358253
0.0558271896
0.0338640882
0.0129082699
-0.0093349142
-0.0318955995
-0.0497768213
-0.0521985807
-0.0485117308
-0.0447807414
-0.0409374258
-0.0370061390
-0.0339725857
-0.0328645740
-0.0325156255
-0.0320237582
-0.0315372964
-0.0308764770
-0.0305238433
-0.0301341974
-0.0293874095
-0.0268471141
-0.0234923029
-0.0200551900
-0.0167530693
-0.0134328525
-0.0102519190
-0.0071068903
-0.0039981660
-0.0005239080
0.0030471986
0.0065469146
0.0097568909
0.0130510204
0.0167488451
0.0202465498
0.0197485283
0.0128012903
0.0043698625
-0.0016495587
-0.0058893298
-0.0096558234
-0.0136411755
-0.0164039329
-0.0168636895
-0.0162622425
-0.0141676620
-0.0063970499
0.0045502485
0.0158919472
0.0268709496
0.0368446614
0.0441750452
0.0502270460
0.0559829880
0.0617242292
0.0672455889
0.0713353365
0.0720830776
0.0717381785
0.0713264952
0.0709119877
0.0706344410
0.0697703707
0.0662905931
0.0604845740
0.0542277986
0.0482360589
0.0426203447
0.0370589212
0.0305501833
0.0230693478
0.0156124417
0.0076571034
-0.0011171000
-0.0054071073
0.0030411106
0.0157551110
0.0174423294
0.0105575310
0.0024616249
-0.0045986631
-0.0110007779
-0.0167710041
-0.0230325151
-0.0289927277
-0.0306085941
-0.0217182680
-0.0099003768
0.0005835236
0.0101589581
0.0190168305
0.0271946328
0.0332947739
0.0352420146
0.0344205237
0.0305787511
0.0256489886
0.0211745084
0.0168627361
0.0131907905
0.0106578833
0.0091863402
0.0079885324
0.0069406841
0.0059487394
0.0050330681
0.0042176034
0.0037190286
0.0035260755
0.0034321448
0.0032766136
0.0030876164
0.0028890051
0.0028223518
0.0029018002
0.0029680471
0.0029364199
0.0028384384
0.0026899512
0.0025100994
0.0021752588
0.0014845912
0.0006172664
-0.0002016200
-0.0009398719
-0.0015295676
-0.0019068066
-0.0022122576
-0.0025266238
-0.0028232658
-0.0031226861
-0.0034436276
-0.0038100653
-0.0041639302
-0.0044870501
-0.0047907955
-0.0051011726
-0.0054109836
-0.0056939438
-0.0059301152
-0.0061190285
-0.0062943278
-0.0064741671
-0.0066606900
-0.0068488763
-0.0070321871
-0.0072117081
-0.0073871399
-0.0075603826
-0.0077305463
-0.0078961561
-0.0080577392
-0.0082187751
-0.0083800605
-0.0085394843
-0.0086933131
-0.0088420766
-0.0089913611
-0.0091426265
-0.0092944869
-0.0094429033
-0.0095857991
-0.0097233811
-0.0098555225
-0.0099813705
-0.0101003658
-0.0102128424
-0.0103189673
-0.0104187583
-0.0105120853
-0.0105988292
-0.0106789074
-0.0107522907
-0.0108189213
-0.0108787329
-0.0109316400
-0.0109775746
-0.0110164686
-0.0110482596
-0.0110728919
-0.0110903083
-0.0111004585
