0.0003163026
0.0003147127
0.0003150678
0.0003160031
0.0003157187
0.0003134844
0.0003028072
0.0002882934
0.0002815630
0.0002804736
0.0002955280
0.0003236585
0.0003325929
0.0003087931
0.0002797611
0.0002631190
0.0002230433
0.0001911702
0.0001832405
0.0001738855
0.0001444866
0.0000590285
-0.0000096282
-0.0000234000
0.0000721460
0.0002167060
0.0002502539
0.0003227773
0.0003949465
0.0003957231
0.0003724026
0.0002534158
0.0001316812
0.0001742101
0.0003633719
0.0004460161
0.0005493032
0.0007010255
0.0005128093
0.0000529674
-0.0004123665
-0.0007396949
-0.0008024380
-0.0005498416
-0.0000059339
0.0007037061
0.0011237296
0.0015413022
0.0019377873
0.0017361067
0.0010628276
0.0004734113
0.0000029066
-0.0011714883
-0.0028425005
-0.0044405415
-0.0055553330
-0.0059260146
-0.0056091714
-0.0043161952
-0.0029054451
-0.0020763888
-0.0014464617
-0.0008832845
0.0000916324
0.0011538155
0.0025802985
0.0047378615
0.0073323460
0.0088639520
0.0088599919
0.0078180285
0.0056498663
0.0017758023
-0.0023402478
-0.0042928411
-0.0043704336
-0.0042695441
-0.0039256747
-0.0033903932
-0.0036965736
-0.0053240204
-0.0066927247
-0.0074602445
-0.0076451179
-0.0068803820
-0.0050016745
-0.0015209036
0.0021231763
0.0052500244
0.0084003078
0.0103465809
0.0111261479
0.0112292689
0.0094709190
0.0047095726
-0.0031745558
-0.0107756989
-0.0119925431
-0.0079886419
-0.0032760761
0.0002771240
-0.0004810775
-0.0048441112
-0.0088583228
-0.0107209018
-0.0102764579
-0.0090298292
-0.0073031108
-0.0058100857
-0.0061486274
-0.0076221293
-0.0082253932
-0.0080815091
-0.0071038858
-0.0050919443
0.0007553600
0.0087559814
0.0172200638
0.0249632097
0.0274560059
0.0262508966
0.0259732709
0.0251925401
0.0218914246
0.0167592230
0.0087464034
-0.0010843572
-0.0102594200
-0.0163510070
-0.0188757891
-0.0197698863
-0.0199239354
-0.0204568844
-0.0219459512
-0.0227042027
-0.0242391441
-0.0253995315
-0.0240265154
-0.0182991648
-0.0041884636
0.0139275695
0.0247167045
0.0246789403
0.0194205017
0.0136330731
0.0081930352
0.0031008287
-0.0040289586
-0.0105248041
-0.0143714374
-0.0144810355
-0.0126259575
-0.0100216316
-0.0054742744
-0.0012862587
-0.0002223203
0.0028075853
0.0090845686
0.0144645813
0.0177643016
0.0186378846
0.0147068088
0.0069592139
0.0005256514
-0.0052120112
-0.0106872795
-0.0138085792
-0.0144011907
-0.0115496262
-0.0072117708
-0.0018933731
0.0034390961
0.0065393045
0.0084449053
0.0086579382
0.0050074098
-0.0004435187
-0.0051632981
-0.0081230667
-0.0094405896
-0.0096794467
-0.0113329538
-0.0148556681
-0.0163699076
-0.0158326382
-0.0137860727
-0.0117952951
-0.0124820030
-0.0125242253
-0.0099013014
-0.0033344705
0.0056673904
0.0147787149
0.0202363661
0.0214533035
0.0190921100
0.0150013935
0.0120545774
0.0097749494
0.0072365571
0.0041523164
-0.0010099965
-0.0081898274
-0.0127432446
-0.0137164053
-0.0114040165
-0.0044882097
-0.0023336160
-0.0037976836
-0.0041194340
-0.0037627692
-0.0037633174
-0.0042488871
-0.0056639371
-0.0075924680
-0.0102319555
-0.0127610848
-0.0099461244
-0.0056950069
-0.0087867797
-0.0152191661
-0.0211601146
-0.0246547973
-0.0234071781
-0.0196172239
-0.0149086919
-0.0100133439
-0.0064098854
-0.0044285013
-0.0040101699
-0.0042249148
-0.0041382118
-0.0028704703
-0.0001955299
0.0040304218
0.0100095017
0.0182447391
0.0254964001
0.0291722790
0.0296751092
0.0269956680
0.0200091999
0.0107084034
0.0035008462
-0.0033052230
-0.0102696864
-0.0150254932
-0.0183183556
-0.0210511040
-0.0216111378
-0.0209769040
-0.0189904222
-0.0189527479
-0.0228448053
-0.0280977924
-0.0282500485
-0.0231839265
-0.0176814474
-0.0088717323
-0.0014749584
0.0009658501
0.0013101617
-0.0020348772
-0.0074152302
-0.0141219950
-0.0221608458
-0.0271472584
-0.0268826516
-0.0224988052
-0.0161515968
-0.0104149650
-0.0077693565
-0.0112618962
-0.0192257086
-0.0280318967
-0.0343360476
-0.0372086383
-0.0377819308
-0.0349997229
-0.0318177304
-0.0289292479
-0.0230488513
-0.0110864625
0.0070183457
0.0282387436
0.0555165712
0.0785740102
0.0858230484
0.0879454618
0.0911008572
0.0939934493
0.0972881490
0.1011122913
0.1058117133
0.1121273174
0.1171602246
0.1204145353
0.1223447940
0.1210453868
0.1175733713
0.1009102166
0.0564570585
0.0197959503
0.0116759947
0.0126286673
0.0167776925
0.0259102104
0.0622255353
0.1351021727
0.1849233405
0.1885788093
0.1845905466
0.1839595127
0.1780364751
0.1529715487
0.1044738123
0.0519037375
0.0035504451
-0.0290069039
-0.0414666640
-0.0493662110
-0.0615629553
-0.0834732498
-0.1200759105
-0.1578932562
-0.1750854194
-0.1777645699
-0.1836069610
-0.1904296824
-0.1919206175
-0.1859602199
-0.1597877340
-0.0847707151
0.0482709228
0.1805748375
0.2498429897
0.2882396199
0.3060784254
0.2483581675
0.1225274212
-0.0019191461
-0.1034439814
-0.1642590336
-0.1728655055
-0.1515156367
-0.1187339001
-0.0921843676
-0.0901091994
-0.1025087648
-0.0896334957
-0.0106269925
0.0942418672
0.1851076270
0.2335277918
0.2232003560
0.1582836431
0.0426150643
-0.0921514923
-0.1974043073
-0.2112122752
-0.1748451731
-0.1789366200
-0.1957334612
-0.1875027502
-0.1842973611
-0.2108051354
-0.2619932635
-0.3222853478
-0.3660609903
-0.3760707861
-0.3415077563
-0.2693177329
-0.1642744293
-0.0376168692
0.0598499451
0.1071909869
0.1187272948
0.1112003066
0.0782372660
0.0411954908
0.0283962151
0.0302032472
0.0315814675
0.0284097405
0.0256236549
0.0248100839
0.0270782537
0.0391191639
0.0617688412
0.0885200557
0.1145806748
0.1372869192
0.1512783824
0.1554465497
0.1526653807
0.1449754123
0.1344732092
0.1238666252
0.1149441273
0.0881130568
0.0347477626
-0.0255476591
-0.0770811862
-0.0853227932
-0.0638231472
-0.0552897124
-0.0552831624
-0.0423216192
-0.0201715521
0.0107024978
0.0527504955
0.0695173540
0.0378533731
-0.0126275562
-0.0578058110
-0.0966751066
-0.1236061067
-0.1358598101
-0.1421279795
-0.1465086624
-0.1483953936
-0.1475616730
-0.1441684503
-0.1338425173
-0.1133746705
-0.0944923528
-0.0792424454
-0.0652304000
-0.0549650893
-0.0489903049
-0.0440236539
-0.0373393699
-0.0276878442
-0.0137330633
0.0070571839
0.0401188451
0.0785532867
0.1107996091
0.1328017838
0.1507653811
0.1680598647
0.1808933256
0.1882308915
0.1907966188
0.1894987854
0.1838443541
0.1744970025
0.1620264064
0.1343635693
0.0824928728
0.0319690196
0.0100139093
-0.0076645585
-0.0466874508
-0.0851066357
-0.1361710262
-0.2048473038
-0.2510446267
-0.2587966841
-0.2542744182
-0.2470288388
-0.2144099927
-0.1521116747
-0.0895271123
-0.0324980117
0.0238239825
0.0657153862
0.0909805706
0.1096271693
0.1227634023
0.1514211546
0.2025448105
0.2295680623
0.2197050132
0.1930543077
0.1662659596
0.1578122447
0.1697884385
0.1816622422
0.1804101613
0.1756750738
0.1747883306
0.1725156424
0.1700196109
0.1692262951
0.1679556131
0.1659712278
0.1639221180
0.1609654969
0.1566494664
0.1504261222
0.1419067363
0.1288940292
0.0895702791
0.0343585898
0.0062614054
-0.0049786070
-0.0296017765
-0.0606244672
-0.0854591678
-0.1161177463
-0.1486408851
-0.1722418359
-0.1833841329
-0.1731551808
-0.1743244759
-0.1952548646
-0.2157719006
-0.2377914626
-0.2616760548
-0.2764235244
-0.2749263645
-0.2645319789
-0.2526973707
-0.2364298910
-0.2085979925
-0.1676277082
-0.1324104361
-0.1102797044
-0.0986637330
-0.0942172963
-0.0910907206
-0.0827543315
-0.0695542832
-0.0605486330
-0.0539642469
-0.0464953184
-0.0384495201
-0.0319580862
-0.0271374570
-0.0197793206
-0.0117424571
-0.0056490416
-0.0004919330
0.0074997510
0.0242721347
0.0474172582
0.0605716134
0.0582873224
0.0480765492
0.0372280154
0.0348734573
0.0425951336
0.0497772663
0.0530589379
0.0542826839
0.0563947103
0.0616295144
0.0712432922
0.0867489624
0.1032180463
0.1152784503
0.1245373289
0.1320732153
0.1372691043
0.1402964229
0.1415520542
0.1403344982
0.1338269797
0.1072453806
0.0624151048
0.0188984504
-0.0214112994
-0.0380012788
-0.0232072619
-0.0160907580
-0.0236815733
-0.0242058599
-0.0121128688
0.0037039595
0.0212588334
0.0439541381
0.0578619177
0.0574873587
0.0487662594
0.0305443215
0.0062176317
-0.0092466397
-0.0132284822
-0.0184062777
-0.0308079444
-0.0436570662
-0.0615025698
-0.0761161765
-0.0762095321
-0.0641290947
-0.0453267011
-0.0237517794
0.0175073415
0.0649108438
0.0861104345
0.0902772367
0.0909263102
0.0834496868
0.0623877054
0.0398337281
0.0118022163
-0.0190340438
-0.0369552193
-0.0495806492
-0.0667739266
-0.0772941785
-0.0750544184
-0.0670956467
-0.0679575354
-0.0756232079
-0.0728224017
-0.0443570541
-0.0134638401
-0.0040390947
-0.0030893511
-0.0001170274
-0.0010495388
-0.0094843368
-0.0248418155
-0.0482380527
-0.0900139258
-0.1200037158
-0.1347157043
-0.1491068927
-0.1608496975
-0.1660229959
-0.1690012798
-0.1694581807
-0.1621930001
-0.1511417425
-0.1432635281
-0.1357105739
-0.1140579844
-0.0916311978
-0.0749202554
-0.0537515294
-0.0253429459
0.0057651818
0.0380119250
0.0751250425
0.1254549295
0.1817911573
0.2349047018
0.2627364459
0.2669747060
0.2779764027
0.2832057344
0.2834134528
0.2899017623
0.2794268521
0.2463213317
0.2145551932
0.1928511755
0.1596365731
0.1193038914
0.0995138207
0.0845955264
0.0478111744
0.0293040760
0.0294910564
0.0326693790
0.0412568093
0.0535918791
0.0643388913
0.0707413046
0.0724372175
0.0688697546
0.0568688935
0.0283849456
-0.0091796906
-0.0518741250
-0.0929347625
-0.1151730424
-0.1358439685
-0.1660973789
-0.1801367718
-0.1732722643
-0.1636239877
-0.1575110447
-0.1545067147
-0.1533031211
-0.1539496256
-0.1585785847
-0.1663706238
-0.1735971019
-0.1778303539
-0.1785982041
-0.1744971291
-0.1687794682
-0.1636097613
-0.1565001727
-0.1262251346
-0.0715514459
-0.0340583757
-0.0186150699
-0.0044482661
0.0116164738
0.0265503830
0.0443280539
0.0676588061
0.0887852408
0.0999863438
0.0991861092
0.0920446571
0.0781340140
0.0326404920
-0.0376074833
-0.0863329687
-0.0920255795
-0.0848367878
-0.0553969287
-0.0097719137
0.0103728029
0.0108594161
0.0173952205
0.0301820225
0.0385629082
0.0446359778
0.0530483211
0.0613088783
0.0673566135
0.0757155070
0.0905602996
0.1098509003
0.1290556450
0.1455642490
0.1524713645
0.1485552272
0.1338831597
0.0873595944
0.0180958592
-0.0508796305
-0.1173316891
-0.1839178849
-0.2381816932
-0.2702387924
-0.2934983498
-0.3119207221
-0.3299420557
-0.3425733603
-0.3433834472
-0.3310637628
-0.2923930366
-0.1840293868
-0.0263054424
0.1069763010
0.1468981008
0.1470890053
0.1627743030
0.1778231213
0.1818487027
0.1807673651
0.1756929272
0.1628208454
0.1456360925
0.1235622777
0.0834886957
0.0554235488
0.0470474813
0.0441223324
0.0395358693
0.0254290291
0.0192615516
0.0377668694
0.0690963457
0.1050129125
0.1441347095
0.1835575840
0.2147504370
0.2359306193
0.2473619246
0.2482498180
0.2384093895
0.2198025470
0.1952962088
0.1661117366
0.1347693881
0.1053419404
0.0655267519
0.0189963470
-0.0125146238
-0.0372704125
-0.0638863085
-0.0912348769
-0.1192188036
-0.1465519605
-0.1706622122
-0.1938270924
-0.2201891570
-0.2489854611
-0.2751707859
-0.2928417425
-0.3077391100
-0.3184059937
-0.3198998869
-0.3169428388
-0.3075219117
-0.2798943813
-0.2175769785
-0.0969121885
-0.0077789465
0.0389263437
0.1038228863
0.1878846866
0.2571883527
0.3065949730
0.3265982712
0.3685401724
0.4317071904
0.4757232270
0.4501039925
0.3927642378
0.3180177664
0.3221083636
0.3270540936
0.2913550265
0.2582114952
0.2428136369
0.2273167947
0.2111219292
0.2005224367
0.1736993849
0.1285367591
0.0873365902
0.0616706555
0.0406668447
0.0126300984
-0.0135302240
-0.0270296997
-0.0282202762
-0.0275388918
-0.0242007192
-0.0148271372
-0.0156306944
-0.0202403070
-0.0065297721
0.0197526975
0.0474130332
0.0770695915
0.1070677419
0.1308395766
0.1478322850
0.1605755245
0.1684591654
0.1699159312
0.1658194662
0.1577196712
0.1465370845
0.1314595334
0.1113567119
0.0871066584
0.0589132230
0.0220900305
-0.0298991164
-0.0876395084
-0.1388087847
-0.1756343029
-0.2030396914
-0.2296930645
-0.2534245359
-0.2687971360
-0.2759899423
-0.2801574904
-0.2818576432
-0.2811912661
-0.2784409567
-0.2747965494
-0.2638553393
-0.2423779678
-0.2161745719
-0.1869133776
-0.1487992707
-0.1027836795
-0.0582975128
-0.0189924747
0.0127274339
0.0379581044
0.0597055745
0.0799833362
0.0977301120
0.1079606424
0.1136452342
0.1138503364
0.1060650239
0.0884986299
0.0642779810
0.0414808319
0.0219901142
0.0010564485
-0.0192591405
-0.0376931446
-0.0595538439
-0.0801442763
-0.0954594083
-0.1076169546
-0.1184793989
-0.1289314841
-0.1376712293
-0.1438386025
-0.1467822147
-0.1479558271
-0.1489015649
-0.1519729457
-0.1555900276
-0.1604208122
-0.1666620128
-0.1715599463
-0.1731428200
-0.1727921251
-0.1706956262
-0.1643200173
-0.1535204681
-0.1401219189
-0.1249607026
-0.1094578606
-0.0933047890
-0.0784794953
-0.0523392215
-0.0074465644
0.0153762232
0.0200042032
0.0252820424
0.0313043502
0.0489846713
0.1048594702
0.1574858936
0.1243495375
0.0288131222
0.0160676945
0.1077085212
0.1417923030
0.1019245209
0.0851934862
0.0944681745
0.1078348397
0.1238124498
0.1421649401
0.1641932478
0.1883898455
0.1895316814
0.1808646556
0.1857052116
0.1946951004
0.2017232512
0.2078277272
0.2117300957
0.2105697139
0.2050692338
0.1942185297
0.1736545837
0.1514856654
0.1311799995
0.1129879831
0.0996874155
0.0859174852
0.0614739775
0.0321535503
-0.0037291384
-0.0370578442
-0.0550096125
-0.0636139637
-0.0709643925
-0.0784036914
-0.0852599883
-0.0904206720
-0.0912456353
-0.0910021573
-0.0927237175
-0.0928876729
-0.0916423013
-0.0912347359
-0.0918026010
-0.0922500196
-0.0915319596
-0.0915611742
-0.0890419173
-0.0839644727
-0.0800571525
-0.0744566091
-0.0687629643
-0.0664644529
-0.0637791252
-0.0637027520
-0.0761886292
-0.0976497790
-0.1149686597
-0.1214855944
-0.1245925076
-0.1298578624
-0.1354046475
-0.1410693027
-0.1437675317
-0.1405297201
-0.1378655257
-0.1356290304
-0.1325278935
-0.1291483809
-0.1255655631
-0.1208582771
-0.1116915317
-0.0952701800
-0.0868639364
-0.0870498104
-0.0869256266
-0.0693893949
-0.0231465526
-0.0108649726
-0.0147681626
0.0020517131
0.0094887536
0.0051334037
0.0116249045
0.0253777483
0.0328214036
0.0345244695
0.0324632603
0.0248935683
0.0116599943
0.0027290247
0.0025194201
0.0071205779
0.0133985214
0.0194596380
0.0231660403
0.0215940583
0.0125053507
-0.0120045602
-0.0388832202
-0.0485213726
-0.0550990271
-0.0566695546
-0.0499562463
-0.0399809384
-0.0302843723
-0.0201274030
-0.0101522840
0.0006163153
0.0095929546
0.0149408108
0.0180053113
0.0198882399
0.0200014196
0.0187271860
0.0180316291
0.0160426633
0.0146501264
0.0139737635
0.0120406866
0.0064502666
0.0004891075
0.0018198477
0.0110592238
0.0276012321
0.0387859159
0.0444369713
0.0618735421
0.0829961780
0.0940894674
0.1036145564
0.1184111026
0.1327282090
0.1459672380
0.1615078861
0.1857810955
0.2230337344
0.2488010616
0.2553800266
0.2562257767
0.2515853278
0.2404498529
0.2042455445
0.1403391831
0.0979303985
0.0561771516
0.0124538295
-0.0029696422
0.0047612151
0.0125125884
0.0057645418
-0.0136011246
-0.0261709452
-0.0326562296
-0.0384938956
-0.0431166038
-0.0450990221
-0.0481454163
-0.0556800010
-0.0693149145
-0.0891947433
-0.1105222958
-0.1282273824
-0.1367856716
-0.1365556155
-0.1335566634
-0.1294669279
-0.1247347888
-0.1196918512
-0.1138892019
-0.1061788616
-0.0979512716
-0.0935084997
-0.0939201141
-0.0953716182
-0.0961213818
-0.0950426556
-0.0913087569
-0.0838250857
-0.0739158902
-0.0562759584
-0.0312986797
-0.0168282846
-0.0155445195
-0.0163440506
-0.0160201464
-0.0164986434
-0.0155605434
-0.0140501491
-0.0131126777
-0.0120035969
-0.0116796960
-0.0142245178
-0.0169566451
-0.0187298854
-0.0180746938
-0.0138587426
-0.0061342787
0.0052511232
0.0203197142
0.0365641051
0.0504676048
0.0615336011
0.0696977536
0.0731297757
0.0741355107
0.0758633071
0.0769016578
0.0803533614
0.0874903748
0.0963856343
0.1066339283
0.1183714778
0.1280573492
0.1329856491
0.1329879272
0.1251242941
0.1047069762
0.0767844922
0.0588868797
0.0517934298
0.0464497968
0.0411041818
0.0362327640
0.0295804051
0.0233270786
0.0175698390
0.0119152679
0.0083079236
0.0067254819
0.0050669565
0.0024597977
-0.0015193975
-0.0063447576
-0.0134732642
-0.0223531567
-0.0305473743
-0.0383792060
-0.0485991518
-0.0608934351
-0.0732436547
-0.0843543274
-0.0955928955
-0.1052270711
-0.1105528275
-0.1135037815
-0.1180704187
-0.1212414348
-0.1223968160
-0.1253448280
-0.1307355162
-0.1357425024
-0.1396864525
-0.1429294533
-0.1440530825
-0.1414515213
-0.1356763446
-0.1295895643
-0.1209520296
-0.1078525422
-0.0949023201
-0.0836585273
-0.0714987434
-0.0582683841
-0.0455054633
-0.0325956245
-0.0164481048
0.0023423021
0.0214510334
0.0381416749
0.0548733493
0.0713954980
0.0854174478
0.1010343569
0.1177574887
0.1319938825
0.1436247801
0.1534131376
0.1607684233
0.1672662027
0.1760600887
0.1879126540
0.1992346302
0.2064698282
0.2076435473
0.2037015995
0.1972799368
0.1880531605
0.1753568343
0.1614615849
0.1474553583
0.1326315092
0.1182480526
0.1043768204
0.0911785109
0.0773064695
0.0610838190
0.0399849804
0.0150658111
-0.0057674663
-0.0203395323
-0.0312957712
-0.0410688610
-0.0522391516
-0.0645395261
-0.0764839528
-0.0881005454
-0.0982149630
-0.1065251000
-0.1147418216
-0.1227520740
-0.1310224371
-0.1397661392
-0.1484869064
-0.1554264342
-0.1600263007
-0.1645815427
-0.1695982068
-0.1734607988
-0.1740411657
-0.1722207665
-0.1699214085
-0.1657795452
-0.1591616717
-0.1519770785
-0.1447428831
-0.1352252984
-0.1246196326
-0.1146731644
-0.1054596394
-0.0971681165
-0.0909840887
-0.0848447540
-0.0795119117
-0.0746992313
-0.0697682113
-0.0616415908
-0.0531586058
-0.0468204732
-0.0388105676
-0.0296143166
-0.0213105530
-0.0117916240
0.0002035221
0.0207958056
0.0532850867
0.0727002043
0.0792733948
0.0836179633
0.0857529569
0.0871122493
0.0871138430
0.0874075963
0.0889710664
0.0912637840
0.0952787594
0.0996637024
0.1039666778
0.1083093613
0.1120886334
0.1134703284
0.1105683121
0.1047495361
0.0985000000
0.0890456412
0.0768509074
0.0655543521
0.0516952744
0.0357610922
0.0202654308
0.0069675096
-0.0033378957
-0.0111482293
-0.0155495540
-0.0187750917
-0.0232257127
-0.0281410815
-0.0344317004
-0.0402478562
-0.0436042567
-0.0460988337
-0.0473915858
-0.0475915286
-0.0472193511
-0.0456840451
-0.0411521158
-0.0332208753
-0.0245997801
-0.0165890933
-0.0083045955
-0.0008680744
0.0054425560
0.0128860824
0.0216182673
0.0313034072
0.0407227795
0.0485788980
0.0557567253
0.0639493472
0.0716353398
0.0792500352
0.0870220376
0.0937964507
0.1001740005
0.1054651983
0.1091232544
0.1122463019
0.1132772156
0.1101543577
0.1055121435
0.0996958803
0.0921065685
0.0835856034
0.0765190249
0.0712946174
0.0682590546
0.0675162742
0.0667746176
0.0640720897
0.0613350354
0.0587994255
0.0546094189
0.0478935861
0.0395597699
0.0321160096
0.0251017355
0.0183087019
0.0132294050
0.0105943848
0.0087453654
0.0076267982
0.0077026565
0.0079883961
0.0076264074
0.0058197599
0.0032651005
-0.0012031894
-0.0070157239
-0.0132797554
-0.0207958506
-0.0286514707
-0.0356783244
-0.0443088055
-0.0530218938
-0.0621703109
-0.0700977458
-0.0779912659
-0.0865881177
-0.0927430284
-0.0972749873
-0.1000844323
-0.0999126336
-0.0974683627
-0.0921981491
-0.0837384164
-0.0722794340
-0.0592386450
-0.0478516793
-0.0406247109
-0.0359925569
-0.0317105128
-0.0271918821
-0.0236381607
-0.0208879459
-0.0193705831
-0.0187270925
-0.0171988193
-0.0142622509
-0.0123270350
-0.0115522799
-0.0099339486
-0.0080181381
-0.0065258514
-0.0061268509
-0.0057161567
-0.0037364050
-0.0016153836
-0.0012989225
-0.0016908591
-0.0018112941
-0.0027370592
-0.0057303491
-0.0088544160
-0.0113317193
-0.0120112859
-0.0121686344
-0.0121112834
-0.0098406971
-0.0062910037
-0.0025845689
0.0028128642
0.0071955061
0.0073673239
0.0057866457
0.0029420887
-0.0015478350
-0.0058575611
-0.0076925983
-0.0088223573
-0.0105367987
-0.0103889836
-0.0098255668
-0.0099357687
-0.0087127048
-0.0057634791
-0.0037465019
-0.0035913167
-0.0013879716
0.0014805256
0.0035636227
0.0067843951
0.0127121722
0.0198601360
0.0274920211
0.0357933340
0.0418304677
0.0458783089
0.0497057140
0.0507254239
0.0495210553
0.0471507257
0.0435667119
0.0394329757
0.0349563241
0.0302539782
0.0270705937
0.0271469623
0.0296996025
0.0327466569
0.0375343741
0.0438310633
0.0494999374
0.0542447263
0.0590079796
0.0636840892
0.0667344567
0.0667154840
0.0636292354
0.0576610357
0.0488230738
0.0381291472
0.0244360273
0.0091684771
-0.0047400257
-0.0184209992
-0.0333191009
-0.0462702825
-0.0542727697
-0.0610430127
-0.0668906179
-0.0706564031
-0.0723712098
-0.0719702267
-0.0698984185
-0.0655683550
-0.0564091518
-0.0433376374
-0.0310519326
-0.0217427254
-0.0148314904
-0.0106277733
-0.0092599259
-0.0094761161
-0.0096942963
-0.0102477092
-0.0123156905
-0.0142513553
-0.0144573860
-0.0139925528
-0.0128377856
-0.0121461750
-0.0123687398
-0.0142592695
-0.0169755008
-0.0203251375
-0.0248519610
-0.0275368432
-0.0276075389
-0.0271772089
-0.0258095328
-0.0221583387
-0.0175814051
-0.0112015009
-0.0042141607
0.0018123734
0.0067047764
0.0117632353
0.0161682418
0.0190910088
0.0193916630
0.0166271461
0.0118365519
0.0079828855
0.0039110560
-0.0003386623
-0.0031400107
-0.0051006062
-0.0056438336
-0.0041251486
-0.0019206038
0.0022372944
0.0076386702
0.0128262619
0.0174446546
0.0206266958
0.0222015537
0.0214526410
0.0188909108
0.0160116827
0.0115971090
0.0050004959
-0.0008425793
-0.0066099222
-0.0136039183
-0.0193287862
-0.0222602011
-0.0244415697
-0.0278946808
-0.0327611689
-0.0374846273
-0.0412291598
-0.0470667957
-0.0556612759
-0.0634065648
-0.0691124371
-0.0735259105
-0.0757805200
-0.0749672554
-0.0729992928
-0.0697356474
-0.0633785412
-0.0565753932
-0.0489232997
-0.0409141028
-0.0337363650
-0.0246996794
-0.0177449420
-0.0129725748
-0.0098559938
-0.0092667730
-0.0094387535
-0.0101214699
-0.0129539031
-0.0168796928
-0.0187065423
-0.0172596892
-0.0138072033
-0.0082326023
-0.0028268611
0.0016611952
0.0065723484
0.0109428863
0.0150402142
0.0176947895
0.0215096436
0.0269887562
0.0330426167
0.0377276757
0.0395704544
0.0386658088
0.0358456703
0.0311672341
0.0269583306
0.0235515211
0.0200285979
0.0176095622
0.0174002799
0.0177375443
0.0178104008
0.0172410599
0.0143287043
0.0096638981
0.0028182244
-0.0046918823
-0.0109230153
-0.0169651281
-0.0227016371
-0.0275144075
-0.0302014735
-0.0301672452
-0.0300136447
-0.0308114306
-0.0295419106
-0.0272560777
-0.0249956805
-0.0227136726
-0.0208530181
-0.0184970209
-0.0151507731
-0.0103628929
-0.0058749859
-0.0010312453
0.0036193953
0.0079316101
0.0115399512
0.0130586023
0.0142020862
0.0172208105
0.0224167108
0.0271433858
0.0294530708
0.0310687176
0.0311893137
0.0294431305
0.0286764928
0.0271966970
0.0253823414
0.0241807684
0.0231102210
0.0218578326
0.0211767610
0.0200714371
0.0174498865
0.0147745621
0.0125404791
0.0096051702
0.0064329169
0.0039435026
0.0015491567
-0.0011099460
-0.0050261002
-0.0105932515
-0.0170892878
-0.0245854036
-0.0328879705
-0.0390832161
-0.0431478860
-0.0453543553
-0.0440681379
-0.0400684277
-0.0354967405
-0.0292119317
-0.0217078021
-0.0135176715
-0.0054488387
0.0011005792
0.0067059228
0.0109495291
0.0163123960
0.0221330234
0.0271472779
0.0320618115
0.0368926359
0.0398324572
0.0408072864
0.0425262646
0.0444413245
0.0448906527
0.0455150375
0.0451869001
0.0443838032
0.0436345862
0.0425568287
0.0422915321
0.0428114040
0.0442244957
0.0456039737
0.0468370730
0.0470614586
0.0468496220
0.0468801154
0.0469414299
0.0455422494
0.0428270083
0.0411463837
0.0396115554
0.0347857889
0.0280955148
0.0213656320
0.0137129891
0.0044238005
-0.0024741854
-0.0077650692
-0.0138617082
-0.0184490819
-0.0217187517
-0.0231599691
-0.0229396690
-0.0226084050
-0.0207327253
-0.0171218141
-0.0139953330
-0.0104144586
-0.0072459320
-0.0048548527
-0.0037682755
-0.0055850261
-0.0096280207
-0.0141670102
-0.0201359662
-0.0278171100
-0.0349787866
-0.0400935961
-0.0437237408
-0.0445320375
-0.0441396401
-0.0441197554
-0.0435616547
-0.0404482805
-0.0364569654
-0.0327117987
-0.0288261491
-0.0237335896
-0.0193939775
-0.0184522011
-0.0189920666
-0.0190390696
-0.0188941628
-0.0189058431
-0.0180198531
-0.0146775825
-0.0097458096
-0.0037932077
0.0014943372
0.0062830009
0.0112186101
0.0147080511
0.0151168487
0.0144602927
0.0125890774
0.0083169645
0.0029868898
-0.0011785164
-0.0029816357
-0.0049104425
-0.0056859392
-0.0038968287
-0.0003194063
0.0035325028
0.0069824623
0.0094640717
0.0114085805
0.0120536552
0.0117898134
0.0107417701
0.0094321072
0.0091996800
0.0089787767
0.0076473310
0.0061590523
0.0049391151
0.0043055216
0.0013639028
-0.0030866520
-0.0051325637
-0.0057842640
-0.0048593490
-0.0022385067
0.0020015757
0.0070345557
0.0105442985
0.0117804128
0.0124654636
0.0125424356
0.0123599797
0.0122341582
0.0121749889
0.0121215272
0.0120590098
0.0119662399
0.0117838668
0.0117316373
0.0133046103
0.0156960988
0.0162560719
0.0173188839
0.0192913895
0.0211312854
0.0235313218
0.0249162284
0.0244235072
0.0229647610
0.0208665037
0.0174699127
0.0127217384
0.0085866412
0.0056366206
0.0024117636
0.0004027542
-0.0006260381
0.0000673367
0.0023261884
0.0037256614
0.0046205082
0.0050209323
0.0046853406
0.0024957833
0.0001886979
-0.0000051345
0.0007830106
0.0033188297
0.0087877400
0.0152869708
0.0214526531
0.0271218860
0.0313836730
0.0345182877
0.0371801798
0.0385894438
0.0392666786
0.0388033062
0.0365775654
0.0329372750
0.0281102733
0.0226925430
0.0160516750
0.0087163826
0.0029117722
-0.0018668849
-0.0070167811
-0.0134973632
-0.0208696253
-0.0268528150
-0.0310569030
-0.0345878459
-0.0373500161
-0.0386434229
-0.0381434205
-0.0368439422
-0.0340855085
-0.0284904361
-0.0221989779
-0.0174259351
-0.0125156478
-0.0068068822
-0.0025851652
-0.0003783105
-0.0001631347
0.0006584436
0.0019787776
0.0032437405
0.0035503210
0.0040466707
0.0050710182
0.0051935021
0.0049159610
0.0047733019
0.0046164374
0.0044905429
0.0046328102
0.0058003066
0.0075243571
0.0098886470
0.0115671342
0.0145620963
0.0195970816
0.0247244623
0.0299188155
0.0358970378
0.0413349690
0.0470407625
0.0530169894
0.0580147145
0.0627273740
0.0668771538
0.0695421023
0.0713903988
0.0700364228
0.0659318786
0.0602804561
0.0519566739
0.0436444897
0.0373443422
0.0324134707
0.0274306049
0.0223467073
0.0179970545
0.0142979909
0.0106904466
0.0076466916
0.0035723743
-0.0016710561
-0.0068308128
-0.0109359774
-0.0146163464
-0.0183328028
-0.0217303176
-0.0241222358
-0.0265628404
-0.0282556640
-0.0291584064
-0.0288302702
-0.0274436524
-0.0269032043
-0.0271495064
-0.0274521162
-0.0286250062
-0.0300453779
-0.0325035702
-0.0365021912
-0.0405629211
-0.0452490959
-0.0501422621
-0.0531294143
-0.0546470136
-0.0562048837
-0.0538663523
-0.0480954262
-0.0396479603
-0.0285782855
-0.0185473140
-0.0109783397
-0.0057709157
-0.0032701872
-0.0028995431
-0.0047221669
-0.0079814688
-0.0111114829
-0.0119727165
-0.0136614929
-0.0151958005
-0.0128249996
-0.0103481235
-0.0078923542
-0.0051008129
-0.0021080535
0.0022991176
0.0058247760
0.0080664683
0.0096493139
0.0116739164
0.0137441084
0.0139815573
0.0141398252
0.0154320700
0.0159632392
0.0157627936
0.0154775235
0.0142574078
0.0133938254
0.0134954714
0.0136124515
0.0135333309
0.0135121471
0.0130790753
0.0116836223
0.0103823026
0.0093774734
0.0090053131
0.0075131159
0.0062369594
0.0083083617
0.0097796622
0.0105857140
0.0125480720
0.0136709633
0.0145222462
0.0156351620
0.0139131492
0.0108696085
0.0086971173
0.0070839835
0.0052048240
0.0031912692
0.0007611525
-0.0010809752
-0.0029397570
-0.0037024988
-0.0034978081
-0.0034002902
-0.0037985053
-0.0061093795
-0.0080928279
-0.0090493800
-0.0113458953
-0.0124009448
-0.0120620473
-0.0112943038
-0.0088297646
-0.0073772331
-0.0076373112
-0.0067896499
-0.0043376512
-0.0030945199
-0.0028640926
-0.0011746968
0.0009015232
0.0031194449
0.0055737182
0.0082986524
0.0096139420
0.0107752545
0.0131814820
0.0137252917
0.0121397901
0.0110392896
0.0106332542
0.0102908609
0.0110904665
0.0115196060
0.0113320557
0.0107436955
0.0088740845
0.0060832696
0.0026696945
-0.0001310967
-0.0026637642
-0.0044633678
-0.0070849960
-0.0099608067
-0.0116882946
-0.0138900124
-0.0170046169
-0.0202491404
-0.0227137584
-0.0259648796
-0.0286007621
-0.0296647527
-0.0313191254
-0.0332894188
-0.0336758430
-0.0332363550
-0.0323101186
-0.0327072146
-0.0335370192
-0.0343150980
-0.0364049383
-0.0379705003
-0.0385025057
-0.0407789825
-0.0423414524
-0.0421640139
-0.0419308799
-0.0421873210
-0.0437319285
-0.0460074942
-0.0468079549
-0.0472801628
-0.0484230621
-0.0489110916
-0.0493545197
-0.0478417815
-0.0457507203
-0.0430024074
-0.0400981904
-0.0371209772
-0.0313004171
-0.0247129785
-0.0184555591
-0.0125740616
-0.0055804821
0.0016843863
0.0063397989
0.0097688379
0.0133416144
0.0164317338
0.0186249831
0.0206679392
0.0210523606
0.0207421042
0.0207150353
0.0207135152
0.0205758784
0.0205215117
0.0205340450
0.0205261948
0.0204578884
0.0203213026
0.0202658743
0.0205788504
0.0228284636
0.0247131238
0.0254657046
0.0277839118
0.0305481922
0.0328735122
0.0344183172
0.0364878739
0.0390691555
0.0420664238
0.0449537629
0.0455366776
0.0450130482
0.0448617189
0.0449393687
0.0449470480
0.0455670668
0.0458201794
0.0448636533
0.0442225711
0.0426632175
0.0404960360
0.0385265403
0.0359660359
0.0332964310
0.0309083369
0.0274324392
0.0227743187
0.0189042178
0.0146217029
0.0104833096
0.0064157676
0.0018735855
-0.0014593584
-0.0044455717
-0.0091154973
-0.0143014110
-0.0181929591
-0.0218341989
-0.0244932497
-0.0262322212
-0.0284707312
-0.0291255499
-0.0288798885
-0.0285076950
-0.0262471256
-0.0222293271
-0.0182682008
-0.0136426520
-0.0079414715
-0.0036135926
-0.0013619416
0.0000261080
-0.0005207033
-0.0021439315
-0.0038105454
-0.0062463460
-0.0094201706
-0.0125927927
-0.0133769963
-0.0128933335
-0.0115329619
-0.0094039929
-0.0086343339
-0.0083054123
-0.0072127197
-0.0067122795
-0.0057800810
-0.0045168999
-0.0028170757
-0.0010464433
0.0009796955
0.0043286352
0.0069354770
0.0082375026
0.0110557797
0.0143345806
0.0158223100
0.0156989701
0.0154441337
0.0154309466
0.0154282113
0.0153046613
0.0135987618
0.0109735018
0.0104158148
0.0107937147
0.0113465223
0.0133264714
0.0158350630
0.0171179514
0.0174872201
0.0181753772
0.0188780998
0.0188283916
0.0168622123
0.0140942989
0.0112682089
0.0076689789
0.0036557242
-0.0001243632
-0.0030250484
-0.0056031369
-0.0088853632
-0.0111709548
-0.0122932273
-0.0142420105
-0.0160551784
-0.0171806619
-0.0180026783
-0.0181452271
-0.0175158451
-0.0162643682
-0.0156978263
-0.0138152447
-0.0117877398
-0.0117420104
-0.0109492048
-0.0082977453
-0.0074221849
-0.0075727585
-0.0054336901
-0.0035344231
-0.0036223685
-0.0025089218
0.0003303543
0.0029856001
0.0046616843
0.0054990981
0.0078303524
0.0082218567
0.0056924779
0.0036390465
0.0014412482
-0.0010176002
-0.0043260669
-0.0073662763
-0.0089548937
-0.0109632646
-0.0132495963
-0.0146942185
-0.0152495080
-0.0166931094
-0.0192754635
-0.0209188522
-0.0219124102
-0.0232788006
-0.0240050040
-0.0239489462
-0.0247108660
-0.0258437576
-0.0267301828
-0.0292629159
-0.0307144450
-0.0312891617
-0.0332873466
-0.0347840738
-0.0347153825
-0.0338953322
-0.0311389599
-0.0271688619
-0.0242878148
-0.0210908263
-0.0176524560
-0.0156342714
-0.0153124046
-0.0146451727
-0.0134393355
-0.0126588378
-0.0099462803
-0.0065445083
-0.0048695452
-0.0039209755
-0.0014568175
0.0022299351
0.0047662667
0.0070910241
0.0095723736
0.0129346147
0.0160215620
0.0198675264
0.0243841243
0.0274573090
0.0289158673
0.0300284127
0.0311010611
0.0312394440
0.0310426639
0.0310094204
0.0301839591
0.0278944658
0.0254463801
0.0238499641
0.0213821920
0.0187406827
0.0143459467
0.0079877613
0.0017699723
-0.0031895652
-0.0085197867
-0.0147946927
-0.0200008813
-0.0224224131
-0.0238680323
-0.0262421022
-0.0288774378
-0.0305658703
-0.0326686974
-0.0349286173
-0.0367038580
-0.0384310785
-0.0396303245
-0.0406917916
-0.0409135800
-0.0403929967
-0.0389831732
-0.0375714183
-0.0355417663
-0.0327340188
-0.0286445386
-0.0236253192
-0.0191963729
-0.0163325240
-0.0132020773
-0.0092797563
-0.0056245067
-0.0040579498
-0.0031432618
-0.0007284781
0.0002267242
-0.0000899662
-0.0001503426
0.0000040476
0.0006884041
0.0020348515
0.0034405087
0.0046957588
0.0064225350
0.0083369410
0.0103339446
0.0128199046
0.0146381397
0.0165573260
0.0179037291
0.0197262813
0.0214822307
0.0217365152
0.0212395592
0.0199676102
0.0187131655
0.0174903902
0.0162865339
0.0152517936
0.0151355229
0.0152998028
0.0147776664
0.0133864710
0.0111299200
0.0085637466
0.0059717563
0.0036512171
0.0005349245
-0.0024208321
-0.0038662545
-0.0051125524
-0.0071524393
-0.0084819670
-0.0095300540
-0.0099817059
-0.0106966565
-0.0105055802
-0.0096185460
-0.0094663526
-0.0096116114
-0.0096096352
-0.0093180163
-0.0080295039
-0.0066054208
-0.0053570567
-0.0049631847
-0.0041256162
-0.0027610415
-0.0009336958
0.0011130844
0.0030520988
0.0055660164
0.0081838911
0.0105859275
0.0132379121
0.0145419150
0.0157430201
0.0181701910
0.0189008090
0.0185468125
0.0180299146
0.0166951844
0.0154268301
0.0144851195
0.0143646827
0.0144331822
0.0143975645
0.0143809560
0.0136137795
0.0122424818
0.0108617399
0.0100789538
0.0101647948
0.0103635379
0.0112775658
0.0135162337
0.0148759754
0.0155082494
0.0178980453
0.0192563618
0.0188640454
0.0176001195
0.0166409562
0.0166777104
0.0168640382
0.0169043142
0.0178081914
0.0190223525
0.0191839204
0.0190109662
0.0183858320
0.0163029112
0.0144604543
0.0119881087
0.0083205037
0.0043568815
0.0006047762
-0.0038345094
-0.0069373008
-0.0091759961
-0.0107103719
-0.0113208637
-0.0131513708
-0.0140924120
-0.0129838507
-0.0122345862
-0.0112100229
-0.0105095172
-0.0104848412
-0.0096544420
-0.0084880978
-0.0084500585
-0.0087000101
-0.0080632863
-0.0066489662
-0.0061120128
-0.0052356640
-0.0042467611
-0.0041824088
-0.0043686373
-0.0051621104
-0.0064085639
-0.0066666654
-0.0064550942
-0.0064010337
-0.0056759887
-0.0035789809
-0.0021866466
-0.0022575297
-0.0024442598
-0.0023708668
-0.0023591993
-0.0024285857
-0.0024339774
-0.0018102835
0.0007947159
0.0028630090
0.0045925185
0.0069835808
0.0085525404
0.0096274589
0.0102374157
0.0095065160
0.0080628746
0.0067760362
0.0058542140
0.0053834619
0.0040713041
0.0033411450
0.0035980142
0.0047582314
0.0057826815
0.0057556718
0.0061764341
0.0082850525
0.0100859490
0.0114187016
0.0133348412
0.0141859383
0.0146006744
0.0157680810
0.0161601909
0.0159065167
0.0158075352
0.0158537902
0.0158160608
0.0149947811
0.0135846608
0.0119156937
0.0097583598
0.0084098449
0.0066285315
0.0047941850
0.0034093792
0.0025800310
0.0025722815
0.0026722439
0.0025941878
0.0023872556
0.0012971100
-0.0000450782
-0.0013895451
-0.0026367392
-0.0039354426
-0.0042558744
-0.0040923409
-0.0040922019
-0.0041843780
-0.0036039395
-0.0023565419
-0.0020599989
-0.0019902942
-0.0007527535
0.0005715212
0.0024285644
0.0040947323
0.0055034921
0.0074052402
0.0086330332
0.0097548424
0.0109888288
0.0119350536
0.0106579132
0.0081320579
0.0072314873
0.0061228674
0.0035318270
0.0017556326
0.0009688286
0.0008591853
0.0008983986
0.0016327369
0.0028767780
0.0030538331
0.0027687973
0.0032181810
0.0045893155
0.0051464889
0.0058260955
0.0067742015
0.0068692767
0.0072060535
0.0084853806
0.0079795999
0.0059681122
0.0032981582
0.0008746617
-0.0016023583
-0.0034215679
-0.0055440410
-0.0068664674
-0.0068305605
-0.0066814807
-0.0067381842
-0.0060262128
-0.0060010060
-0.0069714379
-0.0076649676
-0.0088272690
-0.0094198157
-0.0095097071
-0.0106744645
-0.0116971527
-0.0117014365
-0.0116376944
-0.0116249374
-0.0103555425
-0.0078105252
-0.0052173072
-0.0023102217
0.0005813503
0.0022186361
0.0040584333
0.0049483833
0.0041243907
0.0025818889
0.0012589520
0.0002640777
0.0001045245
0.0000737991
-0.0006926905
-0.0020896984
-0.0024630512
-0.0019975721
-0.0007763904
-0.0001152753
0.0005618918
0.0026303470
0.0040055178
0.0038203206
0.0035343160
0.0035671774
0.0035738233
0.0036561924
0.0046656471
0.0059142871
0.0072191374
0.0091006244
0.0115742167
0.0132416542
0.0147495375
0.0147886155
0.0152191930
0.0165762276
0.0176882289
0.0176522037
0.0174250066
0.0174019189
0.0166401338
0.0142878668
0.0116552340
0.0100177741
0.0074102927
0.0046594009
0.0027485124
-0.0001117011
-0.0024301662
-0.0028694234
-0.0033380595
-0.0027724996
-0.0021951182
-0.0011035808
0.0013225581
0.0035597290
0.0040300191
0.0036740222
0.0035917252
0.0036399335
0.0036059706
0.0035009749
0.0026598060
0.0003236898
-0.0022197990
-0.0035583124
-0.0047491148
-0.0060846881
-0.0081134971
-0.0098811442
-0.0110970725
-0.0122226876
-0.0136002398
-0.0143278744
-0.0142408040
-0.0141685958
-0.0144058940
-0.0158957338
-0.0182254298
-0.0190270365
-0.0181093231
-0.0167104730
-0.0165115784
-0.0165938137
-0.0150812486
-0.0128903668
-0.0122991874
-0.0117999544
-0.0097721698
-0.0081409445
-0.0070681487
-0.0064573786
-0.0065247501
-0.0066977839
-0.0066113194
-0.0055502270
-0.0044804958
-0.0044749839
-0.0041151258
-0.0020959066
0.0005367938
0.0028679054
0.0038413364
0.0039847430
0.0045587510
0.0046126848
0.0043443126
0.0033922530
0.0011577672
-0.0002249182
-0.0005002963
-0.0017302431
-0.0026757359
-0.0032273177
-0.0024607816
-0.0005315146
-0.0002311933
-0.0006504146
-0.0007290345
-0.0005434839
0.0012199574
0.0033760700
0.0038525024
0.0047779019
0.0060778159
0.0073329617
0.0085858644
0.0106147903
0.0120142539
0.0126088216
0.0117437366
0.0110313396
0.0111177905
0.0107919064
0.0091044992
0.0063510477
0.0043239059
0.0031607644
0.0010314541
-0.0015522429
-0.0026558076
-0.0034872552
-0.0060423054
-0.0073525955
-0.0090869146
-0.0113489483
-0.0120323495
-0.0134486019
-0.0155041924
-0.0159662235
-0.0156817325
-0.0154156546
-0.0142429403
-0.0134243315
-0.0128026884
-0.0100632303
-0.0071767650
-0.0057134153
-0.0040191706
-0.0032261615
-0.0027832525
-0.0008397473
0.0004988973
-0.0006597778
-0.0019052168
-0.0024048764
-0.0035524970
-0.0041123674
-0.0043380346
-0.0065615560
-0.0087754147
-0.0100064104
-0.0110783828
-0.0121580620
-0.0125003486
-0.0134599708
-0.0137112276
-0.0123947406
-0.0109902167
-0.0098430072
-0.0082825083
-0.0058786707
-0.0040560333
-0.0030817615
-0.0011698358
0.0010832134
0.0022874316
0.0040994181
0.0063685280
0.0067163065
0.0069663671
0.0070308920
0.0064481876
0.0050608269
0.0037762020
0.0025375720
0.0003059763
-0.0014840227
-0.0024373379
-0.0045715412
-0.0063357733
-0.0080445589
-0.0088916654
-0.0087095945
-0.0080331504
-0.0069349404
-0.0057855268
-0.0049183014
-0.0048765764
-0.0054484290
-0.0065830353
-0.0076015921
-0.0083557910
-0.0081252002
-0.0069481069
-0.0057983388
-0.0046471821
-0.0028440647
-0.0010024506
0.0004067515
0.0021678187
0.0035599679
0.0042656904
0.0040161001
0.0022714656
0.0009956207
-0.0003908931
-0.0023616060
-0.0036461523
-0.0046248243
-0.0061272984
-0.0067521324
-0.0060324637
-0.0048270511
-0.0038127242
-0.0028059505
-0.0009597956
0.0004738481
0.0012611048
0.0019847167
0.0026775314
0.0026353046
0.0023791799
0.0018968253
0.0010100173
0.0005263504
-0.0009594969
-0.0023930388
-0.0026985820
-0.0032872690
-0.0036877679
-0.0042384881
-0.0048603821
-0.0048381907
-0.0046540395
-0.0047008969
-0.0057604248
-0.0063932716
-0.0057882631
-0.0051575082
-0.0043806624
-0.0044554203
-0.0047707704
-0.0054643766
-0.0062783843
-0.0061895242
-0.0058748783
-0.0057170796
-0.0055039552
-0.0047494719
-0.0036815886
-0.0018183206
-0.0000073882
0.0008730968
0.0019538355
0.0037177453
0.0050725090
0.0061284163
0.0075193682
0.0088335060
0.0092794757
0.0093489456
0.0091185540
0.0087777590
0.0084748173
0.0081846876
0.0079013705
0.0076043908
0.0073014212
0.0069991218
0.0067121491
0.0064676975
0.0069514624
0.0075113362
0.0066179283
0.0052301890
0.0044253119
0.0036987871
0.0024790190
0.0009223169
-0.0002576355
-0.0012304512
-0.0022212417
-0.0031607978
-0.0039680680
-0.0042557415
-0.0041290764
-0.0040152776
-0.0039651217
-0.0038345844
-0.0033620346
-0.0025183205
-0.0018246195
-0.0013616889
-0.0006523494
0.0000178731
0.0007599573
0.0010535091
0.0011534508
0.0009983526
0.0004752212
-0.0000818826
-0.0010280653
-0.0023281596
-0.0033220609
-0.0037572374
-0.0044865634
-0.0052304764
-0.0055520892
-0.0057566246
-0.0059797516
-0.0061705340
-0.0062783634
-0.0061545153
-0.0058500977
-0.0057617264
-0.0057460412
-0.0054639044
-0.0053218679
-0.0052374450
-0.0047131439
-0.0041043560
-0.0035312582
-0.0030070633
-0.0025565272
-0.0020271600
-0.0014843877
-0.0010006628
-0.0005791576
-0.0001186796
0.0002649835
0.0004327837
0.0007278188
0.0010868779
0.0012781821
0.0013845062
0.0016069055
0.0017700050
0.0017695429
0.0018026548
0.0018208445
0.0018240194
0.0018307313
0.0017434121
0.0016517534
0.0016219134
0.0016000283
0.0015363053
0.0014958671
0.0014651901
0.0014218626
0.0013990133
0.0013621805
0.0013083218
0.0012640510
0.0012395456
0.0012365392
0.0012344718
0.0012318899
0.0012429009
0.0012526426
0.0012472866
0.0012512176
0.0012450128
0.0012249845
0.0012050702
0.0011877899
0.0011699571
0.0011521775
0.0011405367
0.0011314397
0.0011138830
0.0011005480
0.0010906251
0.0010729008
0.0010525010
0.0010314093
0.0010063849
0.0009820081
0.0009597598
0.0009361574
0.0009128300
0.0008906639
0.0008692687
0.0008484806
0.0008279190
0.0008081194
0.0007899478
0.0007717619
0.0007546528
0.0007386640
0.0007222638
0.0007063106
0.0006913772
0.0006767574
0.0006621338
0.0006478719
0.0006340388
0.0006205714
0.0006074557
0.0005947097
0.0005822497
0.0005700668
0.0005582076
0.0005466601
0.0005353943
0.0005244164
0.0005137311
0.0005033300
0.0004932062
0.0004833563
0.0004737786
