0.0006506507
0.0006404525
0.0006305993
0.0006202827
0.0006103954
0.0006000727
0.0005899826
0.0005794235
0.0005688295
0.0005576023
0.0005460986
0.0005343142
0.0005222106
0.0005097151
0.0004963749
0.0004821897
0.0004671709
0.0004546689
0.0004453107
0.0004399012
0.0004320823
0.0004124435
0.0003819913
0.0003440724
0.0002944692
0.0002462381
0.0002182412
0.0002053912
0.0001949888
0.0001930347
0.0001941359
0.0001981408
0.0001953647
0.0002008333
0.0002115130
0.0002046602
0.0001348739
0.0000332132
-0.0000915055
-0.0002338243
-0.0003574072
-0.0004183503
-0.0004525385
-0.0004859490
-0.0005214771
-0.0005633154
-0.0005623494
-0.0004606683
-0.0003436513
-0.0006040831
-0.0009629491
-0.0009491938
-0.0007180316
-0.0007623109
-0.0009779955
-0.0011033428
-0.0008646681
-0.0005045247
-0.0006505517
-0.0015304364
-0.0014243669
0.0005082918
0.0023892251
0.0016340823
-0.0012341661
-0.0045008101
-0.0054610026
-0.0038282348
-0.0018357549
-0.0013523913
-0.0026278628
-0.0031665359
-0.0029017763
-0.0031783511
-0.0045080614
-0.0058222915
-0.0027338752
0.0042304135
0.0044583240
-0.0102387229
-0.0124626394
-0.0027694899
0.0052878417
0.0029939561
-0.0107283527
-0.0175948096
-0.0052971609
0.0086048216
0.0034024745
-0.0071850115
-0.0084283672
0.0040945085
0.0120728950
-0.0021812017
-0.0183318291
-0.0115496031
0.0047711545
0.0078770288
-0.0085561144
-0.0300025012
-0.0353811032
-0.0061850070
0.0216614939
0.0105482174
-0.0119452570
-0.0127555833
-0.0001605229
0.0101359399
0.0060373445
-0.0051120515
-0.0126038626
-0.0074701150
0.0034395643
-0.0000672965
-0.0103083311
-0.0078063178
-0.0035149302
-0.0063465684
-0.0112212614
-0.0136664842
-0.0117214884
0.0003608780
0.0124640759
0.0013556018
-0.0222113728
-0.0200908484
0.0002598428
0.0159232765
0.0073271776
-0.0134454974
-0.0265802361
-0.0171092622
-0.0008314575
0.0034201441
-0.0051611315
-0.0132566870
-0.0078730832
0.0005105434
-0.0035750270
-0.0107993356
-0.0067986384
0.0018062164
0.0072541980
0.0075286784
-0.0027446322
-0.0174972187
-0.0226007616
-0.0090446030
-0.0046673047
-0.0177923011
-0.0200232241
-0.0143335860
-0.0075177086
0.0001551078
0.0058699162
0.0037392271
-0.0045318363
-0.0020868111
0.0060195729
0.0055504285
-0.0059336489
-0.0131884741
-0.0019918679
0.0107880425
0.0088570975
-0.0010086741
-0.0123165518
-0.0168316646
-0.0002027318
0.0054900040
-0.0104270005
-0.0057315025
0.0191685657
0.0295687904
0.0167239166
-0.0031226520
-0.0132886169
-0.0003245572
0.0123204487
-0.0012898436
-0.0147080141
-0.0083815876
-0.0034794871
-0.0029808774
-0.0022549471
-0.0019604673
-0.0017673932
-0.0028338288
-0.0019621824
0.0021294296
0.0030038955
-0.0002751653
0.0042015333
0.0102525918
0.0056894595
-0.0037555443
-0.0023110681
-0.0040021096
-0.0083107182
-0.0004458930
0.0027088453
0.0080142887
0.0142151637
0.0103851759
0.0022482774
-0.0044868410
-0.0024653361
0.0053425101
0.0134862161
0.0144656197
0.0041386042
-0.0042499621
0.0013118748
0.0053843083
-0.0000518406
-0.0017401322
-0.0009374434
-0.0060920948
-0.0084478319
0.0010372136
0.0079488427
0.0053574719
-0.0006631845
-0.0051740913
-0.0045428966
-0.0028766271
-0.0013305144
-0.0002217614
0.0015522446
0.0026978138
0.0013872020
-0.0024413865
-0.0010338546
0.0094995948
0.0167576061
0.0069777624
-0.0014508030
-0.0052134617
-0.0058265093
-0.0041127597
-0.0020447681
0.0013976441
0.0056068831
0.0073225132
0.0077900751
0.0086530256
0.0099959910
0.0101410267
0.0057766299
-0.0006773562
-0.0048809798
-0.0051358847
-0.0024907586
0.0033623203
0.0111860211
0.0138537144
0.0087766257
0.0083386932
0.0189974269
0.0070419607
0.0047169740
0.0047040653
-0.0136750526
-0.0165585173
0.0030913056
0.0243919539
0.0229305687
-0.0028100781
-0.0046117887
0.0086772974
0.0183764946
0.0240314408
0.0128084316
-0.0036913303
-0.0016404404
0.0125757749
0.0053810313
-0.0104416801
-0.0099254646
0.0106488465
0.0346110339
0.0457532061
0.0275159452
0.0184557549
0.0273557587
0.0214408218
-0.0060438847
-0.0067438650
0.0071218836
0.0084375983
-0.0086379061
-0.0294204273
-0.0289919865
-0.0046573734
0.0158107265
0.0021251115
-0.0254313006
-0.0538271225
-0.0771233181
-0.0778832074
-0.0630564110
-0.0572398253
-0.0572130616
-0.0487507547
-0.0737805975
-0.1066970758
-0.0930967489
-0.0463492455
-0.0109083955
0.0081442568
0.0115247199
-0.0061919136
-0.0158865039
0.0045057130
0.0182262183
0.0103636972
0.0091675942
-0.0085055241
-0.0198717477
-0.0271280748
-0.0445964585
-0.0224342088
0.0236537267
0.0637197736
0.0775145167
0.0730121330
0.0571281458
0.0479177365
0.0333370481
-0.0151990381
-0.0469656792
-0.0170909190
0.0185828169
0.0086596436
-0.0063552031
-0.0247160477
-0.0373485731
0.0035322214
0.0648365092
0.1187745471
0.1614772823
0.1442534077
0.0569074621
-0.0109257393
0.0319089511
0.0925862435
0.0798775796
0.0339863829
-0.0189701710
-0.0775070259
-0.1099947025
-0.0623617211
0.0132012810
0.0297219395
0.0101985235
-0.0220552905
-0.0472465311
-0.0374351754
-0.0024979950
0.0216071527
0.0276506052
0.0107047558
-0.0099541626
-0.0066368071
0.0271537763
0.0740947681
0.1209299642
0.1442052573
0.1169888554
0.0692703816
0.0384538858
0.0604774504
0.1117915947
0.1479257604
0.1591983041
0.1197912438
0.0716941466
0.0434973102
0.0337136172
0.0231922141
-0.0159630800
-0.0608928680
-0.0799247094
-0.0752447012
-0.0665943832
-0.0859371741
-0.1008924505
-0.0664735970
-0.0157806411
-0.0237158809
-0.0530319337
-0.0640747248
-0.0657838244
-0.0743191963
-0.0874093152
-0.0926168508
-0.1137916753
-0.1485863175
-0.1629275935
-0.1294729981
-0.0720684302
-0.0054142921
0.0563369536
0.0733977115
0.0358872269
-0.0270153731
-0.0776742341
-0.0681742148
-0.0119614651
0.0140204654
0.0445886726
0.1115030768
0.1720140380
0.1828847692
0.1646656954
0.1706239646
0.1789958769
0.1440882895
0.1077912985
0.0948260291
0.0916111844
0.1122657236
0.1248873841
0.0901362323
0.0342881065
0.0055140681
0.0126501627
0.0268935225
0.0105614610
-0.0077525760
0.0164342224
0.0541880222
0.0681351712
0.0257802742
-0.0436380837
-0.0644479630
0.0012335492
0.0643827849
0.0525466181
0.0371089254
0.0333853393
0.0092103898
-0.0196715171
-0.0146208132
0.0110386869
0.0051756939
-0.0204813127
-0.0447701841
-0.0532647072
-0.0182986881
0.0295001730
0.0567408567
0.0441514851
0.0238277054
0.0251061815
0.0419959124
0.0452514698
0.0161514717
-0.0382662907
-0.0784468610
-0.0851112998
-0.0728315883
-0.0615974259
-0.0630300529
-0.0708884509
-0.0693106525
-0.0581422045
-0.0500373544
-0.0559424770
-0.0672005533
-0.0730459435
-0.0588678110
-0.0347337645
-0.0240586062
-0.0199186559
0.0074790661
0.0556759955
0.1056832822
0.1238817649
0.0936395120
0.0390107887
0.0328858918
0.0498865503
0.0650882599
0.0836945829
0.0972600458
0.0886928833
0.0572955157
0.0369125010
0.0661405704
0.1188579970
0.1451323873
0.1376425413
0.0933949285
0.0433824009
0.0368267670
0.0697931412
0.0968762759
0.0821366549
0.0547809001
0.0378300239
0.0434190826
0.0637156510
0.0651453836
0.0341508673
-0.0083499319
-0.0353012352
-0.0392825704
-0.0593618669
-0.1283401820
-0.1664293794
-0.1666674200
-0.1656795665
-0.1720671193
-0.1809512605
-0.1874072276
-0.1916366893
-0.1957202107
-0.1991304563
-0.1976340926
-0.1888118702
-0.1802586557
-0.1812390423
-0.1880569865
-0.1849883825
-0.1691631577
-0.1522328479
-0.1338559155
-0.1212575028
-0.1157153101
-0.0829844975
-0.0363396310
0.0013505728
0.0281885847
0.0388620052
0.0339892822
0.0238475437
0.0124185826
0.0058100890
0.0125846798
0.0210391902
0.0042260884
-0.0076529811
0.0124532678
0.0357498637
0.0346882679
0.0182936020
0.0033889080
-0.0007542958
0.0005778561
-0.0013978484
-0.0156950025
-0.0404905673
-0.0563072755
-0.0401692537
-0.0114597313
-0.0101623161
-0.0229501469
-0.0387622718
-0.0608106389
-0.0848715267
-0.0940818181
-0.0720059034
-0.0685470597
-0.0830376960
-0.0840941835
-0.0889651996
-0.1002442099
-0.1027848911
-0.0915374364
-0.0801163166
-0.0807545763
-0.0901800896
-0.0894630736
-0.0723553405
-0.0485815228
-0.0297568822
-0.0254814548
-0.0290378174
-0.0194940051
-0.0078187675
-0.0075377453
-0.0137400666
-0.0196724829
-0.0250368095
-0.0207573363
-0.0013048390
0.0209219095
0.0322563380
0.0355512599
0.0364571182
0.0420624566
0.0564832645
0.0681183007
0.0548640560
0.0226442747
-0.0064395509
-0.0235472395
-0.0261651011
-0.0051692639
0.0081556533
-0.0146749984
-0.0325670008
-0.0085478461
0.0274508202
0.0497933825
0.0462711339
0.0275800095
0.0226516318
0.0719082243
0.1379093482
0.1801577523
0.1900065631
0.1961317518
0.2126754023
0.2188328545
0.1956322647
0.1482361064
0.1023411717
0.0836770966
0.0627054727
0.0303720494
0.0160834690
0.0333074904
0.0531721678
0.0445229565
0.0225244758
0.0235294965
0.0393171437
0.0545632069
0.0599026328
0.0397357214
0.0227937260
0.0210593703
0.0136158372
-0.0039526765
-0.0235948419
-0.0393946549
-0.0445848407
-0.0505027886
-0.0677600651
-0.0878507308
-0.1007978051
-0.1170749733
-0.1319819835
-0.1249609716
-0.1212369350
-0.1377466691
-0.1289894136
-0.0938063525
-0.0552376241
-0.0195781649
0.0091164444
0.0269878817
0.0482861140
0.0665698399
0.0601155559
0.0449389753
0.0366083315
0.0315989370
0.0177877464
0.0000268335
-0.0151182877
-0.0230927357
-0.0207403532
-0.0198379651
-0.0317236133
-0.0475152480
-0.0654863245
-0.0858296254
-0.0958769688
-0.0712435490
-0.0292353211
0.0141255581
0.0585595073
0.0997738419
0.1310239204
0.1542617771
0.1717520878
0.1708905190
0.1508939436
0.1373222776
0.1330717275
0.1306744378
0.1324355050
0.1361200730
0.1423569488
0.1505148051
0.1591046961
0.1626851132
0.1502864909
0.1316509987
0.1162291255
0.1007724987
0.0897981433
0.0871401255
0.0784353154
0.0544083421
0.0352901115
0.0329190276
0.0339493002
0.0221480789
-0.0081549775
-0.0431998449
-0.0698201199
-0.0873423237
-0.0982032332
-0.1051448589
-0.1044424191
-0.1022522633
-0.0992110741
-0.0906918650
-0.0738719537
-0.0531049440
-0.0380321273
-0.0466405033
-0.0709531959
-0.0870190942
-0.0691043925
-0.0322214419
0.0039239218
0.0287205648
0.0341602307
0.0346337726
0.0353506631
0.0358151359
0.0358306073
0.0384601151
0.0448964828
0.0495850792
0.0289932466
-0.0273957867
-0.0973183824
-0.1613119359
-0.1988575803
-0.2040025789
-0.2124692203
-0.2289384147
-0.2489424599
-0.2702397421
-0.2769966083
-0.2442392818
-0.1963275392
-0.1539643196
-0.1256602940
-0.1057094775
-0.0864839368
-0.0786786332
-0.0918827540
-0.0892556530
-0.0462993936
-0.0014231560
0.0064821938
-0.0070204383
-0.0118224113
0.0067595148
0.0214564889
0.0381658526
0.0715579150
0.1048255396
0.1260571434
0.1359661703
0.1290496633
0.1099637450
0.0902002230
0.0699182032
0.0553569296
0.0479403308
0.0519734763
0.0526063703
0.0468464626
0.0447250771
0.0633978117
0.1000279599
0.1405968338
0.1694773426
0.1678001771
0.1538473857
0.1461201039
0.1523757209
0.1585013731
0.1390483996
0.0994595779
0.0563032721
0.0287765527
0.0250347318
0.0235123630
0.0035470565
-0.0236088455
-0.0437476714
-0.0431952805
-0.0366538280
-0.0342747180
-0.0373775775
-0.0457415518
-0.0632463055
-0.0843400499
-0.1044467713
-0.1243555802
-0.1424109599
-0.1525767113
-0.1426353087
-0.1224520426
-0.0988305291
-0.0709397916
-0.0434728072
-0.0225156602
-0.0020891853
0.0262107562
0.0566409107
0.0839769056
0.1067306420
0.1222120173
0.1222461940
0.1182541819
0.1283065657
0.1426100827
0.1567303602
0.1776685036
0.1978942207
0.2131436983
0.2248829421
0.2234142350
0.1812350977
0.1184706799
0.0555892118
-0.0056974498
-0.0651873048
-0.1243697684
-0.1779910352
-0.2119921483
-0.2190531238
-0.2219484723
-0.2120025586
-0.1582724716
-0.0812285777
-0.0007195929
0.0596508664
0.0668075204
0.0672277273
0.0827262110
0.0808664519
0.0650281840
0.0463150659
0.0282492094
0.0141609141
0.0146133835
0.0198325961
0.0278474347
0.0380857755
0.0470821559
0.0520041839
0.0477510140
0.0431795074
0.0413672026
0.0339840874
0.0125145341
-0.0107533487
-0.0262646379
-0.0331321713
-0.0333329462
-0.0262620455
-0.0121633215
0.0013324732
0.0103297517
0.0289146071
0.0663191675
0.0998356306
0.1069500254
0.1044051226
0.1068456333
0.1027309584
0.0889769967
0.0681107229
0.0434453222
0.0230230445
0.0193830147
0.0142682678
0.0015577722
-0.0106849950
-0.0071479714
0.0218650884
0.0585165725
0.0871352021
0.0934339766
0.0867464179
0.0710062402
0.0404548178
0.0052024297
-0.0244540213
-0.0353321655
-0.0383250324
-0.0481678393
-0.0727635779
-0.1006114387
-0.1214489099
-0.1369777157
-0.1489649205
-0.1558528703
-0.1570766837
-0.1559862832
-0.1517210588
-0.1459366601
-0.1438702188
-0.1520325625
-0.1641817152
-0.1710445515
-0.1580406200
-0.1334297908
-0.1283904831
-0.1659554628
-0.1969351093
-0.2030817242
-0.2040162351
-0.1966044185
-0.1691650706
-0.1342509691
-0.1062376419
-0.0671784516
-0.0248250862
-0.0002124998
0.0200819423
0.0536153505
0.0929533873
0.1270266058
0.1371222296
0.1135308998
0.0995109926
0.1220189302
0.1519058831
0.1739429006
0.1867411353
0.1931922680
0.1925363118
0.2019361805
0.2295945493
0.2456113925
0.2136632018
0.1621521347
0.1082260621
0.0602526139
0.0385663983
0.0348996280
0.0182718883
-0.0068045425
-0.0180245232
-0.0129884921
-0.0064389054
-0.0135120661
-0.0381306070
-0.0675862920
-0.0885826670
-0.0889150335
-0.0885039577
-0.0953549788
-0.1009239215
-0.0990749304
-0.0905347570
-0.0803759328
-0.0741513864
-0.0816509611
-0.1003249819
-0.1173830804
-0.1145257641
-0.0903898123
-0.0714473491
-0.0789464544
-0.0868127047
-0.0789812197
-0.0665176767
-0.0564588201
-0.0533687590
-0.0539395524
-0.0548593775
-0.0548016522
-0.0566201483
-0.0617873188
-0.0627329502
-0.0498157851
-0.0335057121
-0.0219141317
-0.0143679738
-0.0088543739
-0.0002516774
0.0237500429
0.0568101276
0.0790649438
0.0681838621
0.0480690010
0.0608107759
0.0880363694
0.1123130890
0.1251026332
0.1140510008
0.0771172565
0.0386640047
0.0133525674
-0.0215575875
-0.0404181432
-0.0484693076
-0.0631946486
-0.0712180033
-0.0439857314
-0.0021438450
0.0418596217
0.0859686378
0.1104967940
0.0964829093
0.0618966912
0.0227683032
0.0102124604
0.0139856022
-0.0021346796
-0.0321025344
-0.0394487079
-0.0256780258
-0.0198565942
-0.0175109053
-0.0107594324
-0.0137439334
-0.0313075321
-0.0492890990
-0.0598685075
-0.0480049488
-0.0278437826
-0.0130154471
-0.0101826032
-0.0305719140
-0.0544852575
-0.0585772688
-0.0630074816
-0.0416900738
0.0072210230
0.0460466407
0.0434589105
0.0279548723
0.0331254059
0.0562136038
0.0873918246
0.1124352034
0.1095806675
0.0738928875
0.0545603927
0.0601834619
0.0645189591
0.0645416774
0.0597479359
0.0484153838
0.0475855947
0.0596002690
0.0760981658
0.0929604490
0.0989539363
0.0764071854
0.0495515782
0.0218422769
-0.0282474425
-0.0695757197
-0.0820832991
-0.0927807431
-0.0815716922
-0.0520312524
-0.0442618590
-0.0587230545
-0.0856523949
-0.1038033353
-0.0835090718
-0.0479362644
-0.0243224611
-0.0209274811
-0.0133337147
0.0068500040
0.0294443310
0.0533308367
0.0754860516
0.0926804202
0.1014939316
0.1076814025
0.1100676608
0.1089855038
0.1066553990
0.1076505765
0.1153426099
0.1183429246
0.0879067886
0.0347713220
-0.0074893048
-0.0109491203
-0.0056118212
-0.0179412792
-0.0210573191
-0.0080484963
0.0083842394
0.0151354916
0.0022966113
-0.0180691585
-0.0317274296
-0.0253667956
-0.0087808597
0.0043845226
0.0075488297
-0.0017391340
-0.0072095320
0.0082557841
0.0272837274
0.0183940370
0.0157162309
0.0178591062
0.0034517134
-0.0225192881
-0.0471563437
-0.0545605434
-0.0477619776
-0.0391566664
-0.0341600400
-0.0290395404
-0.0132655633
0.0129228089
0.0442815254
0.0614085280
0.0293051771
-0.0250021386
-0.0432994217
-0.0281732320
-0.0139184524
-0.0178965986
-0.0383702298
-0.0455648805
-0.0128989101
0.0199294254
0.0129810570
-0.0135515642
-0.0169894419
-0.0249590981
-0.0498449312
-0.0843297155
-0.1211632761
-0.1365211448
-0.1076372410
-0.0688804568
-0.0424671545
-0.0239672419
-0.0257469604
-0.0394936223
-0.0318130263
-0.0144144701
-0.0217227735
-0.0474052451
-0.0638951299
-0.0545808097
-0.0303388045
-0.0007340001
0.0341886717
0.0720226525
0.0843067491
0.0388412273
-0.0157426920
-0.0244519304
-0.0038749758
0.0145585176
0.0111024516
-0.0045096400
-0.0276333183
-0.0377936984
-0.0142145932
0.0010992252
0.0037885655
0.0157822936
0.0010062859
-0.0349044501
-0.0683925440
-0.0743104067
-0.0559475407
-0.0422508931
-0.0618330120
-0.0941341220
-0.0986068633
-0.0529649580
-0.0218780455
-0.0377721513
-0.0460173655
-0.0316760244
-0.0154228626
-0.0040808600
0.0061489506
0.0172816487
0.0295948994
0.0418538481
0.0544636706
0.0675453070
0.0787020538
0.0832901936
0.0853313970
0.0874556745
0.0830417514
0.0637235313
0.0344768907
0.0021700076
-0.0249024863
-0.0291787785
-0.0198491410
-0.0196554815
-0.0206997075
-0.0139090309
-0.0125234473
-0.0155334810
-0.0142767146
-0.0190310363
-0.0388907974
-0.0612033943
-0.0789168844
-0.0922234374
-0.1026562133
-0.0897253909
-0.0665223009
-0.0409812677
-0.0090455803
0.0297153017
0.0538622441
0.0169450157
-0.0597842049
-0.0844314322
-0.0683496358
-0.0425718139
-0.0306670967
-0.0595049252
-0.0768526674
-0.0484360913
-0.0166383559
-0.0208628207
-0.0359452452
-0.0348971323
-0.0251547232
-0.0155776437
-0.0125778272
-0.0215564779
-0.0261195287
-0.0095924517
0.0110119140
0.0013714341
-0.0244319964
-0.0384793361
-0.0345208766
-0.0197937291
-0.0058067034
0.0004363135
0.0049049256
0.0186534625
0.0359979375
0.0491016577
0.0542955829
0.0487969039
0.0305614139
0.0135125343
0.0110722217
0.0070088892
0.0065544779
0.0093127959
0.0084700626
0.0203950988
0.0406601295
0.0612484256
0.0801013847
0.0929471219
0.0985807279
0.1007564442
0.1043563476
0.0907893249
0.0568126097
0.0157541757
-0.0179914562
-0.0222162634
-0.0039159827
0.0173808782
0.0326947305
0.0390247761
0.0600525239
0.1029886419
0.1470876741
0.1666750486
0.1585123337
0.1525506886
0.1569125359
0.1421136980
0.1144375806
0.0848941090
0.0543449829
0.0276493863
0.0129437822
0.0057249459
-0.0007068314
-0.0059926366
-0.0096542179
-0.0114974741
-0.0184802519
-0.0433068908
-0.0769338993
-0.1058182339
-0.1164098447
-0.1088850233
-0.0942889930
-0.0880166820
-0.0940639231
-0.0916970389
-0.0801171621
-0.0735650748
-0.0921647681
-0.1236373026
-0.1498925984
-0.1572931513
-0.1561475596
-0.1701788797
-0.1832930782
-0.1581734874
-0.1157900061
-0.0812760490
-0.0716940823
-0.0795412872
-0.0897388165
-0.0943447862
-0.0765965205
-0.0469570223
-0.0184223767
-0.0047466524
-0.0103010182
-0.0185128241
-0.0181581325
-0.0148597434
-0.0124165018
-0.0108191545
-0.0068576490
0.0037887204
0.0153216851
0.0144431465
0.0123677166
0.0289569529
0.0570730317
0.0900772798
0.1177968622
0.1111626385
0.0667361701
0.0337887865
0.0367354809
0.0586329169
0.0879468991
0.1077006977
0.1011666149
0.0947173384
0.1175949910
0.1434298350
0.1492807914
0.1500113203
0.1574682895
0.1455318197
0.1091399099
0.0674543663
0.0352243049
0.0198039445
0.0057762396
-0.0105075572
-0.0094919851
0.0129288738
0.0436584016
0.0737096780
0.0891774532
0.0748357779
0.0503627549
0.0263948353
0.0036195704
-0.0135079952
-0.0178095037
-0.0165385432
-0.0104521027
0.0112957679
0.0388266964
0.0624354968
0.0735551029
0.0796362496
0.0865425774
0.0897430390
0.0801129945
0.0641676156
0.0600754076
0.0731440521
0.0897983270
0.0988797118
0.1026374316
0.1066015884
0.1091903603
0.0970731714
0.0641371315
0.0227706318
-0.0129108907
-0.0285292783
-0.0291417671
-0.0359248924
-0.0471071810
-0.0587289131
-0.0684726688
-0.0707215115
-0.0655029130
-0.0578460352
-0.0522062522
-0.0563350557
-0.0694105224
-0.0857184997
-0.1031991361
-0.1164558663
-0.1147410855
-0.1058175177
-0.1034166363
-0.1076547580
-0.1129938240
-0.1135017152
-0.1051710256
-0.0963565552
-0.0945215431
-0.0943185698
-0.0899750403
-0.0853860028
-0.0878401423
-0.0910203909
-0.0739520783
-0.0358819706
0.0054751767
0.0358882548
0.0504910434
0.0612248554
0.0655548519
0.0470308006
0.0188030963
-0.0104872255
-0.0410978032
-0.0666152391
-0.0791703330
-0.0884004290
-0.1110872738
-0.1183562522
-0.0963183282
-0.0646049793
-0.0305821717
-0.0027882123
0.0001876614
-0.0169577439
-0.0328050424
-0.0467359383
-0.0600636163
-0.0679619521
-0.0673214805
-0.0567159492
-0.0416033352
-0.0335609608
-0.0284982749
-0.0223052989
-0.0179898509
-0.0224779551
-0.0341074488
-0.0440822751
-0.0455699812
-0.0430877674
-0.0393139969
-0.0239390449
0.0108533418
0.0519136920
0.0919394767
0.1337318772
0.1779414303
0.2162613657
0.2258877996
0.2086446539
0.1791789751
0.1346194389
0.0812118294
0.0246863223
-0.0207308908
-0.0215874257
0.0051380493
0.0350093181
0.0639132752
0.0940223553
0.1263410134
0.1534804413
0.1586577093
0.1461182782
0.1204027367
0.0896205416
0.0574487446
0.0278011143
0.0177157746
0.0267801673
0.0447209223
0.0516377394
0.0121960897
-0.0498089445
-0.0862065863
-0.0736531329
-0.0518393662
-0.0783592146
-0.1422799034
-0.1985850765
-0.1794434352
-0.0566767842
0.0464234247
0.0668181837
0.0838056422
0.1242805738
0.1617094167
0.1611334667
0.1393024628
0.1156086348
0.0882712324
0.0654677385
0.0734554813
0.0885399534
0.0778774342
0.0408400793
0.0109790035
0.0237735009
0.0598993519
0.0948136488
0.1048368204
0.0774921594
0.0435687202
0.0214360590
0.0008246997
-0.0322594589
-0.0681866698
-0.0854751795
-0.0619624206
-0.0240497316
0.0165958795
0.0576612413
0.0782384981
0.0549636301
0.0168866613
-0.0187899100
-0.0540471273
-0.0872408009
-0.1134519213
-0.1265214156
-0.1123908790
-0.0749517562
-0.0346145020
0.0062316153
0.0558304668
0.1148292505
0.1570034583
0.1300360531
0.0654177752
0.0006857390
-0.0530520036
-0.0903363448
-0.1296020764
-0.1626564699
-0.1595060344
-0.1342618564
-0.1031488445
-0.0708561538
-0.0555078725
-0.0626014831
-0.0713803923
-0.0662634842
-0.0507962361
-0.0484334034
-0.0661427621
-0.0987539031
-0.1401682677
-0.1625837525
-0.1370056241
-0.0808309861
-0.0128928002
0.0417022120
0.0302740576
-0.0286868471
-0.0920856698
-0.1271558002
-0.1259604266
-0.1219487128
-0.1307763965
-0.1476027810
-0.1556022469
-0.1431742309
-0.1180495476
-0.0733704391
-0.0095562918
0.0417308083
0.0254773458
-0.0247008086
-0.0434117671
-0.0483047038
-0.0554177472
-0.0563618777
-0.0531994109
-0.0481023394
-0.0425132738
-0.0401179144
-0.0553539394
-0.0805453942
-0.0998042383
-0.1059062906
-0.1050899800
-0.1067442387
-0.1036038479
-0.0689570581
-0.0302771045
0.0019232732
0.0454240415
0.0791105312
0.1261354077
0.1975778370
0.2397130158
0.2633182685
0.2812729789
0.3053619702
0.3179647893
0.3006653531
0.2967597991
0.2505113060
0.1383692673
0.0313287264
-0.0418556720
-0.0853388798
-0.1183453883
-0.1428339821
-0.1497916535
-0.1536009655
-0.1517706823
-0.1139769409
-0.0511077709
0.0047186493
0.0200100887
0.0134278710
0.0078578575
0.0091594118
0.0229933434
0.0326328504
0.0260334357
0.0119360640
-0.0074387968
-0.0322221205
-0.0488314290
-0.0355320926
-0.0119597964
0.0071144481
0.0235486155
0.0374489259
0.0521348269
0.0668818903
0.0832839203
0.1015916658
0.1268450855
0.1580940275
0.1847906122
0.1825608979
0.1637226121
0.1489560981
0.1521372072
0.1670333219
0.1674651801
0.1486043721
0.1221195451
0.0916656436
0.0587036692
0.0299051820
0.0074531325
-0.0150647743
-0.0399140571
-0.0615394644
-0.0694845633
-0.0651298413
-0.0565575472
-0.0452044287
-0.0321272848
-0.0212136871
-0.0153171098
-0.0104532362
-0.0051009815
-0.0000959782
0.0040991813
0.0079971419
0.0131260059
0.0184348371
0.0228200529
0.0265214116
0.0298230632
0.0325261166
0.0329105242
0.0301740110
0.0257390463
0.0218016199
0.0239624137
0.0360766583
0.0454451508
0.0370763537
0.0238502356
0.0255345539
0.0372629501
0.0472967911
0.0530210916
0.0581392929
0.0610501314
0.0541121826
0.0405545733
0.0256396764
0.0097635094
-0.0049284019
-0.0124865979
-0.0110683470
-0.0072835418
-0.0034839943
0.0011131881
0.0061463349
0.0076067261
0.0003662492
-0.0103704002
-0.0212645417
-0.0309575598
-0.0347292058
-0.0340947964
-0.0328977080
-0.0357400875
-0.0441039076
-0.0491779976
-0.0441755963
-0.0359498200
-0.0274485026
-0.0188052850
-0.0123004224
-0.0110252690
-0.0117570384
-0.0124386205
-0.0130706165
-0.0132418006
-0.0137004710
-0.0169348932
-0.0238189672
-0.0291422976
-0.0261316960
-0.0175300083
-0.0081961336
0.0023878411
0.0139681447
0.0206307294
0.0114234507
-0.0039966848
-0.0192940144
-0.0346190210
-0.0465843598
-0.0540916898
-0.0603747379
-0.0643495680
-0.0576700469
-0.0436931534
-0.0298309481
-0.0211049533
-0.0153574239
-0.0117762036
-0.0089227517
-0.0004381273
0.0121732272
0.0257101327
0.0383517382
0.0449165993
0.0452144460
0.0440427843
0.0396046052
0.0239413851
0.0032402110
-0.0183380689
-0.0369082713
-0.0424510015
-0.0361173500
-0.0186882659
0.0073551420
0.0352071369
0.0610719657
0.0806913358
0.0960938805
0.1017079114
0.0769596577
0.0314018748
-0.0182230265
-0.0597595000
-0.0702437749
-0.0633568462
-0.0535607001
-0.0441562884
-0.0388539348
-0.0402235585
-0.0352315259
-0.0322361262
-0.0388274902
-0.0456969729
-0.0446331609
-0.0369836108
-0.0315629836
-0.0350259266
-0.0419027716
-0.0374948791
-0.0268362734
-0.0167701846
-0.0104694709
-0.0079922263
-0.0060740933
-0.0041910038
-0.0030635955
-0.0019649025
0.0034246460
0.0171994796
0.0342050457
0.0513679488
0.0675103382
0.0780468693
0.0818122831
0.0774108257
0.0613182281
0.0409611511
0.0205756881
-0.0007883930
-0.0201777649
-0.0336224987
-0.0428608393
-0.0530204622
-0.0640060365
-0.0714887812
-0.0647479125
-0.0511030504
-0.0404816326
-0.0420257897
-0.0488389535
-0.0520501924
-0.0435632574
-0.0278433872
-0.0135768867
-0.0053479536
-0.0009614918
-0.0004477776
-0.0054147843
-0.0120828545
-0.0192978715
-0.0257400520
-0.0281524432
-0.0262512782
-0.0231782710
-0.0203582448
-0.0177806603
-0.0143051512
-0.0076108607
0.0007641004
0.0081342614
0.0114949167
0.0115397709
0.0088572274
-0.0003346355
-0.0125786122
-0.0210333745
-0.0256522316
-0.0333137525
-0.0469439158
-0.0625968280
-0.0721901574
-0.0621929891
-0.0449579918
-0.0286243259
-0.0123787588
0.0051621254
0.0250994182
0.0395702908
0.0319967453
0.0069467816
-0.0227045464
-0.0487798052
-0.0560057028
-0.0436496766
-0.0260199624
-0.0075180534
0.0112206806
0.0232346617
0.0220680077
0.0162742557
0.0110110430
0.0049276627
-0.0016290399
-0.0064186090
-0.0029238496
0.0055890608
0.0151924154
0.0242250539
0.0299562726
0.0312290062
0.0310622151
0.0311243274
0.0316517445
0.0315419582
0.0271753547
0.0171872990
0.0046613628
-0.0085370244
-0.0181712021
-0.0168331614
-0.0114030312
-0.0064616633
-0.0003710966
0.0067243999
0.0102136735
0.0000025797
-0.0174647342
-0.0348001474
-0.0483349270
-0.0558750329
-0.0623429028
-0.0682520311
-0.0696922976
-0.0652140814
-0.0586835026
-0.0508635449
-0.0421987989
-0.0326857040
-0.0226361619
-0.0151062365
-0.0153802902
-0.0187053827
-0.0217856453
-0.0253356435
-0.0291936168
-0.0318768832
-0.0300835161
-0.0262927251
-0.0235526379
-0.0222207108
-0.0175561752
0.0009698384
0.0275485059
0.0443069337
0.0424919107
0.0347188291
0.0276390208
0.0204389025
0.0133169487
0.0057329184
-0.0023431892
-0.0104415035
-0.0147569373
-0.0119132386
-0.0066796735
-0.0013298486
0.0063895732
0.0164504370
0.0278376137
0.0381919396
0.0439071994
0.0455818016
0.0502848999
0.0597810466
0.0624056315
0.0526882960
0.0393579375
0.0262283063
0.0135136105
0.0008903731
-0.0131020008
-0.0285240146
-0.0386930852
-0.0307282278
-0.0124421634
0.0069302047
0.0225752007
0.0257329902
0.0236582561
0.0185281324
0.0090526581
-0.0021656455
-0.0111298757
-0.0114362562
-0.0062756677
-0.0005451661
0.0048454193
0.0093190732
0.0136236690
0.0181120027
0.0229970022
0.0273116226
0.0287812458
0.0260547965
0.0219870217
0.0177746277
0.0139660150
0.0122107122
0.0129840736
0.0146560002
0.0158381350
0.0146936866
0.0117592923
0.0085905376
0.0055767896
0.0026960259
-0.0007047968
-0.0051608003
-0.0080021368
-0.0023814148
0.0096003063
0.0123367097
-0.0008661072
-0.0183302710
-0.0322588641
-0.0410740772
-0.0486409584
-0.0602083627
-0.0667117092
-0.0694948205
-0.0707210527
-0.0719070430
-0.0728138706
-0.0745448303
-0.0770968106
-0.0764159174
-0.0649947052
-0.0488346460
-0.0392374426
-0.0320592174
-0.0227312385
-0.0124587475
-0.0020271008
0.0075279995
0.0150273886
0.0213281041
0.0272328558
0.0297900542
0.0264740774
0.0209925371
0.0172105198
0.0181454261
0.0214006245
0.0247046426
0.0294327160
0.0355414151
0.0414310667
0.0437097826
0.0421975932
0.0396682756
0.0379644218
0.0372477185
0.0369425511
0.0363528402
0.0357224373
0.0355400396
0.0358464772
0.0340004279
0.0258672013
0.0151737345
0.0049706736
-0.0058598766
-0.0168453927
-0.0255514125
-0.0267260725
-0.0249249396
-0.0231025072
-0.0212255373
-0.0193058769
-0.0178237274
-0.0172798032
-0.0171057976
-0.0168622627
-0.0166214436
-0.0162957469
-0.0161202447
-0.0159267473
-0.0155592785
-0.0143180497
-0.0126799970
-0.0110018301
-0.0093893989
-0.0077681090
-0.0062146215
-0.0046785610
-0.0031601113
-0.0014634930
0.0002804046
0.0019896275
0.0035578087
0.0051671112
0.0069732191
0.0086819711
0.0084442156
0.0050646584
0.0009621878
-0.0019650252
-0.0040250489
-0.0058543216
-0.0077900360
-0.0091299343
-0.0093476557
-0.0090481799
-0.0080210739
-0.0042284933
0.0011119238
0.0066446945
0.0120009758
0.0168677079
0.0204468668
0.0234034333
0.0262159811
0.0290215840
0.0317202818
0.0337217388
0.0340952413
0.0339366443
0.0337457278
0.0335536512
0.0334285146
0.0330178464
0.0313330591
0.0285151741
0.0254778958
0.0225699444
0.0198453899
0.0171474856
0.0139882627
0.0103556441
0.0067348752
0.0028714663
-0.0013906958
-0.0034680480
0.0006606373
0.0068677170
0.0077028937
0.0043620856
0.0004314059
-0.0029945810
-0.0060997646
-0.0088969550
-0.0119333492
-0.0148228179
-0.0155956578
-0.0112499205
-0.0054777973
-0.0003554555
0.0043244088
0.0086547958
0.0126539657
0.0156410293
0.0166049578
0.0162200911
0.0143638725
0.0119776788
0.0098133619
0.0077283793
0.0059551703
0.0047369377
0.0040358345
0.0034681354
0.0029735336
0.0025062016
0.0020760579
0.0016947576
0.0014678602
0.0013898712
0.0013601339
0.0013003904
0.0012243428
0.0011436065
0.0011271488
0.0011818556
0.0012301126
0.0012306642
0.0011988621
0.0011424233
0.0010706690
0.0009233672
0.0006026691
0.0001958593
-0.0001874028
-0.0005314355
-0.0008031519
-0.0009714242
-0.0011047873
-0.0012425617
-0.0013717723
-0.0015024107
-0.0016436109
-0.0018070563
-0.0019644590
-0.0021069686
-0.0022401272
-0.0023766070
-0.0025129037
-0.0026362140
-0.0027368266
-0.0028145150
-0.0028856720
-0.0029591436
-0.0030359760
-0.0031137253
-0.0031892071
-0.0032629520
-0.0033348155
-0.0034057246
-0.0034752470
-0.0035426653
-0.0036082373
-0.0036736593
-0.0037393201
-0.0038041923
-0.0038664575
-0.0039263747
-0.0039866659
-0.0040480430
-0.0041098311
-0.0041700630
-0.0042277273
-0.0042829251
-0.0043355947
-0.0043853209
-0.0044318313
-0.0044752887
-0.0045157745
-0.0045532972
-0.0045877935
-0.0046192051
-0.0046474918
-0.0046726389
-0.0046946181
-0.0047133969
-0.0047289333
-0.0047411937
-0.0047501447
-0.0047557554
-0.0047579982
-0.0047568449
-0.0047522705
