-0.0304775321
-0.0303025117
-0.0301230015
-0.0299390115
-0.0297505426
-0.0295576061
-0.0293601995
-0.0291583584
-0.0289520926
-0.0287414081
-0.0285263073
-0.0283068126
-0.0280829207
-0.0278546241
-0.0276219017
-0.0273847520
-0.0271431940
-0.0268972240
-0.0266469154
-0.0263922663
-0.0261333402
-0.0258700775
-0.0256025011
-0.0253305481
-0.0250542879
-0.0247737420
-0.0244891025
-0.0242003213
-0.0239075344
-0.0236106683
-0.0233097097
-0.0230045033
-0.0226950715
-0.0223813744
-0.0220638609
-0.0217431576
-0.0214206395
-0.0210976498
-0.0207751859
-0.0204512382
-0.0201210728
-0.0197809822
-0.0194328678
-0.0190800900
-0.0187228298
-0.0183574288
-0.0179824293
-0.0176000936
-0.0172155214
-0.0168316431
-0.0164471941
-0.0160591305
-0.0156679924
-0.0152757885
-0.0148848140
-0.0144958690
-0.0141099042
-0.0137269082
-0.0133451796
-0.0129592531
-0.0125623524
-0.0121551039
-0.0117464475
-0.0113334551
-0.0109062459
-0.0104607518
-0.0100033419
-0.0095430098
-0.0090877097
-0.0086386318
-0.0081932267
-0.0077483467
-0.0073053676
-0.0068661312
-0.0064403218
-0.0060392455
-0.0056682644
-0.0053137935
-0.0049377378
-0.0045178891
-0.0040730103
-0.0036066817
-0.0031007597
-0.0025419969
-0.0019441034
-0.0013325459
-0.0007253281
-0.0001357949
0.0004228937
0.0009587050
0.0014832819
0.0019964997
0.0024925316
0.0029744536
0.0034437555
0.0038900667
0.0043018754
0.0046910501
0.0050757431
0.0054713604
0.0059119983
0.0064213894
0.0069862980
0.0075930853
0.0082014962
0.0087603754
0.0092543680
0.0097063360
0.0101320698
0.0105407366
0.0109430561
0.0113651949
0.0118297275
0.0123341917
0.0128447122
0.0133420263
0.0138147669
0.0142372209
0.0145860034
0.0148803357
0.0151859318
0.0155828352
0.0161214329
0.0168024345
0.0176022093
0.0184558522
0.0192350964
0.0198956052
0.0205186974
0.0212028697
0.0219507023
0.0226761048
0.0233046325
0.0238235277
0.0242594414
0.0246824375
0.0250974996
0.0254550838
0.0256992975
0.0258450389
0.0259850949
0.0262400790
0.0266301090
0.0270726745
0.0275394792
0.0280592834
0.0286501110
0.0293096601
0.0299749100
0.0305982045
0.0312103258
0.0318889871
0.0326696609
0.0334988709
0.0342897157
0.0349967909
0.0356034143
0.0361216172
0.0365796560
0.0369714476
0.0372152166
0.0371818993
0.0368328362
0.0363135961
0.0359875925
0.0360309519
0.0362794082
0.0366594079
0.0371353099
0.0377214784
0.0384169279
0.0391535205
0.0398807994
0.0405984214
0.0412852191
0.0419176006
0.0425138815
0.0431099110
0.0436388491
0.0440585946
0.0444221087
0.0447857024
0.0451686934
0.0456142598
0.0461300068
0.0466696016
0.0471940495
0.0476464038
0.0479742937
0.0481982857
0.0483234865
0.0483156399
0.0481323651
0.0477706764
0.0472644801
0.0467086540
0.0463710858
0.0466105397
0.0475501144
0.0489181868
0.0501459544
0.0508580436
0.0512298700
0.0517368374
0.0525450009
0.0534695129
0.0544613783
0.0557346016
0.0574688528
0.0593851991
0.0605354647
0.0606674952
0.0605398768
0.0605919976
0.0605849797
0.0603321324
0.0599264997
0.0592219747
0.0579171764
0.0561524839
0.0543579097
0.0527820321
0.0515727302
0.0506603777
0.0499487705
0.0498675577
0.0509516899
0.0533941182
0.0570265417
0.0613004887
0.0648104151
0.0658917235
0.0649556749
0.0641024083
0.0641310769
0.0643992687
0.0639864315
0.0622902353
0.0592324804
0.0555562030
0.0531253894
0.0527631260
0.0530549682
0.0530174065
0.0527565539
0.0530101779
0.0545737276
0.0577205157
0.0616658420
0.0653310649
0.0676837360
0.0683627201
0.0685463336
0.0694223032
0.0702466731
0.0701250615
0.0695353102
0.0687306446
0.0669952350
0.0635853598
0.0586047138
0.0534732505
0.0496073464
0.0478053826
0.0477232714
0.0478276995
0.0475847259
0.0477418907
0.0490974244
0.0520274668
0.0562761301
0.0606696284
0.0641975862
0.0663772563
0.0669834814
0.0666993248
0.0664909913
0.0665988834
0.0668136594
0.0669672670
0.0669961767
0.0668806786
0.0665844429
0.0660280139
0.0648151769
0.0624790812
0.0591458662
0.0557374548
0.0526694994
0.0496807726
0.0473684275
0.0465278205
0.0466491665
0.0469136791
0.0479374939
0.0506115867
0.0544687819
0.0580165730
0.0598193123
0.0596364091
0.0584487851
0.0572968732
0.0562835305
0.0547756661
0.0522319063
0.0487059879
0.0452799796
0.0438546778
0.0446858452
0.0461865307
0.0471661908
0.0475226903
0.0478034112
0.0484104172
0.0493613295
0.0503583755
0.0512771461
0.0521613751
0.0525878280
0.0521531291
0.0510500873
0.0494567730
0.0472250792
0.0444033772
0.0412202360
0.0382336098
0.0359839517
0.0342805718
0.0328766472
0.0319790925
0.0314365985
0.0309636755
0.0308317447
0.0315243498
0.0333961625
0.0366176438
0.0406514554
0.0444236889
0.0466849116
0.0463647408
0.0441220872
0.0418445721
0.0401795634
0.0384016183
0.0355881578
0.0318810849
0.0281577075
0.0250248401
0.0227447010
0.0211141391
0.0194862457
0.0173098692
0.0154284261
0.0148120817
0.0151265555
0.0156085237
0.0160279199
0.0164699488
0.0169229415
0.0172508573
0.0172473492
0.0168674612
0.0163629632
0.0159584618
0.0155951298
0.0150639955
0.0143844703
0.0137368858
0.0131788056
0.0125695122
0.0117938682
0.0108120884
0.0095667299
0.0079825629
0.0059922007
0.0035701583
0.0010379201
-0.0008403642
-0.0014445993
-0.0008791845
0.0002813757
0.0018012689
0.0038936654
0.0063964791
0.0085411644
0.0096970353
0.0097765519
0.0091009207
0.0081099313
0.0067517429
0.0043773493
0.0002423821
-0.0054923782
-0.0110631139
-0.0135003697
-0.0126639499
-0.0116504500
-0.0121294255
-0.0136634695
-0.0150911330
-0.0156750281
-0.0151566087
-0.0134142078
-0.0103857702
-0.0066644064
-0.0034739301
-0.0021595274
-0.0029288467
-0.0045482795
-0.0056855899
-0.0063604755
-0.0076969879
-0.0109730069
-0.0166023013
-0.0234636065
-0.0287807675
-0.0316746899
-0.0336721106
-0.0349613839
-0.0350099209
-0.0341519792
-0.0324758429
-0.0294596225
-0.0250471906
-0.0200126878
-0.0167538344
-0.0169824653
-0.0192350542
-0.0210421518
-0.0213529277
-0.0206890262
-0.0198133828
-0.0190216372
-0.0184602254
-0.0186073412
-0.0201446698
-0.0238025506
-0.0297609575
-0.0367857638
-0.0415347691
-0.0423341432
-0.0413006840
-0.0406161270
-0.0407896742
-0.0412358666
-0.0411405664
-0.0398410778
-0.0371472768
-0.0335118013
-0.0298266234
-0.0267767790
-0.0246083938
-0.0235608447
-0.0235720715
-0.0237391202
-0.0233221007
-0.0226525350
-0.0226079692
-0.0235785290
-0.0255327735
-0.0281738640
-0.0308096151
-0.0327251699
-0.0340209233
-0.0345228533
-0.0340969685
-0.0335615316
-0.0333355963
-0.0332794466
-0.0331595311
-0.0330814394
-0.0332893301
-0.0339037341
-0.0348177985
-0.0358107100
-0.0366067797
-0.0369979033
-0.0369116957
-0.0363783774
-0.0353912777
-0.0340865223
-0.0328153485
-0.0319676279
-0.0316071722
-0.0319252160
-0.0337456805
-0.0383557845
-0.0465425022
-0.0572436369
-0.0660821405
-0.0693043838
-0.0677765472
-0.0644233884
-0.0618052674
-0.0608249606
-0.0605227941
-0.0596547143
-0.0582617510
-0.0574582796
-0.0578057394
-0.0586462697
-0.0597182126
-0.0617847537
-0.0659744341
-0.0727024536
-0.0806904121
-0.0871204508
-0.0906716617
-0.0920703543
-0.0921453314
-0.0921123515
-0.0928994837
-0.0944999418
-0.0964550725
-0.0981138601
-0.0996179996
-0.1020881559
-0.1064481606
-0.1125014383
-0.1186195952
-0.1234587054
-0.1270947238
-0.1292156817
-0.1299040040
-0.1307195502
-0.1326614981
-0.1348326400
-0.1360558109
-0.1362052613
-0.1356229021
-0.1345264408
-0.1332178051
-0.1323453441
-0.1324051390
-0.1333136484
-0.1349921531
-0.1379666844
-0.1431327348
-0.1505903299
-0.1586679411
-0.1646953554
-0.1671266277
-0.1675396726
-0.1692527287
-0.1727786534
-0.1738817326
-0.1661309370
-0.1490157069
-0.1324036897
-0.1288566414
-0.1374967335
-0.1457977212
-0.1471018047
-0.1435566469
-0.1391321224
-0.1355339461
-0.1331975034
-0.1323467447
-0.1330086094
-0.1344613445
-0.1358428663
-0.1367196305
-0.1368757195
-0.1360760793
-0.1343464154
-0.1321106065
-0.1303862825
-0.1299385379
-0.1305701188
-0.1317618117
-0.1334307934
-0.1359439634
-0.1399087918
-0.1453636122
-0.1511255535
-0.1553113978
-0.1579542911
-0.1607338473
-0.1637856848
-0.1661620070
-0.1682915905
-0.1710389967
-0.1741632086
-0.1770970462
-0.1800990071
-0.1838069272
-0.1876191097
-0.1907461709
-0.1932875390
-0.1953531049
-0.1971656614
-0.1988643219
-0.2006985690
-0.2024644999
-0.2039252704
-0.2051780386
-0.2050504856
-0.2020579185
-0.1959439891
-0.1879668120
-0.1805613759
-0.1759843023
-0.1748261680
-0.1759413699
-0.1774918150
-0.1784623868
-0.1786300717
-0.1780460094
-0.1765212304
-0.1732094389
-0.1672217344
-0.1588825041
-0.1500371983
-0.1434581634
-0.1407249625
-0.1409180265
-0.1419494738
-0.1422358973
-0.1415625682
-0.1405652099
-0.1396572792
-0.1384863034
-0.1362256662
-0.1320185060
-0.1255288642
-0.1173112463
-0.1086157548
-0.1006637703
-0.0932447219
-0.0851244568
-0.0764499431
-0.0690116364
-0.0639855125
-0.0605377162
-0.0571631547
-0.0532084091
-0.0490535743
-0.0451968795
-0.0416424098
-0.0379659243
-0.0340669210
-0.0303767898
-0.0271741134
-0.0240818084
-0.0205986657
-0.0165827167
-0.0121377636
-0.0073267604
-0.0023345753
0.0023170182
0.0065908780
0.0112058324
0.0160588025
0.0202305025
0.0234421798
0.0264889615
0.0300443749
0.0338060988
0.0371176884
0.0399668284
0.0425895439
0.0451223815
0.0475245328
0.0496800890
0.0514317728
0.0527695022
0.0537959230
0.0548403214
0.0560766598
0.0581115707
0.0614785731
0.0656254889
0.0698689202
0.0740002149
0.0778410627
0.0813153825
0.0845448956
0.0880525282
0.0926298833
0.0991975251
0.1080872217
0.1184154759
0.1283993190
0.1367236281
0.1431405941
0.1478690584
0.1508804882
0.1530208667
0.1557013060
0.1585073671
0.1589979177
0.1549054546
0.1461529792
0.1362609431
0.1294235490
0.1247236524
0.1193749524
0.1142709561
0.1104586048
0.1070566355
0.1033294995
0.0983737821
0.0924284301
0.0874447210
0.0834275614
0.0790322647
0.0749090241
0.0726750804
0.0707191026
0.0673524750
0.0636719698
0.0608639052
0.0592011935
0.0589231537
0.0604893729
0.0642551648
0.0709936819
0.0821913705
0.0973067519
0.1125088781
0.1229045492
0.1283208935
0.1328939359
0.1387180104
0.1459401961
0.1553740587
0.1668159357
0.1786053523
0.1897051603
0.1993897093
0.2057165855
0.2085706355
0.2105342536
0.2117083855
0.2101773482
0.2037710149
0.1914609308
0.1772002445
0.1702989591
0.1727963354
0.1768927988
0.1784038852
0.1781490078
0.1774861954
0.1773583082
0.1787830641
0.1819410495
0.1862882958
0.1911729816
0.1969834486
0.2040435023
0.2124519117
0.2222809263
0.2310893310
0.2357279914
0.2375945155
0.2399836887
0.2426941075
0.2432615831
0.2402091413
0.2300453986
0.2089860549
0.1790937710
0.1519042353
0.1331942794
0.1155084008
0.0914821241
0.0628297890
0.0360917988
0.0199054680
0.0169376579
0.0155497513
0.0067006992
-0.0053048369
-0.0107588228
-0.0027838814
0.0181333128
0.0413175665
0.0487071487
0.0370646492
0.0232903226
0.0184017663
0.0207188160
0.0254000934
0.0298938013
0.0311983364
0.0249424535
0.0077819292
-0.0187026300
-0.0481962681
-0.0716568132
-0.0825351583
-0.0860120566
-0.0913824924
-0.0998208107
-0.1085209127
-0.1162087427
-0.1233786869
-0.1310598481
-0.1407012155
-0.1507443920
-0.1560199363
-0.1517346153
-0.1387680943
-0.1217061568
-0.1064772125
-0.0998406163
-0.1028289307
-0.1073045718
-0.1075220403
-0.1057843665
-0.1044425849
-0.1026103423
-0.0993092039
-0.0950248759
-0.0905275571
-0.0865264955
-0.0838467801
-0.0825781624
-0.0825030915
-0.0831408991
-0.0839557912
-0.0842394040
-0.0836225019
-0.0829942652
-0.0850430660
-0.0925094565
-0.1060914655
-0.1226713308
-0.1366155006
-0.1445456478
-0.1494280606
-0.1555975609
-0.1638547042
-0.1726914486
-0.1805388809
-0.1862808188
-0.1900741461
-0.1929829310
-0.1953799238
-0.1976891535
-0.2014121985
-0.2075038330
-0.2141804159
-0.2172845764
-0.2121007143
-0.1950208749
-0.1668022149
-0.1344939034
-0.1097904772
-0.1034165658
-0.1150462150
-0.1285963684
-0.1300388836
-0.1227603702
-0.1159437517
-0.1127812338
-0.1122493992
-0.1135657237
-0.1156721417
-0.1168424172
-0.1159621308
-0.1133800208
-0.1096514598
-0.1050550188
-0.1002211028
-0.0956298379
-0.0914653117
-0.0879956758
-0.0853575518
-0.0833800121
-0.0816348023
-0.0795899696
-0.0770716134
-0.0742829235
-0.0712558050
-0.0679048335
-0.0643208536
-0.0606522355
-0.0570771696
-0.0538992181
-0.0516545526
-0.0514281600
-0.0544172044
-0.0604484984
-0.0678282534
-0.0728932946
-0.0739045621
-0.0732277854
-0.0714927884
-0.0683814174
-0.0654550676
-0.0630466563
-0.0602133871
-0.0569117700
-0.0535803560
-0.0506801220
-0.0489263937
-0.0495163915
-0.0529574333
-0.0576150583
-0.0621485889
-0.0674979100
-0.0728596279
-0.0766977154
-0.0786817217
-0.0784261322
-0.0755239583
-0.0712019638
-0.0677543271
-0.0664194097
-0.0672126643
-0.0685407034
-0.0663764924
-0.0561648425
-0.0362652573
-0.0087200996
0.0211059484
0.0434813702
0.0562778170
0.0678481448
0.0816607603
0.0959684435
0.1085183767
0.1186984845
0.1273309978
0.1349192038
0.1407383620
0.1450832937
0.1494727934
0.1547364191
0.1606495874
0.1658811007
0.1685696472
0.1677140056
0.1642929068
0.1619863236
0.1657670340
0.1779715783
0.1946319835
0.2106218507
0.2247808123
0.2340623642
0.2342053227
0.2283950109
0.2250435572
0.2276697633
0.2334387338
0.2393810194
0.2450748354
0.2512941295
0.2585319027
0.2662939318
0.2733965864
0.2788207010
0.2820584275
0.2834058031
0.2844997332
0.2869741308
0.2907178709
0.2949579246
0.2993523076
0.3033284034
0.3059779441
0.3071275183
0.3076340873
0.3086680112
0.3108029484
0.3137222727
0.3158389970
0.3140174892
0.3047572459
0.2867243052
0.2637202438
0.2448317415
0.2390051185
0.2435906450
0.2464199176
0.2423463772
0.2378335144
0.2432225226
0.2623579447
0.2871332934
0.3022093759
0.3001056790
0.2881252355
0.2794553222
0.2794283630
0.2829283050
0.2812067781
0.2689667104
0.2472584704
0.2220425524
0.1998376854
0.1889522899
0.1873174806
0.1823169141
0.1712763099
0.1583817996
0.1459851228
0.1347687099
0.1259271933
0.1202241304
0.1167144019
0.1139935344
0.1109647838
0.1072175959
0.1034469938
0.1002676977
0.0971635415
0.0930508179
0.0878623725
0.0824879212
0.0776639141
0.0736642207
0.0706667000
0.0686672619
0.0671650735
0.0654371721
0.0630998950
0.0602357066
0.0571267605
0.0537416555
0.0499928642
0.0459927010
0.0420194958
0.0383511559
0.0352080454
0.0327379699
0.0306503267
0.0283748331
0.0255372313
0.0221637286
0.0184998781
0.0151844669
0.0130381858
0.0123915081
0.0127784001
0.0133707146
0.0133496660
0.0121494297
0.0094424126
0.0050959110
-0.0007698157
-0.0079795025
-0.0159378551
-0.0227187521
-0.0259001752
-0.0259388100
-0.0256116619
-0.0262091416
-0.0268841356
-0.0265715172
-0.0250496055
-0.0223480355
-0.0185470681
-0.0138056781
-0.0089905336
-0.0055227180
-0.0044611810
-0.0058217542
-0.0079753809
-0.0092694767
-0.0094156137
-0.0093480983
-0.0102673768
-0.0134516566
-0.0199858117
-0.0297926689
-0.0403051371
-0.0482779787
-0.0513267717
-0.0502665698
-0.0497505484
-0.0517432519
-0.0547906614
-0.0577450025
-0.0606785765
-0.0633506811
-0.0648848016
-0.0646296002
-0.0624750064
-0.0582031641
-0.0514286381
-0.0420670882
-0.0312452865
-0.0199071557
-0.0082345917
0.0032018287
0.0142301451
0.0240291361
0.0301039888
0.0319535211
0.0326772154
0.0361756181
0.0415089713
0.0433881190
0.0372298738
0.0221185102
0.0021482937
-0.0130255686
-0.0188155038
-0.0206846734
-0.0231047627
-0.0260842320
-0.0300744707
-0.0332890475
-0.0282098793
-0.0071685545
0.0269256953
0.0593147288
0.0710380169
0.0618776111
0.0539888264
0.0592122793
0.0697063195
0.0769471064
0.0801718980
0.0776631600
0.0664007064
0.0485638264
0.0326667261
0.0302011655
0.0419562601
0.0542814107
0.0587970388
0.0568410853
0.0522240685
0.0445655006
0.0311180994
0.0107404349
-0.0120728053
-0.0323441291
-0.0500467133
-0.0678743803
-0.0866542478
-0.1045726911
-0.1178583962
-0.1227698139
-0.1215844402
-0.1222059492
-0.1238589943
-0.1153514958
-0.0862826470
-0.0396475483
0.0064547279
0.0237329533
0.0080588718
-0.0121553541
-0.0159870455
-0.0047884368
0.0086587332
0.0140458280
0.0060043946
-0.0195405840
-0.0612342227
-0.1069513013
-0.1368852216
-0.1492402684
-0.1647712057
-0.1930754777
-0.2276522305
-0.2612457742
-0.2906876472
-0.3120087709
-0.3206875153
-0.3167457167
-0.3102084582
-0.3113802556
-0.3205950890
-0.3333666128
-0.3460222146
-0.3564999525
-0.3625894725
-0.3611459705
-0.3494458623
-0.3268034085
-0.2965587993
-0.2662793095
-0.2469491138
-0.2425031518
-0.2414660181
-0.2315623674
-0.2123387842
-0.1903660236
-0.1712189912
-0.1571740830
-0.1480612311
-0.1444610549
-0.1442931225
-0.1423391097
-0.1363686269
-0.1276614126
-0.1178091304
-0.1078556837
-0.0988926285
-0.0918762783
-0.0866687106
-0.0826530388
-0.0789383172
-0.0747967623
-0.0693676041
-0.0617219799
-0.0514160285
-0.0385779982
-0.0230448928
-0.0043010109
0.0179094420
0.0402706435
0.0602301938
0.0808791905
0.1033468288
0.1218724970
0.1340904717
0.1433946731
0.1512469816
0.1579540435
0.1646043047
0.1691867200
0.1650365538
0.1457904437
0.1120847555
0.0783105705
0.0663775672
0.0758654463
0.0862396656
0.0891901362
0.0882673896
0.0874491668
0.0873418457
0.0873997230
0.0883624902
0.0908392309
0.0933846060
0.0940365040
0.0923532090
0.0886313786
0.0824840939
0.0741401768
0.0663286876
0.0624484193
0.0624255520
0.0630630571
0.0620611785
0.0597174131
0.0571805567
0.0552666195
0.0540098334
0.0531507095
0.0523054873
0.0511327829
0.0493388579
0.0469113496
0.0441100713
0.0411869740
0.0381561641
0.0348692987
0.0311238074
0.0267967928
0.0219303055
0.0168928398
0.0122416009
0.0076520776
0.0023214722
-0.0042239243
-0.0125237643
-0.0230699978
-0.0355933871
-0.0479482944
-0.0587267749
-0.0695436305
-0.0809514781
-0.0908639862
-0.0977329252
-0.1023950919
-0.1064637643
-0.1096512574
-0.1115023150
-0.1120459586
-0.1109725740
-0.1082288777
-0.1051500734
-0.1036300910
-0.1046381714
-0.1070616401
-0.1090120186
-0.1100565653
-0.1105870998
-0.1110677938
-0.1127742902
-0.1175501811
-0.1266885443
-0.1394376939
-0.1516494387
-0.1586722017
-0.1616015761
-0.1646604590
-0.1682686748
-0.1717228445
-0.1762666415
-0.1815476402
-0.1858207780
-0.1890545489
-0.1918116149
-0.1921538303
-0.1887284773
-0.1836357523
-0.1791706578
-0.1754150407
-0.1713451011
-0.1666572101
-0.1619415369
-0.1577885769
-0.1541513345
-0.1505509707
-0.1463422156
-0.1403463639
-0.1310036001
-0.1172400851
-0.0995130979
-0.0803243540
-0.0630593387
-0.0479630266
-0.0324320071
-0.0166913612
-0.0020495752
0.0125189968
0.0279576467
0.0435713074
0.0588125283
0.0738268583
0.0876631341
0.0996680885
0.1104928171
0.1198386870
0.1277452671
0.1356433504
0.1441395032
0.1524518057
0.1597910226
0.1661587007
0.1719609618
0.1777086091
0.1840567628
0.1913846478
0.1993824032
0.2074818829
0.2154195327
0.2234646071
0.2320608061
0.2416456642
0.2523364220
0.2636488212
0.2751619325
0.2868475113
0.2984401664
0.3094712508
0.3193758345
0.3277034035
0.3349388076
0.3416542917
0.3486274733
0.3564911821
0.3647296388
0.3730056384
0.3815160677
0.3888361446
0.3936746422
0.3968029275
0.3991707042
0.4023422536
0.4077771931
0.4141120085
0.4184380971
0.4192222736
0.4178982526
0.4168969440
0.4158466396
0.4116096256
0.4014947421
0.3861441020
0.3690830839
0.3528142953
0.3365672248
0.3186858531
0.3022093996
0.2878957663
0.2689566603
0.2421422517
0.2096003700
0.1737775756
0.1402957999
0.1176388549
0.1080711474
0.1065212399
0.1036550880
0.0924981579
0.0760924455
0.0631986621
0.0585090301
0.0606701459
0.0655988712
0.0686973920
0.0670537536
0.0583989489
0.0448361831
0.0322313418
0.0218532171
0.0116054628
0.0014086363
-0.0066142884
-0.0107329013
-0.0110731445
-0.0100287189
-0.0105764955
-0.0137274467
-0.0182244239
-0.0229956617
-0.0292906751
-0.0389128147
-0.0533965362
-0.0724194460
-0.0913887786
-0.1013987837
-0.1010273349
-0.0998283257
-0.1035072749
-0.1097926510
-0.1150740208
-0.1184059300
-0.1196229071
-0.1174018431
-0.1109517719
-0.1014623662
-0.0909969269
-0.0802414572
-0.0689976655
-0.0573793179
-0.0464009851
-0.0369603100
-0.0286214174
-0.0220982746
-0.0177373964
-0.0126122352
-0.0049584892
0.0033695143
0.0120698187
0.0224110142
0.0337277533
0.0438054564
0.0523763132
0.0591124775
0.0628636783
0.0642667620
0.0663256888
0.0697485262
0.0708223526
0.0660039126
0.0558460611
0.0459013850
0.0412896427
0.0404302142
0.0405155290
0.0409232429
0.0407686178
0.0391682138
0.0370610726
0.0351780355
0.0331639155
0.0326724034
0.0388542203
0.0534234153
0.0702990832
0.0821320106
0.0845250606
0.0815100001
0.0810203738
0.0841197103
0.0857119599
0.0802106609
0.0650752469
0.0422101624
0.0183423340
0.0062880831
0.0064967263
0.0027204144
-0.0105665004
-0.0269512628
-0.0410421335
-0.0514707244
-0.0589810954
-0.0646483342
-0.0685897204
-0.0712459891
-0.0734981038
-0.0766400286
-0.0800513207
-0.0811793490
-0.0772610718
-0.0676834958
-0.0529311023
-0.0356363858
-0.0212201949
-0.0174704959
-0.0229091509
-0.0253606333
-0.0195989473
-0.0089904292
0.0023713239
0.0122419668
0.0201713710
0.0267977369
0.0312044286
0.0315026352
0.0297296188
0.0290306071
0.0291150732
0.0270233199
0.0191079622
0.0043302292
-0.0133513627
-0.0273761166
-0.0312955598
-0.0267271358
-0.0242321074
-0.0292497208
-0.0382446956
-0.0450661583
-0.0471469513
-0.0452803049
-0.0413950647
-0.0377774010
-0.0358042728
-0.0356332831
-0.0369755675
-0.0394500443
-0.0424908800
-0.0449979593
-0.0466260467
-0.0480779515
-0.0503197908
-0.0536751678
-0.0580683979
-0.0635800791
-0.0702892321
-0.0774199147
-0.0845556811
-0.0911385360
-0.0965416651
-0.1017726452
-0.1071736628
-0.1114534862
-0.1140019207
-0.1151860773
-0.1154311162
-0.1151539865
-0.1144621800
-0.1131365970
-0.1110429933
-0.1089959829
-0.1080285972
-0.1078786055
-0.1075880857
-0.1067371717
-0.1053686804
-0.1037120101
-0.1020237610
-0.1004013352
-0.0989678046
-0.0979317072
-0.0970698671
-0.0961022546
-0.0951644966
-0.0944538005
-0.0939263123
-0.0933562625
-0.0927179035
-0.0925912669
-0.0940363674
-0.0981224156
-0.1049918445
-0.1126106296
-0.1174541303
-0.1176183735
-0.1128942751
-0.1026792641
-0.0870861519
-0.0692940808
-0.0555222995
-0.0517598407
-0.0553399526
-0.0583249324
-0.0578480318
-0.0553154083
-0.0522941065
-0.0497091619
-0.0485982007
-0.0499345130
-0.0542098590
-0.0607060486
-0.0671609613
-0.0725815894
-0.0782443292
-0.0839611541
-0.0902610507
-0.0987797363
-0.1085004985
-0.1185702062
-0.1289303320
-0.1384469230
-0.1450501968
-0.1485999481
-0.1517878591
-0.1551691377
-0.1569712796
-0.1566260376
-0.1557171684
-0.1557518168
-0.1561444716
-0.1557447344
-0.1545115802
-0.1531154480
-0.1520203536
-0.1513499784
-0.1511185355
-0.1511626165
-0.1513159776
-0.1515013795
-0.1512848473
-0.1498748419
-0.1465245481
-0.1409906591
-0.1336300550
-0.1255056068
-0.1183718009
-0.1142975677
-0.1136984407
-0.1148140923
-0.1156798188
-0.1155760666
-0.1151858006
-0.1153282013
-0.1163772163
-0.1180920314
-0.1194924234
-0.1191557089
-0.1160934834
-0.1097349885
-0.0999186175
-0.0881028708
-0.0775007168
-0.0702667875
-0.0662054267
-0.0637151008
-0.0619235327
-0.0612596738
-0.0613436637
-0.0613335778
-0.0618356582
-0.0651292399
-0.0726542986
-0.0829699544
-0.0917749655
-0.0964127336
-0.0983167397
-0.0992712754
-0.0997378387
-0.1001890377
-0.1014018380
-0.1033570394
-0.1049718881
-0.1049365266
-0.1021897536
-0.0963688864
-0.0876783533
-0.0769156813
-0.0661448190
-0.0573934417
-0.0513919736
-0.0481688858
-0.0476517388
-0.0480557128
-0.0463514815
-0.0440990861
-0.0466615904
-0.0580602258
-0.0761418935
-0.0938936202
-0.1021599867
-0.1010596119
-0.1004094339
-0.1027754685
-0.1055877518
-0.1092949845
-0.1149387595
-0.1201816373
-0.1208477166
-0.1147164636
-0.1044213767
-0.0942935482
-0.0877974412
-0.0875501642
-0.0913320451
-0.0934237080
-0.0919946576
-0.0887861993
-0.0856485722
-0.0832333707
-0.0813497502
-0.0793052025
-0.0769646153
-0.0749947700
-0.0746031621
-0.0768582706
-0.0821061578
-0.0887698061
-0.0943481208
-0.0965403590
-0.0960925493
-0.0966191668
-0.0999097325
-0.1047768474
-0.1087627460
-0.1107796679
-0.1118891414
-0.1130262366
-0.1138377012
-0.1144739346
-0.1150971926
-0.1152496594
-0.1147316406
-0.1135122434
-0.1111708289
-0.1074348221
-0.1023753628
-0.0962483624
-0.0894817986
-0.0830837534
-0.0786492234
-0.0766846742
-0.0759394602
-0.0745060635
-0.0715162289
-0.0682396453
-0.0673198622
-0.0714130670
-0.0803474116
-0.0887899877
-0.0912609865
-0.0886463675
-0.0850217352
-0.0823209883
-0.0803020040
-0.0781294366
-0.0745206653
-0.0688197303
-0.0619500895
-0.0563494323
-0.0537321248
-0.0532417304
-0.0526329878
-0.0503107605
-0.0461913609
-0.0412521400
-0.0363680300
-0.0316014000
-0.0265987008
-0.0214378439
-0.0162237471
-0.0107564272
-0.0055581269
-0.0026589322
-0.0021268287
-0.0012527273
0.0010653110
0.0039492937
0.0065416456
0.0086192052
0.0101096555
0.0110501618
0.0115700129
0.0120705398
0.0130761447
0.0152728760
0.0191273103
0.0243935324
0.0302836159
0.0362063574
0.0419788436
0.0474263296
0.0525163815
0.0574736404
0.0622987051
0.0666197515
0.0698264389
0.0720187460
0.0740624799
0.0762560978
0.0783030585
0.0798152574
0.0804649558
0.0800555152
0.0787573322
0.0773385296
0.0769851802
0.0782277401
0.0804679492
0.0831234965
0.0864106329
0.0905162707
0.0947387069
0.0980995655
0.1002908858
0.1017350935
0.1027256353
0.1035591404
0.1047899253
0.1065285034
0.1083114526
0.1098845154
0.1113767398
0.1128957499
0.1143063267
0.1154177742
0.1161501792
0.1167020087
0.1174791907
0.1189708350
0.1215044042
0.1248784486
0.1286119511
0.1325019528
0.1363672515
0.1395632143
0.1410710373
0.1402537503
0.1375410269
0.1343038900
0.1321451112
0.1311256914
0.1297914962
0.1269857133
0.1230496866
0.1185684446
0.1129507743
0.1060199740
0.1003022176
0.0979492382
0.0979420731
0.0981298076
0.0966087189
0.0929069269
0.0876264820
0.0806985261
0.0721944539
0.0639978491
0.0582955452
0.0551241630
0.0543669668
0.0565096015
0.0600775241
0.0632582070
0.0664260999
0.0709038348
0.0760795370
0.0795469757
0.0803836977
0.0800470115
0.0799164750
0.0802361057
0.0807698831
0.0811735716
0.0809380641
0.0798670117
0.0779982044
0.0756394688
0.0738373806
0.0732748417
0.0731559150
0.0724923603
0.0709380179
0.0687802884
0.0665973683
0.0651698348
0.0650791829
0.0668884036
0.0715531921
0.0798937350
0.0914238717
0.1035138116
0.1127213270
0.1183123315
0.1226923870
0.1274304200
0.1310105357
0.1323041703
0.1322018559
0.1320380658
0.1322674461
0.1319393493
0.1293391158
0.1235266952
0.1152599021
0.1071852559
0.1007934275
0.0945394580
0.0868423631
0.0779534528
0.0694173997
0.0617460247
0.0542092869
0.0468079880
0.0403432560
0.0352289503
0.0315563315
0.0300233952
0.0295487797
0.0276273035
0.0242464813
0.0215174290
0.0204717502
0.0203420737
0.0201292681
0.0191863982
0.0174004960
0.0150182455
0.0123942692
0.0098777878
0.0076758603
0.0057813453
0.0042156653
0.0028670521
0.0014155045
-0.0006410385
-0.0039678507
-0.0090130202
-0.0154673804
-0.0222052044
-0.0274649806
-0.0306435766
-0.0329251993
-0.0347451431
-0.0359756808
-0.0369643614
-0.0376514204
-0.0373190083
-0.0358424734
-0.0339538999
-0.0326748973
-0.0324123070
-0.0326597825
-0.0325903452
-0.0317313328
-0.0301480333
-0.0278620041
-0.0247180924
-0.0209274541
-0.0171836459
-0.0144207881
-0.0131804859
-0.0129839719
-0.0136519443
-0.0151326441
-0.0165166711
-0.0171445047
-0.0168071363
-0.0151569931
-0.0115751106
-0.0061337692
0.0003099877
0.0064191400
0.0110501411
0.0137121882
0.0147328253
0.0152203550
0.0157646535
0.0163041664
0.0170560855
0.0182378806
0.0192301690
0.0192704686
0.0185508838
0.0177116978
0.0170305359
0.0164188578
0.0156094194
0.0143995156
0.0126977567
0.0102647607
0.0067320649
0.0018231574
-0.0042803594
-0.0109874899
-0.0182449123
-0.0267385748
-0.0364076328
-0.0454130916
-0.0530011143
-0.0604216716
-0.0676831303
-0.0732984394
-0.0764696228
-0.0780418819
-0.0794550231
-0.0813491850
-0.0835244117
-0.0859085522
-0.0880104172
-0.0890645656
-0.0891087707
-0.0890144795
-0.0894386543
-0.0905286706
-0.0921088060
-0.0939705974
-0.0958604443
-0.0975615412
-0.0987492753
-0.0989376337
-0.0976152809
-0.0949258520
-0.0918662851
-0.0895026608
-0.0881001467
-0.0874164863
-0.0872996702
-0.0875710732
-0.0877353288
-0.0876135730
-0.0874645455
-0.0876506854
-0.0883339046
-0.0894629608
-0.0908336845
-0.0921748737
-0.0928700562
-0.0918023337
-0.0883190413
-0.0828325501
-0.0757950756
-0.0676395173
-0.0590663083
-0.0505936217
-0.0416493719
-0.0325598237
-0.0245870389
-0.0179875526
-0.0125994757
-0.0084111641
-0.0046220557
-0.0001532561
0.0046467236
0.0086962702
0.0115188157
0.0134202222
0.0150176142
0.0164754167
0.0176789665
0.0183716914
0.0179686453
0.0151118637
0.0088246760
-0.0000751601
-0.0077158567
-0.0114726006
-0.0119495703
-0.0102447689
-0.0080673739
-0.0059395489
-0.0018637666
0.0069120826
0.0203228707
0.0331237900
0.0392011246
0.0379974630
0.0348684813
0.0343912967
0.0364037150
0.0391497660
0.0411822965
0.0412667082
0.0384392044
0.0326459345
0.0252036661
0.0185708139
0.0157853260
0.0175144363
0.0205750224
0.0226085881
0.0243336517
0.0273937134
0.0319709790
0.0361185588
0.0376641249
0.0368891061
0.0355137081
0.0347542311
0.0346726825
0.0346842672
0.0342532101
0.0332251844
0.0315503650
0.0291775796
0.0259458799
0.0219477430
0.0171079497
0.0110365401
0.0039674045
-0.0029261915
-0.0081468582
-0.0115934012
-0.0144134413
-0.0159760322
-0.0155221630
-0.0146314149
-0.0144245417
-0.0136758594
-0.0108627878
-0.0060018193
-0.0001936688
0.0051255320
0.0087942858
0.0105562221
0.0108633257
0.0106062961
0.0109119932
0.0120583523
0.0130628512
0.0120036570
0.0068327365
-0.0035255187
-0.0176905782
-0.0305368618
-0.0381985703
-0.0432762223
-0.0488548087
-0.0547518471
-0.0601840088
-0.0654163633
-0.0703974203
-0.0730506969
-0.0729694155
-0.0725476788
-0.0730962452
-0.0739138140
-0.0740751083
-0.0736974592
-0.0731447124
-0.0727059076
-0.0724857454
-0.0723643607
-0.0721170893
-0.0715106404
-0.0701928728
-0.0679762868
-0.0651278294
-0.0623244280
-0.0601985825
-0.0588887683
-0.0580611055
-0.0574851929
-0.0569723653
-0.0564390845
-0.0558085200
-0.0551527708
-0.0546815023
-0.0548601414
-0.0561498414
-0.0590087282
-0.0619041047
-0.0629671741
-0.0630167377
-0.0632092945
-0.0631585693
-0.0622111268
-0.0611531199
-0.0604846952
-0.0595976777
-0.0583069347
-0.0569261329
-0.0560133711
-0.0559525805
-0.0568311333
-0.0581605454
-0.0586615082
-0.0569824288
-0.0531736529
-0.0475781098
-0.0392631296
-0.0269202657
-0.0113446358
0.0055081684
0.0220471239
0.0377981646
0.0535566467
0.0695243460
0.0818726606
0.0894672767
0.0963483092
0.1036818847
0.1097910590
0.1144178181
0.1187143844
0.1221674837
0.1226540583
0.1187035704
0.1125680445
0.1093891325
0.1101047030
0.1109345199
0.1106331445
0.1109556606
0.1129820356
0.1155254212
0.1175146355
0.1194384366
0.1222378902
0.1259382874
0.1297662765
0.1329592045
0.1355465157
0.1378920963
0.1403022618
0.1424785157
0.1434550482
0.1418235129
0.1367202780
0.1291361205
0.1229951170
0.1212499289
0.1223159154
0.1241785819
0.1263231084
0.1284223531
0.1305551412
0.1335110168
0.1384650316
0.1454141900
0.1527631002
0.1585263492
0.1623635231
0.1653297600
0.1678058758
0.1695719122
0.1706510981
0.1715474772
0.1727175868
0.1742278564
0.1756205921
0.1763352643
0.1758929668
0.1738150576
0.1694314401
0.1625274399
0.1544733990
0.1471994246
0.1407187518
0.1345486093
0.1285188017
0.1225765192
0.1165998030
0.1104903471
0.1053403162
0.1040521209
0.1093523872
0.1204704933
0.1350200746
0.1507701007
0.1617838496
0.1646316666
0.1626550135
0.1599923475
0.1591839597
0.1598750657
0.1608699294
0.1617671153
0.1625688586
0.1630800338
0.1630098635
0.1624542651
0.1618142396
0.1609587167
0.1595076745
0.1574126661
0.1548133214
0.1517687856
0.1482877611
0.1443277689
0.1399248180
0.1351721139
0.1304803678
0.1262811249
0.1223737023
0.1178658340
0.1120443234
0.1052726980
0.0984899656
0.0924142038
0.0872681029
0.0833878458
0.0805458162
0.0773990387
0.0733582674
0.0689709580
0.0647331083
0.0605086073
0.0560564502
0.0513821629
0.0465868801
0.0415894741
0.0360623109
0.0294586890
0.0214601221
0.0123543161
0.0025114192
-0.0079733887
-0.0193081481
-0.0310180229
-0.0421871034
-0.0525677120
-0.0623846460
-0.0715567782
-0.0808694564
-0.0915691490
-0.1015167532
-0.1068205550
-0.1071891563
-0.1035040909
-0.0933433710
-0.0758297764
-0.0558560271
-0.0426097320
-0.0411221685
-0.0467912071
-0.0546698128
-0.0608156166
-0.0604231286
-0.0544643939
-0.0487212325
-0.0480280517
-0.0537958687
-0.0647019466
-0.0777532152
-0.0903339178
-0.1005120207
-0.1057743699
-0.1074691150
-0.1110464052
-0.1172662174
-0.1231139170
-0.1277907568
-0.1319440552
-0.1350661281
-0.1373421242
-0.1399267874
-0.1430057336
-0.1458763919
-0.1482750965
-0.1502242412
-0.1517321585
-0.1528492104
-0.1537661941
-0.1543696104
-0.1545079340
-0.1546150343
-0.1557670394
-0.1591552535
-0.1658547795
-0.1758379759
-0.1871411517
-0.1978816702
-0.2085217241
-0.2192140936
-0.2310270262
-0.2476335656
-0.2684114306
-0.2862922306
-0.2992685823
-0.3128846031
-0.3249434265
-0.3288671523
-0.3269004345
-0.3259609343
-0.3297841695
-0.3355742105
-0.3351706813
-0.3214979799
-0.2946656654
-0.2619761074
-0.2343180499
-0.2224228069
-0.2240906577
-0.2256549783
-0.2205858769
-0.2116064640
-0.2025749021
-0.1949882867
-0.1888520574
-0.1827285208
-0.1750843975
-0.1647784515
-0.1514157606
-0.1357219869
-0.1193319109
-0.1031636016
-0.0875587794
-0.0719236098
-0.0558820096
-0.0414848820
-0.0296937869
-0.0182016685
-0.0056633065
0.0074958474
0.0216546610
0.0364641845
0.0519830271
0.0692398780
0.0861896933
0.1017587462
0.1186088435
0.1360263843
0.1503604075
0.1610884656
0.1711669801
0.1829610015
0.1949093304
0.2044302021
0.2110718015
0.2165722168
0.2231018668
0.2312532669
0.2398147284
0.2477538716
0.2550607277
0.2624197837
0.2704224616
0.2791772313
0.2877348003
0.2940804220
0.2955230545
0.2902853430
0.2798964731
0.2713059100
0.2704586993
0.2758494781
0.2829678214
0.2881259192
0.2875055346
0.2776230592
0.2573689245
0.2298339824
0.2001447179
0.1743269295
0.1549374970
0.1374846799
0.1236036710
0.1165195227
0.1111676741
0.1046029347
0.0996477893
0.1009940768
0.1140234059
0.1434859037
0.1842386793
0.2188808384
0.2308943602
0.2239718373
0.2160480018
0.2160209350
0.2215911514
0.2275064616
0.2298152541
0.2254055064
0.2140976506
0.2010104696
0.1942748756
0.1949970002
0.1966026596
0.1955088742
0.1927607160
0.1898784233
0.1868483662
0.1836917336
0.1812138048
0.1799001413
0.1792127026
0.1781991080
0.1765066874
0.1745064137
0.1721994933
0.1686644093
0.1623779450
0.1520608625
0.1375990798
0.1216838723
0.1078684316
0.0975663011
0.0888866661
0.0793644889
0.0710726276
0.0664925988
0.0639392238
0.0612339717
0.0588993031
0.0584937231
0.0600943355
0.0612210663
0.0588261872
0.0524828641
0.0445975420
0.0378004659
0.0321516448
0.0254819809
0.0154711917
0.0016008552
-0.0139287346
-0.0271918953
-0.0371498054
-0.0464888302
-0.0575446687
-0.0697258063
-0.0797985039
-0.0868358860
-0.0936582455
-0.1016791915
-0.1102053874
-0.1191836302
-0.1282993355
-0.1358766143
-0.1404858683
-0.1421764688
-0.1421424064
-0.1408754558
-0.1383980459
-0.1361288434
-0.1369693104
-0.1402664661
-0.1419130201
-0.1416024550
-0.1419399719
-0.1443772276
-0.1484461086
-0.1526453229
-0.1559784578
-0.1587760724
-0.1619125714
-0.1662134084
-0.1725962928
-0.1814858578
-0.1918686684
-0.2011735507
-0.2080495797
-0.2134490386
-0.2184723388
-0.2237641598
-0.2294320133
-0.2349537616
-0.2396429679
-0.2436665329
-0.2470766070
-0.2498327605
-0.2527698271
-0.2555747212
-0.2549661498
-0.2472644596
-0.2328567489
-0.2171085858
-0.2074758911
-0.2053582146
-0.2039252871
-0.1985078955
-0.1897290842
-0.1793065190
-0.1676652692
-0.1554007390
-0.1434520048
-0.1323851116
-0.1229844394
-0.1161195142
-0.1114037247
-0.1072272843
-0.1014922412
-0.0937956291
-0.0860076991
-0.0809763502
-0.0806250871
-0.0847924627
-0.0917517845
-0.0991451474
-0.1022609218
-0.0999702928
-0.0968011847
-0.0959826185
-0.0977538791
-0.0998012034
-0.0994705175
-0.0972237982
-0.0926985540
-0.0821553398
-0.0610684764
-0.0288497003
0.0086288469
0.0371750567
0.0504359340
0.0576219473
0.0668248948
0.0811750730
0.0970511401
0.1090668827
0.1168250024
0.1237539121
0.1303131114
0.1319435676
0.1248008087
0.1118207199
0.0999381579
0.0946543454
0.0948821517
0.0944818547
0.0925320053
0.0906168531
0.0881405212
0.0865712874
0.0871432737
0.0877918815
0.0871554152
0.0857080672
0.0841490014
0.0841541651
0.0882152507
0.0973281163
0.1099926981
0.1238265063
0.1351886544
0.1388220608
0.1352717137
0.1316930766
0.1320282901
0.1347615477
0.1366809640
0.1353243121
0.1289359036
0.1173689520
0.1034341458
0.0923963303
0.0854930155
0.0786144578
0.0696340336
0.0609394891
0.0543728954
0.0478891256
0.0408301120
0.0347158740
0.0292870460
0.0238099457
0.0181600392
0.0128220170
0.0078239245
0.0026636000
-0.0025900999
-0.0073824298
-0.0113973517
-0.0145489835
-0.0167824569
-0.0185182503
-0.0207418832
-0.0239051359
-0.0277710085
-0.0319734880
-0.0363852970
-0.0411120629
-0.0466180034
-0.0540222955
-0.0643409270
-0.0767456872
-0.0888353291
-0.0987588659
-0.1071380460
-0.1151040018
-0.1219648818
-0.1273128791
-0.1324499985
-0.1380101133
-0.1430424803
-0.1471414852
-0.1503640381
-0.1522989865
-0.1523875804
-0.1505162296
-0.1469137132
-0.1420773744
-0.1375274806
-0.1349336351
-0.1340105934
-0.1333480108
-0.1323101885
-0.1312940007
-0.1303126041
-0.1289654949
-0.1270600565
-0.1248573170
-0.1228533923
-0.1212814942
-0.1199599583
-0.1188282614
-0.1179914450
-0.1172705497
-0.1165185917
-0.1158848360
-0.1155755873
-0.1153630084
-0.1145999537
-0.1122838316
-0.1078302968
-0.1012861743
-0.0927565747
-0.0827506679
-0.0725100028
-0.0634803844
-0.0562468690
-0.0505865177
-0.0459751754
-0.0415225921
-0.0361880925
-0.0296493197
-0.0228288117
-0.0162566979
-0.0094763140
-0.0025264704
0.0041062482
0.0100442719
0.0154515969
0.0209153208
0.0263500804
0.0314653446
0.0364180366
0.0413502708
0.0461540234
0.0507701733
0.0552139362
0.0594920867
0.0638284842
0.0687654842
0.0747859293
0.0819062173
0.0897687456
0.0977604154
0.1055032432
0.1126680776
0.1186782643
0.1234348954
0.1275994451
0.1319231041
0.1363662935
0.1403821514
0.1437754132
0.1467588700
0.1495022939
0.1518968147
0.1537404942
0.1550549220
0.1561660367
0.1576649790
0.1600251522
0.1634258161
0.1679730970
0.1737354420
0.1806978956
0.1884891917
0.1957944112
0.2007622267
0.2031153192
0.2049248078
0.2073416848
0.2093322609
0.2103006797
0.2104012061
0.2096041620
0.2080597763
0.2061164745
0.2036743096
0.2002551352
0.1953026771
0.1884535254
0.1800540145
0.1717071470
0.1647539816
0.1584532363
0.1518745575
0.1451198816
0.1382606990
0.1308922039
0.1223810997
0.1126059787
0.1024946896
0.0928692200
0.0835763258
0.0745830679
0.0659645974
0.0571666454
0.0473314677
0.0362101716
0.0236250427
0.0095369534
-0.0060571443
-0.0228524059
-0.0392540258
-0.0534961165
-0.0660284748
-0.0787901020
-0.0917426918
-0.1027009877
-0.1109442341
-0.1172949045
-0.1227299358
-0.1276788898
-0.1310547541
-0.1307899771
-0.1261310644
-0.1187853662
-0.1115012767
-0.1051655196
-0.1000223304
-0.0975946782
-0.0983182958
-0.1001263370
-0.1020234103
-0.1047554335
-0.1076154091
-0.1097998505
-0.1120446505
-0.1157260160
-0.1212895955
-0.1282538063
-0.1350138007
-0.1397048331
-0.1422299320
-0.1442498410
-0.1465084043
-0.1487217362
-0.1507177880
-0.1526198722
-0.1540912754
-0.1543414575
-0.1532180191
-0.1513777849
-0.1496247975
-0.1481716141
-0.1466157043
-0.1448092498
-0.1429426598
-0.1409658908
-0.1388011712
-0.1365343100
-0.1343619010
-0.1324130695
-0.1305304652
-0.1283102998
-0.1251999555
-0.1203883018
-0.1130348236
-0.1027896064
-0.0900880292
-0.0762167277
-0.0632794820
-0.0528542232
-0.0443019725
-0.0358330952
-0.0272374245
-0.0195673111
-0.0129461438
-0.0066229364
0.0000297162
0.0069043930
0.0134644301
0.0194363996
0.0248297597
0.0296139855
0.0338427305
0.0378148071
0.0414728496
0.0443296955
0.0465044897
0.0486283573
0.0511557873
0.0547781541
0.0597434227
0.0650476987
0.0698109324
0.0738381195
0.0777527117
0.0821206327
0.0868745289
0.0916536038
0.0963333736
0.1009314171
0.1053339156
0.1091346712
0.1118434087
0.1132196884
0.1136610515
0.1139119393
0.1148093485
0.1163829360
0.1183458636
0.1209450137
0.1241822814
0.1277704416
0.1318394165
0.1370215107
0.1436435143
0.1510597984
0.1575698360
0.1616626701
0.1633229722
0.1640258840
0.1651771548
0.1667219526
0.1678744696
0.1683779523
0.1683478676
0.1677594034
0.1666737697
0.1655334137
0.1649582932
0.1652328617
0.1661939446
0.1675486238
0.1688394833
0.1691548549
0.1680737901
0.1662239291
0.1642006126
0.1621875316
0.1601235189
0.1576958500
0.1542653165
0.1491003691
0.1419665075
0.1338262651
0.1262909561
0.1206696186
0.1168546800
0.1133283476
0.1092582808
0.1046254949
0.0995732777
0.0948715160
0.0910313488
0.0875539870
0.0841031095
0.0805904127
0.0769403107
0.0730122652
0.0687537305
0.0642859412
0.0598400977
0.0554344488
0.0508875226
0.0460086503
0.0407638388
0.0354588205
0.0305535404
0.0259210062
0.0211768468
0.0166171603
0.0130390904
0.0108506508
0.0097328500
0.0090034623
0.0082222017
0.0071115697
0.0053811149
0.0028511737
-0.0003703745
-0.0036949603
-0.0064930929
-0.0086967892
-0.0105978987
-0.0124239667
-0.0142473140
-0.0160953788
-0.0179682516
-0.0199444911
-0.0221083345
-0.0244748014
-0.0271655519
-0.0303119442
-0.0339764693
-0.0380456656
-0.0418383484
-0.0446123420
-0.0459541770
-0.0464517307
-0.0471532280
-0.0480178471
-0.0486894199
-0.0492318674
-0.0499936718
-0.0511680964
-0.0526440978
-0.0539363105
-0.0541570981
-0.0521890457
-0.0469990235
-0.0381040727
-0.0266106110
-0.0150098586
-0.0055159480
0.0015316422
0.0072644433
0.0127636546
0.0177516032
0.0215714199
0.0247424188
0.0275327470
0.0300547339
0.0328762557
0.0359013437
0.0385750686
0.0407569212
0.0426058941
0.0442410107
0.0455946568
0.0464275645
0.0464253130
0.0454741764
0.0439743894
0.0425005372
0.0414271076
0.0401163204
0.0370133827
0.0314800851
0.0247556522
0.0183486269
0.0130969158
0.0100464113
0.0089380653
0.0084381009
0.0076180421
0.0062401051
0.0045933134
0.0039600921
0.0065416220
0.0137271519
0.0237810585
0.0323614842
0.0371952040
0.0399599029
0.0416213527
0.0421399096
0.0430153110
0.0453585827
0.0484497418
0.0508186498
0.0515492201
0.0501624001
0.0466964720
0.0421407659
0.0391218313
0.0395684870
0.0420206036
0.0439792885
0.0446509130
0.0446278755
0.0448515761
0.0457298011
0.0467036968
0.0471396556
0.0469575045
0.0464888215
0.0459824292
0.0454814746
0.0449380907
0.0442004908
0.0430737964
0.0414947387
0.0394218430
0.0372409160
0.0357000648
0.0349522135
0.0343224961
0.0333621943
0.0321947008
0.0309242965
0.0296355013
0.0286672618
0.0284085135
0.0289234374
0.0299172137
0.0308011528
0.0310592069
0.0308391113
0.0307308555
0.0312155792
0.0326334220
0.0348208490
0.0374188554
0.0399669936
0.0420798249
0.0435840106
0.0445451310
0.0453238139
0.0460400576
0.0462253583
0.0455186962
0.0445490667
0.0440824823
0.0440997323
0.0442005479
0.0436591048
0.0411502306
0.0348805541
0.0238390792
0.0095113267
-0.0028618633
-0.0101130719
-0.0143931237
-0.0178901111
-0.0214351595
-0.0253691152
-0.0296890380
-0.0337755909
-0.0365940695
-0.0368450413
-0.0335144241
-0.0278467071
-0.0225389064
-0.0183057069
-0.0147107123
-0.0138940845
-0.0158700745
-0.0166333836
-0.0149759293
-0.0122863281
-0.0096272448
-0.0075194835
-0.0065516302
-0.0065918958
-0.0070907248
-0.0079943503
-0.0098876257
-0.0134004494
-0.0188838103
-0.0256875360
-0.0314727952
-0.0346579471
-0.0366450539
-0.0384733254
-0.0398832312
-0.0409962625
-0.0424689975
-0.0442099103
-0.0458043887
-0.0475111783
-0.0502121119
-0.0547745358
-0.0612876952
-0.0680770748
-0.0727267909
-0.0746458782
-0.0748320766
-0.0740031535
-0.0726910455
-0.0705406890
-0.0664841124
-0.0597579034
-0.0516327052
-0.0450538438
-0.0416849402
-0.0402087507
-0.0390110844
-0.0379870843
-0.0373702899
-0.0367057532
-0.0362990867
-0.0374564152
-0.0415993061
-0.0487082588
-0.0568254478
-0.0620967984
-0.0635183883
-0.0642142313
-0.0662752416
-0.0697059599
-0.0743293565
-0.0787825418
-0.0817417820
-0.0844478763
-0.0886419571
-0.0934727182
-0.0960215990
-0.0932453746
-0.0842562429
-0.0703151429
-0.0532719304
-0.0351622759
-0.0219844114
-0.0151192406
-0.0072531913
0.0047008812
0.0178870944
0.0302807303
0.0409799882
0.0482082186
0.0502012173
0.0485279466
0.0476752800
0.0498855953
0.0534161101
0.0544800439
0.0506867944
0.0430797310
0.0353370855
0.0313782194
0.0306607398
0.0290437205
0.0250280363
0.0196590023
0.0131603278
0.0045868857
-0.0055083773
-0.0160461339
-0.0270937270
-0.0390898811
-0.0528074323
-0.0680746340
-0.0829165945
-0.0945176098
-0.1015959990
-0.1067611522
-0.1116535067
-0.1151293250
-0.1175624022
-0.1212236358
-0.1268765159
-0.1326444090
-0.1342693492
-0.1271519984
-0.1108719156
-0.0908178109
-0.0735686175
-0.0604461204
-0.0521446218
-0.0484484380
-0.0462631209
-0.0442548424
-0.0409787603
-0.0367994754
-0.0332744646
-0.0302983901
-0.0273023724
-0.0247001726
-0.0226146191
-0.0206534093
-0.0185084638
-0.0160891012
-0.0133613186
-0.0109013188
-0.0095546789
-0.0093502200
-0.0098013260
-0.0111840281
-0.0149953074
-0.0231265840
-0.0357501196
-0.0491773252
-0.0589742922
-0.0653699690
-0.0704276151
-0.0741749054
-0.0767104999
-0.0791998446
-0.0823476325
-0.0856830782
-0.0875018558
-0.0852064530
-0.0768182266
-0.0627567699
-0.0460122825
-0.0321034179
-0.0270772969
-0.0267839013
-0.0206862602
-0.0084159511
0.0037029489
0.0137659810
0.0240368585
0.0335232697
0.0392346307
0.0412948043
0.0425154630
0.0447816341
0.0473481771
0.0463634440
0.0366764376
0.0167730533
-0.0066883073
-0.0200799947
-0.0184901144
-0.0127499352
-0.0115691308
-0.0137807175
-0.0172070708
-0.0227080904
-0.0291945833
-0.0322434832
-0.0276236450
-0.0152479169
0.0015994251
0.0180495155
0.0268205829
0.0258502710
0.0223062142
0.0220243837
0.0254853864
0.0295875229
0.0324142802
0.0342718456
0.0355705778
0.0353403234
0.0327398915
0.0281570531
0.0225678766
0.0145683747
0.0022378306
-0.0128133828
-0.0226784724
-0.0260817739
-0.0315653068
-0.0414774481
-0.0512044870
-0.0588666373
-0.0644523583
-0.0667482008
-0.0680619748
-0.0714179223
-0.0759806008
-0.0795088980
-0.0800432347
-0.0763944635
-0.0702586305
-0.0649940748
-0.0622046271
-0.0618053736
-0.0620982363
-0.0611565237
-0.0594426290
-0.0589450172
-0.0598282126
-0.0610473549
-0.0627600250
-0.0661837266
-0.0717936653
-0.0783365242
-0.0828029821
-0.0843329786
-0.0850957463
-0.0865782372
-0.0883518302
-0.0896863979
-0.0902110808
-0.0891417919
-0.0851072016
-0.0773694016
-0.0665794914
-0.0559252911
-0.0490943091
-0.0469449478
-0.0473291365
-0.0481920637
-0.0479053022
-0.0449643320
-0.0401619976
-0.0372678206
-0.0405837305
-0.0528124276
-0.0721861661
-0.0922711672
-0.1022429154
-0.1001420413
-0.0966795305
-0.0977563785
-0.1013041895
-0.1050322243
-0.1086008162
-0.1098864660
-0.1060078894
-0.0968955520
-0.0849110922
-0.0725291183
-0.0622274618
-0.0573863254
-0.0569316422
-0.0540536700
-0.0462621710
-0.0373388347
-0.0316331672
-0.0290740182
-0.0279076540
-0.0269414470
-0.0256159540
-0.0239484333
-0.0224391719
-0.0212377516
-0.0198772133
-0.0172829200
-0.0125585742
-0.0054144118
0.0038373241
0.0142236793
0.0231505457
0.0288936001
0.0318658839
0.0330243503
0.0339379127
0.0361775078
0.0395937228
0.0438137848
0.0490294620
0.0546026216
0.0590450680
0.0608600572
0.0586887784
0.0511245072
0.0386318849
0.0240757706
0.0114148708
0.0027068748
-0.0055164741
-0.0172431014
-0.0321059038
-0.0487234588
-0.0633213149
-0.0727384602
-0.0802625707
-0.0911689566
-0.1032990463
-0.1104122099
-0.1140144613
-0.1188232501
-0.1261119336
-0.1344773057
-0.1419536663
-0.1480964879
-0.1533376366
-0.1578908554
-0.1621111167
-0.1669344003
-0.1735595931
-0.1808812370
-0.1856442987
-0.1839600503
-0.1744125913
-0.1594830159
-0.1424319467
-0.1251711206
-0.1138510680
-0.1108985513
-0.1088477184
-0.1028212597
-0.0941543463
-0.0856002224
-0.0789891451
-0.0741307305
-0.0705405717
-0.0672958724
-0.0634444125
-0.0582624216
-0.0506460518
-0.0382459268
-0.0183838067
0.0077224168
0.0263073877
0.0277888400
0.0217039756
0.0184955481
0.0184601207
0.0196279886
0.0234655243
0.0304791742
0.0411605898
0.0570167560
0.0769989533
0.0934371538
0.1002334987
0.0990276296
0.0962273482
0.0998325660
0.1120810467
0.1278097130
0.1378056419
0.1311023938
0.0966668552
0.0319390407
-0.0475376750
-0.1137323926
-0.1517730008
-0.1671318806
-0.1674641014
-0.1564081827
-0.1452176900
-0.1458199014
-0.1537015939
-0.1514008675
-0.1230992758
-0.0698914356
-0.0181408463
0.0039996360
0.0020665089
0.0007770515
0.0106950085
0.0264150195
0.0418004611
0.0561661443
0.0688594518
0.0779782471
0.0854719000
0.0920635385
0.0945300877
0.0896553961
0.0798880497
0.0715056874
0.0697865676
0.0741156285
0.0791811779
0.0820257722
0.0839872064
0.0873304952
0.0943667182
0.1067048353
0.1233888080
0.1412862933
0.1570730304
0.1675257631
0.1756825305
0.1854589543
0.1968630313
0.2101513901
0.2247004469
0.2375641422
0.2455209729
0.2492835016
0.2518017622
0.2554238193
0.2591361913
0.2604891261
0.2576258368
0.2507118322
0.2410649127
0.2296323902
0.2152836255
0.1955577873
0.1710103609
0.1470275432
0.1285269239
0.1133986750
0.0954032176
0.0733380237
0.0495150066
0.0234727510
-0.0062158003
-0.0368669140
-0.0604892270
-0.0752127402
-0.0907419474
-0.1130571138
-0.1386908817
-0.1604540240
-0.1729562981
-0.1751723723
-0.1716284434
-0.1702512895
-0.1823749931
-0.2191742891
-0.2762213136
-0.3237865299
-0.3477317267
-0.3747360571
-0.4102690852
-0.4275619418
-0.4433882669
-0.4905984506
-0.5239136231
-0.4894963164
-0.4290553009
-0.3874447334
-0.3315017743
-0.2508935794
-0.1946673653
-0.1790417488
-0.1762942449
-0.1712132920
-0.1625679872
-0.1425408829
-0.1103197133
-0.0827792651
-0.0757776296
-0.0887800965
-0.1053796706
-0.1080902065
-0.0963986946
-0.0846933336
-0.0830164169
-0.0875844914
-0.0877224521
-0.0734484369
-0.0398333212
0.0094859363
0.0587869504
0.0930099852
0.1123124457
0.1276850008
0.1513445825
0.1853343411
0.2221783998
0.2543856538
0.2797932409
0.3001231521
0.3185758479
0.3371523622
0.3558408885
0.3717228536
0.3807779889
0.3812425308
0.3782599793
0.3782926465
0.3812003422
0.3838929021
0.3852902765
0.3863779632
0.3881815053
0.3900057638
0.3898835524
0.3862677343
0.3806545594
0.3751787413
0.3704733433
0.3673493009
0.3682908265
0.3771723640
0.3981029939
0.4314594120
0.4691526362
0.4920363051
0.4881932224
0.4645765471
0.4301867669
0.3790927156
0.2980590636
0.1943172287
0.1060908020
0.0668453815
0.0706133142
0.0788100812
0.0519221731
0.0012954706
-0.0350361998
-0.0779490459
-0.1684524742
-0.2598016772
-0.2836096944
-0.2547139786
-0.1951938664
-0.0841514096
0.0378058849
0.0922318400
0.0889332908
0.0903479135
0.1149272545
0.1448503043
0.1752994521
0.2144277039
0.2639072464
0.3153930537
0.3537927970
0.3606736392
0.3252852444
0.2613645975
0.2045953382
0.1758875277
0.1642788018
0.1519479876
0.1333682107
0.1124282100
0.0921717377
0.0711454293
0.0461469123
0.0152107677
-0.0198461577
-0.0492702294
-0.0635218054
-0.0655842427
-0.0646175831
-0.0656967771
-0.0690858238
-0.0746743815
-0.0827890202
-0.0921156744
-0.1001204509
-0.1056619635
-0.1110505955
-0.1139423011
-0.1312981052
-0.1510475891
-0.1655141820
-0.1684576028
-0.1582741121
-0.1395584518
-0.1221705058
-0.1181444255
-0.1261217165
-0.1312303076
-0.1261147775
-0.1136778683
-0.0985833344
-0.0833507940
-0.0683458109
-0.0520326442
-0.0329540420
-0.0113305242
0.0120127756
0.0365112026
0.0620365619
0.0890154966
0.1170773025
0.1451667015
0.1724728830
0.1973678450
0.2183775152
0.2356340194
0.2508968920
0.2662112301
0.2821596687
0.2983055421
0.3139731565
0.3286368860
0.3422120036
0.3548850735
0.3669896428
0.3787103367
0.3897560139
0.3995494652
0.4068647987
0.4098618564
0.4071194740
0.3989086639
0.3878203011
0.3771263990
0.3670413954
0.3544593413
0.3388403341
0.3209532644
0.2992372610
0.2747409541
0.2520442917
0.2344589657
0.2197621475
0.2019629908
0.1768279886
0.1460340530
0.1149446961
0.0865497953
0.0608890720
0.0371504719
0.0144887453
-0.0074938526
-0.0285743110
-0.0481157643
-0.0653843916
-0.0798732726
-0.0920309404
-0.1025827352
-0.1124656022
-0.1235304943
-0.1359033036
-0.1477217551
-0.1576385645
-0.1653785469
-0.1708666390
-0.1736082958
-0.1730635264
-0.1689978125
-0.1616558455
-0.1523167130
-0.1427378348
-0.1336350283
-0.1241929151
-0.1120045752
-0.0929373819
-0.0665507495
-0.0362789086
-0.0060559247
0.0226962726
0.0523186288
0.0825577167
0.1115689602
0.1388178170
0.1632553512
0.1827637678
0.1963815676
0.2054629102
0.2101264021
0.2094411919
0.2039466141
0.1951631757
0.1841548196
0.1702392547
0.1525359625
0.1310646647
0.1070716565
0.0820477604
0.0567842246
0.0313026922
0.0057274976
-0.0194685356
-0.0434284731
-0.0653160024
-0.0843146307
-0.0997705186
-0.1111552288
-0.1179384633
-0.1197024199
-0.1169921594
-0.1113862376
-0.1041402532
-0.0953597677
-0.0854357619
-0.0754134429
-0.0647074162
-0.0502302720
-0.0314782732
-0.0119313655
0.0055917151
0.0195816953
0.0291680448
0.0361476646
0.0432389879
0.0514240497
0.0594026976
0.0658680688
0.0715427159
0.0768686817
0.0812050430
0.0843039883
0.0866329402
0.0886825368
0.0907584456
0.0926197547
0.0940992248
0.0952664127
0.0961877035
0.0970040467
0.0976623791
0.0977738307
0.0967403706
0.0943561780
0.0908789401
0.0865162160
0.0811043784
0.0741062590
0.0651929348
0.0551056410
0.0461830573
0.0400096594
0.0354387464
0.0305599962
0.0247508276
0.0184527653
0.0122617545
0.0064115400
0.0009760335
-0.0036130182
-0.0066762025
-0.0075783822
-0.0059962550
-0.0023361774
0.0019237826
0.0047430826
0.0049566436
0.0026152582
-0.0009705285
-0.0036359229
-0.0043946445
-0.0039741083
-0.0039410494
-0.0055484202
-0.0090269858
-0.0131878978
-0.0165722642
-0.0187745195
-0.0201353570
-0.0211784039
-0.0220403769
-0.0223769879
-0.0220391527
-0.0216752199
-0.0217854267
-0.0217797222
-0.0210369421
-0.0197881412
-0.0189104314
-0.0199963795
-0.0254208476
-0.0370726964
-0.0537080718
-0.0697045717
-0.0770910079
-0.0736997219
-0.0674898514
-0.0651899670
-0.0645485388
-0.0609889964
-0.0550998506
-0.0512563559
-0.0514817231
-0.0527896328
-0.0516954739
-0.0489937370
-0.0475364149
-0.0483529914
-0.0500656415
-0.0509977135
-0.0516846811
-0.0542452363
-0.0601851757
-0.0688257547
-0.0780485529
-0.0857871142
-0.0908363245
-0.0938105581
-0.0964193435
-0.0993767597
-0.1024805130
-0.1051752082
-0.1074385452
-0.1098874462
-0.1119279982
-0.1119185577
-0.1091954408
-0.1051495743
-0.1020086963
-0.1006100974
-0.1011526093
-0.1033811756
-0.1062078619
-0.1097864262
-0.1149180266
-0.1205146151
-0.1234589045
-0.1232045171
-0.1224636088
-0.1226373673
-0.1233551846
-0.1242221607
-0.1250669109
-0.1257084089
-0.1260768607
-0.1263402663
-0.1266801572
-0.1271995880
-0.1279095292
-0.1286952947
-0.1295080650
-0.1304680833
-0.1317959184
-0.1336824768
-0.1360028148
-0.1380557457
-0.1389153339
-0.1388708408
-0.1391278311
-0.1399255772
-0.1407369875
-0.1413076561
-0.1417925263
-0.1423453880
-0.1429966214
-0.1437114163
-0.1445340193
-0.1454515656
-0.1463559234
-0.1472213272
-0.1478977918
-0.1483081684
-0.1486410669
-0.1488894094
-0.1490241093
-0.1492218260
-0.1494722761
-0.1496904027
-0.1498894604
-0.1500585309
-0.1501622463
-0.1500386407
-0.1495780132
-0.1489397707
-0.1482537214
-0.1475501374
-0.1468098304
-0.1459467882
-0.1448965304
-0.1436863538
-0.1424011819
-0.1412473916
-0.1403947230
-0.1398001395
-0.1393648949
-0.1389916185
-0.1385883845
-0.1381396763
-0.1376973832
-0.1372922504
-0.1369213504
-0.1365737504
-0.1362391427
-0.1359021824
-0.1355456021
-0.1351577144
-0.1347503049
-0.1343598496
-0.1340249395
-0.1337406559
-0.1334712846
-0.1332018347
-0.1329391994
-0.1326878812
-0.1324440474
-0.1322100917
-0.1319934500
-0.1317929377
-0.1315956897
-0.1313834506
-0.1311342153
-0.1308509697
-0.1305591932
-0.1302733439
-0.1299967893
-0.1297262768
-0.1294471176
-0.1291439791
-0.1288079675
-0.1284481618
-0.1280759374
-0.1276850723
-0.1272677791
-0.1268302202
-0.1263910286
-0.1259866628
-0.1256335231
-0.1253118695
-0.1249929911
-0.1246701088
-0.1243610730
-0.1240674091
-0.1237798889
-0.1234968728
-0.1232197769
-0.1229445906
-0.1226670100
-0.1223897236
-0.1221152503
-0.1218402715
-0.1215617502
-0.1212789795
-0.1209930531
-0.1207045436
-0.1204124887
-0.1201166341
-0.1198169936
-0.1195132395
-0.1192051048
-0.1188924202
-0.1185753049
-0.1182540828
-0.1179278811
-0.1175950042
-0.1172551964
-0.1169095218
-0.1165597979
-0.1162075399
-0.1158522914
-0.1154929868
-0.1151295598
-0.1147624785
-0.1143922280
-0.1140190335
-0.1136430447
-0.1132643981
-0.1128832100
-0.1124995164
-0.1121132782
-0.1117244819
-0.1113331818
-0.1109395107
-0.1105436494
-0.1101457424
-0.1097458368
-0.1093439211
-0.1089400259
-0.1085342085
-0.1081265386
-0.1077171013
-0.1073059851
-0.1068932797
-0.1064790708
-0.1060634446
-0.1056464731
-0.1052282516
-0.1048088525
-0.1043883619
-0.1039668567
-0.1035444232
