0.0119859415
0.0120069648
0.0120274557
0.0120476704
0.0120670747
0.0120861805
0.0121032119
0.0121203967
0.0121355376
0.0121503657
0.0121626684
0.0121810862
0.0121888884
0.0121859849
0.0121781937
0.0121776697
0.0121790395
0.0122055218
0.0121940694
0.0121165948
0.0120143193
0.0119781599
0.0120709306
0.0121664922
0.0120651215
0.0118229267
0.0115949934
0.0115164551
0.0115774076
0.0118399726
0.0118128609
0.0115292709
0.0112187754
0.0108056531
0.0108088676
0.0114994685
0.0114266033
0.0099059955
0.0084779609
0.0099493941
0.0117587632
0.0107805274
0.0090611948
0.0086587227
0.0080740707
0.0083861787
0.0097814715
0.0098989099
0.0072247674
0.0032506852
0.0036428156
0.0082992734
0.0107465290
0.0067150560
-0.0005842152
-0.0047241966
-0.0015543373
0.0054671346
0.0073448296
0.0054621040
0.0019320650
-0.0016176510
-0.0011142016
0.0034269758
0.0067870550
0.0043756608
-0.0009731589
-0.0055940825
-0.0051421817
0.0013110642
0.0060702121
0.0021325640
-0.0027999476
-0.0005274732
-0.0001462921
-0.0075041721
-0.0122339356
-0.0118303661
-0.0042448982
0.0037029083
0.0002591089
-0.0081405000
-0.0157346223
-0.0175146555
-0.0113707127
-0.0014919147
0.0055529060
0.0109572348
0.0101714284
-0.0022496174
-0.0160344082
-0.0260046063
-0.0262083842
-0.0155407490
-0.0080026212
-0.0058447726
-0.0100186840
-0.0215662469
-0.0129308011
0.0036018794
-0.0016596677
-0.0113332581
-0.0069071413
-0.0032749655
-0.0153587170
-0.0257226155
-0.0215573227
-0.0065942300
0.0058510741
0.0004726066
-0.0124853664
-0.0213029004
-0.0205380550
-0.0165487653
-0.0188280449
-0.0118244503
0.0047178147
0.0045302712
-0.0151862328
-0.0335578929
-0.0324478168
-0.0192146864
-0.0021238994
0.0071495201
0.0024867649
-0.0050238971
-0.0071373711
-0.0068497305
-0.0142312623
-0.0243105194
-0.0244375837
-0.0156081366
-0.0059769722
0.0023223135
-0.0019994744
-0.0094787268
-0.0067545573
0.0026423859
0.0110302582
0.0069639334
-0.0138496923
-0.0269205657
-0.0191320971
-0.0129489419
-0.0139048538
-0.0078754273
-0.0011050101
0.0011667894
-0.0040337425
-0.0190335063
-0.0249882018
-0.0202977071
-0.0111290168
0.0071639273
0.0097494725
-0.0162238743
-0.0441764793
-0.0420701042
-0.0260333330
-0.0202437445
-0.0082964336
0.0063171458
-0.0007440252
-0.0110244090
0.0014032642
0.0283090036
0.0266766713
-0.0091624389
-0.0312761798
-0.0286021090
-0.0310760662
-0.0226426973
0.0055317109
0.0114704110
-0.0081146279
-0.0136191243
-0.0011397137
0.0052018906
0.0030602362
0.0082902639
0.0106254029
0.0023386211
-0.0045425851
-0.0037088793
-0.0015671917
-0.0078122968
-0.0231144955
-0.0317139627
-0.0346291781
-0.0219852171
0.0051680817
0.0141062727
0.0016287806
-0.0112064039
-0.0105711190
-0.0080111868
-0.0099775017
-0.0090594600
0.0026833512
0.0050704355
-0.0032238616
-0.0094071589
-0.0124555292
-0.0064514084
0.0048336815
-0.0011993755
-0.0202965890
-0.0251282248
-0.0097364602
0.0136394851
0.0176792620
0.0052587477
-0.0051291616
-0.0124117589
-0.0195713988
-0.0098937670
0.0089362153
0.0077553352
-0.0093240037
-0.0213479197
-0.0207165319
-0.0048415297
0.0163568735
0.0163166748
0.0001231013
-0.0145864648
-0.0178614833
-0.0148215718
-0.0087056486
-0.0039813444
-0.0080337958
-0.0133425696
-0.0075083409
0.0042410373
-0.0002499026
-0.0167019786
-0.0143025765
0.0133450354
0.0306163816
0.0201832736
-0.0004993013
-0.0129289387
-0.0108659136
-0.0179565474
-0.0165390660
0.0084533232
0.0148512351
-0.0006418902
-0.0221391224
-0.0336376153
-0.0127101262
0.0218725674
0.0287094255
0.0171337031
0.0057315980
-0.0058057770
-0.0157620321
-0.0183566021
-0.0150197286
-0.0097393273
-0.0015616627
0.0033741094
-0.0045473571
-0.0124283823
-0.0010556834
0.0107212808
0.0147935636
0.0176946018
0.0181862419
0.0089266384
-0.0146457017
-0.0314427435
-0.0331957105
-0.0224875344
0.0015993698
0.0143864714
0.0016271493
-0.0158244737
-0.0192536495
-0.0170839911
-0.0095660969
0.0162790469
0.0319550484
0.0100641350
-0.0259872200
-0.0412403776
-0.0255755090
0.0050161183
0.0299661942
0.0376580009
0.0049814121
-0.0310542781
-0.0342872130
-0.0126331725
0.0289488005
0.0420872542
-0.0022180492
-0.0357406325
-0.0240686772
0.0106025540
0.0384941060
0.0212592763
-0.0129401905
-0.0132495934
-0.0001045761
-0.0187485458
-0.0413157069
-0.0211316126
0.0307664785
0.0451995305
-0.0027578886
-0.0437573311
-0.0250084808
0.0219801166
0.0462863576
0.0230416438
-0.0195253415
-0.0386777122
-0.0386084391
-0.0231219741
0.0117190956
0.0317217077
0.0235400403
0.0128217863
-0.0008858654
-0.0057682996
0.0003999985
0.0081728430
0.0181009094
0.0164156514
-0.0131137725
-0.0388039092
-0.0339100884
0.0018404711
0.0312391473
0.0224088081
-0.0127134887
-0.0299813633
-0.0158523803
0.0052147798
0.0133380112
0.0226177329
0.0323858437
0.0063478475
-0.0161712170
0.0101555441
0.0358817396
0.0146640025
-0.0251552245
-0.0325767966
-0.0086355004
0.0253321404
0.0332294016
0.0051473879
-0.0255115854
-0.0199111643
0.0305927993
0.0926345414
0.0932054888
0.0296409614
-0.0234701821
-0.0362691832
-0.0244937193
0.0050374607
0.0215516781
-0.0030202661
-0.0392675365
-0.0297719241
0.0225453598
0.0482731039
0.0450628277
0.0486727505
0.0198575324
-0.0358660647
-0.0574569863
-0.0166645790
0.0627539048
0.0759300033
-0.0047352733
-0.0529822847
-0.0309452559
0.0137398851
0.0755731497
0.0723905927
-0.0302478349
-0.1050932587
-0.0995746286
-0.0012985989
0.1482960158
0.1348386216
-0.0206669035
-0.1012076286
-0.0639782601
-0.0241987822
0.0003064164
0.0436676590
0.0629588961
0.0101173270
-0.0861404235
-0.1579823135
-0.0834041024
0.0490993412
0.1006648460
0.0656847688
-0.0207846565
-0.0727265192
-0.0791584530
-0.0449646128
0.0473355544
0.1033121280
0.0483065918
-0.0327157300
-0.0435309375
0.0154845259
0.1073426538
0.1630388551
0.1486487104
0.0992155238
0.0834708792
0.0927075413
0.1051953491
0.1170312063
0.1297498637
0.0897825254
-0.0749852580
-0.2061667882
-0.2104212658
-0.1576159150
-0.0883075191
-0.0095492443
0.0233948220
-0.0042254454
-0.0185729909
0.0298473909
0.0869039547
0.0954086416
0.0648199613
-0.0086750696
-0.0947416245
-0.1295933781
-0.1353308807
-0.1253608168
-0.0805445009
-0.0495209770
-0.0558230193
-0.0531869209
-0.0077838714
0.0935112334
0.1628244920
0.0697765508
-0.0819619585
-0.1056736605
-0.0090708584
0.0847530919
0.0908729964
0.0305253142
-0.0158860335
-0.0089122050
0.0082399735
0.0237397704
0.0524817485
0.0536399115
0.0099344071
-0.0183270271
-0.0035156733
0.0169745332
0.0207839026
0.0084084078
-0.0194179456
-0.0524566081
-0.0783371671
-0.0848238165
-0.0695575715
-0.0314412638
0.0118247939
-0.0049570979
-0.0741129054
-0.0941042971
-0.0703693203
-0.0368399586
0.0200253183
0.0324441774
-0.0225521635
-0.0505768207
-0.0148742222
0.0542238852
0.1195409023
0.0928346605
-0.0071928993
-0.0651884924
-0.0464303490
-0.0157407495
0.0073238982
0.0259219535
0.0427425457
0.0476274049
0.0365563408
0.0225126554
0.0237335267
0.0357064964
0.0326464084
0.0121929278
0.0043248261
0.0140392915
0.0287260026
0.0435036482
0.0469493037
0.0295561538
0.0238423397
0.0314827486
0.0291417612
0.0065081211
-0.0237836884
-0.0544131194
-0.0772787934
-0.0990515251
-0.1257550924
-0.1117012986
-0.0501817567
-0.0138697936
-0.0371921914
-0.0903925802
-0.1120434810
-0.0856117448
-0.0462523618
-0.0194647414
-0.0071788086
-0.0093058706
-0.0422750963
-0.0586407672
-0.0498425676
0.0325004752
0.1915228974
0.1909561380
0.0453035075
-0.0504438722
-0.0349257553
0.0305954287
0.0997476727
0.0958404586
-0.0190858673
-0.1084751831
-0.0507938446
0.0547080757
0.0642988458
0.0156120124
-0.0383491251
-0.0873128544
-0.0993067413
-0.0939023562
-0.0896807432
-0.0812300985
-0.0780987940
-0.0776666982
-0.0688338385
-0.0467550006
-0.0293483272
-0.0226922028
-0.0139260006
-0.0058253034
0.0005921320
0.0090675621
0.0268171397
0.0372306361
0.0217413582
-0.0070340346
-0.0219566880
-0.0299484931
-0.0231445697
0.0323969383
0.0883876255
0.0754043367
0.0283133661
0.0038643117
-0.0055212383
-0.0288538818
-0.0268113982
0.0135319992
0.0003756152
-0.0764152580
-0.1431166813
-0.1612415639
-0.1055704853
0.0672815841
0.2079800781
0.1295796034
-0.0516220366
-0.0896499212
0.0060941839
0.0774291181
0.0547954087
-0.0174194451
-0.0755894572
-0.1178930858
-0.1265860852
-0.0588671385
0.0488679153
0.0839787240
0.0058470563
-0.0919465444
-0.0768927385
-0.0044564880
0.0275255378
0.0011678960
-0.0455637272
-0.0609787726
-0.0384137988
0.0013028782
0.0418465986
0.0718549612
0.0619707724
0.0335300081
0.0436805082
0.0765672568
0.0633648187
-0.0220763034
-0.0730127301
-0.0351291615
0.0120275980
0.0092691786
-0.0201768788
-0.0605771952
-0.0748129814
-0.0638359392
-0.0480511392
-0.0216364339
0.0122371117
0.0140019015
-0.0386232122
-0.0715477558
-0.0486619513
-0.0160719223
-0.0107328604
-0.0096192146
0.0076357552
0.0152638936
-0.0002968010
0.0207421385
0.0771961981
0.1108913842
0.0989721918
0.0597274974
0.0131941805
-0.0228260399
-0.0293608011
-0.0504433625
-0.0706856352
-0.0503119243
-0.0297972113
-0.0366855980
-0.0411450588
-0.0287336189
0.0124058376
0.0461413586
0.0106226069
-0.0433575509
-0.0631423415
-0.0736803131
-0.1063086866
-0.1206099389
-0.0861889776
-0.0550675547
-0.0600542977
-0.0589761092
-0.0439692201
-0.0392648318
-0.0721174753
-0.0985883405
-0.0795299921
-0.0185785348
0.0880590616
0.1844634929
0.1863902562
0.1341966051
0.0935733622
0.0596298466
0.0396292576
0.0381195060
0.0465968947
0.0619247746
0.0656641789
0.0571646862
0.0430203622
0.0530871963
0.1164775046
0.1794896225
0.1548812621
0.0464303783
-0.0305328204
-0.0251312911
-0.0340740591
-0.0752598833
-0.0320856456
0.0508734393
0.0279658378
-0.0824166089
-0.1385577105
-0.1237003527
-0.1089182303
-0.1010301039
-0.1037078206
-0.1364440389
-0.1633243334
-0.1481035368
-0.1021433492
-0.0251039285
0.0288855964
-0.0374042755
-0.1484153147
-0.1527888000
-0.0439136929
0.0303906734
0.0345424573
0.0127917294
-0.0289242815
-0.1085377229
-0.1463846136
0.0257302976
0.2406997028
0.1751417994
0.0084809897
0.0359239937
0.1841705305
0.2296181548
0.1155468511
0.0322907848
0.0287664705
0.0158413867
-0.0189078602
-0.0170877088
0.0914241682
0.1952291323
0.1911724292
0.1493952640
0.1260523244
0.0752542076
0.0172418139
0.0153552974
0.0179820598
-0.0199103304
-0.0736843188
-0.1127527544
-0.1158921394
-0.0811078455
-0.0367096144
-0.0014149487
-0.0039774618
-0.0663026169
-0.1021405624
-0.0718057777
-0.0251899514
-0.0089714050
-0.0311931358
-0.0943797858
-0.1643195666
-0.1878552648
-0.1488281526
-0.0919430867
-0.0523318344
-0.0089288591
-0.0024227444
-0.1123670522
-0.1864354323
-0.0669259618
0.0764786697
0.0620132946
-0.0216164786
-0.0400101550
0.0163729506
0.0600531223
0.0703930533
0.0896242524
0.1229105636
0.1272591595
0.0718760708
0.0177166333
0.0142622440
0.0208202090
0.0473755826
0.1581115610
0.2565337641
0.2062585105
0.0710146823
-0.0216069409
-0.0644470178
-0.0578960420
0.0043500919
0.0513870989
0.0242623740
-0.0714929647
-0.1528893336
-0.1331241407
0.0200266648
0.1877492322
0.1920976401
0.0965967977
0.0511654373
0.0700257097
0.1053184177
0.1516558887
0.1779609267
0.1513089949
0.0801115200
0.0460539079
0.0849357525
0.1375160893
0.1202071817
0.0381602424
-0.0254282107
-0.0083303948
0.0681895075
0.0841264600
0.0317421244
-0.0259529899
0.0052997396
0.1224688109
0.1572950654
0.0970803234
0.0427307195
0.0157359995
-0.0279426246
-0.0487251778
0.0216882067
0.0952107231
0.0474936227
-0.1253398767
-0.2557497113
-0.1928653038
-0.0747651498
-0.0789689835
-0.1403142683
-0.1202140857
-0.0466055960
-0.0272414767
-0.0504237417
-0.0551643821
0.0603323088
0.2669064042
0.3116892709
0.2600614618
0.2399599358
0.1830521906
0.0725737883
-0.0238337009
-0.0878130240
-0.1156766346
-0.1146314108
-0.0983239319
-0.0941883062
-0.1132208551
-0.1616572822
-0.1880794523
-0.1242701487
-0.0083136895
0.0233191289
-0.0695627691
-0.1416310619
-0.1408402679
-0.1536893579
-0.1802318971
-0.1694842800
-0.1689040590
-0.2335802127
-0.2797001283
-0.2588043097
-0.2417371685
-0.2719609072
-0.3113374729
-0.3226094659
-0.3400291402
-0.3903857529
-0.4428752084
-0.4324563076
-0.3358662004
-0.1338943730
0.0762016189
0.0028144466
-0.2195823529
-0.2149923099
0.0185641571
0.1584762599
0.1353842819
0.0618538457
0.0100602428
0.0189412899
0.0867217376
0.1674517197
0.1782865137
0.1301613433
0.1272507657
0.1992673205
0.2688709246
0.2745655147
0.1998183463
0.1400335047
0.1341085882
0.1326094127
0.1060726217
0.0667142678
0.0411798220
0.0537774291
0.1095169635
0.1518986622
0.1446220800
0.0939522263
0.0061788896
-0.0359295059
0.0059016096
0.1223718071
0.1726755049
0.0339827761
-0.0798971525
-0.0066448216
0.1214639540
0.1204813434
0.0044178096
-0.0837404601
-0.1042679675
-0.1299818833
-0.1461939531
-0.1316597239
-0.1313712438
-0.2045389145
-0.3132800861
-0.3495640534
-0.3387394880
-0.3469304848
-0.3733694659
-0.3773292582
-0.2801267493
-0.0443256692
0.0853323610
-0.0183498079
-0.1106352048
-0.0425618648
0.0525143252
0.0966289295
0.1255659032
0.1531665807
0.1586771213
0.1581068670
0.1801594404
0.2208815533
0.2362632302
0.2129468627
0.2050033343
0.2273810541
0.2134951927
0.1237433443
0.0419208615
0.0494694512
0.0816543702
0.1149080526
0.2343059997
0.4096486228
0.4276757263
0.3085848359
0.3029156180
0.3559516568
0.3358872626
0.3259861709
0.3543551079
0.4271748349
0.4966494312
0.4606059458
0.3423977878
0.1717487600
0.0048598164
-0.0147526824
0.0867376308
0.1574150945
0.1592900568
0.0821493548
-0.0101866502
-0.0293188285
-0.0248177827
-0.0526440378
-0.0834037694
-0.1052859524
-0.1540899810
-0.1969221731
-0.2245322259
-0.2725044193
-0.3367418348
-0.3781773697
-0.3667775277
-0.1898673523
0.1292958738
0.2262539549
0.0174845031
-0.1411083835
-0.1051132790
-0.0868945228
-0.1791254266
-0.2353177376
-0.1966302209
-0.1569457681
-0.1636533348
-0.1939830616
-0.2682460977
-0.3870620285
-0.4439760481
-0.3998834851
-0.2789419488
-0.0714606617
0.0307061068
-0.1235600711
-0.2481584945
-0.2065947048
-0.0753345660
0.0052829975
-0.0255645833
-0.0495358458
0.0334488846
0.2155181265
0.2594375825
0.1753853356
0.0660426066
-0.0269598879
0.0126606102
0.1699917855
0.2497187244
0.1969597567
0.1060979437
0.0702318427
0.0932662115
0.1609489755
0.2492460453
0.2336480586
0.1532681162
0.1488499755
0.2112449237
0.2397363009
0.2151113008
0.1809413456
0.2026949483
0.2832955416
0.3116436434
0.2443964198
0.1689829031
0.1387130913
0.1501618247
0.1538047445
0.1204164254
0.0812717143
0.0401709719
-0.0566693266
-0.1686165556
-0.2087006951
-0.1897480357
-0.1885119114
-0.1993488295
-0.1737835523
-0.1369969187
-0.1652870936
-0.1859447588
-0.1115977190
-0.0416449594
0.0064888923
0.0501891486
0.1555172391
0.3987671942
0.5123800605
0.3866912136
0.3359629910
0.3713991551
0.2945059249
0.1417353437
0.0754533124
0.1140641464
0.2183861244
0.2826550069
0.2217850454
0.1385331428
0.1141061586
0.1133423684
0.1131307010
0.1317608208
0.1591205887
0.1657398319
0.1235252150
0.0369480910
-0.0466173529
-0.0884300959
-0.1070229201
-0.0643400988
0.0658491794
0.1080978270
0.0322516952
-0.0102546860
-0.0160193513
-0.0615160055
-0.1142834117
-0.1339886871
-0.1336068426
-0.1263432014
-0.1169214582
-0.1348444855
-0.1703156324
-0.1641656615
-0.0927580002
0.0200269525
0.1289555095
0.1465454216
0.0823221944
0.0325795418
0.0220758082
0.0457967219
0.0909432739
0.1399482146
0.1829865666
0.2103150686
0.2066097366
0.1953189585
0.2220800003
0.2997257482
0.3670128196
0.3124051151
0.1731316150
0.1078716477
0.1107836668
0.0849271359
0.0146911698
-0.0574827433
-0.1292713943
-0.2014673879
-0.2554357843
-0.2597513722
-0.2130386630
-0.2036591551
-0.2469112718
-0.3175478915
-0.4092853626
-0.4429430186
-0.3572571175
-0.1864686453
-0.0153535703
-0.0588166572
-0.2367846656
-0.3103856293
-0.3230822362
-0.3399734246
-0.3337214117
-0.3142658470
-0.3236363856
-0.3554399964
-0.4095150636
-0.4225797869
-0.4220973431
-0.4370354192
-0.3673135582
-0.1619864046
-0.0480002279
-0.1838706853
-0.2294317439
-0.0678001674
-0.0170099471
-0.1815420286
-0.3286757285
-0.2980705611
-0.1806686857
-0.1103111245
-0.0862977970
-0.0730602853
-0.0978308229
-0.1650750282
-0.2048125099
-0.1654908899
-0.0582199420
0.0501724016
0.0799077564
0.0459618182
0.0332317389
0.0611606892
0.0861979759
0.0993656781
0.1496820948
0.2453203065
0.3051829318
0.3065466161
0.3278841109
0.3776122091
0.4354301275
0.4701161620
0.4089007974
0.2973251005
0.1963180996
0.1141952135
0.0487645577
0.0119330620
0.0167068452
0.0495703490
0.0724695502
0.0771576133
0.1001229962
0.1160102609
0.0862899964
0.0637800747
0.0838888227
0.1102560970
0.1242993601
0.1661174852
0.2214332384
0.2699708310
0.3145141146
0.3070410772
0.2620156934
0.2334706201
0.2127906753
0.2009983345
0.2203160966
0.2770052421
0.3565469062
0.4264955715
0.4971180829
0.5501973864
0.4562380293
0.2588045824
0.1838081651
0.2301473395
0.2869779388
0.3283592245
0.3542133835
0.3701313699
0.3941073530
0.3915767911
0.2958970101
0.1764861115
0.1280641109
0.1137260386
0.0700211230
0.0018954330
-0.0501055620
-0.0772180576
-0.1002113627
-0.1254008251
-0.1313240491
-0.1349235868
-0.1471468863
-0.1443084176
-0.1503826215
-0.1961820331
-0.2351739775
-0.2542205983
-0.2105498907
-0.0492925684
0.0182638237
-0.1371360333
-0.2698780327
-0.2557823840
-0.2677640745
-0.3777564177
-0.4842947343
-0.4590185919
-0.3134186812
-0.1714162676
-0.1150371022
-0.0945797436
-0.0629911514
-0.0513733917
-0.0419942373
0.0271857312
0.1277684775
0.2380483187
0.2763901701
0.1334923460
-0.0946243894
-0.2009501172
-0.2534609095
-0.2802366653
-0.1275591955
0.0198829453
0.0161023752
0.0259952988
0.1281524236
0.1533545585
-0.0147646802
-0.1319781666
-0.1687265026
-0.0772485417
0.3563987606
0.2288456490
-0.1220876633
-0.0727227274
-0.0813888413
-0.1718314956
-0.1696106232
-0.1969975983
-0.3261258543
-0.3390727981
-0.0758471847
0.1441912544
0.0733570312
-0.0905325856
-0.1494607451
-0.1150814557
-0.0766966923
-0.0803485017
-0.0652367977
0.0636216005
0.2512063258
0.3454595533
0.3171141776
0.1850045214
0.0433573285
-0.0306983162
-0.0425188272
-0.0585514213
-0.1303487616
-0.1822121140
-0.1569480147
-0.1472890632
-0.2181455545
-0.3322327852
-0.4212355921
-0.4712436357
-0.5232263781
-0.5650264081
-0.5585912630
-0.4864946090
-0.3702758667
-0.2505388102
-0.1414817086
-0.0710753434
-0.0006012746
0.1092855035
0.2114449836
0.2236250916
0.1198694333
0.0088077723
0.0347965012
0.1212876760
0.1438297577
0.0481142572
-0.0747972213
-0.1151276641
-0.1020347973
-0.1195617306
-0.1474958517
-0.1345792688
0.0366932476
0.2873415337
0.3274265048
0.1429993550
0.0223444035
0.1202063403
0.1911752811
0.0989302043
-0.0412273180
-0.1203011121
-0.0792359799
0.0824483450
0.2568455848
0.2175269039
0.0254352922
-0.0822931431
-0.0704093109
-0.0343202893
-0.0181176287
0.0023148993
0.0161942462
0.0065003107
-0.0153065776
-0.0228580491
-0.0038573862
0.0112376517
0.0096829161
0.0192822265
0.0163054832
-0.0453952198
-0.1314836366
-0.1787949968
-0.1705015305
-0.1762061477
-0.1802554680
-0.0903721016
0.0183023675
0.0365600374
-0.0701776558
-0.2088223235
-0.2177232537
-0.1467667466
-0.1090952010
-0.1147458437
-0.1232328768
-0.1296733542
-0.1338136012
-0.1213480029
-0.1185841760
-0.1549020800
-0.1862829702
-0.1875336681
-0.2091508368
-0.2688589253
-0.2677607323
-0.2053622176
-0.2255792852
-0.2948938949
-0.3238268651
-0.3057723377
-0.2099389682
-0.0352601825
0.0806050101
-0.0087757224
-0.1506669057
-0.1639855373
-0.1146010639
-0.1242842749
-0.1602671464
-0.1525271890
-0.0801936632
0.0320575071
0.0546358628
-0.0273552689
-0.0907463167
-0.0778999149
-0.0415677280
-0.0437421490
-0.1117929514
-0.2277106704
-0.2453604665
-0.1434821292
-0.0841063655
-0.1168270020
-0.1641109084
-0.1351347236
-0.0411676658
0.0047496378
-0.0252778123
-0.0533692692
-0.0462037229
-0.0272616826
-0.0104766930
-0.0103961815
-0.0323266436
-0.0183352969
0.0547150594
0.0989034171
0.0584961680
-0.0180355967
-0.0533644990
-0.0305197578
0.0131334175
0.1045434258
0.1784644579
0.0804438908
-0.0046231387
0.0786996963
0.2882565910
0.3976462739
0.2792220499
0.1799205461
0.2044719778
0.2002014950
0.1077609756
-0.0072662739
-0.0055182337
0.1252965019
0.2329201527
0.2293683425
0.1389068175
0.0821208568
0.0898409882
0.0857645637
0.0523906953
0.0223298149
-0.0067484796
-0.0408058751
-0.1258942999
-0.2594846872
-0.3054735738
-0.2557041763
-0.1459535938
-0.1349801850
-0.2504159537
-0.3161603281
-0.2495410983
-0.1599890825
-0.1570570253
-0.2191705668
-0.2389046355
-0.1688210307
-0.1069511370
-0.1182141219
-0.1489739225
-0.1582655937
-0.1845396531
-0.2294282497
-0.2800734661
-0.3554491655
-0.3893520026
-0.3348015538
-0.2604676034
-0.2712451400
-0.2162393211
-0.0202312905
-0.0151932845
-0.1609561776
-0.1824960987
-0.0901280083
-0.0200432609
-0.0003251747
0.0040077895
0.0231822113
0.0416385657
0.0341721223
0.0144574193
0.0507815454
0.1768919688
0.2250369784
0.2031928682
0.3249968520
0.3976027823
0.3564247103
0.3578333432
0.4088184333
0.5711184463
0.5578204048
0.3706102693
0.3959245366
0.4552795169
0.3884917682
0.3230789007
0.3200458443
0.3487554835
0.3879032409
0.4333105877
0.4581811218
0.5453712731
0.6121047550
0.4613530840
0.3424972688
0.4011614211
0.4263692026
0.4696559746
0.4593043881
0.6145258546
0.6710773176
0.5744709081
0.5358800715
0.4970142913
0.3681454832
0.2314858839
0.2553186879
0.2674567953
0.2101159224
0.1707970971
0.1544577562
0.1555048431
0.1475512277
0.1187452560
0.0769402890
0.0391582580
0.0527066922
0.1924871874
0.3234386414
0.2228754890
0.0747920297
0.1045998773
0.1991119001
0.2050487922
0.1636294012
0.1594664335
0.1932006102
0.2171387944
0.1937041955
0.1389899510
0.0738891581
0.0041198713
-0.0539683464
-0.0760280784
-0.0748040416
-0.0519263386
-0.0159922753
-0.0108461887
-0.0145156538
0.0054767411
0.0646667192
0.1358846284
0.1214667249
0.0256701440
-0.0673958535
-0.0972648678
-0.0637811175
0.0349220271
0.1206619346
0.1025342304
0.0474720579
0.0224407024
0.0108817079
-0.0026419948
-0.0331358705
-0.0881324250
-0.1371817830
-0.1615778884
-0.2095637458
-0.3149819881
-0.3962653715
-0.4046423583
-0.3781816895
-0.3384105288
-0.2857986658
-0.2360733432
-0.1136130188
0.0371613168
0.0201340254
-0.1153793113
-0.1878761774
-0.1903091368
-0.2136058707
-0.2149610986
-0.1893262808
-0.2122284125
-0.2703638877
-0.3066923740
-0.3244146690
-0.3393406929
-0.3468420141
-0.3087073790
-0.1832935411
-0.0034071552
0.0871454177
0.0099379601
-0.0738769582
-0.0392748733
0.0195973696
0.0059733499
-0.0592164755
-0.1077061507
-0.0772465013
-0.0047863233
0.0390105694
0.0530462620
0.0475519968
0.0607457300
0.0807208702
0.0406392663
0.0002534487
0.0323692046
0.0786345211
0.0653976194
-0.0435284885
-0.2091886219
-0.2495877798
-0.1634799891
-0.1132683150
-0.1156342976
-0.1107819374
-0.1382825242
-0.2109114128
-0.2687800194
-0.2672028357
-0.2205757722
-0.1562641406
-0.1053589906
-0.0789530959
-0.0467491161
-0.0153879101
0.0029372309
-0.0003415511
-0.0189673798
-0.0414929022
-0.0253721983
0.0463888086
0.0451951794
-0.0872268079
-0.2269026715
-0.2330106847
-0.1236750719
0.0116941551
0.0802286315
0.0365143769
-0.0790171276
-0.1487975169
-0.1262000687
-0.0708860073
-0.0294544074
-0.0260979149
-0.0424504577
-0.0654193379
-0.0357875597
0.0884941547
0.1994334625
0.2088116327
0.1750441177
0.1978604671
0.2420561573
0.2012200457
0.1664892092
0.2511846239
0.3393088886
0.3031732344
0.2149992837
0.1909575619
0.1872227270
0.1415519666
0.0115302491
-0.1935141870
-0.2771421971
-0.2039451775
-0.1438195969
-0.1826087744
-0.2192626197
-0.1810782670
-0.1293668354
-0.1086414836
-0.0980834288
-0.0787955871
-0.0544442864
-0.0531525811
-0.1109607379
-0.1476355563
-0.1402149379
-0.0757392525
0.0784086559
0.1771624135
0.1898356016
0.1621729525
0.1259928782
0.0651619340
0.0255078641
0.0417075782
0.0803684422
0.1229975350
0.1553102599
0.1350231113
0.0662394403
0.0075167000
-0.0144800944
-0.0395372761
-0.0713321108
-0.0744330641
0.0133073283
0.1390563702
0.1584711291
0.1349239325
0.1801162385
0.2539376073
0.2536922318
0.1936497089
0.1771897987
0.2141306585
0.2434205463
0.2523221819
0.2456417692
0.2161854696
0.1621509829
0.0696453324
-0.0180508532
-0.0283249325
-0.0026741558
-0.0080903111
-0.0264285203
-0.0038987098
0.0370305773
0.0581162156
0.0858335734
0.1149823123
0.1007930225
0.0501198188
0.0116707613
-0.0090549302
-0.0406877091
-0.0922586341
-0.1391656522
-0.1404504856
-0.1313569883
-0.1088878455
-0.0099240424
0.0687756118
0.0821301885
0.1345394100
0.1623499285
0.0013125700
-0.1376335584
-0.0888503803
-0.0210861394
-0.0445574492
-0.0836284088
-0.0786625928
-0.0503545694
0.0003560765
0.0750666379
0.0994247230
0.0815757204
0.0893760777
0.1156127678
0.0998806621
0.0709872784
0.0693629819
0.0669650523
0.0571503032
0.0516260111
0.0283987256
-0.0003721398
-0.0042390951
-0.0053028576
-0.0358811729
-0.0649015956
-0.0678709796
-0.0587627916
-0.0594925990
-0.0642239601
-0.0660052081
-0.0811871124
-0.1039628487
-0.1162082354
-0.1180799171
-0.1230094140
-0.1169068695
-0.1353171773
-0.2057871652
-0.2549122773
-0.2156530751
-0.1368713784
-0.0921615476
-0.0488940433
-0.0259034396
-0.0366632667
-0.0598821970
-0.0792971492
-0.0991639406
-0.1028542224
-0.1132635969
-0.1812305801
-0.2532696879
-0.2456653678
-0.1857468444
-0.1638694114
-0.1892493084
-0.1807883248
-0.1213530992
-0.0874949266
-0.1323207327
-0.1792501512
-0.1704319058
-0.1424559369
-0.1265933644
-0.0951572457
-0.0813240468
-0.1223172187
-0.1646252912
-0.1399106670
-0.0610362298
-0.0022679935
-0.0071408340
-0.0361850176
-0.0498495801
-0.0444669413
-0.0460763043
-0.0558422026
-0.0503321787
-0.0366547861
-0.0444644744
-0.0717653526
-0.0937562784
-0.1011844371
-0.1345276967
-0.1994375947
-0.2148975397
-0.1910526270
-0.1795433399
-0.1468185299
-0.0967248841
-0.1105639042
-0.1580683246
-0.1552344253
-0.1090108745
-0.1008365356
-0.1540710289
-0.1928818327
-0.1797571623
-0.1643339189
-0.1803166887
-0.1978842392
-0.1928917912
-0.1773577192
-0.1654365930
-0.1594946878
-0.1537833847
-0.1461062489
-0.1403135989
-0.1363744405
-0.1312901529
-0.1253590935
-0.1196082756
-0.1022678594
-0.0644156585
-0.0284307043
-0.0118917477
-0.0037972257
-0.0045234810
-0.0205011220
-0.0262211779
-0.0165444546
-0.0118386412
-0.0123456754
-0.0050633410
0.0068316715
0.0133240322
0.0087915489
0.0028263680
0.0081213514
0.0234073738
0.0351105298
0.0426861728
0.0468895647
0.0462570526
0.0454653479
0.0448208318
0.0440599065
0.0432812321
0.0409144214
0.0408109173
0.0447707926
0.0476315131
0.0488549592
0.0514979518
0.0545791957
0.0566272925
0.0591552009
0.0628246483
0.0675791207
0.0720992365
0.0752214861
0.0779573311
0.0813111051
0.0846652868
0.0871976438
0.0885537480
0.0887360476
0.0891540028
0.0902304096
0.0910177746
0.0918621629
0.0930568188
0.0946196090
0.0966804435
0.0992467380
0.1003464092
0.0993352678
0.0988772817
0.1000046803
0.1010484265
0.1014268506
0.1018360878
0.1024166902
0.1026243503
0.1024664826
0.1024210161
0.1024798421
0.1023984894
0.1022524033
0.1020144230
0.1016641388
0.1012096118
0.1006888502
0.1002711864
0.0996512436
0.0989085429
0.0982088925
0.0974461392
0.0966153332
0.0956816734
0.0946667873
0.0936185730
0.0925199352
0.0913599001
0.0901398230
0.0888547833
0.0875154314
0.0861263427
0.0846837735
0.0831880390
0.0816421331
0.0800480011
0.0784067701
0.0767195835
0.0749880518
0.0732138487
0.0713985614
0.0695438149
0.0676512676
0.0657226024
