-0.0026856740
-0.0012544508
-0.0005734559
-0.0019921429
-0.0030085185
-0.0022509243
0.0005479954
0.0005147430
-0.0043601407
-0.0056147971
-0.0017986333
0.0000340305
-0.0011335541
-0.0043408881
-0.0034323542
-0.0012013832
-0.0042621767
-0.0037607367
-0.0058485370
-0.0043754162
-0.0018742937
-0.0014672404
-0.0008767719
-0.0041615896
0.0021871804
0.0030083278
-0.0059546702
-0.0048861604
-0.0014631870
-0.0041090797
-0.0036762693
-0.0031168501
0.0006470034
0.0001037559
-0.0026636928
-0.0044050829
-0.0093806201
-0.0007365970
0.0031434425
-0.0021792742
-0.0016419850
-0.0009600765
0.0001864186
-0.0019278475
-0.0028789772
-0.0042160514
-0.0039130034
-0.0058541491
-0.0055005349
-0.0035061517
0.0037313462
0.0024269109
-0.0051480640
-0.0028764069
-0.0056397566
-0.0044922599
0.0024542977
0.0042744002
-0.0022820190
-0.0016835706
0.0028992554
-0.0006341069
0.0017975933
0.0025264888
0.0002628139
-0.0053046894
-0.0046647453
-0.0110240156
-0.0080833876
0.0016984422
-0.0005042141
0.0074517874
-0.0030812926
-0.0108216477
0.0051076455
0.0013666391
-0.0052978775
-0.0041742518
-0.0052839771
0.0044693663
0.0078116268
0.0074851644
-0.0084669069
-0.0111374414
0.0000374361
-0.0011156448
0.0036385919
-0.0013679043
-0.0000002782
-0.0032030694
-0.0013649869
0.0009178662
-0.0010246893
0.0093310500
0.0058945333
0.0051134356
-0.0071084523
-0.0192484710
0.0054196009
0.0216130636
0.0132032411
0.0035930361
-0.0020232894
-0.0114950268
-0.0155906715
-0.0022585734
0.0157739483
0.0056770597
-0.0138928363
0.0048401583
0.0129977136
-0.0011150083
-0.0063019444
-0.0061577429
-0.0076912566
0.0012234462
0.0076977723
0.0054318936
0.0038385271
-0.0133297422
-0.0163271988
0.0016229750
0.0160721437
0.0141964813
-0.0112496765
-0.0104277780
0.0053086670
0.0012390109
0.0030714065
-0.0001034400
0.0116505983
0.0160501794
0.0109665518
0.0059370875
-0.0054566863
0.0096206223
0.0119659908
0.0107999816
-0.0042328253
-0.0183131860
0.0032611947
0.0057222272
-0.0115198281
-0.0049857287
0.0052501000
0.0052722200
0.0069888744
0.0140603903
-0.0021145894
-0.0120933576
0.0054969428
0.0176329529
0.0118120863
-0.0064994051
-0.0124566469
0.0093895827
0.0233688681
0.0059021150
0.0064655019
-0.0033437908
-0.0141845463
0.0082328459
0.0090087674
0.0030981877
0.0022421333
0.0074341805
0.0226096580
0.0138823992
0.0131987440
-0.0093148265
-0.0046446124
0.0143001566
0.0016171126
0.0003478161
-0.0035919962
-0.0062737352
-0.0004239453
0.0221965578
0.0077838733
-0.0104786937
-0.0054507645
0.0006798279
0.0106178968
0.0124529557
0.0135847391
0.0151643306
0.0112511831
0.0118285498
0.0054392262
-0.0010677217
0.0054164097
0.0130975106
0.0143117130
0.0081222779
0.0008085774
0.0046007782
0.0035351613
0.0052118800
0.0138105034
0.0173605955
0.0062373075
0.0051235187
0.0082616596
0.0124521646
0.0020566275
-0.0006883592
0.0188586315
0.0215926078
0.0019727447
-0.0111202690
-0.0023481952
0.0125271110
0.0123083388
0.0079949609
0.0066699535
-0.0062923580
0.0053959451
0.0229502880
0.0201879636
0.0137452614
0.0201610056
0.0123517060
0.0030302382
-0.0030054722
-0.0026415880
0.0104692197
0.0091337975
0.0199895238
0.0203312997
0.0023721685
-0.0003460414
0.0057657331
0.0126832403
0.0086519611
0.0040602911
0.0006031096
0.0023980093
0.0053308937
0.0025477916
0.0123447812
0.0183991917
0.0205862806
0.0160116543
0.0132050737
0.0096822892
0.0023423784
-0.0014852932
0.0102247650
0.0184407769
0.0234789393
0.0280618069
0.0229561669
0.0139539740
0.0051367565
-0.0060989622
0.0022827038
0.0193891628
0.0180016825
0.0049255424
0.0106493205
0.0128767491
-0.0088882793
-0.0170245055
-0.0095624824
-0.0128082011
-0.0162420485
-0.0098431360
0.0040182178
0.0148183584
0.0228351451
0.0270016497
0.0236530875
0.0118994974
0.0036278609
0.0130127646
0.0368592081
0.0652753159
0.0547694403
0.0428548645
0.0355210908
0.0262834597
0.0050414442
-0.0583975526
-0.0932849360
-0.0687018508
-0.0461715122
-0.0388088966
-0.0423071549
-0.1016282978
-0.1537788709
-0.1518776093
-0.1023092393
-0.0621102419
-0.0361550934
0.0089964612
0.0449975523
0.0752214389
0.1427423045
0.1602791497
0.1269646121
0.1110570224
0.0960556748
0.1213357392
0.1517948778
0.1812226065
0.1826681314
0.1119720981
0.0130668384
-0.0612460053
-0.1267830096
-0.2499059491
-0.3110326961
-0.3104120975
-0.2850038669
-0.1800250598
-0.1154428134
-0.0750717905
-0.0135833327
0.0523430788
0.1157072971
0.1390064703
0.1435416459
0.1430032886
0.1025080265
0.0212824548
-0.0514975142
-0.0957746799
-0.0665680390
0.0658435567
0.1853763332
0.1988190065
0.1948478767
0.1524972255
0.0962059050
0.1285701534
0.1164724711
0.0523393601
0.0036911292
-0.0287293948
-0.0855567214
-0.0961628856
-0.1053271219
-0.1168087149
-0.1329972635
-0.1746419329
-0.2077079120
-0.2200039417
-0.1529816545
-0.0519283138
0.0339679939
0.0388746483
0.0624017878
0.1054936992
0.0782130104
0.1128943988
0.1394166724
0.1137569587
0.0828124965
0.1397798912
0.1327453846
0.0506627784
0.0258104669
-0.0414271974
-0.0878331262
-0.0952417393
-0.1039003402
-0.0713701679
-0.0665854408
-0.0738354368
-0.0693362709
-0.0799923174
-0.0430301170
-0.0468580092
-0.0441506930
-0.0018703013
0.0124398369
0.0286311702
0.0404191391
0.0454443814
0.0364515522
0.0360536602
0.0658011890
0.0603681869
0.0171750101
0.0005395188
-0.0388922326
-0.0803324241
-0.0700270651
-0.0189742205
-0.0094885427
-0.0263056854
0.0051309563
-0.0027469879
-0.0421650670
-0.0239021778
-0.0288959953
-0.0696183262
-0.0629342104
-0.0259387821
-0.0083219861
0.0038208494
0.0114741634
-0.0264234928
-0.0659293615
-0.0431442198
-0.0351372319
-0.0306680443
-0.0159050777
-0.0318053477
-0.0064390391
0.0194273409
0.0144291397
-0.0340830026
-0.0688206188
-0.0581125522
-0.0513062339
-0.0470175947
-0.0386763498
0.0031891559
0.0112195297
-0.0249829193
-0.0348307558
0.0213062468
0.0550480887
-0.0021607353
-0.0155404194
0.0069270640
0.0107977877
0.0181813085
-0.0060073380
-0.0144896770
0.0082514167
0.0007741587
-0.0255049818
-0.0255564575
-0.0093169657
0.1031151672
0.1356752036
0.0479891557
0.0132971430
0.0073694988
0.0255292663
0.0794608071
0.0858614018
0.0859938572
0.1506279071
0.1541049753
0.0926086978
0.0270718027
0.0214437370
0.0725421827
0.1498240748
0.0961552731
-0.0192515969
0.0438311941
0.0653043361
0.0761475473
0.0909986471
0.1537544114
0.2134863723
0.1990849215
0.2051576029
0.1729564404
0.1395087896
0.0980872596
0.0858228395
0.0857188338
0.0701303633
0.0437831972
-0.0133862540
-0.0341397686
-0.0173722509
0.1073655614
0.1512887343
0.1285667383
0.1806034978
0.1783767971
0.0735595574
-0.0501148787
-0.0599114087
0.0348267170
-0.0159835924
-0.0684101957
0.0489553615
0.0036231747
0.0209678869
-0.0300411764
-0.1846184886
-0.0313161587
-0.1674358079
-0.1760325993
-0.0245322980
-0.0637375375
-0.0504926750
-0.0882118227
-0.1909505479
-0.2431711770
-0.2064620380
-0.2045096070
-0.1292810004
-0.1406934385
-0.2992335615
-0.2875074116
-0.2198120206
-0.3257052414
-0.3651278066
-0.2194151069
-0.2129782794
-0.1825788483
-0.1592007785
-0.1921397908
-0.2033184319
-0.2140322462
-0.2768227650
-0.2849644054
-0.1338999417
-0.1583730066
-0.2439852250
-0.2055542615
-0.2414907274
-0.1413930794
-0.1508577704
-0.1957425952
-0.0938217744
-0.0674406928
-0.1114709685
-0.1600336775
-0.1752333722
-0.1975453716
-0.1652601068
-0.0709075248
-0.0071157314
0.0058984009
-0.0483591768
-0.0772533087
-0.0069977428
-0.0005628334
-0.0368494125
0.0496219107
0.0997613309
0.0690751785
0.0174927339
0.0029306455
0.1047301549
0.2054606730
0.2810905252
0.2421548937
0.1002403556
0.0547797036
0.0713201259
0.0297409953
0.0388573508
0.1507744257
0.1605569868
0.1398185161
0.2286800943
0.2032741278
0.0350577665
-0.0435474095
-0.1011572738
-0.1289164389
0.0022511835
0.0482896874
-0.0114974950
0.0284331818
-0.0299245793
-0.1410614541
-0.1872603589
-0.1656135093
-0.1350808573
-0.1123613280
0.0421991586
0.1297967193
0.0535393718
0.1089054271
0.1790386258
0.1075105050
0.0791991952
0.1641694141
0.1716013839
0.1283260644
0.2142072515
0.2261455335
0.1871025978
0.2005322786
0.1873219810
0.1947761338
0.1609534154
0.1375777549
0.1345914223
0.1182089798
0.1135029513
0.0992999394
0.0767669622
0.0648035583
0.0777218828
0.0434879620
0.0218047973
-0.0053610469
-0.0463002047
-0.0559447712
-0.0466265118
-0.0465149658
-0.0668567105
-0.0976496843
-0.0969594213
-0.1007343118
-0.0481920853
0.0688421000
0.1008599604
0.1014910324
0.0462335281
-0.0343825881
-0.0608090207
0.0172930171
0.0997063367
0.1424953323
0.1516666909
0.1653326538
0.1663330594
0.1497825990
0.1521752885
0.1632989393
0.2072128612
0.1803550570
0.1375856711
0.1091808934
0.1078063502
0.1668227624
0.1826667225
0.1438204280
0.1321314856
0.1363378211
0.1445327253
0.2050491664
0.1847278282
0.0722378670
0.0333277537
0.0295462554
-0.0088314670
-0.0127549312
0.0327049442
0.0772091365
0.0742545927
0.0384718081
0.0570663355
0.0534802663
0.0244865321
0.0191188271
-0.0529680100
-0.1118874690
-0.0935812921
-0.1392091981
-0.1613789937
-0.1198757014
-0.1357726652
-0.1232618390
-0.1164583255
-0.1414605900
-0.1457655993
-0.1850427294
-0.2026413500
-0.1830457167
-0.1796447105
-0.1303311160
-0.1002765133
-0.1198554371
-0.1196002885
-0.1556177770
-0.2140384243
-0.2092596054
-0.1849875790
-0.1941353226
-0.1180052693
-0.0203232647
-0.0152288706
-0.0273132021
0.0349659370
-0.0346161268
-0.1892966229
-0.0902428968
-0.0302603576
-0.0547186225
-0.0023177843
-0.0364065062
-0.0554910903
0.0162329526
0.0432502545
0.0667929153
0.1013133989
0.0287012739
-0.0093890329
0.0315327151
0.0319993214
0.0046223774
-0.0202214370
-0.0516435890
-0.0363391329
-0.0392983071
-0.0624766508
-0.0327320329
-0.0349106066
-0.0450372079
-0.0553801863
-0.1127283181
-0.1363471398
-0.1193653963
-0.1284034564
-0.1028321049
-0.0523826132
-0.1059196534
-0.1411777956
-0.1328345796
-0.1465584408
-0.1370196126
-0.0991739523
-0.0607698498
-0.0392428762
-0.0232407139
-0.0054405008
0.0100881532
0.0491971041
0.0749793680
0.0790507722
0.0922622287
0.0859619461
0.0774446185
0.0764624094
0.0691608525
0.0601939307
0.0673626388
0.0934150749
0.1051692813
0.0906756104
0.0470326291
0.0003541123
-0.0348032409
-0.0483666843
-0.0216152743
0.0422726545
0.1236929719
0.1321381583
0.1013122952
0.1212525144
0.0983112485
0.0010065359
-0.0160484716
0.0217690795
0.0026659616
0.0211122668
0.0603086905
0.0712658047
0.0692869329
0.0558733707
0.0760897839
0.1112161753
0.1359214016
0.1132837048
0.0401046343
0.1103109722
0.1421307493
0.0372476975
0.0791891868
0.1220054564
0.0722841222
0.0671995489
0.0918332089
0.0412484745
0.0186943156
0.0192866757
0.0122123480
0.0855878873
0.0952143241
0.0446012414
0.0116326949
0.0026272021
0.0153964021
0.0329391216
0.0398674216
0.0179418229
-0.0213434743
-0.0462253269
-0.0329634163
0.0020040813
0.0029186361
-0.0033398261
-0.0292969781
-0.0482684930
-0.0302629593
-0.0335570324
-0.0454879150
-0.0468011494
-0.0300731040
-0.0168695197
-0.0256760829
-0.0264963781
-0.0076718074
0.0017506449
-0.0013307328
0.0007177759
0.0023077869
0.0126539331
0.0142833093
0.0030803173
0.0008059750
-0.0005261110
-0.0060532233
-0.0010241939
-0.0023508650
-0.0106493060
0.0008354335
-0.0032611456
-0.0202889174
-0.0141722838
-0.0106958460
-0.0157406131
-0.0083995117
-0.0053865993
-0.0089374333
-0.0093384350
-0.0195222220
-0.0318014105
-0.0296687240
-0.0232324106
-0.0256103074
-0.0111655884
-0.0066905673
-0.0057990667
0.0009412243
-0.0139942236
-0.0063137443
-0.0008424510
-0.0121573020
-0.0237501791
-0.0253303386
-0.0032045506
0.0189048364
0.0228803721
0.0207182359
0.0146965734
-0.0176937271
-0.0344924117
-0.0322837563
-0.0247066668
-0.0181507910
-0.0288617711
-0.0276509201
-0.0286799932
-0.0296436224
-0.0168258193
-0.0007576658
0.0037789944
0.0087040565
0.0047454183
-0.0002610995
-0.0040823860
-0.0099356791
0.0035937153
0.0039277373
-0.0064131280
-0.0052700303
-0.0117765362
-0.0074504931
-0.0008114541
0.0001945667
0.0130845150
0.0122774045
0.0005225980
0.0106623450
0.0140091080
0.0080422076
0.0215379738
0.0260328447
0.0096548002
-0.0095019098
-0.0169313257
-0.0093923567
-0.0065928531
-0.0112881083
-0.0063965759
0.0084325696
0.0176159371
0.0048602381
-0.0154896716
-0.0193494929
-0.0081635535
0.0018019826
-0.0023992829
-0.0151149677
-0.0146814170
-0.0045671652
0.0035789127
-0.0063075894
-0.0134455727
-0.0033744278
-0.0012506141
-0.0061292098
-0.0047343211
0.0026940922
0.0019406536
-0.0014990156
0.0108822931
0.0211657144
0.0230618590
0.0199348136
0.0209212981
0.0122727703
0.0002086546
0.0054864331
0.0129496199
0.0136027932
0.0012564789
-0.0056180963
0.0014133656
0.0089590677
0.0113679826
0.0043088145
0.0000889886
0.0071507556
0.0010291672
-0.0061296696
0.0017468478
0.0080731031
0.0017803614
-0.0146359697
-0.0199855997
-0.0206710244
-0.0267305712
-0.0248818882
-0.0184575319
-0.0100177102
0.0057513221
0.0098405301
0.0098707181
0.0055249989
-0.0001887644
-0.0069226448
-0.0132364362
-0.0225940990
-0.0263344577
-0.0186133758
-0.0225278829
-0.0133263674
-0.0087705535
-0.0191703710
-0.0280143073
-0.0264813795
-0.0090436834
0.0096615765
0.0072843975
-0.0068681905
-0.0050047963
-0.0081283801
-0.0020024145
0.0075045765
0.0027271343
0.0012857686
-0.0068290504
-0.0165685851
-0.0156992247
-0.0117661798
-0.0016033253
0.0033093335
0.0038241814
0.0128022948
0.0228970649
0.0204300911
0.0111824464
0.0032323304
-0.0071971046
-0.0103427373
-0.0080571364
-0.0089303375
-0.0030383586
-0.0059774536
-0.0052083653
0.0014878937
0.0029091398
0.0033555267
-0.0068343843
0.0022460794
0.0210028327
0.0078681181
-0.0174444072
-0.0134554164
0.0099583896
0.0128894794
-0.0002424571
-0.0088091314
-0.0084798652
-0.0074866225
0.0112173093
0.0141809421
0.0023983357
0.0100695672
0.0023940304
-0.0053010715
0.0003960298
-0.0050362679
-0.0082211180
0.0004880579
0.0069588798
0.0144765733
0.0099484432
-0.0074456425
-0.0149497272
-0.0234585699
-0.0242033737
-0.0098491804
0.0031433310
0.0009213505
-0.0190487787
-0.0282679635
-0.0221959565
-0.0243094465
-0.0153985542
0.0003245264
-0.0051042197
-0.0112727061
-0.0025694972
-0.0054277147
-0.0170200430
-0.0059501301
-0.0003008765
-0.0128905382
-0.0169709249
-0.0097618509
-0.0020479910
-0.0070978104
-0.0143150060
-0.0007010677
0.0033472084
-0.0031098851
0.0021653643
-0.0006358953
-0.0004147730
0.0057184206
0.0128924603
0.0077042264
-0.0003789728
0.0142766717
0.0223100098
0.0179575561
0.0066452702
0.0065895436
0.0101235347
-0.0007934091
0.0003955369
0.0139767387
0.0099030321
0.0000735321
0.0023132785
0.0007766304
-0.0030317652
-0.0045298571
-0.0029391756
0.0090037347
0.0215014820
0.0186549994
0.0052047286
0.0014266567
0.0101226447
0.0066666457
-0.0076904446
-0.0060928618
0.0070696037
0.0060124651
-0.0082262693
-0.0084308590
-0.0002322373
-0.0040753241
0.0011309651
0.0097504031
0.0043738750
0.0006770466
0.0057185251
0.0037676122
-0.0009755853
0.0066104222
0.0049815639
-0.0086944175
-0.0111277608
-0.0044406297
-0.0013058981
-0.0036124624
-0.0103920678
-0.0132099535
-0.0025228430
0.0175272991
0.0211975707
0.0004452929
-0.0065725011
-0.0063660354
0.0009663927
0.0229402547
0.0177832248
0.0047476412
-0.0048189671
-0.0127466531
-0.0153659491
-0.0204137076
-0.0000376864
0.0184054537
0.0114922226
-0.0018782944
-0.0185985648
-0.0128278923
-0.0127482677
-0.0177445466
-0.0047073489
-0.0042791867
-0.0045384718
-0.0035684453
0.0011340956
-0.0017875360
-0.0046771791
0.0050122595
-0.0018436890
-0.0042982787
0.0025716848
0.0020685819
-0.0009190194
-0.0041355624
-0.0019548415
0.0018046142
-0.0053086007
-0.0059945106
0.0124266209
0.0196194077
0.0064653395
-0.0123801397
-0.0130209625
0.0042705365
0.0088822336
0.0130691288
0.0109335241
-0.0014148960
-0.0045429651
-0.0062233914
-0.0042001167
0.0002634862
0.0085640708
0.0156717577
0.0103154182
0.0054441824
-0.0011557485
-0.0039779455
-0.0011385504
-0.0027081414
-0.0033188403
-0.0003314733
0.0148145469
0.0235192035
0.0138344168
-0.0023655358
-0.0110828013
-0.0058695110
-0.0002042174
0.0054333244
0.0054461211
-0.0039140118
-0.0035449418
0.0001016536
0.0022792658
0.0007241774
-0.0079508528
-0.0014095244
0.0084821893
0.0130605693
0.0083923745
-0.0000448285
-0.0072203749
-0.0059013065
0.0020759563
-0.0022435790
-0.0013212749
0.0104302181
0.0092408437
-0.0005092485
-0.0007302672
-0.0046150846
-0.0053034804
0.0074194957
0.0191497184
0.0135620503
-0.0048576372
-0.0260898180
-0.0318744223
-0.0115482081
0.0023124265
-0.0018423092
0.0015121105
0.0135136382
0.0099528432
-0.0030395363
-0.0032225380
-0.0052984109
-0.0130315793
-0.0247918711
-0.0282762030
-0.0125839288
0.0062294289
0.0190867908
0.0163657295
-0.0009095032
-0.0052390309
0.0102757654
0.0129685749
-0.0050521867
-0.0066895685
0.0108143432
0.0102569906
-0.0024314010
-0.0056749425
-0.0023497382
0.0026271797
0.0070446177
0.0122648634
0.0093415595
0.0012408977
-0.0029054982
-0.0141219141
-0.0184481628
-0.0064722712
0.0082800331
0.0174417258
0.0111774499
-0.0060607319
0.0006018275
0.0165868692
0.0107158227
0.0125671417
0.0160964649
0.0062128238
0.0032810144
0.0053809141
0.0108344836
0.0072136432
-0.0078072194
-0.0031428286
0.0049343829
-0.0077120229
-0.0042545828
0.0127811163
0.0111504893
0.0069733391
0.0182804582
0.0117595027
-0.0201258278
-0.0208238611
0.0030967351
0.0172209454
0.0089830875
-0.0078049325
0.0042087724
-0.0045352681
-0.0306050729
-0.0251712337
-0.0106964040
-0.0047632233
-0.0065749838
-0.0145944540
-0.0091293630
0.0084388626
0.0081216764
0.0098995006
0.0070634642
-0.0089536460
-0.0048354174
-0.0032064531
-0.0144785770
-0.0234442333
-0.0194684260
0.0020001522
0.0145549427
0.0111157467
0.0124790763
0.0091550557
0.0050015192
0.0081603380
-0.0054985066
-0.0064975528
0.0148110149
0.0094446307
-0.0072080006
0.0046626960
-0.0045221007
-0.0237107692
-0.0219222782
-0.0009439290
0.0231052979
-0.0046756832
-0.0273291820
-0.0195485289
0.0068894084
0.0305702619
0.0214592898
0.0019752411
0.0032900271
0.0054372603
-0.0071690363
-0.0071176259
-0.0034669326
-0.0104578575
-0.0125087606
0.0005198163
-0.0044984354
-0.0156818402
-0.0013362728
0.0188502187
0.0252752106
-0.0049082926
-0.0239236121
-0.0068324861
0.0117708525
0.0180161543
-0.0016331298
-0.0174134324
-0.0119687741
-0.0070026545
0.0068320260
0.0157988157
0.0241583389
0.0211756543
-0.0073008403
-0.0130840213
0.0026149567
-0.0002882826
-0.0046075189
0.0089693701
0.0158668072
0.0017987498
-0.0107887616
-0.0154962320
-0.0145146689
-0.0028950940
-0.0034074286
-0.0172384315
-0.0142122467
-0.0050505151
-0.0036526260
0.0079121078
0.0053173946
-0.0130055771
-0.0051869325
0.0121936823
0.0034928438
-0.0001473500
0.0152121111
0.0171324375
-0.0027450195
-0.0100203242
0.0054452032
0.0096210030
-0.0072553196
-0.0257700390
-0.0143351463
0.0057007681
0.0002733394
0.0025928770
0.0084776611
0.0114864501
0.0078522231
-0.0101845100
-0.0085205145
0.0091742091
0.0014929039
-0.0265711315
-0.0275460325
-0.0034783058
-0.0004690515
-0.0046364451
-0.0033478947
-0.0007814007
0.0166653743
0.0215615334
0.0061251612
-0.0131795407
-0.0089057273
0.0048747719
0.0024525496
0.0028137842
0.0064819953
0.0001797369
-0.0070052028
-0.0049717776
-0.0085163243
0.0022419346
0.0221630060
0.0324025953
0.0131373615
-0.0095598002
-0.0153247975
-0.0059888721
0.0029718492
-0.0081830931
-0.0092700014
-0.0150836948
-0.0219024257
0.0019689751
0.0158001907
0.0039532977
0.0022372177
0.0011740928
-0.0214560118
-0.0249606612
-0.0104107446
-0.0042204978
0.0051260578
0.0063163418
-0.0036355998
-0.0141257852
-0.0085579886
0.0192337415
0.0295379012
0.0176662331
0.0118601564
0.0053185061
-0.0096279997
-0.0036141855
0.0158299652
0.0061311558
-0.0040198076
0.0016206412
0.0062830283
0.0193559496
0.0117482790
-0.0005692372
0.0073409239
0.0143052740
0.0119942094
0.0033192111
-0.0044240619
0.0090229069
0.0081568862
-0.0064215444
-0.0194134150
-0.0132081806
0.0068908548
0.0118467439
0.0075558901
-0.0169527392
-0.0215757927
-0.0182213985
-0.0226383584
-0.0201807033
-0.0159202816
-0.0148641931
-0.0266409739
-0.0175248012
0.0017550740
0.0053662392
0.0000697472
-0.0075860270
-0.0029450360
0.0000656540
-0.0022566246
-0.0004441212
0.0013132222
0.0007381442
-0.0055454558
-0.0047894966
-0.0007098485
0.0046093212
0.0135799490
0.0220101860
0.0201834895
0.0040527567
-0.0136690467
-0.0189795500
-0.0167643037
-0.0068058332
0.0173454768
0.0317312611
0.0194944211
0.0101360161
0.0231250578
0.0171702441
0.0001541034
-0.0075364423
-0.0062898079
0.0101879858
0.0170240410
0.0169130307
0.0276975683
0.0234325346
-0.0043282842
-0.0104194078
0.0130417002
0.0196449073
0.0104150623
0.0062813563
-0.0025328119
-0.0207572209
-0.0114239238
0.0110858637
0.0055861543
-0.0165114795
-0.0133089057
0.0157177775
0.0111431847
-0.0056885383
-0.0058100218
-0.0028127141
0.0037493057
-0.0032981888
-0.0117385064
-0.0045838700
0.0097656876
0.0141138668
0.0080400693
-0.0037969432
-0.0011136819
0.0125871957
0.0266050095
0.0184655597
-0.0237138865
-0.0335620770
-0.0087563907
-0.0021034042
0.0040432294
0.0255362816
0.0220456999
-0.0053080397
-0.0151334810
-0.0108686599
-0.0087737961
0.0103359031
0.0279124319
0.0335779603
0.0251603928
-0.0015612304
-0.0045022518
0.0073152835
-0.0030466099
-0.0013653678
0.0180652866
0.0153949936
0.0008268103
-0.0016843953
0.0054973254
0.0002488589
-0.0114053390
-0.0068732019
-0.0060612676
-0.0163172697
-0.0105127022
0.0015248977
0.0048419817
0.0090086839
0.0037339695
-0.0048919528
-0.0068762570
-0.0007237803
0.0085186781
0.0154926485
0.0171908864
0.0183699875
0.0293201071
0.0342765951
0.0326423396
0.0358703566
0.0347045890
0.0315549895
0.0327264191
0.0304969247
0.0282377376
0.0318164706
0.0249932114
0.0027189360
0.0002465389
0.0177602574
0.0245246724
0.0286913699
0.0280034958
0.0196624122
0.0123128069
-0.0002311141
-0.0109749546
-0.0215153580
-0.0124692603
0.0214994990
0.0314778273
0.0060946309
-0.0109356554
0.0052193138
0.0072268349
-0.0005273205
0.0018474437
-0.0194688694
-0.0309715395
-0.0230641030
-0.0180716243
-0.0213742616
-0.0383105391
-0.0477263653
-0.0407288598
-0.0328189757
-0.0373497672
-0.0424044374
-0.0410605323
-0.0273674191
0.0158259415
0.0571383319
0.0574557775
0.0279709688
0.0089807516
0.0025173294
0.0027966647
0.0212033787
0.0171215270
0.0121332188
0.0303052081
0.0331539502
0.0462817440
0.0502390469
0.0364579564
0.0247109917
0.0069942660
-0.0074486135
-0.0118637209
-0.0155280171
-0.0076873696
0.0036203378
0.0099588497
0.0287316893
0.0161888313
-0.0199003633
-0.0210733702
-0.0069336537
0.0084164018
0.0358289706
0.0481460018
0.0281935152
-0.0058528767
-0.0108588895
0.0110647548
0.0173553241
0.0022481623
-0.0012068461
0.0127307884
0.0115755656
0.0062406808
-0.0012102902
-0.0236628042
-0.0464913593
-0.0472076375
-0.0301020461
0.0012846284
0.0427012462
0.0238083951
-0.0101310965
0.0017144259
-0.0021655615
-0.0265269816
-0.0232306453
-0.0208490667
-0.0321145762
-0.0279744224
-0.0158580441
0.0009479058
0.0002960288
-0.0130285850
-0.0195050476
-0.0060596430
0.0038745316
0.0033237496
-0.0175965683
-0.0401301643
-0.0085574654
0.0196586187
0.0349553555
0.0341140383
-0.0012938910
-0.0354938833
-0.0406492385
-0.0430978907
-0.0418718148
-0.0289252736
-0.0136492460
0.0242773103
0.0241028488
-0.0191674163
-0.0357855054
-0.0147022737
-0.0084059522
-0.0247811596
-0.0356859146
-0.0415564822
-0.0331712130
-0.0305894848
-0.0298257822
-0.0169917226
-0.0171786846
-0.0278185183
-0.0293455776
-0.0268448786
-0.0270598966
-0.0202758764
-0.0120978052
-0.0102669957
-0.0085045578
0.0026030157
0.0160532443
0.0320106520
0.0233787241
-0.0095395830
-0.0125839405
-0.0157975180
-0.0427567920
-0.0624281758
-0.0779431401
-0.0963137207
-0.1117425591
-0.1097261993
-0.0824470924
-0.0485775613
-0.0173474840
0.0265001197
0.0327753529
0.0071401271
0.0163997152
0.0198591502
0.0314918392
0.0132944884
-0.0427733039
-0.0698844414
-0.0769520618
-0.0735217468
-0.0688843779
-0.0515487594
-0.0263178940
-0.0112280404
-0.0114287165
-0.0121446597
0.0106151751
0.0146335157
-0.0171433583
-0.0315059879
-0.0339350552
-0.0464264782
-0.0389515241
-0.0413785353
-0.0604114539
-0.0608116389
-0.0490700292
-0.0510850476
-0.0459459857
-0.0163502813
-0.0128492901
-0.0203607754
-0.0067600949
-0.0039269357
-0.0146039935
-0.0193924869
-0.0175391944
-0.0114543834
-0.0113965607
-0.0117965155
-0.0090971433
-0.0169697840
-0.0217292814
-0.0187598647
-0.0173534987
-0.0191947986
-0.0351493984
-0.0491546734
-0.0441849781
-0.0186631378
-0.0084610014
0.0014892596
0.0240921818
0.0152264421
-0.0035154327
-0.0013668102
0.0039134494
-0.0074177399
-0.0056900415
0.0055558692
0.0054456694
-0.0098554445
-0.0211002049
-0.0123893051
0.0013355249
-0.0020188834
-0.0038006696
0.0186475657
0.0172337599
-0.0073416495
-0.0092332341
-0.0049643420
-0.0064078085
-0.0009457225
-0.0031171437
-0.0018701476
0.0067821182
0.0196340947
0.0300638168
0.0238128993
0.0135557055
0.0131844236
0.0242636286
0.0231235203
0.0049699690
0.0137069691
0.0331254637
0.0258428815
0.0131582337
0.0153892040
0.0335394687
0.0463362330
0.0444511449
0.0343836986
0.0267112430
0.0218295768
0.0206296792
0.0331858108
0.0459256907
0.0385003832
0.0225846091
0.0106314604
0.0049072930
0.0240002794
0.0253737363
0.0169396398
0.0337496173
0.0384438303
0.0387790625
0.0416244823
0.0406326173
0.0372541440
0.0409324798
0.0608172287
0.0638840178
0.0491455910
0.0391869965
0.0295248385
0.0373656496
0.0478929923
0.0392322394
0.0289871562
0.0348983221
0.0472789260
0.0397224275
0.0347532709
0.0419013075
0.0507827364
0.0498553454
0.0428519195
0.0532451619
0.0566689127
0.0413529849
0.0381918209
0.0486758192
0.0543790585
0.0574753689
0.0650136639
0.0703965589
0.0581794060
0.0357861695
0.0262260842
0.0363507214
0.0400411823
0.0330265080
0.0475634046
0.0649407702
0.0642987550
0.0565803482
0.0469890198
0.0389066278
0.0271224436
0.0211768725
0.0292612055
0.0298790082
0.0236827284
0.0227410876
0.0297790298
0.0316291452
0.0253687700
0.0269792939
0.0380797531
0.0392396814
0.0365356568
0.0554143727
0.0593023589
0.0467330742
0.0443842491
0.0496597048
0.0449374458
0.0332022390
0.0325096340
0.0364638369
0.0384090309
0.0248412152
0.0064184128
-0.0002105147
0.0151530396
0.0240804801
0.0292330974
0.0490913719
0.0507442788
0.0329900267
0.0213427793
0.0176938451
0.0008450330
0.0015621608
0.0134195025
0.0096993475
0.0239553276
0.0255977484
0.0031194419
-0.0083039847
0.0028806481
0.0128278369
0.0005942041
-0.0157253709
-0.0108579726
0.0152433928
0.0144258440
-0.0003224774
-0.0069564944
-0.0074623713
0.0022979830
-0.0093931291
-0.0263652611
-0.0282200808
-0.0203878387
-0.0206755516
-0.0282049036
-0.0181132473
-0.0155924857
-0.0258310848
-0.0357876988
-0.0393089765
-0.0374396504
-0.0414825416
-0.0481320695
-0.0450910255
-0.0321247343
-0.0237311813
-0.0118735884
-0.0110718032
-0.0303915035
-0.0508238870
-0.0516539122
-0.0353622446
-0.0247580886
-0.0098008470
0.0034706803
-0.0061050752
-0.0285592100
-0.0436719148
-0.0398523487
-0.0348053073
-0.0474540315
-0.0497095216
-0.0388191626
-0.0500180482
-0.0590035679
-0.0480189866
-0.0314822661
-0.0240904574
-0.0332686074
-0.0367203832
-0.0272141954
-0.0316216035
-0.0577348165
-0.0595433665
-0.0439518220
-0.0407191489
-0.0312258717
-0.0299415667
-0.0473590957
-0.0568632685
-0.0466801802
-0.0338329214
-0.0265434466
-0.0232115080
-0.0258954086
-0.0369672415
-0.0432956867
-0.0357748188
-0.0317523834
-0.0394134108
-0.0426346853
-0.0430431248
-0.0582285096
-0.0718201641
-0.0699621388
-0.0635661587
-0.0637285925
-0.0632017944
-0.0654313241
-0.0618681760
-0.0502152362
-0.0469451488
-0.0500132885
-0.0466369564
-0.0266034886
-0.0185177295
-0.0224823640
-0.0217127915
-0.0169790794
-0.0073536649
-0.0140235671
-0.0255368088
-0.0279202125
-0.0332375443
-0.0299569357
-0.0274690425
-0.0375576148
-0.0414328249
-0.0372010803
-0.0255502223
-0.0132199495
-0.0105691321
-0.0160462813
-0.0251890454
-0.0292423254
-0.0218236247
-0.0109380526
-0.0037481770
-0.0005101978
0.0054805701
0.0040428933
-0.0143491928
-0.0151017517
0.0004917966
0.0056051043
-0.0018654045
-0.0050970418
0.0010899994
0.0074859517
0.0069968733
-0.0056540200
-0.0121947466
0.0018837845
0.0204946826
0.0132825847
0.0023754392
-0.0033945097
-0.0007802052
0.0047784047
-0.0070090072
-0.0005212708
0.0171974215
0.0156833412
-0.0000535281
-0.0071540857
-0.0029285155
0.0094238989
0.0109567184
0.0161766879
0.0330022861
0.0222255842
0.0113096132
0.0183958579
0.0153238214
0.0110724791
0.0197494069
0.0240390300
0.0218409194
0.0193557566
0.0173227039
0.0030933490
0.0062895207
0.0262535957
0.0276706921
0.0206613411
0.0135272614
0.0077020031
0.0148795962
0.0247120073
0.0381237014
0.0417089073
0.0358185218
0.0405571315
0.0280048160
0.0065951427
0.0127834789
0.0416894968
0.0576684510
0.0529864271
0.0479182263
0.0464602429
0.0393874710
0.0273965172
0.0201835172
0.0401905215
0.0479789674
0.0387834638
0.0418502774
0.0436071707
0.0427748571
0.0349258913
0.0379971131
0.0392965024
0.0215660686
0.0167681115
0.0364689781
0.0466377135
0.0355914994
0.0227709964
0.0246652739
0.0317531309
0.0237072214
0.0230630558
0.0359297226
0.0377921791
0.0293314292
0.0305125357
0.0375914367
0.0344329028
0.0255685351
0.0315233985
0.0260445018
0.0078264810
0.0125386370
0.0200513258
0.0164662286
0.0148048979
0.0289894758
0.0294195925
0.0145946528
0.0153854128
0.0098736404
0.0056819119
0.0060325353
0.0042222950
0.0198545674
0.0363751061
0.0445433124
0.0460160817
0.0374612420
0.0237186424
0.0118042117
0.0094932619
0.0216431393
0.0269245878
0.0131401200
0.0017971609
0.0033699460
0.0063638584
0.0036917723
0.0052395647
-0.0014804981
-0.0089833091
-0.0014904809
0.0046263565
0.0038728321
-0.0078240968
-0.0205529128
-0.0119924986
-0.0093642445
-0.0138067041
-0.0043093321
-0.0035912859
-0.0049573224
0.0010824009
0.0065379310
0.0096621966
0.0023950219
-0.0239658028
-0.0308003894
-0.0099467653
0.0023392003
0.0090406801
0.0219085537
0.0144546079
-0.0264727100
-0.0449454656
-0.0318072250
-0.0199669420
-0.0227272250
-0.0371672925
-0.0337983185
-0.0230771160
-0.0220821953
-0.0358782606
-0.0385638279
-0.0194015329
-0.0200399984
-0.0326528042
-0.0293618985
-0.0229932438
-0.0285601855
-0.0267177020
-0.0119465677
-0.0156222946
-0.0270692436
-0.0232798663
-0.0180960354
-0.0213120090
-0.0222551219
-0.0133183142
-0.0296027451
-0.0481811825
-0.0349756379
-0.0177230620
-0.0258205625
-0.0392536029
-0.0306010984
-0.0195780112
-0.0140897711
-0.0094307429
-0.0040975341
-0.0054570425
-0.0233413712
-0.0333321466
-0.0221579989
-0.0180169345
-0.0267329126
-0.0274660681
-0.0269397943
-0.0323153455
-0.0225115323
-0.0034531826
-0.0054054835
-0.0286542451
-0.0392903570
-0.0269520691
-0.0246128444
-0.0320327774
-0.0209864536
-0.0038768914
-0.0006345845
-0.0073622578
-0.0056611509
-0.0067000452
-0.0261118928
-0.0382371389
-0.0365693679
-0.0289911179
-0.0143631014
-0.0123873425
-0.0137270233
-0.0206123892
-0.0247704402
-0.0198748253
-0.0197323493
-0.0099708089
-0.0024042503
-0.0081604020
-0.0176822246
-0.0206950418
-0.0191937846
-0.0209884378
-0.0179657259
-0.0068084944
-0.0084222051
-0.0257351556
-0.0192178962
-0.0028717029
-0.0024501075
-0.0038705675
-0.0048263594
0.0011375210
0.0074042810
0.0093027171
0.0090174372
0.0159886762
0.0144571530
-0.0081621755
-0.0171765026
0.0030877190
0.0143051579
0.0080727104
0.0109968916
0.0051353947
-0.0153933080
-0.0151625466
-0.0012843286
-0.0051077922
-0.0065985607
0.0068034090
0.0094039614
0.0028505470
0.0065621864
0.0158370993
0.0200586654
0.0184483278
0.0044535395
-0.0072362408
0.0080346978
0.0234521841
0.0242857979
0.0122019092
-0.0077526249
-0.0028214043
0.0149903463
0.0119610467
0.0159049237
0.0231493287
0.0063811786
-0.0008500018
0.0159701966
0.0155166162
0.0063052664
0.0038209867
0.0045842245
0.0018670599
0.0037311761
0.0166408281
0.0097936575
0.0023850778
0.0122691768
0.0162077426
0.0052764770
0.0028702351
0.0167187626
0.0207425363
0.0127901385
0.0054073400
0.0019431522
0.0020917050
0.0077040947
0.0190335588
0.0195030564
0.0038939822
0.0061585719
0.0259768342
0.0254669718
0.0100502170
0.0057384567
0.0145884355
0.0158659108
0.0096874801
0.0056422940
0.0000659979
-0.0029669104
0.0030076505
0.0134823086
0.0178186839
0.0124351624
0.0084949843
0.0134443463
0.0123116973
0.0004158121
0.0005431081
0.0041214203
0.0020887620
0.0050882566
0.0111248512
0.0151252842
0.0173129125
0.0148934737
0.0083005613
0.0086367548
0.0175870523
0.0259222703
0.0196919756
0.0142882698
0.0153551265
0.0057133427
0.0002057491
0.0033287722
0.0047720576
-0.0036700690
-0.0066347195
0.0103794274
0.0207767432
0.0269551807
0.0324956515
0.0221778210
0.0111315362
0.0016360634
-0.0060811417
0.0013014494
0.0054408317
0.0102686963
0.0210845776
0.0191742950
0.0110905783
0.0135942215
0.0218159083
0.0165033075
-0.0015105102
0.0012772288
0.0085538270
0.0062601484
0.0081063496
0.0186144219
0.0262635476
0.0112014693
0.0012110380
0.0035691843
-0.0023155102
-0.0109703628
-0.0080379602
0.0060994006
0.0124004655
0.0015772433
-0.0102920795
-0.0075868501
-0.0049652456
-0.0113063822
-0.0134805635
-0.0014758314
0.0078951989
0.0010836958
-0.0074781087
-0.0119705897
-0.0068061339
-0.0013100731
0.0009872538
0.0005346133
-0.0094261660
-0.0102045397
-0.0012943361
-0.0017932278
-0.0083126006
-0.0117192445
-0.0047829211
0.0015467781
-0.0032952197
-0.0093019886
-0.0096641846
-0.0003590162
0.0082018092
0.0071000179
0.0027805874
0.0028998957
-0.0030842636
-0.0131844160
-0.0138449142
-0.0011442078
0.0017928217
-0.0035926791
0.0022762440
0.0022444145
0.0049883311
0.0128798646
0.0080214772
-0.0065989347
-0.0049466839
0.0050739079
0.0086595980
0.0102759912
0.0051908433
-0.0007824528
0.0040918941
0.0109595817
0.0086331982
0.0084253822
0.0134953004
0.0076573709
-0.0053015486
-0.0128848754
-0.0115833749
-0.0040622410
-0.0015133099
0.0019162860
-0.0004412080
-0.0097041130
-0.0151130557
-0.0109842942
-0.0025872273
-0.0028351707
0.0006534892
-0.0003995843
-0.0088353000
0.0018251369
0.0097718156
-0.0012146446
-0.0127255949
-0.0216400772
-0.0152113645
-0.0061843620
-0.0051476846
-0.0012528819
-0.0036967206
-0.0056756225
-0.0043566938
-0.0080691673
-0.0122336831
-0.0149242911
-0.0146470578
-0.0066528471
0.0047122576
0.0012906630
-0.0083754400
-0.0106170124
-0.0123948371
-0.0109168350
-0.0079717687
-0.0056411184
-0.0082481817
-0.0119839111
-0.0145278280
-0.0083295218
-0.0012628698
0.0004952980
0.0026647283
-0.0028414353
-0.0071318577
-0.0044519949
-0.0034047916
-0.0052979665
-0.0017295868
0.0020173497
-0.0026242889
-0.0063650023
0.0029965280
0.0075913791
0.0027426802
-0.0072898282
-0.0099248849
-0.0005710051
-0.0090662861
-0.0144623078
-0.0043559809
0.0033190448
0.0042442204
-0.0037591535
-0.0034736064
0.0041603158
-0.0055099440
-0.0109043950
0.0001851931
0.0029747603
-0.0033222511
-0.0078039494
-0.0083296631
-0.0054407761
-0.0023034457
-0.0007949091
-0.0042247871
-0.0083999477
-0.0071186227
-0.0044314305
-0.0027947689
-0.0026068934
-0.0013742043
-0.0015067107
-0.0021112617
-0.0008398729
-0.0047653481
-0.0086627368
-0.0054800432
0.0001441493
0.0067383220
0.0058133179
-0.0048223407
-0.0052555052
0.0037999250
0.0014751330
-0.0021373220
-0.0023356493
-0.0047681911
0.0009838485
0.0091061253
0.0076388091
-0.0030529477
0.0005610276
0.0103753917
0.0028519882
-0.0027149938
0.0020496233
0.0044921700
0.0024937463
0.0049316607
0.0078647517
0.0050311496
0.0028312399
0.0027940706
0.0001932503
-0.0004200043
0.0034055315
0.0056693118
0.0043508379
0.0017417923
0.0020215897
0.0025190763
0.0003583023
0.0008918485
0.0027292312
0.0018851024
0.0013126836
0.0017503384
0.0006399198
0.0001337872
-0.0009190661
-0.0016757319
0.0000524312
0.0013027110
0.0041968824
0.0044558713
0.0009674388
0.0003517819
-0.0004135164
-0.0015454375
-0.0003375783
0.0014654324
0.0016314009
0.0003457138
0.0011905591
0.0020580488
-0.0000460628
-0.0011286617
-0.0003361940
-0.0003741968
0.0009976498
0.0015672128
0.0000528220
0.0005960813
0.0016035115
0.0010573109
0.0012554962
0.0015858743
0.0006771302
0.0010316498
0.0014477848
-0.0000442650
-0.0007623393
0.0001049224
0.0008380283
0.0011542727
0.0016618518
0.0013502948
0.0013474463
0.0012646310
0.0008389100
0.0008189975
0.0002807071
0.0002431569
0.0010447473
0.0012575998
0.0007615193
0.0006462732
0.0003419031
0.0006056239
0.0013005901
0.0013433007
0.0013603177
0.0011907069
0.0010516584
0.0008927503
0.0005023423
0.0005877333
0.0007217365
0.0005746328
0.0006372458
0.0006139019
0.0003437331
0.0001239235
0.0001744838
0.0002302241
0.0001065649
0.0000414850
-0.0000155951
0.0000078051
0.0000919809
0.0000937923
-0.0000410516
-0.0001720294
-0.0001585498
-0.0001641166
-0.0001962367
-0.0002107323
-0.0001757498
-0.0001611570
-0.0001741428
-0.0001753347
-0.0001460033
-0.0000956643
-0.0000808290
-0.0000614942
-0.0000380472
-0.0000353529
-0.0000248312
-0.0000039583
0.0000086879
0.0000215587
0.0000414205
0.0000583418
0.0000697449
