-0.0076016570
-0.0075837274
-0.0075657274
-0.0075477521
-0.0075298923
-0.0075120393
-0.0074940580
-0.0074759881
-0.0074581107
-0.0074404369
-0.0074225457
-0.0074043818
-0.0073862817
-0.0073682982
-0.0073506063
-0.0073333653
-0.0073159773
-0.0072976893
-0.0072785013
-0.0072603350
-0.0072439741
-0.0072266642
-0.0072078205
-0.0071892100
-0.0071706044
-0.0071521232
-0.0071349530
-0.0071176790
-0.0070998537
-0.0070826860
-0.0070657485
-0.0070481598
-0.0070314232
-0.0070133555
-0.0069946806
-0.0069783122
-0.0069604862
-0.0069411006
-0.0069246411
-0.0069093209
-0.0068926223
-0.0068711024
-0.0068448651
-0.0068228575
-0.0068080264
-0.0067948964
-0.0067756404
-0.0067547418
-0.0067422682
-0.0067298301
-0.0067086375
-0.0066877304
-0.0066732750
-0.0066566518
-0.0066316389
-0.0066094419
-0.0065944246
-0.0065858165
-0.0065716258
-0.0065484803
-0.0065210473
-0.0065085208
-0.0065041521
-0.0064870730
-0.0064591456
-0.0064359791
-0.0064194224
-0.0064056515
-0.0063917437
-0.0063800524
-0.0063737128
-0.0063497025
-0.0063156090
-0.0062966798
-0.0062868259
-0.0062710932
-0.0062523489
-0.0062262420
-0.0062039781
-0.0061933375
-0.0061773113
-0.0061454200
-0.0061191957
-0.0060994752
-0.0060907309
-0.0060877907
-0.0060778323
-0.0060504827
-0.0060231579
-0.0060061114
-0.0059968344
-0.0059860188
-0.0059689838
-0.0059615004
-0.0059417772
-0.0059044826
-0.0058867714
-0.0058905743
-0.0058759507
-0.0058371527
-0.0058039247
-0.0057866197
-0.0057924511
-0.0058058293
-0.0057866987
-0.0057588896
-0.0057390898
-0.0057110232
-0.0056837609
-0.0056800484
-0.0056643202
-0.0056216643
-0.0055878517
-0.0055806838
-0.0055915032
-0.0055998627
-0.0055926323
-0.0055594920
-0.0055318600
-0.0055149503
-0.0054835531
-0.0054500605
-0.0054502924
-0.0054521440
-0.0054180441
-0.0053557550
-0.0053238999
-0.0053209021
-0.0052892655
-0.0052872743
-0.0052995601
-0.0052690963
-0.0052295062
-0.0052064957
-0.0052070123
-0.0052261231
-0.0052273969
-0.0051914092
-0.0051321288
-0.0050957175
-0.0051019274
-0.0051227785
-0.0051011513
-0.0050596449
-0.0050594220
-0.0050657651
-0.0050493992
-0.0050108356
-0.0049722198
-0.0049535274
-0.0049353361
-0.0049428313
-0.0049476169
-0.0049091481
-0.0048426556
-0.0048089742
-0.0048181803
-0.0048041139
-0.0047383037
-0.0047129273
-0.0047203661
-0.0047346948
-0.0047311441
-0.0046779923
-0.0046611557
-0.0047187103
-0.0047341184
-0.0046409766
-0.0045454049
-0.0045053110
-0.0045175885
-0.0045254387
-0.0045312638
-0.0045333057
-0.0044892393
-0.0044492275
-0.0044314613
-0.0044062671
-0.0043831477
-0.0044222849
-0.0044897384
-0.0044404640
-0.0043313110
-0.0043066815
-0.0043586733
-0.0043785600
-0.0043238020
-0.0042370450
-0.0042198282
-0.0042735950
-0.0042913884
-0.0042112285
-0.0040957194
-0.0040769902
-0.0041232617
-0.0041709445
-0.0041728625
-0.0041255926
-0.0040736980
-0.0040477070
-0.0040308099
-0.0040845566
-0.0041295447
-0.0040444982
-0.0039282330
-0.0039141580
-0.0039421268
-0.0038954091
-0.0038348021
-0.0038158490
-0.0038343562
-0.0038454590
-0.0038213813
-0.0038329635
-0.0038456455
-0.0038272385
-0.0038033265
-0.0037922709
-0.0037796025
-0.0037227373
-0.0036408205
-0.0036301195
-0.0036444499
-0.0035865215
-0.0035684391
-0.0036299814
-0.0036175597
-0.0034819256
-0.0033890022
-0.0034504515
-0.0035096451
-0.0034534727
-0.0034178609
-0.0034359967
-0.0034310196
-0.0034131276
-0.0033475061
-0.0032926007
-0.0033086862
-0.0033646101
-0.0033797652
-0.0033627467
-0.0033406730
-0.0032824291
-0.0032032148
-0.0031901908
-0.0031686750
-0.0030735924
-0.0030881806
-0.0031790530
-0.0032018759
-0.0031780820
-0.0031586976
-0.0031074931
-0.0030089622
-0.0029562772
-0.0029832321
-0.0030056769
-0.0029454101
-0.0029164285
-0.0029400695
-0.0029330822
-0.0029079907
-0.0028387191
-0.0028201179
-0.0028821407
-0.0029119299
-0.0028613992
-0.0027553086
-0.0026523869
-0.0026038243
-0.0026714307
-0.0027259152
-0.0026900623
-0.0027045296
-0.0027758529
-0.0027910247
-0.0026717160
-0.0026195158
-0.0027379285
-0.0027267283
-0.0025303608
-0.0024579453
-0.0025767425
-0.0026558034
-0.0025583123
-0.0024406826
-0.0023813683
-0.0023353810
-0.0023761076
-0.0023851676
-0.0023146829
-0.0022517805
-0.0023595541
-0.0024205335
-0.0023185626
-0.0022862460
-0.0023098525
-0.0022779292
-0.0022063209
-0.0021362930
-0.0020849487
-0.0021579405
-0.0021810334
-0.0020815794
-0.0020065077
-0.0019954009
-0.0020210659
-0.0020340935
-0.0020164507
-0.0020414463
-0.0020143750
-0.0019101726
-0.0018906875
-0.0019616613
-0.0019527162
-0.0018456272
-0.0017743833
-0.0017653412
-0.0017902877
-0.0018033823
-0.0017830993
-0.0018052096
-0.0017858954
-0.0016916239
-0.0016298085
-0.0016068206
-0.0015908476
-0.0016127759
-0.0016683398
-0.0016515379
-0.0015895578
-0.0015611244
-0.0015110012
-0.0014944088
-0.0015032909
-0.0014797489
-0.0015308563
-0.0016033115
-0.0015941505
-0.0014863680
-0.0012963948
-0.0012471146
-0.0013117090
-0.0013485185
-0.0013208593
-0.0012893762
-0.0012287646
-0.0012102517
-0.0012374236
-0.0012230037
-0.0011858281
-0.0011218713
-0.0011539101
-0.0012209539
-0.0011215094
-0.0010050562
-0.0009847775
-0.0010294090
-0.0010463464
-0.0009620334
-0.0009342827
-0.0010469348
-0.0011221293
-0.0010074249
-0.0008499355
-0.0008384386
-0.0009141161
-0.0008949576
-0.0008217931
-0.0008326925
-0.0008594240
-0.0008481416
-0.0008185165
-0.0007610602
-0.0007014912
-0.0006807793
-0.0006602001
-0.0006791786
-0.0006972889
-0.0006853372
-0.0006513300
-0.0005852892
-0.0005658944
-0.0006360646
-0.0006247730
-0.0005225350
-0.0004063744
-0.0003591440
-0.0003897665
-0.0004064403
-0.0003441061
-0.0003231727
-0.0003385411
-0.0002791961
-0.0002525265
-0.0003052020
-0.0003312346
-0.0003137811
-0.0002809568
-0.0002183693
-0.0001662727
-0.0001863640
-0.0001655244
-0.0001038043
-0.0001143748
-0.0001345605
-0.0001252690
-0.0001028142
-0.0000368210
0.0000637357
0.0000843727
0.0000310369
0.0000088831
-0.0000128077
-0.0000300028
0.0000689583
0.0002069461
0.0002645382
0.0002821673
0.0003039462
0.0002820695
0.0002187181
0.0002480857
0.0003591554
0.0003785157
0.0003132306
0.0003333930
0.0004059967
0.0003890570
0.0003591641
0.0004113374
0.0005195191
0.0005890655
0.0006065095
0.0005744716
0.0005213449
0.0005532144
0.0006155799
0.0005930427
0.0006052372
0.0007096169
0.0007831192
0.0007643055
0.0006961498
0.0006750933
0.0007072674
0.0007724531
0.0008282571
0.0008413388
0.0008969834
0.0009616432
0.0009940203
0.0009752150
0.0009068199
0.0008811205
0.0009553903
0.0010996778
0.0011538121
0.0011006106
0.0011216202
0.0011007138
0.0010056578
0.0010613514
0.0012080280
0.0012759527
0.0012826207
0.0012974919
0.0013076099
0.0012641320
0.0011443998
0.0010282525
0.0011810398
0.0015011441
0.0016005876
0.0014784225
0.0014043631
0.0014465077
0.0014475878
0.0014221711
0.0014294302
0.0014956860
0.0016047787
0.0016626727
0.0016430366
0.0016131443
0.0016335242
0.0016679892
0.0017390591
0.0017486719
0.0016857773
0.0017106949
0.0018173010
0.0018404626
0.0018111116
0.0018690316
0.0019417044
0.0019400450
0.0018751347
0.0018081437
0.0017886003
0.0018973260
0.0020453773
0.0021025467
0.0020742559
0.0020479872
0.0020776400
0.0021006883
0.0021298761
0.0021494167
0.0021674647
0.0021485058
0.0021785522
0.0022415669
0.0022209456
0.0021993977
0.0022563830
0.0023312877
0.0023468360
0.0023562959
0.0023785096
0.0024540913
0.0024776800
0.0024100684
0.0023810062
0.0024550444
0.0025692975
0.0025809229
0.0025179391
0.0025406757
0.0026041366
0.0025876416
0.0026073141
0.0027024801
0.0027327109
0.0027142315
0.0027338837
0.0027196731
0.0026981678
0.0027192997
0.0027920267
0.0028529432
0.0028216230
0.0028275565
0.0029382608
0.0030543490
0.0030657910
0.0029571713
0.0029451584
0.0030180435
0.0030036582
0.0029749098
0.0030338591
0.0031407616
0.0031668098
0.0031451865
0.0031573225
0.0031393178
0.0031637036
0.0032607679
0.0033248770
0.0033432191
0.0033567727
0.0033736624
0.0033957752
0.0034343226
0.0034618198
0.0033930073
0.0032860492
0.0033577799
0.0035121994
0.0035333296
0.0034626013
0.0034772100
0.0035427779
0.0035405286
0.0035588560
0.0035737831
0.0035165144
0.0035400914
0.0036113249
0.0036337858
0.0035964380
0.0036083092
0.0037592225
0.0038678839
0.0038451539
0.0037703416
0.0037553133
0.0037902993
0.0038161464
0.0038222519
0.0038422778
0.0039179643
0.0039790212
0.0039057088
0.0038441238
0.0039503262
0.0040549153
0.0040302095
0.0040429152
0.0041374360
0.0041603493
0.0041432969
0.0042059534
0.0042235732
0.0041520748
0.0041727408
0.0043272424
0.0043927617
0.0042792216
0.0042436187
0.0043478179
0.0044317616
0.0044519525
0.0044145530
0.0043501790
0.0043772312
0.0044849447
0.0045194772
0.0044613698
0.0043880044
0.0043246977
0.0043806800
0.0045610356
0.0047080158
0.0047644683
0.0046923760
0.0045866629
0.0045646053
0.0046324063
0.0047419279
0.0048008421
0.0047780103
0.0047115643
0.0046846567
0.0047132631
0.0047883956
0.0048435989
0.0047774305
0.0047382404
0.0048337704
0.0049490477
0.0050525835
0.0050180749
0.0049147794
0.0048915906
0.0049251680
0.0049539601
0.0049621167
0.0049693407
0.0050236591
0.0051306688
0.0051938993
0.0051622263
0.0050862932
0.0051043483
0.0052159869
0.0052829369
0.0052549520
0.0051849722
0.0051676048
0.0051928153
0.0052154088
0.0052327721
0.0052506487
0.0052607011
0.0052702522
0.0053287752
0.0054335589
0.0054580782
0.0053820126
0.0053130623
0.0053357581
0.0054421241
0.0054668610
0.0054480713
0.0054119381
0.0053435764
0.0053635876
0.0055056678
0.0056069532
0.0055745732
0.0055392162
0.0055558938
0.0055824412
0.0055999071
0.0056130096
0.0056230326
0.0056371079
0.0056876305
0.0057720598
0.0058323392
0.0058921787
0.0059050460
0.0057970491
0.0057344072
0.0057651041
0.0057922998
0.0057537818
0.0057248708
0.0058277821
0.0059231888
0.0058875658
0.0058853151
0.0059873130
0.0060582589
0.0060208555
0.0059374514
0.0059598768
0.0060709560
0.0060892514
0.0060062666
0.0059782756
0.0060466899
0.0060998166
0.0060584356
0.0060782770
0.0061877500
0.0061654390
0.0059976386
0.0059645242
0.0061217113
0.0062298657
0.0061477712
0.0060611394
0.0061182267
0.0061929381
0.0062045654
0.0061645175
0.0061364184
0.0061845843
0.0062322270
0.0062904184
0.0063810514
0.0063835141
0.0063052929
0.0063184642
0.0064209098
0.0064350428
0.0063614521
0.0063607646
0.0064159389
0.0064372007
0.0064820591
0.0064917335
0.0064612343
0.0064637213
0.0064783255
0.0065381115
0.0065541175
0.0064863491
0.0064110340
0.0063761172
0.0064315850
0.0065261217
0.0066100070
0.0066122891
0.0065826766
0.0065920114
0.0065581408
0.0065313340
0.0065808679
0.0066397562
0.0066069521
0.0065616716
0.0065698947
0.0066310163
0.0066817345
0.0066412625
0.0066054972
0.0066243598
0.0066419831
0.0065969451
0.0065517687
0.0066465423
0.0067850314
0.0067867196
0.0066938516
0.0066911104
0.0067885873
0.0068480680
0.0068435298
0.0068003190
0.0067732190
0.0067954741
0.0067656841
0.0066870988
0.0066439802
0.0067060654
0.0067898179
0.0067921304
0.0067502901
0.0067975352
0.0068002501
0.0067638434
0.0067945078
0.0068843406
0.0069374726
0.0069306571
0.0068846245
0.0068565338
0.0069043653
0.0069068472
0.0068680619
0.0069060210
0.0069538247
0.0069575765
0.0069483421
0.0069569880
0.0069765547
0.0069405055
0.0068186683
0.0067430078
0.0067966991
0.0068419375
0.0068320115
0.0068595235
0.0069746206
0.0070630739
0.0070650512
0.0070271767
0.0069117104
0.0068004522
0.0067504659
0.0067971303
0.0069190324
0.0070427141
0.0070362404
0.0069534604
0.0068716838
0.0068317979
0.0068314157
0.0068861462
0.0069705332
0.0069245493
0.0067891993
0.0067861553
0.0068783194
0.0069294014
0.0068773041
0.0068231832
0.0068182262
0.0068597603
0.0069352090
0.0069760363
0.0069728981
0.0069188795
0.0068397213
0.0068440718
0.0068858460
0.0068463053
0.0068055181
0.0067994723
0.0067635818
0.0067152403
0.0067422592
0.0067898742
0.0068315023
0.0068160924
0.0067205577
0.0067198258
0.0067950965
0.0068308325
0.0068109193
0.0068476053
0.0068891442
0.0068403909
0.0067409710
0.0067388643
0.0068252207
0.0068277090
0.0067357918
0.0066748895
0.0066689164
0.0067112232
0.0067858989
0.0067859310
0.0066981650
0.0065954737
0.0065361478
0.0066198197
0.0067846425
0.0068251597
0.0066717748
0.0065281460
0.0065326682
0.0066577998
0.0066810890
0.0066278294
0.0066542197
0.0066459297
0.0065532257
0.0065355678
0.0066167421
0.0066488124
0.0065863893
0.0065354488
0.0065730838
0.0065563446
0.0064657024
0.0064887211
0.0065686860
0.0065182854
0.0064521459
0.0064347821
0.0064803797
0.0064964860
0.0064441326
0.0064313458
0.0064652705
0.0063784798
0.0062830984
0.0062597664
0.0062627999
0.0062883860
0.0063034947
0.0062815652
0.0063103495
0.0063422196
0.0062931300
0.0061818984
0.0061221220
0.0061658233
0.0062382009
0.0061800003
0.0060449424
0.0060193314
0.0060033440
0.0059949101
0.0060955864
0.0061294131
0.0060297455
0.0059110110
0.0058591503
0.0059352597
0.0059988737
0.0059440427
0.0058827587
0.0058239004
0.0057302153
0.0057013871
0.0057660844
0.0058421259
0.0058568933
0.0057446719
0.0056452673
0.0056681011
0.0056879875
0.0056722196
0.0056953579
0.0057075296
0.0055970462
0.0055349057
0.0056418749
0.0056738193
0.0055622412
0.0054803970
0.0055038502
0.0055738538
0.0055858533
0.0055530096
0.0055313886
0.0055162367
0.0054584120
0.0053603789
0.0053008184
0.0052506195
0.0051704045
0.0050781567
0.0049322487
0.0047911157
0.0047986153
0.0049283180
0.0050532026
0.0052000028
0.0053327637
0.0054463888
0.0056038787
0.0057373735
0.0057055843
0.0055616191
0.0053928871
0.0052420455
0.0050116827
0.0047391023
0.0045033043
0.0042748568
0.0040765966
0.0039309889
0.0038876047
0.0040058379
0.0042868327
0.0045646854
0.0046575273
0.0046770760
0.0047980610
0.0051300478
0.0055063476
0.0055397815
0.0052771805
0.0050730510
0.0050415728
0.0050249978
0.0048640698
0.0045415480
0.0041586377
0.0037931169
0.0034123511
0.0030548847
0.0028423395
0.0028586019
0.0030034950
0.0032409740
0.0036269871
0.0041295529
0.0045902036
0.0049148071
0.0051390199
0.0051376281
0.0048330874
0.0044945148
0.0042619270
0.0040509227
0.0038224766
0.0035431984
0.0032403821
0.0029445210
0.0026115851
0.0022165232
0.0018705507
0.0017399946
0.0019713122
0.0025441978
0.0033259778
0.0041335798
0.0046048988
0.0046964084
0.0047417737
0.0047888823
0.0046632652
0.0044135407
0.0041409343
0.0037715154
0.0032938247
0.0027715496
0.0022522723
0.0017509994
0.0013895194
0.0012640633
0.0013429752
0.0014327402
0.0014014728
0.0013855723
0.0016120092
0.0021070989
0.0027118261
0.0033198309
0.0038637080
0.0041066700
0.0039944679
0.0037452457
0.0035368883
0.0033652805
0.0030671859
0.0026381374
0.0021509846
0.0017814029
0.0016581171
0.0018308728
0.0022511223
0.0027721329
0.0030472335
0.0028148257
0.0023630639
0.0021765715
0.0024231927
0.0028724926
0.0031746295
0.0031529384
0.0026887706
0.0018901493
0.0012453447
0.0008921089
0.0006000661
0.0003542138
0.0003594735
0.0006666634
0.0011318228
0.0014577827
0.0015116579
0.0014182169
0.0012319414
0.0010392340
0.0010878592
0.0014244740
0.0015247230
0.0009959014
0.0003090228
0.0001312844
0.0007406736
0.0017270208
0.0022792453
0.0021083516
0.0014776232
0.0009538804
0.0008876229
0.0011427062
0.0012569825
0.0011372834
0.0010800044
0.0011278947
0.0009775207
0.0004257279
-0.0004614619
-0.0014467792
-0.0021620242
-0.0022883173
-0.0018909719
-0.0014073650
-0.0011564557
-0.0011253633
-0.0009148980
-0.0002562761
0.0005909796
0.0011092108
0.0011120550
0.0007941474
0.0003801088
0.0001894856
0.0006616410
0.0016751501
0.0024074080
0.0020961066
0.0006405718
-0.0013795694
-0.0028546622
-0.0030605703
-0.0019607952
-0.0000017129
0.0019800200
0.0031637332
0.0032473151
0.0026732286
0.0023277153
0.0027845638
0.0036020826
0.0034445622
0.0014951696
-0.0015349340
-0.0039715852
-0.0049211033
-0.0051426954
-0.0055779104
-0.0062871832
-0.0067350100
-0.0065613152
-0.0058367665
-0.0047689328
-0.0034933288
-0.0019918035
-0.0004617276
0.0006409943
0.0009691227
0.0009156462
0.0013539914
0.0024716731
0.0036393629
0.0040975626
0.0035691780
0.0025700787
0.0017120055
0.0012277474
0.0008321684
0.0000414760
-0.0016957812
-0.0042282982
-0.0062766897
-0.0066291141
-0.0054087490
-0.0039130237
-0.0032267716
-0.0030000695
-0.0020586417
-0.0000764694
0.0016924009
0.0016781972
-0.0001855552
-0.0025414382
-0.0042535701
-0.0053249139
-0.0063918153
-0.0077919362
-0.0091414767
-0.0098316819
-0.0093339485
-0.0074843093
-0.0047715721
-0.0023221501
-0.0012299252
-0.0014577117
-0.0016850359
-0.0004272173
0.0024112362
0.0052938507
0.0063335610
0.0049841390
0.0024118340
0.0002460346
-0.0006739765
-0.0005792465
-0.0005851009
-0.0019830667
-0.0050555333
-0.0085371071
-0.0106976025
-0.0105620605
-0.0088702649
-0.0074572030
-0.0077963725
-0.0099811126
-0.0121942118
-0.0117703234
-0.0079563893
-0.0030722694
-0.0002083339
-0.0002209586
-0.0014419969
-0.0018129657
-0.0007383668
0.0010364609
0.0026489792
0.0038516900
0.0046052259
0.0049486348
0.0048167905
0.0038018866
0.0016824827
-0.0009498307
-0.0027618647
-0.0031417632
-0.0027575527
-0.0030051376
-0.0047512963
-0.0074177359
-0.0096826742
-0.0107449842
-0.0105261946
-0.0095155837
-0.0086359658
-0.0082573551
-0.0082138152
-0.0080084203
-0.0071569018
-0.0054191650
-0.0031298395
-0.0014905122
-0.0016292974
-0.0034877606
-0.0058572876
-0.0076877274
-0.0086818106
-0.0092608041
-0.0098585428
-0.0101179795
-0.0090486230
-0.0061418456
-0.0021273214
0.0015795325
0.0039295482
0.0049331758
0.0054923529
0.0059607170
0.0058378010
0.0045921958
0.0021499693
-0.0011214625
-0.0045792241
-0.0072634715
-0.0081075401
-0.0068707272
-0.0047769028
-0.0037995695
-0.0048025236
-0.0067106996
-0.0079534612
-0.0080707647
-0.0076602916
-0.0072746078
-0.0071738845
-0.0076161331
-0.0083628997
-0.0087842108
-0.0088384237
-0.0092318714
-0.0102824407
-0.0112744979
-0.0114405355
-0.0108407135
-0.0104808880
-0.0110685320
-0.0118019535
-0.0110386965
-0.0082370784
-0.0046664889
-0.0021426769
-0.0014867707
-0.0022501035
-0.0034029083
-0.0042985547
-0.0044362801
-0.0034003061
-0.0013406771
0.0007660149
0.0015451757
0.0004499791
-0.0015506696
-0.0027870215
-0.0024042288
-0.0008631597
0.0009532506
0.0026967284
0.0042718401
0.0052416256
0.0049160586
0.0030040247
0.0001894396
-0.0023544685
-0.0041937860
-0.0059449553
-0.0081245743
-0.0101463712
-0.0106803631
-0.0090681495
-0.0062987135
-0.0043657262
-0.0046636553
-0.0070961682
-0.0103437493
-0.0129209057
-0.0141773300
-0.0145136658
-0.0149083985
-0.0161396101
-0.0179697650
-0.0192669997
-0.0185652328
-0.0152701980
-0.0108315246
-0.0076365987
-0.0066281173
-0.0064066119
-0.0048713219
-0.0015494692
0.0020235141
0.0044660989
0.0054471569
0.0052497809
0.0041820764
0.0020777247
-0.0011348732
-0.0043767226
-0.0057511773
-0.0042457257
-0.0012289754
0.0002329973
-0.0015520451
-0.0053201854
-0.0080687403
-0.0077784440
-0.0049391849
-0.0013983595
0.0012451053
0.0019696170
0.0001351829
-0.0039470584
-0.0084904553
-0.0107018115
-0.0089149786
-0.0048935260
-0.0027511674
-0.0054543473
-0.0124303057
-0.0200064029
-0.0236003869
-0.0206992081
-0.0129439119
-0.0051144077
-0.0012860278
-0.0018140194
-0.0037621253
-0.0038348534
-0.0008678353
0.0041643748
0.0093703307
0.0127111218
0.0124426908
0.0079744592
0.0005210355
-0.0073980706
-0.0133477293
-0.0159021318
-0.0152066913
-0.0128748264
-0.0105073646
-0.0087153181
-0.0073872050
-0.0065260999
-0.0067271520
-0.0079888811
-0.0093282531
-0.0097851115
-0.0090377454
-0.0071999309
-0.0046070077
-0.0018398682
0.0002732458
0.0016057733
0.0031220281
0.0055725449
0.0083184837
0.0098500596
0.0091940663
0.0064928000
0.0029473181
-0.0000429971
-0.0015720611
-0.0016542814
-0.0014893259
-0.0025694152
-0.0051939398
-0.0082907728
-0.0103947032
-0.0109648969
-0.0105757369
-0.0106040911
-0.0126719885
-0.0168906712
-0.0215067383
-0.0247353688
-0.0256658265
-0.0240738358
-0.0207577464
-0.0175860119
-0.0161905041
-0.0156451141
-0.0129518123
-0.0065094049
0.0019821002
0.0094319283
0.0139363895
0.0156644086
0.0158668000
0.0156197759
0.0157345189
0.0166641239
0.0179552947
0.0183696113
0.0168374356
0.0136180143
0.0101136603
0.0070543981
0.0036076784
-0.0013942908
-0.0075807677
-0.0130236144
-0.0158482730
-0.0160708718
-0.0161483027
-0.0187262573
-0.0235140509
-0.0273945196
-0.0278270322
-0.0249394175
-0.0202615548
-0.0148556543
-0.0095016087
-0.0052950905
-0.0031070043
-0.0024815352
-0.0019811668
-0.0002194044
0.0035592780
0.0088007530
0.0131524728
0.0138928742
0.0107157285
0.0062527750
0.0034248209
0.0026034563
0.0018764954
-0.0002464440
-0.0034046607
-0.0066207075
-0.0093680521
-0.0119232953
-0.0143749538
-0.0154820890
-0.0140395114
-0.0111118011
-0.0096443324
-0.0111539840
-0.0135838291
-0.0133158880
-0.0089791567
-0.0027091188
0.0019496526
0.0030647257
0.0016334555
0.0004520628
0.0016379263
0.0051906605
0.0097209746
0.0132751058
0.0141891314
0.0122651119
0.0091572271
0.0069738575
0.0065280198
0.0071726330
0.0073943961
0.0052808833
-0.0000486703
-0.0072119004
-0.0130129904
-0.0145783345
-0.0117702664
-0.0072020292
-0.0038582039
-0.0029831923
-0.0038713583
-0.0053547177
-0.0063570501
-0.0055687711
-0.0023859275
0.0019419245
0.0046079245
0.0036543814
-0.0003436766
-0.0047683734
-0.0065165368
-0.0039952220
0.0012029575
0.0055402031
0.0067153262
0.0056916346
0.0055414480
0.0082470371
0.0126052816
0.0153956872
0.0143263999
0.0099131868
0.0048098098
0.0013840382
0.0000107489
-0.0010316336
-0.0034593616
-0.0068725516
-0.0092228400
-0.0092946222
-0.0078640450
-0.0068660104
-0.0076387705
-0.0095631680
-0.0103367722
-0.0078453185
-0.0021005722
0.0042520754
0.0075495939
0.0062361774
0.0030567577
0.0028721778
0.0075000575
0.0134674493
0.0154136275
0.0112933587
0.0036056090
-0.0034047325
-0.0068683813
-0.0060635736
-0.0019477995
0.0037596151
0.0091294300
0.0125590675
0.0139675495
0.0149107723
0.0167668259
0.0187802894
0.0186827821
0.0156160110
0.0113271075
0.0076599818
0.0046276843
0.0013343164
-0.0021249177
-0.0043877253
-0.0045025478
-0.0025216399
0.0006455335
0.0030308567
0.0022215490
-0.0022475368
-0.0074546514
-0.0091134267
-0.0053756142
0.0011445735
0.0055297491
0.0049661824
0.0007804502
-0.0030721445
-0.0035430857
-0.0006874183
0.0032181622
0.0058278636
0.0056049917
0.0025349089
-0.0010511636
-0.0014288750
0.0030119507
0.0096655739
0.0141786116
0.0144446732
0.0115077257
0.0079081055
0.0061403435
0.0076037915
0.0111208083
0.0130542473
0.0106915922
0.0050599695
-0.0000941340
-0.0017443889
0.0004990794
0.0051508693
0.0106155691
0.0153107113
0.0169227848
0.0139877509
0.0088215701
0.0066794866
0.0108002095
0.0190078345
0.0253941637
0.0254155376
0.0192638095
0.0108981846
0.0047905072
0.0030945864
0.0042568280
0.0036231032
-0.0028450581
-0.0141330047
-0.0242011027
-0.0270022045
-0.0211318193
-0.0099025206
0.0020215349
0.0113153453
0.0166146272
0.0179638947
0.0165645227
0.0146059688
0.0140672633
0.0152023542
0.0162212547
0.0149101908
0.0115236371
0.0090709854
0.0096071571
0.0117577541
0.0125317962
0.0104304479
0.0066072550
0.0031967409
0.0014106908
0.0010837937
0.0017407776
0.0034904837
0.0069968867
0.0126719935
0.0192190161
0.0241926286
0.0260297489
0.0247108071
0.0209661373
0.0155811119
0.0095329584
0.0043275988
0.0014412031
0.0010753189
0.0017649159
0.0018387349
0.0010793998
0.0003947568
0.0009481802
0.0038289899
0.0090653665
0.0140299039
0.0148320573
0.0100870604
0.0027240926
-0.0023984190
-0.0025263935
0.0011681369
0.0051197387
0.0064941685
0.0053370936
0.0041194101
0.0052207491
0.0086505786
0.0121533601
0.0139808757
0.0148076974
0.0163453899
0.0188735324
0.0210766275
0.0218577329
0.0217859672
0.0220090362
0.0223008009
0.0212445636
0.0184890415
0.0154807371
0.0134569991
0.0115947087
0.0081685981
0.0032437286
-0.0009060838
-0.0019218872
0.0006229882
0.0050433575
0.0087107625
0.0098713034
0.0087000096
0.0070545081
0.0075878556
0.0121068377
0.0190025077
0.0232855590
0.0212196412
0.0143345167
0.0077003861
0.0056273875
0.0090939719
0.0150968220
0.0189171415
0.0178827307
0.0134862814
0.0096131514
0.0087502567
0.0106369381
0.0143324119
0.0189076312
0.0222266234
0.0211365983
0.0146991232
0.0066016305
0.0022599216
0.0032090616
0.0058150384
0.0059591998
0.0030690055
-0.0006744693
-0.0035392141
-0.0048239659
-0.0036236176
0.0004960433
0.0058002112
0.0093750329
0.0105066197
0.0114140451
0.0142651086
0.0183397802
0.0208952111
0.0202921057
0.0180076492
0.0172258455
0.0191584214
0.0214978824
0.0204921152
0.0151189812
0.0092185014
0.0078225787
0.0114107504
0.0154522813
0.0158533171
0.0138458377
0.0140012979
0.0180854046
0.0229533866
0.0240620913
0.0208282860
0.0169418710
0.0155521380
0.0158711491
0.0147357718
0.0099850181
0.0022687962
-0.0047333755
-0.0064912792
-0.0015516607
0.0062013455
0.0109188242
0.0103251564
0.0074330116
0.0070628405
0.0110468248
0.0162443761
0.0171391555
0.0118053298
0.0042862654
-0.0000188141
0.0002196838
0.0020579464
0.0021564329
-0.0001461065
-0.0022821321
-0.0001649560
0.0076094229
0.0172884499
0.0234698529
0.0242982801
0.0222143144
0.0206911828
0.0210352033
0.0219139277
0.0212458230
0.0180171446
0.0126065937
0.0064682510
0.0022650059
0.0030226334
0.0087770846
0.0152914140
0.0173049288
0.0130978424
0.0054313647
-0.0005635958
-0.0003288774
0.0061131994
0.0130271027
0.0139920443
0.0088128591
0.0039131304
0.0052145475
0.0122072255
0.0190288541
0.0201221797
0.0148721606
0.0075229011
0.0032372123
0.0038580347
0.0073403268
0.0102299326
0.0100337338
0.0067885022
0.0032182633
0.0029403626
0.0075470654
0.0155288759
0.0235996708
0.0278386305
0.0250467490
0.0155718625
0.0046864310
-0.0014898113
-0.0023803281
-0.0027373484
-0.0061819098
-0.0116561125
-0.0160864827
-0.0177134419
-0.0160578966
-0.0105862549
-0.0016249344
0.0085610801
0.0168309546
0.0215979863
0.0240331435
0.0265942493
0.0305744378
0.0346934084
0.0361356358
0.0331334006
0.0264242060
0.0181370443
0.0104339471
0.0050455062
0.0028370445
0.0037777103
0.0073912552
0.0121372277
0.0144176321
0.0107810729
0.0024957779
-0.0040340180
-0.0030393600
0.0048651429
0.0131612834
0.0159702300
0.0140624172
0.0134534622
0.0180385104
0.0246442548
0.0265247803
0.0213410792
0.0140886859
0.0111128216
0.0133631135
0.0164160635
0.0150407955
0.0072120970
-0.0039839756
-0.0111182852
-0.0071282315
0.0075158235
0.0227944995
0.0274821814
0.0197698626
0.0080779668
0.0024117476
0.0057755437
0.0122759350
0.0129279652
0.0047812026
-0.0062222079
-0.0120640423
-0.0101004460
-0.0034406867
0.0026266449
0.0031814792
-0.0030379106
-0.0109866280
-0.0131484677
-0.0079531997
-0.0023032473
-0.0036128756
-0.0112434116
-0.0178998769
-0.0180300447
-0.0123706006
-0.0054616749
-0.0011037790
-0.0002632296
-0.0017203493
-0.0029770176
-0.0020310288
0.0011476394
0.0052648913
0.0094306017
0.0129562379
0.0146119365
0.0138945650
0.0128288151
0.0137515195
0.0151442630
0.0124538696
0.0039867192
-0.0060966098
-0.0112255722
-0.0073985849
0.0043101049
0.0177207448
0.0246237135
0.0213662922
0.0123525604
0.0052587483
0.0044033998
0.0088914295
0.0144077690
0.0162818568
0.0124505219
0.0043651161
-0.0041414519
-0.0081111030
-0.0048751293
0.0024537002
0.0072875246
0.0063731804
0.0031675635
0.0026199049
0.0051526586
0.0074063910
0.0069372808
0.0048626298
0.0044309416
0.0068235922
0.0091039345
0.0078152111
0.0035149478
-0.0000134095
-0.0002625777
0.0016765166
0.0027851160
0.0002838191
-0.0064382680
-0.0152102389
-0.0229038610
-0.0273664767
-0.0279176995
-0.0256716001
-0.0231384126
-0.0220857271
-0.0212574773
-0.0172236871
-0.0083208117
0.0035069212
0.0143762142
0.0202060408
0.0189856857
0.0129339639
0.0076817222
0.0074617574
0.0103603348
0.0100538141
0.0028198349
-0.0083070939
-0.0170290692
-0.0200432608
-0.0188877687
-0.0168960182
-0.0155596462
-0.0143109228
-0.0125047813
-0.0107347442
-0.0095783238
-0.0076091471
-0.0024745511
0.0053146491
0.0116836267
0.0129621323
0.0101664859
0.0080931354
0.0105591650
0.0169123384
0.0224748375
0.0227475097
0.0176353752
0.0117675059
0.0097884506
0.0121247036
0.0155773116
0.0173642096
0.0179156229
0.0194826881
0.0223263218
0.0240595852
0.0239407346
0.0245274286
0.0272751854
0.0291222052
0.0260079469
0.0180310554
0.0082308093
-0.0021146340
-0.0127207927
-0.0202967030
-0.0200579633
-0.0123727073
-0.0044573745
-0.0034909857
-0.0101377171
-0.0192998421
-0.0251796871
-0.0238833763
-0.0140534553
0.0015176858
0.0155745049
0.0205166408
0.0143217317
0.0023406809
-0.0072065928
-0.0097873902
-0.0072665751
-0.0052989870
-0.0084622145
-0.0175340609
-0.0292005387
-0.0371226877
-0.0355552619
-0.0244600526
-0.0100349790
0.0009904373
0.0067655811
0.0100851123
0.0141433783
0.0201853365
0.0278991456
0.0360076273
0.0414298336
0.0398176363
0.0291674077
0.0131972043
-0.0008680843
-0.0081435577
-0.0086994904
-0.0060370450
-0.0047158780
-0.0086310447
-0.0188742912
-0.0316957133
-0.0393061439
-0.0356527252
-0.0233354472
-0.0126508739
-0.0115826398
-0.0181287355
-0.0240144132
-0.0236406779
-0.0178717403
-0.0112418409
-0.0073343646
-0.0066293638
-0.0072960848
-0.0075407718
-0.0067453158
-0.0049983298
-0.0021181958
0.0016629083
0.0056137172
0.0098067993
0.0147360680
0.0190598482
0.0200238571
0.0167662665
0.0110358555
0.0048007907
-0.0005575448
-0.0029339440
-0.0011476288
0.0017087650
0.0007892558
-0.0052030725
-0.0134254235
-0.0198841768
-0.0210355016
-0.0153932717
-0.0062128440
-0.0007563244
-0.0039844140
-0.0135178491
-0.0224942207
-0.0258917125
-0.0234036264
-0.0183016331
-0.0141343668
-0.0120835477
-0.0110235868
-0.0088909836
-0.0038213369
0.0039995057
0.0113301416
0.0141176700
0.0109170036
0.0039137101
-0.0020085758
-0.0015932525
0.0060415652
0.0148802749
0.0169585281
0.0106823551
0.0024146592
-0.0004510495
0.0037721284
0.0107220274
0.0141286155
0.0109588199
0.0039454784
-0.0015391561
-0.0029998359
-0.0017178966
0.0012054304
0.0061126623
0.0116528442
0.0139154284
0.0104419299
0.0034138585
-0.0026987158
-0.0065653081
-0.0110978920
-0.0194045186
-0.0306691561
-0.0402410898
-0.0433999936
-0.0393640828
-0.0320123436
-0.0267109591
-0.0255733998
-0.0249377963
-0.0185420517
-0.0044679718
0.0117754081
0.0225068478
0.0252723445
0.0234451810
0.0210897101
0.0202478262
0.0216748472
0.0244706656
0.0256918810
0.0224393964
0.0152322168
0.0091696360
0.0103306362
0.0196283979
0.0307167150
0.0350514606
0.0292893062
0.0176971942
0.0082960895
0.0065829779
0.0118469947
0.0187559813
0.0223200599
0.0215208672
0.0186743244
0.0161504378
0.0145031615
0.0131089528
0.0117465770
0.0107702099
0.0089682650
0.0038226272
-0.0041095848
-0.0096624594
-0.0083995649
-0.0018863721
0.0042045925
0.0056158878
0.0016759690
-0.0050698887
-0.0102418732
-0.0104501493
-0.0066984026
-0.0045049915
-0.0084059058
-0.0169583630
-0.0240618399
-0.0250630042
-0.0214971070
-0.0191072211
-0.0201023671
-0.0201923532
-0.0150982893
-0.0062404020
0.0020826236
0.0076285555
0.0108852182
0.0138173436
0.0182126981
0.0235606393
0.0274885691
0.0292152498
0.0299623986
0.0302875341
0.0297868905
0.0289743888
0.0286114131
0.0279325402
0.0261680928
0.0247542338
0.0256565729
0.0273680625
0.0257503823
0.0192213539
0.0116115435
0.0091624447
0.0141105359
0.0214452991
0.0234194731
0.0171531982
0.0062672379
-0.0031910431
-0.0063640488
-0.0015008873
0.0086201161
0.0169674877
0.0169421467
0.0086812819
-0.0005239372
-0.0026113522
0.0045298012
0.0156541485
0.0233040445
0.0238369024
0.0185645131
0.0117759870
0.0091171843
0.0147552088
0.0270197320
0.0375761223
0.0377222774
0.0264388440
0.0115364704
0.0028243660
0.0037101299
0.0093193301
0.0128683159
0.0120317979
0.0090577428
0.0073745513
0.0085711101
0.0117027235
0.0147268939
0.0159444356
0.0144463445
0.0103348264
0.0053372479
0.0032512304
0.0073254979
0.0150964953
0.0190754708
0.0153371949
0.0092075651
0.0090594934
0.0160821739
0.0240702158
0.0283899870
0.0301742576
0.0319591113
0.0337893692
0.0341245278
0.0320369784
0.0275854095
0.0215478917
0.0158175931
0.0123907009
0.0111428668
0.0101951473
0.0091100208
0.0092521570
0.0110859036
0.0132459379
0.0140822600
0.0128473288
0.0105789604
0.0098441210
0.0122144650
0.0165387311
0.0202466979
0.0219226076
0.0222779159
0.0227854233
0.0246513835
0.0284611678
0.0333116923
0.0370141121
0.0382531116
0.0382405270
0.0388128691
0.0395159367
0.0386494985
0.0370063644
0.0373659719
0.0400352215
0.0420276771
0.0412336583
0.0388509092
0.0365929833
0.0338589646
0.0289763438
0.0214452444
0.0125742398
0.0046287427
-0.0008423987
-0.0045029929
-0.0082622387
-0.0126243827
-0.0163014209
-0.0184667666
-0.0200205491
-0.0218304134
-0.0230088754
-0.0219559691
-0.0182946899
-0.0131793977
-0.0095056487
-0.0110006162
-0.0181772010
-0.0257402667
-0.0270180503
-0.0210015747
-0.0122979306
-0.0056072206
-0.0030895476
-0.0055557631
-0.0124186465
-0.0200512746
-0.0231896386
-0.0192970253
-0.0111861665
-0.0051849057
-0.0067001377
-0.0163669826
-0.0295690095
-0.0395849320
-0.0423398336
-0.0392346692
-0.0352840426
-0.0352315928
-0.0412146163
-0.0519306529
-0.0626444612
-0.0677305924
-0.0654283053
-0.0596258742
-0.0558797279
-0.0562876750
-0.0593594895
-0.0630554466
-0.0662163502
-0.0684717362
-0.0701444669
-0.0722715431
-0.0757597755
-0.0801529677
-0.0840553425
-0.0868674944
-0.0889540415
-0.0905849045
-0.0906114232
-0.0874334583
-0.0816317925
-0.0765596745
-0.0759572031
-0.0807432133
-0.0881202878
-0.0937216703
-0.0952720109
-0.0942798766
-0.0940777982
-0.0966267767
-0.1012362394
-0.1062191762
-0.1105373578
-0.1135352435
-0.1149502989
-0.1157646103
-0.1173838474
-0.1196491688
-0.1210967385
-0.1206921495
-0.1180601160
-0.1134784732
-0.1085019812
-0.1048008023
-0.1023080868
-0.1002100799
-0.0987231005
-0.0988781085
-0.1010134930
-0.1041565824
-0.1070431540
-0.1090810600
-0.1105063882
-0.1119330239
-0.1138655670
-0.1161727729
-0.1182997077
-0.1194977066
-0.1191446450
-0.1168007559
-0.1123476986
-0.1071695875
-0.1040548850
-0.1052802213
-0.1108299608
-0.1179028761
-0.1228106821
-0.1244733203
-0.1257107819
-0.1298834155
-0.1367849501
-0.1426716994
-0.1436722706
-0.1383079535
-0.1280133688
-0.1167110709
-0.1082023284
-0.1029850703
-0.0984136333
-0.0913232370
-0.0800181449
-0.0657291468
-0.0523000190
-0.0426517658
-0.0365401675
-0.0319500726
-0.0272724891
-0.0224752297
-0.0189823970
-0.0185718013
-0.0215681789
-0.0269239189
-0.0339529783
-0.0421069020
-0.0493739550
-0.0529110734
-0.0515461429
-0.0474202051
-0.0441039798
-0.0431716612
-0.0429610383
-0.0404304036
-0.0347664924
-0.0293660680
-0.0286528281
-0.0328751291
-0.0372928993
-0.0362627186
-0.0282275182
-0.0171025486
-0.0085516440
-0.0053510733
-0.0056643948
-0.0052373273
-0.0004771370
0.0099135687
0.0237623405
0.0362798402
0.0435949154
0.0454918941
0.0446816793
0.0444992053
0.0476247623
0.0551530430
0.0648387002
0.0710025750
0.0683952829
0.0567073832
0.0412873987
0.0289575125
0.0226026447
0.0202419415
0.0188051611
0.0174070017
0.0168143624
0.0172318770
0.0181839018
0.0198385986
0.0228854945
0.0282579657
0.0365093502
0.0462166543
0.0544144737
0.0599236847
0.0643237134
0.0689320135
0.0733656162
0.0776093154
0.0830243995
0.0883444325
0.0877331292
0.0781107863
0.0655701122
0.0593154641
0.0610289706
0.0644328109
0.0635139462
0.0575795505
0.0493708495
0.0413916176
0.0349022402
0.0305431557
0.0287488050
0.0290502315
0.0295147404
0.0284216094
0.0263683568
0.0254128893
0.0261080378
0.0269950844
0.0275493328
0.0299379840
0.0366679574
0.0472185865
0.0585815637
0.0685414562
0.0770408462
0.0856472547
0.0964546888
0.1098134450
0.1213129977
0.1240053100
0.1157969166
0.1030855769
0.0951756193
0.0940766640
0.0924678087
0.0828579929
0.0662677235
0.0502146418
0.0400028146
0.0337913021
0.0256018310
0.0124364073
-0.0017915189
-0.0104794848
-0.0122716676
-0.0118114950
-0.0127279744
-0.0141101984
-0.0144594805
-0.0149632859
-0.0170211755
-0.0198145878
-0.0225253703
-0.0263013241
-0.0319841628
-0.0373276696
-0.0377760799
-0.0300639258
-0.0163290890
-0.0042545785
-0.0009320620
-0.0063382364
-0.0135232749
-0.0143791210
-0.0056139139
0.0081159741
0.0168105990
0.0130898314
-0.0005701244
-0.0133763274
-0.0154152237
-0.0066987840
0.0026720854
0.0016229882
-0.0116644860
-0.0289746600
-0.0403975739
-0.0423861369
-0.0388883109
-0.0360327325
-0.0371359992
-0.0426034732
-0.0516736631
-0.0625446447
-0.0721072099
-0.0773715682
-0.0768523996
-0.0717141655
-0.0670456791
-0.0688105624
-0.0767726715
-0.0829409709
-0.0786371101
-0.0617092223
-0.0385493621
-0.0193279927
-0.0092375861
-0.0048005799
0.0013863413
0.0140992731
0.0325800393
0.0507846981
0.0613887888
0.0617673563
0.0558623394
0.0499831558
0.0470968821
0.0462811183
0.0456179749
0.0439108357
0.0412332851
0.0382621966
0.0351325938
0.0309286892
0.0242611650
0.0139431796
-0.0001453768
-0.0168129816
-0.0352103333
-0.0558924588
-0.0784436393
-0.0983722856
-0.1097285965
-0.1120022258
-0.1115203690
-0.1146038259
-0.1216367389
-0.1282608934
-0.1288935188
-0.1179616121
-0.0926194654
-0.0574023079
-0.0237345536
-0.0010425236
0.0111558199
0.0214916787
0.0379483307
0.0601930667
0.0785316811
0.0798355238
0.0567422916
0.0151105649
-0.0278049849
-0.0566025498
-0.0703444635
-0.0801275128
-0.0956858186
-0.1155674187
-0.1297554927
-0.1308836712
-0.1206903967
-0.1071512795
-0.0987649528
-0.0989233083
-0.1039851506
-0.1077403694
-0.1068362732
-0.1014185658
-0.0929312708
-0.0827411522
-0.0717388867
-0.0600798186
-0.0477074984
-0.0368594935
-0.0324669735
-0.0371065647
-0.0474925356
-0.0578221884
-0.0638263987
-0.0625368826
-0.0514380043
-0.0314471308
-0.0090790085
0.0079215186
0.0172863164
0.0232124500
0.0300403265
0.0352993846
0.0312642481
0.0136673391
-0.0141459085
-0.0460601526
-0.0776790911
-0.1045920283
-0.1212806401
-0.1268924245
-0.1299753888
-0.1422199493
-0.1663334387
-0.1931234102
-0.2114039813
-0.2199007019
-0.2274344428
-0.2414530535
-0.2606693625
-0.2801112078
-0.2977223491
-0.3132486961
-0.3253393290
-0.3329056215
-0.3372567139
-0.3410273731
-0.3460044863
-0.3524482237
-0.3604580470
-0.3702176048
-0.3803207335
-0.3899474805
-0.4016511139
-0.4169329745
-0.4317757325
-0.4421106722
-0.4484929381
-0.4527264368
-0.4555933916
-0.4586218731
-0.4621581169
-0.4637702911
-0.4533264615
-0.4195085898
-0.3735168832
-0.3394126684
-0.3203355276
-0.2976106887
-0.2639227430
-0.2283087280
-0.1993060002
-0.1803902865
-0.1723452276
-0.1711007993
-0.1690134383
-0.1607623623
-0.1467420704
-0.1310276723
-0.1165579154
-0.1025872821
-0.0865038521
-0.0664947736
-0.0424306835
-0.0161323365
0.0091012915
0.0304995649
0.0477357852
0.0620988072
0.0742486906
0.0838424150
0.0915301247
0.0992934785
0.1077525542
0.1145332139
0.1171098409
0.1161527144
0.1152331062
0.1182309315
0.1268585260
0.1403182368
0.1573245207
0.1773454509
0.1996190690
0.2224559956
0.2436485683
0.2618338866
0.2774595452
0.2930555611
0.3112971209
0.3321733619
0.3533227740
0.3721602596
0.3863909362
0.3943420801
0.3972665842
0.3984096315
0.3981705896
0.3934628882
0.3815394958
0.3619345040
0.3367253563
0.3114375454
0.2923138801
0.2795660628
0.2660501490
0.2456094719
0.2195718099
0.1929754114
0.1681702254
0.1439665918
0.1187292672
0.0932248136
0.0695602454
0.0487056263
0.0300400206
0.0138311389
0.0030617352
0.0009403951
0.0059363940
0.0122914688
0.0164552864
0.0192280824
0.0228308878
0.0297349103
0.0417255192
0.0564381178
0.0672670157
0.0688321868
0.0618136340
0.0533812848
0.0533983689
0.0669285711
0.0895047685
0.1107043713
0.1215008623
0.1195986881
0.1109047307
0.1055098046
0.1088433910
0.1158017624
0.1163559780
0.1069856992
0.0938249485
0.0857446856
0.0866409971
0.0938651705
0.1027874786
0.1132272558
0.1306194225
0.1590136025
0.1935375791
0.2238112513
0.2440772177
0.2547101029
0.2561353799
0.2479472320
0.2335732416
0.2213935470
0.2205353786
0.2350439299
0.2599534047
0.2831551888
0.2932213001
0.2866265349
0.2672443272
0.2410751482
0.2123698310
0.1829249350
0.1534026254
0.1235915227
0.0914401675
0.0549502218
0.0163283798
-0.0175731831
-0.0400596601
-0.0499690626
-0.0530517360
-0.0587062076
-0.0740896532
-0.0988921791
-0.1264478669
-0.1511252735
-0.1721689187
-0.1905592647
-0.2058591230
-0.2169721485
-0.2231178003
-0.2238030797
-0.2198393392
-0.2143327751
-0.2105855585
-0.2083340437
-0.2034862800
-0.1926512690
-0.1762449824
-0.1551568098
-0.1285523679
-0.0976643564
-0.0668325745
-0.0384471171
-0.0111267779
0.0155289258
0.0389013309
0.0575044108
0.0715725536
0.0789761474
0.0761928609
0.0642523396
0.0504840387
0.0436173648
0.0471555160
0.0564247171
0.0620043099
0.0562295509
0.0366574256
0.0065974819
-0.0250660523
-0.0491722644
-0.0648057094
-0.0782266368
-0.0921123193
-0.1028603270
-0.1097071752
-0.1183910655
-0.1340612795
-0.1554248682
-0.1764084747
-0.1902649437
-0.1930615342
-0.1845907531
-0.1675178671
-0.1472018063
-0.1294038812
-0.1158753635
-0.1037743266
-0.0900768974
-0.0742610450
-0.0568865411
-0.0382501122
-0.0191823527
-0.0023753211
0.0100123498
0.0201300904
0.0318686933
0.0446819904
0.0539119178
0.0568996222
0.0542723213
0.0456788053
0.0299657070
0.0103970212
-0.0053135814
-0.0124807403
-0.0124681092
-0.0087060859
-0.0053803975
-0.0086903149
-0.0231407502
-0.0447479379
-0.0612788729
-0.0612571003
-0.0439323417
-0.0211612554
-0.0072822834
-0.0054163456
-0.0066840246
-0.0029541309
0.0041153231
0.0078233934
0.0061610623
0.0036184911
0.0065357455
0.0188360094
0.0400359883
0.0641844457
0.0826552052
0.0909488269
0.0926359124
0.0966926703
0.1102131649
0.1305843989
0.1454143938
0.1443017590
0.1301727803
0.1157471254
0.1093755108
0.1087701732
0.1086088156
0.1082674704
0.1108659337
0.1188091176
0.1315205452
0.1457998737
0.1582082545
0.1670641646
0.1723911660
0.1751797810
0.1770132845
0.1789769945
0.1793317195
0.1737777483
0.1601930800
0.1430952561
0.1313463558
0.1293686870
0.1314323477
0.1286189833
0.1201803461
0.1131576497
0.1108966791
0.1078769607
0.0969665560
0.0783083117
0.0593904358
0.0482170490
0.0473990166
0.0532152674
0.0594181847
0.0616490778
0.0597039328
0.0568824967
0.0568792119
0.0601047725
0.0623844620
0.0575717044
0.0425170294
0.0194635524
-0.0056465680
-0.0275280122
-0.0452930599
-0.0632536757
-0.0865132199
-0.1139869535
-0.1381943590
-0.1530637914
-0.1596317139
-0.1636298222
-0.1699321179
-0.1798334281
-0.1914133388
-0.2008150474
-0.2045771177
-0.2030557324
-0.2009632026
-0.2017481510
-0.2020695766
-0.1947319478
-0.1762174789
-0.1493120270
-0.1203259862
-0.0950733860
-0.0752631337
-0.0564068443
-0.0312290425
0.0010181331
0.0309537616
0.0476535966
0.0485419606
0.0401336491
0.0315701009
0.0292079600
0.0346736304
0.0449083428
0.0549601816
0.0611381664
0.0610910245
0.0522583718
0.0332536239
0.0087187900
-0.0109077615
-0.0186947042
-0.0190072993
-0.0223885152
-0.0342396825
-0.0511513439
-0.0656835276
-0.0714359562
-0.0661656306
-0.0551302077
-0.0491755860
-0.0548432809
-0.0681216718
-0.0782769976
-0.0759884550
-0.0594442439
-0.0358930615
-0.0163838052
-0.0076396233
-0.0093160482
-0.0177152787
-0.0285044459
-0.0367739998
-0.0389017656
-0.0349154644
-0.0270880977
-0.0169027680
-0.0044108797
0.0096428897
0.0221422376
0.0289325138
0.0285914305
0.0242264908
0.0195594786
0.0145835042
0.0082537891
0.0044665837
0.0113846499
0.0339287344
0.0675605219
0.0996439555
0.1185825413
0.1220283940
0.1162379194
0.1085106287
0.1011614457
0.0923680937
0.0802970938
0.0656562775
0.0515424237
0.0424650298
0.0428463359
0.0531195277
0.0665633665
0.0724382209
0.0643476588
0.0454640331
0.0253987747
0.0124048679
0.0079725539
0.0077766660
0.0070049886
0.0050768540
0.0051169961
0.0098728998
0.0193730380
0.0323726786
0.0484932827
0.0674563292
0.0876010667
0.1065223116
0.1231583893
0.1382180047
0.1521637582
0.1633494500
0.1686021363
0.1665426428
0.1613971454
0.1629207272
0.1788525614
0.2058800673
0.2308247536
0.2420318156
0.2378708487
0.2249300727
0.2108911554
0.1996337556
0.1897755484
0.1761403455
0.1547339663
0.1269980643
0.0982332037
0.0741982346
0.0606716563
0.0606573405
0.0696165598
0.0775706186
0.0790309482
0.0773042023
0.0768391157
0.0765075941
0.0740196709
0.0722518710
0.0767154251
0.0892438800
0.1063884006
0.1227375299
0.1342169816
0.1392866798
0.1397594626
0.1392762187
0.1396733511
0.1407396708
0.1440022947
0.1519581219
0.1630772813
0.1727627119
0.1795370304
0.1861301496
0.1935508088
0.1985353804
0.1986969972
0.1961736771
0.1942483312
0.1930791613
0.1906906064
0.1869755467
0.1852378396
0.1893684647
0.2000194554
0.2133851661
0.2238372627
0.2288163448
0.2313766047
0.2380888612
0.2534362702
0.2754415759
0.2980873108
0.3189911723
0.3402302929
0.3600008906
0.3735624986
0.3873485805
0.4065667907
0.4197043294
0.4081941164
0.3793304205
0.3464129353
0.3159068132
0.2913404614
0.2784047625
0.2719573617
0.2617214572
0.2464357908
0.2327699034
0.2247379798
0.2208359216
0.2179650999
0.2138601762
0.2070135697
0.1979384432
0.1894083139
0.1834146884
0.1797458914
0.1789143695
0.1826891620
0.1898188348
0.1946706736
0.1920360258
0.1820549796
0.1668989698
0.1451578327
0.1155516819
0.0840529253
0.0612023012
0.0523833355
0.0546737554
0.0618844192
0.0688183522
0.0726455529
0.0746525441
0.0788576777
0.0867349243
0.0955464476
0.1024062545
0.1074397357
0.1116330425
0.1145149857
0.1158416682
0.1177329856
0.1231191499
0.1326180285
0.1441060373
0.1546700387
0.1621421160
0.1651900642
0.1635231796
0.1585556507
0.1534992848
0.1509128433
0.1505337206
0.1506013415
0.1493224587
0.1435611922
0.1305269907
0.1133235553
0.0998092338
0.0935570369
0.0908829462
0.0866114466
0.0768135573
0.0579724687
0.0300594506
-0.0010378632
-0.0287896813
-0.0514241840
-0.0704272833
-0.0859728258
-0.0962044014
-0.1005665237
-0.1014738262
-0.1017839555
-0.1027397588
-0.1046983828
-0.1076392796
-0.1107302898
-0.1129641632
-0.1141943473
-0.1155713451
-0.1187322985
-0.1237827381
-0.1284095937
-0.1290959057
-0.1234750124
-0.1115781762
-0.0965335222
-0.0850542260
-0.0840467675
-0.0943977572
-0.1083674419
-0.1152128110
-0.1101546292
-0.0965474536
-0.0804387170
-0.0664934046
-0.0572866856
-0.0517885701
-0.0450617618
-0.0328428181
-0.0163629093
-0.0017489265
0.0044141340
-0.0019558687
-0.0201917273
-0.0432420705
-0.0613681820
-0.0688970722
-0.0667451936
-0.0600843074
-0.0537688062
-0.0494997869
-0.0475746005
-0.0496422388
-0.0575390712
-0.0702675850
-0.0842570740
-0.0967047016
-0.1079083329
-0.1202547466
-0.1353951282
-0.1526223169
-0.1699174597
-0.1864757690
-0.2033799768
-0.2206710609
-0.2361666890
-0.2497291197
-0.2653427314
-0.2857666584
-0.3092132554
-0.3330869318
-0.3556098300
-0.3728609373
-0.3795822441
-0.3740185179
-0.3583094083
-0.3356547850
-0.3099259385
-0.2857988814
-0.2644429360
-0.2396332470
-0.2034216900
-0.1561001674
-0.1064086602
-0.0631159739
-0.0305851407
-0.0101401189
0.0002884556
0.0067025544
0.0131225145
0.0159778114
0.0101850439
-0.0002378660
-0.0045883811
0.0014587926
0.0120964124
0.0210569751
0.0296881485
0.0438092252
0.0658126837
0.0923775233
0.1192891295
0.1452183342
0.1683969405
0.1832422641
0.1828357418
0.1648469500
0.1339075538
0.0986760968
0.0675096352
0.0452545744
0.0334823657
0.0333011443
0.0420823032
0.0463920099
0.0258703866
-0.0290163221
-0.1044721558
-0.1739954814
-0.2212717868
-0.2480269718
-0.2628738658
-0.2699820842
-0.2697752204
-0.2664255818
-0.2685898089
-0.2789325045
-0.2871554772
-0.2807352487
-0.2616472011
-0.2441810962
-0.2354229058
-0.2264343470
-0.2031652954
-0.1604126087
-0.1064296503
-0.0580353889
-0.0289883191
-0.0199142350
-0.0198098257
-0.0172549893
-0.0079288027
0.0081511738
0.0304484220
0.0561864603
0.0802078896
0.0999862026
0.1175739913
0.1345707226
0.1465673811
0.1401461280
0.1015639859
0.0464604143
0.0193467447
0.0166924175
-0.0314040091
-0.1263863268
-0.1826984669
-0.2055174613
-0.2709024221
-0.2910430695
-0.1950652447
-0.1117446459
-0.1710546976
-0.2249659592
-0.1748114992
-0.1129707608
-0.1123774343
-0.1168201564
-0.0998519254
-0.0957352614
-0.1101688677
-0.1194545303
-0.1177315119
-0.1116388399
-0.1005761099
-0.0820827074
-0.0596277567
-0.0399066480
-0.0286598853
-0.0279828281
-0.0349005687
-0.0450549400
-0.0577190046
-0.0733666458
-0.0896947571
-0.1050136506
-0.1220483706
-0.1434260864
-0.1646960077
-0.1778281345
-0.1821771904
-0.1862282089
-0.1977511486
-0.2174976593
-0.2410599727
-0.2619250386
-0.2735486423
-0.2734337685
-0.2667180132
-0.2620060664
-0.2622528381
-0.2618443314
-0.2529336930
-0.2332600148
-0.2074159875
-0.1823390874
-0.1618167869
-0.1459108029
-0.1337513310
-0.1247315228
-0.1176186855
-0.1111731245
-0.1058524237
-0.1031987490
-0.1035819897
-0.1059910232
-0.1094163708
-0.1140836035
-0.1222514804
-0.1358949163
-0.1515861678
-0.1617675937
-0.1643848013
-0.1675348447
-0.1808507692
-0.2048349861
-0.2318642201
-0.2549656365
-0.2720529152
-0.2836735770
-0.2911623509
-0.2960836463
-0.2984129127
-0.2965847161
-0.2903777659
-0.2812484951
-0.2698018480
-0.2558791150
-0.2396461955
-0.2208946495
-0.1996215134
-0.1780462743
-0.1596493885
-0.1462176536
-0.1381652490
-0.1356823020
-0.1367165297
-0.1359479182
-0.1285987021
-0.1153823658
-0.1024023792
-0.0960614533
-0.0981294062
-0.1056251907
-0.1154581079
-0.1266552134
-0.1367958419
-0.1413231124
-0.1386479530
-0.1309915525
-0.1196801158
-0.1047029659
-0.0883340004
-0.0744666957
-0.0647557303
-0.0577808662
-0.0517413469
-0.0461252470
-0.0405736837
-0.0332226841
-0.0220071378
-0.0063461083
0.0135232272
0.0363253940
0.0584523613
0.0748800259
0.0817424924
0.0770850927
0.0599268683
0.0323803168
0.0026631339
-0.0188611079
-0.0283910233
-0.0308179423
-0.0320129764
-0.0327216952
-0.0312270369
-0.0278303370
-0.0240228997
-0.0214642357
-0.0229385226
-0.0295816204
-0.0373419414
-0.0412863836
-0.0430656945
-0.0491145123
-0.0608599972
-0.0708696203
-0.0685156474
-0.0472513006
-0.0109342352
0.0249221260
0.0432251397
0.0397302166
0.0251630580
0.0136335730
0.0110149112
0.0129190802
0.0119309471
0.0058133091
-0.0014499585
-0.0045282989
-0.0004819500
0.0114627751
0.0298175370
0.0492360414
0.0615346368
0.0601980885
0.0454605022
0.0259096438
0.0128546524
0.0114959695
0.0188579939
0.0297784805
0.0419040972
0.0551978605
0.0698272946
0.0854487752
0.0998925545
0.1088338409
0.1105452839
0.1098194631
0.1132663667
0.1213458246
0.1285622842
0.1304804223
0.1275585262
0.1241675328
0.1256035963
0.1348855778
0.1501408005
0.1642547571
0.1683836426
0.1578178091
0.1361418819
0.1145254470
0.1044382537
0.1068991220
0.1112817059
0.1080680039
0.0990495014
0.0924733607
0.0926680361
0.0975830879
0.1027330699
0.1040304817
0.0994997246
0.0917154594
0.0869568486
0.0894391676
0.0976698729
0.1073474251
0.1159281346
0.1220511343
0.1243727435
0.1250502783
0.1297185447
0.1405529398
0.1527608603
0.1609626611
0.1647590814
0.1657263871
0.1639214621
0.1599323642
0.1559157024
0.1525793130
0.1479482032
0.1400457072
0.1288107517
0.1157483831
0.1027068151
0.0903057087
0.0772349370
0.0618119916
0.0438922495
0.0243724918
0.0040557966
-0.0153939204
-0.0301276896
-0.0356709297
-0.0303624493
-0.0151120453
0.0089797775
0.0398619019
0.0721367975
0.0992209136
0.1184331277
0.1314058625
0.1407294012
0.1490505011
0.1595251403
0.1741194089
0.1915791255
0.2082663064
0.2215131019
0.2307487349
0.2359155705
0.2369081714
0.2347327398
0.2309412572
0.2251666480
0.2139007232
0.1931957726
0.1635500461
0.1307842319
0.1022039484
0.0824888374
0.0719075060
0.0670032481
0.0623432257
0.0535057372
0.0407621624
0.0291116116
0.0224080178
0.0187031085
0.0128271078
0.0018647197
-0.0132184732
-0.0289804432
-0.0412162617
-0.0456949116
-0.0389752530
-0.0194856240
0.0112635790
0.0469429983
0.0795918546
0.1055495410
0.1242885087
0.1333427793
0.1300604582
0.1176502883
0.1044765109
0.0977909249
0.0993572322
0.1060994840
0.1132782233
0.1168067331
0.1154814343
0.1119745558
0.1103599094
0.1116271893
0.1137324088
0.1153171647
0.1150395544
0.1086475864
0.0917264063
0.0676456148
0.0496908650
0.0516372973
0.0763122754
0.1149610746
0.1545439076
0.1832805503
0.1930905666
0.1821104825
0.1563229954
0.1270849186
0.1048699039
0.0932726278
0.0883962138
0.0842513860
0.0785365348
0.0736017119
0.0725212395
0.0744304889
0.0744515367
0.0685700062
0.0582516588
0.0496829321
0.0472024244
0.0482217568
0.0463038558
0.0390848773
0.0313113600
0.0301100977
0.0386693629
0.0540729673
0.0685766791
0.0736896362
0.0656443291
0.0480795594
0.0285690648
0.0131643311
0.0057262953
0.0092431560
0.0237141365
0.0429955213
0.0581771466
0.0654085413
0.0676250594
0.0682474247
0.0670338349
0.0624080174
0.0541915667
0.0432776791
0.0315774720
0.0234283213
0.0239455349
0.0348937511
0.0520645614
0.0665839651
0.0698387690
0.0593089657
0.0412733265
0.0257195362
0.0176223179
0.0146787996
0.0128214659
0.0113886891
0.0118307877
0.0136776515
0.0146132677
0.0141181914
0.0140367496
0.0144735949
0.0117874310
0.0032622230
-0.0084774922
-0.0182807290
-0.0243885762
-0.0284409730
-0.0310078304
-0.0305755842
-0.0259441914
-0.0176801497
-0.0082715955
-0.0013957768
0.0016867959
0.0043874345
0.0097172191
0.0148299888
0.0139686768
0.0054637272
-0.0070382005
-0.0182750420
-0.0246674309
-0.0274228136
-0.0328616878
-0.0476273922
-0.0720191061
-0.0978953002
-0.1146542593
-0.1176936696
-0.1104694317
-0.0997833901
-0.0912499406
-0.0869323995
-0.0843502855
-0.0780786155
-0.0639354315
-0.0426583759
-0.0190667473
0.0019743174
0.0187052522
0.0328302511
0.0465882038
0.0604151002
0.0732894911
0.0835831950
0.0888464844
0.0872182755
0.0799103393
0.0698020934
0.0578886366
0.0437497862
0.0284750517
0.0140290708
0.0010770420
-0.0102805533
-0.0186402394
-0.0224141357
-0.0223791085
-0.0218481462
-0.0238286224
-0.0287036831
-0.0354307460
-0.0449712631
-0.0603761801
-0.0817861485
-0.1032527240
-0.1163638308
-0.1161385112
-0.1031969986
-0.0824635805
-0.0610742517
-0.0457694153
-0.0397355814
-0.0417016227
-0.0467957252
-0.0481169515
-0.0409461808
-0.0271814267
-0.0141361609
-0.0085204910
-0.0131648163
-0.0275160435
-0.0463877692
-0.0592952038
-0.0573204496
-0.0418947227
-0.0241844571
-0.0145019129
-0.0142941700
-0.0187508908
-0.0239228713
-0.0294842776
-0.0372071988
-0.0484181159
-0.0620104934
-0.0737762219
-0.0775140801
-0.0691757015
-0.0505328938
-0.0280267881
-0.0082587415
0.0051428511
0.0111425474
0.0106087749
0.0061261628
0.0004819096
-0.0053654213
-0.0124124148
-0.0211926196
-0.0298521745
-0.0348716983
-0.0336747997
-0.0269172698
-0.0186356929
-0.0141184458
-0.0167938314
-0.0262522568
-0.0392142436
-0.0521510094
-0.0626231441
-0.0694684909
-0.0736727915
-0.0787683933
-0.0880719656
-0.1008030171
-0.1128901509
-0.1216310360
-0.1281165709
-0.1352938115
-0.1446258728
-0.1540314116
-0.1594623351
-0.1587193126
-0.1535106110
-0.1478816478
-0.1446937132
-0.1442995773
-0.1451224359
-0.1437809192
-0.1364200384
-0.1219719738
-0.1042959906
-0.0900873269
-0.0832219966
-0.0810648609
-0.0769678194
-0.0667026681
-0.0523965497
-0.0398127169
-0.0323588690
-0.0293612098
-0.0286671555
-0.0278453008
-0.0238594577
-0.0149750272
-0.0044337596
0.0008888823
-0.0025938798
-0.0112388234
-0.0177667803
-0.0181756458
-0.0150928083
-0.0151839088
-0.0229310336
-0.0366205008
-0.0511023740
-0.0635166584
-0.0737063896
-0.0799335589
-0.0797602585
-0.0756259902
-0.0738138012
-0.0765990975
-0.0799114811
-0.0802439465
-0.0797732291
-0.0830798333
-0.0920044132
-0.1036536284
-0.1119705138
-0.1124611816
-0.1068248044
-0.1008306903
-0.0976504647
-0.0957752316
-0.0934537040
-0.0919965875
-0.0929401074
-0.0944228011
-0.0924311264
-0.0846252327
-0.0728839448
-0.0613284149
-0.0517525620
-0.0427116337
-0.0322376591
-0.0205167572
-0.0107540655
-0.0077923895
-0.0140738854
-0.0261705036
-0.0365748943
-0.0403719676
-0.0392983997
-0.0392607471
-0.0452699591
-0.0575850884
-0.0707863988
-0.0781082986
-0.0786258516
-0.0787763853
-0.0851792522
-0.0982123163
-0.1130615107
-0.1237418295
-0.1259044461
-0.1194859688
-0.1100713803
-0.1050869851
-0.1071760539
-0.1123303133
-0.1136106268
-0.1067763500
-0.0937894053
-0.0811818179
-0.0742424425
-0.0736336531
-0.0772363688
-0.0820866435
-0.0847532341
-0.0820134288
-0.0729581469
-0.0602894360
-0.0485156056
-0.0408311186
-0.0374800869
-0.0370269418
-0.0394973346
-0.0471170214
-0.0610483797
-0.0787976187
-0.0969133596
-0.1144239346
-0.1315437421
-0.1460268704
-0.1535681073
-0.1512360519
-0.1405020851
-0.1273497908
-0.1177894107
-0.1125696387
-0.1077500570
-0.0999033457
-0.0880357140
-0.0727885628
-0.0570275507
-0.0452178720
-0.0390267173
-0.0344832306
-0.0267341505
-0.0160117228
-0.0058096273
0.0015723740
0.0037342645
-0.0042979424
-0.0258831717
-0.0561119201
-0.0834975382
-0.0980216243
-0.0963403735
-0.0830507286
-0.0691724807
-0.0649295868
-0.0707898281
-0.0777365035
-0.0775652868
-0.0698344428
-0.0584177712
-0.0470871888
-0.0397349475
-0.0399388193
-0.0476318295
-0.0577307452
-0.0630489669
-0.0599801554
-0.0528197464
-0.0505350977
-0.0581926907
-0.0723492689
-0.0846919502
-0.0893827012
-0.0855345662
-0.0753683376
-0.0634497061
-0.0554031631
-0.0539263305
-0.0566132240
-0.0591107116
-0.0594912066
-0.0586693940
-0.0587158351
-0.0621512415
-0.0702521935
-0.0808820190
-0.0896397184
-0.0938324783
-0.0939036629
-0.0920363956
-0.0901960640
-0.0894908176
-0.0903323349
-0.0917017786
-0.0906008958
-0.0835032126
-0.0695002640
-0.0510211138
-0.0312927554
-0.0132363998
-0.0000872009
0.0062886461
0.0075856978
0.0063405643
0.0014544360
-0.0102903408
-0.0288611397
-0.0499096018
-0.0689369985
-0.0845711627
-0.0978955270
-0.1099840027
-0.1203248650
-0.1266821278
-0.1273097871
-0.1222869527
-0.1127818995
-0.1007464097
-0.0889242526
-0.0794475046
-0.0717398748
-0.0629441607
-0.0506636947
-0.0350044411
-0.0178777210
-0.0013045511
0.0120506290
0.0187267298
0.0175595567
0.0112017109
0.0029001344
-0.0063799833
-0.0162477946
-0.0248761663
-0.0314256461
-0.0378255987
-0.0455286953
-0.0524740332
-0.0547085527
-0.0497967230
-0.0393580694
-0.0287885711
-0.0235611033
-0.0253206084
-0.0312464096
-0.0367720700
-0.0385342778
-0.0354787073
-0.0289613799
-0.0216355872
-0.0159813834
-0.0128597166
-0.0109027636
-0.0074820015
-0.0012031237
0.0061754349
0.0111692190
0.0120238965
0.0101632758
0.0084112868
0.0080351232
0.0078851452
0.0058028841
0.0005229428
-0.0073921740
-0.0161196053
-0.0231006740
-0.0261885191
-0.0255971858
-0.0246583650
-0.0273202004
-0.0340902171
-0.0411048865
-0.0440269704
-0.0415451016
-0.0348438798
-0.0257705886
-0.0154170121
-0.0041758554
0.0066812918
0.0150412401
0.0202808486
0.0247242269
0.0313415385
0.0405895471
0.0498667021
0.0562472476
0.0588995495
0.0586289857
0.0566651136
0.0546269750
0.0540982744
0.0541740334
0.0512086689
0.0427806115
0.0308301089
0.0201384340
0.0139870966
0.0115016221
0.0090159824
0.0039592510
-0.0029876689
-0.0095376693
-0.0141364843
-0.0157646975
-0.0138651105
-0.0100010675
-0.0070417514
-0.0053358010
-0.0021261656
0.0045513544
0.0134765064
0.0223742375
0.0301949515
0.0362524723
0.0398054973
0.0414730319
0.0428664789
0.0455443325
0.0504266013
0.0574996851
0.0652276251
0.0709594026
0.0724853952
0.0697363177
0.0651333829
0.0622445586
0.0633684845
0.0675398461
0.0706497336
0.0685297883
0.0607352551
0.0512254450
0.0454084947
0.0459959572
0.0516914144
0.0591443752
0.0647191620
0.0656244171
0.0616419522
0.0553388597
0.0501287262
0.0481336188
0.0490160519
0.0501350429
0.0484701084
0.0444082659
0.0422528959
0.0453402890
0.0529373023
0.0615899484
0.0675110218
0.0688201855
0.0673037679
0.0669097848
0.0697384388
0.0741044401
0.0773976818
0.0789953682
0.0792841386
0.0782666388
0.0762478072
0.0744177615
0.0740083772
0.0752467219
0.0771965026
0.0782395461
0.0771169189
0.0746296517
0.0736309244
0.0760215386
0.0801304918
0.0824066688
0.0812564056
0.0779017454
0.0739269022
0.0701609142
0.0671308589
0.0648047483
0.0619205383
0.0573241666
0.0517548863
0.0470813506
0.0444465398
0.0429768526
0.0410956808
0.0389800960
0.0389556370
0.0428908057
0.0504619343
0.0603302140
0.0708560352
0.0798913311
0.0862380766
0.0908195178
0.0951078451
0.0993182096
0.1029064769
0.1052801564
0.1052639368
0.1016679822
0.0947668035
0.0864256615
0.0789284811
0.0738210866
0.0713875401
0.0698779744
0.0660366634
0.0583122482
0.0490480998
0.0423546248
0.0407191581
0.0440363609
0.0503363118
0.0568876299
0.0611415893
0.0619803613
0.0612373328
0.0626154212
0.0679394669
0.0749394627
0.0793919917
0.0799429760
0.0795364945
0.0817267219
0.0860436351
0.0885141727
0.0861489033
0.0790679617
0.0700316421
0.0627945562
0.0596472260
0.0593503420
0.0578548124
0.0520989573
0.0419856499
0.0295894565
0.0179804656
0.0095212708
0.0041903994
0.0007184172
-0.0012825175
-0.0015783686
-0.0000734158
0.0036778689
0.0096726118
0.0163872655
0.0227929815
0.0311085034
0.0452485174
0.0659695972
0.0895812583
0.1106803531
0.1252842146
0.1333705189
0.1386429260
0.1447363481
0.1516105385
0.1564804391
0.1574788076
0.1550291211
0.1498964723
0.1424578864
0.1339668229
0.1258017280
0.1178843619
0.1089964393
0.0982884798
0.0866356957
0.0766924179
0.0705566351
0.0681416990
0.0679728875
0.0685829527
0.0690540248
0.0692234084
0.0697971662
0.0714617956
0.0735055316
0.0740158105
0.0722347557
0.0694058069
0.0675664042
0.0680810797
0.0704377000
0.0724030389
0.0718630466
0.0692782601
0.0678182826
0.0699388460
0.0744023324
0.0770270839
0.0741340241
0.0661872153
0.0573863663
0.0516157837
0.0496961487
0.0495595158
0.0481854360
0.0439436698
0.0380152529
0.0334708475
0.0329763039
0.0374372319
0.0457839224
0.0547262786
0.0601664715
0.0608528973
0.0598803676
0.0624804047
0.0718875445
0.0865213977
0.1005352532
0.1083011387
0.1085763799
0.1042677263
0.0987045795
0.0926715306
0.0853589801
0.0767943291
0.0684235443
0.0611137305
0.0544845646
0.0483362551
0.0427562629
0.0375360864
0.0326076436
0.0285902678
0.0268793609
0.0285485924
0.0327010071
0.0366342637
0.0384804756
0.0399850751
0.0447144289
0.0541584175
0.0669726245
0.0803364709
0.0912857438
0.0982044167
0.1015876845
0.1031032894
0.1043025561
0.1067107937
0.1110085177
0.1156762144
0.1175717814
0.1145905825
0.1085515864
0.1046798400
0.1066079132
0.1122278502
0.1152340509
0.1107633425
0.0987099246
0.0821617199
0.0640675498
0.0449820910
0.0232365615
-0.0013522668
-0.0247688631
-0.0415837030
-0.0503318713
-0.0533363538
-0.0521831912
-0.0473994143
-0.0409910357
-0.0350352736
-0.0284178591
-0.0181909516
-0.0034750881
0.0145785446
0.0342975186
0.0533966998
0.0696587077
0.0835160915
0.0980877278
0.1151076424
0.1316909798
0.1429928209
0.1463232633
0.1418953706
0.1316348880
0.1181688364
0.1035899723
0.0884280448
0.0722446168
0.0548076378
0.0368137686
0.0193746082
0.0035776354
-0.0093857493
-0.0181847511
-0.0221116482
-0.0222184050
-0.0202808455
-0.0173288812
-0.0140646241
-0.0116636737
-0.0103927807
-0.0081405631
-0.0029784356
0.0046729047
0.0137705737
0.0242537921
0.0358095291
0.0471460619
0.0565810634
0.0630142611
0.0666799005
0.0691693738
0.0723233908
0.0764106873
0.0796482267
0.0794044364
0.0740101744
0.0642603608
0.0535121917
0.0461070670
0.0440880795
0.0446528619
0.0416615089
0.0307982578
0.0142420536
-0.0007623142
-0.0082333745
-0.0076499355
-0.0025631974
0.0026914014
0.0051772980
0.0048178753
0.0042789365
0.0066225533
0.0131289051
0.0228217624
0.0335413024
0.0430058471
0.0490562803
0.0502527361
0.0467150966
0.0410866737
0.0369255081
0.0349374671
0.0319009391
0.0241404466
0.0118092816
-0.0016310164
-0.0132012384
-0.0216621327
-0.0259123994
-0.0246578298
-0.0187910265
-0.0122158271
-0.0088357593
-0.0089426040
-0.0091921506
-0.0060172098
0.0015362164
0.0114641820
0.0208751395
0.0281512441
0.0331174592
0.0361964009
0.0380825031
0.0401964149
0.0436452318
0.0473630101
0.0485755972
0.0447482967
0.0356382385
0.0239095725
0.0135984953
0.0076479122
0.0058578209
0.0051745858
0.0022392488
-0.0044949822
-0.0146163063
-0.0257427863
-0.0347519955
-0.0399381400
-0.0416521601
-0.0412076916
-0.0403941829
-0.0411047692
-0.0435102949
-0.0450468673
-0.0425462300
-0.0356642474
-0.0264492196
-0.0168414580
-0.0080467205
-0.0009963324
0.0037711706
0.0067206018
0.0088506343
0.0107344067
0.0127012329
0.0152633478
0.0179959367
0.0191617241
0.0179583559
0.0154540921
0.0133704883
0.0120159654
0.0102834988
0.0070808317
0.0016131685
-0.0066595506
-0.0175843510
-0.0303205619
-0.0438449195
-0.0565940605
-0.0660601886
-0.0699784506
-0.0686494843
-0.0650464260
-0.0617482341
-0.0590403579
-0.0563845310
-0.0538181116
-0.0510032552
-0.0468639101
-0.0409277004
-0.0337103923
-0.0258850717
-0.0176609991
-0.0089302373
0.0002678480
0.0087928470
0.0139290537
0.0138544015
0.0104503233
0.0076194474
0.0066265540
0.0050389462
0.0007781405
-0.0050303732
-0.0100463794
-0.0140024894
-0.0188653527
-0.0261418436
-0.0345290784
-0.0410205767
-0.0440478085
-0.0439651462
-0.0422686847
-0.0415453250
-0.0439722450
-0.0491471988
-0.0546399144
-0.0585996881
-0.0610315583
-0.0629409386
-0.0651073862
-0.0680327201
-0.0716433343
-0.0743853790
-0.0737926803
-0.0691621832
-0.0630637321
-0.0593636224
-0.0598009979
-0.0624440503
-0.0635984951
-0.0607585496
-0.0539227349
-0.0456408885
-0.0400787580
-0.0393057081
-0.0407600474
-0.0404072127
-0.0373140125
-0.0338738744
-0.0327222151
-0.0349306052
-0.0400608063
-0.0469707677
-0.0547077744
-0.0625097442
-0.0694855835
-0.0745105370
-0.0767646911
-0.0764692339
-0.0748532171
-0.0732325526
-0.0721877133
-0.0723494990
-0.0745497734
-0.0781544818
-0.0802603051
-0.0785991530
-0.0741951859
-0.0698320634
-0.0667069662
-0.0639267905
-0.0604892172
-0.0560824911
-0.0507298394
-0.0456384741
-0.0434484277
-0.0455255252
-0.0498541994
-0.0529582757
-0.0530722506
-0.0503032795
-0.0457844384
-0.0412756019
-0.0381707696
-0.0366825098
-0.0359882872
-0.0352012649
-0.0338674980
-0.0320027171
-0.0303760953
-0.0301949895
-0.0319018327
-0.0346322210
-0.0373811505
-0.0404290243
-0.0446026396
-0.0498118954
-0.0549654805
-0.0591089238
-0.0626414543
-0.0669700369
-0.0726605515
-0.0787482807
-0.0840244041
-0.0883055960
-0.0916761329
-0.0936665934
-0.0939942061
-0.0928924198
-0.0901925571
-0.0852581432
-0.0789829159
-0.0743987739
-0.0735441601
-0.0749889353
-0.0751351622
-0.0711876786
-0.0630675101
-0.0535338121
-0.0466155332
-0.0450018795
-0.0483817348
-0.0535417799
-0.0563869836
-0.0547051751
-0.0498352467
-0.0452565494
-0.0439492193
-0.0465555214
-0.0514924598
-0.0568173565
-0.0609137891
-0.0629285562
-0.0636675450
-0.0655644720
-0.0710202889
-0.0794762545
-0.0872809066
-0.0907282828
-0.0888818449
-0.0838192750
-0.0787095887
-0.0755170909
-0.0743773504
-0.0744985405
-0.0752211835
-0.0756535680
-0.0743732497
-0.0699877791
-0.0621138880
-0.0524060412
-0.0437772314
-0.0383755025
-0.0366169218
-0.0375514477
-0.0396679237
-0.0418808010
-0.0440172430
-0.0467602719
-0.0509332888
-0.0561250385
-0.0602388194
-0.0615927519
-0.0614287630
-0.0627402404
-0.0670412262
-0.0731701160
-0.0788073630
-0.0824068916
-0.0833942187
-0.0820152624
-0.0797932355
-0.0787708148
-0.0799451519
-0.0823307951
-0.0836099295
-0.0815143696
-0.0756312892
-0.0683408616
-0.0634301689
-0.0631001660
-0.0660620502
-0.0684965491
-0.0667926564
-0.0595586451
-0.0481536535
-0.0359560273
-0.0268494193
-0.0233693237
-0.0247848364
-0.0271841750
-0.0267818726
-0.0231707090
-0.0191573795
-0.0179924207
-0.0202961599
-0.0228473979
-0.0214436416
-0.0152513453
-0.0075117253
-0.0022859502
-0.0010316151
-0.0025192703
-0.0049828987
-0.0075815611
-0.0101246695
-0.0123712430
-0.0140189036
-0.0147782926
-0.0150508984
-0.0166554180
-0.0214812452
-0.0294475185
-0.0386957507
-0.0473229047
-0.0548317478
-0.0619950161
-0.0695475368
-0.0772400910
-0.0842170834
-0.0897735030
-0.0939048172
-0.0972513537
-0.1002051721
-0.1022318150
-0.1026218000
-0.1017504485
-0.1001973561
-0.0971846248
-0.0913898627
-0.0827230078
-0.0725751063
-0.0628027431
-0.0545368066
-0.0480521388
-0.0429502068
-0.0381709999
-0.0329698760
-0.0282931843
-0.0261080515
-0.0267008230
-0.0277060013
-0.0264150967
-0.0227903337
-0.0191780230
-0.0180306401
-0.0201612774
-0.0242234163
-0.0278295102
-0.0293715786
-0.0291434966
-0.0289246483
-0.0305348360
-0.0341598479
-0.0381558799
-0.0406420953
-0.0412059049
-0.0406887985
-0.0395480466
-0.0377084638
-0.0356467078
-0.0345151342
-0.0348241217
-0.0357948584
-0.0361327510
-0.0347013735
-0.0307061453
-0.0247719118
-0.0190568590
-0.0153011045
-0.0132513197
-0.0115390336
-0.0090908697
-0.0058312517
-0.0032343331
-0.0038542994
-0.0085338774
-0.0147867690
-0.0191723813
-0.0201749047
-0.0179411890
-0.0131431321
-0.0065416459
0.0013429413
0.0099285124
0.0181269284
0.0243727035
0.0273491582
0.0270473557
0.0248059998
0.0222282703
0.0206536681
0.0207373790
0.0220320279
0.0229815898
0.0217801552
0.0180459531
0.0137272324
0.0110502900
0.0099179901
0.0080813310
0.0037321935
-0.0024895313
-0.0085390088
-0.0125808173
-0.0133008570
-0.0103401008
-0.0048486270
0.0008810204
0.0048413972
0.0063239193
0.0062682973
0.0063861988
0.0073702729
0.0083470509
0.0078688894
0.0054698270
0.0017117434
-0.0022180384
-0.0043976101
-0.0033413948
0.0002275249
0.0034084057
0.0037473797
0.0017867436
0.0003277393
0.0017054492
0.0057401434
0.0099692283
0.0121432677
0.0120837240
0.0111692664
0.0108410464
0.0116849200
0.0132910064
0.0146297289
0.0146174904
0.0132484066
0.0123048773
0.0137747854
0.0180565767
0.0238663291
0.0297951383
0.0354606399
0.0412657438
0.0471012009
0.0521040079
0.0560289207
0.0597246436
0.0641114632
0.0688854178
0.0727758871
0.0744644482
0.0732123773
0.0694790502
0.0651034557
0.0619516838
0.0599062685
0.0565816751
0.0496690881
0.0393157813
0.0281018787
0.0198069816
0.0173664219
0.0208446302
0.0275500913
0.0344519318
0.0397748801
0.0431368219
0.0455488774
0.0486171073
0.0530615141
0.0580845930
0.0621655336
0.0643599474
0.0640355693
0.0608263594
0.0549255623
0.0468176161
0.0374283179
0.0290074305
0.0238955176
0.0221789610
0.0217458468
0.0210321877
0.0205997646
0.0212641756
0.0225053165
0.0231688048
0.0226033463
0.0210082269
0.0189614605
0.0170582496
0.0160511917
0.0166807729
0.0194225283
0.0237873647
0.0283099256
0.0316148278
0.0336140831
0.0350556236
0.0365272817
0.0385151252
0.0419273218
0.0473963893
0.0539742694
0.0595434037
0.0626674256
0.0635842729
0.0637813905
0.0645751175
0.0660704969
0.0672085033
0.0664345491
0.0631339151
0.0584909695
0.0542732930
0.0512933722
0.0488704665
0.0458282110
0.0418308155
0.0375725467
0.0340664121
0.0317231160
0.0297096329
0.0267507086
0.0225936499
0.0186609338
0.0173240986
0.0203012745
0.0272226295
0.0355699934
0.0423468677
0.0464298794
0.0491733752
0.0524775073
0.0571394106
0.0629350190
0.0696949045
0.0771261292
0.0843231690
0.0900626751
0.0932077824
0.0931977598
0.0904975414
0.0867898449
0.0839878329
0.0827416508
0.0819791314
0.0801844885
0.0764766776
0.0706338395
0.0632540186
0.0555541855
0.0487457046
0.0435552061
0.0403053991
0.0387047173
0.0377303554
0.0365286844
0.0353057002
0.0346726945
0.0345284182
0.0350179049
0.0372769877
0.0415476255
0.0458376022
0.0477409531
0.0468461054
0.0445416276
0.0429428485
0.0438576610
0.0478551564
0.0537841705
0.0590417221
0.0612494168
0.0599643828
0.0565956868
0.0537026173
0.0537658124
0.0572252472
0.0621002089
0.0660207296
0.0679207536
0.0680734307
0.0673182140
0.0665139348
0.0658906259
0.0647905636
0.0629694944
0.0613582533
0.0611386564
0.0622720929
0.0635219388
0.0639910978
0.0643533811
0.0661829663
0.0703193049
0.0761788727
0.0813797893
0.0829038455
0.0797589280
0.0745160262
0.0711418768
0.0713497762
0.0737575695
0.0760256187
0.0766219250
0.0748241417
0.0709323256
0.0663464776
0.0623808021
0.0590372819
0.0557320393
0.0527147910
0.0507223532
0.0498494225
0.0495344908
0.0493628687
0.0494563568
0.0495231978
0.0486152945
0.0457064382
0.0406508883
0.0346279393
0.0298978857
0.0285927144
0.0308545598
0.0343978988
0.0368022604
0.0380362333
0.0395406569
0.0418160848
0.0437893267
0.0442373527
0.0433181646
0.0423956761
0.0434031505
0.0476804717
0.0551168340
0.0642590202
0.0730651856
0.0795134189
0.0823525789
0.0821884464
0.0810972755
0.0802947618
0.0789445628
0.0760508094
0.0717592063
0.0668551438
0.0623259082
0.0598655346
0.0609410677
0.0645681391
0.0670478673
0.0648795954
0.0573860263
0.0469069524
0.0372885035
0.0315607480
0.0303065438
0.0316346080
0.0328997928
0.0325564606
0.0306939817
0.0286928371
0.0286575507
0.0320130275
0.0382589164
0.0452238281
0.0502178581
0.0518285144
0.0506226811
0.0490558143
0.0505560152
0.0570928302
0.0671666980
0.0762247309
0.0794237875
0.0751713009
0.0660553869
0.0564270983
0.0494872231
0.0460740612
0.0452878587
0.0456976059
0.0458213384
0.0440988010
0.0400113098
0.0349945764
0.0312611816
0.0298957470
0.0306370867
0.0324773590
0.0340981663
0.0344947004
0.0340039064
0.0341085454
0.0364160064
0.0412479018
0.0475154266
0.0534557716
0.0568521417
0.0559154239
0.0507810439
0.0433814790
0.0361582496
0.0313459265
0.0304611388
0.0331643343
0.0371497949
0.0397654490
0.0398252685
0.0381251116
0.0363276177
0.0353554004
0.0348591057
0.0341647111
0.0330797876
0.0317612066
0.0303694593
0.0287741141
0.0265690733
0.0237232391
0.0209399717
0.0189131395
0.0177955860
0.0176524783
0.0188314685
0.0213820164
0.0248915081
0.0291538529
0.0338611974
0.0381173073
0.0409748447
0.0424456319
0.0436783290
0.0455840256
0.0481622420
0.0504650004
0.0510098984
0.0489355055
0.0445717379
0.0394672293
0.0358293824
0.0355576732
0.0388545744
0.0440000151
0.0484080827
0.0497744162
0.0473745582
0.0424936095
0.0374668923
0.0340115134
0.0320916721
0.0305198220
0.0281013426
0.0243740441
0.0204525718
0.0182572098
0.0183118156
0.0193611640
0.0194437324
0.0171089290
0.0120026848
0.0050942737
-0.0014885031
-0.0052078201
-0.0043612980
0.0007952160
0.0079072315
0.0143764270
0.0189686807
0.0215058871
0.0222052984
0.0217863143
0.0217118504
0.0237256226
0.0282018999
0.0329735724
0.0352207729
0.0341916543
0.0323279457
0.0330959097
0.0378117471
0.0441023584
0.0475984943
0.0454693717
0.0382267469
0.0288570747
0.0208541723
0.0159330671
0.0134840592
0.0113719466
0.0074976029
0.0014615770
-0.0048489678
-0.0087449018
-0.0089743325
-0.0063227040
-0.0023444060
0.0019726852
0.0066098186
0.0119064641
0.0180904545
0.0248869563
0.0311369906
0.0351816179
0.0364878147
0.0360340138
0.0356023900
0.0368823268
0.0398386851
0.0422523332
0.0417527824
0.0380735295
0.0327097733
0.0273202310
0.0227245690
0.0189375953
0.0153673942
0.0115728862
0.0117244130
0.0093090524
0.0080102249
0.0070620855
0.0062066360
0.0055170030
0.0049277960
0.0048174274
0.0058752015
0.0078827566
0.0097719940
0.0108380769
0.0110813549
0.0110278749
0.0114087796
0.0124654588
0.0133400554
0.0129118487
0.0112689619
0.0096605539
0.0089983788
0.0093347430
0.0106786009
0.0131551091
0.0163481175
0.0189586430
0.0197018882
0.0183636645
0.0156793161
0.0128487827
0.0114597522
0.0130703763
0.0174484783
0.0218347793
0.0231682764
0.0203928975
0.0147063561
0.0086582378
0.0044490672
0.0023126832
0.0007140161
-0.0021850694
-0.0072391009
-0.0140058028
-0.0211733761
-0.0272537565
-0.0312156797
-0.0329865652
-0.0333462432
-0.0328939611
-0.0314965608
-0.0285358388
-0.0238551231
-0.0185382576
-0.0141293823
-0.0112687242
-0.0092964306
-0.0068440650
-0.0032530417
0.0007906795
0.0042534345
0.0069601761
0.0092677327
0.0112267301
0.0132317228
0.0160642499
0.0197633923
0.0231770060
0.0244967904
0.0229271927
0.0194571670
0.0166137596
0.0168799358
0.0204059088
0.0245566637
0.0261178878
0.0239915135
0.0200261230
0.0169872503
0.0158497647
0.0153741121
0.0134986411
0.0092896192
0.0036414170
-0.0016690947
-0.0052327382
-0.0068250277
-0.0071714170
-0.0074560861
-0.0086608189
-0.0108581219
-0.0132150501
-0.0145860953
-0.0144970065
-0.0133136819
-0.0113676498
-0.0091487131
-0.0078053347
-0.0084363360
-0.0105333368
-0.0117731068
-0.0101561740
-0.0062069289
-0.0026955594
-0.0025636848
-0.0062843381
-0.0113274755
-0.0142544056
-0.0131243806
-0.0082706823
-0.0019663891
0.0025153808
0.0029680514
0.0000007204
-0.0036149320
-0.0055905376
-0.0058098887
-0.0055061099
-0.0061412606
-0.0084293717
-0.0119470697
-0.0154401791
-0.0175078063
-0.0175752314
-0.0160410820
-0.0139995154
-0.0123161347
-0.0111649292
-0.0105703570
-0.0106546816
-0.0114566037
-0.0126070667
-0.0131716033
-0.0122702794
-0.0096785890
-0.0057753691
-0.0014885986
0.0015302101
0.0014218341
-0.0022778159
-0.0078913120
-0.0127952296
-0.0153363012
-0.0157420695
-0.0151709378
-0.0145499508
-0.0144543061
-0.0151614457
-0.0166038775
-0.0183035613
-0.0191832865
-0.0178057195
-0.0140548817
-0.0099694313
-0.0082307970
-0.0099346120
-0.0140349796
-0.0183412719
-0.0209477340
-0.0210919188
-0.0195897641
-0.0185030486
-0.0195554556
-0.0228424049
-0.0271021097
-0.0310325163
-0.0336179655
-0.0337272880
-0.0314612528
-0.0287575592
-0.0276259561
-0.0282860238
-0.0290964482
-0.0280912603
-0.0243990200
-0.0189899772
-0.0142231655
-0.0120475621
-0.0125867385
-0.0142218449
-0.0153010368
-0.0154126021
-0.0151739056
-0.0152678229
-0.0158577440
-0.0166755817
-0.0175673814
-0.0188982541
-0.0209425672
-0.0234368430
-0.0254761518
-0.0262796190
-0.0262660706
-0.0267105457
-0.0284299748
-0.0311993615
-0.0342009046
-0.0366642669
-0.0384319306
-0.0399091145
-0.0416516786
-0.0439675710
-0.0467909380
-0.0497687491
-0.0523612510
-0.0541034542
-0.0548786620
-0.0548121070
-0.0540526465
-0.0527238323
-0.0511062499
-0.0494672199
-0.0478949945
-0.0463268610
-0.0443812259
-0.0417819249
-0.0387510728
-0.0357764819
-0.0330881454
-0.0305681045
-0.0283557051
-0.0270908507
-0.0270702636
-0.0277119170
-0.0279767495
-0.0271283863
-0.0250320332
-0.0220133090
-0.0189361563
-0.0168684591
-0.0162949155
-0.0170212597
-0.0188647349
-0.0218889062
-0.0261882628
-0.0317713846
-0.0382483464
-0.0446782502
-0.0498751094
-0.0530972626
-0.0544661688
-0.0550562269
-0.0561176361
-0.0582544008
-0.0610460093
-0.0633780429
-0.0645416927
-0.0648657305
-0.0651443567
-0.0657140261
-0.0659939535
-0.0648453090
-0.0617757168
-0.0575055535
-0.0535649429
-0.0511559348
-0.0501811546
-0.0496814160
-0.0489674436
-0.0479860873
-0.0468371033
-0.0454122673
-0.0435710578
-0.0413716667
-0.0390734159
-0.0370404378
-0.0354138962
-0.0338391648
-0.0320339405
-0.0305675142
-0.0303767629
-0.0318120659
-0.0343960920
-0.0372421673
-0.0394316393
-0.0404926467
-0.0405502411
-0.0399980479
-0.0391313838
-0.0382635627
-0.0379325886
-0.0386843032
-0.0405862185
-0.0431130292
-0.0453297102
-0.0462945864
-0.0457584120
-0.0446041613
-0.0440780347
-0.0447038447
-0.0459748591
-0.0467627011
-0.0461668572
-0.0445578993
-0.0436527164
-0.0450465971
-0.0486280345
-0.0528176276
-0.0559132058
-0.0571239610
-0.0567186590
-0.0555304800
-0.0544604865
-0.0541851483
-0.0548557257
-0.0560586079
-0.0571140328
-0.0576949547
-0.0580260643
-0.0585256476
-0.0593214880
-0.0599237624
-0.0594938187
-0.0575520849
-0.0542931658
-0.0503887667
-0.0467156352
-0.0440486968
-0.0428750937
-0.0431869034
-0.0443153861
-0.0452935368
-0.0455379629
-0.0452212202
-0.0450454753
-0.0454338571
-0.0461367321
-0.0468617410
-0.0477979055
-0.0491674885
-0.0508383274
-0.0524880400
-0.0539432932
-0.0552439285
-0.0564848222
-0.0576599620
-0.0584748910
-0.0585172133
-0.0577551231
-0.0566847580
-0.0558789881
-0.0557316436
-0.0562765424
-0.0570464156
-0.0574597949
-0.0573453672
-0.0571914517
-0.0575905769
-0.0585161658
-0.0594485147
-0.0598710702
-0.0595695363
-0.0586297794
-0.0573918457
-0.0562999167
-0.0555747341
-0.0551281199
-0.0547192781
-0.0542879725
-0.0540237240
-0.0541082799
-0.0545804451
-0.0553159159
-0.0560925334
-0.0566667626
-0.0569333505
-0.0570168936
-0.0571295251
-0.0574863282
-0.0582141967
-0.0592640896
-0.0604550113
-0.0614967633
-0.0620290268
-0.0618907137
-0.0613215810
-0.0607227168
-0.0602414742
-0.0597527767
-0.0592167404
-0.0588720526
-0.0589904141
-0.0596388219
-0.0606998439
-0.0618721887
-0.0628545143
-0.0634737041
-0.0637177635
-0.0637463292
-0.0638342448
-0.0641756073
-0.0647084894
-0.0651025272
-0.0650305318
-0.0644808982
-0.0637730110
-0.0632708428
-0.0630383671
-0.0628057782
-0.0622355196
-0.0612890615
-0.0602929584
-0.0596413831
-0.0594767513
-0.0596710090
-0.0599856007
-0.0602623996
-0.0604327117
-0.0605210854
-0.0606739287
-0.0610093389
-0.0614601301
-0.0619344530
-0.0624760738
-0.0632034604
-0.0641106597
-0.0650365917
-0.0658153376
-0.0663914087
-0.0668449109
-0.0673349564
-0.0678496546
-0.0681604535
-0.0681175700
-0.0678098116
-0.0674639893
-0.0672351169
-0.0671586353
-0.0671558658
-0.0670900379
-0.0668697795
-0.0665051047
-0.0660567576
-0.0655283537
-0.0648974883
-0.0642202610
-0.0636155427
-0.0631790539
-0.0629415088
-0.0628701215
-0.0629021414
-0.0630172778
-0.0632588415
-0.0636503934
-0.0641008188
-0.0644543823
-0.0646421219
-0.0647221371
-0.0648164986
-0.0650257901
-0.0653440531
-0.0656670506
-0.0658979030
-0.0660205505
-0.0660704756
-0.0660628264
-0.0659855994
-0.0658452550
-0.0656665307
-0.0654512329
-0.0651738038
-0.0648116348
-0.0643787603
-0.0639326245
-0.0635541704
-0.0632953805
-0.0631360735
-0.0630218877
-0.0629367563
-0.0628927523
-0.0628663681
-0.0628059454
-0.0626965979
-0.0625905277
-0.0625604519
-0.0626263793
-0.0627470965
-0.0628684270
-0.0629599818
-0.0630198060
-0.0630548179
-0.0630596601
-0.0630350987
-0.0630034998
-0.0629800692
-0.0629494184
-0.0628838484
-0.0627729964
-0.0626261213
-0.0624621333
-0.0623054536
-0.0621724591
-0.0620587002
-0.0619514621
-0.0618434831
-0.0617271382
-0.0615881591
-0.0614121101
-0.0611993386
-0.0609748436
-0.0607702008
-0.0605986231
-0.0604480906
-0.0602987087
-0.0601462958
-0.0599950326
-0.0598425185
-0.0596852444
-0.0595224983
-0.0593559165
-0.0591863624
-0.0590100449
-0.0588237312
-0.0586297831
-0.0584354597
-0.0582505789
-0.0580807701
-0.0579224720
-0.0577702286
-0.0576208379
-0.0574709097
-0.0573144181
-0.0571444611
-0.0569604608
-0.0567691835
-0.0565789135
-0.0563936908
-0.0562117218
-0.0560262073
-0.0558307129
-0.0556246826
-0.0554114942
-0.0551944002
-0.0549749984
-0.0547535308
-0.0545287702
-0.0542985477
-0.0540609545
-0.0538151043
-0.0535614421
-0.0533025832
-0.0530422760
-0.0527825083
-0.0525223215
-0.0522600909
-0.0519956344
-0.0517294950
-0.0514614246
-0.0511911878
-0.0509192428
-0.0506462162
-0.0503720424
-0.0500959649
-0.0498176054
-0.0495373624
-0.0492557170
-0.0489724767
-0.0486867639
-0.0483978086
-0.0481053108
-0.0478092794
-0.0475098453
-0.0472072603
-0.0469018471
-0.0465938333
-0.0462832540
-0.0459699394
-0.0456536907
-0.0453344458
-0.0450123433
-0.0446876168
-0.0443604401
-0.0440308644
-0.0436988329
-0.0433642913
-0.0430272510
-0.0426877398
-0.0423457616
-0.0420013014
-0.0416543406
-0.0413048622
-0.0409528594
-0.0405983442
-0.0402413367
-0.0398818481
-0.0395198836
-0.0391554483
-0.0387885526
-0.0384192120
-0.0380474453
-0.0376732706
-0.0372967026
-0.0369177544
-0.0365364390
-0.0361527700
-0.0357667611
-0.0353784261
-0.0349877787
-0.0345948329
-0.0341996027
