0.0009528847
0.0009645968
0.0009763219
0.0009882226
0.0010001557
0.0010117602
0.0010230564
0.0010348366
0.0010473453
0.0010596305
0.0010709443
0.0010820382
0.0010936520
0.0011055185
0.0011164491
0.0011274051
0.0011401500
0.0011532267
0.0011652259
0.0011772484
0.0011895269
0.0011992913
0.0012023391
0.0012075233
0.0012255505
0.0012466577
0.0012614698
0.0012688608
0.0012776074
0.0012981187
0.0013133028
0.0013147616
0.0013264561
0.0013494828
0.0013647559
0.0013683103
0.0013718890
0.0013859777
0.0014066340
0.0014163431
0.0014135565
0.0014229592
0.0014460214
0.0014601669
0.0014594846
0.0014630894
0.0014836152
0.0015035704
0.0015099644
0.0015076441
0.0015116833
0.0015378978
0.0015712154
0.0015700578
0.0015584658
0.0015693044
0.0016032273
0.0016264173
0.0016211345
0.0016224330
0.0016467965
0.0016689017
0.0016522627
0.0016277854
0.0016680402
0.0017166727
0.0017301941
0.0017290098
0.0017220922
0.0017297802
0.0017326325
0.0017209141
0.0017363453
0.0017656639
0.0017820737
0.0017359560
0.0016771400
0.0017368179
0.0018489261
0.0018773782
0.0018490676
0.0018286993
0.0018253362
0.0018561693
0.0018595488
0.0018643702
0.0019074622
0.0019093315
0.0018502707
0.0018248787
0.0019001469
0.0019910489
0.0020241061
0.0020153942
0.0020196197
0.0020673799
0.0020683731
0.0019572661
0.0019208889
0.0020069335
0.0020383604
0.0019850746
0.0019745320
0.0020461402
0.0021170984
0.0021290659
0.0020683616
0.0020316945
0.0020540575
0.0021087310
0.0021209104
0.0021114264
0.0021146383
0.0021105223
0.0021291617
0.0021880514
0.0022289017
0.0022360376
0.0022732442
0.0023108642
0.0022707169
0.0021912661
0.0021568682
0.0021595673
0.0022189225
0.0023004634
0.0023008868
0.0022367226
0.0022024215
0.0022600840
0.0023663758
0.0024044400
0.0023507352
0.0022588692
0.0022297076
0.0022530888
0.0023071430
0.0023590333
0.0023759020
0.0023755826
0.0024291644
0.0025207633
0.0024725069
0.0024039320
0.0024059271
0.0023852549
0.0023144417
0.0022582649
0.0023072654
0.0023661337
0.0023749428
0.0023849963
0.0024044056
0.0024252085
0.0023954643
0.0023863820
0.0024090255
0.0024037451
0.0023707700
0.0023345896
0.0023642444
0.0024017323
0.0023971305
0.0023813850
0.0023664587
0.0023630429
0.0024168356
0.0024504202
0.0024041252
0.0024056048
0.0024451128
0.0024256676
0.0023883052
0.0023712605
0.0023998752
0.0024345061
0.0024213789
0.0023933720
0.0023371051
0.0022508241
0.0022673396
0.0024299323
0.0024802951
0.0024359305
0.0024604113
0.0024785990
0.0024456910
0.0024485281
0.0025054420
0.0025185045
0.0024848363
0.0024346757
0.0024230765
0.0024390985
0.0024941812
0.0026201457
0.0027198627
0.0025624546
0.0022443453
0.0021536239
0.0023297547
0.0025442812
0.0025811644
0.0025036105
0.0024984223
0.0025218554
0.0024624592
0.0023570779
0.0023420509
0.0024314981
0.0024044011
0.0022646616
0.0022656311
0.0024364300
0.0024826031
0.0023662125
0.0022944443
0.0022700528
0.0023148236
0.0023468351
0.0023228161
0.0023020961
0.0022682311
0.0022117263
0.0021247533
0.0021524336
0.0023404870
0.0024251055
0.0023060652
0.0021633855
0.0021771052
0.0023636956
0.0024288234
0.0023966328
0.0023790877
0.0024131580
0.0024311430
0.0023408345
0.0022608316
0.0023537389
0.0024549990
0.0023911333
0.0023508250
0.0023408670
0.0023378918
0.0022979304
0.0022613637
0.0022151009
0.0021452830
0.0021529802
0.0021855279
0.0021058326
0.0019970286
0.0020310476
0.0021049577
0.0020515587
0.0020855527
0.0022038863
0.0021501828
0.0020307576
0.0021187906
0.0023004253
0.0021986130
0.0019797230
0.0019564674
0.0019349133
0.0017832678
0.0017104814
0.0019026688
0.0020310022
0.0019676806
0.0019486296
0.0020085702
0.0020406321
0.0020293003
0.0020598495
0.0020319987
0.0018881773
0.0017950963
0.0018195542
0.0018826511
0.0019562561
0.0020080311
0.0020180198
0.0019803301
0.0019254590
0.0018545481
0.0017726769
0.0017736766
0.0018344599
0.0018785122
0.0018106889
0.0015217549
0.0013105412
0.0015285337
0.0017397896
0.0017330458
0.0017145968
0.0017626787
0.0017502802
0.0016243545
0.0014954568
0.0014316367
0.0014098225
0.0014831753
0.0015882838
0.0016609827
0.0016472835
0.0015218478
0.0014629866
0.0014755091
0.0014606912
0.0014552120
0.0014629787
0.0014360816
0.0013715921
0.0013318040
0.0012819446
0.0013027739
0.0013769198
0.0013292741
0.0012233944
0.0011699078
0.0011897001
0.0012315317
0.0013114416
0.0014297463
0.0014531238
0.0012243874
0.0009235849
0.0008975287
0.0010628494
0.0011012056
0.0009839695
0.0009185902
0.0009587556
0.0010018804
0.0009787542
0.0010454059
0.0011832081
0.0011486215
0.0010211765
0.0008607569
0.0007638434
0.0007973940
0.0008272592
0.0008147095
0.0008193165
0.0008208743
0.0008232508
0.0008379087
0.0009360159
0.0010071910
0.0008764966
0.0006803921
0.0005924491
0.0006286692
0.0007210512
0.0006596306
0.0004528621
0.0004228046
0.0004903636
0.0004774741
0.0004377535
0.0005303688
0.0006610503
0.0006691275
0.0005667305
0.0004983003
0.0003698640
0.0002354185
0.0002687830
0.0003349953
0.0002435614
0.0001281796
0.0002555343
0.0003697783
0.0002552051
0.0000678670
0.0000472790
0.0001744140
0.0002641243
0.0002689275
0.0001899274
0.0000998347
0.0001056072
0.0001518074
0.0000744829
-0.0000525324
-0.0000362667
0.0000735400
0.0000725598
-0.0000165841
-0.0000581042
-0.0001257286
-0.0001850477
-0.0002149973
-0.0002462691
-0.0002157347
-0.0001078788
-0.0000217994
-0.0001662614
-0.0003544646
-0.0003098646
-0.0001055338
-0.0000339700
-0.0002363996
-0.0004730109
-0.0004900070
-0.0003687772
-0.0002576047
-0.0003121042
-0.0004675179
-0.0005737678
-0.0006005939
-0.0005320151
-0.0004422621
-0.0004172639
-0.0004588031
-0.0005451031
-0.0006112128
-0.0006142785
-0.0006007436
-0.0006354367
-0.0007756944
-0.0007821171
-0.0006427207
-0.0006242203
-0.0007438334
-0.0008766143
-0.0008903727
-0.0008075246
-0.0008082187
-0.0009239786
-0.0009327424
-0.0007575729
-0.0006525347
-0.0008244476
-0.0010970136
-0.0011644772
-0.0011506455
-0.0013157671
-0.0014088240
-0.0011071455
-0.0009065129
-0.0010413050
-0.0012405904
-0.0013502967
-0.0013202936
-0.0012224089
-0.0011902262
-0.0012287593
-0.0012307746
-0.0012206609
-0.0013351833
-0.0014264362
-0.0013748201
-0.0013711991
-0.0014974218
-0.0016327654
-0.0016129778
-0.0014558408
-0.0013819355
-0.0014064552
-0.0015079959
-0.0015791269
-0.0015927861
-0.0015816027
-0.0016223706
-0.0017456370
-0.0017616447
-0.0017105142
-0.0016925710
-0.0017383984
-0.0017542771
-0.0016559972
-0.0016513211
-0.0017433354
-0.0017377932
-0.0017370369
-0.0017912722
-0.0018762094
-0.0019512745
-0.0018637239
-0.0017327649
-0.0018570081
-0.0021715287
-0.0022682342
-0.0021021032
-0.0020504624
-0.0020933209
-0.0020295388
-0.0018835626
-0.0019102872
-0.0020806894
-0.0020246865
-0.0018726957
-0.0019300955
-0.0021408003
-0.0021501468
-0.0019189655
-0.0018160751
-0.0019482684
-0.0021299523
-0.0021720993
-0.0021208547
-0.0021500130
-0.0022294935
-0.0022695319
-0.0022887516
-0.0023550235
-0.0024044077
-0.0023878694
-0.0023476944
-0.0023054290
-0.0023145189
-0.0023866982
-0.0024170626
-0.0024196876
-0.0024708114
-0.0026432059
-0.0028847837
-0.0030246063
-0.0031142224
-0.0032018554
-0.0031568076
-0.0029730370
-0.0028602756
-0.0028733782
-0.0028197557
-0.0026213975
-0.0024718837
-0.0025542776
-0.0026967288
-0.0026806119
-0.0025749310
-0.0024878282
-0.0023562462
-0.0020659564
-0.0018890385
-0.0022349984
-0.0029907806
-0.0035250178
-0.0037068429
-0.0037552650
-0.0037495767
-0.0035085942
-0.0029170805
-0.0025002366
-0.0026433829
-0.0031401159
-0.0035500249
-0.0038390291
-0.0040505451
-0.0041247561
-0.0040997562
-0.0040633517
-0.0040402881
-0.0038721894
-0.0035401919
-0.0033120825
-0.0033395509
-0.0035792545
-0.0041146055
-0.0048094470
-0.0052019893
-0.0049930950
-0.0041722398
-0.0033585497
-0.0030534037
-0.0032042189
-0.0034209936
-0.0033848574
-0.0032005070
-0.0031649078
-0.0032918917
-0.0037143551
-0.0046874646
-0.0060256627
-0.0070482920
-0.0072912758
-0.0069879417
-0.0068369134
-0.0072800193
-0.0082045879
-0.0092129026
-0.0099423767
-0.0100406904
-0.0093499379
-0.0081572715
-0.0068761242
-0.0059002441
-0.0055118271
-0.0056475696
-0.0059657207
-0.0061894823
-0.0064106693
-0.0069490563
-0.0078366242
-0.0085878705
-0.0085249684
-0.0074529169
-0.0058061176
-0.0041980841
-0.0031144934
-0.0028582992
-0.0035217984
-0.0046812751
-0.0056352892
-0.0061190444
-0.0060646807
-0.0054793787
-0.0044722509
-0.0032011719
-0.0018957594
-0.0007923934
0.0000771367
0.0010085660
0.0021498657
0.0030817969
0.0032556283
0.0028669255
0.0026376719
0.0026754739
0.0023701688
0.0014392389
0.0000877333
-0.0014149700
-0.0024371899
-0.0023515702
-0.0009420544
0.0016060440
0.0042481782
0.0058855644
0.0062188616
0.0056556534
0.0049460693
0.0043528780
0.0040435114
0.0039077962
0.0034615892
0.0024931042
0.0010920535
-0.0003228604
-0.0013165545
-0.0016634637
-0.0015790169
-0.0014257723
-0.0010899792
-0.0003106831
0.0006652912
0.0011003133
0.0003101691
-0.0017413866
-0.0044577151
-0.0069862070
-0.0083605314
-0.0079353851
-0.0058602220
-0.0029502865
0.0000094558
0.0024339872
0.0038901091
0.0039907455
0.0025161485
-0.0002264923
-0.0033146307
-0.0055483491
-0.0060898904
-0.0048783444
-0.0026017787
-0.0005625800
0.0000299229
-0.0012759703
-0.0042648636
-0.0081339877
-0.0118672771
-0.0144965829
-0.0155170047
-0.0150683100
-0.0136717780
-0.0122437895
-0.0116712185
-0.0126518971
-0.0149319837
-0.0170197763
-0.0172223289
-0.0152101896
-0.0117023235
-0.0078676411
-0.0047358591
-0.0026993728
-0.0018672203
-0.0021541611
-0.0035344224
-0.0060407300
-0.0095996576
-0.0138744546
-0.0180778302
-0.0211261301
-0.0219085874
-0.0200543304
-0.0161436749
-0.0113706022
-0.0073694976
-0.0053342362
-0.0054182815
-0.0068727841
-0.0085164695
-0.0094503711
-0.0093475663
-0.0083013052
-0.0063822463
-0.0041022308
-0.0022546623
-0.0008441180
0.0005260853
0.0018530208
0.0030072304
0.0035847281
0.0032642938
0.0024408066
0.0020458322
0.0028168219
0.0046770277
0.0066895949
0.0079025955
0.0075231052
0.0051354059
0.0016206644
-0.0011182413
-0.0013798674
0.0019001948
0.0087276485
0.0177448712
0.0267715899
0.0337127622
0.0369874517
0.0361115241
0.0319211303
0.0262448973
0.0213824646
0.0188024649
0.0185732595
0.0200691438
0.0223088327
0.0240422534
0.0236558727
0.0202750618
0.0146717521
0.0085932246
0.0034835477
-0.0001872897
-0.0028215621
-0.0050902997
-0.0071270637
-0.0088509619
-0.0106038475
-0.0127636005
-0.0149455109
-0.0162840125
-0.0161205710
-0.0141036543
-0.0101705059
-0.0046113403
0.0016761464
0.0073059108
0.0109871403
0.0122553522
0.0114464661
0.0091826310
0.0062616799
0.0036970147
0.0024610394
0.0025140899
0.0026887990
0.0020709796
0.0009993552
0.0006483865
0.0019252010
0.0049160112
0.0092158511
0.0137428727
0.0164576790
0.0152335706
0.0096263223
0.0014918436
-0.0065072795
-0.0128196752
-0.0174043874
-0.0204497817
-0.0218296812
-0.0217065588
-0.0205559369
-0.0188221093
-0.0169948415
-0.0156351701
-0.0156399024
-0.0178092933
-0.0218013323
-0.0263100138
-0.0296870356
-0.0306409486
-0.0287039733
-0.0243238120
-0.0184343216
-0.0124996830
-0.0080046790
-0.0051770052
-0.0026635372
0.0010029094
0.0058253166
0.0104344108
0.0132395862
0.0130961622
0.0096068264
0.0035915166
-0.0031049933
-0.0085265827
-0.0116203465
-0.0123339754
-0.0113386082
-0.0099572892
-0.0093840269
-0.0101235055
-0.0122583069
-0.0157766542
-0.0206593320
-0.0265630280
-0.0326929085
-0.0379479158
-0.0412403203
-0.0418623128
-0.0398792835
-0.0362362875
-0.0322241410
-0.0284323199
-0.0246221632
-0.0207583927
-0.0170714447
-0.0136958502
-0.0110671010
-0.0097088122
-0.0095783188
-0.0100852384
-0.0104488014
-0.0099381056
-0.0086896807
-0.0078450148
-0.0079435368
-0.0082804476
-0.0076850027
-0.0059305340
-0.0044562574
-0.0053074476
-0.0094209657
-0.0161566428
-0.0236224060
-0.0292688228
-0.0308085026
-0.0275672292
-0.0215208252
-0.0159314710
-0.0132711699
-0.0141978096
-0.0174584865
-0.0210489176
-0.0235673942
-0.0241203828
-0.0220750760
-0.0171605037
-0.0102389975
-0.0030748521
0.0022506829
0.0039232364
0.0019370071
-0.0020952981
-0.0056443259
-0.0064085945
-0.0033106448
0.0033886693
0.0121417853
0.0205392428
0.0260965650
0.0275666925
0.0254736922
0.0214758222
0.0172866707
0.0140462667
0.0122116923
0.0115323054
0.0116544159
0.0122027551
0.0129629941
0.0138868684
0.0143514063
0.0134896809
0.0112669701
0.0084183328
0.0056221640
0.0027854148
-0.0008682259
-0.0054730997
-0.0099843131
-0.0127717098
-0.0124543944
-0.0082596153
-0.0004051144
0.0096284937
0.0190855843
0.0254546900
0.0283103009
0.0292845246
0.0301110975
0.0311725851
0.0317473472
0.0306221149
0.0267185526
0.0199096440
0.0113849057
0.0037662000
0.0001496775
0.0021097720
0.0083733722
0.0154947877
0.0198107502
0.0189970499
0.0135859769
0.0062895431
-0.0002494952
-0.0046878566
-0.0069448332
-0.0077419120
-0.0080470871
-0.0081199668
-0.0071852798
-0.0043430245
0.0003390398
0.0056290460
0.0099734078
0.0125715113
0.0134157320
0.0131473067
0.0129560686
0.0134881188
0.0144604662
0.0146169956
0.0129763663
0.0105955890
0.0101616896
0.0134940825
0.0197954300
0.0258988010
0.0286625729
0.0273256610
0.0238856302
0.0209266247
0.0197291895
0.0199639756
0.0198489176
0.0176903123
0.0134577143
0.0085073538
0.0043829104
0.0019983710
0.0009357077
-0.0002227305
-0.0023143313
-0.0052775945
-0.0085509004
-0.0112991333
-0.0125980269
-0.0118546091
-0.0095235411
-0.0073034019
-0.0068117172
-0.0079866392
-0.0095275140
-0.0099421397
-0.0083455768
-0.0051765176
-0.0017870485
0.0010259652
0.0035868701
0.0069986485
0.0127125951
0.0213404126
0.0317205767
0.0411384181
0.0461440106
0.0444143432
0.0362618118
0.0242456467
0.0114922260
-0.0000391918
-0.0101405563
-0.0193144787
-0.0271798661
-0.0320884989
-0.0322975853
-0.0272846809
-0.0183583767
-0.0085970619
-0.0013431644
0.0015641092
0.0005627938
-0.0021068750
-0.0041708862
-0.0050838894
-0.0055519413
-0.0062559999
-0.0069430984
-0.0059857031
-0.0012059619
0.0080154382
0.0196960682
0.0301388602
0.0357149668
0.0344111461
0.0266972567
0.0154096890
0.0045575427
-0.0022437984
-0.0032298302
0.0005773416
0.0063134038
0.0111913066
0.0137345670
0.0136601050
0.0112098095
0.0067625496
0.0009557219
-0.0052096105
-0.0103890909
-0.0133450784
-0.0135671676
-0.0113065258
-0.0080383267
-0.0064648926
-0.0092006640
-0.0169564198
-0.0278647884
-0.0386455033
-0.0464864536
-0.0503028854
-0.0503323856
-0.0474476952
-0.0426461978
-0.0366977738
-0.0303075397
-0.0242835105
-0.0199359225
-0.0188173524
-0.0215640205
-0.0271845424
-0.0334148240
-0.0369970747
-0.0354306377
-0.0286630306
-0.0192031131
-0.0105818136
-0.0055773912
-0.0056992028
-0.0108885755
-0.0188561338
-0.0261770994
-0.0304995623
-0.0318827280
-0.0323671072
-0.0340977189
-0.0375748236
-0.0420070243
-0.0466386550
-0.0515510294
-0.0573745805
-0.0640413378
-0.0702513031
-0.0740165129
-0.0732101847
-0.0667256806
-0.0556896996
-0.0434880931
-0.0342363655
-0.0308353886
-0.0335532999
-0.0405405515
-0.0488710258
-0.0558140451
-0.0599603593
-0.0613742619
-0.0607072775
-0.0585480495
-0.0557048425
-0.0531733133
-0.0516226450
-0.0512235695
-0.0520028944
-0.0540566944
-0.0573543507
-0.0613274038
-0.0649769271
-0.0672432501
-0.0674762082
-0.0657918099
-0.0631352333
-0.0607792558
-0.0597827941
-0.0602606332
-0.0610839332
-0.0605978843
-0.0576836722
-0.0523295587
-0.0453984362
-0.0381850589
-0.0320223385
-0.0279630977
-0.0263987855
-0.0267167465
-0.0278330425
-0.0283226331
-0.0266597280
-0.0220313160
-0.0148482266
-0.0066461943
0.0006840681
0.0052100923
0.0053077456
0.0007516212
-0.0067378551
-0.0139758420
-0.0174306793
-0.0148725679
-0.0066847180
0.0046494415
0.0164675339
0.0272281716
0.0367550266
0.0449237998
0.0507673567
0.0531442675
0.0519365768
0.0485314277
0.0454679322
0.0456604455
0.0513157092
0.0627217704
0.0771612030
0.0901263933
0.0972478563
0.0960830453
0.0867344784
0.0714195221
0.0539105271
0.0389221933
0.0309773937
0.0327545924
0.0441800982
0.0624991334
0.0829107688
0.1001564597
0.1101138044
0.1113193419
0.1048567433
0.0934837819
0.0808478776
0.0699842789
0.0625006884
0.0583772125
0.0565031441
0.0554396025
0.0544373750
0.0539766250
0.0545991710
0.0559063181
0.0565918051
0.0549502142
0.0498019598
0.0412615961
0.0307249989
0.0209642523
0.0152495306
0.0155330242
0.0215834456
0.0315528675
0.0431283761
0.0542225442
0.0631372972
0.0696296462
0.0750279597
0.0809893506
0.0887158312
0.0983458511
0.1088614053
0.1192286227
0.1293000709
0.1391983578
0.1486215659
0.1568394827
0.1630906932
0.1672259661
0.1698063452
0.1715421975
0.1726742388
0.1728830127
0.1715451384
0.1681969313
0.1627151411
0.1554234550
0.1469180976
0.1377404992
0.1284180060
0.1190243595
0.1086841269
0.0964056251
0.0822357881
0.0679300342
0.0563428716
0.0499672071
0.0497516230
0.0543282574
0.0606993880
0.0659938219
0.0688966229
0.0703624345
0.0729422134
0.0790455269
0.0896752777
0.1035947280
0.1177532549
0.1287732112
0.1342426595
0.1336671700
0.1287476022
0.1225264917
0.1176462852
0.1155422939
0.1163953882
0.1193269710
0.1226811666
0.1241631496
0.1219871041
0.1156984555
0.1056098992
0.0923562204
0.0772385158
0.0619110399
0.0483316233
0.0383976752
0.0334963943
0.0339626631
0.0383172623
0.0431647291
0.0444745303
0.0395549889
0.0286035612
0.0142937838
0.0001069754
-0.0112276542
-0.0181410219
-0.0198103707
-0.0163840361
-0.0095363099
-0.0023427100
0.0017336335
0.0002734860
-0.0075900552
-0.0216356468
-0.0405870711
-0.0624417922
-0.0842537394
-0.1018561460
-0.1105941234
-0.1069371540
-0.0904187706
-0.0644962910
-0.0354292960
-0.0105288017
0.0040806176
0.0054588593
-0.0052016906
-0.0227399431
-0.0405215379
-0.0540037095
-0.0621709756
-0.0670548433
-0.0724195029
-0.0808684860
-0.0920937472
-0.1026492286
-0.1078537848
-0.1040944521
-0.0898922151
-0.0668546574
-0.0396009169
-0.0140422196
0.0049857315
0.0149727494
0.0155996067
0.0078970926
-0.0063104985
-0.0243534798
-0.0432226786
-0.0606147605
-0.0753791038
-0.0874728232
-0.0978754410
-0.1079441328
-0.1183649500
-0.1287488412
-0.1369702462
-0.1400361317
-0.1366025938
-0.1283189525
-0.1186723725
-0.1104889088
-0.1045497930
-0.0996086099
-0.0930361944
-0.0829059642
-0.0703150233
-0.0597456623
-0.0571289885
-0.0658205479
-0.0830606744
-0.1021108679
-0.1201594015
-0.1413855072
-0.1680699056
-0.1982034278
-0.2318341575
-0.2612557870
-0.2846663014
-0.3110957987
-0.3299598751
-0.3497662565
-0.3690637676
-0.3786427345
-0.3885169842
-0.3867785959
-0.3890146399
-0.3769237684
-0.3356143233
-0.3198848783
-0.3125542763
-0.3196672297
-0.3278474505
-0.3452025683
-0.3128458251
-0.2175544341
-0.1513195300
-0.1012684321
-0.0541971784
-0.0315590964
-0.0247990183
-0.0253286727
-0.0254688822
-0.0159309597
0.0051834505
0.0335816927
0.0637640957
0.0929483176
0.1212657685
0.1495598264
0.1777405519
0.2040408687
0.2254765657
0.2395074652
0.2448152736
0.2416537320
0.2313925294
0.2158362732
0.1968476707
0.1765459237
0.1575070813
0.1425108609
0.1337320021
0.1321457959
0.1368986239
0.1457659362
0.1564226077
0.1666250555
0.1738634899
0.1767301324
0.1752813700
0.1702332038
0.1629792565
0.1553022804
0.1488754095
0.1447123076
0.1432432096
0.1441403004
0.1462341871
0.1480070772
0.1480757023
0.1455065816
0.1409888057
0.1369476391
0.1358930963
0.1390995522
0.1461595121
0.1551918513
0.1638463147
0.1707060278
0.1757929517
0.1800182779
0.1844000220
0.1895110458
0.1947136465
0.1979770409
0.1968039513
0.1892264321
0.1750241067
0.1564876986
0.1373859279
0.1217273226
0.1126034290
0.1103744741
0.1127274514
0.1160856695
0.1167146464
0.1112519043
0.0969228860
0.0719302147
0.0362157856
-0.0078528326
-0.0557826611
-0.1020035126
-0.1412041626
-0.1696328882
-0.1857792641
-0.1904479141
-0.1862719713
-0.1773276584
-0.1686139198
-0.1647142170
-0.1678001641
-0.1771172546
-0.1900760433
-0.2033475891
-0.2138011365
-0.2195192147
-0.2205257128
-0.2181871841
-0.2141644449
-0.2096203247
-0.2049617188
-0.2002332275
-0.1956241306
-0.1916926467
-0.1893251070
-0.1891924053
-0.1916030854
-0.1963527036
-0.2029264470
-0.2107067448
-0.2188482719
-0.2265282722
-0.2327620436
-0.2349338918
-0.2286858598
-0.2101454904
-0.1784864189
-0.1368102763
-0.0914885369
-0.0499627810
-0.0180323248
0.0016361364
0.0095645678
0.0089003764
0.0045587860
0.0014402788
0.0028536502
0.0099489012
0.0223165570
0.0383285474
0.0554978274
0.0709838396
0.0820827762
0.0866002530
0.0832273348
0.0713173722
0.0515843698
0.0262781517
-0.0016664231
-0.0291251822
-0.0529241911
-0.0707495972
-0.0814469539
-0.0851451087
-0.0833582003
-0.0787733622
-0.0741308066
-0.0706485055
-0.0675793326
-0.0627207414
-0.0534850650
-0.0382554052
-0.0169518264
0.0091515067
0.0380681586
0.0677147552
0.0961737069
0.1223348507
0.1462092395
0.1682382056
0.1883629922
0.2056418484
0.2188669870
0.2268952614
0.2288495519
0.2242306596
0.2130486438
0.1964608923
0.1772135270
0.1584033309
0.1424921253
0.1306099365
0.1225226496
0.1168553789
0.1113848598
0.1035709231
0.0918614776
0.0758123560
0.0562209896
0.0350473300
0.0143887646
-0.0041162337
-0.0193247614
-0.0302804356
-0.0359146174
-0.0352176529
-0.0279529014
-0.0152800721
0.0006137163
0.0168609845
0.0303820898
0.0391658517
0.0434890093
0.0455874148
0.0486403180
0.0556591425
0.0682759349
0.0860156602
0.1066204932
0.1268167735
0.1427917802
0.1509779468
0.1496340941
0.1392229440
0.1213567736
0.0987750657
0.0746063275
0.0516106667
0.0320096817
0.0173580882
0.0083176529
0.0045910249
0.0048674504
0.0065014939
0.0056622393
-0.0015501059
-0.0180435417
-0.0446018069
-0.0794703177
-0.1189816244
-0.1581585082
-0.1920595895
-0.2171509946
-0.2321333786
-0.2379756904
-0.2367494752
-0.2306398806
-0.2214480434
-0.2102379911
-0.1975992501
-0.1838831985
-0.1689072684
-0.1520710135
-0.1325837817
-0.1096303654
-0.0826604573
-0.0512001233
-0.0155043598
0.0226856215
0.0604034131
0.0938765553
0.1190382009
0.1325276490
0.1331401232
0.1225849080
0.1047677219
0.0841636128
0.0639094402
0.0453763503
0.0290798366
0.0148677738
0.0018840299
-0.0108717642
-0.0242607368
-0.0390983873
-0.0560316402
-0.0754949263
-0.0970698924
-0.1190920658
-0.1390763820
-0.1543944065
-0.1621288216
-0.1595494258
-0.1454163821
-0.1205864142
-0.0881356554
-0.0527465452
-0.0199035485
0.0057105293
0.0216933474
0.0285894223
0.0292801920
0.0276415620
0.0274249896
0.0315465653
0.0411944783
0.0553297650
0.0710566021
0.0847038870
0.0929902322
0.0938707547
0.0868632071
0.0727846791
0.0532497773
0.0304297081
0.0070919758
-0.0139802741
-0.0301964362
-0.0394505096
-0.0411233841
-0.0372100601
-0.0316807197
-0.0290592022
-0.0328026947
-0.0439222793
-0.0606314021
-0.0790460310
-0.0944355090
-0.1034498392
-0.1057454991
-0.1030029140
-0.0976334199
-0.0922905981
-0.0884640385
-0.0858705587
-0.0828229196
-0.0777675675
-0.0703086506
-0.0614298602
-0.0531281164
-0.0470363883
-0.0434033786
-0.0412065883
-0.0385873256
-0.0333139224
-0.0236235404
-0.0090810897
0.0094311841
0.0300535123
0.0502434393
0.0670260482
0.0775808741
0.0801609104
0.0744582187
0.0615070715
0.0434434770
0.0229553474
0.0030886950
-0.0132880129
-0.0247546691
-0.0314151235
-0.0345429710
-0.0363515616
-0.0393695572
-0.0455807534
-0.0558526314
-0.0692739974
-0.0831499293
-0.0944917136
-0.1014624023
-0.1036335083
-0.1017264947
-0.0971961376
-0.0918460933
-0.0869805997
-0.0828047106
-0.0792594156
-0.0763471061
-0.0742639903
-0.0732913081
-0.0736385896
-0.0755407537
-0.0785388188
-0.0811534276
-0.0812937535
-0.0773090877
-0.0688722111
-0.0572393419
-0.0447097402
-0.0342995233
-0.0288556538
-0.0295557851
-0.0356149024
-0.0448866399
-0.0545631859
-0.0620906929
-0.0658414428
-0.0652293731
-0.0606302832
-0.0529100932
-0.0423335282
-0.0288667249
-0.0130370329
0.0039780544
0.0205207580
0.0348492226
0.0455474460
0.0521241321
0.0553624790
0.0571735853
0.0597715732
0.0645844872
0.0719367541
0.0808791254
0.0896104215
0.0964884203
0.1003215603
0.1009494585
0.0993574709
0.0971700210
0.0959493083
0.0970843546
0.1012913824
0.1081526335
0.1163902204
0.1244991345
0.1312867272
0.1365176771
0.1405382776
0.1437610096
0.1464800158
0.1486642162
0.1501815550
0.1516003570
0.1542799740
0.1597019693
0.1686246413
0.1808903071
0.1954381281
0.2104429885
0.2235052876
0.2324718652
0.2361267233
0.2346390624
0.2293851574
0.2223084362
0.2154232184
0.2104567406
0.2085621747
0.2102156626
0.2152934176
0.2231083352
0.2326053044
0.2422088185
0.2503072005
0.2554554656
0.2566533491
0.2534476370
0.2451587664
0.2309704451
0.2109230056
0.1867620112
0.1617351149
0.1398108316
0.1249651323
0.1193104329
0.1216460624
0.1285550098
0.1361196712
0.1409625533
0.1405184654
0.1339361739
0.1224442288
0.1085595874
0.0955904712
0.0862404592
0.0816353405
0.0815985613
0.0845149160
0.0880078864
0.0897801699
0.0882580376
0.0829707345
0.0743810868
0.0637035163
0.0525515350
0.0421438030
0.0331371963
0.0257166829
0.0196029053
0.0142644208
0.0092284680
0.0041214335
-0.0011041509
-0.0063598705
-0.0111198321
-0.0145159342
-0.0161041355
-0.0156741070
-0.0133556925
-0.0101503533
-0.0075963901
-0.0072032915
-0.0096918323
-0.0147794934
-0.0215477845
-0.0291897584
-0.0372321893
-0.0451128846
-0.0525058863
-0.0591356041
-0.0641689811
-0.0664980722
-0.0657590653
-0.0628036315
-0.0591404687
-0.0566784052
-0.0569832655
-0.0607369162
-0.0674768434
-0.0755599220
-0.0828602772
-0.0877761894
-0.0897603089
-0.0894582625
-0.0885691701
-0.0894449831
-0.0939839860
-0.1024686650
-0.1138168937
-0.1261911158
-0.1367183601
-0.1426868409
-0.1427111023
-0.1372026045
-0.1281809974
-0.1179589865
-0.1084377060
-0.1008543279
-0.0954524477
-0.0917827956
-0.0889284695
-0.0859196453
-0.0821292981
-0.0773448084
-0.0718290278
-0.0659399828
-0.0601066502
-0.0552623851
-0.0525372753
-0.0524095039
-0.0550801533
-0.0604175029
-0.0675039975
-0.0751856478
-0.0823929283
-0.0882393708
-0.0923332564
-0.0944504615
-0.0945430027
-0.0926391638
-0.0895127411
-0.0864221100
-0.0845785299
-0.0846843759
-0.0867096205
-0.0901632383
-0.0943659782
-0.0982986287
-0.1006525179
-0.1003613882
-0.0966728839
-0.0896101764
-0.0800618616
-0.0689313372
-0.0570914810
-0.0457797104
-0.0366609002
-0.0315253277
-0.0316460538
-0.0370709495
-0.0463834489
-0.0572313340
-0.0672472861
-0.0743576730
-0.0771253314
-0.0755634707
-0.0711285349
-0.0655825133
-0.0606427729
-0.0576181172
-0.0568328490
-0.0573786665
-0.0579673260
-0.0579604851
-0.0573900513
-0.0565117497
-0.0558941497
-0.0563904682
-0.0583700264
-0.0615929476
-0.0652979784
-0.0680717121
-0.0686582500
-0.0667550233
-0.0631451485
-0.0595586365
-0.0577881322
-0.0589532232
-0.0630800739
-0.0691185083
-0.0749320920
-0.0781245453
-0.0769927863
-0.0709607334
-0.0608087662
-0.0481691886
-0.0350548495
-0.0236437155
-0.0158792658
-0.0125278197
-0.0128784880
-0.0152249340
-0.0172888867
-0.0172090875
-0.0142487886
-0.0087295837
-0.0015789722
0.0061091852
0.0135626186
0.0207957425
0.0285229711
0.0372909143
0.0465196480
0.0546469655
0.0600509731
0.0617798620
0.0598508133
0.0554226282
0.0506198078
0.0478661212
0.0485826710
0.0528292542
0.0599761474
0.0689746828
0.0783523869
0.0866342983
0.0923685554
0.0942910454
0.0913744231
0.0828191858
0.0694059643
0.0539054717
0.0400612668
0.0313190734
0.0296873107
0.0350555165
0.0449331512
0.0550373846
0.0608646321
0.0596801581
0.0512020950
0.0372945147
0.0212554149
0.0067938484
-0.0029800158
-0.0067794548
-0.0054333840
-0.0008387683
0.0050843269
0.0108216322
0.0155218644
0.0188371247
0.0209573796
0.0224459723
0.0239890839
0.0261079096
0.0290398325
0.0322671988
0.0348205211
0.0359314229
0.0353512501
0.0335689575
0.0318344749
0.0315392601
0.0333304326
0.0370006010
0.0412765047
0.0440547788
0.0431559364
0.0370092695
0.0256665930
0.0112186385
-0.0028000638
-0.0128257595
-0.0163843296
-0.0129795158
-0.0047875405
0.0046499995
0.0120243937
0.0148711717
0.0121440612
0.0044238967
-0.0066318696
-0.0188760595
-0.0302600086
-0.0395860314
-0.0467029985
-0.0518856564
-0.0556986635
-0.0584861125
-0.0600946949
-0.0604967252
-0.0600807956
-0.0593284230
-0.0584342139
-0.0570913565
-0.0551456942
-0.0527768977
-0.0503089117
-0.0483476894
-0.0477400770
-0.0494572558
-0.0534513291
-0.0584347303
-0.0626088242
-0.0644924140
-0.0638839597
-0.0618002609
-0.0598320999
-0.0595053320
-0.0616381563
-0.0658870834
-0.0708088345
-0.0747024118
-0.0764739621
-0.0759928575
-0.0738951073
-0.0709814359
-0.0673748247
-0.0626927903
-0.0563775721
-0.0481760662
-0.0388668709
-0.0297914967
-0.0225184150
-0.0181753114
-0.0170372485
-0.0184674568
-0.0208376169
-0.0218711862
-0.0197250868
-0.0138167145
-0.0049357672
0.0051564248
0.0146949218
0.0225068042
0.0280568554
0.0310688335
0.0316423124
0.0298459726
0.0259303354
0.0205589812
0.0142960314
0.0075293041
0.0004936000
-0.0065405681
-0.0130312169
-0.0180980663
-0.0209933075
-0.0218753669
-0.0216941395
-0.0214084379
-0.0219566394
-0.0240696268
-0.0279154518
-0.0328469964
-0.0378170779
-0.0416792343
-0.0435460552
-0.0435181769
-0.0424685007
-0.0410788354
-0.0396459813
-0.0378777627
-0.0348267227
-0.0301369945
-0.0240191479
-0.0168524077
-0.0094090286
-0.0025055152
0.0034769071
0.0088044142
0.0137689649
0.0186608591
0.0238174890
0.0290602555
0.0340696454
0.0389012889
0.0434077097
0.0469268499
0.0492236977
0.0503558614
0.0501706733
0.0486084826
0.0459276723
0.0421096583
0.0369208942
0.0308163209
0.0246825588
0.0193690770
0.0158258753
0.0146109227
0.0153691568
0.0169210646
0.0179489802
0.0174374364
0.0145629334
0.0092153504
0.0025571047
-0.0036820868
-0.0082610553
-0.0105948210
-0.0106942098
-0.0089058525
-0.0055627097
-0.0010811449
0.0040035066
0.0090201694
0.0128222890
0.0141949643
0.0123843346
0.0073887813
0.0001839820
-0.0078029896
-0.0150707544
-0.0200109641
-0.0212803427
-0.0184548743
-0.0124642351
-0.0052045059
0.0015179150
0.0062379421
0.0080656382
0.0073657837
0.0052405567
0.0027244070
0.0004569776
-0.0010449551
-0.0013361540
-0.0001396287
0.0028017536
0.0076642964
0.0142304722
0.0219736949
0.0296922773
0.0355932193
0.0385250132
0.0386023172
0.0367982304
0.0344987933
0.0331070053
0.0333981234
0.0350252609
0.0368228991
0.0377210867
0.0373086916
0.0360914917
0.0352804331
0.0359414708
0.0383828243
0.0421511786
0.0462962983
0.0494975627
0.0502173966
0.0477030139
0.0426107870
0.0365482600
0.0316013830
0.0294116606
0.0308552515
0.0355280701
0.0414866202
0.0460881036
0.0473703402
0.0444670059
0.0377255889
0.0288301161
0.0200957429
0.0134604137
0.0096722686
0.0086670354
0.0099142314
0.0124997297
0.0154145098
0.0178344319
0.0192093262
0.0193154336
0.0177658404
0.0143239199
0.0090909897
0.0023519839
-0.0053896418
-0.0133980333
-0.0205145584
-0.0254239327
-0.0271345211
-0.0254358443
-0.0210064326
-0.0147378037
-0.0078122170
-0.0021191641
0.0007809022
0.0002752151
-0.0032860938
-0.0088920293
-0.0152576020
-0.0209742202
-0.0245911339
-0.0254024477
-0.0237738333
-0.0207537073
-0.0174522942
-0.0146714129
-0.0131721693
-0.0134093402
-0.0151333873
-0.0173172216
-0.0188984469
-0.0192366888
-0.0180435739
-0.0154315426
-0.0119793190
-0.0087126463
-0.0069596077
-0.0076252482
-0.0105239507
-0.0143887220
-0.0180716758
-0.0210841247
-0.0233937423
-0.0250348255
-0.0262290403
-0.0270438573
-0.0268566854
-0.0246104997
-0.0197372462
-0.0129428266
-0.0058062255
-0.0001394893
0.0024979655
0.0016177472
-0.0017063466
-0.0053790812
-0.0071579819
-0.0056633830
-0.0008662175
0.0060876486
0.0134001704
0.0194020919
0.0230448683
0.0238623931
0.0222904483
0.0191701525
0.0149592126
0.0098208545
0.0043116392
-0.0005927482
-0.0036233037
-0.0038083948
-0.0010504137
0.0037065973
0.0086026258
0.0115615586
0.0108641614
0.0058605456
-0.0024595870
-0.0120346916
-0.0208033589
-0.0270525011
-0.0299666145
-0.0295964026
-0.0264304634
-0.0215202147
-0.0162112900
-0.0118313870
-0.0094938175
-0.0097983784
-0.0128056016
-0.0180638633
-0.0247316672
-0.0313555770
-0.0357792434
-0.0360865778
-0.0319442944
-0.0242718868
-0.0149560147
-0.0066916658
-0.0020953540
-0.0027675073
-0.0084962484
-0.0170384616
-0.0253078332
-0.0309605840
-0.0332786041
-0.0332330922
-0.0326013528
-0.0328932882
-0.0348578639
-0.0382088987
-0.0420848999
-0.0456590674
-0.0485152133
-0.0511332824
-0.0545819404
-0.0594806364
-0.0656252350
-0.0717683230
-0.0762265355
-0.0781486680
-0.0770758906
-0.0731490751
-0.0673635157
-0.0611969199
-0.0559880658
-0.0524743897
-0.0505559796
-0.0494642128
-0.0486282701
-0.0477893559
-0.0469501637
-0.0462143063
-0.0458357443
-0.0458567660
-0.0457095632
-0.0445686708
-0.0421010380
-0.0387625791
-0.0354235579
-0.0328056579
-0.0316060069
-0.0325175070
-0.0351636881
-0.0383611438
-0.0410186876
-0.0423698335
-0.0422563801
-0.0412781785
-0.0401706826
-0.0394718596
-0.0395197579
-0.0401348013
-0.0405922256
-0.0401450655
-0.0383583931
-0.0350438895
-0.0301869021
-0.0239800567
-0.0170138538
-0.0104648938
-0.0053737801
-0.0021479962
-0.0008384296
-0.0014754001
-0.0035627691
-0.0061528331
-0.0081857852
-0.0089502566
-0.0079474074
-0.0047147027
0.0007025785
0.0072954819
0.0135873822
0.0182466323
0.0203980715
0.0197926335
0.0171145731
0.0138287977
0.0114718234
0.0110262570
0.0125928305
0.0155204019
0.0187429903
0.0212300710
0.0224695689
0.0226302448
0.0225337040
0.0231280170
0.0248772413
0.0276362112
0.0308008903
0.0337899353
0.0362415443
0.0378897602
0.0385744482
0.0382911321
0.0371181351
0.0350384654
0.0323434494
0.0297927790
0.0282431854
0.0283498500
0.0299702979
0.0323648948
0.0345146934
0.0352826690
0.0338529669
0.0300227758
0.0244102987
0.0182168769
0.0127402136
0.0090573909
0.0079052557
0.0094884587
0.0131716652
0.0180473261
0.0235747376
0.0290468758
0.0336607862
0.0367965077
0.0383086557
0.0384360685
0.0376702501
0.0368705621
0.0367499631
0.0381054884
0.0412234189
0.0456644895
0.0507508320
0.0557253940
0.0598432267
0.0624942805
0.0634734313
0.0627769149
0.0603755779
0.0565362481
0.0518226354
0.0467944776
0.0421661053
0.0387033272
0.0369237156
0.0368135846
0.0379176829
0.0396048738
0.0408283608
0.0406120003
0.0387874726
0.0358324913
0.0323978084
0.0291822551
0.0269466958
0.0261872426
0.0271045189
0.0294590059
0.0326680842
0.0365965262
0.0412089099
0.0461250851
0.0511641074
0.0563081818
0.0608929746
0.0638833300
0.0645229476
0.0626337136
0.0586597154
0.0533605387
0.0479754081
0.0436740320
0.0412578004
0.0413819874
0.0444423998
0.0500245754
0.0570820211
0.0643050993
0.0703632191
0.0741350255
0.0749469994
0.0726821662
0.0679316494
0.0619877683
0.0562462217
0.0519550255
0.0502210646
0.0515390516
0.0556339396
0.0616214728
0.0680808533
0.0734680344
0.0765293563
0.0765496652
0.0736082708
0.0687118989
0.0633780086
0.0588536379
0.0561105580
0.0554034757
0.0559900747
0.0571565972
0.0583766711
0.0592593917
0.0595999795
0.0593595500
0.0586894026
0.0576617154
0.0564906744
0.0557384641
0.0558126715
0.0569190643
0.0593317922
0.0626952110
0.0662180958
0.0692129967
0.0710412370
0.0714410246
0.0707306978
0.0695456555
0.0684792692
0.0679711154
0.0683013082
0.0692529525
0.0702022135
0.0706727601
0.0703317780
0.0689508312
0.0665761801
0.0631382991
0.0588025734
0.0542027801
0.0499757221
0.0464311960
0.0435183646
0.0411065269
0.0390796855
0.0369224881
0.0339526542
0.0299717397
0.0251159114
0.0196083757
0.0137487270
0.0081948382
0.0038362196
0.0010110066
-0.0005490786
-0.0012326802
-0.0012278988
-0.0007424714
-0.0004901985
-0.0014894035
-0.0040184377
-0.0078611345
-0.0127327221
-0.0179803634
-0.0226355182
-0.0257293336
-0.0263686668
-0.0244030398
-0.0208595766
-0.0173200661
-0.0153475656
-0.0160845569
-0.0198928284
-0.0264315196
-0.0348133718
-0.0437246748
-0.0515415063
-0.0566708643
-0.0585009756
-0.0574529251
-0.0544285493
-0.0505809535
-0.0473934676
-0.0462313609
-0.0474020371
-0.0502288305
-0.0537628190
-0.0572344418
-0.0598082267
-0.0607746623
-0.0600776266
-0.0580033717
-0.0549752423
-0.0518082738
-0.0490455134
-0.0469195942
-0.0458452688
-0.0461812096
-0.0480641166
-0.0512914081
-0.0550270394
-0.0583844916
-0.0611212370
-0.0632971752
-0.0651343201
-0.0671670230
-0.0699709568
-0.0737119079
-0.0780863132
-0.0824629785
-0.0861560775
-0.0887216913
-0.0901476564
-0.0909111749
-0.0918728915
-0.0935203121
-0.0956733858
-0.0978294322
-0.0996373737
-0.1010463069
-0.1023367305
-0.1036131396
-0.1046994082
-0.1057578781
-0.1071067364
-0.1086509084
-0.1102044185
-0.1118289494
-0.1133525083
-0.1141793624
-0.1139897841
-0.1128679223
-0.1110219195
-0.1087482911
-0.1062779621
-0.1039504574
-0.1020024939
-0.1003258375
-0.0988024988
-0.0973181737
-0.0958189574
-0.0944660662
-0.0934337639
-0.0926672651
-0.0918531482
-0.0905284320
-0.0885979231
-0.0865870324
-0.0852921919
-0.0853023265
-0.0868087622
-0.0896800610
-0.0933768552
-0.0970161599
-0.0995913843
-0.1006615204
-0.1003654657
-0.0989348234
-0.0964423868
-0.0933528774
-0.0902740070
-0.0876257987
-0.0857699819
-0.0848028222
-0.0847029899
-0.0855872191
-0.0874025687
-0.0897217678
-0.0918328774
-0.0930758668
-0.0930996398
-0.0919059214
-0.0895801137
-0.0864949804
-0.0832893453
-0.0804262295
-0.0782781725
-0.0770909852
-0.0768039548
-0.0768079101
-0.0763498551
-0.0747899435
-0.0719509331
-0.0680555131
-0.0636004154
-0.0593357282
-0.0561072280
-0.0544319255
-0.0541331852
-0.0547483128
-0.0556087408
-0.0556590752
-0.0540807976
-0.0507174701
-0.0461890591
-0.0417478349
-0.0385899816
-0.0372164280
-0.0375793791
-0.0391533178
-0.0411298382
-0.0425548786
-0.0423886599
-0.0401325912
-0.0358345714
-0.0297680477
-0.0224515422
-0.0147790280
-0.0078108907
-0.0022981355
0.0015391646
0.0040036557
0.0058094890
0.0079844656
0.0114406784
0.0165312132
0.0228484558
0.0297150645
0.0366196758
0.0432445706
0.0493866398
0.0552348719
0.0613488958
0.0680302976
0.0749601006
0.0815142694
0.0872433223
0.0918539006
0.0951829271
0.0972900770
0.0984523193
0.0991610998
0.0999960352
0.1012218037
0.1029342390
0.1050888339
0.1074733964
0.1097226512
0.1116548784
0.1134106817
0.1150770556
0.1168737142
0.1186954070
0.1204462306
0.1223640042
0.1245437686
0.1268695926
0.1290237574
0.1305531673
0.1310979145
0.1303477696
0.1282087631
0.1249538513
0.1213423970
0.1184160163
0.1172259501
0.1186333738
0.1225842652
0.1280549570
0.1337824034
0.1384420384
0.1409731104
0.1409525387
0.1387357899
0.1353236624
0.1320322456
0.1299151911
0.1295966606
0.1315267204
0.1356126081
0.1409038658
0.1460110852
0.1497210746
0.1515809166
0.1516815949
0.1502403669
0.1477470463
0.1453116729
0.1439294091
0.1435057029
0.1437653465
0.1445883322
0.1456948811
0.1465025641
0.1462894391
0.1447532993
0.1420680310
0.1385802685
0.1347457987
0.1313301106
0.1292971197
0.1285903702
0.1284046527
0.1281456770
0.1274066599
0.1260235037
0.1240471007
0.1216276068
0.1192386080
0.1172264113
0.1156662447
0.1145688003
0.1139197894
0.1135900301
0.1134916231
0.1136705575
0.1141115635
0.1148344861
0.1157721241
0.1164906179
0.1164524586
0.1156059448
0.1140852965
0.1118850424
0.1090319217
0.1057438345
0.1025478165
0.0998147308
0.0976165436
0.0960014095
0.0951600535
0.0951050066
0.0953283948
0.0953683989
0.0949190162
0.0939261262
0.0924208832
0.0906686181
0.0892380837
0.0888770564
0.0899649735
0.0919916141
0.0939281624
0.0948676401
0.0938269174
0.0902881367
0.0846540822
0.0779958759
0.0712102010
0.0647750834
0.0590844488
0.0544233870
0.0508649328
0.0482365484
0.0462269351
0.0444009038
0.0422911871
0.0396381778
0.0365045700
0.0330531244
0.0295970475
0.0263275454
0.0233633239
0.0209067335
0.0189632238
0.0172214285
0.0153515482
0.0133260742
0.0114598828
0.0102038629
0.0097811350
0.0099817822
0.0103914966
0.0104225274
0.0093339563
0.0065953829
0.0019989951
-0.0040664464
-0.0108003301
-0.0171900050
-0.0218944387
-0.0240478784
-0.0237345094
-0.0216696713
-0.0189640660
-0.0168085535
-0.0161881198
-0.0178129439
-0.0216779053
-0.0269011701
-0.0327083359
-0.0382960105
-0.0427635569
-0.0453789150
-0.0460428162
-0.0453314745
-0.0442063478
-0.0435948142
-0.0441014484
-0.0460988617
-0.0497657232
-0.0548321339
-0.0605555607
-0.0661354812
-0.0712941273
-0.0760189371
-0.0802720987
-0.0840194419
-0.0874375005
-0.0905615155
-0.0931248274
-0.0949693759
-0.0963092744
-0.0974319157
-0.0987016188
-0.1006325396
-0.1036759846
-0.1077530511
-0.1124316311
-0.1170528901
-0.1208377782
-0.1231152231
-0.1235536336
-0.1224309587
-0.1203477252
-0.1182612368
-0.1171288961
-0.1175602837
-0.1196465076
-0.1231011896
-0.1273996042
-0.1315937642
-0.1347207079
-0.1365107676
-0.1371082138
-0.1367565475
-0.1356094128
-0.1340461078
-0.1326910654
-0.1320140365
-0.1322139959
-0.1334817552
-0.1358518406
-0.1387073356
-0.1412444368
-0.1427313579
-0.1425379590
-0.1408037366
-0.1380585974
-0.1347625528
-0.1313396350
-0.1279954118
-0.1250390957
-0.1225376416
-0.1203773185
-0.1187767277
-0.1179082187
-0.1178363993
-0.1185807775
-0.1199614411
-0.1216433885
-0.1228195125
-0.1227717099
-0.1216671826
-0.1199783982
-0.1181073847
-0.1163493103
-0.1147809916
-0.1133154791
-0.1119422849
-0.1104732104
-0.1085492525
-0.1061502769
-0.1035657443
-0.1009386916
-0.0982628360
-0.0958233315
-0.0938531788
-0.0922987521
-0.0909410114
-0.0898648957
-0.0891831555
-0.0889272454
-0.0890846247
-0.0896630505
-0.0906553846
-0.0916962396
-0.0921828788
-0.0917280072
-0.0901772009
-0.0875341884
-0.0841694493
-0.0807465714
-0.0780029898
-0.0765959463
-0.0765139305
-0.0770617606
-0.0775281040
-0.0773606342
-0.0761261358
-0.0735688586
-0.0696778513
-0.0648835664
-0.0597478690
-0.0547437775
-0.0504733628
-0.0473239790
-0.0453977720
-0.0444656755
-0.0441438027
-0.0439409911
-0.0434747025
-0.0428304915
-0.0419410216
-0.0404744520
-0.0382673015
-0.0354214365
-0.0320783903
-0.0287657343
-0.0260792690
-0.0241033160
-0.0228123369
-0.0218262134
-0.0203484385
-0.0176420678
-0.0136318760
-0.0087181044
-0.0033418728
0.0018664896
0.0061396206
0.0091614250
0.0108313132
0.0109355176
0.0096444023
0.0075509024
0.0052613233
0.0034774779
0.0029499689
0.0039666629
0.0063026541
0.0092856773
0.0118871820
0.0132900319
0.0131088573
0.0115214670
0.0092256776
0.0069401638
0.0057053570
0.0064629687
0.0090694117
0.0129441339
0.0176871834
0.0227497301
0.0273945711
0.0312041651
0.0342678582
0.0368821177
0.0387238855
0.0398944836
0.0411145498
0.0427585113
0.0447069182
0.0469569646
0.0492395829
0.0511128210
0.0525124998
0.0536115449
0.0545881231
0.0555550240
0.0566348839
0.0578763124
0.0590033868
0.0596424389
0.0596242550
0.0592145219
0.0587291076
0.0582100217
0.0575655877
0.0566876846
0.0557297543
0.0547309510
0.0537597586
0.0530822060
0.0524366916
0.0517402696
0.0513462845
0.0514366008
0.0523045676
0.0537453066
0.0551424824
0.0562410036
0.0571927911
0.0581523349
0.0590542600
0.0598274783
0.0604883744
0.0608160316
0.0606424741
0.0600757466
0.0595141843
0.0592539230
0.0591837363
0.0594240882
0.0601295942
0.0610684840
0.0619606009
0.0625417499
0.0628374638
0.0629531408
0.0624839145
0.0613534592
0.0598562057
0.0583401563
0.0572461525
0.0570371657
0.0579309373
0.0596847132
0.0619584240
0.0641664803
0.0654812391
0.0654161412
0.0638553892
0.0611142292
0.0574890818
0.0533195596
0.0493172131
0.0462836899
0.0444335281
0.0435684571
0.0435877447
0.0441968082
0.0448853794
0.0452086453
0.0449446427
0.0439546411
0.0419887214
0.0388182510
0.0346103677
0.0302385575
0.0264785045
0.0237346400
0.0222373503
0.0220006576
0.0226686036
0.0235316027
0.0237421584
0.0228310069
0.0207595393
0.0177847216
0.0143752594
0.0112084513
0.0088466629
0.0073434335
0.0066190493
0.0067101524
0.0074354564
0.0083189153
0.0089213144
0.0088661000
0.0075713608
0.0049309346
0.0016625055
-0.0017438544
-0.0048554155
-0.0070133381
-0.0077041448
-0.0070038294
-0.0053033865
-0.0031622552
-0.0013233568
-0.0003085486
-0.0001845623
-0.0009367153
-0.0024675144
-0.0044110489
-0.0063508580
-0.0079484390
-0.0088249422
-0.0090434831
-0.0087168783
-0.0075643384
-0.0055078223
-0.0031621259
-0.0008833053
0.0012401293
0.0028056810
0.0033790189
0.0026363020
0.0007369395
-0.0015451457
-0.0034517107
-0.0046503063
-0.0050128601
-0.0046173152
-0.0039154539
-0.0034846058
-0.0038283164
-0.0052506564
-0.0076502307
-0.0106665158
-0.0138943260
-0.0169645386
-0.0196509584
-0.0219308725
-0.0240530230
-0.0262165124
-0.0282186415
-0.0299516619
-0.0316540269
-0.0333229792
-0.0345372228
-0.0349072431
-0.0345999696
-0.0339556739
-0.0331456733
-0.0322893926
-0.0315664748
-0.0310693663
-0.0306801797
-0.0303534038
-0.0300298698
-0.0296644724
-0.0291482170
-0.0283168184
-0.0273239585
-0.0264403152
-0.0258436954
-0.0255274164
-0.0253925747
-0.0253918298
-0.0255109397
-0.0255535157
-0.0251790904
-0.0245113667
-0.0237619048
-0.0230332496
-0.0224440125
-0.0220814255
-0.0221072527
-0.0227621101
-0.0239849485
-0.0253231848
-0.0263906045
-0.0270433308
-0.0270843999
-0.0263681987
-0.0247701639
-0.0224546496
-0.0198791900
-0.0174928636
-0.0157144287
-0.0150286211
-0.0156893216
-0.0175260142
-0.0198394734
-0.0217945773
-0.0228346372
-0.0227017066
-0.0212777319
-0.0187297891
-0.0159243490
-0.0137551472
-0.0124613711
-0.0121677368
-0.0126765487
-0.0133889725
-0.0137208525
-0.0134271843
-0.0125364371
-0.0110110307
-0.0091640646
-0.0077028860
-0.0071613549
-0.0074780655
-0.0082019730
-0.0090508893
-0.0097086168
-0.0097535444
-0.0089206174
-0.0071049536
-0.0045406986
-0.0018281244
0.0005101961
0.0021563380
0.0028200651
0.0022528640
0.0006142770
-0.0016000171
-0.0038641640
-0.0055167395
-0.0061068862
-0.0059012174
-0.0054061472
-0.0049572707
-0.0047644206
-0.0049712332
-0.0055849021
-0.0064854997
-0.0074030784
-0.0080635189
-0.0081370294
-0.0073100511
-0.0056346500
-0.0033292448
-0.0006932210
0.0020929550
0.0048084012
0.0067708625
0.0074457052
0.0069340094
0.0059195492
0.0046926533
0.0035155039
0.0030128772
0.0036247760
0.0053092537
0.0076284718
0.0100149726
0.0119147472
0.0127561343
0.0121902756
0.0103198307
0.0076161649
0.0046561363
0.0020186587
0.0000465193
-0.0010169407
-0.0012736565
-0.0010912906
-0.0004910193
0.0006551700
0.0018075751
0.0025146379
0.0027328934
0.0024716627
0.0018371377
0.0012116082
0.0010266899
0.0018120864
0.0038145239
0.0065431731
0.0096487688
0.0129277236
0.0161479395
0.0191869799
0.0220512474
0.0247783767
0.0275121525
0.0300570760
0.0319111686
0.0326816866
0.0324436350
0.0314053101
0.0298137006
0.0281081691
0.0265574709
0.0253621909
0.0247150373
0.0244791060
0.0245413019
0.0250156155
0.0253530952
0.0248466116
0.0233549093
0.0210866902
0.0184564581
0.0161449625
0.0147779800
0.0146619542
0.0157344596
0.0174865383
0.0192040861
0.0204224115
0.0208417775
0.0204392184
0.0194225414
0.0180468054
0.0165364412
0.0151666358
0.0142537194
0.0138716355
0.0138073157
0.0139471264
0.0142950340
0.0147240566
0.0151639194
0.0153815466
0.0151469053
0.0145456405
0.0135842749
0.0123933771
0.0112165670
0.0102050710
0.0095151179
0.0092286222
0.0092461010
0.0094315874
0.0096355294
0.0095726323
0.0090726840
0.0080451788
0.0063510836
0.0042926144
0.0026153932
0.0014905962
0.0008979167
0.0008965513
0.0014840406
0.0023675976
0.0029253733
0.0023985503
0.0004574632
-0.0025613025
-0.0061054319
-0.0094759555
-0.0121751220
-0.0136827441
-0.0134776955
-0.0117418475
-0.0090227599
-0.0057903158
-0.0026974118
-0.0004875657
0.0005182004
0.0003352575
-0.0008303173
-0.0027593335
-0.0047185966
-0.0060366813
-0.0065289998
-0.0062624873
-0.0053962314
-0.0043550521
-0.0033469415
-0.0024983984
-0.0020658944
-0.0018912376
-0.0016771120
-0.0013787803
-0.0011539165
-0.0012895128
-0.0018514679
-0.0027290423
-0.0040259725
-0.0056994796
-0.0073492770
-0.0087664302
-0.0100638142
-0.0113168536
-0.0124593901
-0.0134270170
-0.0144414684
-0.0159851274
-0.0181360241
-0.0205034232
-0.0227951736
-0.0246381825
-0.0257997411
-0.0263566884
-0.0263722450
-0.0258691809
-0.0248064049
-0.0230875444
-0.0206811337
-0.0178313151
-0.0149944316
-0.0124002968
-0.0102603570
-0.0087983992
-0.0079890939
-0.0074933624
-0.0069224451
-0.0060474205
-0.0048523152
-0.0038278059
-0.0035269305
-0.0041204446
-0.0053816588
-0.0068409285
-0.0082602828
-0.0097630036
-0.0112841583
-0.0126108410
-0.0137297916
-0.0146732953
-0.0154959076
-0.0162142388
-0.0168392874
-0.0176055420
-0.0186369586
-0.0198841160
-0.0212990571
-0.0228999981
-0.0242783263
-0.0248209228
-0.0244674205
-0.0235417979
-0.0222547182
-0.0207904284
-0.0195915233
-0.0189528573
-0.0189339243
-0.0196709003
-0.0209506768
-0.0221939986
-0.0227688082
-0.0221626311
-0.0202943569
-0.0175587169
-0.0146080402
-0.0119974871
-0.0099569033
-0.0085629689
-0.0078438275
-0.0076930182
-0.0077956066
-0.0077633703
-0.0074071137
-0.0068172549
-0.0064306250
-0.0067334785
-0.0078503685
-0.0097520699
-0.0122506673
-0.0149043521
-0.0170506294
-0.0182670178
-0.0187332585
-0.0188187186
-0.0190321673
-0.0196407390
-0.0203743702
-0.0207469187
-0.0203582595
-0.0191832939
-0.0174259309
-0.0153688565
-0.0134016549
-0.0119471370
-0.0112913279
-0.0112351383
-0.0112613467
-0.0112211825
-0.0112287719
-0.0113490494
-0.0113776884
-0.0110436868
-0.0104649597
-0.0099139696
-0.0095027048
-0.0092778560
-0.0094561568
-0.0104681564
-0.0123921137
-0.0146328058
-0.0166004458
-0.0179249911
-0.0183925830
-0.0180923226
-0.0171727909
-0.0159712259
-0.0150914832
-0.0147497712
-0.0149040866
-0.0154787565
-0.0162440340
-0.0167437997
-0.0166373452
-0.0157231861
-0.0140158718
-0.0116802527
-0.0088587916
-0.0059147659
-0.0031917627
-0.0008869778
0.0007194488
0.0016675753
0.0023909396
0.0030626635
0.0034853193
0.0035771811
0.0036571859
0.0038084595
0.0038011675
0.0034290576
0.0027147181
0.0019395269
0.0013182361
0.0009403023
0.0006579397
0.0003125998
0.0000175327
-0.0002782981
-0.0006386840
-0.0011233941
-0.0017737277
-0.0021906882
-0.0020772867
-0.0017267437
-0.0014909570
-0.0016207112
-0.0020770062
-0.0026600629
-0.0030965413
-0.0031792391
-0.0031969844
-0.0030606260
-0.0025112347
-0.0015799078
-0.0004522445
0.0008349872
0.0022287894
0.0035763996
0.0048014925
0.0060147519
0.0071836599
0.0081438334
0.0089938159
0.0097372726
0.0102209177
0.0102649287
0.0098631185
0.0093001719
0.0088668537
0.0085597286
0.0082626419
0.0078293263
0.0073787163
0.0069858903
0.0064951218
0.0057964808
0.0048960027
0.0037293580
0.0022436563
0.0005572864
-0.0011899916
-0.0028448109
-0.0042146439
-0.0049578593
-0.0048528562
-0.0040158908
-0.0027559698
-0.0013073638
0.0003541872
0.0022089630
0.0040655721
0.0054910440
0.0063048632
0.0066742147
0.0065801043
0.0061438404
0.0056083876
0.0052952940
0.0053921879
0.0059110904
0.0068569438
0.0080334471
0.0092704266
0.0105412200
0.0118844744
0.0130228370
0.0136659267
0.0138817161
0.0137995818
0.0134186419
0.0128342141
0.0122632525
0.0118761124
0.0119281997
0.0127208841
0.0141792047
0.0157924687
0.0172184150
0.0182838715
0.0189080305
0.0190303246
0.0186030387
0.0178721768
0.0174676124
0.0177197284
0.0184034945
0.0192820664
0.0204297037
0.0217384368
0.0229254520
0.0237893897
0.0242733555
0.0243964557
0.0241874196
0.0236775338
0.0230144342
0.0223279623
0.0214870672
0.0204770028
0.0197607740
0.0185838394
0.0172487680
0.0157938522
0.0145548388
0.0137141128
0.0133235401
0.0132372231
0.0133887367
0.0139721954
0.0150303868
0.0163089594
0.0175669095
0.0187845559
0.0199201513
0.0206940930
0.0209749205
0.0210633114
0.0212212327
0.0213900615
0.0216200957
0.0219702998
0.0223714167
0.0226596183
0.0226060171
0.0221655540
0.0213369233
0.0201806980
0.0186738796
0.0168530141
0.0150222245
0.0133691834
0.0117554865
0.0103620040
0.0095734009
0.0095114580
0.0099289933
0.0105935332
0.0112952022
0.0117948726
0.0120419714
0.0119235906
0.0114221217
0.0108578771
0.0104541388
0.0104093789
0.0108611605
0.0117496568
0.0129624920
0.0144824694
0.0164427894
0.0184466569
0.0199780187
0.0209313182
0.0212055900
0.0207655319
0.0198226164
0.0185610251
0.0169231610
0.0150503253
0.0132843329
0.0117679497
0.0103673979
0.0088664182
0.0071867663
0.0053752317
0.0035427559
0.0017882384
0.0001430205
-0.0013807037
-0.0026592072
-0.0036101136
-0.0041160101
-0.0039140262
-0.0028553552
-0.0010867284
0.0010591289
0.0031717438
0.0048115228
0.0056533565
0.0055385535
0.0046178195
0.0032464572
0.0018190508
0.0005896463
-0.0001567516
0.0000324368
0.0013250143
0.0033766436
0.0056743592
0.0078707283
0.0097224742
0.0107038036
0.0105872298
0.0097126136
0.0084858890
0.0074397753
0.0068747732
0.0067403955
0.0070046689
0.0075613602
0.0081208832
0.0083555100
0.0082569162
0.0079107209
0.0074243415
0.0069950645
0.0067541908
0.0070198992
0.0079154087
0.0092876219
0.0109804570
0.0128304401
0.0147220032
0.0165221492
0.0179342387
0.0187692824
0.0191171975
0.0192019282
0.0191448771
0.0190567892
0.0188525795
0.0185077832
0.0182093774
0.0179115372
0.0175404476
0.0171489476
0.0167261069
0.0161961345
0.0155657014
0.0149663507
0.0144993826
0.0139922550
0.0133263391
0.0126898870
0.0121453772
0.0115476754
0.0108879206
0.0102417393
0.0095840462
0.0087291978
0.0076887041
0.0066428926
0.0057248742
0.0049974590
0.0045059650
0.0042559543
0.0042084612
0.0042397403
0.0041742701
0.0038200609
0.0031156713
0.0022804617
0.0014784973
0.0008058849
0.0003171296
-0.0000635421
-0.0005071684
-0.0009922416
-0.0011856408
-0.0011467339
-0.0012232575
-0.0014475526
-0.0017662106
-0.0021753038
-0.0026431887
-0.0029669752
-0.0028863184
-0.0022490721
-0.0010997804
0.0003677383
0.0019925809
0.0035529875
0.0049185822
0.0060797632
0.0069891661
0.0075765518
0.0078096647
0.0077721685
0.0076330925
0.0075368142
0.0074969464
0.0074617406
0.0073903847
0.0073195713
0.0072034923
0.0068113535
0.0059733286
0.0048893110
0.0038619545
0.0028897705
0.0019551082
0.0011161574
0.0004860050
0.0001887697
0.0001884134
0.0003217499
0.0005223647
0.0007826774
0.0010571429
0.0012972267
0.0014550124
0.0015199206
0.0014716015
0.0013082770
0.0011667269
0.0011621559
0.0012899470
0.0014768127
0.0017376421
0.0021174149
0.0024334393
0.0025170869
0.0023817867
0.0021497690
0.0019650508
0.0017758086
0.0016326927
0.0016487315
0.0017267750
0.0017991744
0.0019220052
0.0021099050
0.0023139175
0.0025767838
0.0028892566
0.0031216400
0.0032601584
0.0033547119
0.0034313421
0.0034259584
0.0032172265
0.0028122326
0.0023045605
0.0017802505
0.0013715964
0.0011869919
0.0010939828
0.0010027722
0.0009061150
0.0007976740
0.0007008766
0.0005997157
0.0004984723
0.0004612342
0.0005405941
0.0006640536
0.0007492180
0.0008455811
0.0009635478
0.0010317266
0.0009888531
0.0008415402
0.0006519245
0.0004623294
0.0002794428
0.0001172210
0.0000261914
0.0000424328
0.0001359915
0.0002181161
0.0002362236
0.0001659751
-0.0000175747
-0.0003056625
-0.0006444736
-0.0009692337
-0.0011756028
-0.0012611905
-0.0013114267
-0.0014048355
-0.0015815469
-0.0018629939
-0.0022365546
-0.0026268211
-0.0029483782
-0.0031593391
-0.0032632420
-0.0033038406
-0.0033004843
-0.0032621761
-0.0032602571
-0.0033728798
-0.0035724054
-0.0037867517
-0.0040057730
-0.0042623940
-0.0045130331
-0.0046802067
-0.0048094642
-0.0049605287
-0.0051035330
-0.0052140391
-0.0053128591
-0.0054152502
-0.0055117452
-0.0055791672
-0.0056073529
-0.0055898179
-0.0055180805
-0.0053820849
-0.0052131328
-0.0050564449
-0.0049317314
-0.0048375440
-0.0047605474
-0.0046947772
-0.0046406769
-0.0045851237
-0.0045147801
-0.0044355913
-0.0043660331
-0.0043203738
-0.0042990738
-0.0043070798
-0.0043449718
-0.0043988576
-0.0044489961
-0.0044761746
-0.0044756790
-0.0044655561
-0.0044647266
-0.0044873850
-0.0045385457
-0.0046091305
-0.0046890559
-0.0047568430
-0.0047909605
-0.0047900151
-0.0047684745
-0.0047418158
-0.0047268696
-0.0047382234
-0.0047893656
-0.0048801418
-0.0049910249
-0.0051021984
-0.0052037463
-0.0052917173
-0.0053617296
-0.0054156436
-0.0054608161
-0.0055005977
-0.0055377146
-0.0055740333
-0.0056118283
-0.0056544805
-0.0057052781
-0.0057599145
-0.0058105181
-0.0058541474
-0.0058892496
-0.0059143338
-0.0059312137
-0.0059441079
-0.0059557934
-0.0059685117
-0.0059834231
-0.0060009009
-0.0060208454
-0.0060427143
-0.0060659615
-0.0060898663
-0.0061132254
-0.0061355873
-0.0061566034
-0.0061761240
-0.0061946374
-0.0062127598
-0.0062309385
-0.0062495309
-0.0062689589
-0.0062889001
-0.0063087064
-0.0063278969
-0.0063458809
-0.0063621530
-0.0063766871
-0.0063896482
-0.0064012200
-0.0064116454
-0.0064211164
-0.0064298814
-0.0064381035
-0.0064458727
-0.0064531959
-0.0064600326
-0.0064664209
-0.0064723740
-0.0064778645
-0.0064828285
-0.0064872459
-0.0064911687
-0.0064946357
-0.0064976672
-0.0065002768
-0.0065024715
-0.0065042445
-0.0065055766
-0.0065064498
-0.0065068580
-0.0065068031
-0.0065062889
-0.0065053191
-0.0065038961
-0.0065020210
-0.0064996951
-0.0064969198
-0.0064936971
