0.0332772836
0.0336526247
0.0340264943
0.0343989220
0.0347699941
0.0351397256
0.0355081910
0.0358754449
0.0362415758
0.0366065253
0.0369702310
0.0373325521
0.0376935111
0.0380531930
0.0384119082
0.0387701109
0.0391280906
0.0394858120
0.0398427109
0.0401979317
0.0405506774
0.0409006590
0.0412487516
0.0415963842
0.0419447359
0.0422942479
0.0426452728
0.0429978310
0.0433513457
0.0437032909
0.0440498509
0.0443884888
0.0447209151
0.0450523693
0.0453892970
0.0457352317
0.0460879261
0.0464399914
0.0467822623
0.0471074700
0.0474154723
0.0477136020
0.0480128682
0.0483210233
0.0486412286
0.0489721200
0.0493123203
0.0496611702
0.0500142113
0.0503628988
0.0506899411
0.0509747507
0.0512108863
0.0514252651
0.0516720626
0.0519915851
0.0523879601
0.0528239308
0.0532355621
0.0535780745
0.0538482241
0.0540756167
0.0542994007
0.0545619773
0.0548946521
0.0552956787
0.0557362741
0.0561879129
0.0566254514
0.0570503483
0.0574935544
0.0579520830
0.0583414851
0.0586011065
0.0588047540
0.0590550248
0.0593573589
0.0596599861
0.0599618908
0.0603242492
0.0607618845
0.0611786622
0.0614309091
0.0614171087
0.0611872881
0.0610077076
0.0610943281
0.0613972702
0.0618133577
0.0623320847
0.0629517401
0.0635632046
0.0639715328
0.0640223502
0.0637179060
0.0632030537
0.0627460493
0.0626449543
0.0630135937
0.0636815067
0.0643155409
0.0646262382
0.0645001625
0.0639364929
0.0629594190
0.0616790608
0.0604256009
0.0596176689
0.0595056394
0.0600808368
0.0609681908
0.0616419770
0.0619096588
0.0619498104
0.0618974931
0.0618488657
0.0620056755
0.0624613033
0.0630235272
0.0633331024
0.0634021967
0.0636707585
0.0645031071
0.0657765797
0.0669258732
0.0673072807
0.0666784095
0.0654078979
0.0639972972
0.0629111841
0.0627647948
0.0639087402
0.0658916984
0.0676051528
0.0681745095
0.0672554490
0.0650920441
0.0624352761
0.0601460713
0.0589558218
0.0593055937
0.0608496568
0.0627826065
0.0645984565
0.0660037087
0.0665496627
0.0657296911
0.0634876534
0.0605190834
0.0578987278
0.0563032603
0.0558708652
0.0563117454
0.0569495423
0.0572736076
0.0572357556
0.0569440767
0.0564955039
0.0559806258
0.0553529412
0.0543050497
0.0526503060
0.0508239575
0.0495735420
0.0492830993
0.0499208743
0.0508626793
0.0507576854
0.0484481036
0.0440892468
0.0394089842
0.0364158633
0.0356714962
0.0365023853
0.0386202128
0.0416393235
0.0442359998
0.0453380375
0.0446497247
0.0424891248
0.0397144652
0.0374060035
0.0360686262
0.0355875407
0.0354214473
0.0351795886
0.0351098931
0.0358948470
0.0379278178
0.0405225543
0.0423744139
0.0430299478
0.0426773853
0.0411653700
0.0385754342
0.0359826181
0.0346206603
0.0348038474
0.0357541595
0.0359077078
0.0342076957
0.0312294997
0.0287452268
0.0285880034
0.0309750256
0.0343442335
0.0368943384
0.0375920675
0.0360986953
0.0326466767
0.0283258682
0.0250589789
0.0245107450
0.0267168388
0.0295309373
0.0299647911
0.0264303728
0.0196213430
0.0122528087
0.0077345743
0.0075536713
0.0109684972
0.0165017992
0.0220643411
0.0258120319
0.0264415499
0.0234275180
0.0180612015
0.0135928395
0.0124714079
0.0140236335
0.0162053683
0.0174870205
0.0171029524
0.0150481093
0.0119627621
0.0089790959
0.0070748126
0.0061077929
0.0053680484
0.0047457699
0.0044857330
0.0042238333
0.0034054843
0.0011733629
-0.0029124872
-0.0074583720
-0.0100321481
-0.0085595502
-0.0030653279
0.0039228683
0.0092780675
0.0106700175
0.0069390765
-0.0008767926
-0.0098052222
-0.0171898571
-0.0214236015
-0.0218620090
-0.0189306356
-0.0147983888
-0.0119017982
-0.0106960077
-0.0097916278
-0.0080458373
-0.0050500929
-0.0016376074
0.0008625281
0.0017943632
0.0012433132
-0.0001108168
-0.0008936269
0.0003630521
0.0037990645
0.0082228533
0.0112612345
0.0109002734
0.0068277960
0.0003745313
-0.0067510302
-0.0131078389
-0.0178558180
-0.0207888863
-0.0220952687
-0.0215854675
-0.0193214552
-0.0173937866
-0.0176128118
-0.0199495044
-0.0230047617
-0.0250330969
-0.0249422722
-0.0235494035
-0.0222798056
-0.0215503314
-0.0206064149
-0.0187311494
-0.0171800016
-0.0183922411
-0.0238016764
-0.0329064892
-0.0432560694
-0.0523900815
-0.0596710046
-0.0653836650
-0.0690455903
-0.0691625357
-0.0643048679
-0.0562833317
-0.0495087856
-0.0469325120
-0.0489213404
-0.0532788424
-0.0562855504
-0.0551958899
-0.0493005157
-0.0394580989
-0.0276046522
-0.0162890475
-0.0079954417
-0.0037419298
-0.0030670836
-0.0041849690
-0.0042871064
-0.0025271894
0.0001304612
0.0032441710
0.0071090669
0.0120893154
0.0192448553
0.0292322252
0.0404017867
0.0496436582
0.0545636811
0.0553730205
0.0553773369
0.0580661417
0.0638313261
0.0702948448
0.0748094854
0.0752830716
0.0709851028
0.0626125710
0.0526337552
0.0439400577
0.0391887271
0.0402147567
0.0470180890
0.0578324632
0.0686630643
0.0731714385
0.0649399715
0.0415015457
0.0079657860
-0.0237880920
-0.0398642313
-0.0347516564
-0.0153514478
0.0095004518
0.0322661709
0.0452766091
0.0507718634
0.0570233363
0.0660817258
0.0762094500
0.0843951136
0.0891925241
0.0887524209
0.0778826347
0.0550461253
0.0277082318
0.0114410879
0.0121791409
0.0163400224
0.0121719449
0.0023611290
-0.0084229408
-0.0191814454
-0.0291300516
-0.0390465429
-0.0487456237
-0.0526993826
-0.0432288475
-0.0183687851
0.0129019144
0.0440952415
0.0830602412
0.1334229034
0.1814206262
0.2106686902
0.2159437475
0.1927349704
0.1365966865
0.0628238031
0.0024499564
-0.0304396784
-0.0448601989
-0.0549560047
-0.0661821016
-0.0784852900
-0.0838293324
-0.0788857656
-0.0735211898
-0.0687215457
-0.0551499910
-0.0241016871
0.0351097875
0.1185148731
0.1919114219
0.2121112123
0.1726564202
0.1204798450
0.0935351742
0.0819643244
0.0680415288
0.0541835487
0.0572211816
0.0787753309
0.0986617022
0.1077866254
0.1111809208
0.1150507615
0.1209352404
0.1289942557
0.1398456477
0.1539916510
0.1702727708
0.1856446619
0.1918281965
0.1813261800
0.1570468861
0.1335108992
0.1225840463
0.1250006232
0.1396553796
0.1696177554
0.2141368104
0.2642527243
0.3057327225
0.3158282752
0.2801775381
0.2100435597
0.1343116473
0.0867227158
0.0798934319
0.1021991649
0.1368266189
0.1670586682
0.1745165269
0.1550206397
0.1230140960
0.0945847081
0.0738890315
0.0582426305
0.0484537530
0.0539709430
0.0870840502
0.1517204992
0.2373051122
0.3213950057
0.3765376724
0.3783658470
0.3246101839
0.2564476662
0.2118619459
0.1913393027
0.1827813264
0.1823262930
0.1857786929
0.1820745999
0.1632558300
0.1348724639
0.1065661617
0.0831914291
0.0676392446
0.0646844369
0.0766458880
0.0977621189
0.1211353167
0.1411368748
0.1534856529
0.1644994317
0.1790610128
0.1873603016
0.1758470444
0.1418935183
0.0889959167
0.0444828536
0.0381543356
0.0737687217
0.1400530353
0.2234444874
0.3040880712
0.3477195363
0.3501444267
0.3628958175
0.4272593164
0.5007099802
0.5163924411
0.4693551184
0.3850138807
0.2945954481
0.2392426355
0.2274096968
0.2255782390
0.2007269646
0.1542782308
0.1020259478
0.0506326036
0.0044720083
-0.0221433019
-0.0090217701
0.0558933834
0.1562685161
0.2389727383
0.2688073155
0.2698503009
0.2754430063
0.2858459355
0.2787332054
0.2423117127
0.1999394372
0.1902784736
0.2201483463
0.2690298649
0.3201232238
0.3631686085
0.3858917936
0.3892897196
0.3865715251
0.3813998547
0.3705255971
0.3567657265
0.3520973330
0.3687329476
0.4055040340
0.4423072517
0.4600516624
0.4633867000
0.4660872168
0.4765928743
0.4927473067
0.5056655417
0.5123875725
0.5225802076
0.5424212069
0.5708147138
0.6081576384
0.6431341287
0.6655438144
0.6794530090
0.6897229148
0.6931193466
0.6758936519
0.6433931967
0.6139235875
0.5808860319
0.5223980517
0.4445598731
0.3706711226
0.3088436136
0.2583699242
0.2279013761
0.2295181370
0.2693130267
0.3379121243
0.4143502773
0.4911484589
0.5748104585
0.6496020567
0.6628306758
0.5651689964
0.3945989999
0.2443700313
0.1464210608
0.0779389729
0.0321469324
0.0217860042
0.0346018287
0.0322971549
0.0012974521
-0.0345715662
-0.0533893917
-0.0526046595
-0.0374372092
-0.0148345268
0.0029627591
0.0043299115
-0.0075403088
-0.0201255408
-0.0288904979
-0.0357234914
-0.0413253154
-0.0496329784
-0.0628665517
-0.0744310925
-0.0753358313
-0.0655130107
-0.0531828936
-0.0469956345
-0.0540647794
-0.0794698199
-0.1224580577
-0.1783674502
-0.2356340449
-0.2817282753
-0.3129752472
-0.3345614113
-0.3528291941
-0.3647549132
-0.3694332181
-0.3812979689
-0.4145225138
-0.4651796309
-0.5144950899
-0.5445149732
-0.5632457682
-0.5852870827
-0.5967726010
-0.5827187394
-0.5498745195
-0.5120597573
-0.4905108953
-0.5151697582
-0.5758072505
-0.6209545157
-0.6423531735
-0.6656085862
-0.6760913739
-0.6596327074
-0.6467013691
-0.6519549326
-0.6661899524
-0.6884450753
-0.6865292114
-0.6154534964
-0.5054857602
-0.4267028661
-0.3894088464
-0.3548858051
-0.3092227352
-0.2793559246
-0.2906500207
-0.3438131030
-0.4137669187
-0.4703576864
-0.4876129292
-0.4615618046
-0.4205023440
-0.3897261120
-0.3684998723
-0.3428685086
-0.3075095489
-0.2691909639
-0.2353255231
-0.2072014691
-0.1852022471
-0.1763460204
-0.1901601119
-0.2267825307
-0.2673915901
-0.2889233470
-0.2848728473
-0.2652247752
-0.2503432412
-0.2502575424
-0.2514843992
-0.2347918004
-0.1969885658
-0.1540378695
-0.1219159160
-0.1035192539
-0.0993740972
-0.1176302846
-0.1578759952
-0.2062336893
-0.2525851408
-0.2922205224
-0.3295855079
-0.3658861761
-0.3921985547
-0.4082879881
-0.4166733413
-0.4168676370
-0.4145379213
-0.4173224863
-0.4266597334
-0.4375392494
-0.4441696343
-0.4429111709
-0.4333784169
-0.4174171527
-0.3954083442
-0.3683820665
-0.3426781028
-0.3181469406
-0.2826266051
-0.2274403902
-0.1545147695
-0.0793427844
-0.0175374288
0.0289785314
0.0619116965
0.0763947567
0.0687967918
0.0527249717
0.0504541006
0.0664623717
0.0897085854
0.1085605456
0.1128629637
0.0921372224
0.0421740828
-0.0212541992
-0.0666518250
-0.0693776872
-0.0195047369
0.0764102644
0.1791033280
0.2371077058
0.2476864153
0.2531360584
0.2852815744
0.3382139474
0.3800016488
0.3712853129
0.2877015566
0.1503787540
0.0336524649
-0.0181433047
-0.0454835114
-0.1009739583
-0.1871954810
-0.2641813169
-0.2856784121
-0.2321761272
-0.1450167742
-0.0925882159
-0.0883611744
-0.0993209018
-0.1130374381
-0.1502769150
-0.2212740156
-0.2797456608
-0.2806685331
-0.2555174747
-0.2564079736
-0.2935124155
-0.3364174624
-0.3489557637
-0.3169211588
-0.2728979046
-0.2587660572
-0.2699104981
-0.2797892402
-0.2829648194
-0.2892739658
-0.2917586974
-0.2685397716
-0.2180986058
-0.1597197818
-0.1153508003
-0.0952537500
-0.0947303566
-0.1072775079
-0.1328122549
-0.1721671533
-0.2174595703
-0.2464781161
-0.2412716707
-0.1980487856
-0.1162261156
-0.0068452432
0.0891110048
0.1421699366
0.1689962812
0.1867499207
0.1805663043
0.1300018187
0.0571343237
0.0099152448
-0.0078989058
-0.0329198303
-0.0824534672
-0.1327792457
-0.1458405785
-0.1026385346
-0.0286598846
0.0360731358
0.0845606699
0.1323056341
0.1865810407
0.2342102321
0.2486396305
0.2056873791
0.1037798367
-0.0128097828
-0.0864973397
-0.1124856873
-0.1284977477
-0.1591263241
-0.1955308642
-0.2096718767
-0.1747603276
-0.0859970527
0.0144839841
0.0716388749
0.0815543404
0.0739256738
0.0608790445
0.0309179108
-0.0203528842
-0.0624702266
-0.0568789855
-0.0037057368
0.0661404229
0.1116478711
0.1072530510
0.0639023653
0.0108238251
-0.0341794559
-0.0725335724
-0.1063313119
-0.1359738301
-0.1672514409
-0.2005552149
-0.2267617844
-0.2330807981
-0.2163859509
-0.2027896291
-0.2280106543
-0.2927374504
-0.3589975284
-0.3943522703
-0.4077756718
-0.4255654141
-0.4639918735
-0.5225309459
-0.5808564847
-0.6234096991
-0.6612863379
-0.6930099518
-0.6818567537
-0.6227061585
-0.5550796959
-0.4924434789
-0.4233434652
-0.3587906896
-0.3316598759
-0.3566984150
-0.4167880252
-0.4817574488
-0.5288672348
-0.5397584238
-0.5078708389
-0.4455571007
-0.3715205182
-0.3026547907
-0.2507915525
-0.2137850635
-0.1788912320
-0.1348276853
-0.0812815572
-0.0347856276
-0.0131215045
-0.0074456797
0.0076956621
0.0483436261
0.1088020627
0.1654895369
0.1821762671
0.1257073033
-0.0047192420
-0.1388513019
-0.2001779048
-0.2043733478
-0.2147873181
-0.2588857095
-0.3151897821
-0.3463534317
-0.3311246473
-0.2902679433
-0.2745909746
-0.3032097639
-0.3451052441
-0.3617205749
-0.3453738073
-0.3095855589
-0.2573925730
-0.1896168185
-0.1215023063
-0.0818580980
-0.0943786111
-0.1540191976
-0.2098590680
-0.2166168428
-0.1859843688
-0.1506762317
-0.1295712552
-0.1347810757
-0.1717227548
-0.2231733325
-0.2616651901
-0.2700881621
-0.2488954492
-0.2103700173
-0.1817257815
-0.1737596619
-0.1645577741
-0.1448157204
-0.1201675127
-0.0925211347
-0.0664326023
-0.0503988545
-0.0477239977
-0.0582735696
-0.0825162071
-0.1087194641
-0.1195284182
-0.1141805233
-0.1046843231
-0.0983238733
-0.0911422499
-0.0731817193
-0.0417561571
-0.0006529570
0.0420649010
0.0636990785
0.0433944755
-0.0123195140
-0.0796033051
-0.1207949761
-0.1216868405
-0.1100267504
-0.1031587954
-0.0867683838
-0.0390917492
0.0403033528
0.1196861813
0.1659258717
0.1788707982
0.1738896841
0.1559587109
0.1199190367
0.0697354328
0.0350235222
0.0383287038
0.0640252864
0.0902520015
0.1105864045
0.1189070505
0.1051967898
0.0720792527
0.0369187183
0.0124718794
-0.0076948945
-0.0296943587
-0.0512914089
-0.0696157659
-0.0787567603
-0.0655595057
-0.0199740428
0.0476601762
0.1154892978
0.1745289557
0.2115180409
0.2232705668
0.2377206756
0.2777823846
0.3429235957
0.4191104892
0.4875785424
0.5244005289
0.5061527304
0.4281942320
0.3305734720
0.2720941598
0.2618126654
0.2595269497
0.2319375743
0.1781028622
0.1179038419
0.0774914693
0.0802380070
0.1322366504
0.2018273186
0.2344697718
0.2197722273
0.1973325092
0.1962873945
0.2175206284
0.2477203234
0.2736782137
0.2841620858
0.2702479323
0.2340771167
0.1900336493
0.1475928656
0.1102757604
0.0799320086
0.0522028964
0.0240966407
0.0007099949
-0.0098951689
-0.0149597728
-0.0305690401
-0.0538604083
-0.0725988982
-0.0829499327
-0.0885742707
-0.0921848933
-0.0897698612
-0.0744187941
-0.0451204749
-0.0050932659
0.0483013225
0.1148045888
0.1719735315
0.1941084849
0.1816363377
0.1507714994
0.1136974176
0.0783589590
0.0534147852
0.0377349021
0.0194044112
-0.0069050304
-0.0317297818
-0.0487396888
-0.0636932008
-0.0785232088
-0.0932065585
-0.1094094178
-0.1241825034
-0.1333363098
-0.1376230418
-0.1413222691
-0.1471369773
-0.1506612148
-0.1470166002
-0.1371438056
-0.1236897367
-0.1052803244
-0.0846459505
-0.0690249755
-0.0608380669
-0.0598562175
-0.0688572648
-0.0875463189
-0.1101695674
-0.1268929780
-0.1328678482
-0.1295501584
-0.1173347460
-0.0932195766
-0.0599275438
-0.0293789260
-0.0097190200
0.0039927865
0.0158708771
0.0171832604
-0.0089489121
-0.0599394929
-0.1190785907
-0.1795581712
-0.2338699633
-0.2447866430
-0.2057931806
-0.1636735985
-0.1374127818
-0.1170145051
-0.1004531208
-0.0907089863
-0.0836207496
-0.0789816287
-0.0777866068
-0.0723239671
-0.0571604070
-0.0394751384
-0.0336418055
-0.0451619369
-0.0642080059
-0.0809973790
-0.0920793328
-0.0952633214
-0.0913286136
-0.0866657187
-0.0889270651
-0.0990266699
-0.1095606249
-0.1090268106
-0.0866808754
-0.0358084907
0.0400528936
0.1223394047
0.1809132672
0.1957597456
0.1724580898
0.1316315533
0.0847686915
0.0284692945
-0.0198505184
-0.0401323026
-0.0488936218
-0.0681836523
-0.0946720434
-0.1051278255
-0.0779333806
-0.0101667891
0.0658906343
0.1090086451
0.1070921071
0.0736247659
0.0310312910
-0.0109855278
-0.0537648737
-0.0907590062
-0.1125503363
-0.1129959015
-0.0799155998
-0.0006061472
0.1107531661
0.1945946357
0.1983524719
0.1479196417
0.0945799098
0.0415440167
-0.0251168158
-0.0854420550
-0.1175118431
-0.1375468667
-0.1691436920
-0.2089597976
-0.2303516105
-0.2033353132
-0.1165684047
0.0000590253
0.0780547166
0.0787974303
0.0356565498
0.0142537227
0.0474714382
0.1191598333
0.1996039273
0.2644798863
0.2867901468
0.2610891169
0.2189836268
0.1790689031
0.1431541386
0.1218882886
0.1237218827
0.1382944492
0.1578646159
0.1862314359
0.2224332844
0.2494731504
0.2526785972
0.2300836067
0.1870296654
0.1359036757
0.0920846393
0.0661117720
0.0779852483
0.1251324118
0.1714160938
0.1992120456
0.2185757358
0.2417506408
0.2655347448
0.2681777996
0.2337172814
0.1782541407
0.1392621590
0.1398540238
0.1708691020
0.2146658768
0.2622078108
0.3045129954
0.3281255392
0.3151642178
0.2576901806
0.1755359054
0.0989612456
0.0461532919
0.0150276559
-0.0056726908
-0.0149964237
0.0029687795
0.0593187758
0.1353703434
0.1882713397
0.2015857806
0.1961968714
0.1924507533
0.1940334151
0.2007660451
0.2212146335
0.2539013380
0.2769797761
0.2696622500
0.2287726206
0.1649582475
0.1088887122
0.0825006274
0.0701979380
0.0498856783
0.0201315725
-0.0035692372
-0.0023685084
0.0348313266
0.0980518464
0.1528722726
0.1815476282
0.1945712523
0.1830607348
0.1410758367
0.0901458516
0.0532376194
0.0358668635
0.0240387152
0.0115709438
0.0112367098
0.0268070405
0.0471818439
0.0624585517
0.0675802351
0.0643786203
0.0587102800
0.0529826749
0.0452820289
0.0353385693
0.0281748656
0.0271988661
0.0280500311
0.0261775028
0.0246991449
0.0303492138
0.0458061691
0.0664308688
0.0900091803
0.1206632306
0.1557039583
0.1832726283
0.1933114179
0.1818571546
0.1465291220
0.0928933483
0.0505525820
0.0484584791
0.0736262332
0.0993162891
0.1216550876
0.1474139650
0.1728752935
0.1948487106
0.2172878698
0.2425871842
0.2734328896
0.3052974737
0.3178280478
0.2965933986
0.2497064876
0.2103661727
0.2003870102
0.2036931847
0.2054239146
0.2027067827
0.1886797194
0.1610647662
0.1277528653
0.0978782667
0.0768296057
0.0711335997
0.0835197434
0.1060832771
0.1332540730
0.1650420235
0.2013035088
0.2318809694
0.2342993630
0.1962378658
0.1320691421
0.0710148084
0.0331766865
0.0212274948
0.0442759120
0.0870821953
0.1050968615
0.0850697294
0.0452747310
0.0054414184
-0.0209631337
-0.0263281816
-0.0142387614
0.0102342340
0.0448822854
0.0839383667
0.1163877341
0.1298101583
0.1087876390
0.0521219014
-0.0207688605
-0.0875857671
-0.1354079561
-0.1540466896
-0.1413478080
-0.1200770568
-0.1069937412
-0.0917651491
-0.0618170035
-0.0348444030
-0.0329895547
-0.0518508214
-0.0827870471
-0.1172669177
-0.1446873907
-0.1641397156
-0.1770071460
-0.1820752154
-0.1745251797
-0.1499809418
-0.1100598532
-0.0562656857
0.0133490904
0.0875984883
0.1337368736
0.1139795474
0.0351527172
-0.0550139245
-0.1237437581
-0.1652527573
-0.1906711908
-0.2143348209
-0.2429194219
-0.2676200614
-0.2699090800
-0.2370167382
-0.1811525738
-0.1370136019
-0.1261109713
-0.1379676297
-0.1516268579
-0.1557338284
-0.1498016639
-0.1383445115
-0.1310771770
-0.1399171061
-0.1695685846
-0.2083414958
-0.2321086057
-0.2296845900
-0.2095279724
-0.1849868187
-0.1665563729
-0.1547716574
-0.1458439634
-0.1358885054
-0.1251378854
-0.1139383459
-0.1030691521
-0.0972238304
-0.1004504856
-0.1102291642
-0.1208582291
-0.1249053674
-0.1166476781
-0.0954412500
-0.0635611530
-0.0274201918
0.0017881579
0.0142083781
0.0059406036
-0.0196153390
-0.0563029583
-0.0944079290
-0.1211064423
-0.1221947658
-0.0964628590
-0.0581375404
-0.0207586153
0.0072108151
0.0246739920
0.0334919525
0.0292416571
0.0101349997
-0.0145544400
-0.0292057852
-0.0258423839
-0.0106566962
0.0091656471
0.0309449284
0.0509093762
0.0617414658
0.0561082181
0.0313706405
-0.0095616154
-0.0556154959
-0.0946866176
-0.1112260958
-0.0993506266
-0.0813543778
-0.0755098872
-0.0786827952
-0.0813792277
-0.0789629096
-0.0685686757
-0.0480335215
-0.0174662423
0.0180204280
0.0497185082
0.0665602570
0.0691919516
0.0680303384
0.0667340519
0.0647533281
0.0635204684
0.0608978223
0.0506764112
0.0294181177
-0.0002507759
-0.0300413063
-0.0423600750
-0.0397982649
-0.0499281464
-0.0796097684
-0.1091226436
-0.1211453341
-0.1165624354
-0.0987604327
-0.0709599337
-0.0374674106
0.0010578126
0.0424443925
0.0659197650
0.0630954292
0.0554682845
0.0558981183
0.0604236675
0.0612650353
0.0575440779
0.0538009040
0.0525323649
0.0540015588
0.0578662938
0.0639844258
0.0715442109
0.0787857046
0.0853683863
0.0931803966
0.1044232735
0.1237481382
0.1564715726
0.2025431457
0.2514854887
0.2862588432
0.2884940596
0.2499534071
0.1819895353
0.1171785404
0.0815700023
0.0699234859
0.0750067251
0.1062398376
0.1679981631
0.2314168106
0.2551189115
0.2235477158
0.1430678111
0.0348120093
-0.0643516574
-0.1162810514
-0.1043242008
-0.0498012563
-0.0049498066
-0.0006797596
-0.0168160501
-0.0214342581
-0.0076162598
0.0131214213
0.0284615311
0.0380218746
0.0522857606
0.0767683693
0.1077134646
0.1359256863
0.1543528613
0.1547427921
0.1319125926
0.0876523902
0.0312410969
-0.0302284505
-0.0883790854
-0.1245590763
-0.1285154843
-0.1184326014
-0.1173442031
-0.1295839469
-0.1431531576
-0.1400900601
-0.1129225143
-0.0755736714
-0.0473687945
-0.0342345227
-0.0291787223
-0.0205447403
-0.0010380285
0.0254263476
0.0439308916
0.0398887823
0.0067154383
-0.0460167256
-0.0881662860
-0.0979614388
-0.0885257078
-0.0776067143
-0.0627172552
-0.0337230730
0.0033146888
0.0347085900
0.0568794377
0.0793727945
0.1048282865
0.1179280624
0.1076849169
0.0806693079
0.0513682045
0.0303517689
0.0156569291
-0.0035191666
-0.0245072487
-0.0361172611
-0.0389148492
-0.0464762156
-0.0620767025
-0.0847256456
-0.1146922918
-0.1414471173
-0.1504982486
-0.1474714622
-0.1474177953
-0.1475985377
-0.1351162357
-0.1083004119
-0.0760714666
-0.0442411454
-0.0174916463
0.0000053983
0.0073570833
0.0038060077
-0.0059314888
-0.0190783160
-0.0376853557
-0.0643724175
-0.0976499452
-0.1262928963
-0.1207725533
-0.0754423334
-0.0223232503
0.0181333914
0.0524980822
0.0959105938
0.1429805852
0.1670068422
0.1487649370
0.1021645098
0.0504642504
0.0000401879
-0.0476216624
-0.0891396807
-0.1217727492
-0.1418830420
-0.1356390154
-0.0852005810
0.0087017007
0.0993708019
0.1367523454
0.1230023532
0.0820495081
0.0277785302
-0.0207944149
-0.0353097045
-0.0095974884
0.0360113136
0.0807195566
0.1111385096
0.1219128315
0.1217981271
0.1198382008
0.1164100413
0.1125294742
0.1121249400
0.1147530983
0.1145775601
0.1049480264
0.0829152320
0.0527192964
0.0268346785
0.0219046113
0.0399653812
0.0638822583
0.0783483525
0.0789073622
0.0662738578
0.0444612426
0.0247729865
0.0179102914
0.0271834907
0.0523039175
0.0901717149
0.1294942861
0.1536262510
0.1510427905
0.1203169065
0.0706838678
0.0205988918
-0.0160241064
-0.0396305205
-0.0552323969
-0.0609537994
-0.0455949749
0.0007466826
0.0693447494
0.1284335420
0.1582933934
0.1717722495
0.1838509905
0.1886417745
0.1690681575
0.1191970158
0.0617185209
0.0222786295
-0.0012848064
-0.0139416638
-0.0117405389
0.0057695778
0.0262795371
0.0369089321
0.0411693823
0.0468519630
0.0582476381
0.0810966202
0.1089020749
0.1239137917
0.1191569573
0.0974875726
0.0640631526
0.0333478967
0.0233295262
0.0339049929
0.0476173595
0.0468132428
0.0275186666
0.0005438636
-0.0189241240
-0.0227696711
-0.0134431884
0.0018012288
0.0187831921
0.0392433553
0.0689931483
0.1095221877
0.1511979560
0.1784997715
0.1930731861
0.2048850124
0.2115361047
0.2110566204
0.2066945375
0.1983367417
0.1810365867
0.1504143809
0.1025752466
0.0406955678
-0.0182027674
-0.0570441454
-0.0642572143
-0.0272727498
0.0579432151
0.1584494814
0.2253015014
0.2458149963
0.2391406647
0.2237432448
0.2044619609
0.1879097829
0.1811178958
0.1755430553
0.1598097273
0.1384691428
0.1152858048
0.0822889249
0.0406277124
0.0069160811
0.0008051445
0.0359425266
0.1120190169
0.1971560122
0.2517695509
0.2677175515
0.2493833854
0.1952562669
0.1106517112
0.0291632807
-0.0193491496
-0.0421452056
-0.0548067626
-0.0576839925
-0.0375712442
0.0155751244
0.0891520877
0.1476846877
0.1687999530
0.1568643920
0.1174554932
0.0485116491
-0.0364552363
-0.1029083554
-0.1264534304
-0.1203665302
-0.1142158094
-0.1144407072
-0.1116048988
-0.1056875436
-0.1033111468
-0.1046208454
-0.1069186981
-0.1120305096
-0.1255699338
-0.1515492640
-0.1859600634
-0.2167720159
-0.2344947329
-0.2367651134
-0.2254660405
-0.2064159871
-0.1811005895
-0.1432421689
-0.0873232042
-0.0127485766
0.0622808751
0.0936139813
0.0747958429
0.0541691653
0.0547737100
0.0525529581
0.0240830569
-0.0172472011
-0.0459210173
-0.0623621256
-0.0772562920
-0.0958836469
-0.1237817920
-0.1634827060
-0.2126398848
-0.2584271278
-0.2811996016
-0.2805226973
-0.2722238495
-0.2577738125
-0.2278481079
-0.1904980540
-0.1646282766
-0.1418214731
-0.1019954779
-0.0538093057
-0.0204076000
-0.0099246370
-0.0131136807
-0.0186181411
-0.0250511197
-0.0377386623
-0.0520212730
-0.0542022541
-0.0389352426
-0.0097565731
0.0265036028
0.0618958839
0.0838853854
0.0744419222
0.0311187421
-0.0276468684
-0.0842220899
-0.1255245907
-0.1448289084
-0.1513499995
-0.1540906554
-0.1508783530
-0.1452528149
-0.1473112750
-0.1583220663
-0.1699712724
-0.1743887685
-0.1692830911
-0.1527036211
-0.1153569407
-0.0432365896
0.0645325693
0.1804531863
0.2546876866
0.2571430039
0.2049959311
0.1488432462
0.1190123099
0.0926377593
0.0378173876
-0.0538351380
-0.1620236970
-0.2446951542
-0.2703478866
-0.2397295227
-0.1767664658
-0.1154042013
-0.0725982313
-0.0469463480
-0.0321439954
-0.0175030005
0.0042682636
0.0364753738
0.0794471022
0.1288209002
0.1730141777
0.1945786637
0.1756726885
0.1118135900
0.0289851886
-0.0343364850
-0.0602524957
-0.0344409256
0.0259559200
0.0707308250
0.0844317458
0.0789592521
0.0636437507
0.0442179591
0.0279337874
0.0198760183
0.0184720887
0.0176606001
0.0140810228
0.0077533297
0.0012171677
-0.0016734083
0.0013507834
0.0091963835
0.0196163850
0.0314716956
0.0463118291
0.0651698513
0.0844063475
0.0989488035
0.1062991835
0.1070977113
0.1062992076
0.1094011701
0.1162513143
0.1183688275
0.1053889809
0.0735578691
0.0282006274
-0.0195543239
-0.0548988767
-0.0719587685
-0.0783117532
-0.0807658674
-0.0815806310
-0.0861613199
-0.0984673006
-0.1151658198
-0.1303946530
-0.1399347784
-0.1421256733
-0.1407495074
-0.1430087820
-0.1514552677
-0.1616159611
-0.1669726748
-0.1663799641
-0.1626217247
-0.1561404985
-0.1459605630
-0.1340892617
-0.1228971683
-0.1117849742
-0.1019993702
-0.1006582392
-0.1171035378
-0.1556292426
-0.2098100210
-0.2681191683
-0.3143214824
-0.3296822021
-0.3186770725
-0.3048147722
-0.2943550508
-0.2704011371
-0.2229185321
-0.1602286908
-0.0898065994
-0.0178348486
0.0466102188
0.1064044204
0.1680805720
0.2225400934
0.2414791903
0.1958904218
0.0843316187
-0.0362681899
-0.0998123070
-0.1069350878
-0.0939963009
-0.0766295767
-0.0497632393
-0.0186030582
-0.0013527933
-0.0041686724
-0.0162107989
-0.0290275977
-0.0442551883
-0.0667956489
-0.0940941826
-0.1185365713
-0.1305720384
-0.1223330302
-0.0995321794
-0.0742815264
-0.0485620203
-0.0180381429
0.0141366529
0.0300641786
0.0106109813
-0.0342235807
-0.0721467701
-0.0887248855
-0.0927112478
-0.0908544698
-0.0841104781
-0.0793197905
-0.0839862568
-0.0965927106
-0.1095775046
-0.1176413622
-0.1200816748
-0.1169323994
-0.1090306270
-0.0990377305
-0.0913275225
-0.0898363477
-0.0948494469
-0.1026927924
-0.1082932381
-0.1088372852
-0.1028633137
-0.0889400093
-0.0649641236
-0.0307717803
0.0091564576
0.0461092521
0.0722080783
0.0771742161
0.0488697766
-0.0115426313
-0.0782539774
-0.1241803730
-0.1444166570
-0.1337860750
-0.0943928572
-0.0544081078
-0.0382016039
-0.0433647041
-0.0547704145
-0.0603040792
-0.0546855301
-0.0396091620
-0.0215141931
-0.0083678488
-0.0072919350
-0.0204203771
-0.0402947598
-0.0563847910
-0.0655787288
-0.0709005459
-0.0745515479
-0.0752259427
-0.0731379141
-0.0741895849
-0.0840341853
-0.1028666020
-0.1283680379
-0.1565509143
-0.1799270107
-0.1912078388
-0.1870929133
-0.1714974832
-0.1524532088
-0.1327218662
-0.1105942611
-0.0889763348
-0.0750626210
-0.0737377805
-0.0837306864
-0.0986582980
-0.1113876224
-0.1168930833
-0.1142589309
-0.1051761983
-0.0923796954
-0.0770479379
-0.0591540296
-0.0407920055
-0.0288355138
-0.0326221616
-0.0583772956
-0.1024297910
-0.1479154015
-0.1740608556
-0.1672190169
-0.1317159466
-0.0864329954
-0.0447743539
-0.0083645603
0.0208559479
0.0257685138
-0.0046377743
-0.0531326316
-0.0961587853
-0.1297980878
-0.1559709996
-0.1696325221
-0.1707336710
-0.1688002232
-0.1715646772
-0.1749545655
-0.1735088655
-0.1672186235
-0.1541653765
-0.1299303766
-0.0925168051
-0.0460791063
-0.0020506585
0.0209265911
0.0109528977
-0.0287295964
-0.0890156198
-0.1497607765
-0.1900549090
-0.1949121482
-0.1657375302
-0.1299053057
-0.1076609143
-0.0986200033
-0.0913188980
-0.0732400484
-0.0424001112
-0.0051048999
0.0309439772
0.0494806067
0.0465122721
0.0380256464
0.0304126123
0.0181511881
0.0046724504
-0.0007200749
0.0017848510
0.0067825619
0.0139983405
0.0281701636
0.0522043705
0.0843145070
0.1195783702
0.1513597728
0.1733802290
0.1779060833
0.1592475865
0.1239865997
0.0901018814
0.0743485246
0.0801501805
0.0966045675
0.1086394837
0.1071439854
0.0902984999
0.0614660151
0.0268641685
-0.0045114045
-0.0222937114
-0.0189093035
0.0026070064
0.0352116219
0.0768207899
0.1163877845
0.1242993186
0.0912494365
0.0388685054
-0.0206235931
-0.0828173638
-0.1403622271
-0.1802205060
-0.1900820248
-0.1736580321
-0.1509004776
-0.1433895395
-0.1535009481
-0.1651919384
-0.1657512116
-0.1576032762
-0.1443827495
-0.1233029053
-0.0960544254
-0.0695190065
-0.0515369881
-0.0446607475
-0.0438321888
-0.0442045947
-0.0439644038
-0.0411282825
-0.0325519568
-0.0153238019
0.0113691718
0.0446450873
0.0777988408
0.1034006879
0.1128042311
0.0969639769
0.0537171676
-0.0034500733
-0.0569636429
-0.0981380518
-0.1051533940
-0.0665447158
-0.0108645098
0.0297655683
0.0483359774
0.0529518894
0.0495268662
0.0375119401
0.0128509287
-0.0238914446
-0.0592677876
-0.0760960434
-0.0650777580
-0.0394335374
-0.0251882941
-0.0241295840
-0.0212375724
-0.0085378314
0.0085248606
0.0247368167
0.0401378065
0.0582248031
0.0808339011
0.1046446399
0.1256928837
0.1443908856
0.1630455719
0.1803967063
0.1875087551
0.1720891404
0.1293922343
0.0751852112
0.0357651416
0.0160853712
0.0013827240
-0.0101686034
-0.0012249222
0.0331398767
0.0620998065
0.0568668025
0.0234490655
-0.0152161215
-0.0417588749
-0.0511506248
-0.0481247985
-0.0392359607
-0.0289075223
-0.0191784485
-0.0131515556
-0.0112606722
-0.0102692995
-0.0078734988
-0.0043986507
-0.0002966698
0.0045227357
0.0123520678
0.0263648877
0.0495545359
0.0815544414
0.1186455291
0.1529574577
0.1787182263
0.1867361377
0.1614681738
0.0977306894
0.0213386902
-0.0348433063
-0.0679359473
-0.0966079760
-0.1315050046
-0.1614483382
-0.1588942813
-0.0989873244
0.0158370490
0.1286268549
0.1776862981
0.1645132255
0.1238143232
0.0819639829
0.0531228729
0.0372479537
0.0276590603
0.0209207802
0.0108750215
-0.0086419874
-0.0278177699
-0.0374816398
-0.0429171235
-0.0452216764
-0.0381226614
-0.0151815002
0.0184886635
0.0569586891
0.1053001922
0.1584350621
0.2013065812
0.2067650301
0.1516472380
0.0601430414
-0.0131734268
-0.0411361986
-0.0456323969
-0.0519641353
-0.0592716286
-0.0501108540
-0.0151751208
0.0315858969
0.0603371200
0.0598843245
0.0459929112
0.0366159848
0.0341660373
0.0329599234
0.0327112703
0.0377020648
0.0460092863
0.0529805636
0.0574377717
0.0631082175
0.0745941631
0.0953454948
0.1242315847
0.1525452791
0.1635054424
0.1558466998
0.1451260480
0.1360564061
0.1236441679
0.1119214588
0.1099271486
0.1171647834
0.1265573050
0.1335441475
0.1371530608
0.1367382925
0.1351886022
0.1420819481
0.1643339413
0.1995522319
0.2388893161
0.2687293114
0.2725504921
0.2471383350
0.2083019606
0.1785523658
0.1716333248
0.1815984833
0.1892954357
0.1814714204
0.1588815592
0.1307305320
0.0990285056
0.0612046993
0.0277298222
0.0108848058
0.0064519867
0.0093718805
0.0206259951
0.0345585627
0.0472915602
0.0636359075
0.0911707840
0.1262003548
0.1549275687
0.1644601145
0.1466778551
0.1018506456
0.0477732256
0.0143325050
0.0177987162
0.0532068907
0.1063345978
0.1539356647
0.1754583958
0.1722184742
0.1548509468
0.1271720505
0.0850589803
0.0358733724
0.0030796900
-0.0030764192
0.0056783222
0.0187232294
0.0379398644
0.0629757340
0.0806345787
0.0791147796
0.0586736582
0.0233001944
-0.0220540365
-0.0687000928
-0.1090593490
-0.1349913829
-0.1345000184
-0.1071025585
-0.0770794675
-0.0664323797
-0.0707415669
-0.0764243382
-0.0765113304
-0.0697550164
-0.0555442938
-0.0333461059
-0.0072936694
0.0158981794
0.0337624553
0.0502873347
0.0681812862
0.0830324682
0.0902330445
0.0930419117
0.0998922288
0.1144774217
0.1349402292
0.1583127855
0.1813311804
0.2031716994
0.2223308260
0.2319617284
0.2281404915
0.2181228157
0.2154752364
0.2269043929
0.2493027087
0.2765706192
0.3009293298
0.3120193895
0.3021364653
0.2727754336
0.2372037140
0.2196212548
0.2281918995
0.2440352741
0.2532706607
0.2611051375
0.2786701547
0.3061563662
0.3306440553
0.3425652869
0.3468556889
0.3509800437
0.3544902570
0.3494503787
0.3287973946
0.2946860895
0.2552943882
0.2163572971
0.1893326921
0.1790667127
0.1719339034
0.1604152521
0.1490062619
0.1386076032
0.1258412766
0.1107645910
0.0971074501
0.0887657187
0.0872720929
0.0913293568
0.0998377153
0.1138903044
0.1285292228
0.1353498559
0.1333625952
0.1249602003
0.1073653104
0.0730952409
0.0207814292
-0.0413848629
-0.1020546104
-0.1419090107
-0.1490477290
-0.1431989872
-0.1481973558
-0.1632052504
-0.1785050764
-0.1936608347
-0.2104124056
-0.2272060767
-0.2417281606
-0.2519677012
-0.2544962297
-0.2510480169
-0.2507808011
-0.2624366186
-0.2893968294
-0.3259746966
-0.3604833743
-0.3854463774
-0.4023253471
-0.4175493844
-0.4323149758
-0.4431073784
-0.4507282823
-0.4601993336
-0.4739463609
-0.4918327929
-0.5107487841
-0.5256755455
-0.5305335941
-0.5286260771
-0.5308037543
-0.5402407875
-0.5535333553
-0.5683329521
-0.5821719751
-0.5903337855
-0.5862803835
-0.5682003773
-0.5420088052
-0.5179795735
-0.5020985091
-0.4873069343
-0.4636584611
-0.4336738129
-0.4099487217
-0.3969256083
-0.3874791594
-0.3716245732
-0.3468405430
-0.3217917009
-0.3014005688
-0.2809942559
-0.2583078711
-0.2364967794
-0.2199282559
-0.2055220731
-0.1887197724
-0.1729482260
-0.1596138369
-0.1454373766
-0.1291841587
-0.1132968718
-0.0997181536
-0.0882139089
-0.0761635503
-0.0601144137
-0.0385860716
-0.0136177580
0.0115627740
0.0376973377
0.0635377215
0.0840091140
0.1009322318
0.1183307261
0.1360584295
0.1552850134
0.1789060715
0.2059042850
0.2335477232
0.2606550069
0.2859911769
0.3034371131
0.3111172828
0.3119273802
0.3048357001
0.2871199044
0.2627370834
0.2374579916
0.2122418197
0.1870776971
0.1692779524
0.1640791075
0.1665053715
0.1734611734
0.1816704156
0.1878735033
0.1936880893
0.2020207250
0.2132643575
0.2262761987
0.2385821595
0.2458709605
0.2443185620
0.2345017837
0.2193797900
0.2034968150
0.1906030969
0.1826822277
0.1790941662
0.1793964534
0.1825973061
0.1849671540
0.1849098968
0.1835929129
0.1805056934
0.1738233658
0.1648360563
0.1568130269
0.1506774444
0.1452037758
0.1392904089
0.1334708231
0.1295920469
0.1290855468
0.1322739076
0.1389114699
0.1468623187
0.1544651921
0.1608180447
0.1643821774
0.1639345754
0.1600925969
0.1560241492
0.1558567204
0.1604808735
0.1656414100
0.1640948899
0.1499532927
0.1209692366
0.0806806573
0.0379426095
0.0068973304
-0.0085514462
-0.0134948033
-0.0097260618
-0.0001672056
0.0114669372
0.0216791792
0.0301693384
0.0406800805
0.0544862444
0.0718302305
0.0956906813
0.1221391897
0.1432344953
0.1524535888
0.1478797595
0.1307870405
0.1003313338
0.0624347535
0.0310403016
0.0127762883
0.0100622582
0.0244073587
0.0478560531
0.0665843882
0.0728907011
0.0699438533
0.0676511946
0.0718634683
0.0810472016
0.0899893976
0.0961826688
0.1041791963
0.1193863362
0.1395605875
0.1573835388
0.1666537147
0.1651687251
0.1506485797
0.1261895313
0.0983370213
0.0631329645
0.0160051241
-0.0303909306
-0.0601745675
-0.0709934921
-0.0617227200
-0.0340539407
-0.0060454027
0.0099734686
0.0210936350
0.0468208580
0.1001158708
0.1689263258
0.2195852114
0.2225773386
0.1726183745
0.0898096588
0.0090111034
-0.0467470270
-0.0705927962
-0.0647734160
-0.0494363493
-0.0400625150
-0.0339568152
-0.0283446732
-0.0210840883
-0.0048762357
0.0285233826
0.0802674008
0.1357205502
0.1705823608
0.1721751078
0.1449571520
0.0976549876
0.0503697600
0.0240984810
0.0212280909
0.0292164125
0.0356732348
0.0370347063
0.0373722850
0.0386843168
0.0379146129
0.0340153515
0.0286387582
0.0233429092
0.0171588057
0.0103858545
0.0073441857
0.0129727915
0.0278022189
0.0464992681
0.0619530977
0.0742561928
0.0927379300
0.1189297209
0.1395042295
0.1429808094
0.1311436070
0.1120461086
0.0885290707
0.0614462002
0.0335608567
0.0107598744
-0.0028132418
-0.0123181960
-0.0224798622
-0.0303252794
-0.0333912291
-0.0289520458
-0.0171789722
-0.0050653793
0.0018273355
0.0027847374
-0.0011958727
-0.0123784864
-0.0340313966
-0.0640591952
-0.0922011597
-0.1124076209
-0.1306235370
-0.1527862212
-0.1709019261
-0.1814801271
-0.1929003854
-0.2042985439
-0.2082332108
-0.2035736335
-0.1956678467
-0.1902136014
-0.1883261222
-0.1844741640
-0.1762971015
-0.1669762352
-0.1586818962
-0.1494722238
-0.1381542220
-0.1259705718
-0.1137940256
-0.1013070927
-0.0898843031
-0.0818159821
-0.0767723014
-0.0727186897
-0.0664688529
-0.0581396584
-0.0544098916
-0.0605664050
-0.0757137359
-0.0971315492
-0.1188936107
-0.1387182569
-0.1591289304
-0.1758706804
-0.1862121987
-0.1893907639
-0.1811962529
-0.1647950979
-0.1486318262
-0.1367413687
-0.1253906120
-0.1068401642
-0.0847903960
-0.0696571062
-0.0642975501
-0.0627749043
-0.0569873716
-0.0444476458
-0.0281356563
-0.0114377579
0.0029318988
0.0151317949
0.0270764795
0.0410262441
0.0572003958
0.0738934520
0.0857218752
0.0840715569
0.0662286668
0.0391707475
0.0141813460
-0.0082746431
-0.0327782986
-0.0482567164
-0.0477857430
-0.0440213830
-0.0434519638
-0.0353052070
-0.0099727915
0.0232656506
0.0499198607
0.0669448007
0.0663907966
0.0394054521
-0.0051322284
-0.0468518999
-0.0783264527
-0.1079777005
-0.1354848184
-0.1455396104
-0.1301429601
-0.1098945957
-0.1064521088
-0.1166772826
-0.1284749378
-0.1354038039
-0.1361973056
-0.1316841022
-0.1247507862
-0.1127712699
-0.0862210414
-0.0454900665
-0.0055021398
0.0191848961
0.0228239320
0.0101758545
-0.0048644862
-0.0135610333
-0.0172750519
-0.0188915102
-0.0206356186
-0.0236814231
-0.0254696108
-0.0222426695
-0.0123549414
0.0007632581
0.0099743563
0.0116349963
0.0081025203
0.0023885740
-0.0041976513
-0.0104299236
-0.0144265015
-0.0165384090
-0.0207183689
-0.0313832774
-0.0491147179
-0.0696038754
-0.0826341441
-0.0812741983
-0.0685713556
-0.0505377844
-0.0305865064
-0.0090917865
0.0153370780
0.0444685856
0.0830280698
0.1379587645
0.2051660449
0.2583635796
0.2633486758
0.2128978632
0.1445380863
0.0994644873
0.0792071136
0.0778052453
0.0908172524
0.1030009534
0.1045718408
0.0967731528
0.0868754612
0.0823229771
0.0873039120
0.0957121798
0.0951454349
0.0739391307
0.0282324300
-0.0328484589
-0.0854511087
-0.1075373136
-0.0925060237
-0.0551910685
-0.0224987546
-0.0006886100
0.0241457270
0.0542243242
0.0782386641
0.0934205990
0.1014574549
0.0978047728
0.0791354648
0.0524116011
0.0304801143
0.0170286767
0.0077617078
0.0031192697
0.0052548395
0.0123421002
0.0194041891
0.0218566260
0.0183886545
0.0097524143
-0.0020868080
-0.0143718106
-0.0230840724
-0.0254995189
-0.0228825179
-0.0200902422
-0.0228331538
-0.0362639813
-0.0630876410
-0.0993477633
-0.1328340077
-0.1537106790
-0.1549117114
-0.1281257041
-0.0878000247
-0.0650620375
-0.0620720601
-0.0579184455
-0.0473431812
-0.0388429551
-0.0340961931
-0.0320876701
-0.0342029626
-0.0396385702
-0.0458169083
-0.0518927613
-0.0585931007
-0.0670809562
-0.0771093670
-0.0864053708
-0.0931746029
-0.1015322701
-0.1198032649
-0.1507486623
-0.1820556163
-0.1962132549
-0.1860423579
-0.1559573087
-0.1204376718
-0.0949754872
-0.0798783620
-0.0616891570
-0.0331558931
-0.0005766139
0.0286006865
0.0524363427
0.0708861410
0.0815151139
0.0823255667
0.0770355755
0.0710690736
0.0636354117
0.0503772445
0.0303574146
0.0044978969
-0.0229911780
-0.0405405062
-0.0443806703
-0.0423233467
-0.0400742472
-0.0383892766
-0.0361545503
-0.0353441508
-0.0349641303
-0.0275457924
-0.0058418818
0.0302611865
0.0711870601
0.1025811716
0.1087731072
0.0919992400
0.0780146098
0.0791355586
0.0852769026
0.0833572022
0.0736386532
0.0591041040
0.0383541156
0.0136676521
-0.0094691929
-0.0281906432
-0.0435343836
-0.0572723358
-0.0597781838
-0.0447445981
-0.0215853284
0.0034183899
0.0300311771
0.0625226697
0.1033978940
0.1426219224
0.1606171392
0.1536364831
0.1322519170
0.0978317713
0.0575608943
0.0209554007
-0.0171430178
-0.0557954971
-0.0795668929
-0.0781815401
-0.0626556445
-0.0593309175
-0.0754752204
-0.0961082418
-0.1118345299
-0.1209471408
-0.1181376026
-0.1032055367
-0.0853805879
-0.0719650594
-0.0632613484
-0.0549085033
-0.0419294857
-0.0219793188
0.0011251741
0.0187657738
0.0249624484
0.0170803113
-0.0055160798
-0.0318615335
-0.0475267613
-0.0528615301
-0.0541677059
-0.0505115902
-0.0434019191
-0.0428652142
-0.0527725508
-0.0701240168
-0.0912009010
-0.1135371934
-0.1317398551
-0.1414244520
-0.1412907238
-0.1345046826
-0.1285446506
-0.1266914346
-0.1275325108
-0.1291864207
-0.1310733724
-0.1325338765
-0.1324527574
-0.1302264449
-0.1247685783
-0.1150594708
-0.1014376107
-0.0841756285
-0.0634928734
-0.0424945092
-0.0248180961
-0.0112396874
-0.0008291570
0.0061286024
0.0086923276
0.0064558852
0.0028828812
0.0047917739
0.0152881102
0.0330091656
0.0546693028
0.0753492909
0.0884607310
0.0887340218
0.0766554659
0.0572323734
0.0376903998
0.0238315036
0.0153361871
0.0100898966
0.0104096806
0.0183861447
0.0294277014
0.0349783662
0.0290529233
0.0118871159
-0.0102829726
-0.0290372914
-0.0373586831
-0.0314130886
-0.0139064435
0.0074292545
0.0277148343
0.0449935332
0.0590036278
0.0682918622
0.0696786317
0.0662902112
0.0659629721
0.0726918781
0.0852533726
0.1012203902
0.1163846853
0.1227149992
0.1146547084
0.0971068126
0.0787303165
0.0589382436
0.0339159506
0.0117319181
0.0064116728
0.0202462565
0.0411412394
0.0587893602
0.0700559118
0.0757006841
0.0786510884
0.0780301406
0.0670054926
0.0507768057
0.0467647600
0.0581466490
0.0742460963
0.0838064016
0.0816339420
0.0659960390
0.0391188519
0.0087949322
-0.0116945629
-0.0202703409
-0.0241988897
-0.0212756658
-0.0084809458
0.0068860020
0.0151123368
0.0153311922
0.0124224625
0.0100032517
0.0068633033
-0.0001810332
-0.0120072228
-0.0235069349
-0.0297038623
-0.0309213552
-0.0311741849
-0.0360997225
-0.0463939793
-0.0574924316
-0.0649021832
-0.0656244009
-0.0595732016
-0.0521379924
-0.0490106239
-0.0507786592
-0.0554190587
-0.0607681964
-0.0640683946
-0.0630345547
-0.0568792043
-0.0478880809
-0.0402204413
-0.0366927412
-0.0376522509
-0.0413851658
-0.0453191417
-0.0478662578
-0.0447423793
-0.0298191453
-0.0034577663
0.0259671964
0.0472502016
0.0487543638
0.0312860932
0.0087663240
-0.0084424297
-0.0229321020
-0.0464454312
-0.0816776422
-0.1140669546
-0.1267319541
-0.1229542273
-0.1169205224
-0.1136727029
-0.1118995611
-0.1098856456
-0.1066612339
-0.0986470235
-0.0815794465
-0.0542147832
-0.0232131653
-0.0027431555
-0.0063799230
-0.0274495488
-0.0452180502
-0.0514309694
-0.0490524425
-0.0434698608
-0.0385661172
-0.0354400902
-0.0324791982
-0.0278168231
-0.0211715182
-0.0119650347
0.0021505297
0.0196084964
0.0378555704
0.0595321078
0.0877871180
0.1200415158
0.1497739352
0.1723476686
0.1847980697
0.1814387402
0.1589731531
0.1250098950
0.0942694893
0.0754905827
0.0733997511
0.0883052264
0.1080157666
0.1214266886
0.1268270846
0.1272981743
0.1253805665
0.1237400027
0.1221976891
0.1175631664
0.1057571827
0.0872110254
0.0642968462
0.0383570186
0.0101679163
-0.0121826288
-0.0168138186
-0.0037581516
0.0185571578
0.0488451027
0.0876625829
0.1356175977
0.1940316017
0.2483337265
0.2529979438
0.1968008475
0.1288640601
0.0798056548
0.0410202757
0.0010246534
-0.0228247100
-0.0231460119
-0.0180867271
-0.0136264587
-0.0056756484
0.0035200961
0.0064047819
0.0000889012
-0.0089600897
-0.0125171552
-0.0069112258
0.0067914575
0.0245791689
0.0420511245
0.0549272571
0.0621646569
0.0665869441
0.0671037127
0.0592044282
0.0451075204
0.0341171147
0.0287183506
0.0235095201
0.0144504350
0.0022322086
-0.0127914817
-0.0289436157
-0.0395161614
-0.0423430754
-0.0430248231
-0.0432373445
-0.0407019446
-0.0344145703
-0.0256053987
-0.0157700859
-0.0027678995
0.0144975164
0.0289833912
0.0340159596
0.0309092728
0.0217831311
0.0059710524
-0.0154974167
-0.0367225603
-0.0478799807
-0.0472273909
-0.0402965055
-0.0312213909
-0.0220895657
-0.0125472501
-0.0001582358
0.0183429048
0.0396177163
0.0536070383
0.0559222710
0.0501450211
0.0412830545
0.0307536972
0.0184995560
0.0060006347
-0.0046920407
-0.0114872783
-0.0137995123
-0.0164544307
-0.0265946496
-0.0448329621
-0.0606168264
-0.0647657153
-0.0607533858
-0.0536122853
-0.0434406456
-0.0307630118
-0.0187888924
-0.0074471506
0.0042302449
0.0132517574
0.0141450005
0.0023205849
-0.0219191341
-0.0506440582
-0.0730846184
-0.0832333797
-0.0826017242
-0.0773436737
-0.0732078238
-0.0725786077
-0.0744665953
-0.0734227656
-0.0610472557
-0.0279030893
0.0316980088
0.1082054444
0.1762113948
0.2191810503
0.2406520851
0.2455511758
0.2320082107
0.2050366443
0.1726126785
0.1313328730
0.0859244115
0.0530649673
0.0335796194
0.0117064631
-0.0230994841
-0.0658170093
-0.1010930779
-0.1100445526
-0.0791266278
-0.0138145099
0.0447650508
0.0542752419
0.0197846126
-0.0261976257
-0.0621526826
-0.0809891456
-0.0818776849
-0.0720524738
-0.0590790071
-0.0461683604
-0.0359954734
-0.0330619644
-0.0372473003
-0.0420770296
-0.0422146394
-0.0382947545
-0.0292072564
-0.0097260204
0.0210333571
0.0563233417
0.0865329997
0.1074906433
0.1142210680
0.0952349399
0.0443000560
-0.0254315478
-0.0923361893
-0.1423801679
-0.1618173480
-0.1456876056
-0.1050288549
-0.0574492658
-0.0111443848
0.0342675776
0.0753479605
0.0877674061
0.0478139954
-0.0331607538
-0.1054973907
-0.1318702144
-0.1207522588
-0.0965473317
-0.0777756003
-0.0717397980
-0.0724348091
-0.0685505071
-0.0584351407
-0.0503363458
-0.0502691581
-0.0595494643
-0.0757455207
-0.0891087682
-0.0894218405
-0.0770338600
-0.0580102351
-0.0374009472
-0.0141180287
0.0152619827
0.0503239864
0.0866358086
0.1194175254
0.1402410252
0.1538937546
0.1686141004
0.1640416161
0.1171879287
0.0408251050
-0.0330669177
-0.0927714048
-0.1386533804
-0.1695764066
-0.1834369773
-0.1778838306
-0.1560068909
-0.1404094012
-0.1502366808
-0.1706606547
-0.1756223265
-0.1562097199
-0.1197476554
-0.0769927166
-0.0458984915
-0.0363078567
-0.0366400936
-0.0371057485
-0.0392198344
-0.0468429035
-0.0556709722
-0.0562647658
-0.0473172320
-0.0357625481
-0.0273818668
-0.0231875937
-0.0229516607
-0.0287931530
-0.0445901227
-0.0715310398
-0.1033580800
-0.1244429283
-0.1253945095
-0.1146676249
-0.1023635989
-0.0928158668
-0.0875801460
-0.0853591651
-0.0830700454
-0.0797963945
-0.0760870208
-0.0698674252
-0.0560094119
-0.0307912234
0.0042995311
0.0425746973
0.0749136409
0.0878477617
0.0795347836
0.0673153547
0.0595975006
0.0538507324
0.0509714338
0.0543251101
0.0634660149
0.0755087337
0.0870823441
0.0954597411
0.1019471290
0.1127397975
0.1315781856
0.1559346810
0.1776920199
0.1900677173
0.1881572184
0.1718438610
0.1472961339
0.1213668076
0.0943101902
0.0650075526
0.0411701731
0.0333456507
0.0436468548
0.0626443884
0.0805320502
0.0897158315
0.0826606144
0.0578514324
0.0194504032
-0.0221112169
-0.0574831698
-0.0750180011
-0.0685858004
-0.0517275347
-0.0354188747
-0.0195918847
-0.0012094783
0.0199907233
0.0418171268
0.0590823159
0.0669004656
0.0615896595
0.0455509391
0.0280091584
0.0176325633
0.0169752628
0.0223342455
0.0319086578
0.0483072481
0.0729919409
0.1022118770
0.1287720652
0.1405364262
0.1254608366
0.0814583159
0.0254187948
-0.0146473619
-0.0313845402
-0.0401909549
-0.0500021282
-0.0497679019
-0.0207080616
0.0441089497
0.1225351582
0.1786309749
0.2029858120
0.2124289356
0.2192175769
0.2214133801
0.2172956530
0.2101720161
0.1996357483
0.1852555173
0.1678457226
0.1444267239
0.1201475710
0.1080507297
0.1190341054
0.1449029091
0.1634112664
0.1654823877
0.1543691423
0.1360356990
0.1146445270
0.0952240501
0.0781869653
0.0602999952
0.0483110729
0.0513557334
0.0636491786
0.0751365561
0.0852050995
0.0974981135
0.1143916606
0.1375447606
0.1659951071
0.1976824399
0.2301242126
0.2518803094
0.2515641516
0.2319181057
0.1990146933
0.1555686175
0.1132300491
0.0829832397
0.0592161798
0.0347413728
0.0105247579
-0.0102895144
-0.0263312150
-0.0380796277
-0.0473302737
-0.0585426650
-0.0737502933
-0.0845475316
-0.0805469926
-0.0611039810
-0.0411997505
-0.0363149500
-0.0460415972
-0.0615786430
-0.0746049527
-0.0784319472
-0.0705264530
-0.0532698720
-0.0292183437
0.0011277449
0.0324580286
0.0503046966
0.0438470469
0.0208719002
-0.0036442361
-0.0208551071
-0.0287527395
-0.0349956762
-0.0474248835
-0.0650285307
-0.0849395820
-0.1051550233
-0.1235263638
-0.1411980471
-0.1561910468
-0.1635396648
-0.1662944501
-0.1711636080
-0.1815474512
-0.1957387128
-0.2081017965
-0.2121974132
-0.2040401813
-0.1848154244
-0.1632693137
-0.1477817320
-0.1379699472
-0.1301947617
-0.1239512513
-0.1222499640
-0.1277806580
-0.1380108311
-0.1438012727
-0.1377445710
-0.1217930494
-0.1020301456
-0.0830095487
-0.0648867721
-0.0465454362
-0.0297030693
-0.0145775527
0.0008974214
0.0142324777
0.0240990841
0.0334185500
0.0387133964
0.0312599056
0.0092852483
-0.0209709359
-0.0518090704
-0.0755557627
-0.0739225386
-0.0425763303
-0.0042777943
0.0263298079
0.0523014763
0.0726403022
0.0805177421
0.0752253186
0.0553132201
0.0170284458
-0.0294811904
-0.0602958047
-0.0644919536
-0.0490240320
-0.0227840551
0.0050867325
0.0244286036
0.0304850268
0.0219421135
0.0124718483
0.0022176615
-0.0083996587
-0.0196191732
-0.0272311185
-0.0277730180
-0.0243843557
-0.0221017710
-0.0245790696
-0.0343387506
-0.0511515806
-0.0698661444
-0.0839411290
-0.0886760755
-0.0838306117
-0.0753814050
-0.0681224532
-0.0634476495
-0.0611857883
-0.0590175718
-0.0540925844
-0.0463929117
-0.0377202065
-0.0273128548
-0.0140692533
0.0006501692
0.0156004414
0.0303876624
0.0437991779
0.0515784211
0.0523173710
0.0503170536
0.0500562371
0.0529269603
0.0577536484
0.0639827775
0.0699549912
0.0694941133
0.0536027809
0.0180924589
-0.0279745912
-0.0670215203
-0.0926324676
-0.1128860068
-0.1326867409
-0.1447247429
-0.1357324681
-0.0990888416
-0.0475211654
-0.0073303992
0.0110355542
0.0191100183
0.0268622077
0.0304647842
0.0195957543
-0.0110490460
-0.0522573719
-0.0894012664
-0.1187278895
-0.1357977065
-0.1328356905
-0.1159541569
-0.1009202328
-0.0948848811
-0.0922863701
-0.0844660104
-0.0660516868
-0.0332236140
0.0099743200
0.0431885018
0.0385126623
0.0010309331
-0.0372299526
-0.0604746506
-0.0687702325
-0.0672293281
-0.0627251639
-0.0594748811
-0.0576161898
-0.0578514144
-0.0632842406
-0.0747109781
-0.0887430294
-0.1008988774
-0.1064753301
-0.1050506450
-0.1011037667
-0.0955792302
-0.0853625948
-0.0704599656
-0.0579486644
-0.0490692932
-0.0345697500
-0.0125885573
0.0096533020
0.0269363991
0.0349541591
0.0316539277
0.0262214209
0.0279878795
0.0347486220
0.0410696054
0.0429163852
0.0367887190
0.0215448964
0.0006744143
-0.0210482905
-0.0369588506
-0.0439963886
-0.0429454520
-0.0339033983
-0.0239550763
-0.0197650944
-0.0201377903
-0.0207334795
-0.0187857271
-0.0119702508
0.0005338466
0.0151198730
0.0271016327
0.0372427063
0.0466257199
0.0528579896
0.0587409971
0.0682041742
0.0824513179
0.1042981170
0.1296329857
0.1464718102
0.1488120496
0.1425045032
0.1337605852
0.1189781572
0.0919669320
0.0565743421
0.0255459236
0.0097281744
0.0109909078
0.0247462275
0.0424686611
0.0558754326
0.0609917709
0.0587347868
0.0541562055
0.0501342182
0.0434481249
0.0282374096
0.0033343158
-0.0241966455
-0.0417865046
-0.0400864288
-0.0244601756
-0.0097645257
-0.0024340547
0.0001648411
0.0013907296
0.0046179332
0.0110039651
0.0187666392
0.0269931977
0.0353550199
0.0431840450
0.0503719205
0.0568934760
0.0608837894
0.0606882670
0.0578437531
0.0561967374
0.0582088461
0.0634195499
0.0702443483
0.0775238398
0.0853260400
0.0938329422
0.1017674116
0.1067209911
0.1066112710
0.1025929860
0.0953854322
0.0806511140
0.0550445349
0.0243270314
-0.0012345750
-0.0190816551
-0.0349757352
-0.0533310476
-0.0708192758
-0.0778593616
-0.0644863793
-0.0286392066
0.0144418839
0.0405155846
0.0412206569
0.0268864416
0.0101942817
-0.0006701331
-0.0032990893
-0.0005189615
0.0034531977
0.0043681422
0.0000906459
-0.0093725796
-0.0229436382
-0.0381113838
-0.0507517655
-0.0596315653
-0.0614117433
-0.0561418412
-0.0532179197
-0.0573253201
-0.0650475738
-0.0720954808
-0.0770795592
-0.0795927530
-0.0787433296
-0.0735757593
-0.0647788146
-0.0547946090
-0.0453153400
-0.0360592759
-0.0281061203
-0.0237543160
-0.0231972832
-0.0256634356
-0.0296575760
-0.0330506620
-0.0355980702
-0.0382043187
-0.0409778878
-0.0425541940
-0.0418739904
-0.0395377531
-0.0363532343
-0.0329869286
-0.0303668463
-0.0284017670
-0.0258919213
-0.0218542600
-0.0162855552
-0.0098714438
-0.0039741760
-0.0005955988
-0.0015720428
-0.0060944960
-0.0116127670
-0.0167940524
-0.0212413228
-0.0230649992
-0.0202868699
-0.0152075127
-0.0116662374
-0.0102862937
-0.0095900539
-0.0085960254
-0.0071356569
-0.0051298753
-0.0026760683
0.0000980435
0.0032094075
0.0065353925
0.0097896451
0.0126443115
0.0144396699
0.0152664645
0.0163995921
0.0184490312
0.0210155034
0.0239155128
0.0271799509
0.0300235030
0.0314093592
0.0314342532
0.0298181468
0.0261099877
0.0214451252
0.0171761248
0.0133057208
0.0094775186
0.0061073846
0.0042831420
0.0043267150
0.0048732820
0.0052992928
0.0059589425
0.0066870338
0.0069913881
0.0064976481
0.0050543649
0.0029259340
0.0008089176
-0.0004569217
-0.0002370595
0.0013361173
0.0033080222
0.0049060076
0.0060009381
0.0066702005
0.0067513893
0.0063232579
0.0058381305
0.0055416917
0.0054124274
0.0053419981
0.0051898428
0.0048158784
0.0042194590
0.0035771860
0.0031975132
0.0033306494
0.0039291592
0.0047242391
0.0055118129
0.0062003082
0.0066241025
0.0065412408
0.0059211686
0.0049053924
0.0036708538
0.0024831438
0.0017486410
0.0016820776
0.0019992266
0.0022421628
0.0023425196
0.0024918612
0.0026626024
0.0027795340
0.0029338220
0.0032200923
0.0035960458
0.0039773417
0.0043093051
0.0045601877
0.0047152322
0.0047971094
0.0048648072
0.0049608129
0.0050749895
0.0051895611
0.0052931551
0.0053803923
0.0054531822
0.0055203973
0.0055795014
0.0056134007
0.0056062483
0.0055561421
0.0054732781
0.0053898421
0.0053386338
0.0053290801
0.0053448547
0.0053649278
0.0053759117
0.0053725486
0.0053507264
0.0053057272
0.0052340542
0.0051430954
0.0050487088
0.0049701738
0.0049191215
0.0049076078
0.0049242077
0.0049337433
0.0049248839
0.0049046881
0.0048784217
0.0048503195
0.0048204932
0.0047808978
0.0047268859
0.0046665757
0.0046101775
0.0045594731
0.0045128066
0.0044689699
0.0044281001
0.0043885032
0.0043471586
0.0043031377
0.0042573337
0.0042107405
0.0041637895
0.0041168530
0.0040704406
0.0040248191
0.0039797631
0.0039348282
0.0038896642
0.0038441545
0.0037983724
0.0037524265
0.0037063741
0.0036602393
0.0036140187
0.0035677042
0.0035212893
