0.0173535472
0.0174669033
0.0175805860
0.0176943779
0.0178083996
0.0179220433
0.0180352129
0.0181481586
0.0182615899
0.0183742315
0.0184862899
0.0185936463
0.0186913583
0.0187852491
0.0188937798
0.0190140101
0.0191219619
0.0191791037
0.0191972737
0.0192834592
0.0193845224
0.0194140404
0.0194776738
0.0196315799
0.0197672751
0.0197246660
0.0195351016
0.0194400964
0.0195047958
0.0196411981
0.0197687993
0.0196786433
0.0193576026
0.0190213080
0.0191698756
0.0197008532
0.0199450886
0.0195446559
0.0190325917
0.0187133303
0.0186437200
0.0186572856
0.0181651835
0.0171664024
0.0164103413
0.0155141005
0.0157167196
0.0170026156
0.0179222933
0.0181013903
0.0179174194
0.0173243288
0.0162876732
0.0161727499
0.0158761693
0.0132457065
0.0112742131
0.0117777199
0.0118906836
0.0105882376
0.0095809411
0.0094711915
0.0105186799
0.0128076136
0.0150257123
0.0153438364
0.0117282500
0.0054877580
0.0007811191
-0.0008531786
0.0060393068
0.0176043647
0.0163419583
0.0003478058
-0.0115298915
-0.0009304599
0.0175748038
0.0189012702
0.0049089081
-0.0001413378
0.0029821002
-0.0052428836
-0.0129233309
-0.0052159692
0.0062203163
0.0086222925
0.0044632402
0.0021551314
0.0026610656
0.0027080096
0.0068555165
0.0123049882
0.0131010844
0.0063304375
-0.0017136454
-0.0090302414
-0.0174338178
-0.0151699418
-0.0033998439
0.0084568441
0.0099708447
0.0026260029
-0.0116641594
-0.0227711516
-0.0183920079
-0.0008510391
0.0168353656
0.0203456564
0.0104397911
0.0002576116
-0.0050873583
-0.0141018185
-0.0077182692
0.0194857360
0.0235589146
-0.0041498620
-0.0219833070
-0.0189233937
-0.0133972278
-0.0016278208
0.0119649339
0.0144440500
0.0143241671
0.0136634062
0.0072454252
0.0006689866
0.0021490271
0.0129625764
0.0185303893
0.0119054184
0.0025281074
0.0007031683
-0.0069118518
-0.0167541621
-0.0135515025
0.0055119165
0.0225135804
0.0190177504
0.0071392760
-0.0001844964
-0.0012555786
0.0034003418
0.0182812714
0.0297941151
0.0219724979
-0.0051593775
-0.0253052350
-0.0145240744
0.0155703903
0.0253766111
0.0081340917
-0.0011892126
0.0080890468
0.0150643651
0.0117131798
0.0084773689
0.0127027898
0.0161328438
0.0087835168
-0.0003799983
-0.0074634177
-0.0124168920
-0.0019522705
0.0173624885
0.0229172860
0.0181087644
0.0174986520
0.0227425962
0.0210611349
0.0126465717
0.0120673504
0.0195879223
0.0157559619
0.0061890642
-0.0012965776
-0.0074514140
-0.0091274475
-0.0079570409
-0.0016413795
0.0080998584
0.0091371860
0.0058035647
0.0129518749
0.0303976217
0.0360713760
0.0178046863
0.0054557713
0.0092865339
0.0142515228
0.0111632696
0.0115004033
0.0134308955
0.0104224728
-0.0006065909
-0.0159766865
-0.0173027226
0.0088581438
0.0314616934
0.0129759127
-0.0074364866
0.0085923477
0.0307436832
0.0291218124
0.0211997379
0.0249302118
0.0233149537
0.0177828792
0.0135939751
0.0047418434
-0.0104155413
-0.0192637937
-0.0142348622
0.0090366017
0.0291956558
0.0263408498
0.0144865944
0.0123904788
0.0120498482
0.0122193625
0.0181529345
0.0236028027
0.0214428179
0.0145175603
0.0060771181
0.0045300188
0.0133482553
0.0148757497
0.0030524854
-0.0052043811
0.0036789316
0.0211977108
0.0233515733
0.0085960394
0.0013478526
0.0114931077
0.0213157833
0.0174062366
0.0087701608
0.0057177129
0.0093944591
0.0139214472
0.0178712370
0.0200006319
0.0205670801
0.0200037471
0.0129698556
-0.0016518123
-0.0123043666
-0.0086694630
-0.0011488537
0.0078905428
0.0125531558
0.0104937873
0.0142413087
0.0161230013
0.0069206725
0.0020111012
0.0070475543
0.0139969447
0.0194759585
0.0189858433
0.0103129083
-0.0070104428
-0.0256641831
-0.0243103368
-0.0005431442
0.0257183591
0.0309489365
0.0062083739
-0.0109942912
-0.0032734381
0.0135385983
0.0164620759
0.0056901013
-0.0044690657
-0.0052502457
0.0041323901
0.0163808474
0.0176977331
0.0092498901
0.0013360040
-0.0082653151
-0.0204946617
-0.0138175637
0.0118371614
0.0246383697
0.0105552004
-0.0090648074
-0.0241541040
-0.0220567587
0.0048943564
0.0337672303
0.0415435763
0.0193729205
-0.0204578526
-0.0446490562
-0.0297463998
0.0051336354
0.0320898535
0.0423102801
0.0121507008
-0.0253133141
-0.0346555656
-0.0188133441
0.0043458779
0.0145662484
0.0103818269
-0.0071072157
-0.0274407705
-0.0339106687
-0.0186362590
0.0129830406
0.0337810124
0.0235096098
-0.0057129346
-0.0225920425
-0.0216938726
-0.0214500919
-0.0227875379
-0.0127075996
0.0070633286
0.0067681986
-0.0187104107
-0.0381464405
-0.0310228435
-0.0046111377
0.0190844978
0.0137888308
-0.0135637718
-0.0211087575
-0.0005248711
0.0281417859
0.0244820274
-0.0187456967
-0.0417519193
-0.0430907529
-0.0510364533
-0.0346470137
0.0103399041
0.0127925791
-0.0233387340
-0.0379357592
-0.0301819663
-0.0223524757
0.0061458338
0.0417715360
0.0340651125
-0.0076460291
-0.0289501501
-0.0150544691
-0.0071732446
-0.0250443165
-0.0470728335
-0.0444098443
-0.0258165585
-0.0138657757
-0.0127489539
-0.0134585537
-0.0075418112
0.0060340052
0.0091144415
-0.0062718249
-0.0228964911
-0.0231688106
-0.0234662914
-0.0333582202
-0.0230115249
-0.0068533655
-0.0179724269
-0.0436366553
-0.0486367207
-0.0239015749
-0.0076742209
-0.0203515473
-0.0329318262
-0.0238077831
-0.0044811190
0.0096296517
0.0158991154
0.0127279121
0.0018057558
-0.0163241132
-0.0303288437
-0.0374401612
-0.0394012999
-0.0273525738
-0.0122949122
-0.0065753909
-0.0113767743
-0.0271068818
-0.0431698180
-0.0518543471
-0.0387680152
0.0052118276
0.0534174774
0.0468369723
-0.0036120593
-0.0319591049
-0.0297868277
-0.0180741206
-0.0039573234
0.0097587243
0.0065277120
-0.0146949663
-0.0125745106
0.0175332001
0.0268633062
-0.0088639954
-0.0460441097
-0.0358940625
0.0049688190
0.0419127534
0.0582387847
0.0496954323
0.0348560890
0.0244428609
0.0169494792
0.0143123895
0.0212742571
0.0322536648
0.0397120353
0.0315612946
0.0131184745
-0.0088804434
-0.0288182198
-0.0382307720
-0.0294060148
0.0002670889
0.0267516835
0.0229960517
-0.0102552944
-0.0193028335
0.0177283136
0.0384123802
-0.0047334267
-0.0587782761
-0.0781277768
-0.0775483047
-0.0550715259
-0.0000608671
0.0527641850
0.0570064927
0.0320256041
0.0017444386
-0.0232650370
-0.0492141292
-0.0686238419
-0.0584939815
-0.0207118125
-0.0070490034
-0.0450919152
-0.0899700006
-0.0952132061
-0.0689888615
-0.0263737379
0.0348287169
0.0807049419
0.0481989109
-0.0094562351
-0.0211735380
-0.0066517587
-0.0089635905
-0.0231171805
-0.0339338774
-0.0641611045
-0.1026526141
-0.1010675206
-0.0681269492
-0.0455293821
-0.0574297241
-0.0889551425
-0.1111966847
-0.1070349890
-0.0920078264
-0.0719481951
-0.0420993300
-0.0475896000
-0.0937605228
-0.1209480959
-0.1132153644
-0.1050227029
-0.0863800417
-0.0519103456
-0.0402659606
-0.0517669756
-0.0603540910
-0.0594090162
-0.0492998160
-0.0404782305
-0.0434634219
-0.0539480112
-0.0604305557
-0.0594985965
-0.0572994094
-0.0384838979
0.0063773690
0.0393590223
0.0328448887
0.0008694535
-0.0215521191
-0.0082997414
0.0034795056
0.0195524400
0.1015698045
0.1935575801
0.1884761464
0.1339122907
0.1170918783
0.1158038643
0.0965071930
0.1033444798
0.1370460548
0.1525621988
0.1400424088
0.1283836645
0.1174344868
0.1016693766
0.0808556914
0.0345566541
-0.0083287207
-0.0315521276
-0.0479084930
-0.0430549869
-0.0289501597
-0.0357885203
-0.0629738017
-0.0787319059
-0.0631811809
-0.0241022208
-0.0026536568
0.0020389092
0.0193088431
0.0372269600
0.0229066372
-0.0077034675
-0.0278221898
-0.0364935728
-0.0410224544
-0.0289485083
-0.0004984537
0.0353890003
0.0788678496
0.1057273786
0.1009729145
0.0968417810
0.1117461332
0.1317784759
0.1356228603
0.1226345387
0.0855943580
0.0286838563
-0.0061549321
0.0098301140
0.0489026537
0.0513572366
0.0287155132
0.0238018063
0.0339998524
0.0346172702
0.0139293002
-0.0238360221
-0.0704001127
-0.0837028911
-0.0606424995
-0.0052619896
0.0287967143
-0.0578882452
-0.0960907961
-0.0205296358
0.0330450081
-0.0076466463
-0.0685499754
-0.0869976250
-0.0693916920
-0.0640354377
-0.0203871818
0.0449411760
-0.0053533451
-0.0514139391
0.0081978056
0.0795365961
0.0621996593
0.0040334094
-0.0142932734
0.0103142964
0.0426558863
0.0779123715
0.1107543995
0.0893763780
0.0078912508
-0.0507596348
-0.0537192108
-0.0193036724
0.0672759169
0.1483313732
0.1421866385
0.0686370082
0.0163568627
0.0135635174
0.0348338287
0.0678337662
0.1073891546
0.1428096122
0.1303576186
0.0896717583
0.0812765109
0.1148375533
0.1580339421
0.1803859346
0.1974305883
0.2134002745
0.2166992472
0.1979032833
0.1657561357
0.1354120951
0.0827739403
0.0036362503
-0.0197815891
0.0230176243
0.0492994698
0.0244422435
-0.0240068537
-0.0361075780
0.0168350114
0.0834629215
0.0993785031
0.0904753325
0.0823894187
0.0559628713
0.0280333837
0.0176746911
0.0114142769
0.0343977658
0.0806933393
0.1268961009
0.1341128960
0.0983194789
0.0820502555
0.0673631086
0.0530308441
0.0941738055
0.1603421691
0.1595971487
0.0823434292
0.0114461719
-0.0195019999
-0.0409871837
-0.0179776059
0.0781055134
0.1870184090
0.1724166515
0.0482509071
-0.0478768811
-0.1060719275
-0.1027578760
-0.0228442724
0.0220674517
0.0021263513
-0.0296213964
-0.0365924963
-0.0314316533
-0.0198826782
0.0161707341
0.0474452327
0.0404709334
0.0302852459
0.0315084696
0.0238254290
0.0104636883
0.0134037820
0.0283739392
0.0247066377
-0.0099760630
-0.0613234474
-0.0847474600
-0.0358235925
0.0631760544
0.1111568874
0.0568956433
-0.0229268155
-0.0502575121
-0.0436639322
-0.0408258792
-0.0338443512
-0.0017658340
0.0287169979
0.0037374373
-0.0538538986
-0.0803440943
-0.0840731684
-0.1033666486
-0.1160220212
-0.0887820622
-0.0339140885
0.0060505162
-0.0074905431
-0.0444840787
-0.0516840098
-0.0252121103
0.0037996356
0.0424749039
0.1099331631
0.1559571328
0.1323293112
0.0768988274
0.0571916394
0.0559779855
0.0304749940
0.0172250372
0.0431905302
0.0509934110
0.0027137762
-0.0651773293
-0.0822706452
-0.0607987871
-0.0639014997
-0.0786542873
-0.0531692794
-0.0225169628
-0.0295873882
-0.0670457235
-0.1040379304
-0.1131741796
-0.0657960065
-0.0059617526
0.0178249967
-0.0021973875
-0.0580776974
-0.1190879509
-0.1679549690
-0.1959788354
-0.1830453803
-0.1357257995
-0.0682596555
-0.0205612884
-0.0630944158
-0.1360355431
-0.1467668972
-0.1251141250
-0.0894225177
-0.0245564081
-0.0071293547
-0.0824052100
-0.1615299534
-0.1717325625
-0.1376083327
-0.0766348389
0.0045902986
0.0546377235
0.0274175887
-0.0435576072
-0.0773410900
-0.0434999491
0.0059727590
0.0224248014
-0.0156697818
-0.1152303282
-0.1883478347
-0.1959530412
-0.1984978967
-0.2074984116
-0.1662035510
-0.0886793605
-0.0526665667
-0.0863630284
-0.1513258531
-0.1882780246
-0.1892187879
-0.1743176542
-0.1258824178
-0.0600288468
-0.0713041610
-0.1711298410
-0.2523028196
-0.2778581976
-0.2265416047
-0.1153777733
-0.0395272432
-0.0516314124
-0.1186949247
-0.1427843536
-0.1048695541
-0.0730210812
-0.0685557743
-0.0696384156
-0.0705047977
-0.0898581035
-0.1520350583
-0.2267668935
-0.2761511519
-0.3090479396
-0.3122591128
-0.2775410229
-0.2245893824
-0.1914293615
-0.1567132995
-0.1078641975
-0.1067324097
-0.1523175151
-0.1803725696
-0.1702572071
-0.1450744473
-0.0839429054
-0.0067588137
-0.0263795459
-0.1280590634
-0.2260057974
-0.3179421520
-0.3503774977
-0.2938024991
-0.2315160243
-0.1655357186
-0.0644559876
-0.0831640974
-0.2618338855
-0.3481454963
-0.2121217138
-0.0506592525
-0.0193208098
-0.0508859972
-0.0783577139
-0.1363834298
-0.1991278670
-0.1847646883
-0.1159815435
-0.0914029239
-0.1584973095
-0.2515285264
-0.2765839187
-0.2006769353
-0.1080697502
-0.0667941099
-0.0709222431
-0.1000219022
-0.1082468715
-0.0805925941
-0.0589878407
-0.0554693294
-0.0327908841
0.0100645096
0.0176454992
0.0010070268
-0.0106637563
-0.0407545537
-0.0470729577
0.0109190741
0.1031458231
0.1850207492
0.2467316695
0.2410114665
0.1533120613
0.0713841953
0.0821136826
0.1905734765
0.3076882361
0.3436628835
0.3155414522
0.2387973843
0.1320990071
0.0597064295
0.0610559812
0.0921660558
0.0746336866
0.0022846851
-0.0770965365
-0.1165905084
-0.1120932438
-0.0921661096
-0.0787332979
-0.0737559912
-0.0723125801
-0.0604317368
-0.0351338224
-0.0305932117
-0.0428422995
-0.0230220081
0.0270697640
0.0847620315
0.1177467620
0.1186164733
0.1005034136
0.0403614058
-0.0343503312
-0.0908776114
-0.1723257700
-0.2761325253
-0.3381817676
-0.3538757305
-0.3684509877
-0.4149132294
-0.4815975229
-0.5144077795
-0.4717926343
-0.3985910935
-0.3669224203
-0.3755800876
-0.3976961233
-0.4153172624
-0.4148729622
-0.3795780629
-0.3361654753
-0.3433457956
-0.3829380516
-0.3728881854
-0.3038281097
-0.2257494804
-0.1338705943
-0.0168607523
0.0647946949
0.0456985474
-0.0019110672
-0.0009973332
0.0200770556
0.0537776803
0.1182563212
0.1839844884
0.2376180421
0.3040744326
0.3696380415
0.3910067093
0.3825014694
0.4131026199
0.4730775225
0.5195747229
0.5550916998
0.5581628542
0.5534958630
0.5969464029
0.6676909339
0.7027043353
0.7115689649
0.7382672026
0.7411129121
0.7042385384
0.6120679079
0.4655724371
0.4464370531
0.5496228565
0.6629477077
0.6981963226
0.6063838228
0.4441184142
0.3232341894
0.3320181873
0.3488320271
0.2227969132
-0.0150266477
-0.2251724942
-0.2870934034
-0.3228422222
-0.4567117087
-0.5196888730
-0.4492657005
-0.3805386382
-0.3272191768
-0.2354055365
-0.1602472187
-0.1851574830
-0.2140621682
-0.1330815860
0.0035908908
0.0741360274
0.0802310585
0.0747892893
0.0516494146
0.0417951844
0.0727942158
0.0809539862
0.0966666908
0.2053445971
0.2443357293
0.1803475994
0.1228753094
0.0754765629
0.1211365998
0.1682634292
0.0983665049
0.1879651549
0.4455319426
0.4107254338
0.3211357599
0.3978607508
0.2206170219
-0.0950405626
-0.2073894053
-0.1502156096
-0.0317532321
0.1061723176
0.1841759766
0.1823228912
0.1296238844
0.0668994988
0.0618542150
0.1181133555
0.2246747650
0.3122659097
0.2952439386
0.2109360443
0.1415463395
0.0803348558
0.0335795343
0.1110282503
0.2228596558
0.2589065971
0.2913452169
0.3749159762
0.4138140606
0.4271642433
0.4315062113
0.5295292205
0.6671314231
0.5133535855
0.2740883697
0.2672792163
0.3957589566
0.4447338023
0.4311229323
0.4613104007
0.5139319818
0.4932386407
0.3700157934
0.2586259005
0.2588189659
0.3290064914
0.3896446313
0.3227085366
0.1320556595
0.0391100323
0.1258657944
0.2303794156
0.2823109055
0.3404470734
0.4057372538
0.3943228922
0.3113585030
0.0880788773
-0.1436567620
0.0227966757
0.2973638583
0.3192485033
0.2190305723
0.2104782162
0.2958597469
0.3356372059
0.3074507959
0.2705713221
0.1790169334
0.0476764231
-0.0284662886
-0.0153348184
0.0553525780
0.1457584126
0.2290412054
0.3037224907
0.3648357734
0.3074570587
0.0496361223
-0.2233207793
-0.2293025646
-0.0106222579
0.1483746926
0.0718994500
-0.1145868160
-0.1858621495
-0.1398661601
-0.1236525320
-0.1958631060
-0.3648216451
-0.5299617358
-0.4776635660
-0.3207074566
-0.2321016004
-0.1343672595
-0.0343573257
-0.1105767314
-0.2726236354
-0.2953452921
-0.2176751767
-0.2201075331
-0.2760992702
-0.2922495590
-0.2797272029
-0.3187571585
-0.3993175134
-0.4726000605
-0.4497435884
-0.3329552965
-0.1605442672
0.0362752376
0.0432206884
-0.1678570644
-0.3335026543
-0.2874000338
-0.1349878591
-0.0635473858
-0.0711316219
-0.0237715333
-0.0085212612
-0.1061292343
-0.2222026490
-0.2157782775
-0.1694621321
-0.1951605602
-0.2330158678
-0.1825986440
-0.0877250785
-0.0406593730
-0.0227287514
0.0288198679
0.0988458732
0.1028774486
0.0789842755
0.0933288978
0.0768372965
0.0394389943
0.0867627223
0.1919155595
0.2482837097
0.2597314640
0.2790544548
0.3437852220
0.4240369274
0.4493674284
0.4222925359
0.3979727551
0.4234185090
0.4810356830
0.5346068456
0.5655569004
0.5607074702
0.5342392124
0.5350204062
0.5839455716
0.6303201259
0.5974086529
0.5045493687
0.4098686252
0.3814345933
0.4286860431
0.4811085807
0.4937605408
0.4763647286
0.4471827088
0.4341030416
0.4302305882
0.3975564538
0.3655083850
0.3769579628
0.3961911241
0.3725479091
0.3123810258
0.2515229098
0.2155888757
0.1910467588
0.1948541732
0.2312567711
0.2504004272
0.2024576869
0.1035743904
0.0426004861
0.0586050936
0.1117385423
0.1656657495
0.2112363257
0.1946501774
0.1357902107
0.1128403775
0.1358605513
0.1648644584
0.1819786200
0.2108106977
0.2619387974
0.3027534662
0.2793819461
0.1569848280
0.0127906185
-0.0427621998
-0.0092574812
0.0350924204
0.0822938596
0.1360600292
0.1875003296
0.2588115134
0.3434452197
0.2893113492
0.1420574449
0.0708010244
0.0603843255
-0.0219710889
-0.1344505922
-0.1434957571
-0.0817251387
-0.0247620329
0.1055698007
0.2158964115
0.1181205806
-0.0155660414
-0.0129633315
0.0123643667
-0.0438901148
-0.1150525835
-0.1438568441
-0.1676888111
-0.2160587203
-0.2815090397
-0.3267717463
-0.3241830833
-0.3075880035
-0.3210456916
-0.3692360129
-0.4083122213
-0.4069817915
-0.3850221046
-0.3773805287
-0.3989734646
-0.4227545578
-0.4214396627
-0.4040723496
-0.4039977760
-0.4392954391
-0.4788489552
-0.4920162475
-0.4956503092
-0.5049041800
-0.5171527302
-0.5356812933
-0.5537351769
-0.5774321448
-0.6355975523
-0.7088668137
-0.7339767165
-0.6755368124
-0.5983131182
-0.5415968814
-0.4912792221
-0.4919155162
-0.5320119899
-0.5694337453
-0.6742158303
-0.7579005757
-0.7996757040
-0.7385782949
-0.5284290526
-0.2705245066
-0.0591592647
-0.0986050212
-0.2530845972
-0.3178792506
-0.3541557835
-0.3771018480
-0.2952102053
-0.1669534797
-0.1138219215
-0.1296361471
-0.1715523083
-0.2126727398
-0.2610390487
-0.3139313401
-0.3346563109
-0.3061277139
-0.2495775980
-0.1755874885
-0.0932903965
-0.0341763354
-0.0456227423
-0.0918047997
-0.0629977178
-0.0061014259
-0.1517572640
-0.5058462348
-0.6204019745
-0.3862716635
-0.2286028424
-0.2795078508
-0.1613243333
0.1231995235
0.1314023155
-0.1538437150
-0.3190710424
-0.2465646136
-0.1826229040
-0.2008689167
-0.2372077908
-0.2381174311
-0.2206015856
-0.2025968085
-0.1750886427
-0.1683603178
-0.1933454534
-0.2623715042
-0.3943927431
-0.4920616355
-0.4922177437
-0.4872456193
-0.4683938606
-0.4187124355
-0.3475828526
-0.2389910853
-0.1447103083
-0.0769940792
-0.0291526858
-0.1378807476
-0.2928193638
-0.3442453489
-0.3080104060
-0.2423521764
-0.1942374287
-0.0928526366
0.0192656964
-0.1980092597
-0.4489600230
-0.5264065507
-0.6202534979
-0.6012502837
-0.4622686728
-0.3508033909
-0.3768868556
-0.4170164746
-0.4051036688
-0.4606791908
-0.6409120458
-0.7489784428
-0.7614789420
-0.8212353342
-0.8969743286
-0.8457484468
-0.6490396402
-0.4374751306
-0.3354681929
-0.3809817574
-0.5025187698
-0.5824095053
-0.6404633701
-0.7082986293
-0.7244727459
-0.6779736521
-0.6167377429
-0.5324426287
-0.4406880596
-0.3944926713
-0.4217977681
-0.4716437300
-0.5342826825
-0.6309111471
-0.7334757326
-0.7016545827
-0.5412860936
-0.3710182330
-0.2738763732
-0.3768975759
-0.5152597899
-0.5150783072
-0.4825606714
-0.4357250993
-0.2747086258
-0.2862155492
-0.4076256725
-0.4151011423
-0.3383774821
-0.3061578765
-0.3270588514
-0.3667367294
-0.3803526819
-0.2814763474
-0.0902646295
-0.0704114620
-0.1972954477
-0.2419453556
-0.1540777725
-0.0833748276
-0.1132760059
-0.2036375592
-0.2908460217
-0.4262184746
-0.5183906603
-0.5531693399
-0.2732398624
0.1632378836
0.1035831000
0.0720735982
0.1334902308
0.1083315341
0.0771741038
0.1629569800
0.2812166892
0.2563646688
0.1014114715
-0.0260818631
-0.0626539002
-0.0784096005
-0.1283999308
-0.1414858110
-0.0920034835
-0.0590323299
-0.0746410160
-0.0659051878
-0.0062371444
0.1536042357
0.3081484316
0.1859639611
-0.0210724218
-0.0295933699
-0.0147343131
-0.0925021932
-0.1068561453
-0.0004440829
0.1282197937
0.0968906068
-0.0082741387
-0.0208630216
0.0375847885
0.1051542204
0.1368463499
0.0866773599
0.0439607854
0.1137512381
0.2608387144
0.3497179695
0.3503061577
0.3255480318
0.3185633517
0.2800122842
0.2618707686
0.2911938308
0.4168946807
0.6048683960
0.5003990998
0.3046846046
0.3487359912
0.4666211348
0.4654922598
0.4839870845
0.5537119073
0.5681975409
0.5692698384
0.6428095397
0.6926378493
0.5921642259
0.3877796180
0.2645401735
0.2663317569
0.2945037289
0.3092822432
0.3583246465
0.4227882774
0.4738227182
0.5270194704
0.5514413017
0.5094587299
0.4542816116
0.4271920350
0.4673057987
0.5466425942
0.5577411724
0.5379822712
0.5415578988
0.5809924865
0.6473608351
0.7115929275
0.7139413777
0.6770504942
0.6676096323
0.6939985268
0.7186372395
0.7164086184
0.7353366438
0.7929731762
0.8351282567
0.8425742140
0.8238084434
0.7683532733
0.7134040333
0.7073245909
0.7372354967
0.7740264110
0.8228761630
0.8505004609
0.8420029696
0.8432071393
0.8647825308
0.8772341990
0.8638716334
0.9077255468
0.9171431976
0.9470268344
0.9763280463
0.8809597525
0.7109070994
0.4929805132
0.2982253745
0.3055580683
0.4763081048
0.4771680237
0.2975939274
0.2759284075
0.4343869553
0.5368241112
0.5260437921
0.5095576786
0.5439841359
0.5841137260
0.5709021259
0.5434201725
0.5720062966
0.5477789660
0.4592145167
0.4745397228
0.4900044095
0.3648138237
0.2396198913
0.2907409241
0.4361961832
0.5066369272
0.4536056322
0.3228697254
0.1885939330
0.1163941612
0.1148306919
0.1395093999
0.1427435464
0.1054265237
0.0161351463
-0.0987589372
-0.1745399382
-0.1699745854
-0.1467612312
-0.0757818110
0.0587126106
0.0866747886
0.0251878270
-0.0116161429
-0.0290857263
-0.0647375453
-0.1160871133
-0.1625294311
-0.1934219420
-0.2141181549
-0.2700631486
-0.3585469919
-0.3157010068
-0.1766361384
-0.1579588981
-0.2632004196
-0.3380823726
-0.3780422543
-0.4309718586
-0.4397296166
-0.3752724824
-0.3208513133
-0.3107552917
-0.3435788716
-0.4002416709
-0.4430067203
-0.4593657205
-0.4523672738
-0.4063065487
-0.3373283633
-0.3220074681
-0.3703965743
-0.4379626593
-0.4882493493
-0.5020050463
-0.4740164202
-0.4164027469
-0.3988811639
-0.4372523704
-0.4661508331
-0.4654022849
-0.4716136881
-0.5621831018
-0.7457467004
-0.8068505606
-0.7438464995
-0.7222986485
-0.7270718222
-0.5727854800
-0.3783303640
-0.4938423792
-0.6794674052
-0.6466240033
-0.5314438905
-0.4837634257
-0.4231152629
-0.3239950046
-0.3579432612
-0.4833469080
-0.5131303889
-0.4600361320
-0.3990082990
-0.3285462373
-0.2571720662
-0.2208620928
-0.1828131360
-0.1308073427
-0.0627230498
0.0180475772
0.0642970224
0.0541608905
0.0557579253
0.0488289352
-0.0636138913
-0.1961106112
-0.1884858980
-0.1473919802
-0.1787421788
-0.2119000139
-0.0787749117
0.1464921767
0.0993961542
-0.1111138884
-0.2095349491
-0.2075785450
-0.1809469282
-0.0869092798
-0.0262205913
-0.0975619083
-0.1788091835
-0.1363550103
0.0006621985
0.1249377219
0.2383364605
0.2842470006
0.2174002845
0.1626828452
0.1639653112
0.1465452128
0.0722770729
-0.0081077920
0.0078994559
0.0960823503
0.0929402193
-0.0048782927
-0.0510863492
-0.0229223636
-0.0254249874
-0.0794564896
-0.1209400051
-0.1353162405
-0.1152594359
-0.0118011153
0.1063573315
0.0913259646
-0.0073109876
-0.0380446694
0.0048530609
0.0377720171
0.1278872556
0.2791539587
0.2524646624
0.1077137819
0.0680152316
0.1050251839
0.0922246037
0.0316629027
-0.0084330098
-0.0248565714
-0.0475018740
-0.0682919467
-0.0905821007
-0.1071401514
-0.0927960479
-0.0219278911
0.0599161742
0.0567959269
0.0291184921
0.0715183038
0.1140630503
0.0583929977
-0.0632803020
-0.1421347848
-0.1451261929
-0.1076119338
-0.0516620941
0.0251178212
0.0972216748
0.0758189480
-0.0167154619
-0.1047055567
-0.1721719902
-0.2017870814
-0.2091796248
-0.2170212445
-0.2306402492
-0.2502770557
-0.2879684173
-0.3133893164
-0.2629921992
-0.1703412367
-0.1255664130
-0.1117670433
-0.0681451863
-0.0184727323
-0.0298200968
-0.0830488420
-0.1212791399
-0.1773958623
-0.2731955184
-0.3254363403
-0.3222820837
-0.3200832719
-0.3294734963
-0.2587904981
-0.0360038677
0.1621932824
0.1288788620
-0.0068323792
-0.1105854874
-0.2203978214
-0.2473665713
-0.1310311935
-0.0437500430
-0.0916951367
-0.1457219180
-0.1477009768
-0.2107033225
-0.3349186992
-0.3367109260
-0.2267947833
-0.1532191529
-0.1581677651
-0.2183140617
-0.2441555521
-0.2081245408
-0.0800945014
0.0707516618
0.0721197640
-0.0346698843
-0.0860753517
-0.0575335190
-0.0135122416
0.0122917934
0.0480865056
0.0588467588
0.0528501654
0.1335907756
0.1920373398
0.1801944021
0.1441247295
0.1193372505
0.0990547128
0.0664824282
0.0618389438
0.1032777579
0.1202907722
0.0866563677
0.0597996096
0.0710736453
0.1189058979
0.1936257657
0.2474271390
0.2657483875
0.2349856648
0.1682301766
0.1244998243
0.0974124153
0.0391179552
0.0096043176
0.0553030170
0.1091811271
0.1116828808
0.1360385805
0.2347764642
0.3114122245
0.3275682781
0.3443711491
0.3761101447
0.3716998873
0.3266416008
0.2797818493
0.2511352954
0.2163494841
0.1233928782
0.0215366452
-0.0343630815
-0.0676305223
-0.0650613691
-0.0100702182
0.0500396286
0.0936654733
0.1045738761
0.0387600047
-0.0272568549
-0.0344381556
-0.0064632187
0.0422265877
0.1158639026
0.1507472318
0.1108667254
0.0596645374
0.0431780231
0.0219976295
-0.0205686948
-0.0331811422
0.0334035295
0.1578442876
0.2933474617
0.3782814686
0.3167459090
0.2296761461
0.2258726035
0.2447876497
0.2547129454
0.2380936491
0.1630444644
0.0715108524
0.0415313809
0.0682520044
0.1047316544
0.1748511421
0.2737290051
0.3321165882
0.3022853918
0.2130716251
0.1772279423
0.1771405274
0.1193633334
0.0546493498
0.0697815857
0.1184412823
0.1126408886
0.0626718620
0.0259526461
0.0288819042
0.0683187673
0.0897833610
0.0633461357
0.0263127313
0.0167477943
0.0559615939
0.1273848340
0.2377400414
0.3355702610
0.2712084430
0.1235473108
0.0540212729
0.0546433239
0.0315207566
-0.0025529810
0.0229019900
0.0658518675
0.0521162104
0.0165453410
0.0115672148
0.0194689193
0.0352960002
0.0877241039
0.1858952417
0.2661737716
0.3008904691
0.2883913443
0.2571805198
0.2163144167
0.1111960506
0.0204682316
0.0920248638
0.1919652858
0.1554175035
0.0540244213
0.0090740609
0.0345377615
0.0652863508
0.1226977696
0.2793364567
0.4280026839
0.3929016863
0.2734472690
0.2134626250
0.1592575234
0.0255887880
-0.0406284817
0.0793159185
0.2212722856
0.2364306412
0.1244306916
0.0595450596
0.1425508849
0.2310433007
0.2443247132
0.2381858471
0.2400031111
0.2393409831
0.2328327125
0.2218445057
0.2098273671
0.1968860975
0.1885354112
0.1743279220
0.1494813583
0.1240222375
0.1127925316
0.1165913268
0.1102600942
0.0983593652
0.0984668637
0.1190653616
0.1525175010
0.1689021603
0.1727846530
0.1798933441
0.2063040644
0.2238701835
0.2101620807
0.1721524884
0.1261161846
0.0840281741
0.0244627036
-0.0322616693
-0.0236388100
0.0570958660
0.1446059471
0.1680267137
0.1210923433
0.0816207378
0.0839752979
0.0874766062
0.0663738623
0.0471840499
0.0425387290
0.0408417595
0.0423024195
0.0655338970
0.1146891913
0.1382955181
0.1248293490
0.1113794072
0.1047777669
0.0937073643
0.0744834158
0.0452283674
0.0177283376
0.0126830382
0.0260867189
0.0375261423
0.0344773794
0.0318269684
0.0364332923
0.0402752905
0.0576896734
0.0927492606
0.1075000020
0.0941332610
0.0755228132
0.0543213739
0.0177101774
-0.0152649745
-0.0030247135
0.0306186814
0.0472055573
0.0607933003
0.0750280501
0.0646960826
0.0412437895
0.0289154111
0.0239800366
0.0127944417
-0.0034401727
-0.0069350182
0.0086021449
0.0192352731
0.0146127690
0.0138547869
0.0272905607
0.0433648508
0.0433449998
0.0287460202
0.0177453845
0.0177715961
0.0204324479
0.0206179708
0.0223639970
0.0269734130
0.0265258326
0.0147920078
0.0030301807
-0.0002547313
-0.0002134101
-0.0025857054
-0.0025447491
0.0037810136
0.0092416879
0.0100169621
0.0112052590
0.0129648158
0.0109237878
0.0059915463
0.0027774627
0.0045133992
0.0094102770
0.0113176124
0.0083082848
0.0068333253
0.0108333900
0.0157320663
0.0179803979
0.0185000858
0.0177800450
0.0165199588
0.0156787286
0.0148642490
0.0139259000
0.0139705110
0.0151495410
0.0149740460
0.0125489573
0.0102796203
0.0099108265
0.0111238061
0.0119186675
0.0114802289
0.0105226912
0.0097886131
0.0093993956
0.0091469373
0.0088682238
0.0086061818
0.0083247433
0.0079556273
0.0075252317
0.0070798460
0.0065903116
0.0060727939
0.0055473408
0.0050197665
0.0045092077
0.0039904636
0.0034200178
0.0028022620
0.0021569912
0.0014890999
0.0007896401
0.0000556100
-0.0007118053
-0.0015157721
-0.0023574719
-0.0032330066
-0.0041411483
-0.0050832872
-0.0060602333
-0.0070719480
-0.0081184106
-0.0091997495
-0.0103160767
-0.0114673760
-0.0126535814
-0.0138746286
-0.0151303956
-0.0164207804
-0.0177456235
