-0.0001450463
-0.0001413262
-0.0001375617
-0.0001337774
-0.0001299412
-0.0001261250
-0.0001221843
-0.0001182803
-0.0001143086
-0.0001103667
-0.0001063178
-0.0001022383
-0.0000981198
-0.0000941365
-0.0000899162
-0.0000857782
-0.0000814166
-0.0000773503
-0.0000729320
-0.0000688791
-0.0000642864
-0.0000600359
-0.0000556240
-0.0000511337
-0.0000466356
-0.0001105803
-0.0000365928
-0.0000340882
-0.0000277131
-0.0000248817
-0.0000181922
-0.0000162347
-0.0000087858
-0.0000064126
0.0000008755
0.0000028255
0.0000106596
0.0000121348
0.0000214008
0.0000217342
0.0000316495
0.0000318732
0.0000412177
0.0000410813
0.0000526761
0.0000513106
0.0000630804
0.0000608391
0.0000723046
0.0000702426
0.0000846565
0.0000814403
0.0000945721
0.0000932367
0.0001044620
0.0001027238
0.0001112733
0.0001182897
0.0001227142
0.0001289529
0.0001325143
0.0001378530
0.0001452988
0.0001524289
0.0001551326
0.0001644810
0.0001663494
0.0001731521
0.0001777276
0.0001865219
0.0001876386
0.0001973802
0.0001989876
0.0002097949
0.0002119467
0.0002208163
0.0002235310
0.0002319221
0.0002327481
0.0002457729
0.0002468396
0.0002575972
0.0002600617
0.0002664833
0.0002692803
0.0002782035
0.0002732119
0.0002989012
0.0002896655
0.0003123303
0.0003009190
0.0003252975
0.0003126875
0.0003383558
0.0003221433
0.0003505172
0.0003326860
0.0003638180
0.0003496253
0.0003773368
0.0003583624
0.0003939886
0.0003750679
0.0003988514
0.0003835497
0.0004190943
0.0003965754
0.0004300338
0.0004069460
0.0004404464
0.0004238625
0.0004552964
0.0004348313
0.0004698460
0.0004388336
0.0004849625
0.0004588866
0.0004943990
0.0004910168
0.0004883097
0.0005064556
0.0004992227
0.0005225470
0.0005122521
0.0005260288
0.0005267015
0.0005424731
0.0005374723
0.0005569112
0.0005567869
0.0005721603
0.0005613171
0.0005810040
0.0005764508
0.0005919813
0.0005885178
0.0006150694
0.0005987062
0.0006168664
0.0006201570
0.0006403515
0.0006301049
0.0006460583
0.0006277635
0.0006728643
0.0006484122
0.0006731641
0.0006646264
0.0006995851
0.0006595072
0.0007148665
0.0006792567
0.0007223458
0.0006834308
0.0007377766
0.0006979888
0.0007658111
0.0007051129
0.0007672169
0.0007145256
0.0007791150
0.0007343539
0.0007945542
0.0007391822
0.0008060328
0.0007500831
0.0008157672
0.0007771636
0.0008285939
0.0007735158
0.0008413395
0.0007830071
0.0008466648
0.0008054307
0.0008619867
0.0008182832
0.0008711967
0.0008199588
0.0008342119
0.0008785687
0.0008555431
0.0008823940
0.0008652299
0.0008959628
0.0008695404
0.0009187542
0.0008857047
0.0009150977
0.0008921194
0.0009328332
0.0009126697
0.0009326247
0.0009113764
0.0009472972
0.0009279883
0.0009566813
0.0009472604
0.0009635759
0.0009532425
0.0009769865
0.0009596782
0.0009903316
0.0009754748
0.0009964060
0.0009695321
0.0010154330
0.0009837020
0.0010264628
0.0009978339
0.0010440888
0.0009838943
0.0010613754
0.0009923285
0.0010750638
0.0010009929
0.0010716451
0.0010197365
0.0010920045
0.0010172275
0.0011032055
0.0010318231
0.0010942578
0.0010318580
0.0011088543
0.0010530711
0.0011237937
0.0010380712
0.0011383238
0.0010622336
0.0011371592
0.0010600855
0.0011426796
0.0010758342
0.0011445809
0.0010881048
0.0011622474
0.0010773470
0.0011779692
0.0011007999
0.0011265016
0.0011653023
0.0011339860
0.0011756823
0.0011390170
0.0011860210
0.0011471549
0.0011855372
0.0011420534
0.0011977535
0.0011681278
0.0011999061
0.0011689196
0.0012193379
0.0011753034
0.0012234288
0.0011711178
0.0012339680
0.0011558754
0.0012282212
0.0011922939
0.0012452565
0.0011920915
0.0012627465
0.0011996535
0.0012454495
0.0012080619
0.0012596970
0.0012050127
0.0012596068
0.0012184366
0.0012920469
0.0012142187
0.0012965699
0.0012323017
0.0013023835
0.0012232638
0.0013012376
0.0012340939
0.0013261428
0.0012429519
0.0013251461
0.0012556022
0.0013320676
0.0012448335
0.0013427918
0.0012795288
0.0013461923
0.0012710236
0.0013637192
0.0012787082
0.0013784741
0.0012939321
0.0013607644
0.0013039110
0.0013786407
0.0013284482
0.0013929329
0.0013308457
0.0013933268
0.0013424441
0.0013608645
0.0014127249
0.0013507943
0.0014031326
0.0013742648
0.0014270784
0.0013640429
0.0014354769
0.0013758019
0.0014398721
0.0014054214
0.0014526431
0.0014038104
0.0014502645
0.0014097356
0.0014620116
0.0014042122
0.0014849967
0.0014346641
0.0014845574
0.0014528222
0.0014817172
0.0014310422
0.0015214138
0.0014645770
0.0015277483
0.0014622696
0.0015213236
0.0014892484
0.0015359348
0.0014857031
0.0015616602
0.0014817224
0.0015663139
0.0014945944
0.0015882155
0.0014995434
0.0015976458
0.0015183977
0.0015982877
0.0015267941
0.0016000018
0.0015424286
0.0016122317
0.0015438293
0.0016213350
0.0015734149
0.0016388192
0.0015672352
0.0016477305
0.0015685439
0.0016653471
0.0015665777
0.0016656385
0.0015765361
0.0016534980
0.0016037272
0.0016824830
0.0016085084
0.0016721182
0.0016077287
0.0016883337
0.0016747362
0.0016221879
0.0016915184
0.0016315723
0.0016868833
0.0016326931
0.0016888043
0.0016151846
0.0016943201
0.0016428917
0.0017008948
0.0016336698
0.0016874136
0.0016365283
0.0016760710
0.0016398370
0.0016894773
0.0016323900
0.0016887812
0.0016239944
0.0016718454
0.0016236506
0.0016740383
0.0016015625
0.0016664245
0.0015956093
0.0016522098
0.0016023946
0.0016428610
0.0015645186
0.0016395289
0.0015635389
0.0016293358
0.0015395814
0.0015998383
0.0015350337
0.0015694976
0.0015065061
0.0015571994
0.0014935095
0.0015385264
0.0014369757
0.0015113381
0.0014246772
0.0014800844
0.0013979665
0.0014496449
0.0013707789
0.0014050827
0.0013306812
0.0013698363
0.0012883136
0.0013388921
0.0012514478
0.0012989642
0.0012134040
0.0012450632
0.0011568239
0.0012121780
0.0011067834
0.0011453923
0.0011143744
0.0010525024
0.0010636802
0.0009812995
0.0010074372
0.0009218604
0.0009505549
0.0008695985
0.0008831197
0.0007927626
0.0008166674
0.0007181312
0.0007396250
0.0006564050
0.0006688979
0.0005779206
0.0005838885
0.0004921621
0.0005184182
0.0004321422
0.0004184952
0.0003220179
0.0003501420
0.0002467817
0.0002515442
0.0001615326
0.0001697650
0.0000679885
0.0000661195
-0.0000440849
-0.0000358049
-0.0001519165
-0.0001317959
-0.0002430448
-0.0002374106
-0.0003429180
-0.0003455264
-0.0004654282
-0.0004403340
-0.0005745585
-0.0005645753
-0.0006635567
-0.0006822133
-0.0007957684
-0.0007947236
-0.0009095672
-0.0008994542
-0.0010204388
-0.0010341416
-0.0011450774
-0.0011371340
-0.0012779118
-0.0012576922
-0.0013638628
-0.0013790832
-0.0014963057
-0.0014928174
-0.0016312717
-0.0016246191
-0.0017577685
-0.0017313151
-0.0018136736
-0.0019264601
-0.0019302447
-0.0020575833
-0.0020494551
-0.0021784146
-0.0021685291
-0.0022927667
-0.0022949936
-0.0023912566
-0.0024252215
-0.0025238719
-0.0025197270
-0.0026469912
-0.0026099298
-0.0027495564
-0.0027478739
-0.0028526843
-0.0028292904
-0.0029490127
-0.0029317932
-0.0030312040
-0.0030302896
-0.0031265452
-0.0031133186
-0.0031823285
-0.0031826012
-0.0032588389
-0.0033363686
-0.0034398809
-0.0033854187
-0.0034937708
-0.0034791232
-0.0035814331
-0.0036183986
-0.0034823419
-0.0028449737
-0.0026332859
-0.0025161031
-0.0022055456
-0.0019902427
-0.0024573936
-0.0027624019
-0.0038698054
-0.0051106794
-0.0058054026
-0.0054446336
-0.0048683722
-0.0044481354
-0.0030411963
-0.0019361980
-0.0031067826
-0.0022938630
-0.0024459207
-0.0037814923
-0.0056956129
-0.0081729855
-0.0093946019
-0.0092082392
-0.0086662930
-0.0078936712
-0.0075043704
-0.0063342852
-0.0036789965
-0.0017492867
-0.0011121469
-0.0009296139
-0.0026594371
-0.0088249706
-0.0131164125
-0.0119814472
-0.0110082089
-0.0134434048
-0.0090034691
-0.0045920428
0.0002362810
0.0090217924
0.0090656521
-0.0025151156
-0.0098175740
-0.0144894244
-0.0171035460
-0.0153390108
-0.0109521035
-0.0084884978
-0.0057980377
-0.0020093873
0.0018898568
0.0061908426
0.0027082237
-0.0074268988
-0.0119450784
-0.0120947622
-0.0115745619
-0.0093578492
-0.0011832895
0.0020947636
-0.0026957135
-0.0031903941
0.0046216991
0.0097852128
0.0110704030
0.0137838350
0.0091327148
0.0029744474
-0.0003985042
-0.0044322990
-0.0120017910
-0.0176791518
-0.0171557460
-0.0104936004
0.0038729291
0.0154597486
0.0204882952
0.0211683492
0.0268862698
0.0256817280
0.0109085619
0.0013760358
-0.0028602819
-0.0072028888
-0.0062530277
-0.0045075755
-0.0072839575
-0.0086319093
-0.0035512501
-0.0013149500
0.0049122512
0.0059527844
-0.0003399405
-0.0030374764
-0.0037291545
-0.0037057993
-0.0015880153
-0.0038672347
-0.0051941585
0.0009681777
0.0097533459
0.0196200248
0.0245752036
0.0247998712
0.0298274076
0.0317051333
0.0215401414
0.0100281810
0.0012911932
-0.0036712234
-0.0068890807
-0.0097225172
-0.0076206686
-0.0028535516
0.0039156195
0.0146726074
0.0191564446
0.0245520001
0.0272716303
0.0245034943
0.0183529324
0.0205798183
0.0212029414
0.0130387258
0.0128092283
0.0150296416
0.0150813054
0.0204181179
0.0216915004
0.0180454064
0.0184920240
0.0182375802
0.0147479262
0.0191133402
0.0219931049
0.0161391453
0.0132456689
0.0152321594
0.0119893892
0.0105402805
0.0121396917
0.0082151379
0.0065163424
0.0095318409
0.0061528059
0.0043761721
0.0054295887
0.0040714091
-0.0000329171
0.0017268135
0.0034832910
0.0040505922
0.0082701330
0.0138544477
0.0141396166
0.0175241708
0.0190808124
0.0140267462
0.0143958085
0.0178182551
0.0197217770
0.0211341859
0.0232899853
0.0251988570
0.0265517584
0.0218371748
0.0125426570
0.0049710640
-0.0002034346
-0.0060204643
-0.0097464812
-0.0110815140
-0.0088436544
-0.0016814239
0.0049487575
0.0126461889
0.0164679774
0.0168104907
0.0197295132
0.0199951363
0.0115988197
0.0029299717
0.0006766097
-0.0017492817
-0.0011092451
0.0042447402
0.0064756052
0.0067884384
0.0117845292
0.0117691324
0.0105611471
0.0130147272
0.0056144462
-0.0036930771
-0.0047966721
-0.0074150197
-0.0131589451
-0.0170288357
-0.0221546063
-0.0288579256
-0.0307726268
-0.0314499277
-0.0268930330
-0.0189576986
-0.0114542753
-0.0028034777
0.0011547385
0.0003179253
-0.0004675580
-0.0028712682
-0.0100863299
-0.0145837931
-0.0187694085
-0.0212224334
-0.0201472723
-0.0184865369
-0.0162104737
-0.0142027744
-0.0141054738
-0.0146867884
-0.0141177688
-0.0165432377
-0.0189698302
-0.0177731350
-0.0174415832
-0.0146465880
-0.0116959299
-0.0092224566
-0.0099229885
-0.0096002433
-0.0078709404
-0.0110243650
-0.0175522576
-0.0214011557
-0.0301567518
-0.0390806167
-0.0386813038
-0.0417107230
-0.0436511449
-0.0399753861
-0.0392248766
-0.0371056583
-0.0269443699
-0.0128957977
-0.0070679449
-0.0066819096
-0.0051492461
-0.0066298789
-0.0080954647
-0.0091966865
-0.0146113226
-0.0174195390
-0.0182932914
-0.0202068365
-0.0221857308
-0.0210046602
-0.0181153043
-0.0157307931
-0.0067946670
0.0021473639
0.0029701094
0.0012577522
0.0055055988
0.0050165694
0.0030211180
0.0053846591
0.0004365245
-0.0034480311
-0.0002143245
0.0000435563
-0.0025075347
0.0011066893
0.0000248725
-0.0008768727
0.0045128391
0.0153661756
0.0187874289
0.0199518460
0.0309916971
0.0347333394
0.0340473152
0.0391136237
0.0388503789
0.0355995908
0.0368885550
0.0375063659
0.0327989408
0.0264891337
0.0226840455
0.0168958027
0.0162233393
0.0175027157
0.0155296159
0.0226678491
0.0307844078
0.0335288589
0.0445654062
0.0495686827
0.0369572678
0.0329350233
0.0292993297
0.0230964383
0.0240017256
0.0248799398
0.0227535694
0.0245261493
0.0253121077
0.0184495051
0.0197622484
0.0209436379
0.0127556189
0.0157962888
0.0200003708
0.0167816569
0.0154941616
0.0141887125
0.0116659399
0.0089598040
0.0058387133
0.0046801795
0.0045561680
0.0016389082
0.0036570808
0.0034922654
-0.0003486509
0.0017527298
0.0055611871
0.0037247793
0.0022380473
-0.0067365647
-0.0205128274
-0.0227049924
-0.0217669831
-0.0206947800
-0.0191145545
-0.0157124234
-0.0179309437
-0.0162545739
-0.0151640775
-0.0198227524
-0.0291512028
-0.0330658489
-0.0332478173
-0.0316734634
-0.0317534031
-0.0352317803
-0.0373487100
-0.0430050598
-0.0459552567
-0.0475590763
-0.0507692951
-0.0530135177
-0.0518062301
-0.0572523298
-0.0650388418
-0.0678998364
-0.0753691655
-0.0837092262
-0.0841517359
-0.0887725369
-0.0896643966
-0.0829420522
-0.0818736835
-0.0766552209
-0.0678496834
-0.0551515001
-0.0619322629
-0.0572125851
-0.0511494977
-0.0615304209
-0.0719972402
-0.0788954339
-0.0846913936
-0.0845885252
-0.0795648636
-0.0755662974
-0.0794890070
-0.0831143833
-0.0825890536
-0.0906493877
-0.0968844852
-0.0989120997
-0.1060291033
-0.1107661027
-0.1069536451
-0.1090882381
-0.1159091736
-0.1166012084
-0.1161838112
-0.1121033962
-0.1110638673
-0.1066485892
-0.1053759868
-0.1084275267
-0.1034942934
-0.1021124288
-0.1064154164
-0.1101049462
-0.1129513024
-0.1176391684
-0.1191959524
-0.1180496235
-0.1204867619
-0.1218077454
-0.1200939982
-0.1203785732
-0.1191635036
-0.1172760881
-0.1162174589
-0.1099081176
-0.0921192828
-0.0681418184
-0.0363390464
0.0016975017
0.0201816155
0.0279936419
0.0546097925
0.0745489065
0.0880532705
0.1086019318
0.1220726915
0.1268780676
0.1385726286
0.1626680285
0.1797609340
0.1861387262
0.1942887938
0.2085490085
0.2057406127
0.1959339245
0.1999564596
0.1905377547
0.1762310126
0.1720647051
0.1607091150
0.1545498275
0.1649200044
0.1593716198
0.1512591522
0.1499582032
0.1485208493
0.1523309511
0.1673161923
0.1831910161
0.2068819895
0.2447894556
0.2728841817
0.2849363003
0.2887363401
0.3111537507
0.3037064705
0.2912259511
0.2829512865
0.2810384521
0.2704764307
0.2615370648
0.2537052309
0.2345693699
0.2144053147
0.1982649716
0.1792259206
0.1626574466
0.1441855687
0.1274437585
0.1183464966
0.1100080684
0.0976728511
0.0884723313
0.0758327694
0.0617414898
0.0441898260
0.0247027550
0.0119758216
-0.0060250479
-0.0254384231
-0.0445040148
-0.0691270631
-0.0992454393
-0.1274198170
-0.1532284931
-0.1821836093
-0.2032375796
-0.2182832799
-0.2318739943
-0.2391764350
-0.2370090997
-0.2371194296
-0.2334760972
-0.2240343411
-0.1993221843
-0.1883788661
-0.1941449931
-0.1849505332
-0.1714855933
-0.1750938532
-0.1759188109
-0.1673725243
-0.1457120389
-0.1149169400
-0.0846641230
-0.0611500996
-0.0457079971
-0.0326522559
-0.0188440366
-0.0031153243
0.0187085663
0.0543546416
0.1004608330
0.1457637400
0.1898615437
0.2267749828
0.2539498751
0.2672527457
0.2604264499
0.2515561987
0.2487527654
0.2365057067
0.2253635534
0.2102814844
0.2100614505
0.2039944341
0.1842404128
0.1616944666
0.1376935400
0.1105907020
0.0756461252
0.0406707503
0.0052553232
-0.0367526484
-0.0670787387
-0.0810751174
-0.0963457844
-0.1163972076
-0.1230418973
-0.1284504144
-0.1391959572
-0.1463147449
-0.1522214950
-0.1640396517
-0.1752613124
-0.1864034069
-0.2078871492
-0.2401725208
-0.2697789254
-0.2749361922
-0.2375476433
-0.1454807054
-0.0629643094
0.0976985587
0.2121352023
0.1951994867
0.1342572958
0.1978343728
0.2375595162
0.2336937971
0.3056630478
0.2424790969
0.0933100433
0.0094612329
-0.0909814798
-0.1136493871
-0.0775809053
-0.0902973273
-0.1037126330
-0.1263991018
-0.1610412355
-0.1554363906
-0.1392716242
-0.1662848213
-0.2196722388
-0.2461304384
-0.2403678520
-0.2228904147
-0.2035679261
-0.1715264579
-0.1346055083
-0.0934488745
-0.0480829791
-0.0271956217
-0.0127299925
-0.0045141335
0.0106513817
0.0171571020
0.0003241692
-0.0294096524
-0.0637265367
-0.1084361309
-0.1528598569
-0.1793538519
-0.1892931913
-0.1973622867
-0.2145800633
-0.2294011184
-0.2360251828
-0.2379138055
-0.2379884442
-0.2335364659
-0.2266645485
-0.2163720367
-0.1959502274
-0.1661005312
-0.1345500150
-0.1092702608
-0.0962641606
-0.0903363834
-0.0918427107
-0.1064767453
-0.1318437501
-0.1605141486
-0.1774480982
-0.1873044760
-0.1793772614
-0.1420201040
-0.0921987763
-0.0451404043
-0.0100462612
0.0049567533
0.0226470413
0.0603846898
0.1067174804
0.1545987994
0.2028014510
0.2267515842
0.2180077565
0.2078474434
0.2033815771
0.1938831859
0.1773316203
0.1650798043
0.1597986908
0.1444859116
0.1358064630
0.1418589203
0.1492390257
0.1457015403
0.1239278337
0.0842244545
0.0557612335
0.0383458068
0.0206519889
-0.0003455353
-0.0238095947
-0.0556867366
-0.0853355482
-0.0971991914
-0.0965724174
-0.0930047196
-0.0890338479
-0.0855378995
-0.0763257211
-0.0639699747
-0.0515280454
-0.0328071198
-0.0108718836
0.0096394283
0.0304164228
0.0474851881
0.0529064844
0.0533145894
0.0549393167
0.0531932905
0.0456096903
0.0348207729
0.0231600547
0.0107585302
-0.0035582122
-0.0159513678
-0.0245677548
-0.0286877987
-0.0347948446
-0.0367017375
-0.0261060967
-0.0007636852
0.0302353101
0.0535475465
0.0726336505
0.0831873924
0.0882884226
0.0992538761
0.1098816282
0.1037564158
0.0898617294
0.0781887058
0.0666260433
0.0575292794
0.0494444816
0.0396830975
0.0172382748
-0.0155603248
-0.0576850791
-0.1049130090
-0.1443832586
-0.1664976019
-0.1707497962
-0.1699159955
-0.1767473265
-0.1894652264
-0.1827428369
-0.1574016446
-0.1380274556
-0.1289215008
-0.1190015618
-0.1097960941
-0.1028408655
-0.0955512781
-0.0876082645
-0.0850799710
-0.0854406473
-0.0804191552
-0.0761877380
-0.0761665434
-0.0760894553
-0.0710184850
-0.0655446647
-0.0606220954
-0.0448522233
-0.0236555121
-0.0021232868
0.0245976901
0.0556659846
0.0732938509
0.0825221735
0.0981744067
0.1162321857
0.1216944385
0.1199338168
0.1184522433
0.1151284990
0.1158154560
0.1147046681
0.1064948993
0.1036495413
0.1068330621
0.1090951277
0.0987236531
0.0900753386
0.0860122175
0.0794606354
0.0743518380
0.0656628447
0.0533966526
0.0520932456
0.0512461376
0.0411424323
0.0328263154
0.0266731690
0.0145012031
0.0002030255
-0.0084699962
-0.0169958250
-0.0282921569
-0.0352305377
-0.0372397116
-0.0372924766
-0.0362443310
-0.0253691288
-0.0059317974
0.0123353567
0.0317485023
0.0475215554
0.0505000366
0.0477384091
0.0445141139
0.0424159161
0.0347508931
0.0238440480
0.0113854776
-0.0041710576
-0.0191027874
-0.0266023928
-0.0358638051
-0.0451346388
-0.0500896373
-0.0524061016
-0.0501202848
-0.0424258948
-0.0303269009
-0.0145731739
0.0078296942
0.0355469956
0.0573673855
0.0674461214
0.0782924638
0.0947910827
0.1014661054
0.0991108252
0.0976408126
0.0915067343
0.0779432509
0.0599451865
0.0447526922
0.0348098774
0.0305423746
0.0229421528
0.0183758749
0.0196030288
0.0221635840
0.0294613104
0.0458806241
0.0594568300
0.0634847752
0.0629641973
0.0632671684
0.0654853080
0.0701497052
0.0698614632
0.0630860564
0.0573781480
0.0611994802
0.0665769740
0.0644136338
0.0661145550
0.0665639750
0.0663001361
0.0743056976
0.0833775311
0.0843720923
0.0819266396
0.0826393880
0.0818354866
0.0754562642
0.0633883957
0.0574008188
0.0512193106
0.0448908878
0.0324933937
0.0195501955
0.0093069179
0.0031208421
-0.0029083231
-0.0093714176
-0.0161376150
-0.0177161022
-0.0176053707
-0.0078807307
-0.0088890906
-0.0019039776
0.0107453655
0.0058926150
0.0143147129
0.0279149190
0.0389428942
0.0523440205
0.0645856225
0.0776184108
0.0865825808
0.0903772777
0.0917370944
0.0848074840
0.0788484791
0.0702046727
0.0573014776
0.0437540299
0.0373578969
0.0261716248
0.0166019756
0.0091863134
0.0070773954
0.0019442855
-0.0068184503
-0.0054677945
-0.0035053695
-0.0096845145
-0.0132455001
-0.0123444380
-0.0166277004
-0.0227311443
-0.0235793959
-0.0252281514
-0.0231155333
-0.0074595269
0.0004790578
0.0069481261
0.0226701429
0.0325786262
0.0453862698
0.0537397579
0.0512896025
0.0496253007
0.0580944914
0.0606954286
0.0579389870
0.0511101933
0.0439203020
0.0357145396
0.0265938477
0.0222475533
0.0218234698
0.0182822432
0.0080642572
0.0131657373
0.0206899930
0.0159300710
0.0123756263
0.0142156174
0.0125268154
0.0111342483
0.0104725948
0.0033372882
-0.0067249176
-0.0134893939
-0.0186939262
-0.0272396773
-0.0382074313
-0.0432533053
-0.0453674537
-0.0455422321
-0.0414124838
-0.0367693276
-0.0309692146
-0.0206924928
-0.0098135417
-0.0053799772
-0.0082631559
-0.0084855754
-0.0039854290
-0.0040372474
-0.0109581327
-0.0143876582
-0.0125835794
-0.0069171456
0.0050672945
0.0195417570
0.0351394618
0.0515875105
0.0611796495
0.0664561499
0.0730433603
0.0743680829
0.0675322924
0.0524073020
0.0321723161
0.0072607274
-0.0189391155
-0.0305048801
-0.0362670593
-0.0424439265
-0.0488103775
-0.0596970895
-0.0636089948
-0.0557507280
-0.0494263962
-0.0492976367
-0.0474588245
-0.0391946137
-0.0285941543
-0.0231836143
-0.0195999333
-0.0218571224
-0.0240015564
-0.0256793819
-0.0294180425
-0.0344140632
-0.0413113881
-0.0425425333
-0.0391856422
-0.0381288525
-0.0381536671
-0.0345322524
-0.0303337508
-0.0247730610
-0.0237522951
-0.0252854790
-0.0257963767
-0.0230267767
-0.0239219819
-0.0259055829
-0.0268684276
-0.0283045132
-0.0313076803
-0.0311341748
-0.0262255302
-0.0217317668
-0.0167409171
-0.0075288585
0.0033715379
0.0093586929
0.0195299666
0.0288853038
0.0361910434
0.0403415432
0.0420365343
0.0420496671
0.0399406453
0.0348296160
0.0278775111
0.0222270239
0.0193786685
0.0179935605
0.0169737816
0.0204701447
0.0275599259
0.0332873703
0.0381937284
0.0454319931
0.0501237608
0.0524177585
0.0566384994
0.0608033055
0.0630217139
0.0627128243
0.0608795737
0.0585705147
0.0546475161
0.0506013796
0.0478447669
0.0438283564
0.0417073768
0.0406953625
0.0404002252
0.0362068637
0.0319175735
0.0312356213
0.0311823087
0.0283271786
0.0244548639
0.0195050599
0.0116919120
0.0032978042
-0.0036196369
-0.0107782775
-0.0202353151
-0.0290854357
-0.0362483674
-0.0409229808
-0.0433922848
-0.0441519470
-0.0427479699
-0.0376379331
-0.0298328517
-0.0224101090
-0.0148878459
-0.0066666168
0.0024085997
0.0100973649
0.0161711737
0.0223763827
0.0255649752
0.0307180302
0.0299355639
0.0236069724
0.0193963149
0.0188212470
0.0141643385
0.0089815001
0.0077408731
0.0070697176
0.0056757652
0.0077657521
0.0107302001
0.0141690536
0.0182512823
0.0185949272
0.0177307029
0.0179139170
0.0178433875
0.0160360699
0.0129543843
0.0096962967
0.0035896287
-0.0039568075
-0.0096780079
-0.0138707641
-0.0190986980
-0.0265324314
-0.0310694799
-0.0349551621
-0.0378593800
-0.0428167361
-0.0476766482
-0.0519924084
-0.0552306018
-0.0598154573
-0.0627297451
-0.0638977266
-0.0663393064
-0.0672722787
-0.0642114386
-0.0601805382
-0.0593787012
-0.0600471026
-0.0600958212
-0.0616846056
-0.0634076826
-0.0635270277
-0.0629336305
-0.0609847994
-0.0551076660
-0.0454549591
-0.0356964504
-0.0257665873
-0.0153897466
-0.0072415679
-0.0017359457
0.0017286490
0.0030043009
0.0021846965
0.0014934608
-0.0009436946
-0.0051672418
-0.0095846163
-0.0126814950
-0.0142855903
-0.0167750597
-0.0197755705
-0.0197711463
-0.0186699146
-0.0197338286
-0.0200924063
-0.0186256211
-0.0153182616
-0.0109448011
-0.0085912014
-0.0085234424
-0.0081259481
-0.0085487831
-0.0122248106
-0.0159365562
-0.0177035832
-0.0197146670
-0.0235783861
-0.0268529082
-0.0302334080
-0.0351197174
-0.0390960802
-0.0414731907
-0.0469452222
-0.0551233860
-0.0600647370
-0.0615083646
-0.0652734552
-0.0691694930
-0.0706740379
-0.0697059446
-0.0672704034
-0.0637000950
-0.0580770739
-0.0520100271
-0.0458732715
-0.0397565197
-0.0357261413
-0.0314644950
-0.0259817810
-0.0225656394
-0.0207327322
-0.0172867016
-0.0141762691
-0.0132112785
-0.0129858390
-0.0140284772
-0.0139506696
-0.0123484445
-0.0128519990
-0.0124107903
-0.0082267440
-0.0057583237
-0.0066880829
-0.0068392210
-0.0044574404
-0.0032819652
-0.0025895714
-0.0028034100
-0.0033112376
-0.0042867120
-0.0060351473
-0.0095384211
-0.0158244175
-0.0232328566
-0.0292286011
-0.0352092041
-0.0429555789
-0.0462629880
-0.0454754017
-0.0463526841
-0.0456104506
-0.0401205867
-0.0341569059
-0.0290611228
-0.0219070497
-0.0134661626
-0.0074203792
-0.0030802156
0.0019187655
0.0072314696
0.0109363640
0.0147981723
0.0187750042
0.0185246480
0.0162821890
0.0154727951
0.0130378809
0.0095994800
0.0084818098
0.0096304871
0.0082642860
0.0071963528
0.0096609911
0.0109966486
0.0108238406
0.0110056723
0.0084788843
0.0033540514
-0.0024180547
-0.0087197796
-0.0150317389
-0.0192168141
-0.0236588961
-0.0277172023
-0.0299348510
-0.0315150666
-0.0333859979
-0.0351835765
-0.0351712021
-0.0347997863
-0.0348643728
-0.0330371025
-0.0298979888
-0.0263365608
-0.0207660451
-0.0140522937
-0.0109209294
-0.0045330331
0.0030866525
0.0113228379
0.0172764213
0.0238823231
0.0315673926
0.0377637054
0.0437986160
0.0499275665
0.0547256634
0.0593995603
0.0643918605
0.0668210083
0.0649273721
0.0600476812
0.0522776062
0.0424911498
0.0305384729
0.0153585613
-0.0014079688
-0.0150946241
-0.0211861595
-0.0263450203
-0.0346643874
-0.0402475305
-0.0408730663
-0.0376752436
-0.0344944520
-0.0328271293
-0.0319572081
-0.0293779313
-0.0259047384
-0.0232885047
-0.0207714820
-0.0144617541
-0.0054591204
0.0040720455
0.0147224773
0.0236598259
0.0314309751
0.0389975393
0.0477634525
0.0537057724
0.0558528152
0.0610655989
0.0678430669
0.0706205218
0.0710498462
0.0720120651
0.0717895810
0.0703511448
0.0696637398
0.0679487773
0.0639658669
0.0596745690
0.0556836082
0.0503034703
0.0440373641
0.0384344155
0.0325453831
0.0295337642
0.0234633353
0.0162000214
0.0089492695
0.0033445096
-0.0025379818
-0.0075695504
-0.0102823509
-0.0128486395
-0.0152760361
-0.0156892101
-0.0154639951
-0.0163413630
-0.0176530053
-0.0167450618
-0.0146447688
-0.0109258521
-0.0038495827
0.0018676412
0.0043334106
0.0075836140
0.0106723887
0.0117632948
0.0132910700
0.0151757274
0.0161199500
0.0173661952
0.0191149170
0.0218828320
0.0254127052
0.0277547095
0.0279756022
0.0276351182
0.0285489243
0.0283326842
0.0260547392
0.0242867981
0.0239323625
0.0221984188
0.0197227509
0.0183168114
0.0171214259
0.0146014867
0.0116042140
0.0085286258
0.0046053993
0.0011544043
-0.0025598510
-0.0067210558
-0.0111397779
-0.0149711795
-0.0172340077
-0.0183779286
-0.0194556908
-0.0217270285
-0.0246098228
-0.0270670820
-0.0299029252
-0.0319600935
-0.0326493162
-0.0341607316
-0.0354371153
-0.0358790472
-0.0364931486
-0.0379719585
-0.0397611830
-0.0399225779
-0.0385373271
-0.0369103128
-0.0359453767
-0.0325443248
-0.0258729781
-0.0193579617
-0.0123575171
-0.0039037334
0.0038878934
0.0115971691
0.0172409988
0.0209579222
0.0249343092
0.0281790130
0.0297562078
0.0299831326
0.0298501641
0.0304586344
0.0294689919
0.0263905451
0.0223669540
0.0186082891
0.0160716873
0.0152940249
0.0149079567
0.0145451758
0.0144408577
0.0155202686
0.0189031786
0.0198075880
0.0201631092
0.0208422666
0.0192372441
0.0188153037
0.0209317243
0.0232266928
0.0238614890
0.0257447036
0.0268087498
0.0269743435
0.0273582946
0.0286398112
0.0305435852
0.0324224154
0.0346640281
0.0365736918
0.0391733093
0.0415502644
0.0408034907
0.0368608582
0.0324450569
0.0275038425
0.0211760653
0.0146339720
0.0099534262
0.0064642695
0.0046941033
0.0021470941
-0.0004643919
-0.0040968230
-0.0065668306
-0.0075392909
-0.0092449424
-0.0118942942
-0.0139220862
-0.0159128811
-0.0183575772
-0.0178756546
-0.0146386514
-0.0119072866
-0.0088575572
-0.0032188747
0.0014694032
0.0046072236
0.0080994777
0.0116566296
0.0149393362
0.0184095721
0.0211498280
0.0230231946
0.0245455405
0.0247986680
0.0229800934
0.0199536932
0.0146054632
0.0062946882
-0.0018252011
-0.0057655994
-0.0137410367
-0.0226599877
-0.0294666331
-0.0333864721
-0.0363785069
-0.0381720921
-0.0381227636
-0.0375606394
-0.0365864192
-0.0348362977
-0.0325829502
-0.0291461190
-0.0254449941
-0.0204070987
-0.0140215274
-0.0079563879
-0.0042037980
-0.0016998693
0.0010466673
0.0033223933
0.0039908042
0.0009769031
-0.0028620527
-0.0053027339
-0.0081452553
-0.0124191856
-0.0163898048
-0.0212036824
-0.0256460505
-0.0288137124
-0.0299273220
-0.0314939730
-0.0326877749
-0.0326418101
-0.0303697109
-0.0283476322
-0.0277307254
-0.0274010217
-0.0266747770
-0.0269024685
-0.0268490253
-0.0256381068
-0.0244083065
-0.0228869486
-0.0201205668
-0.0168865811
-0.0141902683
-0.0096806932
-0.0041791877
-0.0029609647
-0.0037319781
-0.0041127577
-0.0058480945
-0.0091956381
-0.0130457834
-0.0164420752
-0.0204168177
-0.0233302569
-0.0252901519
-0.0262719667
-0.0262151156
-0.0255007022
-0.0245225074
-0.0241638294
-0.0239256914
-0.0225284852
-0.0203185746
-0.0187112071
-0.0189880935
-0.0212700774
-0.0240965639
-0.0255746438
-0.0260874328
-0.0267351483
-0.0267260883
-0.0252118820
-0.0220139442
-0.0180429114
-0.0146744032
-0.0119501381
-0.0084972531
-0.0056881571
-0.0058915790
-0.0072188493
-0.0082163747
-0.0114399801
-0.0153252753
-0.0193590804
-0.0241535924
-0.0290619963
-0.0320524817
-0.0340164659
-0.0348999180
-0.0355219619
-0.0335205722
-0.0293965494
-0.0255312042
-0.0224105672
-0.0191416640
-0.0168673499
-0.0150476917
-0.0132416387
-0.0115756322
-0.0102704845
-0.0079429249
-0.0048393167
-0.0029310972
-0.0011726803
0.0006941779
0.0015889681
0.0018247300
0.0022500372
0.0027510978
0.0032635393
0.0040508887
0.0046532538
0.0050202897
0.0043974073
0.0024772691
-0.0012832007
-0.0059954576
-0.0104375300
-0.0121088897
-0.0152643588
-0.0177592821
-0.0207338588
-0.0240739856
-0.0260892385
-0.0274415867
-0.0291846628
-0.0311086887
-0.0323640658
-0.0326473033
-0.0322270439
-0.0306161932
-0.0283389759
-0.0249874673
-0.0204175348
-0.0158591977
-0.0116915734
-0.0083471363
-0.0060451066
-0.0050340202
-0.0054097184
-0.0070459316
-0.0091193142
-0.0103039946
-0.0098755355
-0.0076709523
-0.0035716902
0.0012236319
0.0063729144
0.0086283918
0.0110150471
0.0123042178
0.0134575933
0.0142402288
0.0153775151
0.0162368401
0.0179310673
0.0218648153
0.0259839336
0.0284328038
0.0299283046
0.0302749593
0.0296773954
0.0287367525
0.0266439025
0.0231880031
0.0190883328
0.0156804565
0.0126216734
0.0107584647
0.0104918295
0.0089823366
0.0078317098
0.0082324141
0.0075956263
0.0061640574
0.0056949175
0.0049447402
0.0034921586
0.0021794908
0.0018142511
0.0012350512
0.0005804826
0.0000970211
-0.0008276525
-0.0021623160
-0.0028405468
-0.0030471969
-0.0022646854
-0.0009100178
-0.0006817838
-0.0017347475
-0.0025323342
-0.0034993715
-0.0049043572
-0.0058211509
-0.0060707714
-0.0055757451
-0.0039377490
-0.0023989148
-0.0010961604
0.0010529940
0.0031675930
0.0038991785
0.0057602857
0.0089550945
0.0104372540
0.0115230783
0.0125844879
0.0125467678
0.0123142614
0.0114007223
0.0100473692
0.0086058992
0.0075262202
0.0072025128
0.0082830338
0.0113104732
0.0146962562
0.0179859636
0.0211997197
0.0241243319
0.0259444991
0.0252214051
0.0226811708
0.0193691213
0.0149195709
0.0100292742
0.0069012616
0.0049349899
0.0038166871
0.0034621286
0.0044990327
0.0063900105
0.0095263474
0.0138433229
0.0164398180
0.0176943418
0.0186411619
0.0181754460
0.0154345147
0.0136137943
0.0103484119
0.0061705499
0.0007459306
-0.0043870653
-0.0079507225
-0.0107812053
-0.0133561413
-0.0143856814
-0.0148184982
-0.0148949464
-0.0140739928
-0.0128624014
-0.0117617602
-0.0105089256
-0.0079649227
-0.0051044956
-0.0029914288
0.0001740735
0.0043015697
0.0075800553
0.0099342531
0.0117511374
0.0125662244
0.0125907707
0.0120514332
0.0119396956
0.0127527671
0.0142957124
0.0170875850
0.0189585906
0.0233515116
0.0274194601
0.0313041111
0.0345673070
0.0367469522
0.0382486005
0.0387129225
0.0382374535
0.0367018851
0.0335169540
0.0297567351
0.0264487214
0.0235199929
0.0213927594
0.0196605078
0.0178897462
0.0175164339
0.0180753989
0.0176086807
0.0168647188
0.0162340650
0.0155307332
0.0148813260
0.0146714305
0.0146090890
0.0147722661
0.0156825951
0.0165648549
0.0170284799
0.0182735590
0.0187960975
0.0191743129
0.0196011500
0.0209583411
0.0231415203
0.0257293313
0.0284627123
0.0311355718
0.0333573321
0.0349763906
0.0365203855
0.0370635608
0.0362192826
0.0351660510
0.0338028724
0.0319964973
0.0309276824
0.0304322793
0.0298240947
0.0291472043
0.0284624020
0.0275984435
0.0261859196
0.0253274557
0.0252100189
0.0250446572
0.0245691569
0.0244320844
0.0246893536
0.0236170352
0.0225844268
0.0202531839
0.0172503343
0.0131286684
0.0092674238
0.0052573266
0.0015897508
-0.0017037507
-0.0046967282
-0.0069460723
-0.0084486755
-0.0091751405
-0.0090895213
-0.0091411814
-0.0091547071
-0.0083026819
-0.0075562586
-0.0074007435
-0.0071681376
-0.0064303234
-0.0056272737
-0.0048224080
-0.0033139690
-0.0017096687
0.0000918776
0.0028380495
0.0060808957
0.0095368471
0.0131786189
0.0163683598
0.0189332357
0.0198617888
0.0215300850
0.0219662126
0.0206415145
0.0186014030
0.0154029841
0.0119188487
0.0094427459
0.0072434898
0.0047467106
0.0029919954
0.0028433578
0.0027622028
0.0029366328
0.0038966104
0.0050692944
0.0064201344
0.0075260092
0.0087907110
0.0093626752
0.0086180158
0.0077423129
0.0080181291
0.0086021787
0.0089196334
0.0096525925
0.0095107491
0.0089353807
0.0073689703
0.0053257722
0.0042536817
0.0017329245
-0.0015515936
-0.0029205374
-0.0031883498
-0.0039286432
-0.0035702437
-0.0026730786
-0.0023155161
-0.0019614538
-0.0016846760
-0.0020591683
-0.0031055549
-0.0040538687
-0.0050884782
-0.0067210254
-0.0074607351
-0.0072371370
-0.0074316218
-0.0077431656
-0.0076079634
-0.0070730659
-0.0059656051
-0.0049515741
-0.0037224415
-0.0018580425
0.0003819403
0.0015066903
0.0027171578
0.0036100137
0.0022545520
0.0014780105
0.0011980033
0.0001270748
-0.0015627756
-0.0013106694
-0.0008097493
-0.0012477146
-0.0009164114
0.0001960980
0.0007937815
0.0010551660
0.0020805609
0.0033177705
0.0035866229
0.0036829903
0.0035492243
0.0022166074
-0.0002678601
-0.0029914740
-0.0059435573
-0.0082704180
-0.0093027691
-0.0098376940
-0.0097877665
-0.0083925155
-0.0074742048
-0.0069487505
-0.0056840974
-0.0052551340
-0.0050968661
-0.0049861945
-0.0055193824
-0.0059764250
-0.0051745664
-0.0043402147
-0.0041987204
-0.0031657231
-0.0021677755
-0.0027950456
-0.0038511917
-0.0049258795
-0.0065601417
-0.0081968310
-0.0093707686
-0.0099569778
-0.0102597784
-0.0096725547
-0.0085189699
-0.0080114451
-0.0076707638
-0.0072049605
-0.0073055637
-0.0082315637
-0.0093829111
-0.0098676355
-0.0096473426
-0.0098738254
-0.0091767112
-0.0073836237
-0.0058388792
-0.0045367288
-0.0039274578
-0.0029607420
-0.0024571624
-0.0023755320
-0.0021550109
-0.0024285271
-0.0029152806
-0.0030964661
-0.0037321331
-0.0049125178
-0.0060025986
-0.0073058469
-0.0098532609
-0.0133754767
-0.0164539879
-0.0192012699
-0.0212784259
-0.0225826877
-0.0238135536
-0.0241890153
-0.0235708944
-0.0228278031
-0.0215101541
-0.0194225024
-0.0175631548
-0.0160278756
-0.0143687377
-0.0117927784
-0.0095436656
-0.0090829480
-0.0092369394
-0.0089372097
-0.0089449491
-0.0098833147
-0.0102417123
-0.0106515336
-0.0117915459
-0.0124909952
-0.0120875810
-0.0113772091
-0.0108213047
-0.0102681578
-0.0101375180
-0.0104809912
-0.0103636782
-0.0104425029
-0.0108770564
-0.0104529006
-0.0098590828
-0.0096214282
-0.0090046081
-0.0082482859
-0.0074345274
-0.0069521520
-0.0068271669
-0.0066018444
-0.0061974146
-0.0056023339
-0.0050710239
-0.0048583724
-0.0046996473
-0.0042933527
-0.0039714800
-0.0044037275
-0.0057699474
-0.0070956354
-0.0084600066
-0.0100807890
-0.0113992641
-0.0122602864
-0.0127080650
-0.0128538787
-0.0135374124
-0.0143709700
-0.0149694613
-0.0162701647
-0.0179028429
-0.0184731873
-0.0187045730
-0.0187309726
-0.0181495272
-0.0173062218
-0.0167157311
-0.0161409191
-0.0150085948
-0.0145876652
-0.0150455791
-0.0152305506
-0.0155467329
-0.0167640429
-0.0174239351
-0.0182150327
-0.0187081029
-0.0191596330
-0.0194356427
-0.0191682534
-0.0194614395
-0.0203135622
-0.0207361971
-0.0211033022
-0.0217831816
-0.0221787401
-0.0224607107
-0.0227425055
-0.0226488491
-0.0215228682
-0.0199043481
-0.0181141414
-0.0160016890
-0.0144677217
-0.0136021043
-0.0123834282
-0.0113679523
-0.0108006930
-0.0105005761
-0.0101988109
-0.0098454815
-0.0100814316
-0.0101920231
-0.0095554013
-0.0093381977
-0.0093684740
-0.0095901467
-0.0100584986
-0.0110383006
-0.0121674768
-0.0130002845
-0.0139866138
-0.0152976525
-0.0163494460
-0.0169672133
-0.0175958743
-0.0178341889
-0.0174822166
-0.0167626331
-0.0156705088
-0.0142660435
-0.0127026991
-0.0114571545
-0.0105137960
-0.0093777431
-0.0084799947
-0.0080172271
-0.0070109173
-0.0061204356
-0.0058056384
-0.0052355504
-0.0046852978
-0.0052147015
-0.0066554971
-0.0084629878
-0.0094276342
-0.0114456131
-0.0136286515
-0.0151850407
-0.0162664772
-0.0169839402
-0.0170859137
-0.0163579468
-0.0150231864
-0.0132151893
-0.0110961152
-0.0085001323
-0.0064607383
-0.0051911028
-0.0039473593
-0.0037954772
-0.0041631468
-0.0041661986
-0.0043638475
-0.0049189944
-0.0052799119
-0.0060202111
-0.0072896239
-0.0079854493
-0.0084895766
-0.0085793174
-0.0078283156
-0.0061862237
-0.0045104411
-0.0025531049
0.0001991268
0.0015343141
0.0032284618
0.0046069818
0.0061370281
0.0070780277
0.0077350278
0.0085158945
0.0087191775
0.0090125017
0.0095648989
0.0097041937
0.0099210957
0.0101385322
0.0096116252
0.0086347995
0.0079322835
0.0072557431
0.0058719791
0.0049227969
0.0041488891
0.0026874620
0.0011628774
0.0002076762
-0.0006543957
-0.0009627767
-0.0000679419
0.0012849083
0.0025963797
0.0042322451
0.0056073107
0.0059524155
0.0059509549
0.0056143958
0.0042978101
0.0024753388
0.0009920304
-0.0001707709
-0.0009544463
-0.0009673102
-0.0007086969
-0.0008822127
-0.0008131526
-0.0009234522
-0.0011380169
-0.0012136273
-0.0016937234
-0.0025462348
-0.0033174946
-0.0040455166
-0.0049347893
-0.0052303135
-0.0055068988
-0.0061411475
-0.0065572934
-0.0068663205
-0.0079927941
-0.0092328416
-0.0099476272
-0.0109161867
-0.0115525387
-0.0115054123
-0.0111045709
-0.0098468636
-0.0079338196
-0.0056118391
-0.0031210749
-0.0005954146
0.0020420949
0.0045041570
0.0062776311
0.0074978679
0.0082703406
0.0085683191
0.0085632591
0.0087752245
0.0093777685
0.0101631281
0.0113353024
0.0124151742
0.0134278644
0.0144150597
0.0152183350
0.0156290455
0.0155861500
0.0153016200
0.0153102511
0.0155019456
0.0157286877
0.0161438623
0.0167338364
0.0174557267
0.0178439557
0.0184482441
0.0186231464
0.0179141500
0.0166731854
0.0158312609
0.0147084527
0.0124671013
0.0101052664
0.0079597602
0.0057044648
0.0038127005
0.0021872399
0.0008024069
-0.0000509925
0.0001024573
0.0009180580
0.0020105618
0.0031371780
0.0039852504
0.0042821982
0.0038923219
0.0034210305
0.0028930134
0.0019627433
0.0008016954
-0.0002428317
-0.0010624359
-0.0016447208
-0.0021518099
-0.0028351768
-0.0030375687
-0.0032743910
-0.0033012373
-0.0030725759
-0.0024667661
-0.0018773582
-0.0013912891
-0.0011034299
-0.0012999508
-0.0017433642
-0.0021907722
-0.0027600848
-0.0031395404
-0.0029795122
-0.0023203494
-0.0013105439
0.0003233688
0.0025260376
0.0049268243
0.0070584432
0.0093061137
0.0108202528
0.0115877330
0.0121767440
0.0124945555
0.0122359766
0.0116731888
0.0109121529
0.0098897954
0.0089269360
0.0081423462
0.0077772708
0.0072168533
0.0070219235
0.0073916637
0.0084642353
0.0094841776
0.0101875198
0.0109953506
0.0114655595
0.0113886858
0.0109667757
0.0101821118
0.0091179835
0.0081665694
0.0075550995
0.0069734583
0.0064488825
0.0060452738
0.0057304884
0.0052302607
0.0046349541
0.0042530131
0.0042345227
0.0042887865
0.0043729035
0.0047178311
0.0053697346
0.0060581160
0.0063099700
0.0063859442
0.0063004386
0.0061990434
0.0065126943
0.0067543996
0.0074057830
0.0085073115
0.0099459651
0.0113683727
0.0126177799
0.0136142488
0.0142348444
0.0142148531
0.0136280804
0.0130481656
0.0122829300
0.0113084575
0.0104093216
0.0092085849
0.0076361719
0.0063712466
0.0051544620
0.0039779486
0.0031225888
0.0025112736
0.0022499542
0.0024281441
0.0028986341
0.0031715308
0.0033404224
0.0032172906
0.0028528611
0.0026269599
0.0024075993
0.0021704723
0.0016825745
0.0013781873
0.0013426395
0.0011557350
0.0009671836
0.0010743897
0.0010677182
0.0010961660
0.0017720231
0.0032640930
0.0053821363
0.0079580549
0.0107517118
0.0136704706
0.0160098599
0.0176784697
0.0190464902
0.0198134197
0.0198319560
0.0190984950
0.0181547775
0.0174445997
0.0167523034
0.0159942089
0.0154659522
0.0150059262
0.0147435983
0.0147429542
0.0146723662
0.0146333345
0.0147561720
0.0150631936
0.0151551660
0.0151739988
0.0153423536
0.0152062911
0.0146126994
0.0138919212
0.0129706613
0.0118979280
0.0110477847
0.0102692961
0.0099484641
0.0103731605
0.0111017062
0.0119320670
0.0131161956
0.0144289913
0.0153813223
0.0160928218
0.0167572977
0.0168271758
0.0164273225
0.0163016945
0.0161724189
0.0158073062
0.0156154438
0.0158850955
0.0159593652
0.0157863025
0.0156326989
0.0154556641
0.0153422863
0.0150995357
0.0148029001
0.0146230945
0.0144397505
0.0142104028
0.0138471869
0.0133793422
0.0128032948
0.0120781424
0.0111363137
0.0101204404
0.0093110253
0.0086655370
0.0079056815
0.0072301675
0.0068126987
0.0065740478
0.0062021006
0.0058168130
0.0055815552
0.0051911304
0.0048826933
0.0048739577
0.0049278659
0.0048909706
0.0051340570
0.0054682207
0.0056720632
0.0058577339
0.0066904324
0.0072925943
0.0073648853
0.0076091372
0.0075726107
0.0071047464
0.0066818986
0.0059729165
0.0047645998
0.0036890810
0.0028834024
0.0021012797
0.0016726968
0.0017048253
0.0017511216
0.0020775280
0.0026589522
0.0030532729
0.0034432408
0.0037088097
0.0034298294
0.0027489192
0.0017412202
0.0002928232
-0.0013050139
-0.0033406356
-0.0054617769
-0.0073493405
-0.0090840337
-0.0106144081
-0.0116108770
-0.0119370336
-0.0119869821
-0.0117314896
-0.0116134451
-0.0115405091
-0.0111534286
-0.0108575869
-0.0108294797
-0.0105751212
-0.0098762516
-0.0093378139
-0.0087054899
-0.0075973254
-0.0063791200
-0.0052306359
-0.0040842713
-0.0032711363
-0.0034922736
-0.0039245783
-0.0041218451
-0.0050919328
-0.0063457427
-0.0069793372
-0.0073803356
-0.0078345446
-0.0075270444
-0.0068990764
-0.0063073852
-0.0055585254
-0.0046933344
-0.0042973664
-0.0044675465
-0.0049646949
-0.0051561923
-0.0060391663
-0.0074709583
-0.0084189658
-0.0094452213
-0.0107670776
-0.0114636754
-0.0115301025
-0.0112285334
-0.0107440896
-0.0095404199
-0.0083085381
-0.0071413203
-0.0053194820
-0.0034022806
-0.0021550194
-0.0012008504
-0.0002477494
0.0004209427
0.0006935071
0.0006577602
0.0002139218
-0.0005118368
-0.0010213302
-0.0014820040
-0.0019305461
-0.0023954106
-0.0026518442
-0.0027736497
-0.0031789839
-0.0038323969
-0.0039990103
-0.0038903720
-0.0039089582
-0.0036663132
-0.0033517038
-0.0031597875
-0.0032790033
-0.0035011129
-0.0041415788
-0.0047525693
-0.0049389951
-0.0051800659
-0.0052530730
-0.0049184431
-0.0047254397
-0.0043070740
-0.0034459776
-0.0025727100
-0.0017293151
-0.0007475550
0.0002810584
0.0011622493
0.0019298625
0.0023071705
0.0022096810
0.0020649551
0.0017286886
0.0014417451
0.0006853210
-0.0000234499
-0.0005959124
-0.0014312371
-0.0023620157
-0.0033572993
-0.0044113470
-0.0051257619
-0.0056436756
-0.0063427933
-0.0070033551
-0.0072620143
-0.0077052358
-0.0084389226
-0.0088065764
-0.0088861927
-0.0093800268
-0.0100171623
-0.0100359087
-0.0100391926
-0.0100105203
-0.0094686326
-0.0088440278
-0.0080118189
-0.0067632836
-0.0053157875
-0.0040037380
-0.0028247059
-0.0018520352
-0.0012775528
-0.0012443334
-0.0013832904
-0.0014263785
-0.0015109324
-0.0019709814
-0.0024947629
-0.0025713404
-0.0025644431
-0.0029050076
-0.0031126067
-0.0031732271
-0.0032835785
-0.0033987131
-0.0033648164
-0.0033295144
-0.0034012779
-0.0034427976
-0.0036235389
-0.0041068316
-0.0047677035
-0.0055480480
-0.0063987634
-0.0071132706
-0.0074969197
-0.0078255878
-0.0081570237
-0.0080730988
-0.0079061523
-0.0080471550
-0.0080540384
-0.0079416496
-0.0077462632
-0.0077631319
-0.0081502498
-0.0083822448
-0.0082104502
-0.0080991622
-0.0078080481
-0.0071395043
-0.0066618412
-0.0059816223
-0.0049929081
-0.0044519683
-0.0040582142
-0.0036635715
-0.0038318029
-0.0042597951
-0.0042230282
-0.0043000458
-0.0046681958
-0.0047810561
-0.0048143397
-0.0048682289
-0.0047217105
-0.0044184924
-0.0039321957
-0.0031605337
-0.0025670555
-0.0021055525
-0.0016684237
-0.0014548305
-0.0014582025
-0.0016884189
-0.0021867588
-0.0025197863
-0.0025967952
-0.0022940575
-0.0014771612
-0.0004792879
0.0007415819
0.0019772411
0.0026857672
0.0027681916
0.0026476282
0.0024139750
0.0020329782
0.0014910200
0.0009538844
0.0006430351
0.0008194668
0.0012674947
0.0011694122
0.0009565186
0.0011133808
0.0007818208
0.0002731799
-0.0003028531
-0.0008864885
-0.0013647562
-0.0020250513
-0.0025494819
-0.0026175862
-0.0027770452
-0.0030270186
-0.0033386695
-0.0038810616
-0.0041882192
-0.0041722938
-0.0039454772
-0.0033320760
-0.0025053169
-0.0016717980
-0.0008269852
-0.0002282079
-0.0002288956
-0.0005564521
-0.0010805947
-0.0022062519
-0.0034567781
-0.0045537564
-0.0054655157
-0.0059519671
-0.0062321227
-0.0064763104
-0.0064705204
-0.0062361748
-0.0060264920
-0.0058876566
-0.0057165974
-0.0057095916
-0.0058468552
-0.0059036532
-0.0059212281
-0.0057643123
-0.0055673564
-0.0053617020
-0.0052780930
-0.0053066165
-0.0055260374
-0.0060027781
-0.0064415742
-0.0064869547
-0.0063075725
-0.0060127432
-0.0055517253
-0.0050358746
-0.0044095022
-0.0039530654
-0.0039527369
-0.0037301718
-0.0034338121
-0.0035498818
-0.0036078452
-0.0033751263
-0.0032603850
-0.0032026192
-0.0029754163
-0.0030889060
-0.0034379248
-0.0037379533
-0.0039972328
-0.0040850420
-0.0042533335
-0.0042728707
-0.0041069147
-0.0038569441
-0.0033390057
-0.0026818009
-0.0019405550
-0.0011602644
-0.0004687263
0.0000824726
0.0004595442
0.0009041082
0.0012128830
0.0013112013
0.0013005279
0.0013989875
0.0012189554
0.0010746505
0.0010155709
0.0008495308
0.0007072601
0.0004617321
0.0002445048
-0.0000912481
-0.0006576823
-0.0010407772
-0.0012768291
-0.0015992500
-0.0015750267
-0.0014825366
-0.0016661032
-0.0017801761
-0.0018874074
-0.0017371153
-0.0014558657
-0.0009690503
-0.0001640521
0.0009780541
0.0020808162
0.0033140675
0.0046799167
0.0058595637
0.0070662538
0.0081060959
0.0089605803
0.0098894801
0.0104437643
0.0104122056
0.0100406057
0.0094989048
0.0087701648
0.0079475820
0.0074596059
0.0071107952
0.0068582650
0.0068991028
0.0068967755
0.0067713582
0.0066638467
0.0064105325
0.0058377734
0.0054882981
0.0048334127
0.0043329308
0.0037946482
0.0029641796
0.0025540688
0.0024039370
0.0019958026
0.0018950614
0.0021177796
0.0022041737
0.0023958610
0.0025906181
0.0024712860
0.0020704711
0.0016240106
0.0011579345
0.0005093032
-0.0000859629
-0.0003619086
-0.0003844870
-0.0001075354
0.0003514410
0.0010208808
0.0016249094
0.0021800300
0.0025357005
0.0025471650
0.0022185895
0.0017800431
0.0015086775
0.0008964065
0.0003647136
0.0000826484
-0.0000755385
-0.0000715130
0.0000625665
0.0004508260
0.0009060420
0.0013519351
0.0018788059
0.0024392292
0.0029078584
0.0033988959
0.0039705166
0.0043274342
0.0043942075
0.0043242073
0.0038020013
0.0028296161
0.0019303992
0.0010655331
0.0002251903
-0.0003812091
-0.0008352437
-0.0013489380
-0.0018335718
-0.0024479882
-0.0033318884
-0.0042106907
-0.0051268317
-0.0055669625
-0.0062914254
-0.0067147089
-0.0069555321
-0.0069957986
-0.0068519449
-0.0066588346
-0.0065752455
-0.0064189124
-0.0066050725
-0.0067250883
-0.0064997478
-0.0062924025
-0.0059293728
-0.0053644871
-0.0048518037
-0.0043166677
-0.0038518469
-0.0037423073
-0.0037736136
-0.0038228789
-0.0039799884
-0.0042548336
-0.0044383481
-0.0045041506
-0.0045635490
-0.0046041953
-0.0046153534
-0.0047013871
-0.0049892502
-0.0051844848
-0.0057898677
-0.0065241166
-0.0071616492
-0.0076170968
-0.0081271890
-0.0086032581
-0.0089083753
-0.0090688982
-0.0088881978
-0.0084924113
-0.0078963990
-0.0070807402
-0.0062553883
-0.0053955739
-0.0046674763
-0.0041205422
-0.0038571350
-0.0036911949
-0.0034334907
-0.0032641692
-0.0032715396
-0.0032835961
-0.0032117038
-0.0031886019
-0.0032135214
-0.0031503295
-0.0030213297
-0.0028520383
-0.0024742555
-0.0021254715
-0.0019587105
-0.0015235795
-0.0010766836
-0.0006843214
-0.0003605865
0.0000941896
0.0005508497
0.0010189678
0.0017058936
0.0023762415
0.0030117789
0.0036550760
0.0042305804
0.0047239389
0.0055218959
0.0063820640
0.0071760850
0.0079386794
0.0087518674
0.0094379769
0.0098200243
0.0100856944
0.0101401126
0.0100014794
0.0097711557
0.0095287785
0.0093052782
0.0088276897
0.0083928712
0.0081068480
0.0079225898
0.0076215946
0.0075975726
0.0078481007
0.0079228984
0.0081279416
0.0087964236
0.0092825705
0.0098313259
0.0104625190
0.0108259910
0.0111295877
0.0113663377
0.0112706532
0.0110536709
0.0107747630
0.0104727240
0.0101595149
0.0100095292
0.0100701882
0.0103395021
0.0107312521
0.0109369791
0.0109966611
0.0110489094
0.0106767880
0.0100044090
0.0091991634
0.0080553698
0.0067222335
0.0054290934
0.0048216730
0.0036311605
0.0026471914
0.0018731271
0.0013039591
0.0009129566
0.0006118073
0.0003279914
-0.0000808187
-0.0006034385
-0.0011384657
-0.0017811071
-0.0023734692
-0.0029060341
-0.0033631459
-0.0036746913
-0.0037800530
-0.0037216884
-0.0036736494
-0.0036090969
-0.0036245307
-0.0037030624
-0.0037090256
-0.0038217592
-0.0039592517
-0.0038546626
-0.0036110980
-0.0033271000
-0.0030500873
-0.0026138912
-0.0022902605
-0.0015748557
-0.0008276583
0.0001356311
0.0012251547
0.0021196355
0.0028669238
0.0036501155
0.0042918966
0.0046936898
0.0051050039
0.0052379823
0.0052769766
0.0054392961
0.0056478225
0.0059219634
0.0063177954
0.0067511897
0.0071046147
0.0073620091
0.0073180042
0.0069107230
0.0062160158
0.0052817897
0.0039426352
0.0025668371
0.0014244513
0.0001551336
-0.0008325281
-0.0015355694
-0.0023338487
-0.0026978228
-0.0031100194
-0.0033922436
-0.0037247510
-0.0036819271
-0.0034831948
-0.0031190215
-0.0025687976
-0.0018618277
-0.0010756220
-0.0003260542
0.0003163479
0.0008408708
0.0010070988
0.0008500741
0.0006345392
0.0002862951
-0.0003485152
-0.0010830499
-0.0017482643
-0.0025857722
-0.0035036761
-0.0043897268
-0.0052547003
-0.0061051743
-0.0067048873
-0.0071135806
-0.0074385058
-0.0075992359
-0.0075355918
-0.0074343322
-0.0073362990
-0.0070699621
-0.0066992320
-0.0063820338
-0.0059171460
-0.0054076470
-0.0050387451
-0.0045253902
-0.0041022389
-0.0039025822
-0.0037642869
-0.0037141852
-0.0039749392
-0.0043527560
-0.0047086519
-0.0051960296
-0.0056029132
-0.0058113864
-0.0060259735
-0.0061510143
-0.0062124724
-0.0063645947
-0.0062964500
-0.0059127703
-0.0054596932
-0.0047554578
-0.0037401877
-0.0026485897
-0.0015028599
-0.0003216332
0.0001602994
0.0009189760
0.0015688777
0.0021837706
0.0027022657
0.0032092553
0.0035014862
0.0037723147
0.0041121197
0.0043307153
0.0042817425
0.0042047941
0.0040293692
0.0036102792
0.0031714617
0.0030127143
0.0028136302
0.0024154203
0.0022160371
0.0022451834
0.0021770819
0.0021601654
0.0022670387
0.0021595324
0.0019894213
0.0020865766
0.0023297847
0.0025808860
0.0025813337
0.0024589477
0.0026615773
0.0028547843
0.0031433266
0.0030760306
0.0031411682
0.0033762708
0.0034592736
0.0034652138
0.0037631784
0.0040587305
0.0039885883
0.0036351706
0.0034640528
0.0033924103
0.0029080176
0.0024344141
0.0020379707
0.0013215880
0.0008130847
0.0006902205
0.0002399731
-0.0002390806
-0.0004929342
-0.0008749794
-0.0011555338
-0.0009700445
-0.0007098608
-0.0008071596
-0.0007056370
-0.0002238531
0.0000810761
0.0003006856
0.0007116940
0.0010613046
0.0012711735
0.0014567504
0.0018547501
0.0020268188
0.0021832667
0.0023512975
0.0022599933
0.0021815085
0.0023946399
0.0025830577
0.0027950120
0.0029406275
0.0030466975
0.0032286860
0.0033080307
0.0032133997
0.0029439589
0.0026225957
0.0020752701
0.0015811972
0.0012784930
0.0009263539
0.0005177392
0.0002357781
-0.0000791513
-0.0003977553
-0.0005604496
-0.0006200055
-0.0006679893
-0.0006165481
-0.0006054931
-0.0002801659
0.0002109684
0.0003953277
0.0008122945
0.0012503365
0.0013774685
0.0011833936
0.0010272716
0.0007586092
0.0003947054
0.0000312482
-0.0005449877
-0.0012510816
-0.0018169605
-0.0022240304
-0.0023923195
-0.0024966551
-0.0027865529
-0.0029935282
-0.0029180004
-0.0028622418
-0.0027899748
-0.0025387055
-0.0025822648
-0.0025973506
-0.0024693288
-0.0031429445
-0.0034618981
-0.0029989584
-0.0032028200
-0.0039596724
-0.0039981379
-0.0037326713
-0.0032927461
-0.0031596172
-0.0026029432
-0.0021056503
-0.0015856492
-0.0009740939
-0.0006487053
-0.0001051634
0.0005749078
0.0003955867
0.0001156409
0.0002072729
-0.0001798609
-0.0005880122
-0.0009776041
-0.0018484288
-0.0024446187
-0.0026717085
-0.0029614690
-0.0030895734
-0.0029784954
-0.0030360644
-0.0028272342
-0.0023243633
-0.0021328350
-0.0021058358
-0.0018998494
-0.0019074780
-0.0021621227
-0.0022501589
-0.0022594193
-0.0024080666
-0.0027938355
-0.0028377368
-0.0025673925
-0.0025861286
-0.0025722866
-0.0024846224
-0.0026781962
-0.0028396088
-0.0027189653
-0.0028614086
-0.0029436192
-0.0029029667
-0.0030218967
-0.0029911422
-0.0025875816
-0.0022240411
-0.0020204902
-0.0015464365
-0.0009878269
-0.0004024295
0.0003524725
0.0009659097
0.0014461618
0.0019998007
0.0025394412
0.0027541108
0.0026846329
0.0025710388
0.0023823848
0.0017817591
0.0013703992
0.0008641957
0.0001253899
-0.0002546406
-0.0006231403
-0.0010151519
-0.0011795338
-0.0013002053
-0.0015194436
-0.0019139529
-0.0020400200
-0.0016534968
-0.0014921201
-0.0015979889
-0.0014494190
-0.0012752923
-0.0014603517
-0.0015423299
-0.0017191594
-0.0022246715
-0.0026464738
-0.0027515893
-0.0027259882
-0.0024843148
-0.0018863396
-0.0013184812
-0.0008644418
-0.0000545377
0.0003137195
0.0007268944
0.0011635828
0.0016385956
0.0018657840
0.0021119044
0.0024170147
0.0024655931
0.0022770479
0.0021985945
0.0019634390
0.0017002052
0.0019182246
0.0024500412
0.0028321984
0.0033330673
0.0040792756
0.0046312595
0.0049960283
0.0053504638
0.0055395275
0.0054069269
0.0051572112
0.0049503633
0.0044977043
0.0037411314
0.0030410254
0.0025590711
0.0019579114
0.0015687157
0.0014900260
0.0014241137
0.0012938434
0.0012905878
0.0012967977
0.0014778534
0.0017949723
0.0018160031
0.0016968122
0.0020155488
0.0021779865
0.0022917491
0.0026508753
0.0028108058
0.0028247346
0.0031417547
0.0036134285
0.0037827981
0.0039739949
0.0042419049
0.0042883453
0.0046321128
0.0048768932
0.0045694924
0.0044373377
0.0040717693
0.0033935804
0.0027232424
0.0019514258
0.0011086865
0.0000836375
-0.0004321120
-0.0013689379
-0.0020001882
-0.0026347569
-0.0029950950
-0.0031335978
-0.0034279792
-0.0034052566
-0.0030109862
-0.0028369430
-0.0026356864
-0.0023717501
-0.0022872118
-0.0021783644
-0.0018930179
-0.0017190247
-0.0018695794
-0.0019838777
-0.0019707396
-0.0020594706
-0.0021317211
-0.0020654218
-0.0019875862
-0.0020281102
-0.0020166899
-0.0017825974
-0.0012998421
-0.0008142074
-0.0003030136
0.0001710595
0.0005671817
0.0006931889
0.0007940267
0.0011336308
0.0014530204
0.0012932121
0.0007325629
0.0003372611
0.0002170137
-0.0003477923
-0.0010614808
-0.0013368272
-0.0016167078
-0.0019300028
-0.0020263966
-0.0020254783
-0.0018645618
-0.0015556066
-0.0012755216
-0.0009410126
-0.0004246473
-0.0000950878
-0.0003700892
-0.0003118996
-0.0001815424
-0.0004491441
-0.0004767499
-0.0003686893
-0.0005377495
-0.0006470273
-0.0006552745
-0.0007290972
-0.0011501481
-0.0017039998
-0.0020265089
-0.0023684215
-0.0028703257
-0.0030349164
-0.0030098158
-0.0032482430
-0.0034169701
-0.0034191063
-0.0035016649
-0.0036036215
-0.0037109329
-0.0035609210
-0.0032834974
-0.0029813348
-0.0026127806
-0.0021299965
-0.0016323685
-0.0012848552
-0.0009361036
-0.0006904417
-0.0006357278
-0.0006053416
-0.0003823831
-0.0006105636
-0.0014478476
-0.0017189418
-0.0015042513
-0.0013724498
-0.0010604432
-0.0007558595
-0.0002908612
-0.0000011200
-0.0004957240
-0.0014559206
-0.0025728250
-0.0038852039
-0.0051497550
-0.0060893716
-0.0064747554
-0.0062613487
-0.0059213479
-0.0054992983
-0.0048817787
-0.0041916495
-0.0033766067
-0.0026345271
-0.0018895861
-0.0010827608
-0.0003761632
-0.0002654353
0.0000324787
0.0006875443
0.0007970091
0.0006871031
0.0009755288
0.0013897552
0.0015115812
0.0019938459
0.0024150593
0.0030020667
0.0032921456
0.0035744076
0.0034005668
0.0027467172
0.0022083181
0.0018567449
0.0010267849
0.0005518782
0.0008439930
0.0010676742
0.0014331905
0.0023826563
0.0031873659
0.0037430253
0.0047060956
0.0055875267
0.0059312049
0.0065276973
0.0071720175
0.0071726238
0.0071806325
0.0072567461
0.0070045511
0.0068368451
0.0069211575
0.0068132927
0.0064617196
0.0062288960
0.0057783484
0.0055207955
0.0052211762
0.0050514329
0.0049444009
0.0049536487
0.0049765224
0.0049857719
0.0049385508
0.0044748262
0.0033372732
0.0020578223
0.0006608848
-0.0010903300
-0.0025215185
-0.0030958100
-0.0033484194
-0.0034443423
-0.0030210584
-0.0025214795
-0.0020235417
-0.0015680835
-0.0015295227
-0.0018889252
-0.0020635705
-0.0021128700
-0.0025027751
-0.0026023683
-0.0023019477
-0.0023833922
-0.0024561774
-0.0023330802
-0.0018718274
-0.0015144948
-0.0011493150
-0.0004562945
-0.0000680047
-0.0001337533
-0.0000757781
-0.0002136910
-0.0007800476
-0.0015233458
-0.0022806524
-0.0028008480
-0.0030863901
-0.0033752502
-0.0033832664
-0.0031850827
-0.0029200976
-0.0026402672
-0.0024890881
-0.0024385212
-0.0024052731
-0.0024194545
-0.0022975478
-0.0020725425
-0.0020215553
-0.0019396535
-0.0019488696
-0.0023564178
-0.0030369854
-0.0037678572
-0.0041061466
-0.0045293761
-0.0044829194
-0.0041337608
-0.0034204805
-0.0026259303
-0.0018483143
-0.0008673722
-0.0003198534
-0.0001368583
-0.0000516128
0.0000212789
0.0001370426
0.0004532403
0.0008873685
0.0012773882
0.0015193555
0.0014557587
0.0012119459
0.0009561849
0.0007866021
0.0006516672
0.0006618892
0.0008515036
0.0013174057
0.0017878638
0.0019007790
0.0019485582
0.0018177668
0.0011009750
0.0005289351
0.0001589650
-0.0001409025
-0.0001962219
-0.0000173157
0.0003026391
0.0007116554
0.0018637972
0.0030600593
0.0036818985
0.0042266101
0.0044109105
0.0039613832
0.0035242380
0.0029860517
0.0018833020
0.0009195382
0.0005582547
0.0003268709
0.0005429288
0.0011581707
0.0018130125
0.0022930064
0.0025251572
0.0027667954
0.0028962779
0.0027680180
0.0025502738
0.0023308814
0.0023317071
0.0025094450
0.0026277797
0.0026150012
0.0025642760
0.0025061391
0.0023659282
0.0022253153
0.0021057371
0.0020038884
0.0019445087
0.0020072064
0.0021552649
0.0024546727
0.0028431498
0.0029297773
0.0028543419
0.0027504509
0.0026490158
0.0025018291
0.0023863863
0.0024280724
0.0023518050
0.0024833937
0.0025832235
0.0026838856
0.0028084544
0.0027095310
0.0023924480
0.0019289885
0.0014160260
0.0007414256
0.0002404164
-0.0002861365
-0.0008968349
-0.0011190562
-0.0012909833
-0.0013024687
-0.0012966504
-0.0012042195
-0.0010416947
-0.0010449297
-0.0012193117
-0.0012204881
-0.0011655851
-0.0011502626
-0.0011200988
-0.0010907510
-0.0011603847
-0.0013298013
-0.0016662340
-0.0023107056
-0.0030207733
-0.0035790555
-0.0043315835
-0.0051179210
-0.0054774766
-0.0057594626
-0.0062987857
-0.0068958332
-0.0074306393
-0.0078994432
-0.0081451690
-0.0082465362
-0.0083290032
-0.0082427482
-0.0078438420
-0.0074771669
-0.0069978947
-0.0063664699
-0.0058409976
-0.0053691672
-0.0049323722
-0.0046308458
-0.0043754808
-0.0040203488
-0.0037282921
-0.0035888311
-0.0033697567
-0.0032727676
-0.0033902120
-0.0034688987
-0.0033463174
-0.0032885034
-0.0032294391
-0.0029320403
-0.0025100726
-0.0021854474
-0.0018876148
-0.0016458760
-0.0016791780
-0.0017380668
-0.0015882754
-0.0015815956
-0.0014330431
-0.0010943957
-0.0009223334
-0.0005919366
-0.0001856319
0.0001670371
0.0004434395
0.0004987871
0.0005063117
0.0005699049
0.0005386680
0.0004764802
0.0005805021
0.0007232680
0.0008297662
0.0011387228
0.0014802743
0.0016704696
0.0018854301
0.0020583053
0.0022575737
0.0025108676
0.0027051954
0.0026805449
0.0025651788
0.0025256773
0.0025080480
0.0025798920
0.0027420484
0.0029376058
0.0030890511
0.0032982187
0.0033878086
0.0033540844
0.0033348206
0.0032763539
0.0029638486
0.0027297044
0.0028312461
0.0029191711
0.0029365833
0.0031791514
0.0033037923
0.0033084185
0.0033806716
0.0033696260
0.0033239446
0.0032926929
0.0032997926
0.0036091626
0.0040265957
0.0042106123
0.0043929568
0.0045344999
0.0045750053
0.0044880888
0.0042865135
0.0039859838
0.0035419447
0.0031642891
0.0028967308
0.0026671223
0.0024593663
0.0023349152
0.0020912779
0.0020196053
0.0021240276
0.0020692687
0.0020429456
0.0022244767
0.0022600200
0.0023277372
0.0024845182
0.0024116180
0.0021160218
0.0018134213
0.0015495716
0.0012040775
0.0010919842
0.0010264990
0.0006595534
0.0006023106
0.0007083655
0.0005620532
0.0005794382
0.0007102431
0.0006274243
0.0006382212
0.0009117004
0.0009645645
0.0009229813
0.0010166736
0.0009280780
0.0006931043
0.0005587337
0.0003010783
-0.0001685620
-0.0006823105
-0.0010426815
-0.0015143749
-0.0019143178
-0.0020391971
-0.0021983203
-0.0024221717
-0.0024992256
-0.0027399828
-0.0031659214
-0.0035819431
-0.0040808606
-0.0046210138
-0.0050316931
-0.0053582392
-0.0054670528
-0.0053552392
-0.0049659104
-0.0045679098
-0.0040610227
-0.0034696133
-0.0029841810
-0.0026158732
-0.0022075538
-0.0020128532
-0.0018020744
-0.0014832511
-0.0014068967
-0.0012468407
-0.0010422452
-0.0008937299
-0.0009695523
-0.0010746539
-0.0011183146
-0.0015001239
-0.0020551278
-0.0026002434
-0.0032030969
-0.0038084224
-0.0042483824
-0.0044912292
-0.0046198593
-0.0047158995
-0.0047364622
-0.0046358102
-0.0045920508
-0.0045194376
-0.0042884542
-0.0039766645
-0.0037436346
-0.0032367870
-0.0025468159
-0.0019199664
-0.0011104159
-0.0004316049
0.0001090746
0.0007598488
0.0010564045
0.0015104710
0.0019154740
0.0021551053
0.0023394907
0.0024710777
0.0025680333
0.0025878646
0.0025796800
0.0025046637
0.0022523129
0.0021665701
0.0023249665
0.0023390210
0.0022351391
0.0022780585
0.0022888242
0.0021160689
0.0018946539
0.0018926234
0.0018712172
0.0019586704
0.0022333469
0.0024907026
0.0026012653
0.0027806831
0.0028928763
0.0027040362
0.0025716963
0.0026245097
0.0025268070
0.0024493052
0.0025511969
0.0026741160
0.0026522804
0.0027727244
0.0026638860
0.0024387572
0.0024041413
0.0024330387
0.0023035881
0.0021374321
0.0019254808
0.0016554025
0.0013482017
0.0012641043
0.0010426777
0.0008183723
0.0004039519
-0.0001890248
-0.0003584950
-0.0006553807
-0.0014875479
-0.0020541427
-0.0019629909
-0.0021221536
-0.0022334892
-0.0015588249
-0.0010981679
-0.0011451630
-0.0008074038
-0.0004354210
-0.0001887943
-0.0003178591
0.0003304210
0.0007539571
0.0005510807
0.0010900703
0.0020637305
0.0019260236
0.0017441830
0.0018378154
0.0017133101
0.0013508486
0.0012089961
0.0007364272
0.0005323097
0.0008007869
0.0004461558
0.0002424555
0.0003232978
-0.0000247308
-0.0002845207
-0.0000374917
-0.0000910864
-0.0001541683
0.0002334854
0.0004256752
-0.0001062779
-0.0005788547
-0.0005318279
-0.0009400729
-0.0012010998
-0.0009008820
-0.0003119860
-0.0002245506
0.0001037150
0.0004505440
0.0001771516
0.0002130393
0.0001841916
-0.0005902474
-0.0006871543
-0.0003910560
-0.0003828007
0.0003429935
0.0010605554
0.0013512903
0.0024164904
0.0032701363
0.0029237559
0.0032231532
0.0037741200
0.0034009324
0.0036281546
0.0046216007
0.0045560576
0.0040331816
0.0039313327
0.0033721725
0.0022661858
0.0012760785
0.0006843090
-0.0007148785
-0.0013676928
-0.0011206627
-0.0015165467
-0.0018039725
-0.0014142782
-0.0011425039
-0.0011573503
-0.0007833127
-0.0003787589
-0.0001111063
-0.0001205841
-0.0000636598
0.0001165606
0.0000134868
0.0000737018
-0.0001407140
-0.0005662837
-0.0005320436
-0.0005217217
-0.0007650114
-0.0007860382
-0.0010478843
-0.0015447935
-0.0015678745
-0.0019505551
-0.0024792244
-0.0022268412
-0.0025526067
-0.0030190135
-0.0034421116
-0.0033451878
-0.0036091045
-0.0036429205
-0.0035253805
-0.0038882653
-0.0038515663
-0.0030998024
-0.0026131870
-0.0021546068
-0.0014432455
-0.0008411568
-0.0001532944
0.0002108536
0.0005189167
0.0004863615
0.0001948275
-0.0000472300
-0.0004447487
-0.0005977302
-0.0007531810
-0.0015136000
-0.0021004092
-0.0022847418
-0.0025342248
-0.0028674164
-0.0027812301
-0.0024645138
-0.0021733654
-0.0020257177
-0.0017560147
-0.0015036321
-0.0011312397
-0.0012990573
-0.0016400908
-0.0010281120
-0.0006783987
-0.0009823054
-0.0009163194
-0.0008874426
-0.0012919730
-0.0012828925
-0.0011604039
-0.0014449359
-0.0016610184
-0.0014304950
-0.0010428487
-0.0009525276
-0.0004255023
0.0002994881
0.0004281587
0.0003737430
0.0007288100
0.0011135816
0.0008871964
0.0007020550
0.0006641250
0.0004517650
0.0004179623
0.0003862224
0.0001528256
0.0001132543
0.0000926448
0.0000275022
-0.0002240379
-0.0003844415
-0.0002351498
0.0000213631
0.0001607595
0.0004737683
0.0007109034
0.0005645278
0.0000243207
-0.0004284635
-0.0002420613
-0.0001385372
-0.0005010104
-0.0005451251
0.0001724198
0.0010574129
0.0013766137
0.0014009565
0.0016925201
0.0019090399
0.0014191467
0.0017713235
0.0027924000
0.0023507712
0.0015000402
0.0016720114
0.0015846096
0.0012930712
0.0009949336
0.0009434009
0.0007087680
0.0005813545
0.0005640447
0.0008580812
0.0010931556
0.0007075946
0.0007863636
0.0017777399
0.0023068367
0.0023551112
0.0030380315
0.0031992898
0.0027712611
0.0026071529
0.0023362393
0.0018117088
0.0012875944
0.0007346086
0.0004504892
0.0006154517
0.0003548448
0.0002872229
0.0010785950
0.0015161514
0.0013025587
0.0014720628
0.0015566243
0.0010931245
0.0008824138
0.0006197415
0.0000622254
-0.0005612857
-0.0008557115
-0.0007897263
-0.0003200125
0.0003212538
0.0008598364
0.0015477060
0.0021572258
0.0023143664
0.0022677911
0.0024278173
0.0021284618
0.0013482510
0.0006249641
-0.0002377282
-0.0011989581
-0.0020191769
-0.0030352576
-0.0043528314
-0.0055227480
-0.0064353267
-0.0068345161
-0.0062934814
-0.0048246025
-0.0025758818
0.0008955235
0.0046201891
0.0077555483
0.0089683969
0.0106307364
0.0111396801
0.0110918933
0.0103875883
0.0087352324
0.0069537931
0.0052317327
0.0034160127
0.0017356053
-0.0003992892
-0.0026916817
-0.0041412176
-0.0049548236
-0.0057581613
-0.0060303237
-0.0059977367
-0.0059024636
-0.0051775057
-0.0046549937
-0.0046207570
-0.0044636225
-0.0044958036
-0.0048417735
-0.0050297768
-0.0049279052
-0.0047769602
-0.0045352956
-0.0035558698
-0.0025112969
-0.0020988962
-0.0014332978
-0.0004167510
0.0000245230
-0.0004220572
-0.0010067883
-0.0016195609
-0.0025284277
-0.0031465870
-0.0030946174
-0.0028273676
-0.0025489959
-0.0021365967
-0.0019757451
-0.0021443866
-0.0021476678
-0.0021728048
-0.0027039304
-0.0031142309
-0.0032540116
-0.0035389533
-0.0039092622
-0.0038824422
-0.0036119114
-0.0032304547
-0.0024935229
-0.0013953166
-0.0001606399
0.0009284907
0.0017202883
0.0019792937
0.0020663365
0.0013983138
0.0007290462
-0.0002070353
-0.0013385883
-0.0018210625
-0.0020969291
-0.0022948585
-0.0023476287
-0.0025678295
-0.0029686510
-0.0032127567
-0.0032576960
-0.0032882011
-0.0028836537
-0.0021462943
-0.0016048302
-0.0007223165
-0.0000352717
0.0001396032
0.0004979769
0.0006576013
0.0004910178
0.0002997016
0.0001294005
0.0002370556
0.0004630588
0.0004911245
0.0006754726
0.0009295271
0.0009072820
0.0008607044
0.0007720640
0.0003217659
-0.0002996770
-0.0005149242
-0.0001850119
0.0002451189
0.0011647333
0.0022014908
0.0028176067
0.0031768330
0.0032943906
0.0028655359
0.0022028667
0.0014185448
0.0003768889
-0.0003435257
-0.0007113570
-0.0008334123
-0.0005810250
-0.0004053313
-0.0003545959
-0.0004176704
-0.0006815820
-0.0009958017
-0.0010139427
-0.0007817550
-0.0005702027
0.0003749937
0.0019135888
0.0031350994
0.0036806937
0.0048213666
0.0056226513
0.0056618813
0.0053377832
0.0046227359
0.0036157333
0.0026252193
0.0018058389
0.0011200599
0.0005864527
0.0005765637
0.0007679197
0.0010306197
0.0015040414
0.0019246935
0.0021263649
0.0024167003
0.0028538423
0.0028563504
0.0025751265
0.0025730806
0.0023924817
0.0019450688
0.0019958007
0.0023401638
0.0024321379
0.0027550749
0.0034004718
0.0038590367
0.0040227704
0.0045572299
0.0050982986
0.0050154311
0.0047742177
0.0043111435
0.0038167309
0.0027210473
0.0007066047
-0.0003771319
-0.0013391879
-0.0029247901
-0.0034365441
-0.0034245924
-0.0038089192
-0.0028678551
-0.0018377094
-0.0017044934
-0.0010549780
-0.0007877284
-0.0015209238
-0.0015741134
-0.0016978085
-0.0023811084
-0.0019155288
-0.0011839483
-0.0011328039
-0.0001661718
0.0010355256
0.0012310288
0.0014190944
0.0015770532
0.0013197509
0.0010117196
0.0008669976
0.0004476189
0.0004740234
0.0007462122
0.0009301506
0.0013829555
0.0019087630
0.0018172414
0.0016432330
0.0018259372
0.0012486320
0.0007459557
0.0007133980
0.0002094822
-0.0003265971
-0.0003521536
-0.0008519388
-0.0014329712
-0.0012506897
-0.0013240801
-0.0018453205
-0.0014535558
-0.0008564119
-0.0009293870
-0.0007928794
-0.0003054261
-0.0003408748
-0.0004938530
-0.0003392009
0.0001264004
-0.0000975056
0.0000117884
0.0003899609
0.0003804938
0.0005062875
0.0007409525
0.0009022108
0.0008543912
0.0006247188
0.0004927694
0.0003352614
0.0003220766
0.0002688989
0.0002449935
0.0004367691
0.0003918351
0.0002998924
0.0001242365
-0.0003070937
-0.0006819389
-0.0010299721
-0.0012151223
-0.0013128477
-0.0011808747
-0.0009853925
-0.0007965110
-0.0006665965
-0.0007882278
-0.0012632759
-0.0015647220
-0.0016702811
-0.0020187225
-0.0022867654
-0.0020096348
-0.0016813710
-0.0013271211
-0.0008871009
-0.0007056344
-0.0005938685
-0.0004420954
-0.0002424966
0.0000783534
0.0004701242
0.0008388111
0.0012066725
0.0014211377
0.0014500208
0.0013968410
0.0014558280
0.0011119239
0.0006867738
0.0005041006
0.0003280318
-0.0002814537
-0.0006299081
-0.0006991790
-0.0010505188
-0.0011907233
-0.0011655595
-0.0011317336
-0.0008785244
-0.0006801586
-0.0005234412
-0.0004087838
-0.0003337186
-0.0000293690
0.0000547707
-0.0001180019
-0.0001505660
0.0000205841
0.0000713226
-0.0001521744
-0.0002070116
-0.0001171006
-0.0001174993
-0.0000902692
0.0001831498
0.0004549229
0.0007902040
0.0011865154
0.0012739610
0.0010277939
0.0005774971
-0.0000975589
-0.0008559084
-0.0015458203
-0.0021994340
-0.0026299547
-0.0026584046
-0.0026876842
-0.0027297434
-0.0021948837
-0.0011659882
-0.0005964745
0.0000546871
0.0008308078
0.0009755751
0.0010098207
0.0010350021
0.0007537731
0.0000886178
-0.0003251601
-0.0006412009
-0.0010255907
-0.0010309135
-0.0010122250
-0.0010824895
-0.0006843968
-0.0002715750
-0.0001428383
0.0001485673
0.0002803691
0.0000290473
-0.0001759808
-0.0005195475
-0.0013208192
-0.0017509193
-0.0018834517
-0.0020333301
-0.0024035921
-0.0020166444
-0.0012660004
-0.0009930129
-0.0003730137
0.0007643899
0.0012474190
0.0014454003
0.0020129996
0.0020981081
0.0016632581
0.0015805883
0.0016611421
0.0014085726
0.0013676324
0.0015349383
0.0013666054
0.0013453778
0.0014308908
0.0010254848
0.0007015723
0.0006074918
0.0005392128
0.0005019444
0.0004330291
0.0005943645
0.0005309413
0.0001750607
0.0000198230
-0.0002765742
-0.0005797254
-0.0009093524
-0.0008503493
-0.0008640592
-0.0006846145
-0.0002351582
0.0001218744
0.0004020868
0.0005238687
0.0006824506
0.0008351627
0.0010080344
0.0009797447
0.0010365667
0.0013193977
0.0014167155
0.0015708515
0.0016044012
0.0014937307
0.0015898530
0.0016742805
0.0014491252
0.0010807641
0.0008088156
0.0005695973
0.0003310452
0.0000073012
-0.0002059316
-0.0003532921
-0.0004390738
-0.0004969617
-0.0005341584
-0.0004769261
-0.0004886360
-0.0008202998
-0.0010161979
-0.0008754400
-0.0012136429
-0.0015859257
-0.0016346374
-0.0017954068
-0.0020299319
-0.0018088166
-0.0017212067
-0.0018594915
-0.0016487468
-0.0013482949
-0.0012446178
-0.0008607454
-0.0005722219
-0.0005755238
-0.0004244461
-0.0002947863
-0.0002447328
-0.0001817443
-0.0001244494
-0.0001229255
0.0000783669
0.0001963932
0.0002190966
0.0002573326
0.0002418396
0.0001272467
0.0000770973
0.0000343627
0.0000627482
0.0001741879
0.0002430244
0.0003352701
0.0003675219
0.0001269772
0.0000224297
-0.0001599530
-0.0005135429
-0.0007203448
-0.0008457683
-0.0009729734
-0.0010392607
-0.0009845646
-0.0007762397
-0.0005023006
-0.0003325726
-0.0000847240
0.0001538344
0.0003339532
0.0004850407
0.0007916429
0.0009430740
0.0008131040
0.0008626218
0.0008197351
0.0007139478
0.0006401931
0.0003728194
0.0001263645
-0.0001466106
-0.0004675935
-0.0006826595
-0.0009528316
-0.0012481044
-0.0013325563
-0.0012635522
-0.0012227257
-0.0009528069
-0.0006769931
-0.0009364243
-0.0013032559
-0.0015581629
-0.0019016282
-0.0023927547
-0.0026431395
-0.0027563108
-0.0029825899
-0.0030659106
-0.0029797350
-0.0029411889
-0.0027295287
-0.0023360536
-0.0019678459
-0.0015639957
-0.0009946876
-0.0004161566
-0.0000556496
0.0000431229
0.0001735582
0.0002361294
0.0001267210
0.0000842433
0.0000997806
0.0000676656
0.0000353444
-0.0000745677
-0.0001736538
-0.0002761249
-0.0002030188
0.0000161688
-0.0000308716
-0.0000355953
0.0002751007
0.0003794016
0.0003836233
0.0006527312
0.0007245547
0.0005490615
0.0006547498
0.0005930687
0.0003587835
0.0005779492
0.0008220023
0.0007469803
0.0010650261
0.0015449902
0.0015585254
0.0016796581
0.0018328237
0.0019762015
0.0018596722
0.0020427239
0.0020534788
0.0018827647
0.0020387423
0.0021863062
0.0021209933
0.0022445104
0.0024024135
0.0024565471
0.0025772006
0.0027644083
0.0028603227
0.0030571627
0.0032816657
0.0033335638
0.0033555684
0.0034702866
0.0033497403
0.0031468378
0.0030092181
0.0026015843
0.0020981512
0.0016504983
0.0011488219
0.0006881498
0.0002727448
-0.0001523828
-0.0003367840
-0.0005794991
-0.0006986309
-0.0008686233
-0.0008596029
-0.0006607921
-0.0006382311
-0.0005661300
-0.0004384017
-0.0005256095
-0.0006778976
-0.0008263220
-0.0011202385
-0.0013995073
-0.0014557915
-0.0013873420
-0.0012838159
-0.0010762399
-0.0009717839
-0.0009207072
-0.0008906582
-0.0009557129
-0.0009688881
-0.0009388461
-0.0009861000
-0.0009335511
-0.0008902668
-0.0010082918
-0.0010417305
-0.0012014958
-0.0013265490
-0.0015113331
-0.0015876437
-0.0017161783
-0.0017284775
-0.0016661626
-0.0016949596
-0.0015957791
-0.0014231573
-0.0014629413
-0.0013510979
-0.0011597746
-0.0011887138
-0.0010486941
-0.0008154812
-0.0007806016
-0.0006252875
-0.0004067154
-0.0005215510
-0.0005840246
-0.0005611914
-0.0007814584
-0.0010450331
-0.0011651646
-0.0011985204
-0.0012512952
-0.0011651018
-0.0009421490
-0.0008083966
-0.0007173561
-0.0004467419
-0.0003015221
-0.0002524979
-0.0002366119
-0.0002189022
-0.0003517552
-0.0004049576
-0.0003494878
-0.0004192421
-0.0004413956
-0.0004244087
-0.0003724682
-0.0002116454
-0.0000488513
0.0000857002
0.0001534451
0.0001078663
0.0001642660
0.0003222987
0.0002576310
0.0002423780
0.0004137150
0.0003729185
0.0003837004
0.0006529029
0.0005922958
0.0003937856
0.0005381461
0.0004866130
0.0004151850
0.0005590915
0.0005858393
0.0004991920
0.0006107645
0.0007838696
0.0007583730
0.0007909218
0.0007606494
0.0006141124
0.0005858643
0.0005217293
0.0004154167
0.0003246687
0.0002573950
0.0002035100
0.0002166255
0.0002756142
0.0001964174
0.0001646354
0.0002865589
0.0003035991
0.0003044411
0.0003988219
0.0004689512
0.0004392899
0.0003962685
0.0003751588
0.0003096219
0.0001950099
0.0001181410
0.0000694634
0.0000601834
0.0000547854
0.0000806895
0.0001552217
0.0001686443
0.0002070473
0.0003077460
0.0002954915
0.0002873009
0.0003389619
0.0002996982
0.0003227316
0.0004149849
0.0004056197
0.0004154015
0.0004845809
0.0004698960
0.0004626629
0.0004805487
0.0004114853
0.0003568428
0.0003513854
0.0002693075
0.0002141620
0.0002413402
0.0001783818
0.0001257522
0.0001464650
0.0001165102
0.0001081337
0.0001342872
0.0001232095
0.0001123554
0.0001364905
0.0001601911
0.0001332706
0.0001249550
0.0001098957
0.0000877229
0.0000742055
0.0000632738
0.0000454241
0.0000561037
0.0000787716
0.0000920539
0.0001362394
0.0001584226
0.0001729594
0.0001960878
0.0001986717
0.0001932548
0.0001820937
0.0001662716
0.0001530063
0.0001388791
0.0001248802
0.0001100350
0.0000745900
0.0000420949
0.0000078667
-0.0000297489
-0.0000646983
-0.0000764478
-0.0001072009
-0.0001455102
-0.0001732230
-0.0001815433
-0.0001909157
-0.0001944389
-0.0001947279
-0.0001885221
-0.0001797703
-0.0001746695
-0.0001563619
-0.0001336334
-0.0001108661
-0.0000817533
-0.0000641017
-0.0000543124
-0.0000471286
-0.0000360175
-0.0000257309
-0.0000115028
0.0000082617
0.0000219777
0.0000295257
0.0000406901
0.0000553613
0.0000572012
0.0000547919
0.0000591061
0.0000637154
0.0000626618
0.0000653140
0.0000719212
0.0000676023
0.0000598358
0.0000601129
0.0000526353
0.0000475032
0.0000547341
0.0000512346
0.0000461752
0.0000579850
0.0000578646
0.0000466925
0.0000475599
0.0000426219
0.0000299798
0.0000285230
0.0000293164
0.0000242720
0.0000224939
0.0000238342
0.0000222278
0.0000203662
0.0000179030
0.0000147847
0.0000090301
0.0000067911
0.0000067953
0.0000046032
0.0000035917
0.0000032865
0.0000031632
0.0000009177
0.0000004712
0.0000017525
-0.0000006889
-0.0000033034
-0.0000029095
-0.0000046543
-0.0000040113
-0.0000019893
-0.0000018652
-0.0000025310
-0.0000036137
-0.0000044796
-0.0000068284
-0.0000093242
-0.0000108507
-0.0000128811
-0.0000151333
-0.0000165716
-0.0000173104
-0.0000187924
-0.0000197271
-0.0000201385
-0.0000201014
-0.0000196075
-0.0000184402
-0.0000167335
-0.0000152715
-0.0000148294
-0.0000152895
-0.0000161072
-0.0000180779
-0.0000201199
-0.0000215669
-0.0000226002
-0.0000230339
-0.0000228597
-0.0000225652
-0.0000223334
-0.0000219270
-0.0000216761
-0.0000216284
-0.0000215320
-0.0000216262
-0.0000219725
-0.0000223746
-0.0000228431
-0.0000234680
-0.0000240675
-0.0000245510
-0.0000249430
-0.0000252110
-0.0000254112
-0.0000255856
-0.0000257486
-0.0000259069
-0.0000260981
-0.0000263331
-0.0000265917
-0.0000268751
-0.0000271671
-0.0000274620
-0.0000277519
-0.0000280441
-0.0000283246
-0.0000285943
-0.0000288612
-0.0000291267
-0.0000293922
-0.0000296606
-0.0000299315
-0.0000302035
-0.0000304765
-0.0000307491
-0.0000310203
-0.0000312902
-0.0000315587
-0.0000318257
-0.0000320912
-0.0000323552
-0.0000326177
