0.0015537063
0.0015891434
0.0016234938
0.0016539905
0.0016832966
0.0017143491
0.0017432235
0.0017741787
0.0018073716
0.0018359493
0.0018657280
0.0018958745
0.0019188759
0.0019349959
0.0019823093
0.0019974376
0.0019488053
0.0019515733
0.0019880768
0.0019473551
0.0018790339
0.0019197873
0.0020313773
0.0021151101
0.0022396305
0.0022715994
0.0023617694
0.0027194098
0.0028379306
0.0024064222
0.0017436537
0.0012781201
0.0013829619
0.0014940025
0.0014000312
0.0020158199
0.0024567480
0.0021401932
0.0026369259
0.0031783504
0.0028236460
0.0028286239
0.0026752049
0.0020444720
0.0031688211
0.0035074710
0.0007195569
-0.0002599560
0.0020612294
0.0026528720
0.0001952625
-0.0003100983
0.0022849443
0.0041639763
0.0034238673
0.0027845395
0.0044462393
0.0054494709
0.0037456877
0.0013194898
0.0002022660
-0.0005220102
-0.0003835960
-0.0002637732
-0.0009240066
0.0005643649
0.0032031354
0.0024492806
0.0050452281
0.0097048179
0.0047656050
-0.0047116355
-0.0023590683
0.0043961161
0.0012725123
-0.0045445300
-0.0031525161
0.0024824778
0.0066982004
0.0058711575
-0.0016626778
-0.0114119770
-0.0106170225
-0.0027348756
-0.0027679573
-0.0049804363
-0.0012732305
0.0049276665
0.0098367134
0.0078723694
-0.0005664046
-0.0045082381
-0.0023374207
0.0001185654
0.0016776929
-0.0060296443
-0.0168724362
-0.0131389461
0.0039703254
0.0184977423
0.0251627865
0.0188407772
0.0055701656
-0.0020733047
-0.0034558961
-0.0101669571
-0.0180806635
-0.0055551378
0.0170706511
0.0187880921
0.0038288989
0.0039691139
0.0087220461
0.0057340215
0.0037144323
-0.0044809550
-0.0171411210
-0.0127853335
-0.0009193795
-0.0064371028
-0.0043259062
0.0205422969
0.0326401882
0.0205713250
0.0140649499
0.0085267427
-0.0070012956
-0.0145196146
-0.0057131140
-0.0046675532
-0.0189698727
-0.0239629028
-0.0108084303
-0.0044510601
-0.0094156517
0.0000454219
0.0137687147
0.0129379724
0.0164848914
0.0309976905
0.0363343963
0.0324840102
0.0283050580
0.0151409187
-0.0023213295
-0.0171209113
-0.0397196307
-0.0646775545
-0.0504305266
0.0023200465
0.0559784116
0.0850170642
0.0728445099
0.0372974396
0.0151345052
0.0053526551
-0.0074539697
-0.0304461900
-0.0611800561
-0.0753099875
-0.0499888836
-0.0080458947
0.0126370339
0.0191406958
0.0211655432
0.0111273596
0.0053018548
0.0032816117
-0.0203641375
-0.0550496177
-0.0520274930
-0.0042979256
0.0532871868
0.0842316249
0.0681253243
0.0181241094
-0.0261347731
-0.0388631015
-0.0549439393
-0.0877274928
-0.0821432688
-0.0391556830
0.0120695757
0.0571057385
0.0819850272
0.0724161773
0.0366304121
-0.0102400931
-0.0507902179
-0.0735374753
-0.0620354254
-0.0421166947
-0.0319737759
-0.0209769987
-0.0195220145
-0.0374198469
-0.0494191888
-0.0334880202
-0.0142998398
-0.0149882279
-0.0275455252
-0.0359604126
-0.0337863167
-0.0250204913
-0.0269862035
-0.0402833081
-0.0327479195
-0.0086675193
0.0056965944
-0.0040735809
-0.0173029090
-0.0135090301
-0.0128997145
-0.0318776231
-0.0522649071
-0.0435030420
0.0038052354
0.0534445426
0.0562248105
0.0169056503
-0.0150022416
-0.0128451677
-0.0060137813
-0.0226758265
-0.0419479091
-0.0305417882
-0.0115321820
-0.0141568260
-0.0328620378
-0.0552948900
-0.0648866774
-0.0594075159
-0.0678477260
-0.0777365970
-0.0569072794
-0.0107631041
0.0357192392
0.0548765452
0.0515528262
0.0405617416
0.0154347385
-0.0359739877
-0.1018708216
-0.1167268926
-0.0705883040
-0.0328326403
-0.0399906766
-0.0436941356
-0.0104450667
0.0217179298
0.0336042360
0.0401694758
0.0552952891
0.0516703474
0.0326906061
0.0363518758
0.0388542435
0.0143851882
-0.0120708160
-0.0130406368
-0.0012736215
-0.0170009072
-0.0695824058
-0.0951813328
-0.0729202252
-0.0425953603
-0.0211784459
-0.0072272136
-0.0144594599
-0.0300354037
-0.0108723702
0.0289698283
0.0427120111
0.0176213168
-0.0261080928
-0.0688439741
-0.0987255339
-0.1000465856
-0.0772968433
-0.0277126426
0.0256547432
0.0412190638
0.0195854966
-0.0030842382
-0.0125536894
-0.0189180245
-0.0212792630
-0.0204584587
-0.0271067889
-0.0474135936
-0.0538172702
-0.0253000472
0.0058764998
0.0068294911
0.0028450791
0.0197247250
0.0361748267
0.0378773994
0.0220903007
-0.0218772905
-0.0568294613
-0.0290412432
0.0274998382
0.0468360015
0.0076422286
-0.0422628822
-0.0534033842
-0.0412373969
-0.0320898493
-0.0347149221
-0.0465970293
-0.0471850616
-0.0195399318
0.0220070354
0.0416312978
0.0271505763
0.0204019128
0.0547582033
0.0916258202
0.0858052901
0.0558992169
0.0322091122
0.0153631585
0.0086328520
0.0107509669
-0.0010020025
-0.0235387113
-0.0292026056
-0.0291505443
-0.0488708655
-0.0698727028
-0.0838666256
-0.1089016923
-0.1463646877
-0.1713390317
-0.1646559434
-0.1422148249
-0.1271850454
-0.1287003686
-0.1390652994
-0.1410167197
-0.1230005313
-0.0931905114
-0.0551477708
-0.0098578907
0.0338834774
0.0647708859
0.0700105528
0.0724223380
0.1038305273
0.1441577056
0.1498527672
0.1308316182
0.1306413595
0.1536984123
0.1622779897
0.1238606343
0.0281572866
-0.0937237614
-0.1666367022
-0.1863414738
-0.2040609992
-0.2381948497
-0.2653148504
-0.2764321882
-0.2763430514
-0.2618762105
-0.2303613034
-0.1992730482
-0.1821648466
-0.1716233224
-0.1541483440
-0.1150517521
-0.0436234600
0.0366465484
0.1041664678
0.1713588435
0.2384930944
0.2872350020
0.3088126496
0.3076279339
0.3080015212
0.3214627712
0.3371607811
0.3427106642
0.3414551884
0.3429492728
0.3395268120
0.3188480702
0.2875089725
0.2656543143
0.2585807768
0.2578083926
0.2419958792
0.2142766884
0.2022702750
0.2050208243
0.1897633226
0.1453679035
0.0969484213
0.0760446098
0.0710559701
0.0642268339
0.0499604969
0.0159357688
-0.0271411524
-0.0663229478
-0.1029037170
-0.1408158514
-0.1936443483
-0.2742174923
-0.3340525900
-0.3326413812
-0.2957501762
-0.2593622333
-0.2169747586
-0.1776987844
-0.1661088618
-0.1684291662
-0.1366949756
-0.0894600397
-0.0626276086
-0.0374506866
0.0177739390
0.1038844390
0.1745279891
0.1868440309
0.1805072855
0.1936235102
0.2139275930
0.2227243823
0.2282503647
0.2381585821
0.2443729169
0.2489890262
0.2640905353
0.3020116423
0.3437681203
0.3290536126
0.2320128529
0.1047075369
0.0131932390
-0.0390854225
-0.0806453112
-0.1189930538
-0.1263537871
-0.0669930894
0.0358950390
0.1052085555
0.1577665310
0.2385844504
0.3085948057
0.3258614795
0.2919604396
0.2299555280
0.1905774919
0.2016953798
0.2079618210
0.0678735462
-0.1703923555
-0.3361005026
-0.4294241954
-0.5099495263
-0.5314834928
-0.4878004314
-0.4356159269
-0.3627158798
-0.2602891597
-0.1915636106
-0.1561119864
-0.1059615023
-0.0508307987
-0.0226890517
-0.0029582564
0.0348640940
0.0884158173
0.1404920207
0.1664799463
0.1655848170
0.1623826307
0.1652508364
0.1666939723
0.1604155272
0.1622920208
0.1952646112
0.2607652062
0.3212511671
0.3377205689
0.3181138567
0.2974649370
0.3165257633
0.3699424164
0.3964180449
0.3860375735
0.3766112857
0.3705364291
0.3353861884
0.2035583087
0.0211671322
-0.1232078092
-0.2213552956
-0.2738673297
-0.2869775884
-0.2624788650
-0.2179531108
-0.1909560300
-0.1944780980
-0.2162067060
-0.2220004426
-0.2094466954
-0.1915073896
-0.1660167329
-0.1341557499
-0.1025304912
-0.0894344771
-0.0702824089
0.0023556155
0.1221317812
0.2038976432
0.2264456680
0.2074409268
0.1573882787
0.1238006782
0.1386115885
0.1693384059
0.1691557211
0.1193714193
0.0126276937
-0.1324947640
-0.2870588046
-0.4321416194
-0.4675427825
-0.3916590163
-0.3699445538
-0.4044330855
-0.4085105226
-0.3859368446
-0.3634984759
-0.3249638028
-0.2630310622
-0.2009053280
-0.1463061744
-0.0983956138
-0.0613796212
-0.0223951020
0.0214226010
0.0669487071
0.1189265549
0.1764024788
0.2348207361
0.2803268602
0.3045202037
0.3121426691
0.3114732086
0.2968280062
0.2632636870
0.2135738506
0.1674592766
0.1402695997
0.1187828682
0.0863246987
0.0424197115
0.0003734686
-0.0234537703
-0.0198929444
0.0108280408
0.0359085983
0.0293263087
-0.0113661529
-0.0693170824
-0.1247670491
-0.1538291774
-0.1616217594
-0.1531784845
-0.1308017350
-0.0907605996
-0.0419224253
-0.0189380615
-0.0236611695
-0.0527393850
-0.1047693686
-0.1848901260
-0.2588353945
-0.2726894793
-0.2282525296
-0.1692894848
-0.1192391794
-0.0801476693
-0.0446371906
-0.0366975392
-0.0992789303
-0.2192152254
-0.2651349890
-0.2032988329
-0.1139618640
-0.0405058329
0.0340800866
0.1127047096
0.1626086438
0.1742902553
0.1744166516
0.1826529995
0.1907635339
0.1999883770
0.2183749715
0.2289025297
0.2249041496
0.2079311776
0.1920091445
0.1856055743
0.1815001520
0.1586977337
0.1085006358
0.0592368692
0.0244684672
-0.0261641555
-0.1253509494
-0.2286836252
-0.2751812227
-0.2836040308
-0.3054954101
-0.3428477407
-0.3614712724
-0.3428675068
-0.3183119511
-0.3246286384
-0.3594502743
-0.3881112944
-0.4004274143
-0.4093531793
-0.4010782627
-0.3643316390
-0.3217012244
-0.3079163555
-0.3265921376
-0.3321704487
-0.2958055672
-0.2546581625
-0.2272898711
-0.1893395607
-0.1294251556
-0.0392442199
0.0807844093
0.2014483822
0.2860792388
0.3185503879
0.3316162186
0.3501040498
0.3691924942
0.3823668982
0.3885983932
0.4021470804
0.4121065324
0.3889023335
0.3234715963
0.2225708263
0.0943047418
-0.0212738834
-0.1013366672
-0.1689631452
-0.2326311012
-0.2837458574
-0.3099613339
-0.2999953067
-0.2298854864
-0.1307127889
-0.0573780383
-0.0110229899
0.0231825281
0.0355644692
0.0220373983
0.0070211857
0.0300393981
0.0677026916
0.0743710544
0.0687389758
0.0756561781
0.0751364882
0.0547439243
0.0362942807
0.0295474394
0.0292411086
0.0304397074
0.0320618749
0.0422022843
0.0654142968
0.0969463768
0.1197982693
0.1286669104
0.1332235048
0.1273943973
0.1092951291
0.1093461675
0.1438898425
0.1679758644
0.1440974422
0.0819883156
0.0260407197
-0.0025975973
0.0004665274
0.0177392497
0.0353729043
0.0601448120
0.0976067981
0.1385623375
0.1785708933
0.2154918319
0.2475155563
0.2714046314
0.2577969581
0.2040953002
0.1552552560
0.1291991133
0.1111481374
0.0882654599
0.0566793152
-0.0047412295
-0.0889358711
-0.1244712976
-0.1283559676
-0.1464079369
-0.1528733680
-0.1146535210
-0.0417433033
0.0277744993
0.0747360807
0.0876476384
0.0778194529
0.0589980543
0.0315957442
-0.0015081114
-0.0493398260
-0.1142768622
-0.1642113672
-0.1867034826
-0.1873077806
-0.1809014526
-0.1858976377
-0.2088777652
-0.2653047703
-0.3420456371
-0.3627861988
-0.3351922014
-0.3095700222
-0.2937269643
-0.2658386770
-0.2228663245
-0.1814271486
-0.1559916123
-0.1383136718
-0.1211450850
-0.1087305745
-0.1059032615
-0.1132450714
-0.1155943847
-0.1101749357
-0.1168474644
-0.1439292805
-0.1709591586
-0.1787045179
-0.1651685291
-0.1300166822
-0.0810715926
-0.0350856647
0.0127507816
0.0579941804
0.0777031920
0.0672040638
0.0643272774
0.0720776821
0.0626334765
0.0406964754
0.0271643025
0.0312191088
0.0518658885
0.0736028328
0.0827864448
0.0951002026
0.1365155918
0.1706968288
0.1442312884
0.0619579041
-0.0253410516
-0.0953036333
-0.1631175962
-0.2225983284
-0.2307097073
-0.1514374639
-0.0419807990
0.0085727990
0.0102342158
0.0042163940
0.0109799497
0.0308611155
0.0540533123
0.0713111434
0.0755879295
0.0674492914
0.0682979383
0.0810582570
0.0934278331
0.1032370401
0.1126245224
0.1206392171
0.1075411426
0.0686829032
0.0374396175
0.0658137434
0.1369531087
0.1906367999
0.2122838706
0.2404999016
0.2930776948
0.3631011137
0.4194314568
0.4371206058
0.4239615156
0.3856471444
0.3207304832
0.2383116224
0.1617585819
0.1158246733
0.1042646436
0.1273290677
0.1411654071
0.1311917813
0.1303758783
0.1536328651
0.1815186248
0.2020256924
0.2243523498
0.2561716625
0.2887664412
0.3040442829
0.2996542035
0.2976555650
0.3116846429
0.3206073866
0.3064132102
0.2624905915
0.2084305854
0.1692890751
0.1427186059
0.1142609310
0.0835403295
0.0563332235
0.0299792301
-0.0177185482
-0.0852406064
-0.1353422281
-0.1654102815
-0.1884029308
-0.1988657850
-0.1925327940
-0.1740985904
-0.1495509053
-0.1360980062
-0.1453933310
-0.1708061905
-0.1935668393
-0.2159931612
-0.2474984570
-0.2769730951
-0.3000081738
-0.3178585403
-0.3324128397
-0.3392483162
-0.3458001475
-0.3574688220
-0.3688801749
-0.3727917941
-0.3593105248
-0.3266539434
-0.2885876936
-0.2654044259
-0.2626122739
-0.2739528367
-0.2945298608
-0.3133540948
-0.3168034331
-0.2998677554
-0.2687536841
-0.2372183152
-0.2141347864
-0.1972248856
-0.1758618459
-0.1390219876
-0.0916339973
-0.0483561711
-0.0239438943
-0.0163434722
-0.0113875265
-0.0054915955
-0.0064364480
-0.0129850453
-0.0094278250
0.0016507964
0.0073901749
0.0008334892
-0.0147842379
-0.0394640506
-0.0751664129
-0.1195526482
-0.1695295554
-0.2245305841
-0.2789672898
-0.3286589201
-0.3529993685
-0.3240264329
-0.2528821426
-0.1588388995
-0.0686855480
-0.0016861105
0.0584957624
0.1256863344
0.1897343740
0.2390441450
0.2732790843
0.3003293678
0.3215077724
0.3194447289
0.2835924396
0.2445256090
0.2080179909
0.1849198923
0.1740015135
0.1648118522
0.1488807514
0.1313259885
0.1256342810
0.1298247997
0.1481742516
0.2163229993
0.2949489620
0.3703825873
0.4737667170
0.5141477478
0.4617743435
0.5968011114
0.5200480880
0.4952648601
0.5281787865
0.4840050827
0.4345163826
0.4509688837
0.4411630668
0.4210736134
0.3912006684
0.3491128441
0.3050188818
0.2510889342
0.1672071175
0.0667237178
-0.0100777423
-0.0527144850
-0.0760053024
-0.0888189642
-0.0919314573
-0.0882519092
-0.0880041183
-0.0878686700
-0.0888871412
-0.1041453248
-0.1370998082
-0.1936714065
-0.2787380494
-0.3457386872
-0.3766216703
-0.3831003666
-0.3787225344
-0.3619867043
-0.3158026390
-0.2565219201
-0.2461538160
-0.2750972168
-0.2653527826
-0.2732343088
-0.4163823326
-0.5511907079
-0.5126852074
-0.4447706315
-0.4396482465
-0.4042727429
-0.2983572643
-0.2161677736
-0.1979694457
-0.2018150409
-0.2072388034
-0.2230177595
-0.2431606694
-0.2481444246
-0.2258428766
-0.1776819437
-0.1187274864
-0.0620703212
-0.0022320078
0.0694640134
0.1337233803
0.1669203470
0.1757240098
0.1873468480
0.2162861926
0.2413680633
0.2498184015
0.2489291486
0.2491782521
0.2525375006
0.2548526967
0.2562096447
0.2590412273
0.2602713888
0.2561120098
0.2458079400
0.2302280652
0.2082563946
0.1777594659
0.1392148353
0.1007020899
0.0619551071
0.0236007496
-0.0130131895
-0.0389339877
-0.0472059096
-0.0544299853
-0.0725694332
-0.0836426677
-0.0833589897
-0.0858305884
-0.0987463965
-0.1058919316
-0.1011974706
-0.0912273355
-0.0748483474
-0.0534320388
-0.0387298994
-0.0441157751
-0.0615540438
-0.0727281695
-0.0711259527
-0.0721086150
-0.0884096282
-0.1217529108
-0.1545988945
-0.1714394153
-0.1798217417
-0.1833025098
-0.1686428068
-0.1131834917
-0.0281326328
0.0403844339
0.0823481506
0.1112494747
0.1323509176
0.1437593478
0.1387141310
0.1153165037
0.0854587284
0.0713123861
0.0783706832
0.1017785271
0.1293318121
0.1445304822
0.1385927305
0.1116934123
0.0796985696
0.0485803254
0.0205502378
0.0060873861
0.0148320462
0.0477109847
0.1062366183
0.1652128087
0.2033482948
0.2311022613
0.2613469579
0.2929622263
0.3179663498
0.3273770859
0.3219388680
0.3033188818
0.2717642875
0.2359025447
0.2043956801
0.1785023128
0.1538451670
0.1275530508
0.1060864156
0.0956972893
0.0898260035
0.0828648325
0.0699881278
0.0520022386
0.0288776051
-0.0002001297
-0.0336846615
-0.0674650698
-0.0991101510
-0.1341530815
-0.1778588403
-0.2156160530
-0.2244933794
-0.2058366908
-0.1895167744
-0.1901214585
-0.1999184714
-0.2101596854
-0.2192868336
-0.2317729263
-0.2450101907
-0.2520941227
-0.2489034705
-0.2428754362
-0.2332634887
-0.2193916693
-0.2013375261
-0.1784880025
-0.1532034416
-0.1310697252
-0.1158927772
-0.1057749942
-0.0978842572
-0.0909074650
-0.0851716144
-0.0827080960
-0.0861737101
-0.0992170428
-0.1198733664
-0.1396215155
-0.1597769182
-0.1751224930
-0.1769530598
-0.1696924770
-0.1567744097
-0.1399985815
-0.1298280270
-0.1275239987
-0.1284142365
-0.1280124567
-0.1245982826
-0.1132534625
-0.0911037647
-0.0698920445
-0.0628148959
-0.0634976458
-0.0490152625
-0.0034927567
0.0660413289
0.1408523381
0.2011068230
0.2417567646
0.2747582522
0.2997754441
0.3111808881
0.3135951997
0.3200953277
0.3348229497
0.3477068480
0.3507542169
0.3422933030
0.3150838357
0.2796769028
0.2444448309
0.2100824235
0.1744393822
0.1467192722
0.1326078756
0.1273933594
0.1232847217
0.1171356881
0.1116298611
0.1057708317
0.0988122357
0.0893882651
0.0750351394
0.0548559405
0.0263859132
-0.0048292212
-0.0256701404
-0.0299430396
-0.0255904304
-0.0184535577
-0.0089895371
0.0020944302
0.0079525950
0.0053307359
-0.0014804987
-0.0083475020
-0.0131246617
-0.0167783415
-0.0199583036
-0.0214554530
-0.0232459911
-0.0212951388
-0.0083582250
0.0088910787
0.0256975942
0.0403497426
0.0440519572
0.0365498139
0.0225832166
-0.0003729877
-0.0430761013
-0.0984580603
-0.1529268439
-0.2019391310
-0.2403044422
-0.2550721564
-0.2526426949
-0.2465721343
-0.2426325155
-0.2432822991
-0.2464329570
-0.2476887714
-0.2410976351
-0.2196800157
-0.1817503541
-0.1393186839
-0.0972767782
-0.0594709369
-0.0368281085
-0.0298540548
-0.0342271290
-0.0451125198
-0.0519387596
-0.0452881106
-0.0276301669
-0.0087519868
0.0066569860
0.0212598923
0.0365528464
0.0494622871
0.0595010569
0.0657952960
0.0652680076
0.0559192597
0.0412074048
0.0277760129
0.0217305429
0.0259545648
0.0443629675
0.0761078426
0.1088810804
0.1379303977
0.1638119166
0.1824597572
0.1944368746
0.2030252800
0.2076565241
0.2009072044
0.1784801834
0.1425955387
0.1049585882
0.0856142773
0.0832715074
0.0879647880
0.0997813118
0.1110653303
0.1117177455
0.1002645575
0.0829036396
0.0654331990
0.0473272854
0.0277928683
0.0086398815
-0.0133675592
-0.0362363316
-0.0524077848
-0.0616496846
-0.0669410821
-0.0689928190
-0.0687251987
-0.0662401966
-0.0620295338
-0.0553982971
-0.0500401182
-0.0508667923
-0.0568511037
-0.0651979652
-0.0731683297
-0.0762451295
-0.0741989924
-0.0731845257
-0.0767282861
-0.0814063438
-0.0853267302
-0.0931423005
-0.1037123567
-0.1143771485
-0.1215550992
-0.1244486309
-0.1258093912
-0.1201130871
-0.1094436028
-0.0987042150
-0.0906455742
-0.0843219916
-0.0736072390
-0.0614175769
-0.0495528694
-0.0391918207
-0.0316202996
-0.0266542165
-0.0248411558
-0.0250155347
-0.0294583681
-0.0365141346
-0.0433949320
-0.0513761772
-0.0569078380
-0.0582917185
-0.0570079501
-0.0576760210
-0.0605903791
-0.0628744671
-0.0617885836
-0.0606185716
-0.0629813660
-0.0661100150
-0.0668373095
-0.0676981794
-0.0718576358
-0.0765714757
-0.0779591394
-0.0731139001
-0.0661075623
-0.0601418811
-0.0590415957
-0.0626878161
-0.0695261954
-0.0754157623
-0.0777887964
-0.0780943789
-0.0769952897
-0.0736112298
-0.0679387097
-0.0613898171
-0.0545671158
-0.0446927445
-0.0287073248
-0.0049742622
0.0231499500
0.0517231364
0.0781093729
0.1003962641
0.1245002352
0.1419527062
0.1505031569
0.1540283559
0.1557397469
0.1576367136
0.1603973340
0.1636199826
0.1651973980
0.1641230833
0.1609336613
0.1561083156
0.1478993696
0.1398030868
0.1316961264
0.1245146927
0.1186972252
0.1096007206
0.0895829880
0.0599177104
0.0270417426
-0.0043465442
-0.0359441323
-0.0675744753
-0.0896003298
-0.1003352640
-0.1031486274
-0.1015733804
-0.0956448494
-0.0859590840
-0.0739793541
-0.0627734533
-0.0529305783
-0.0431705921
-0.0294092046
-0.0104010403
0.0089405481
0.0285365764
0.0449465608
0.0544326611
0.0598602207
0.0579517812
0.0481928090
0.0381390306
0.0316989590
0.0318946689
0.0374496434
0.0388138273
0.0342867472
0.0291504276
0.0245289544
0.0201769558
0.0168589541
0.0155693778
0.0177112706
0.0244372247
0.0333177812
0.0415777150
0.0433007993
0.0403559500
0.0429887766
0.0502464184
0.0520590467
0.0431278365
0.0290917466
0.0111060529
-0.0096081739
-0.0305273508
-0.0492123390
-0.0619453968
-0.0685660152
-0.0691674380
-0.0640968530
-0.0545655538
-0.0439331609
-0.0335394251
-0.0252039528
-0.0152687563
0.0006960124
0.0195315958
0.0367942977
0.0510279373
0.0629807135
0.0713188800
0.0763385255
0.0797677193
0.0781824529
0.0749559809
0.0747641289
0.0752663345
0.0745976230
0.0741655828
0.0753169858
0.0768029772
0.0767153504
0.0763596324
0.0770277256
0.0779899705
0.0819145475
0.0858924381
0.0855307686
0.0824439091
0.0751196227
0.0627661853
0.0493007766
0.0386441523
0.0327325096
0.0287669221
0.0243319056
0.0199586310
0.0137962558
0.0055602308
-0.0015854521
-0.0112520863
-0.0189658689
-0.0223693391
-0.0240055417
-0.0215919969
-0.0134999880
-0.0046477553
-0.0007872001
-0.0025012673
-0.0042998142
-0.0030900841
-0.0027624462
-0.0037859984
-0.0032651465
-0.0003325186
0.0011829443
0.0011533152
0.0031693756
0.0066993685
0.0111080831
0.0208830827
0.0370749544
0.0565782592
0.0711505326
0.0765664581
0.0763681966
0.0704415363
0.0561614463
0.0352665502
0.0138323482
-0.0055237623
-0.0258181727
-0.0472251801
-0.0680029949
-0.0871028722
-0.1032933306
-0.1158764871
-0.1247460925
-0.1290124621
-0.1294184751
-0.1276713892
-0.1229882950
-0.1179431070
-0.1125425557
-0.1049531893
-0.0956068639
-0.0886543503
-0.0864047988
-0.0868165781
-0.0892622514
-0.0950466039
-0.1024599128
-0.1104882482
-0.1170054035
-0.1208797604
-0.1212356466
-0.1180257981
-0.1119999306
-0.1037595194
-0.0930928049
-0.0832116524
-0.0736095743
-0.0666987860
-0.0602836791
-0.0543666869
-0.0526050267
-0.0488819802
-0.0386922350
-0.0271359202
-0.0172945324
-0.0102459432
-0.0061148575
-0.0057999041
-0.0095243076
-0.0184295391
-0.0303505715
-0.0405129819
-0.0439027994
-0.0432561796
-0.0426108516
-0.0430166306
-0.0435922472
-0.0431066256
-0.0405548238
-0.0350089031
-0.0268619985
-0.0183454968
-0.0109782255
-0.0064279045
-0.0025857131
0.0027973712
0.0105078329
0.0221203211
0.0375835897
0.0541627952
0.0685859190
0.0786010294
0.0822438010
0.0814135711
0.0782742366
0.0710645980
0.0594890039
0.0450279776
0.0302204730
0.0171441104
0.0113433920
0.0118153022
0.0137647984
0.0179237885
0.0236144029
0.0306160209
0.0402921988
0.0475643748
0.0534547059
0.0603118722
0.0682634784
0.0776507318
0.0866849407
0.0938637740
0.0997040121
0.1048292227
0.1099817711
0.1179485368
0.1281674491
0.1417925766
0.1577032170
0.1722208911
0.1833956522
0.1917340331
0.1981303880
0.2009200207
0.1996368948
0.1952205544
0.1878913196
0.1763276710
0.1594430830
0.1394004488
0.1203544807
0.1039487570
0.0892856080
0.0761947766
0.0631315515
0.0484125802
0.0284499232
0.0060734977
-0.0180595359
-0.0387738858
-0.0504954910
-0.0548206102
-0.0557619535
-0.0530729820
-0.0490255346
-0.0484118828
-0.0485522884
-0.0459710609
-0.0458636590
-0.0485057074
-0.0546235506
-0.0620769784
-0.0697906337
-0.0795503055
-0.0893339241
-0.0982192892
-0.1065424448
-0.1104097101
-0.1146729544
-0.1131372689
-0.0999605504
-0.0843322621
-0.0704383884
-0.0568361400
-0.0441555345
-0.0373198008
-0.0364168132
-0.0360618966
-0.0338600150
-0.0285381314
-0.0223530597
-0.0112631762
0.0023810667
0.0120312746
0.0147586150
0.0124907642
0.0064237337
-0.0050625865
-0.0213564542
-0.0376674038
-0.0492658606
-0.0529917231
-0.0544659896
-0.0561932915
-0.0575697404
-0.0570263016
-0.0558164674
-0.0558345394
-0.0568424274
-0.0586509151
-0.0582648823
-0.0587321372
-0.0569067700
-0.0529656635
-0.0488831010
-0.0443106507
-0.0391934715
-0.0304890265
-0.0233441486
-0.0229787011
-0.0261596701
-0.0276905550
-0.0300289837
-0.0388140518
-0.0502223119
-0.0559454941
-0.0595918560
-0.0642588440
-0.0661108454
-0.0642598444
-0.0555096669
-0.0398706938
-0.0200538718
-0.0004728025
0.0185482801
0.0399023486
0.0603469643
0.0773800794
0.0920483826
0.1037267115
0.1127335092
0.1192812126
0.1220440498
0.1215054014
0.1184058139
0.1138480487
0.1082968792
0.1032140372
0.0993223396
0.0922051415
0.0821806233
0.0733353994
0.0624092002
0.0544097741
0.0515135782
0.0503461629
0.0500319156
0.0522123566
0.0546408587
0.0563027463
0.0583430836
0.0600269021
0.0595318677
0.0581397290
0.0551104664
0.0518812327
0.0504308580
0.0506559855
0.0502709656
0.0514492257
0.0524174615
0.0524204286
0.0530522603
0.0554297894
0.0581157153
0.0567699885
0.0515885024
0.0441781947
0.0326170975
0.0151794405
-0.0071968217
-0.0313568882
-0.0560803547
-0.0775275095
-0.0931549048
-0.1043674686
-0.1079740144
-0.1062403070
-0.1025561245
-0.0981846062
-0.0942506344
-0.0891842359
-0.0829424186
-0.0741887666
-0.0631049165
-0.0518846609
-0.0415731308
-0.0336216029
-0.0273393642
-0.0249620193
-0.0247837275
-0.0253125672
-0.0276575452
-0.0286963832
-0.0283440311
-0.0272512060
-0.0234882402
-0.0187540504
-0.0131708454
-0.0051648003
0.0021607714
0.0064566921
0.0087972254
0.0079133466
0.0045494259
0.0004409678
-0.0036054416
-0.0105205723
-0.0213436065
-0.0343006773
-0.0492933251
-0.0606296166
-0.0696192721
-0.0819699991
-0.0958473822
-0.1067201514
-0.1132931469
-0.1182132178
-0.1204421111
-0.1190448844
-0.1139542112
-0.1063823046
-0.0972026233
-0.0876922794
-0.0780236272
-0.0686558350
-0.0577869818
-0.0437763428
-0.0287186234
-0.0135027223
0.0010504220
0.0133794782
0.0230649875
0.0333828879
0.0432304989
0.0498128278
0.0535486557
0.0548657056
0.0539148437
0.0520277115
0.0475413134
0.0404269018
0.0303165359
0.0178518998
0.0038743407
-0.0076307019
-0.0159887554
-0.0239917680
-0.0324367211
-0.0423990983
-0.0526490296
-0.0609360203
-0.0668619038
-0.0701292199
-0.0702862544
-0.0679277404
-0.0625557424
-0.0547575953
-0.0466338089
-0.0396289078
-0.0322264787
-0.0233085128
-0.0125752379
-0.0009128889
0.0096420198
0.0183986216
0.0261748493
0.0333568327
0.0409674744
0.0483128002
0.0536605383
0.0558370773
0.0532346314
0.0451451862
0.0328373350
0.0189159477
0.0046076223
-0.0076159618
-0.0164042666
-0.0210495417
-0.0230215995
-0.0234182435
-0.0232282090
-0.0224527755
-0.0208395755
-0.0175156859
-0.0156382481
-0.0163929729
-0.0181339834
-0.0236007589
-0.0287683040
-0.0299864716
-0.0274764238
-0.0233618420
-0.0150307353
-0.0047833568
0.0018333516
0.0060513477
0.0103758987
0.0122806047
0.0122786858
0.0120295199
0.0105216355
0.0044702922
-0.0044494844
-0.0145636476
-0.0242198699
-0.0342735746
-0.0444078197
-0.0516184750
-0.0569699810
-0.0616881529
-0.0638368386
-0.0634522748
-0.0607070671
-0.0535319190
-0.0460047060
-0.0365285203
-0.0273808829
-0.0170505585
-0.0086021680
-0.0048387849
-0.0037885205
-0.0082776512
-0.0152075965
-0.0236814610
-0.0345390612
-0.0447712456
-0.0509226987
-0.0562019387
-0.0647817862
-0.0731284476
-0.0797256186
-0.0877162194
-0.0944159604
-0.0956126202
-0.0943912278
-0.0919262219
-0.0880890794
-0.0840074622
-0.0790335359
-0.0738873012
-0.0684525948
-0.0633872499
-0.0545127965
-0.0430691352
-0.0339076317
-0.0268570251
-0.0227319570
-0.0203446063
-0.0175301854
-0.0170892853
-0.0198244992
-0.0240593835
-0.0262381851
-0.0253789204
-0.0238151529
-0.0220778797
-0.0194910141
-0.0205083032
-0.0226977213
-0.0224630492
-0.0192411161
-0.0113036810
0.0026525321
0.0157277513
0.0247215762
0.0307608334
0.0350522962
0.0389701754
0.0390945801
0.0362122438
0.0358836599
0.0384605135
0.0434104585
0.0500304663
0.0573605383
0.0682608084
0.0824238726
0.0961286348
0.1041385123
0.1086331734
0.1117092088
0.1126723336
0.1110593467
0.1116157815
0.1129380224
0.1160458964
0.1192063595
0.1200095770
0.1206842082
0.1199583211
0.1201924012
0.1210954306
0.1222217662
0.1227324768
0.1223665828
0.1227023548
0.1237368121
0.1252428671
0.1262525180
0.1275524812
0.1300683075
0.1321548338
0.1330691477
0.1334195697
0.1336303881
0.1342713028
0.1356816824
0.1376271675
0.1398228065
0.1411951810
0.1418414694
0.1423575238
0.1425784767
0.1429627266
0.1430847736
0.1421775824
0.1418539649
0.1411861303
0.1382243408
0.1365251668
0.1364679175
0.1356834509
0.1331059148
0.1286513286
0.1238004675
0.1179343839
0.1098534181
0.1009436319
0.0906168051
0.0778767752
0.0646642647
0.0517567193
0.0387096706
0.0259596520
0.0169876123
0.0098506473
0.0014495966
-0.0054486333
-0.0084186050
-0.0103218992
-0.0130169752
-0.0148931601
-0.0163163564
-0.0171568412
-0.0185162647
-0.0202299785
-0.0226605470
-0.0254793954
-0.0268026180
-0.0269254081
-0.0269637363
-0.0262925342
-0.0245020181
-0.0238415292
-0.0246381265
-0.0257590694
-0.0281683192
-0.0320440708
-0.0340315714
-0.0361701747
-0.0392609695
-0.0433985150
-0.0484389801
-0.0521609614
-0.0517919440
-0.0484554231
-0.0428208897
-0.0357568566
-0.0252086048
-0.0168094835
-0.0138207874
-0.0124753390
-0.0132790855
-0.0133804336
-0.0135926755
-0.0160546370
-0.0195134518
-0.0230123478
-0.0283141950
-0.0348976184
-0.0428854711
-0.0540042505
-0.0656661022
-0.0736880953
-0.0790203999
-0.0825702904
-0.0853347883
-0.0869701738
-0.0873521214
-0.0861190651
-0.0833215967
-0.0797453648
-0.0748718603
-0.0696612881
-0.0638295152
-0.0580696407
-0.0514480709
-0.0438189896
-0.0364720330
-0.0349971907
-0.0364894723
-0.0357415727
-0.0374657013
-0.0425742844
-0.0483992333
-0.0518745641
-0.0539858756
-0.0587564412
-0.0618167992
-0.0645413219
-0.0695473322
-0.0760891568
-0.0813982090
-0.0856215991
-0.0904803699
-0.0933640729
-0.0945797679
-0.0947507820
-0.0932709828
-0.0897562361
-0.0862071581
-0.0851541990
-0.0830256276
-0.0814507635
-0.0801386232
-0.0782344223
-0.0751289898
-0.0672661809
-0.0588136923
-0.0526962191
-0.0478428089
-0.0454344052
-0.0444620739
-0.0440402057
-0.0443599932
-0.0443764299
-0.0442672475
-0.0428834669
-0.0421735240
-0.0404157339
-0.0366384286
-0.0352447945
-0.0368732156
-0.0415469364
-0.0467231753
-0.0516680870
-0.0553561021
-0.0574182874
-0.0582197851
-0.0578847668
-0.0557388018
-0.0518053398
-0.0492716252
-0.0461737762
-0.0408063391
-0.0372189380
-0.0352900383
-0.0336031977
-0.0333931191
-0.0341331745
-0.0343221675
-0.0327988989
-0.0306846975
-0.0274206499
-0.0219453826
-0.0162757388
-0.0125207679
-0.0090481104
-0.0066578628
-0.0052575069
-0.0021187391
0.0034763104
0.0088544503
0.0148819623
0.0229983162
0.0314867324
0.0372610752
0.0403614633
0.0420293704
0.0432137181
0.0437920162
0.0432543390
0.0437216703
0.0470525099
0.0502275747
0.0513125233
0.0523451776
0.0507986215
0.0471200126
0.0427305081
0.0421787884
0.0423513281
0.0449622519
0.0487449961
0.0535263445
0.0604217117
0.0652173785
0.0683252906
0.0705519935
0.0713931220
0.0732511987
0.0767885509
0.0782118464
0.0784751985
0.0794479335
0.0794147890
0.0797142861
0.0797784161
0.0777055837
0.0753472521
0.0748676682
0.0759358237
0.0759841010
0.0763363952
0.0760235735
0.0743091124
0.0728725275
0.0711702871
0.0690687023
0.0652446003
0.0595617122
0.0532791703
0.0497476190
0.0482450199
0.0470073209
0.0479444180
0.0495691703
0.0534374393
0.0601498200
0.0641924980
0.0653310607
0.0662942161
0.0672060900
0.0661862543
0.0621930825
0.0597534386
0.0573308371
0.0521423229
0.0473386819
0.0423839401
0.0376887482
0.0327116311
0.0276098022
0.0230152022
0.0191919268
0.0160673277
0.0137169117
0.0119655522
0.0124769118
0.0157834870
0.0200190802
0.0227679069
0.0240522460
0.0247904001
0.0262367079
0.0277204206
0.0297784835
0.0313364705
0.0338589832
0.0366128249
0.0370852892
0.0340364621
0.0319022448
0.0285751101
0.0238284640
0.0198075008
0.0155656075
0.0115188907
0.0084347559
0.0058549531
0.0041256277
0.0027567435
-0.0001652272
-0.0059505391
-0.0120430629
-0.0171589855
-0.0213898254
-0.0250577029
-0.0284499563
-0.0310471720
-0.0315020675
-0.0316338870
-0.0327894081
-0.0348083314
-0.0371480236
-0.0385017998
-0.0391980486
-0.0394037997
-0.0386350762
-0.0395004201
-0.0417143042
-0.0443568057
-0.0458623951
-0.0470336697
-0.0508111760
-0.0556759758
-0.0595455505
-0.0629020601
-0.0643697695
-0.0655129106
-0.0671492991
-0.0679636227
-0.0700307120
-0.0726119509
-0.0732705067
-0.0738412976
-0.0741026061
-0.0732275916
-0.0703197780
-0.0677454737
-0.0660562820
-0.0641368124
-0.0640397344
-0.0648590421
-0.0643920124
-0.0618945223
-0.0611577973
-0.0594971571
-0.0556937754
-0.0507108819
-0.0460216607
-0.0411965902
-0.0384961682
-0.0392752483
-0.0406431723
-0.0412942691
-0.0416955332
-0.0444917849
-0.0495973406
-0.0532933236
-0.0572890932
-0.0634834231
-0.0693820439
-0.0734308321
-0.0752518561
-0.0754133372
-0.0742487354
-0.0720723084
-0.0706260056
-0.0695448628
-0.0682167102
-0.0676613944
-0.0673260956
-0.0674585980
-0.0669899053
-0.0667763445
-0.0681373566
-0.0677453775
-0.0659531347
-0.0648098909
-0.0622587777
-0.0594111941
-0.0569539310
-0.0527122851
-0.0494986305
-0.0478375355
-0.0456008890
-0.0425309400
-0.0392709447
-0.0369317811
-0.0337892144
-0.0296417828
-0.0265113948
-0.0243581391
-0.0212698931
-0.0205153663
-0.0221188298
-0.0216986736
-0.0193687955
-0.0172991539
-0.0151099682
-0.0136378350
-0.0134251093
-0.0148170083
-0.0168587266
-0.0178366042
-0.0179247629
-0.0150012966
-0.0113271192
-0.0078270404
-0.0055118734
-0.0048380611
-0.0038333520
-0.0007570765
0.0025020982
0.0057991208
0.0090729332
0.0126313542
0.0183705153
0.0225655631
0.0258235942
0.0300199305
0.0352876111
0.0379358353
0.0400206889
0.0434992765
0.0485041716
0.0529787376
0.0569462435
0.0585510940
0.0586909906
0.0584946287
0.0582711491
0.0574361582
0.0561109883
0.0560734285
0.0586503420
0.0625814251
0.0652485836
0.0683535804
0.0739323525
0.0794027495
0.0844224351
0.0888389441
0.0921560616
0.0951737797
0.0962805832
0.0950200553
0.0934605080
0.0913224470
0.0871549080
0.0817945202
0.0770627397
0.0750327383
0.0749191971
0.0748501254
0.0742988251
0.0735746803
0.0725363579
0.0700270674
0.0648890300
0.0573756714
0.0525987840
0.0495645014
0.0430543001
0.0360580063
0.0295159322
0.0236261505
0.0206203518
0.0192242895
0.0192110563
0.0214889661
0.0244540658
0.0278062468
0.0293602861
0.0297058908
0.0302486410
0.0300237665
0.0292774581
0.0284073253
0.0281467452
0.0274536411
0.0252837105
0.0214027671
0.0146903189
0.0073621550
0.0032575316
0.0021160013
0.0018211094
-0.0009186884
-0.0059136577
-0.0093238007
-0.0103984290
-0.0104024658
-0.0115559903
-0.0133786202
-0.0142300239
-0.0151515242
-0.0143849366
-0.0135759840
-0.0138788646
-0.0138646438
-0.0131059522
-0.0102769744
-0.0083832813
-0.0083605503
-0.0094020513
-0.0100872889
-0.0112297011
-0.0127054078
-0.0133255940
-0.0142568623
-0.0134378977
-0.0115370272
-0.0097639291
-0.0083803529
-0.0069083820
-0.0052404787
-0.0034776992
-0.0017873013
-0.0020252553
-0.0040461561
-0.0065436958
-0.0101246449
-0.0151853077
-0.0186945436
-0.0212692446
-0.0261761854
-0.0295749861
-0.0308232067
-0.0320078373
-0.0328589956
-0.0332319724
-0.0342129614
-0.0337043098
-0.0323965512
-0.0332174832
-0.0355490716
-0.0378841807
-0.0401854516
-0.0403091719
-0.0386721561
-0.0356640805
-0.0347335414
-0.0387276017
-0.0487486230
-0.0630351583
-0.0755192978
-0.0821645790
-0.0853817850
-0.0879590497
-0.0878482380
-0.0831746533
-0.0770396877
-0.0739919002
-0.0706488023
-0.0658027819
-0.0609436339
-0.0567630936
-0.0534802923
-0.0520799786
-0.0516144967
-0.0518114076
-0.0524213247
-0.0541158044
-0.0529564848
-0.0497343081
-0.0468493047
-0.0408506596
-0.0302592804
-0.0205139984
-0.0120716141
-0.0058199405
-0.0029631913
-0.0018304583
0.0016294294
0.0056806228
0.0113992853
0.0179261617
0.0259902654
0.0330299098
0.0377024851
0.0402862076
0.0415621655
0.0425260145
0.0424274922
0.0419894929
0.0416401645
0.0420019737
0.0437431648
0.0473574203
0.0529496695
0.0558867041
0.0553289340
0.0510136982
0.0447103209
0.0388526353
0.0372657965
0.0375278627
0.0413719452
0.0481634442
0.0564531966
0.0643039722
0.0703742014
0.0730398225
0.0722182094
0.0710234403
0.0681592765
0.0619840894
0.0543230035
0.0488765375
0.0448223478
0.0421969545
0.0426490315
0.0452841059
0.0485718937
0.0520521285
0.0535695398
0.0533189770
0.0521068841
0.0515275425
0.0522523610
0.0520891900
0.0525371354
0.0528302627
0.0536573646
0.0540599569
0.0532434221
0.0522995555
0.0501496775
0.0479964565
0.0465726408
0.0480574959
0.0502244512
0.0511161394
0.0504727782
0.0498951932
0.0498269864
0.0495032606
0.0475104323
0.0445275619
0.0431440324
0.0413656228
0.0391319494
0.0390166250
0.0410827216
0.0425900588
0.0431411477
0.0432000304
0.0418628092
0.0399282903
0.0367517808
0.0338080627
0.0298130267
0.0269848001
0.0274308865
0.0283016564
0.0271862796
0.0261619595
0.0251583673
0.0244396240
0.0249629560
0.0243941767
0.0243043084
0.0272979318
0.0277301809
0.0267257429
0.0280188142
0.0282450701
0.0279480292
0.0273068804
0.0239469728
0.0182745111
0.0116542074
0.0039256857
-0.0014287564
-0.0030991622
-0.0055983773
-0.0084394869
-0.0099750040
-0.0103327455
-0.0113899777
-0.0132599032
-0.0163814223
-0.0181407545
-0.0175481178
-0.0168027110
-0.0172318816
-0.0175225231
-0.0190474520
-0.0202504657
-0.0226305925
-0.0276453223
-0.0306110510
-0.0312554278
-0.0324930581
-0.0352303746
-0.0373724040
-0.0387987896
-0.0404871518
-0.0402094276
-0.0376807152
-0.0359104188
-0.0345687134
-0.0338294324
-0.0327412022
-0.0311331374
-0.0307308152
-0.0297165374
-0.0275205796
-0.0255572498
-0.0220740838
-0.0183102001
-0.0148466563
-0.0121867959
-0.0110923316
-0.0121940427
-0.0129878174
-0.0119182545
-0.0099735091
-0.0075722641
-0.0042911538
-0.0030980663
-0.0004135416
0.0018706048
0.0028223718
0.0021553719
-0.0044536943
-0.0114883630
-0.0141399361
-0.0150896949
-0.0165326674
-0.0160428034
-0.0154137801
-0.0151597885
-0.0154822859
-0.0136379743
-0.0121352787
-0.0137501403
-0.0127927070
-0.0098553548
-0.0067683933
-0.0039087764
-0.0031701217
-0.0024093646
-0.0030782086
-0.0054958741
-0.0082046723
-0.0084087829
-0.0069702690
-0.0046946132
-0.0017613495
-0.0016265086
-0.0035323799
-0.0056872960
-0.0065384740
-0.0065567083
-0.0071255177
-0.0082387395
-0.0117885430
-0.0137222845
-0.0137126354
-0.0145352389
-0.0148153025
-0.0146236835
-0.0154724891
-0.0160114622
-0.0142415096
-0.0122933458
-0.0114558200
-0.0099997673
-0.0100189815
-0.0120036678
-0.0117600091
-0.0148267041
-0.0180709862
-0.0231430773
-0.0303154482
-0.0391168531
-0.0472500929
-0.0546597016
-0.0611749672
-0.0673280295
-0.0719810583
-0.0750950312
-0.0755994922
-0.0750903088
-0.0740248801
-0.0733443753
-0.0744379635
-0.0784511848
-0.0812416617
-0.0831703452
-0.0847254934
-0.0838006050
-0.0807246024
-0.0782942589
-0.0727562428
-0.0663055156
-0.0630967093
-0.0610603565
-0.0582436431
-0.0551125397
-0.0523226199
-0.0503519161
-0.0476401826
-0.0424602871
-0.0383390365
-0.0350662390
-0.0308717248
-0.0277803846
-0.0274671306
-0.0268341371
-0.0265604534
-0.0297755347
-0.0326154617
-0.0325713436
-0.0287150816
-0.0237834471
-0.0196111076
-0.0147199413
-0.0089155379
-0.0031379039
0.0017471444
0.0065668947
0.0130565168
0.0179487680
0.0217671229
0.0240008064
0.0240008596
0.0225445603
0.0227301660
0.0245096369
0.0253386349
0.0248450678
0.0249764116
0.0251496352
0.0242506197
0.0218916082
0.0195848463
0.0179466071
0.0166969997
0.0153944750
0.0135776506
0.0123843810
0.0111299505
0.0082741732
0.0074600423
0.0088062793
0.0097675773
0.0096971638
0.0090912673
0.0091915538
0.0090223595
0.0095608311
0.0119235340
0.0143672019
0.0172889562
0.0221814807
0.0266407523
0.0293747527
0.0316773408
0.0343394395
0.0359700624
0.0352805465
0.0339076418
0.0320321495
0.0286400309
0.0244310586
0.0201884437
0.0152836671
0.0094311002
0.0051417632
0.0017118499
-0.0003252217
-0.0008558148
-0.0007675001
-0.0010960622
0.0006603028
0.0034217353
0.0066567724
0.0098635729
0.0151328744
0.0214420005
0.0254235526
0.0274983172
0.0285359231
0.0285107472
0.0278068567
0.0269656777
0.0257089500
0.0235350441
0.0208677057
0.0185498607
0.0161286255
0.0146912692
0.0140280025
0.0137216425
0.0140948049
0.0149650804
0.0161043818
0.0167144284
0.0171932425
0.0189864703
0.0190110308
0.0180952693
0.0178641664
0.0173717643
0.0161519234
0.0139725646
0.0116355744
0.0096756812
0.0073119856
0.0045255566
0.0015587467
-0.0015366122
-0.0038466613
-0.0051253506
-0.0069235142
-0.0088684201
-0.0109567270
-0.0139901782
-0.0166477493
-0.0175915131
-0.0191696841
-0.0201287596
-0.0191330727
-0.0168923906
-0.0153963764
-0.0141411312
-0.0119584449
-0.0102112514
-0.0091581219
-0.0081311286
-0.0079291803
-0.0077399965
-0.0069845813
-0.0060960990
-0.0055866560
-0.0048273717
-0.0043704488
-0.0047340292
-0.0050099092
-0.0047402279
-0.0044121292
-0.0041845445
-0.0037549854
-0.0026221785
-0.0014810901
-0.0010080105
-0.0007689158
-0.0006737009
-0.0006423886
-0.0000924037
0.0004351154
0.0007705914
0.0011738028
0.0018582003
0.0030156683
0.0036355442
0.0040319183
0.0043132696
0.0043392566
0.0041468912
0.0040003398
0.0035781068
0.0030270052
0.0026561152
0.0021760878
0.0015394849
0.0010064974
0.0012677401
0.0016346966
0.0016260827
0.0016852276
0.0019566581
0.0022888828
0.0024246410
0.0024559940
0.0026273305
0.0031613287
0.0036508098
0.0035461358
0.0032571904
0.0032167569
0.0033303425
0.0031556665
0.0030434675
0.0031754289
0.0033069967
0.0032919562
0.0032556420
0.0033651130
0.0033478678
0.0032252534
0.0030994547
0.0029079947
0.0026692351
0.0024340060
0.0022097964
0.0019616918
0.0017466422
0.0015637300
0.0014222677
0.0014042587
0.0013886583
0.0013548488
0.0012920762
0.0012363070
0.0011619941
0.0011232523
0.0011315537
0.0011465859
0.0011663567
0.0011899601
0.0011900162
0.0011828278
0.0012061674
0.0012094414
0.0012111272
0.0012090611
0.0012104883
0.0012511844
0.0013084195
0.0013545702
0.0014135112
0.0014772040
0.0015579331
0.0016260585
0.0016681385
0.0017172448
0.0017747662
0.0018251561
0.0018740872
0.0019263571
0.0019778612
0.0020252277
0.0020687660
0.0021071249
0.0021426888
0.0021793776
0.0022142782
0.0022469616
0.0022794155
0.0023137273
0.0023487164
0.0023813941
0.0024123148
0.0024407629
0.0024663640
0.0024887105
0.0025087517
0.0025267578
0.0025426917
0.0025570861
0.0025705470
0.0025831982
0.0025946216
0.0026048382
0.0026140116
0.0026222211
0.0026295029
0.0026359063
0.0026415145
0.0026463490
0.0026504391
0.0026538016
0.0026564661
0.0026584428
0.0026597412
0.0026603744
0.0026603554
0.0026596942
