0.0008156375
0.0008143549
0.0008130722
0.0008117909
0.0008105056
0.0008092275
0.0008079463
0.0008066698
0.0008053914
0.0008041128
0.0008028284
0.0008015430
0.0008002532
0.0007989647
0.0007976890
0.0007964327
0.0007951768
0.0007939203
0.0007926218
0.0007912727
0.0007898658
0.0007884251
0.0007869971
0.0007856743
0.0007844904
0.0007833922
0.0007821886
0.0007807243
0.0007790371
0.0007773894
0.0007760782
0.0007752259
0.0007746551
0.0007740017
0.0007729458
0.0007714760
0.0007698950
0.0007685416
0.0007675300
0.0007668579
0.0007665766
0.0007666648
0.0007668529
0.0007666765
0.0007656333
0.0007633693
0.0007599494
0.0007561584
0.0007531816
0.0007515168
0.0007504095
0.0007487739
0.0007466667
0.0007451195
0.0007441912
0.0007420589
0.0007368152
0.0007288840
0.0007210569
0.0007162414
0.0007156915
0.0007188718
0.0007238397
0.0007278256
0.0007287800
0.0007275198
0.0007278292
0.0007327965
0.0007414135
0.0007500576
0.0007563217
0.0007599007
0.0007602240
0.0007559967
0.0007480094
0.0007393390
0.0007320171
0.0007244770
0.0007147723
0.0007046012
0.0006999195
0.0007076279
0.0007298129
0.0007603933
0.0007850249
0.0007876847
0.0007620286
0.0007181549
0.0006776480
0.0006584192
0.0006642209
0.0006887400
0.0007257116
0.0007679116
0.0008005406
0.0008049428
0.0007740061
0.0007198455
0.0006648665
0.0006246546
0.0006066662
0.0006132843
0.0006375302
0.0006570487
0.0006453974
0.0005935738
0.0005201975
0.0004597337
0.0004431152
0.0004813807
0.0005547981
0.0006197737
0.0006390917
0.0006082450
0.0005562875
0.0005234265
0.0005375947
0.0006063329
0.0007173714
0.0008333020
0.0008956952
0.0008535803
0.0007032150
0.0005021811
0.0003343055
0.0002579096
0.0002886698
0.0004077404
0.0005634565
0.0006752792
0.0006763155
0.0005642165
0.0004094307
0.0003037897
0.0003133492
0.0004662748
0.0007474899
0.0010881061
0.0013818622
0.0015402085
0.0015433883
0.0014446392
0.0013311504
0.0012568000
0.0012024042
0.0010862645
0.0008443983
0.0004983744
0.0001696327
-0.0000005558
0.0000455005
0.0002739167
0.0006240832
0.0010246392
0.0013375531
0.0013903528
0.0011137768
0.0006312101
0.0001804343
-0.0000595075
-0.0000512341
0.0001405012
0.0003977328
0.0005707116
0.0005319993
0.0002527788
-0.0001564872
-0.0005108764
-0.0006815769
-0.0006444680
-0.0004542318
-0.0002178594
-0.0000419763
0.0000507632
0.0000968246
0.0000910339
0.0000162596
-0.0000275228
0.0001387425
0.0005323123
0.0009137157
0.0009827220
0.0006347192
0.0000247215
-0.0005792308
-0.0009658072
-0.0010315949
-0.0008134257
-0.0004815773
-0.0002308820
-0.0001334504
-0.0001546453
-0.0002608565
-0.0004411042
-0.0005743385
-0.0003612377
0.0004658045
0.0018209802
0.0032283517
0.0041602439
0.0043751329
0.0039894373
0.0033213086
0.0026967698
0.0023112320
0.0021754039
0.0021544741
0.0021041968
0.0019445165
0.0016303915
0.0011276924
0.0005090024
0.0000715230
0.0001721293
0.0007833288
0.0014001940
0.0015165889
0.0011050987
0.0005164413
0.0000900490
-0.0000415967
0.0000814361
0.0002545419
0.0000714223
-0.0007773926
-0.0020992448
-0.0032227104
-0.0035190330
-0.0029109618
-0.0019162556
-0.0011980374
-0.0011189411
-0.0015894014
-0.0021699191
-0.0023072084
-0.0016243139
-0.0001326144
0.0018155270
0.0037388060
0.0052200847
0.0059280788
0.0056672336
0.0045364819
0.0030231063
0.0017666830
0.0011464543
0.0010798383
0.0012214192
0.0013298066
0.0014141179
0.0016017925
0.0020043467
0.0025648609
0.0029816901
0.0027827451
0.0016291970
-0.0003033716
-0.0022731564
-0.0033020994
-0.0027463236
-0.0007936202
0.0014456685
0.0024870752
0.0013855448
-0.0015863094
-0.0050727707
-0.0075074728
-0.0080143508
-0.0066092682
-0.0039114825
-0.0008649540
0.0015646339
0.0028005502
0.0028753964
0.0021817788
0.0011659176
0.0003552732
0.0003954820
0.0015860769
0.0033066446
0.0043537251
0.0039802630
0.0024953370
0.0008704644
-0.0000443796
0.0001447153
0.0013342756
0.0028778585
0.0037340262
0.0030778179
0.0008672823
-0.0022073594
-0.0052857608
-0.0076922174
-0.0089592282
-0.0089153474
-0.0079194536
-0.0064699724
-0.0044661261
-0.0016642463
0.0011137997
0.0023710780
0.0018637419
0.0010917987
0.0016898323
0.0038458305
0.0063125152
0.0075792840
0.0069944259
0.0050999519
0.0031430927
0.0021294019
0.0020252747
0.0019409971
0.0012240573
0.0001763809
-0.0005256324
-0.0007714005
-0.0011539397
-0.0022048308
-0.0036664755
-0.0047297801
-0.0048467251
-0.0041779107
-0.0033429641
-0.0029153479
-0.0031657697
-0.0039011882
-0.0044749348
-0.0041896248
-0.0027672492
-0.0004660864
0.0020562974
0.0039397445
0.0045921707
0.0041617890
0.0034611611
0.0033208597
0.0039662591
0.0049620880
0.0057483762
0.0060847098
0.0060788233
0.0060201692
0.0062978147
0.0069685035
0.0073132309
0.0061943461
0.0031915127
-0.0007767240
-0.0040504748
-0.0053897880
-0.0045214904
-0.0019832959
0.0010237208
0.0028076072
0.0018565197
-0.0019623264
-0.0068945515
-0.0103164130
-0.0106355007
-0.0083834340
-0.0057002489
-0.0046201464
-0.0056073171
-0.0075125073
-0.0086184187
-0.0077763757
-0.0049576657
-0.0011910141
0.0020573851
0.0037861146
0.0040480882
0.0037554782
0.0039525020
0.0051180142
0.0069750725
0.0086795533
0.0093379918
0.0084032862
0.0059383426
0.0025913668
-0.0005815937
-0.0025977676
-0.0032540201
-0.0034209979
-0.0042788738
-0.0062227193
-0.0085104779
-0.0099230837
-0.0098329981
-0.0087437759
-0.0077873913
-0.0076528648
-0.0079840564
-0.0077964305
-0.0063567285
-0.0037088402
-0.0005763835
0.0021336838
0.0038798644
0.0048255156
0.0055855851
0.0066890547
0.0080955728
0.0090522983
0.0086989885
0.0068560210
0.0042916533
0.0022191401
0.0013766039
0.0015062521
0.0017773138
0.0016000677
0.0009891708
0.0001448504
-0.0011029994
-0.0030756639
-0.0054720561
-0.0071365888
-0.0068498143
-0.0046104744
-0.0019622456
-0.0007527684
-0.0015010617
-0.0030072840
-0.0036241553
-0.0029050258
-0.0019531542
-0.0021584580
-0.0038132450
-0.0058773013
-0.0070206707
-0.0066044290
-0.0049572896
-0.0029415128
-0.0013366793
-0.0003246327
0.0003541854
0.0008951812
0.0012689265
0.0014951166
0.0019177932
0.0031252946
0.0055300212
0.0088096587
0.0117560864
0.0128736560
0.0115298857
0.0085433853
0.0056198286
0.0040541150
0.0036890674
0.0029572662
0.0004488471
-0.0035615793
-0.0075084296
-0.0102528300
-0.0119839163
-0.0133616919
-0.0142809132
-0.0139603361
-0.0122188901
-0.0100288765
-0.0085755461
-0.0079435168
-0.0071298177
-0.0052938370
-0.0025449974
0.0005113711
0.0035391867
0.0065158174
0.0093339780
0.0115823434
0.0128059160
0.0128535143
0.0119349828
0.0104134100
0.0085620752
0.0064153152
0.0038116398
0.0007859942
-0.0022356806
-0.0045761272
-0.0059805069
-0.0068820664
-0.0078489855
-0.0089323596
-0.0097514844
-0.0101310378
-0.0102438986
-0.0102527785
-0.0101131585
-0.0098086944
-0.0096100128
-0.0097824068
-0.0100683127
-0.0097861773
-0.0084004665
-0.0058860254
-0.0026596640
0.0005326348
0.0029098378
0.0042514860
0.0052234435
0.0067652269
0.0090842104
0.0114651612
0.0129280870
0.0131645001
0.0127376467
0.0124367241
0.0125780970
0.0129266469
0.0129391009
0.0120380636
0.0098004550
0.0064071883
0.0027806363
0.0001433232
-0.0008391311
-0.0007400307
-0.0011148389
-0.0032319401
-0.0069635078
-0.0108350943
-0.0129013312
-0.0120271964
-0.0087920044
-0.0052280092
-0.0033362457
-0.0036726324
-0.0051779923
-0.0062070839
-0.0055852745
-0.0031015245
0.0003958084
0.0034741892
0.0048498961
0.0041316419
0.0018736542
-0.0007150036
-0.0023403234
-0.0022602715
-0.0005922691
0.0019639153
0.0045997192
0.0066966585
0.0078995817
0.0080575578
0.0071928793
0.0055168196
0.0032959546
0.0006446772
-0.0022674968
-0.0047708249
-0.0057056007
-0.0043964485
-0.0017807929
-0.0000269301
-0.0007249165
-0.0035233794
-0.0066427082
-0.0085396514
-0.0088895849
-0.0082492258
-0.0073006178
-0.0066406440
-0.0066305926
-0.0070133523
-0.0067698221
-0.0049559942
-0.0019883584
0.0002373652
-0.0001007031
-0.0029166751
-0.0060875111
-0.0071270136
-0.0050348399
-0.0007765998
0.0036395628
0.0065396590
0.0073593129
0.0065161822
0.0048393680
0.0031075161
0.0018770416
0.0015172708
0.0020660140
0.0030562925
0.0037592456
0.0038059013
0.0036126820
0.0039823434
0.0051389591
0.0063902738
0.0068523952
0.0064230465
0.0057259419
0.0051112588
0.0041161039
0.0021400162
-0.0005403674
-0.0028235106
-0.0040419114
-0.0048118272
-0.0063243479
-0.0088949981
-0.0113335265
-0.0118316635
-0.0097417780
-0.0064100512
-0.0041837219
-0.0045989202
-0.0073556032
-0.0107893505
-0.0130319186
-0.0127822357
-0.0096565685
-0.0044156116
0.0012623083
0.0056171839
0.0078892297
0.0085774891
0.0086511533
0.0086018093
0.0082700412
0.0073468184
0.0059302315
0.0045203635
0.0035452092
0.0031957655
0.0036006863
0.0046414021
0.0056392061
0.0056939495
0.0045077229
0.0026251779
0.0008332133
-0.0005300863
-0.0016989876
-0.0031585285
-0.0052482884
-0.0077490385
-0.0097902678
-0.0102794679
-0.0089782628
-0.0070421956
-0.0060818022
-0.0066056044
-0.0074331853
-0.0066350010
-0.0030818336
0.0027081861
0.0088709175
0.0133342521
0.0150386074
0.0143591685
0.0125302908
0.0107658949
0.0096968385
0.0093209975
0.0092152348
0.0089669190
0.0084641676
0.0079504427
0.0077388803
0.0078332473
0.0077765603
0.0068660973
0.0046581853
0.0014724598
-0.0017888346
-0.0042779891
-0.0057057212
-0.0063971392
-0.0070978733
-0.0085297047
-0.0107491007
-0.0128667589
-0.0135101052
-0.0118972478
-0.0086109873
-0.0050730980
-0.0024759391
-0.0012438449
-0.0010460518
-0.0011324149
-0.0007696616
0.0003865523
0.0022809525
0.0045701136
0.0065962321
0.0076268876
0.0074801303
0.0067431660
0.0062575304
0.0063725820
0.0069200518
0.0076860185
0.0083453642
0.0080920948
0.0060051855
0.0020286956
-0.0025230975
-0.0058231522
-0.0068897925
-0.0061343960
-0.0047203494
-0.0035842837
-0.0029161152
-0.0023368941
-0.0013372279
0.0002071972
0.0016613150
0.0018619240
0.0000698657
-0.0030462895
-0.0054555511
-0.0053553781
-0.0030355898
-0.0007293571
-0.0004478591
-0.0021417464
-0.0039499258
-0.0037598279
-0.0007169053
0.0041514659
0.0085776390
0.0105612419
0.0095278830
0.0063646214
0.0024053277
-0.0014282945
-0.0047906065
-0.0076580314
-0.0100926539
-0.0120546827
-0.0133921744
-0.0139449654
-0.0136150746
-0.0123594025
-0.0102397503
-0.0073416982
-0.0037084007
0.0005291649
0.0049839843
0.0089341991
0.0116106485
0.0126035540
0.0121170452
0.0108780275
0.0097227077
0.0090395291
0.0084555165
0.0072582660
0.0051395756
0.0025111142
-0.0000575791
-0.0024289822
-0.0047723719
-0.0069734264
-0.0085536022
-0.0091975671
-0.0090095885
-0.0081760706
-0.0069652306
-0.0059403813
-0.0057499346
-0.0063888854
-0.0068776080
-0.0061982109
-0.0044363126
-0.0026346241
-0.0015231821
-0.0008738688
-0.0001640075
0.0007215913
0.0016262053
0.0023542786
0.0026038777
0.0019233281
0.0002310566
-0.0017965697
-0.0030987051
-0.0030445569
-0.0018059980
-0.0000680951
0.0015196551
0.0026631048
0.0035054760
0.0042714136
0.0047663391
0.0044691652
0.0030902541
0.0008691053
-0.0016264806
-0.0039154399
-0.0058966057
-0.0076995847
-0.0093049498
-0.0104285442
-0.0107809012
-0.0103352133
-0.0093975870
-0.0086126958
-0.0086378620
-0.0095220142
-0.0106279751
-0.0112446883
-0.0111084468
-0.0102857238
-0.0088293865
-0.0068372447
-0.0046619388
-0.0027522421
-0.0011310340
0.0008238293
0.0037372581
0.0073549958
0.0104841919
0.0119386496
0.0114545143
0.0096827504
0.0075566554
0.0058292085
0.0049069691
0.0048781936
0.0054798464
0.0062249126
0.0067651242
0.0070023478
0.0069045517
0.0063694541
0.0053422403
0.0040574115
0.0029114870
0.0018397538
0.0001627519
-0.0026557836
-0.0061474364
-0.0090452941
-0.0104475329
-0.0105673121
-0.0103554164
-0.0107762224
-0.0121538050
-0.0138834233
-0.0149237456
-0.0146436902
-0.0132399623
-0.0113565021
-0.0094563362
-0.0077226257
-0.0064280739
-0.0059950179
-0.0065127141
-0.0073756501
-0.0075196299
-0.0060914595
-0.0030009651
0.0009200156
0.0042432514
0.0057962786
0.0053133888
0.0035346126
0.0015899620
0.0003496991
0.0000986614
0.0005476861
0.0010984911
0.0014179509
0.0020009632
0.0038135895
0.0070531502
0.0103647420
0.0118226064
0.0107079960
0.0080047702
0.0052613681
0.0032593678
0.0017827774
0.0003562362
-0.0011849753
-0.0026333848
-0.0037686744
-0.0045691136
-0.0050887600
-0.0052241676
-0.0046152789
-0.0029703482
-0.0006046473
0.0014447000
0.0020739649
0.0011356141
-0.0003657212
-0.0011064337
-0.0005109166
0.0009484740
0.0023055699
0.0028487129
0.0026060348
0.0023078516
0.0027627741
0.0041044243
0.0056557231
0.0066340125
0.0069812434
0.0073125672
0.0081043169
0.0090215783
0.0093188204
0.0086623910
0.0075446391
0.0069668066
0.0076485983
0.0095092966
0.0116665380
0.0129818094
0.0127788392
0.0111942647
0.0089463571
0.0069105460
0.0057393437
0.0055353319
0.0056614331
0.0049546511
0.0026644804
-0.0006552939
-0.0035146927
-0.0047062402
-0.0041877912
-0.0028549098
-0.0017627757
-0.0015482831
-0.0023521868
-0.0039201274
-0.0056869264
-0.0071057535
-0.0082206796
-0.0096865555
-0.0119645553
-0.0146018104
-0.0165407208
-0.0171656824
-0.0168922651
-0.0166512944
-0.0168607976
-0.0169852692
-0.0161546038
-0.0141813353
-0.0117004360
-0.0093149421
-0.0068984837
-0.0038827923
-0.0000027602
0.0042952151
0.0082766520
0.0114981873
0.0139180521
0.0155293838
0.0161391061
0.0156327792
0.0143550848
0.0129841853
0.0119810456
0.0112123429
0.0101298609
0.0082924654
0.0056900651
0.0026800318
-0.0002048252
-0.0024194344
-0.0035183677
-0.0033208441
-0.0021214958
-0.0004819520
0.0012458618
0.0029732009
0.0044891528
0.0052798391
0.0051295282
0.0045899030
0.0043627608
0.0043037080
0.0032723408
0.0001445447
-0.0049267209
-0.0103471764
-0.0143471202
-0.0163561575
-0.0170005361
-0.0169332399
-0.0161637792
-0.0146784290
-0.0130529509
-0.0119292754
-0.0112000490
-0.0101967196
-0.0085877019
-0.0067695354
-0.0052890312
-0.0041557648
-0.0027868587
-0.0006806589
0.0019115859
0.0041736946
0.0053973930
0.0053887183
0.0045115477
0.0033975075
0.0024180466
0.0013817282
-0.0001525825
-0.0022270147
-0.0041702249
-0.0051072533
-0.0045927672
-0.0027764199
-0.0002535994
0.0020810389
0.0033844669
0.0034155617
0.0027796958
0.0024848602
0.0031152012
0.0044177681
0.0056570914
0.0064445086
0.0069452019
0.0074234309
0.0076929865
0.0070988230
0.0050715029
0.0017323315
-0.0018885285
-0.0043342870
-0.0045685373
-0.0026921387
-0.0001294497
0.0011479462
-0.0000289777
-0.0031709037
-0.0066604584
-0.0088578024
-0.0090482475
-0.0077606415
-0.0062488563
-0.0055259066
-0.0056432927
-0.0057124408
-0.0046642926
-0.0023135401
0.0002879733
0.0016212446
0.0010198374
-0.0007863274
-0.0022079671
-0.0020658508
-0.0003069666
0.0022446348
0.0045578675
0.0059083455
0.0060227620
0.0049712914
0.0029354155
0.0002588463
-0.0024940728
-0.0046783821
-0.0056313731
-0.0048019422
-0.0022740296
0.0006026095
0.0017422478
-0.0001144435
-0.0042896485
-0.0086401087
-0.0109448323
-0.0100547820
-0.0063494096
-0.0013903939
0.0030511281
0.0058732078
0.0069070346
0.0064405698
0.0048146140
0.0024441425
-0.0000224588
-0.0017732101
-0.0022705598
-0.0016267282
-0.0005103123
0.0003747666
0.0006650216
0.0003202533
-0.0003797481
-0.0008324454
-0.0004475026
0.0009358394
0.0029715832
0.0050924217
0.0067481601
0.0073897171
0.0065081519
0.0038738646
-0.0001141111
-0.0045462189
-0.0084773331
-0.0113313880
-0.0130723989
-0.0140886854
-0.0147468408
-0.0148374017
-0.0137204044
-0.0112493155
-0.0082748193
-0.0060255185
-0.0049331625
-0.0043125478
-0.0030542133
-0.0005352124
0.0031786650
0.0074190546
0.0110902082
0.0131025548
0.0131476258
0.0119150181
0.0104896631
0.0094699963
0.0088297533
0.0084115612
0.0082272022
0.0082061599
0.0079272590
0.0068996177
0.0050337938
0.0026680931
0.0002244522
-0.0018091375
-0.0029562731
-0.0031621026
-0.0030470665
-0.0035268259
-0.0050668838
-0.0073499782
-0.0094532352
-0.0105590309
-0.0106520018
-0.0103423895
-0.0098656886
-0.0085121192
-0.0054372216
-0.0009343732
0.0032788228
0.0052586493
0.0044437147
0.0020311313
-0.0001159589
-0.0008610801
-0.0002514163
0.0011044602
0.0026931971
0.0041385981
0.0050846254
0.0054497244
0.0056522604
0.0063058989
0.0076045354
0.0091702181
0.0104759186
0.0112162018
0.0112494205
0.0104445044
0.0089160983
0.0071930450
0.0058736040
0.0050259296
0.0042150896
0.0030682523
0.0015331283
-0.0004041879
-0.0030034893
-0.0064356323
-0.0102602962
-0.0132586011
-0.0141887193
-0.0126926674
-0.0095918556
-0.0064253984
-0.0045108377
-0.0042584356
-0.0050522459
-0.0057879242
-0.0056279843
-0.0044862061
-0.0027462629
-0.0006945832
0.0014814586
0.0033435077
0.0042966168
0.0041131870
0.0032953792
0.0028001714
0.0032546727
0.0044752366
0.0057453122
0.0064831841
0.0066091441
0.0062596866
0.0054283395
0.0041789511
0.0029761036
0.0024196365
0.0025448315
0.0026610086
0.0020842943
0.0009087537
-0.0000586358
-0.0001764088
0.0004241590
0.0009903304
0.0008497035
-0.0002059412
-0.0022247032
-0.0053848535
-0.0098009518
-0.0148755714
-0.0190954573
-0.0208082934
-0.0195920237
-0.0167384093
-0.0141817898
-0.0129433855
-0.0126833339
-0.0125551751
-0.0120765897
-0.0109998675
-0.0088424654
-0.0051673496
-0.0003741626
0.0042100485
0.0073692130
0.0089650711
0.0097592320
0.0104106754
0.0108836788
0.0107023663
0.0096929161
0.0081633395
0.0065554424
0.0052484098
0.0046048160
0.0049035361
0.0060782541
0.0075578514
0.0086726713
0.0090021529
0.0084687696
0.0073015821
0.0059539736
0.0048253788
0.0039118169
0.0028018853
0.0012794824
-0.0001981036
-0.0009074434
-0.0008131487
-0.0008497253
-0.0020931009
-0.0046690740
-0.0073585691
-0.0084442369
-0.0071535054
-0.0043233520
-0.0016662531
-0.0003565093
-0.0003043078
-0.0005833399
-0.0003004763
0.0009029252
0.0028428917
0.0048732537
0.0060406095
0.0056029747
0.0036811651
0.0013513269
-0.0000556528
0.0002173042
0.0020226086
0.0045715296
0.0068824042
0.0081457244
0.0079686847
0.0065499333
0.0045649278
0.0027223583
0.0013553951
0.0003663989
-0.0003480542
-0.0006299367
-0.0002758222
0.0005468113
0.0013177830
0.0015888981
0.0014292787
0.0013822259
0.0019077633
0.0029210879
0.0037678533
0.0038208782
0.0031411112
0.0024372354
0.0024291864
0.0033177151
0.0048363889
0.0064767956
0.0075728171
0.0075317947
0.0061607427
0.0038063521
0.0011093121
-0.0013619694
-0.0030824853
-0.0035784812
-0.0028879554
-0.0018219063
-0.0015316155
-0.0023874861
-0.0036048841
-0.0041555231
-0.0038084827
-0.0031985605
-0.0029004484
-0.0028015907
-0.0025237010
-0.0022202226
-0.0025872744
-0.0040852536
-0.0063281894
-0.0083027856
-0.0091138974
-0.0084215863
-0.0063609514
-0.0033701174
-0.0001866385
0.0022884074
0.0033402962
0.0029241996
0.0018741356
0.0014635537
0.0024448528
0.0045237219
0.0067311159
0.0082908197
0.0089691054
0.0087830032
0.0079779995
0.0071592352
0.0068014573
0.0067293390
0.0064172996
0.0056867786
0.0047439154
0.0037424910
0.0025361781
0.0011329717
0.0001419837
0.0002548061
0.0012528984
0.0019015804
0.0010482377
-0.0012595993
-0.0039593003
-0.0060043065
-0.0071087095
-0.0077801619
-0.0087522317
-0.0102187428
-0.0114357169
-0.0114250996
-0.0102029879
-0.0090633481
-0.0093421889
-0.0109142787
-0.0122793307
-0.0120991837
-0.0104785767
-0.0086582897
-0.0076087761
-0.0071717154
-0.0064854841
-0.0048869603
-0.0024016403
0.0003616870
0.0027174637
0.0044628825
0.0060383108
0.0081653684
0.0110388889
0.0138851621
0.0155413158
0.0154145483
0.0138716912
0.0118168532
0.0099838451
0.0085133858
0.0069544828
0.0046208395
0.0011523484
-0.0029673915
-0.0066596378
-0.0090055835
-0.0097278220
-0.0092246834
-0.0083999382
-0.0082813073
-0.0093466713
-0.0111606872
-0.0127908386
-0.0135103487
-0.0131095825
-0.0115728288
-0.0088031495
-0.0049994590
-0.0011237323
0.0016865923
0.0031935569
0.0041571449
0.0053035116
0.0065818530
0.0076246127
0.0083039732
0.0085909125
0.0083126233
0.0072777339
0.0055085040
0.0031834772
0.0005140547
-0.0021146544
-0.0042162963
-0.0055033352
-0.0059883306
-0.0057220192
-0.0047996934
-0.0038185671
-0.0038855277
-0.0057036264
-0.0087922053
-0.0117913812
-0.0136105507
-0.0139489268
-0.0128206538
-0.0099723826
-0.0053087706
0.0002653845
0.0050504433
0.0078479770
0.0088346873
0.0090255607
0.0091104417
0.0090319485
0.0085021572
0.0076101244
0.0068729870
0.0067269407
0.0071085745
0.0074845115
0.0073873390
0.0068720813
0.0063587088
0.0060653811
0.0056724855
0.0046384828
0.0027377844
0.0002697352
-0.0022247988
-0.0043574925
-0.0059847872
-0.0070245282
-0.0073985229
-0.0072435039
-0.0069475574
-0.0067873916
-0.0066061292
-0.0059087019
-0.0042731128
-0.0016804422
0.0013954928
0.0041635220
0.0057541643
0.0056997373
0.0044184800
0.0029384005
0.0018745075
0.0008574543
-0.0007924268
-0.0030155011
-0.0048929140
-0.0054983126
-0.0046757235
-0.0030350880
-0.0013384951
0.0000905020
0.0014112595
0.0028350713
0.0042608614
0.0053693616
0.0059828929
0.0060951454
0.0055401410
0.0040339149
0.0018790102
0.0001539664
-0.0003689080
-0.0003693724
-0.0014310532
-0.0043335578
-0.0081578950
-0.0111115209
-0.0119492992
-0.0106568523
-0.0080927700
-0.0052703576
-0.0030083738
-0.0017963095
-0.0015455426
-0.0014205422
-0.0003147164
0.0023008022
0.0058060063
0.0087767844
0.0101848265
0.0102174798
0.0098966598
0.0100069300
0.0105184590
0.0107581182
0.0100826769
0.0085444597
0.0069155096
0.0057936668
0.0047265390
0.0026883654
-0.0006969279
-0.0045251044
-0.0072527035
-0.0078396504
-0.0061646492
-0.0028732582
0.0008484660
0.0037676483
0.0052568241
0.0055904640
0.0056198929
0.0061789268
0.0075518939
0.0092942310
0.0105946340
0.0109082297
0.0101173685
0.0083220793
0.0057331926
0.0027459893
-0.0000457484
-0.0020479190
-0.0029466789
-0.0030699146
-0.0032180801
-0.0041439692
-0.0062432334
-0.0095387741
-0.0136323126
-0.0176242170
-0.0204759510
-0.0217281070
-0.0216176658
-0.0204961146
-0.0182880791
-0.0146409244
-0.0096369683
-0.0041511507
0.0008564160
0.0052288734
0.0095135787
0.0140338410
0.0181003539
0.0204099074
0.0201953538
0.0178074281
0.0141112493
0.0096749213
0.0047176945
-0.0004552991
-0.0053583881
-0.0097256122
-0.0134902571
-0.0163151703
-0.0177275191
-0.0176415666
-0.0165075001
-0.0150240604
-0.0139379025
-0.0135587760
-0.0133667009
-0.0125029921
-0.0109081911
-0.0096966133
-0.0100696969
-0.0119716457
-0.0138812090
-0.0140979563
-0.0123538467
-0.0101940858
-0.0096585091
-0.0114014625
-0.0140453570
-0.0151337823
-0.0128141692
-0.0072403091
-0.0005582792
0.0048336717
0.0081305271
0.0104007004
0.0131137897
0.0164939030
0.0195026944
0.0210279728
0.0208897822
0.0197813390
0.0184998745
0.0174196879
0.0164163714
0.0149687450
0.0122667855
0.0076349020
0.0012365071
-0.0057264832
-0.0115226893
-0.0149698762
-0.0161754734
-0.0163214933
-0.0165716085
-0.0173475417
-0.0183488822
-0.0189114403
-0.0185687603
-0.0174824914
-0.0162108510
-0.0149536636
-0.0131930397
-0.0102817772
-0.0062615515
-0.0020880202
0.0010699036
0.0027035167
0.0032351790
0.0036619379
0.0049279718
0.0074017359
0.0107070928
0.0141547456
0.0172426018
0.0196275272
0.0207880845
0.0201220521
0.0175497507
0.0138450046
0.0101310966
0.0070524715
0.0044564804
0.0017204030
-0.0016513027
-0.0057519111
-0.0102285606
-0.0143913686
-0.0173981944
-0.0188118756
-0.0188978861
-0.0182183436
-0.0170436796
-0.0152868665
-0.0127635717
-0.0093319478
-0.0050009671
-0.0001693919
0.0043744760
0.0079022957
0.0103408784
0.0123264458
0.0145412083
0.0169927476
0.0190452436
0.0199516984
0.0192680584
0.0168295455
0.0127864221
0.0079323622
0.0036113433
0.0006603289
-0.0014056707
-0.0037275341
-0.0066589388
-0.0094583795
-0.0112467903
-0.0114875181
-0.0097321423
-0.0059158325
-0.0011685433
0.0024577649
0.0034512736
0.0019710691
-0.0005419383
-0.0024404117
-0.0026446867
-0.0010702862
0.0013525856
0.0031932612
0.0034789927
0.0024414722
0.0010135884
-0.0001432420
-0.0009568581
-0.0015098126
-0.0017681421
-0.0017712038
-0.0018216016
-0.0023936672
-0.0038239487
-0.0060254343
-0.0084399518
-0.0102815686
-0.0109646410
-0.0107627245
-0.0108307815
-0.0120813832
-0.0141062987
-0.0155768630
-0.0156043261
-0.0143853883
-0.0126755104
-0.0109985252
-0.0094017898
-0.0078410188
-0.0064555975
-0.0053197571
-0.0041888051
-0.0025133739
0.0003590860
0.0046435217
0.0097098255
0.0143867993
0.0176896570
0.0191992950
0.0191108851
0.0179948935
0.0162136559
0.0137380744
0.0105787975
0.0070776400
0.0036854858
0.0007945361
-0.0011687563
-0.0019257277
-0.0017065323
-0.0011842459
-0.0008237131
-0.0005931812
-0.0003563383
-0.0001796776
-0.0001335738
0.0000040622
0.0007865451
0.0026607757
0.0054278967
0.0083414623
0.0106224184
0.0117576048
0.0115024590
0.0100002382
0.0078905342
0.0059246264
0.0044577100
0.0031281133
0.0010761397
-0.0022185143
-0.0062335345
-0.0095251349
-0.0108226654
-0.0102699591
-0.0093753752
-0.0095007202
-0.0104578228
-0.0109150085
-0.0100645874
-0.0086167824
-0.0080254758
-0.0089049094
-0.0103962218
-0.0108937349
-0.0095781865
-0.0073645864
-0.0061468365
-0.0069525388
-0.0088763606
-0.0099053311
-0.0087881118
-0.0058925345
-0.0023401718
0.0010320472
0.0037568680
0.0054376003
0.0059158751
0.0057105924
0.0057974013
0.0068090311
0.0086050299
0.0105619168
0.0122161697
0.0135004579
0.0144273305
0.0149333716
0.0151094615
0.0151619113
0.0149332911
0.0138126639
0.0113054524
0.0075544991
0.0031402693
-0.0013525425
-0.0054638273
-0.0086247721
-0.0102116079
-0.0100365493
-0.0086853403
-0.0073249870
-0.0070730192
-0.0082813861
-0.0101644575
-0.0113462588
-0.0109221386
-0.0091603566
-0.0070814618
-0.0055341335
-0.0047157675
-0.0044137565
-0.0043461426
-0.0042042257
-0.0035472616
-0.0019206909
0.0006795352
0.0036292212
0.0060698294
0.0074248713
0.0076349001
0.0071811348
0.0070110027
0.0080282601
0.0102237346
0.0122422299
0.0120627076
0.0086251721
0.0029823130
-0.0021224753
-0.0043665751
-0.0035509966
-0.0014479869
-0.0000638301
-0.0001994767
-0.0013747111
-0.0026734228
-0.0035764141
-0.0040297264
-0.0039839400
-0.0031608223
-0.0013631859
0.0009785188
0.0029582753
0.0038395524
0.0035270498
0.0025070380
0.0015328569
0.0011844779
0.0013852166
0.0013664869
0.0001072883
-0.0029314656
-0.0072858782
-0.0116906455
-0.0148196102
-0.0160548873
-0.0156272616
-0.0141984511
-0.0124355363
-0.0108254272
-0.0096793834
-0.0092343618
-0.0095675413
-0.0102772536
-0.0104827734
-0.0093851357
-0.0072055530
-0.0053689617
-0.0052691858
-0.0068333943
-0.0085462274
-0.0090259910
-0.0082270140
-0.0071128872
-0.0064396949
-0.0059873346
-0.0049256429
-0.0026005588
0.0009628390
0.0050556077
0.0087462485
0.0114483144
0.0130805118
0.0138609385
0.0140393001
0.0139473771
0.0140330805
0.0145710901
0.0153727060
0.0160962182
0.0168392555
0.0181834754
0.0204092867
0.0227009132
0.0233965140
0.0211284202
0.0157489981
0.0084128478
0.0010003690
-0.0046829755
-0.0079248513
-0.0095639500
-0.0112299762
-0.0138757101
-0.0168454628
-0.0184441378
-0.0174291832
-0.0138274305
-0.0087481515
-0.0036219070
0.0004445475
0.0028102461
0.0032001233
0.0018523760
-0.0001980021
-0.0014325253
-0.0008328789
0.0013455293
0.0038772842
0.0056779261
0.0064588357
0.0064248725
0.0056433149
0.0040103047
0.0017566706
-0.0002664079
-0.0009851461
0.0001585845
0.0027923755
0.0056143712
0.0069518640
0.0059580001
0.0033883551
0.0010172981
-0.0000677729
-0.0002717814
-0.0005583107
-0.0012144812
-0.0018451810
-0.0020765020
-0.0018076015
-0.0010374755
0.0000436855
0.0009608462
0.0012449117
0.0008792896
0.0002185324
-0.0004371108
-0.0009223977
-0.0011178556
-0.0010275862
-0.0009651793
-0.0012917689
-0.0019711341
-0.0025839516
-0.0028033242
-0.0024898086
-0.0014858849
0.0003797865
0.0029544891
0.0055677473
0.0073910696
0.0081624090
0.0083379773
0.0083697481
0.0080883853
0.0069541021
0.0047595989
0.0020334552
-0.0004062827
-0.0020899892
-0.0030695485
-0.0036867689
-0.0043310890
-0.0050387795
-0.0053164920
-0.0044520512
-0.0020800595
0.0015208674
0.0056686051
0.0095883135
0.0124859463
0.0137814601
0.0135901140
0.0128491771
0.0127264460
0.0136624502
0.0151601117
0.0164128029
0.0168884902
0.0164713428
0.0152966743
0.0136763679
0.0120358420
0.0106163251
0.0091800508
0.0072705405
0.0047968123
0.0022150757
0.0001613195
-0.0009523359
-0.0011925080
-0.0012949333
-0.0023420826
-0.0047953963
-0.0077970466
-0.0098397817
-0.0103008114
-0.0098728995
-0.0094436722
-0.0092970720
-0.0095277558
-0.0104419971
-0.0121206799
-0.0140133736
-0.0154911444
-0.0165075401
-0.0173028608
-0.0176857019
-0.0170432739
-0.0151527597
-0.0126156237
-0.0102183438
-0.0080346703
-0.0054498184
-0.0020711859
0.0016189936
0.0046763908
0.0065640928
0.0074394963
0.0077969392
0.0080118777
0.0081976565
0.0081607086
0.0076391890
0.0067828745
0.0062866433
0.0068630853
0.0084508560
0.0102466617
0.0114393218
0.0118875748
0.0118990081
0.0112716874
0.0089886692
0.0042707183
-0.0020028318
-0.0073449655
-0.0093294600
-0.0073898326
-0.0031708372
0.0008860887
0.0032361829
0.0036867299
0.0028888199
0.0017592511
0.0011026378
0.0013367947
0.0024936498
0.0043154890
0.0062553349
0.0075549157
0.0076559481
0.0065878734
0.0049154807
0.0032723219
0.0019354424
0.0008546159
-0.0001558789
-0.0013071455
-0.0026612866
-0.0040573445
-0.0053235054
-0.0065520877
-0.0080251574
-0.0098394193
-0.0116964011
-0.0129476433
-0.0131250090
-0.0125762852
-0.0121228818
-0.0118944118
-0.0108748078
-0.0079958782
-0.0033962764
0.0017087882
0.0061657529
0.0096356057
0.0123398379
0.0144388559
0.0155524696
0.0148713415
0.0118795586
0.0070635309
0.0018575059
-0.0022025204
-0.0042909386
-0.0045619146
-0.0039475478
-0.0036217842
-0.0042954486
-0.0058495893
-0.0075146243
-0.0083326634
-0.0076419030
-0.0053782844
-0.0021047705
0.0012860189
0.0040225541
0.0057880836
0.0066759101
0.0070234422
0.0071964542
0.0073878844
0.0073823731
0.0066369762
0.0047471281
0.0020742332
-0.0002014386
-0.0011479859
-0.0011106007
-0.0012806139
-0.0023685960
-0.0041756407
-0.0062278281
-0.0081288991
-0.0092113970
-0.0088100083
-0.0071126993
-0.0052388142
-0.0042899292
-0.0044529769
-0.0050619533
-0.0054469826
-0.0056255616
-0.0061655421
-0.0073195491
-0.0085701123
-0.0090451548
-0.0082519421
-0.0064643918
-0.0045254066
-0.0032203035
-0.0024298344
-0.0010100537
0.0021756437
0.0071208619
0.0126257428
0.0171944172
0.0198994120
0.0205522468
0.0194651666
0.0171562609
0.0142888812
0.0116834324
0.0102105153
0.0104138978
0.0118596751
0.0129811204
0.0121302226
0.0089178432
0.0044486510
0.0003546870
-0.0021298891
-0.0025036664
-0.0009536666
0.0017356255
0.0044452636
0.0063290329
0.0072295977
0.0075631393
0.0078247066
0.0081060992
0.0081045300
0.0074734311
0.0061597163
0.0045284713
0.0031305002
0.0023103504
0.0019716609
0.0016884775
0.0010571624
0.0000188473
-0.0010139549
-0.0013306615
-0.0004343917
0.0016382474
0.0045162339
0.0077892669
0.0110281001
0.0137123819
0.0153731228
0.0158535740
0.0154502409
0.0146776936
0.0139397436
0.0132507302
0.0123149480
0.0109156897
0.0093027847
0.0081528859
0.0080949746
0.0092866235
0.0114139681
0.0137699097
0.0153783230
0.0156079167
0.0147166783
0.0136180172
0.0129632363
0.0123465141
0.0105464725
0.0067681564
0.0015582384
-0.0034045052
-0.0064930297
-0.0070651610
-0.0056135797
-0.0034391926
-0.0018704170
-0.0014586663
-0.0019062190
-0.0027201993
-0.0038442425
-0.0057176374
-0.0087469640
-0.0125669813
-0.0157267693
-0.0163635100
-0.0134304902
-0.0075274743
-0.0006435826
0.0050332559
0.0083558983
0.0096079791
0.0099082623
0.0101322395
0.0104182386
0.0104414941
0.0098429369
0.0083093409
0.0055210137
0.0013016810
-0.0038304774
-0.0082341434
-0.0100131337
-0.0086892773
-0.0058844158
-0.0041408061
-0.0048537914
-0.0073304267
-0.0096274576
-0.0101917969
-0.0088178336
-0.0064144770
-0.0042470288
-0.0033031646
-0.0037305804
-0.0045900636
-0.0046256504
-0.0034015670
-0.0015694499
-0.0000961842
0.0006405117
0.0009193104
0.0013579993
0.0025239624
0.0045384057
0.0068479279
0.0084931159
0.0088345366
0.0080499553
0.0068663630
0.0059899801
0.0057293202
0.0059298902
0.0061022915
0.0057123630
0.0045438024
0.0029298969
0.0015462275
0.0008361373
0.0006781126
0.0006158175
0.0005546701
0.0010833744
0.0029424111
0.0062526515
0.0102572872
0.0138134349
0.0160188622
0.0164993654
0.0152101448
0.0122445428
0.0079682672
0.0031696145
-0.0011707656
-0.0042442282
-0.0059464717
-0.0068825213
-0.0076928548
-0.0083878970
-0.0085244375
-0.0078447460
-0.0065299975
-0.0049212355
-0.0032386476
-0.0017190763
-0.0008226106
-0.0009648398
-0.0019605909
-0.0031535536
-0.0039939429
-0.0041805805
-0.0035486958
-0.0023871642
-0.0016119049
-0.0020840730
-0.0036198466
-0.0050507134
-0.0053816161
-0.0047578070
-0.0041937439
-0.0045711000
-0.0058676683
-0.0070680101
-0.0066929980
-0.0038683356
0.0007754572
0.0054622440
0.0087013535
0.0102378885
0.0106969572
0.0106871961
0.0104411852
0.0100275410
0.0096637278
0.0096753968
0.0102628918
0.0113105869
0.0125529319
0.0139009181
0.0155979265
0.0179429345
0.0205986896
0.0223792931
0.0220657766
0.0195699647
0.0161582304
0.0134123496
0.0120590419
0.0117231272
0.0114449342
0.0103065051
0.0079682396
0.0049812090
0.0025913272
0.0020741873
0.0039621034
0.0075966665
0.0115041623
0.0142199889
0.0148734361
0.0133384392
0.0102024895
0.0065888126
0.0036762584
0.0020358038
0.0012317902
0.0001593599
-0.0018885533
-0.0044454646
-0.0060513968
-0.0053809406
-0.0024239767
0.0014627499
0.0048005834
0.0072929028
0.0095331236
0.0115768161
0.0124049888
0.0108611985
0.0066872957
0.0008366564
-0.0050045157
-0.0093073963
-0.0114083294
-0.0115994347
-0.0108314063
-0.0104071497
-0.0114287265
-0.0140609388
-0.0173726801
-0.0198953238
-0.0204693598
-0.0189587460
-0.0164484520
-0.0146287977
-0.0147466353
-0.0169986654
-0.0206076061
-0.0242266001
-0.0263524699
-0.0258158186
-0.0222507576
-0.0162521792
-0.0091478771
-0.0024958379
0.0026507370
0.0062773306
0.0091908785
0.0122818486
0.0159314928
0.0196712932
0.0223531075
0.0231154407
0.0221911015
0.0207167931
0.0199231518
0.0206301492
0.0232512645
0.0276738625
0.0328351762
0.0368051616
0.0378816595
0.0358828901
0.0320823605
0.0278819095
0.0238675335
0.0202616782
0.0175682649
0.0162912960
0.0162090972
0.0162571342
0.0153335026
0.0132189044
0.0106575563
0.0085540764
0.0071952313
0.0061784619
0.0049909770
0.0035738321
0.0023509950
0.0017866497
0.0018615093
0.0019546741
0.0015185538
0.0007364493
0.0002800388
0.0003705342
0.0003734963
-0.0005791438
-0.0027026746
-0.0054201556
-0.0078533593
-0.0092640868
-0.0093387546
-0.0084119580
-0.0073557880
-0.0069223860
-0.0072571664
-0.0079802678
-0.0086771871
-0.0091551815
-0.0092406956
-0.0087766188
-0.0078683329
-0.0070627207
-0.0070485648
-0.0081715376
-0.0104610229
-0.0138107150
-0.0179206557
-0.0221794175
-0.0259488279
-0.0290293766
-0.0317211980
-0.0342315032
-0.0361047376
-0.0364216291
-0.0343956282
-0.0297614850
-0.0229410698
-0.0152317351
-0.0085046472
-0.0039628066
-0.0013624360
0.0004392995
0.0023354477
0.0043568772
0.0059475440
0.0066379689
0.0065408071
0.0063365136
0.0068481461
0.0084834593
0.0110399094
0.0139430108
0.0165925611
0.0182502204
0.0180946789
0.0158528045
0.0123076750
0.0088410939
0.0064532272
0.0052449690
0.0046206950
0.0037958538
0.0023611284
0.0005257164
-0.0014368910
-0.0038174439
-0.0070733954
-0.0108513913
-0.0137378916
-0.0141618119
-0.0115507621
-0.0065221749
-0.0003121467
0.0059905456
0.0117877975
0.0167554934
0.0205730826
0.0230123282
0.0243431235
0.0251264480
0.0255377430
0.0252968567
0.0242815010
0.0227899196
0.0210823194
0.0191009136
0.0169369638
0.0150936673
0.0139827793
0.0133339587
0.0125198006
0.0113916092
0.0105416241
0.0106960222
0.0117212760
0.0123474880
0.0110063982
0.0072284600
0.0022640155
-0.0018176055
-0.0037648236
-0.0038781638
-0.0034761449
-0.0036893756
-0.0047687032
-0.0063301804
-0.0078567943
-0.0089972526
-0.0097780343
-0.0107411502
-0.0125190391
-0.0150353840
-0.0171282363
-0.0172720589
-0.0147202922
-0.0101444122
-0.0051033734
-0.0008708293
0.0021901024
0.0043337893
0.0058456839
0.0066670558
0.0063734804
0.0045955908
0.0017057482
-0.0010899330
-0.0026572247
-0.0028678865
-0.0025322886
-0.0023119800
-0.0019013470
-0.0003685491
0.0026038896
0.0061535716
0.0089786961
0.0105128679
0.0110819813
0.0109461192
0.0097137571
0.0070042384
0.0033072939
-0.0001601128
-0.0024338141
-0.0034722815
-0.0040524179
-0.0051944943
-0.0074322844
-0.0105376847
-0.0138914386
-0.0169502444
-0.0193341503
-0.0207570515
-0.0210662425
-0.0204573235
-0.0197076239
-0.0198643095
-0.0213554035
-0.0235413806
-0.0251173923
-0.0250704716
-0.0233633575
-0.0209235610
-0.0187247072
-0.0169553718
-0.0152386175
-0.0134480031
-0.0120002508
-0.0112936715
-0.0110483328
-0.0103570064
-0.0083409290
-0.0047729449
-0.0001694866
0.0045883644
0.0085674202
0.0110385029
0.0116069739
0.0103725478
0.0077776781
0.0044511837
0.0011880973
-0.0010306500
-0.0013725562
0.0002043286
0.0024514144
0.0032995637
0.0012949219
-0.0032386088
-0.0084039709
-0.0122297305
-0.0140076720
-0.0142349639
-0.0138099905
-0.0133942221
-0.0131069801
-0.0127288284
-0.0121983707
-0.0116854189
-0.0111132513
-0.0099519915
-0.0078279979
-0.0051873288
-0.0031111051
-0.0022582243
-0.0019938493
-0.0006836802
0.0029855809
0.0088115194
0.0152349113
0.0208467224
0.0254786265
0.0300517195
0.0355458651
0.0419908900
0.0482939428
0.0528561269
0.0546184657
0.0536368980
0.0507171225
0.0469072573
0.0432546347
0.0404480037
0.0382867300
0.0359927173
0.0333466056
0.0310473449
0.0297693305
0.0293361161
0.0290778162
0.0285910905
0.0279086802
0.0271696941
0.0263703412
0.0253452240
0.0237052797
0.0209646506
0.0169258454
0.0119624962
0.0066766767
0.0014798222
-0.0032991249
-0.0070533413
-0.0090846414
-0.0092417000
-0.0080783388
-0.0063492235
-0.0045468364
-0.0028598674
-0.0014249123
-0.0004885409
-0.0004170565
-0.0014621901
-0.0033624912
-0.0051336744
-0.0054962332
-0.0036740718
0.0000903713
0.0047612277
0.0091204246
0.0122828283
0.0138885242
0.0138571756
0.0120701275
0.0082933804
0.0024650663
-0.0047896495
-0.0121361813
-0.0183118523
-0.0229432779
-0.0266708316
-0.0302860443
-0.0338904930
-0.0372655658
-0.0408299902
-0.0454049047
-0.0509156310
-0.0557956756
-0.0581793587
-0.0575256267
-0.0548568193
-0.0516934683
-0.0489096604
-0.0465277743
-0.0442585290
-0.0419841653
-0.0397627080
-0.0374394420
-0.0343963583
-0.0296834868
-0.0228219656
-0.0145059016
-0.0063871349
-0.0000976120
0.0037607086
0.0059516082
0.0081625885
0.0119225498
0.0176130061
0.0243278631
0.0305412886
0.0350787093
0.0378203468
0.0396859306
0.0418816187
0.0450263632
0.0487508134
0.0520272202
0.0540238063
0.0546426575
0.0541344658
0.0524103658
0.0491096077
0.0442568708
0.0383889040
0.0320575960
0.0256168585
0.0194680845
0.0140554328
0.0095661228
0.0059132037
0.0031280555
0.0016191933
0.0017476924
0.0033470347
0.0058180088
0.0085292618
0.0110406422
0.0130499022
0.0142100131
0.0142117216
0.0130786882
0.0112677690
0.0092682660
0.0072211277
0.0049365419
0.0023583219
-0.0001944126
-0.0023041733
-0.0039230614
-0.0054477835
-0.0073050741
-0.0096672818
-0.0126118649
-0.0161045232
-0.0198073502
-0.0228782463
-0.0244158539
-0.0242555549
-0.0230796057
-0.0215860449
-0.0198796669
-0.0177590212
-0.0153016232
-0.0128862322
-0.0106387349
-0.0082487700
-0.0052985939
-0.0019102111
0.0009103261
0.0017598002
0.0000389613
-0.0031975050
-0.0057396948
-0.0057242805
-0.0027814656
0.0019429100
0.0067983116
0.0106916008
0.0132301375
0.0143205149
0.0139025435
0.0121153919
0.0093131927
0.0056791187
0.0010074754
-0.0049212697
-0.0115540322
-0.0175021670
-0.0216737824
-0.0243203536
-0.0265213328
-0.0289041372
-0.0311190488
-0.0324254444
-0.0326566290
-0.0325467828
-0.0331767250
-0.0350717390
-0.0378605429
-0.0406986225
-0.0428810582
-0.0440566609
-0.0437490956
-0.0412237641
-0.0359624177
-0.0282515545
-0.0191837528
-0.0102266895
-0.0026967180
0.0027696854
0.0062610637
0.0080683323
0.0081755785
0.0062684438
0.0023967960
-0.0025674245
-0.0072248178
-0.0103453453
-0.0115786435
-0.0114770096
-0.0109089339
-0.0105492258
-0.0106073488
-0.0109525136
-0.0114952446
-0.0123790564
-0.0135495010
-0.0144653870
-0.0146407097
-0.0144039596
-0.0147734622
-0.0165101990
-0.0194241759
-0.0226887362
-0.0253688555
-0.0265992400
-0.0256441996
-0.0221793757
-0.0164486993
-0.0093042002
-0.0020410440
0.0039979201
0.0080358417
0.0104080090
0.0124616985
0.0155607324
0.0197496400
0.0234746493
0.0249012552
0.0235930150
0.0209263179
0.0190346898
0.0192563252
0.0213370273
0.0239702137
0.0261149854
0.0278834622
0.0301641788
0.0334373150
0.0371508431
0.0403428663
0.0425948508
0.0440533379
0.0448010621
0.0446888826
0.0438574775
0.0429713482
0.0426592161
0.0429292219
0.0433595159
0.0436282916
0.0435390783
0.0426537768
0.0404528413
0.0369103179
0.0324094215
0.0271443482
0.0211677895
0.0148959825
0.0088793201
0.0032623560
-0.0021891906
-0.0074616604
-0.0118386431
-0.0143582742
-0.0145846820
-0.0130493243
-0.0110818567
-0.0102011922
-0.0113076201
-0.0140291563
-0.0169495323
-0.0186564940
-0.0185641933
-0.0167722927
-0.0136859472
-0.0099098550
-0.0061127495
-0.0025619879
0.0010197664
0.0051062622
0.0095759767
0.0134053758
0.0155029513
0.0158341520
0.0157998169
0.0172919191
0.0211772542
0.0264378358
0.0309884811
0.0334789375
0.0340631587
0.0335390670
0.0323088551
0.0304386301
0.0282713170
0.0266583007
0.0264567003
0.0278218222
0.0296805038
0.0303846253
0.0291900185
0.0270397443
0.0256073459
0.0258185491
0.0273687104
0.0292373773
0.0304518638
0.0305042919
0.0295272662
0.0281823057
0.0271753145
0.0265731480
0.0257332767
0.0240598758
0.0216883835
0.0193603028
0.0176508583
0.0165441874
0.0155946994
0.0144101514
0.0128818385
0.0110672673
0.0088090565
0.0056054767
0.0008994784
-0.0053017321
-0.0119813463
-0.0175813670
-0.0211812579
-0.0231210079
-0.0244413277
-0.0259811552
-0.0280692870
-0.0307300701
-0.0338730207
-0.0372582730
-0.0403289722
-0.0421501732
-0.0418252099
-0.0391387120
-0.0347939279
-0.0298655228
-0.0249001995
-0.0197362702
-0.0143527982
-0.0097055995
-0.0072941620
-0.0079940340
-0.0113625650
-0.0161284924
-0.0212751294
-0.0264646071
-0.0315967880
-0.0363192932
-0.0403001341
-0.0435395244
-0.0462790850
-0.0485715730
-0.0500737844
-0.0502279390
-0.0488014242
-0.0462754761
-0.0437123761
-0.0422035766
-0.0422573692
-0.0434896156
-0.0449231486
-0.0453899786
-0.0438376242
-0.0398385002
-0.0341102932
-0.0281954679
-0.0232867508
-0.0195075202
-0.0162475971
-0.0129354884
-0.0093098801
-0.0053436260
-0.0011572888
0.0027186813
0.0053196680
0.0058090515
0.0043802557
0.0023827415
0.0015183838
0.0027681415
0.0057938359
0.0092303413
0.0115553761
0.0119497634
0.0106942233
0.0089068982
0.0075938776
0.0068987094
0.0063879276
0.0059990790
0.0061878569
0.0069662192
0.0074152782
0.0065314501
0.0042964849
0.0016683791
-0.0004658811
-0.0018513349
-0.0026688723
-0.0031202353
-0.0033432017
-0.0034233049
-0.0033016643
-0.0026946885
-0.0012702655
0.0010819343
0.0042557168
0.0080396824
0.0120982756
0.0159277805
0.0190443478
0.0212598748
0.0225315702
0.0223977457
0.0198294292
0.0140072416
0.0054315633
-0.0039829852
-0.0121115057
-0.0177396531
-0.0208949301
-0.0223689638
-0.0229072784
-0.0226491342
-0.0214366446
-0.0196590500
-0.0184017944
-0.0184847822
-0.0196039169
-0.0206988701
-0.0209959232
-0.0205462057
-0.0197753021
-0.0189396027
-0.0181504716
-0.0175002394
-0.0168254173
-0.0155868311
-0.0133336767
-0.0102069968
-0.0067555948
-0.0033933864
-0.0002756256
0.0024000707
0.0043533049
0.0055083033
0.0061969887
0.0069286757
0.0079379784
0.0090258851
0.0098642045
0.0103168470
0.0104870552
0.0105701244
0.0107910271
0.0111416553
0.0109999228
0.0093078372
0.0051883489
-0.0016155020
-0.0106121137
-0.0206209746
-0.0302826835
-0.0387051166
-0.0457062378
-0.0515718352
-0.0566025123
-0.0609858415
-0.0650308236
-0.0690916128
-0.0731680000
-0.0766776750
-0.0787036316
-0.0785103134
-0.0757322514
-0.0703266780
-0.0626572501
-0.0536167279
-0.0441761024
-0.0347950707
-0.0254684610
-0.0162304121
-0.0072919646
0.0015043395
0.0109071319
0.0214105986
0.0321732895
0.0413916126
0.0478375683
0.0518648657
0.0548076263
0.0575834468
0.0601423642
0.0621846857
0.0639899710
0.0661447155
0.0686433522
0.0708656731
0.0724892959
0.0739197974
0.0756665032
0.0776944665
0.0794918980
0.0804480075
0.0802530863
0.0791119513
0.0775563500
0.0759135215
0.0740463083
0.0716459900
0.0687229935
0.0656916585
0.0630241509
0.0610161967
0.0598179860
0.0594769823
0.0598526723
0.0605752727
0.0613130388
0.0619710917
0.0626849379
0.0635638239
0.0644880944
0.0651040959
0.0651096804
0.0645150878
0.0635940845
0.0626122230
0.0616736844
0.0607531416
0.0595314113
0.0573049721
0.0533338358
0.0474250378
0.0401240185
0.0324211940
0.0252816635
0.0192059099
0.0141770928
0.0098355343
0.0057400826
0.0015735783
-0.0024268408
-0.0053029424
-0.0058582090
-0.0036918199
0.0000361785
0.0032654117
0.0047882244
0.0050996475
0.0054914782
0.0067703644
0.0087354086
0.0104661990
0.0111289831
0.0108408792
0.0106441966
0.0113434122
0.0124598461
0.0126852363
0.0114244412
0.0095901236
0.0085792787
0.0085552966
0.0081086467
0.0058953529
0.0021604851
-0.0016539548
-0.0046636916
-0.0076012588
-0.0119199918
-0.0181856993
-0.0255330507
-0.0325745229
-0.0385149963
-0.0433232634
-0.0471652320
-0.0500806901
-0.0520772338
-0.0532523301
-0.0537305067
-0.0535040079
-0.0524368970
-0.0506937250
-0.0489885361
-0.0481903331
-0.0484602707
-0.0490773334
-0.0492598462
-0.0492259185
-0.0498894055
-0.0516422173
-0.0539985816
-0.0562840987
-0.0583559218
-0.0605249112
-0.0629939706
-0.0654799115
-0.0671921313
-0.0673698400
-0.0659538282
-0.0637708614
-0.0619253298
-0.0608631323
-0.0601688831
-0.0593201825
-0.0584555766
-0.0581867104
-0.0587343898
-0.0595170053
-0.0594270295
-0.0575220296
-0.0534407593
-0.0475088453
-0.0406342433
-0.0339055052
-0.0280744081
-0.0232807817
-0.0190984842
-0.0148322559
-0.0097572592
-0.0036068557
0.0029581006
0.0087472544
0.0129800805
0.0158420395
0.0181068450
0.0203912212
0.0227811732
0.0249226961
0.0264748388
0.0273080292
0.0272063124
0.0255700308
0.0218060533
0.0158921332
0.0085094749
0.0008471020
-0.0061048762
-0.0121527363
-0.0178409279
-0.0236708166
-0.0292356603
-0.0335115491
-0.0358075413
-0.0363052810
-0.0356268318
-0.0340886756
-0.0314898315
-0.0275213646
-0.0221858703
-0.0158354126
-0.0091658535
-0.0030258045
0.0020383475
0.0061058384
0.0096207330
0.0130412430
0.0166803638
0.0204698596
0.0236384494
0.0250024973
0.0240378751
0.0217217861
0.0199819492
0.0199837821
0.0213333919
0.0228231510
0.0235448308
0.0230540666
0.0211166091
0.0178371143
0.0139174578
0.0104383014
0.0080243238
0.0064311774
0.0050399388
0.0036724359
0.0027894755
0.0030280515
0.0046637265
0.0075570264
0.0112600197
0.0151299137
0.0187669813
0.0224405111
0.0268424939
0.0323284789
0.0384830486
0.0444509732
0.0495040817
0.0532554621
0.0554886603
0.0561507486
0.0555090257
0.0540115519
0.0520514214
0.0495333959
0.0454270910
0.0379030343
0.0252410094
0.0065736920
-0.0178132049
-0.0465472378
-0.0778159747
-0.1096326598
-0.1399466141
-0.1664099271
-0.1853467013
-0.1919981253
-0.1849819095
-0.1708975191
-0.1612243229
-0.1590855660
-0.1511785153
-0.1435509559
-0.1293603230
-0.1364916819
-0.1749846764
-0.1487717310
-0.1622380112
-0.1263972448
-0.1001575521
-0.1206213661
-0.0842482035
-0.0738490805
-0.0597325868
-0.0588920760
-0.0724148266
-0.0826244300
-0.0905784231
-0.0959725744
-0.0983183243
-0.0952651428
-0.0858717648
-0.0722468616
-0.0577738946
-0.0448791654
-0.0341673132
-0.0247361695
-0.0151082161
-0.0043511090
0.0072803244
0.0189251073
0.0302178088
0.0416094523
0.0534675268
0.0652781398
0.0759958571
0.0850747611
0.0932220910
0.1020441568
0.1127596038
0.1250365155
0.1369845592
0.1460511147
0.1504625254
0.1502370842
0.1472013320
0.1439695859
0.1426463141
0.1444213236
0.1496013154
0.1573784321
0.1656061245
0.1713443926
0.1724679444
0.1689025291
0.1623572245
0.1551413787
0.1490762278
0.1450828578
0.1430614246
0.1421193924
0.1408665014
0.1377098606
0.1314316303
0.1218864237
0.1101295358
0.0978051610
0.0863691880
0.0764293938
0.0676580394
0.0593869669
0.0512164018
0.0430006885
0.0344656016
0.0254077793
0.0161358467
0.0074635572
0.0000225946
-0.0062979064
-0.0121334931
-0.0178226931
-0.0231443493
-0.0278108829
-0.0318400476
-0.0352708763
-0.0379183889
-0.0395544637
-0.0401957113
-0.0401653772
-0.0399336349
-0.0398988154
-0.0402830342
-0.0411986671
-0.0425556644
-0.0439438571
-0.0447845131
-0.0447041252
-0.0436440076
-0.0415298862
-0.0379119673
-0.0320318393
-0.0235384246
-0.0130617144
-0.0020922742
0.0079109542
0.0164565658
0.0242748423
0.0327157620
0.0426351644
0.0537746039
0.0651138509
0.0754285012
0.0837698744
0.0899421207
0.0944996169
0.0981546266
0.1010092667
0.1023652043
0.1014595708
0.0981938578
0.0930273801
0.0863410969
0.0782985148
0.0691540008
0.0593574905
0.0493721555
0.0397347512
0.0311465440
0.0240919187
0.0184421401
0.0137303306
0.0096318186
0.0059939373
0.0025906172
-0.0008109679
-0.0042724670
-0.0077120991
-0.0111913930
-0.0149278485
-0.0190028509
-0.0231428433
-0.0268965770
-0.0300669452
-0.0327998017
-0.0352936170
-0.0376631636
-0.0399939092
-0.0422807601
-0.0441976344
-0.0451616023
-0.0448410617
-0.0437256162
-0.0430133119
-0.0436824488
-0.0456323654
-0.0478403639
-0.0493099203
-0.0497568631
-0.0495280345
-0.0492347551
-0.0493012091
-0.0497261119
-0.0505116374
-0.0519871463
-0.0545464125
-0.0582879043
-0.0630148129
-0.0684058281
-0.0740417151
-0.0792998307
-0.0836005484
-0.0868243341
-0.0893818087
-0.0918728608
-0.0943126826
-0.0960770494
-0.0967918374
-0.0970780547
-0.0982719150
-0.1012957798
-0.1057481227
-0.1101476546
-0.1132092638
-0.1149161238
-0.1163198631
-0.1185051721
-0.1218261008
-0.1260683494
-0.1309183487
-0.1360524906
-0.1409083731
-0.1448703727
-0.1477190521
-0.1497954006
-0.1515371113
-0.1529094730
-0.1532267850
-0.1514239683
-0.1464565368
-0.1374872273
-0.1243187701
-0.1080938865
-0.0909233691
-0.0747490224
-0.0604915745
-0.0481742785
-0.0380698325
-0.0310554418
-0.0278713477
-0.0281060945
-0.0303245934
-0.0330677216
-0.0355699745
-0.0378102081
-0.0401329901
-0.0427364953
-0.0455204744
-0.0485007313
-0.0522661613
-0.0574559415
-0.0635680335
-0.0689374438
-0.0720888994
-0.0728206346
-0.0719005541
-0.0699925814
-0.0672321105
-0.0638072564
-0.0602968881
-0.0570334856
-0.0533351452
-0.0480292616
-0.0407190251
-0.0323754319
-0.0248041420
-0.0193734267
-0.0160299370
-0.0133955931
-0.0097067164
-0.0038524370
0.0043819046
0.0151108755
0.0291307188
0.0472092862
0.0681979212
0.0881850635
0.1023775621
0.1085585914
0.1091315432
0.1099868973
0.1170861995
0.1330347194
0.1547340437
0.1747014475
0.1855929873
0.1838594934
0.1863411475
0.1880473781
0.1985209335
0.2217623638
0.1964916567
0.2117182523
0.1913841188
0.1740712970
0.1963005115
0.1759987331
0.1950496398
0.1908446227
0.1722705040
0.1538260405
0.1180990138
0.0946885451
0.0771487282
0.0652719696
0.0562727167
0.0459520013
0.0357431391
0.0269951192
0.0205728581
0.0163324172
0.0139113201
0.0131351486
0.0135226465
0.0140439822
0.0134499641
0.0107530198
0.0053073620
-0.0034253706
-0.0159924137
-0.0325998705
-0.0523159414
-0.0728863321
-0.0917070541
-0.1073447334
-0.1201323293
-0.1311652122
-0.1406080474
-0.1465697813
-0.1454991227
-0.1339901503
-0.1109744681
-0.0788989211
-0.0432249844
-0.0102733812
0.0155494228
0.0332223459
0.0446701636
0.0528601832
0.0599250254
0.0662617430
0.0709814745
0.0731240593
0.0726593071
0.0704991877
0.0677574323
0.0649079556
0.0616705640
0.0576879245
0.0530250682
0.0478709259
0.0418060879
0.0337134306
0.0228113385
0.0096813347
-0.0038546951
-0.0159186004
-0.0257234627
-0.0334012878
-0.0390916191
-0.0426641018
-0.0442897924
-0.0448688453
-0.0456977453
-0.0476395489
-0.0506315925
-0.0538478471
-0.0563281515
-0.0575453429
-0.0576465719
-0.0572993962
-0.0572362773
-0.0578438061
-0.0590969980
-0.0606905041
-0.0624127972
-0.0643731283
-0.0667723130
-0.0694799118
-0.0720383515
-0.0738892746
-0.0744398729
-0.0732072085
-0.0703231741
-0.0668959448
-0.0644569028
-0.0637575297
-0.0642346520
-0.0646469322
-0.0643235413
-0.0637707078
-0.0640386431
-0.0657522468
-0.0687719666
-0.0725852091
-0.0766308747
-0.0803641384
-0.0833835546
-0.0856371517
-0.0871382375
-0.0875704209
-0.0863889174
-0.0832108126
-0.0779080739
-0.0706096352
-0.0617713784
-0.0520482401
-0.0419741357
-0.0317440244
-0.0211774857
-0.0098883942
0.0024706469
0.0159459631
0.0301510946
0.0446716520
0.0596620289
0.0755389551
0.0921366221
0.1084744311
0.1235234840
0.1367231284
0.1478664310
0.1571247332
0.1651706574
0.1727046627
0.1795545473
0.1843449051
0.1853663060
0.1817581738
0.1738170437
0.1622632557
0.1474731434
0.1293405281
0.1077971122
0.0833176411
0.0568103743
0.0295793100
0.0035117213
-0.0191315755
-0.0366748066
-0.0490847168
-0.0578146244
-0.0645746660
-0.0702316736
-0.0747005539
-0.0775187131
-0.0784318748
-0.0775816191
-0.0752914017
-0.0718126914
-0.0673332732
-0.0621703064
-0.0568001647
-0.0515703723
-0.0464973090
-0.0413942250
-0.0361404482
-0.0307302294
-0.0253374494
-0.0203800201
-0.0162108490
-0.0127073903
-0.0093863921
-0.0059711595
-0.0028803100
-0.0011473058
-0.0017744978
-0.0050235129
-0.0102073067
-0.0162275966
-0.0222941110
-0.0280442569
-0.0332745913
-0.0378445131
-0.0417344860
-0.0448540145
-0.0470305242
-0.0483760619
-0.0495017082
-0.0508167171
-0.0518720761
-0.0517320197
-0.0499551921
-0.0467930009
-0.0425795288
-0.0373388569
-0.0310416385
-0.0238841690
-0.0162674821
-0.0086858464
-0.0015482347
0.0049957503
0.0112602542
0.0177624315
0.0245031098
0.0308773294
0.0363428674
0.0409852257
0.0452813035
0.0494258579
0.0531296127
0.0560205043
0.0580990918
0.0597128322
0.0612748568
0.0631396638
0.0655638986
0.0685223700
0.0715899597
0.0742543730
0.0762226304
0.0774252062
0.0779876607
0.0780699035
0.0777560940
0.0768993413
0.0750078969
0.0716627598
0.0671209998
0.0624182621
0.0587961523
0.0567364900
0.0557177377
0.0549121154
0.0538411760
0.0522984741
0.0500520547
0.0470432313
0.0438125080
0.0412661926
0.0398222626
0.0388431815
0.0370724358
0.0337074791
0.0289673573
0.0238186223
0.0193942945
0.0165370130
0.0154583890
0.0155270439
0.0155088518
0.0143935570
0.0120751365
0.0093515313
0.0072700493
0.0063881044
0.0064787066
0.0069226276
0.0074301068
0.0082217529
0.0094521519
0.0106784822
0.0112653104
0.0109498268
0.0097471102
0.0074106268
0.0034083778
-0.0023869349
-0.0092547347
-0.0162470820
-0.0230395216
-0.0298599416
-0.0367201515
-0.0432417418
-0.0490262114
-0.0539958895
-0.0583286047
-0.0622263227
-0.0656403307
-0.0681228968
-0.0690025906
-0.0679355611
-0.0653658558
-0.0620806109
-0.0583183243
-0.0537003179
-0.0483028999
-0.0436241709
-0.0418162819
-0.0440435974
-0.0496041878
-0.0563348441
-0.0618974824
-0.0650012048
-0.0660296173
-0.0666712382
-0.0684647331
-0.0716289550
-0.0751360137
-0.0778556525
-0.0795162620
-0.0806521985
-0.0818554621
-0.0831596732
-0.0840191089
-0.0838859410
-0.0826577960
-0.0808710035
-0.0796058646
-0.0799267792
-0.0820264392
-0.0848176386
-0.0865774248
-0.0861005401
-0.0833014265
-0.0788910442
-0.0737333249
-0.0684647941
-0.0635247096
-0.0592478736
-0.0557381371
-0.0528673591
-0.0505940169
-0.0490361873
-0.0482530555
-0.0479363539
-0.0474184844
-0.0460868285
-0.0439002872
-0.0413962602
-0.0391801038
-0.0373101679
-0.0352461612
-0.0324369850
-0.0288047706
-0.0246359354
-0.0202289427
-0.0159619618
-0.0125555039
-0.0108572452
-0.0110488070
-0.0122770212
-0.0131456004
-0.0126418184
-0.0107656953
-0.0083308002
-0.0061548656
-0.0044457550
-0.0029446012
-0.0014816522
-0.0000434266
0.0014836532
0.0033212459
0.0055443549
0.0078439825
0.0096501832
0.0107237567
0.0117420225
0.0140026675
0.0183136561
0.0242410944
0.0306013299
0.0364781037
0.0413959080
0.0449652097
0.0470182216
0.0480302969
0.0487847625
0.0495984945
0.0503336957
0.0510096988
0.0520537582
0.0539451003
0.0569223615
0.0608456603
0.0651352392
0.0691101035
0.0726102075
0.0760934316
0.0798315558
0.0832889420
0.0856791958
0.0869260200
0.0877114071
0.0886893204
0.0900372188
0.0916572645
0.0935560258
0.0957145097
0.0977109806
0.0986828596
0.0980201737
0.0960249534
0.0936427299
0.0918299479
0.0910531544
0.0909430123
0.0900705642
0.0863789906
0.0783487261
0.0660303727
0.0511409864
0.0362957795
0.0236597547
0.0137686688
0.0055037158
-0.0024935787
-0.0103850316
-0.0171991662
-0.0220225057
-0.0249700964
-0.0267874695
-0.0277201131
-0.0274897947
-0.0262949733
-0.0249546526
-0.0237157374
-0.0215300300
-0.0173925039
-0.0118883873
-0.0068045655
-0.0034809770
-0.0020116468
-0.0016851892
-0.0017036878
-0.0017352518
-0.0021946363
-0.0040299109
-0.0079806010
-0.0138189754
-0.0204456958
-0.0267701710
-0.0324155655
-0.0376431488
-0.0428527502
-0.0482102737
-0.0534857015
-0.0581752436
-0.0618264947
-0.0644322781
-0.0664181930
-0.0682678637
-0.0699555507
-0.0708082816
-0.0700453813
-0.0673990596
-0.0632832857
-0.0583634050
-0.0529713160
-0.0470512240
-0.0404814511
-0.0333706107
-0.0260211772
-0.0188922245
-0.0126018429
-0.0078059108
-0.0049388470
-0.0038554142
-0.0036927199
-0.0033292618
-0.0021491918
-0.0003792994
0.0014192218
0.0028594509
0.0035479383
0.0028055043
-0.0000191319
-0.0049271787
-0.0112003103
-0.0178551195
-0.0241442439
-0.0297824544
-0.0347928659
-0.0392148876
-0.0429835909
-0.0458450342
-0.0474647088
-0.0478701412
-0.0476831499
-0.0476527862
-0.0477480782
-0.0470714416
-0.0449091608
-0.0415958366
-0.0381209809
-0.0349627390
-0.0316837258
-0.0276349427
-0.0226964799
-0.0172120978
-0.0116296088
-0.0065269563
-0.0024587432
0.0004835604
0.0027725430
0.0048232005
0.0064910260
0.0074953344
0.0080046167
0.0085027957
0.0093380535
0.0104063124
0.0109932442
0.0100831172
0.0072762321
0.0035613146
0.0009877566
0.0012137266
0.0042489711
0.0085184752
0.0121649512
0.0142382396
0.0146040876
0.0131502540
0.0098130563
0.0052847717
0.0009970855
-0.0017582185
-0.0026444459
-0.0022250128
-0.0013516835
-0.0008023421
-0.0012764996
-0.0033044293
-0.0068527921
-0.0110413870
-0.0145026667
-0.0161431345
-0.0157145160
-0.0137967898
-0.0112767446
-0.0086985518
-0.0059959137
-0.0029264136
0.0003099692
0.0031308431
0.0054340859
0.0080437511
0.0118482195
0.0165391369
0.0207905335
0.0236563438
0.0253126471
0.0266386167
0.0284281559
0.0308484874
0.0333515063
0.0350020029
0.0349175110
0.0327384972
0.0287254698
0.0233992860
0.0171278815
0.0101667794
0.0031293777
-0.0028726818
-0.0070105920
-0.0094546570
-0.0110625738
-0.0125616564
-0.0141159794
-0.0155849425
-0.0168610146
-0.0179997144
-0.0190653575
-0.0200747287
-0.0210429582
-0.0218318418
-0.0222510559
-0.0226418123
-0.0238806069
-0.0263186871
-0.0291857320
-0.0313801986
-0.0325277846
-0.0332035849
-0.0342150744
-0.0357865801
-0.0373841079
-0.0381263604
-0.0376671400
-0.0365810687
-0.0357649493
-0.0356149367
-0.0359625994
-0.0365574114
-0.0373554860
-0.0383537416
-0.0394250383
-0.0404278711
-0.0413747057
-0.0424953959
-0.0440785584
-0.0460874125
-0.0480706518
-0.0494357018
-0.0498128890
-0.0493064430
-0.0485518506
-0.0482306650
-0.0486909929
-0.0500508811
-0.0521957075
-0.0546519069
-0.0566765614
-0.0577026117
-0.0576579172
-0.0571207486
-0.0571222917
-0.0583450927
-0.0604419904
-0.0623193355
-0.0629775498
-0.0621556189
-0.0604146725
-0.0585892153
-0.0567946956
-0.0538780700
-0.0484026246
-0.0401596396
-0.0306299155
-0.0219948611
-0.0156280200
-0.0113914676
-0.0082202421
-0.0050581072
-0.0013482630
0.0030880305
0.0083215594
0.0141113062
0.0198671096
0.0250974524
0.0297925328
0.0342807886
0.0388672142
0.0435378550
0.0479464162
0.0515989290
0.0540928507
0.0553526597
0.0557394863
0.0559357675
0.0564127191
0.0569141892
0.0566018159
0.0548631081
0.0518564517
0.0482713726
0.0447910071
0.0416814904
0.0388521536
0.0363370286
0.0345768434
0.0340898423
0.0348153399
0.0360761279
0.0372281965
0.0380918351
0.0388034560
0.0395566164
0.0406284936
0.0423025009
0.0445742113
0.0470372041
0.0492773899
0.0511734214
0.0528804071
0.0546158898
0.0563550554
0.0578351142
0.0587833719
0.0590656253
0.0586988307
0.0576713723
0.0556516045
0.0519609456
0.0459659164
0.0377258190
0.0281534487
0.0186017862
0.0102747302
0.0037537554
-0.0014273198
-0.0064131072
-0.0118515301
-0.0171077815
-0.0210577638
-0.0237479393
-0.0266690157
-0.0310481779
-0.0364066922
-0.0410909261
-0.0439375554
-0.0452166771
-0.0460085091
-0.0469699440
-0.0478508251
-0.0480091304
-0.0469346055
-0.0443132412
-0.0402090538
-0.0352571369
-0.0302267185
-0.0255271307
-0.0211541525
-0.0169633693
-0.0126742839
-0.0078858876
-0.0024503030
0.0032397708
0.0084597078
0.0126588524
0.0156690419
0.0175985341
0.0186443079
0.0190436775
0.0191136055
0.0191273720
0.0192811134
0.0197102008
0.0203452870
0.0206250832
0.0194793613
0.0160039307
0.0103658088
0.0039389103
-0.0017079760
-0.0059019902
-0.0091230754
-0.0122040871
-0.0155864476
-0.0192242498
-0.0229552065
-0.0266771647
-0.0303209509
-0.0338529995
-0.0371246438
-0.0397230242
-0.0411800859
-0.0413394346
-0.0405377351
-0.0393530822
-0.0381812399
-0.0369713435
-0.0353699623
-0.0330467316
-0.0298703995
-0.0257609068
-0.0206754583
-0.0148674668
-0.0089518557
-0.0034590638
0.0012664004
0.0048892455
0.0072330216
0.0086607264
0.0099133671
0.0115602675
0.0136486564
0.0158517160
0.0178057625
0.0194755581
0.0212382195
0.0234896399
0.0261020122
0.0282367713
0.0290678991
0.0287786712
0.0284524308
0.0288765328
0.0298702901
0.0309293335
0.0320479641
0.0336170855
0.0356246394
0.0373477264
0.0378686004
0.0367304524
0.0341406253
0.0304931669
0.0257487346
0.0192945767
0.0106344053
0.0002961910
-0.0101190308
-0.0189798203
-0.0257480876
-0.0311777654
-0.0364570096
-0.0420080964
-0.0471223868
-0.0507834889
-0.0528379885
-0.0540723617
-0.0553975368
-0.0573426733
-0.0600115334
-0.0629793101
-0.0654153066
-0.0666120356
-0.0663911179
-0.0651213307
-0.0634720129
-0.0620764121
-0.0610897364
-0.0600229949
-0.0582307607
-0.0555955246
-0.0523839185
-0.0485682963
-0.0437396727
-0.0376792849
-0.0308225192
-0.0241410235
-0.0186229129
-0.0147386928
-0.0122686705
-0.0106161431
-0.0092845075
-0.0080133966
-0.0066549631
-0.0049672920
-0.0028036907
-0.0004011798
0.0018651413
0.0040381702
0.0067195484
0.0105559463
0.0156116485
0.0211875742
0.0261248984
0.0295993261
0.0317176521
0.0332825181
0.0351905967
0.0377989424
0.0406600849
0.0427803119
0.0434235204
0.0428838075
0.0423822512
0.0430517241
0.0447377458
0.0457504353
0.0440799787
0.0390943602
0.0321801777
0.0257453255
0.0216158877
0.0200887592
0.0201836323
0.0206946017
0.0210545691
0.0213966405
0.0220398415
0.0230194051
0.0240717748
0.0247209466
0.0245956634
0.0239458370
0.0236630942
0.0246849454
0.0272925896
0.0308357347
0.0341436534
0.0364319703
0.0378323969
0.0389299096
0.0400116657
0.0408550023
0.0412059508
0.0413807867
0.0420291025
0.0432946528
0.0444128199
0.0444196798
0.0432568877
0.0419552210
0.0414591914
0.0414805650
0.0410911689
0.0403410905
0.0407066599
0.0435586700
0.0485436212
0.0536468472
0.0566875107
0.0567786490
0.0546523635
0.0519499257
0.0502733458
0.0502962894
0.0514539517
0.0526577482
0.0532281070
0.0530785970
0.0524537977
0.0517466527
0.0513159469
0.0511900823
0.0511511155
0.0511583281
0.0514235344
0.0521184483
0.0533723496
0.0554526831
0.0585870699
0.0626632350
0.0671576241
0.0712215694
0.0739568839
0.0747514188
0.0734346072
0.0701461229
0.0652465623
0.0594003998
0.0536174785
0.0488982076
0.0456717600
0.0435065857
0.0415018369
0.0389549531
0.0355872738
0.0315129852
0.0272755050
0.0237388031
0.0215676753
0.0207693391
0.0208015311
0.0211631782
0.0217568566
0.0226927436
0.0238501077
0.0248561507
0.0253874246
0.0254813937
0.0253758004
0.0251331845
0.0246717542
0.0239722876
0.0232336170
0.0227799685
0.0228984625
0.0236917279
0.0250229217
0.0265501039
0.0277319495
0.0279307486
0.0268308332
0.0248575375
0.0229891741
0.0220976872
0.0222466015
0.0226170193
0.0222568897
0.0210186532
0.0197388448
0.0195240895
0.0208271147
0.0230441960
0.0249812403
0.0259553046
0.0263633467
0.0269272500
0.0276385371
0.0277705423
0.0268068599
0.0248713387
0.0222803799
0.0189671937
0.0146278894
0.0091523367
0.0026599489
-0.0044391606
-0.0112243618
-0.0166702015
-0.0205984766
-0.0239693346
-0.0278538450
-0.0324608696
-0.0371210810
-0.0408984379
-0.0432880978
-0.0443466734
-0.0446029480
-0.0447268243
-0.0450849526
-0.0456045126
-0.0462079336
-0.0468479509
-0.0473790270
-0.0477375744
-0.0481762608
-0.0490050549
-0.0499645795
-0.0502630583
-0.0491272093
-0.0462060657
-0.0417024046
-0.0364222466
-0.0315596215
-0.0281300023
-0.0264513356
-0.0260257588
-0.0259443402
-0.0255393350
-0.0247368584
-0.0238799733
-0.0233276887
-0.0231347191
-0.0229071558
-0.0219509108
-0.0197047121
-0.0162248851
-0.0123393105
-0.0092792992
-0.0077401255
-0.0071063403
-0.0059827893
-0.0034879285
0.0003068867
0.0050131698
0.0103946959
0.0161120255
0.0213725276
0.0254238283
0.0283008610
0.0307536977
0.0333664236
0.0360213747
0.0380711642
0.0389468481
0.0386604894
0.0375993949
0.0360303332
0.0340003776
0.0316311161
0.0293580759
0.0277847187
0.0272522790
0.0276260344
0.0283945486
0.0288706064
0.0284865861
0.0270647773
0.0249760688
0.0229619641
0.0214583015
0.0202078727
0.0186722454
0.0167142746
0.0147747659
0.0135348159
0.0133421062
0.0138408890
0.0141462675
0.0135660639
0.0121307636
0.0106304319
0.0100347037
0.0108727562
0.0129949873
0.0157480815
0.0183795504
0.0203816348
0.0217262535
0.0229942173
0.0251215912
0.0286742032
0.0331619454
0.0371350284
0.0392541147
0.0394224511
0.0389265243
0.0393015855
0.0411013109
0.0438944210
0.0470911917
0.0504966675
0.0541820358
0.0583100823
0.0631123463
0.0686092986
0.0743004070
0.0793600658
0.0832173018
0.0859509093
0.0878838443
0.0890476195
0.0894226528
0.0895024047
0.0899721760
0.0908754401
0.0914540992
0.0911365923
0.0903232311
0.0897663107
0.0896092191
0.0894740284
0.0892909291
0.0893688286
0.0895706842
0.0891927965
0.0880020792
0.0870369627
0.0877526961
0.0904725839
0.0941301661
0.0973109358
0.0993333328
0.1004584166
0.1014129582
0.1027285933
0.1042247288
0.1052262216
0.1053316171
0.1049252855
0.1047020370
0.1049078562
0.1052718954
0.1054587573
0.1052654200
0.1043613059
0.1023756238
0.0994599631
0.0963827881
0.0937474613
0.0913799341
0.0888415361
0.0862456033
0.0841218836
0.0826129091
0.0812421685
0.0795019883
0.0772927241
0.0747176827
0.0717441926
0.0683276927
0.0647079796
0.0613189560
0.0584421904
0.0560335287
0.0536312127
0.0504608759
0.0459735389
0.0405802215
0.0357233507
0.0328281729
0.0320685025
0.0322943059
0.0321242621
0.0310731371
0.0296735830
0.0288530701
0.0292573571
0.0307035429
0.0320673427
0.0319291503
0.0295662408
0.0255076744
0.0211594893
0.0179966464
0.0169454386
0.0179633581
0.0196502248
0.0195726959
0.0158408834
0.0088463431
0.0012736559
-0.0041355689
-0.0068204292
-0.0083639352
-0.0107018040
-0.0144720299
-0.0188791721
-0.0227710482
-0.0258040504
-0.0285277786
-0.0315283661
-0.0345959313
-0.0367442469
-0.0374205847
-0.0375661788
-0.0387498979
-0.0413911598
-0.0445100798
-0.0470020304
-0.0486202829
-0.0497626774
-0.0507856173
-0.0516859484
-0.0523256339
-0.0527517491
-0.0533407868
-0.0546581678
-0.0570560876
-0.0602373592
-0.0632710872
-0.0651905319
-0.0658353560
-0.0659188643
-0.0660780300
-0.0661984037
-0.0658888950
-0.0652251413
-0.0645935742
-0.0640469606
-0.0630937012
-0.0611928372
-0.0582295264
-0.0544185577
-0.0499822810
-0.0451766680
-0.0405429317
-0.0366767598
-0.0337153196
-0.0311834935
-0.0285950391
-0.0262087255
-0.0248724347
-0.0253052959
-0.0273897789
-0.0300897486
-0.0320932595
-0.0328466734
-0.0330211049
-0.0338788692
-0.0359696071
-0.0385558374
-0.0402827962
-0.0403465493
-0.0389443437
-0.0369259331
-0.0352938490
-0.0349712117
-0.0365311589
-0.0397020400
-0.0433425856
-0.0461978716
-0.0476323975
-0.0477608084
-0.0470372915
-0.0458712708
-0.0445013271
-0.0428545076
-0.0405279279
-0.0371715496
-0.0328333912
-0.0278000476
-0.0224743341
-0.0175560421
-0.0138669926
-0.0117987936
-0.0109269441
-0.0104066679
-0.0096751154
-0.0085775374
-0.0070627114
-0.0051431320
-0.0031545022
-0.0018092573
-0.0016776173
-0.0026427555
-0.0040281633
-0.0052048088
-0.0059099636
-0.0059452521
-0.0049477145
-0.0027588751
-0.0000302782
0.0019288612
0.0022154594
0.0012222146
0.0003073559
0.0005473779
0.0020285995
0.0043049441
0.0071260355
0.0105712223
0.0146213167
0.0189210484
0.0230999395
0.0271165398
0.0310896773
0.0348655352
0.0379862396
0.0401640842
0.0417211262
0.0431681692
0.0443864069
0.0444586018
0.0424182749
0.0381933229
0.0326644872
0.0267780852
0.0209378841
0.0153902630
0.0106895362
0.0075459907
0.0062265273
0.0062906684
0.0069814014
0.0077679239
0.0084855530
0.0091829483
0.0099739838
0.0109228742
0.0120015383
0.0131734021
0.0144146446
0.0156427476
0.0166040230
0.0170357240
0.0170246670
0.0170026354
0.0172016307
0.0173489516
0.0169936697
0.0160717707
0.0151343153
0.0150424374
0.0163612793
0.0188929258
0.0218304772
0.0244498884
0.0265408879
0.0282042578
0.0294287384
0.0300579591
0.0300494533
0.0295737541
0.0288377382
0.0279680856
0.0271601272
0.0267548186
0.0270748807
0.0279664871
0.0286407101
0.0284340237
0.0275510009
0.0267503679
0.0264406613
0.0265151776
0.0268271302
0.0273464491
0.0279627614
0.0284704270
0.0286952128
0.0285138556
0.0278232873
0.0266030974
0.0249966356
0.0231612537
0.0210153512
0.0181955084
0.0145010442
0.0102535701
0.0060723386
0.0023177881
-0.0011974372
-0.0049023675
-0.0087858832
-0.0123567427
-0.0153102235
-0.0178943015
-0.0206026277
-0.0236599068
-0.0270387944
-0.0306905112
-0.0345921530
-0.0386423431
-0.0426628233
-0.0464249048
-0.0495694801
-0.0517329457
-0.0528234201
-0.0532959007
-0.0539688032
-0.0553451851
-0.0572675268
-0.0591754858
-0.0606544948
-0.0616635321
-0.0624692731
-0.0633664389
-0.0644485220
-0.0656367224
-0.0670203398
-0.0689132834
-0.0715545863
-0.0747813967
-0.0780871273
-0.0810441640
-0.0835024574
-0.0854933231
-0.0870461381
-0.0881032376
-0.0885282967
-0.0881442871
-0.0867816247
-0.0845049069
-0.0816556309
-0.0785933590
-0.0756094720
-0.0730782844
-0.0714299653
-0.0707826119
-0.0707147128
-0.0708567207
-0.0714215525
-0.0727131126
-0.0743559065
-0.0754648103
-0.0754897400
-0.0746379263
-0.0735578411
-0.0727561531
-0.0722488365
-0.0718149911
-0.0714606118
-0.0712745554
-0.0708502923
-0.0694288161
-0.0667290730
-0.0634144461
-0.0604738794
-0.0582168783
-0.0561021059
-0.0537074655
-0.0514789594
-0.0502540851
-0.0501128249
-0.0499800357
-0.0485834333
-0.0456600073
-0.0420240704
-0.0386193115
-0.0359317515
-0.0340547065
-0.0328417884
-0.0319300257
-0.0308438064
-0.0293222289
-0.0274638848
-0.0255112488
-0.0235720440
-0.0217114610
-0.0201478621
-0.0192423709
-0.0192943219
-0.0202918131
-0.0219055115
-0.0238914427
-0.0264046852
-0.0298165983
-0.0341050067
-0.0384705342
-0.0417266369
-0.0429930606
-0.0423939378
-0.0411073594
-0.0404005306
-0.0403669598
-0.0398613186
-0.0378441170
-0.0346013008
-0.0312324477
-0.0283733974
-0.0256159893
-0.0220368475
-0.0170175031
-0.0104532599
-0.0026332301
0.0057662620
0.0137010584
0.0202684023
0.0252540139
0.0291723143
0.0328374734
0.0367493827
0.0408968266
0.0449778187
0.0486106085
0.0514093370
0.0530170591
0.0532219934
0.0519295197
0.0491257468
0.0449272797
0.0394812620
0.0329906360
0.0260308120
0.0195329859
0.0142032439
0.0099400756
0.0060542300
0.0020970805
-0.0017220901
-0.0050458133
-0.0079897458
-0.0108623353
-0.0136037237
-0.0159417065
-0.0179484386
-0.0200508114
-0.0223945666
-0.0244128811
-0.0252665403
-0.0246770152
-0.0230255393
-0.0206963434
-0.0178585915
-0.0146945746
-0.0111714263
-0.0065768965
-0.0000389164
0.0080535813
0.0154906855
0.0197313638
0.0200515514
0.0180276873
0.0161097890
0.0159291369
0.0176830851
0.0205805904
0.0237069364
0.0263936845
0.0280718202
0.0282484563
0.0268832932
0.0245566453
0.0222398940
0.0206782645
0.0200842283
0.0203358756
0.0211925501
0.0222387246
0.0228334006
0.0223842253
0.0209539853
0.0195617218
0.0194849182
0.0209191910
0.0224669677
0.0223105739
0.0198990386
0.0164367724
0.0137145325
0.0124875317
0.0120267001
0.0111815803
0.0095551761
0.0075572126
0.0056916215
0.0041153786
0.0027670198
0.0016545827
0.0008609118
0.0004788378
0.0008016434
0.0024398565
0.0058385775
0.0106535748
0.0156862143
0.0194994112
0.0213243196
0.0214100264
0.0206102349
0.0196148953
0.0187254149
0.0182356279
0.0185389177
0.0195874065
0.0206004375
0.0207410969
0.0198871964
0.0186883575
0.0180117798
0.0181372823
0.0186222680
0.0189497291
0.0191731934
0.0199202045
0.0217118116
0.0243797428
0.0272384162
0.0296946491
0.0315497759
0.0327669591
0.0332214874
0.0330604886
0.0330418623
0.0341331408
0.0366771919
0.0400840217
0.0433041123
0.0455003357
0.0463627711
0.0460461082
0.0448043396
0.0427254678
0.0397281050
0.0358697041
0.0315108316
0.0271489135
0.0231542995
0.0196414506
0.0166605164
0.0143477243
0.0126485609
0.0109693837
0.0085144431
0.0050680154
0.0013791959
-0.0013503750
-0.0022687064
-0.0013928327
0.0004552273
0.0020997570
0.0027284852
0.0024499798
0.0023011144
0.0032857553
0.0051726461
0.0063469984
0.0052761373
0.0020226798
-0.0017708809
-0.0043672698
-0.0053165628
-0.0055067670
-0.0062465212
-0.0083021802
-0.0115309743
-0.0152024410
-0.0185867257
-0.0213853865
-0.0237921239
-0.0261338499
-0.0284466935
-0.0304440878
-0.0316934877
-0.0318682898
-0.0309736452
-0.0294152379
-0.0275776188
-0.0253232561
-0.0219483978
-0.0168454607
-0.0103629919
-0.0039723902
0.0005072138
0.0021733206
0.0016855160
0.0007764911
0.0012164462
0.0037890756
0.0077669414
0.0114421775
0.0134265636
0.0136116117
0.0129274492
0.0122226745
0.0115176688
0.0103850910
0.0087121817
0.0069330293
0.0056594229
0.0053222157
0.0061090774
0.0077618463
0.0094465419
0.0100970453
0.0091475900
0.0069787442
0.0045987983
0.0028890434
0.0021126301
0.0019268056
0.0018252610
0.0017089219
0.0020892723
0.0035782747
0.0061293523
0.0088930683
0.0108846985
0.0117240858
0.0117258442
0.0112597288
0.0103350514
0.0088925049
0.0071950922
0.0057382127
0.0047665762
0.0041177585
0.0035691502
0.0031095076
0.0029200788
0.0032532490
0.0042587187
0.0057101997
0.0068827322
0.0068734538
0.0052265193
0.0020763237
-0.0021925550
-0.0073871141
-0.0134674477
-0.0201063678
-0.0265302304
-0.0318221142
-0.0353448459
-0.0369188637
-0.0369284139
-0.0363647884
-0.0364512450
-0.0376966609
-0.0392217952
-0.0393656007
-0.0372161763
-0.0332720182
-0.0288030280
-0.0248524613
-0.0217089660
-0.0191046865
-0.0168508702
-0.0154033521
-0.0156377871
-0.0180695126
-0.0222401565
-0.0269861522
-0.0312875084
-0.0347912899
-0.0376827915
-0.0400348079
-0.0414796106
-0.0417388764
-0.0414426977
-0.0419867919
-0.0444275967
-0.0484708986
-0.0526320584
-0.0552813671
-0.0558306157
-0.0550709534
-0.0543849849
-0.0545179632
-0.0551254640
-0.0556834757
-0.0564553719
-0.0581196787
-0.0608225909
-0.0638780276
-0.0663467090
-0.0675739002
-0.0673240432
-0.0657633606
-0.0633265324
-0.0604657810
-0.0574366735
-0.0543765726
-0.0515800400
-0.0495268250
-0.0486133093
-0.0488596588
-0.0498379881
-0.0509514691
-0.0517739266
-0.0522075156
-0.0523412602
-0.0523249120
-0.0523681789
-0.0527853913
-0.0539019264
-0.0557696129
-0.0581306422
-0.0607336279
-0.0634043275
-0.0657925073
-0.0672942971
-0.0675214840
-0.0666165866
-0.0650777519
-0.0633848993
-0.0617945812
-0.0605807970
-0.0604055732
-0.0618576601
-0.0645020857
-0.0669015094
-0.0678243854
-0.0672748405
-0.0665358882
-0.0672129955
-0.0699831829
-0.0741784114
-0.0784120544
-0.0814291440
-0.0825070053
-0.0814251636
-0.0782371262
-0.0731369787
-0.0665559136
-0.0591229837
-0.0514226635
-0.0437875812
-0.0364399422
-0.0298106588
-0.0244514718
-0.0206823634
-0.0184754264
-0.0176919926
-0.0180829346
-0.0188301471
-0.0189066063
-0.0180452373
-0.0171104083
-0.0173864644
-0.0194958063
-0.0228183882
-0.0258609513
-0.0273999164
-0.0273919536
-0.0270041686
-0.0277038180
-0.0301455354
-0.0337024747
-0.0370135038
-0.0390331734
-0.0396869511
-0.0396536003
-0.0396471657
-0.0399210052
-0.0403169044
-0.0405570579
-0.0404190625
-0.0397293500
-0.0382359702
-0.0357719587
-0.0325690067
-0.0293133995
-0.0267942723
-0.0252757572
-0.0243010545
-0.0231511539
-0.0213157437
-0.0186531545
-0.0152693065
-0.0113994274
-0.0073417058
-0.0034904851
-0.0004423043
0.0010803795
0.0006158244
-0.0015506480
-0.0045512502
-0.0075320231
-0.0100783604
-0.0120423865
-0.0132682867
-0.0136303193
-0.0131990097
-0.0121956844
-0.0109404754
-0.0098177886
-0.0091382519
-0.0088683026
-0.0086470173
-0.0081479007
-0.0073184280
-0.0062116042
-0.0048076962
-0.0030934622
-0.0012262632
0.0006598948
0.0026795250
0.0049410766
0.0071938502
0.0090797207
0.0107183282
0.0127639868
0.0156927599
0.0193439622
0.0231922149
0.0266513809
0.0290538153
0.0298497704
0.0289471490
0.0269579001
0.0249348737
0.0237405583
0.0234163426
0.0231096313
0.0218479372
0.0195344837
0.0172671381
0.0164692547
0.0175659196
0.0194862527
0.0205663409
0.0200059191
0.0185299508
0.0175758133
0.0179802213
0.0194981827
0.0214089318
0.0231124054
0.0242832404
0.0248559590
0.0251562199
0.0257637260
0.0267289932
0.0271364476
0.0259908261
0.0234026619
0.0206553034
0.0191168680
0.0193285380
0.0210781941
0.0238979106
0.0271865407
0.0303530461
0.0330794570
0.0352615036
0.0368256344
0.0378062330
0.0385169690
0.0395289489
0.0413451312
0.0439335326
0.0466799519
0.0488758041
0.0502777426
0.0512840292
0.0525697451
0.0543310548
0.0557150921
0.0554032273
0.0530190548
0.0498003404
0.0476963129
0.0477708440
0.0494303145
0.0510871278
0.0514102623
0.0501145500
0.0478415452
0.0455108798
0.0438194465
0.0431575623
0.0435352799
0.0443881023
0.0448598533
0.0445273541
0.0436671119
0.0428334609
0.0423569485
0.0423454050
0.0429584531
0.0443550387
0.0461876314
0.0474719107
0.0472509083
0.0455480748
0.0435955682
0.0430048281
0.0446622835
0.0482483912
0.0526116390
0.0565557313
0.0594661239
0.0613472221
0.0625083112
0.0633089982
0.0640900955
0.0651220963
0.0664336199
0.0676526006
0.0681986400
0.0679411722
0.0673538986
0.0668305623
0.0662004527
0.0652038195
0.0640172006
0.0630071218
0.0620438664
0.0604762876
0.0577866443
0.0542237260
0.0507445184
0.0483016709
0.0471613668
0.0469125150
0.0469444209
0.0467897491
0.0461038547
0.0445064259
0.0417182224
0.0380107527
0.0343930705
0.0319541221
0.0310183962
0.0309948515
0.0310142828
0.0306520357
0.0301449944
0.0300742982
0.0308710542
0.0325182554
0.0346731085
0.0371954757
0.0402791164
0.0439521733
0.0473763861
0.0491484036
0.0484633327
0.0458577341
0.0428613350
0.0408318156
0.0401239202
0.0401620105
0.0401336990
0.0396734954
0.0390344684
0.0386246646
0.0385049259
0.0384026208
0.0381480375
0.0378307515
0.0375383493
0.0371182586
0.0363405228
0.0352019829
0.0339585963
0.0330000111
0.0325780797
0.0324735154
0.0319864362
0.0304983342
0.0280914113
0.0255487964
0.0236550639
0.0225942350
0.0220992090
0.0219649190
0.0219601433
0.0213380717
0.0190512118
0.0148385497
0.0100169806
0.0068783534
0.0068120375
0.0090978789
0.0117613089
0.0136232949
0.0152817138
0.0179842353
0.0220052376
0.0264342311
0.0302269367
0.0329349105
0.0344682484
0.0348982172
0.0348639536
0.0355433524
0.0376271740
0.0404042631
0.0423826535
0.0428417976
0.0423671818
0.0419858164
0.0422303003
0.0430319820
0.0440342994
0.0449264471
0.0455609588
0.0457096831
0.0448121305
0.0423786461
0.0387066139
0.0348892488
0.0319229358
0.0298433971
0.0277541856
0.0246808690
0.0204833398
0.0159200879
0.0121439557
0.0100078848
0.0095111752
0.0096429758
0.0090948031
0.0073176120
0.0050016218
0.0033526429
0.0028981947
0.0030534981
0.0027357943
0.0013183950
-0.0009006660
-0.0029905756
-0.0040707425
-0.0038327935
-0.0025969333
-0.0009575069
0.0005987974
0.0017460280
0.0022430477
0.0019894489
0.0011751690
0.0003437225
0.0000852966
0.0004938100
0.0010395025
0.0011195021
0.0007251272
0.0003111114
0.0000275703
-0.0004828847
-0.0014924857
-0.0026187642
-0.0031053754
-0.0025499230
-0.0011528964
0.0006431149
0.0025561507
0.0044116165
0.0058602479
0.0063503495
0.0054600468
0.0033349195
0.0006925503
-0.0017665339
-0.0039589356
-0.0062216175
-0.0085911491
-0.0105172994
-0.0114808174
-0.0116977538
-0.0118230696
-0.0120176468
-0.0118356080
-0.0111808186
-0.0107682245
-0.0113857566
-0.0129213770
-0.0143930503
-0.0147790496
-0.0138056943
-0.0122374609
-0.0114637780
-0.0124043069
-0.0146239084
-0.0166630754
-0.0175101420
-0.0175498867
-0.0179495520
-0.0192582640
-0.0207768459
-0.0213256124
-0.0204697250
-0.0188955434
-0.0178926838
-0.0184811453
-0.0209321247
-0.0247619537
-0.0290451731
-0.0330219546
-0.0365678577
-0.0400158316
-0.0434617364
-0.0462952776
-0.0476550465
-0.0474232615
-0.0465477146
-0.0460966869
-0.0460282980
-0.0452455069
-0.0430113903
-0.0400314592
-0.0378662533
-0.0373000457
-0.0374198660
-0.0366448784
-0.0347011110
-0.0331091419
-0.0335298212
-0.0358932423
-0.0382324209
-0.0383967887
-0.0358154915
-0.0316481335
-0.0275795426
-0.0246852110
-0.0230880942
-0.0222551054
-0.0214483511
-0.0202327084
-0.0188262698
-0.0178675368
-0.0177353584
-0.0181812224
-0.0187070899
-0.0190712844
-0.0193526701
-0.0196597301
-0.0201342428
-0.0210067423
-0.0222932588
-0.0235783049
-0.0241298159
-0.0234709824
-0.0217689761
-0.0195539029
-0.0171918564
-0.0148414220
-0.0128558472
-0.0119311707
-0.0124829177
-0.0140199176
-0.0154254707
-0.0158413402
-0.0150130642
-0.0130787554
-0.0103993300
-0.0075012808
-0.0050104374
-0.0035033815
-0.0032637415
-0.0040266627
-0.0051913424
-0.0062343140
-0.0069255013
-0.0071783516
-0.0069714466
-0.0065623576
-0.0066766871
-0.0079930994
-0.0102413260
-0.0120414405
-0.0120400612
-0.0101524080
-0.0075004198
-0.0052733368
-0.0040392275
-0.0038585715
-0.0045054239
-0.0054730497
-0.0060420585
-0.0058231828
-0.0051546261
-0.0048159115
-0.0051998085
-0.0059020212
-0.0061736237
-0.0057819450
-0.0052164185
-0.0051212919
-0.0056835098
-0.0064887849
-0.0069254857
-0.0068500930
-0.0067320140
-0.0069825590
-0.0072732117
-0.0067133799
-0.0047513424
-0.0017861334
0.0010688479
0.0027383548
0.0027318325
0.0012164495
-0.0011861509
-0.0037965379
-0.0062396007
-0.0084769271
-0.0105149849
-0.0122153504
-0.0134867226
-0.0144215034
-0.0149910418
-0.0148445686
-0.0136031712
-0.0112838775
-0.0084325275
-0.0058723421
-0.0041302453
-0.0032618420
-0.0030294023
-0.0030940234
-0.0031885276
-0.0032108052
-0.0032722809
-0.0036108051
-0.0044169609
-0.0056348678
-0.0068830311
-0.0076803408
-0.0076813799
-0.0068320075
-0.0053509655
-0.0036197399
-0.0018459413
0.0000370049
0.0021608711
0.0043492382
0.0060449739
0.0069029632
0.0073927869
0.0083717414
0.0101101083
0.0120173374
0.0133204801
0.0137653163
0.0136127254
0.0131801835
0.0123777178
0.0107403095
0.0078540930
0.0037315174
-0.0013121041
-0.0069846697
-0.0129912049
-0.0187766242
-0.0235590417
-0.0267471926
-0.0285378431
-0.0299418512
-0.0319374934
-0.0345413598
-0.0367810084
-0.0376951884
-0.0371182605
-0.0354360396
-0.0330236342
-0.0303888941
-0.0283921036
-0.0277966223
-0.0285205879
-0.0298085657
-0.0310222516
-0.0320437495
-0.0329916056
-0.0338704733
-0.0346793768
-0.0354186635
-0.0357573147
-0.0349399594
-0.0323769001
-0.0283482063
-0.0238669562
-0.0199989619
-0.0172968318
-0.0158554318
-0.0156784040
-0.0167910927
-0.0189607273
-0.0214254783
-0.0231605089
-0.0235266359
-0.0227704157
-0.0218320630
-0.0216750118
-0.0225953373
-0.0241082594
-0.0254352893
-0.0260698692
-0.0259192041
-0.0251315998
-0.0239947113
-0.0228881776
-0.0220917836
-0.0217265685
-0.0218353326
-0.0224937246
-0.0237021410
-0.0252095154
-0.0267076104
-0.0281220480
-0.0296125062
-0.0312303122
-0.0324975271
-0.0325429347
-0.0307602458
-0.0275415083
-0.0244586088
-0.0234352612
-0.0254915765
-0.0299085998
-0.0346439912
-0.0376419895
-0.0378836529
-0.0354278897
-0.0309618184
-0.0256483072
-0.0210302213
-0.0182811570
-0.0172808241
-0.0166380171
-0.0149491876
-0.0118940605
-0.0083938961
-0.0059009743
-0.0055204787
-0.0073665244
-0.0103644087
-0.0127434846
-0.0130275109
-0.0110235313
-0.0080818765
-0.0063266784
-0.0072848863
-0.0110521274
-0.0164582192
-0.0218967176
-0.0261713008
-0.0288536666
-0.0300536190
-0.0302191478
-0.0301453589
-0.0306654195
-0.0319942318
-0.0335427138
-0.0347178604
-0.0356346941
-0.0369499780
-0.0391122452
-0.0418156505
-0.0440938787
-0.0450845545
-0.0448592909
-0.0444404580
-0.0449253435
-0.0464768098
-0.0480772553
-0.0483046630
-0.0467428497
-0.0443932161
-0.0426545795
-0.0421007091
-0.0423059238
-0.0424764350
-0.0421238328
-0.0411344262
-0.0395525881
-0.0376844991
-0.0360358650
-0.0348750452
-0.0338510047
-0.0323237953
-0.0302042952
-0.0283158359
-0.0276306594
-0.0280746144
-0.0284858947
-0.0278812889
-0.0264392061
-0.0251763962
-0.0249132572
-0.0255828283
-0.0262907008
-0.0260509144
-0.0246040772
-0.0227586179
-0.0216628136
-0.0216464327
-0.0218526360
-0.0210328033
-0.0186680214
-0.0151888398
-0.0115062128
-0.0084701578
-0.0066167111
-0.0060304376
-0.0063540857
-0.0070071778
-0.0075279579
-0.0077729500
-0.0077219384
-0.0073473500
-0.0068776426
-0.0070438240
-0.0087436390
-0.0122144900
-0.0166354646
-0.0207606936
-0.0238530125
-0.0258044824
-0.0267525275
-0.0268663184
-0.0263125210
-0.0252669884
-0.0238992115
-0.0224316299
-0.0210229248
-0.0195870535
-0.0179408118
-0.0162222847
-0.0148622915
-0.0141370174
-0.0138571496
-0.0135751212
-0.0130678500
-0.0124026351
-0.0117611494
-0.0113525972
-0.0112887258
-0.0113274669
-0.0108183881
-0.0093113694
-0.0073327133
-0.0061345174
-0.0063890755
-0.0072716136
-0.0071474018
-0.0052452343
-0.0023951381
-0.0001567719
0.0005747033
0.0001500382
-0.0004511128
-0.0005766404
-0.0003190237
-0.0001122856
-0.0001321528
-0.0001520134
0.0000218344
0.0002036886
-0.0000937837
-0.0012504291
-0.0031832860
-0.0053909671
-0.0073507538
-0.0087170484
-0.0092383136
-0.0087474728
-0.0073997716
-0.0057099295
-0.0041619867
-0.0029305670
-0.0019642361
-0.0010689199
0.0000800846
0.0016737910
0.0034188515
0.0046681497
0.0050645518
0.0049324788
0.0049439539
0.0054382811
0.0063352438
0.0074134594
0.0083297113
0.0085649230
0.0077368780
0.0061258233
0.0048126169
0.0051298690
0.0075657733
0.0112653490
0.0146818545
0.0166571349
0.0169763697
0.0161567224
0.0149247343
0.0137058409
0.0124272305
0.0106487062
0.0080580618
0.0048757774
0.0019298005
0.0001891522
0.0000274746
0.0008601059
0.0016097928
0.0015834443
0.0009138706
0.0002057718
0.0000996379
0.0011013410
0.0034184762
0.0067687621
0.0105179951
0.0140712167
0.0170867384
0.0194403830
0.0211543586
0.0222700054
0.0226246659
0.0220079070
0.0205627309
0.0187354108
0.0168225662
0.0147541987
0.0124923398
0.0104659620
0.0094006960
0.0097116121
0.0112477487
0.0134561903
0.0156586822
0.0172867306
0.0181078248
0.0182975709
0.0182933731
0.0185184844
0.0191789422
0.0203820638
0.0222199132
0.0246155429
0.0272058953
0.0296101995
0.0317475450
0.0336812504
0.0350945207
0.0354742089
0.0347984120
0.0337588365
0.0332584008
0.0337139658
0.0349431861
0.0364847364
0.0377925600
0.0382719859
0.0374605236
0.0354220447
0.0329028744
0.0308639598
0.0298033169
0.0295195877
0.0293479882
0.0285416453
0.0266371719
0.0237116237
0.0204270484
0.0177082689
0.0162422605
0.0162254133
0.0174273502
0.0195053115
0.0221409536
0.0249644572
0.0274328734
0.0289943751
0.0294461915
0.0291819731
0.0290207610
0.0296376488
0.0310179906
0.0324601587
0.0332411712
0.0332376488
0.0329751724
0.0331419104
0.0341124485
0.0357238811
0.0373831843
0.0385018922
0.0390065234
0.0393795664
0.0401905234
0.0415235299
0.0429371837
0.0438824011
0.0440853495
0.0437268848
0.0430917735
0.0419794819
0.0396060473
0.0354401705
0.0300593148
0.0249443274
0.0215025422
0.0201690301
0.0203312447
0.0209551499
0.0213625255
0.0214586361
0.0214333793
0.0215540710
0.0223086208
0.0241492025
0.0267430774
0.0288828242
0.0296339101
0.0294747689
0.0298970972
0.0318397131
0.0347258085
0.0371153184
0.0380703091
0.0378155049
0.0373166706
0.0372038712
0.0370448143
0.0356547473
0.0323456386
0.0278871012
0.0239979186
0.0218717776
0.0211521032
0.0205257102
0.0193115440
0.0183186950
0.0189739923
0.0215661765
0.0246478900
0.0265112050
0.0269523760
0.0270740441
0.0277234341
0.0286378867
0.0290693395
0.0286897088
0.0275925482
0.0258669767
0.0236081211
0.0212512550
0.0196087372
0.0193378147
0.0203645844
0.0218691858
0.0229519725
0.0233629752
0.0234750755
0.0235276241
0.0231923665
0.0221632750
0.0209459082
0.0206149635
0.0217299701
0.0236567202
0.0251600037
0.0254533443
0.0246298860
0.0233744057
0.0222297835
0.0213999268
0.0209642234
0.0210283858
0.0215988122
0.0225072176
0.0235389266
0.0245857730
0.0254998286
0.0260046136
0.0259188618
0.0253927828
0.0247880548
0.0242949011
0.0237608110
0.0227585035
0.0208973053
0.0182051595
0.0153000722
0.0131320760
0.0124848493
0.0135798406
0.0159567349
0.0187038476
0.0208486359
0.0217250307
0.0211105476
0.0191484669
0.0162234453
0.0129525099
0.0101527557
0.0084707581
0.0078835243
0.0076833414
0.0072392847
0.0068213478
0.0075096949
0.0100769269
0.0140267545
0.0178412267
0.0201671033
0.0207905820
0.0207177611
0.0213257915
0.0232384349
0.0258308722
0.0277514504
0.0279822445
0.0265654207
0.0243809375
0.0224241744
0.0211970145
0.0205814411
0.0200426725
0.0189470505
0.0168592795
0.0138014056
0.0102591864
0.0064201654
0.0023376815
-0.0017228135
-0.0049574264
-0.0064294218
-0.0060407284
-0.0049756306
-0.0046451068
-0.0051776177
-0.0053144914
-0.0039927657
-0.0015954887
0.0006729246
0.0023445595
0.0041028080
0.0065799886
0.0093212433
0.0112139505
0.0117655707
0.0117504889
0.0124408544
0.0143279246
0.0166181629
0.0179265027
0.0173798565
0.0150953826
0.0119150732
0.0088272110
0.0064771700
0.0049869816
0.0041773633
0.0039318820
0.0040815250
0.0041592277
0.0035690584
0.0021201620
0.0001641461
-0.0018571775
-0.0037055396
-0.0051342105
-0.0058364345
-0.0058276575
-0.0056628312
-0.0060335495
-0.0072090122
-0.0089035925
-0.0107723912
-0.0128527756
-0.0153908196
-0.0182780474
-0.0208314836
-0.0221556891
-0.0216026348
-0.0193117984
-0.0164417349
-0.0146006963
-0.0147831974
-0.0168382780
-0.0200352010
-0.0238274717
-0.0279222635
-0.0316129513
-0.0336733067
-0.0335058298
-0.0320269093
-0.0307367966
-0.0302006644
-0.0300420925
-0.0299545150
-0.0300512223
-0.0304315030
-0.0310295204
-0.0317152643
-0.0322126343
-0.0321554734
-0.0314516183
-0.0305438256
-0.0301599518
-0.0306859716
-0.0315742629
-0.0316440881
-0.0302026106
-0.0277852966
-0.0256012744
-0.0243203426
-0.0235758067
-0.0226004851
-0.0210220779
-0.0189028336
-0.0163449138
-0.0133959846
-0.0102032476
-0.0069934515
-0.0038810491
-0.0006857126
0.0029499211
0.0071255147
0.0113857848
0.0147545682
0.0162393664
0.0155619563
0.0134920141
0.0111854825
0.0091102696
0.0068658970
0.0040565105
0.0008466782
-0.0024540271
-0.0058039354
-0.0090416090
-0.0115429894
-0.0126984575
-0.0126749809
-0.0124595586
-0.0131130786
-0.0150102876
-0.0176878983
-0.0202491382
-0.0219085532
-0.0223978472
-0.0220333728
-0.0213908415
-0.0209161474
-0.0208049028
-0.0211030337
-0.0217848927
-0.0226058344
-0.0230700840
-0.0228175371
-0.0219585699
-0.0209249521
-0.0198951379
-0.0186523095
-0.0169850789
-0.0150609911
-0.0132719746
-0.0119238688
-0.0111029006
-0.0107493741
-0.0107050807
-0.0107036733
-0.0104355019
-0.0096535372
-0.0082110744
-0.0060436548
-0.0032193237
-0.0000100420
0.0030269298
0.0051720861
0.0058852345
0.0051334515
0.0033853965
0.0012491287
-0.0008602030
-0.0027595487
-0.0043001431
-0.0052994700
-0.0056200799
-0.0054382735
-0.0053623944
-0.0060655977
-0.0075780843
-0.0090972729
-0.0097261298
-0.0093805406
-0.0088036346
-0.0087731972
-0.0093576150
-0.0100012084
-0.0101926448
-0.0099418676
-0.0097329435
-0.0101382860
-0.0112472515
-0.0125512660
-0.0133725054
-0.0134756183
-0.0132061584
-0.0130775823
-0.0133811770
-0.0140625287
-0.0149290386
-0.0158452882
-0.0167285180
-0.0174938481
-0.0181469416
-0.0187677119
-0.0192870569
-0.0194917695
-0.0193420434
-0.0192204188
-0.0197370987
-0.0211902349
-0.0232877809
-0.0253632049
-0.0268239025
-0.0274244006
-0.0272166419
-0.0263381396
-0.0248968993
-0.0231295757
-0.0215572261
-0.0208035871
-0.0210733262
-0.0218537933
-0.0222848864
-0.0220267191
-0.0216703333
-0.0220740335
-0.0233382668
-0.0245582518
-0.0246030028
-0.0231518899
-0.0209221278
-0.0190160291
-0.0180222668
-0.0175835146
-0.0167127459
-0.0146835203
-0.0119394609
-0.0099876418
-0.0101708621
-0.0125046368
-0.0157189796
-0.0183387363
-0.0196731174
-0.0200060292
-0.0202183020
-0.0211933175
-0.0232812838
-0.0259792510
-0.0282983117
-0.0297516649
-0.0307729503
-0.0320228873
-0.0334712842
-0.0344802464
-0.0346915738
-0.0345169762
-0.0345789321
-0.0348551039
-0.0345623643
-0.0328648953
-0.0296925696
-0.0256958214
-0.0215642057
-0.0176498510
-0.0142284514
-0.0117725007
-0.0106501815
-0.0106204681
-0.0107507726
-0.0100372908
-0.0081731543
-0.0058131331
-0.0041216239
-0.0038940588
-0.0049788473
-0.0064606091
-0.0074229975
-0.0075936628
-0.0073420621
-0.0072139275
-0.0074935841
-0.0080886865
-0.0088284389
-0.0098294313
-0.0113333614
-0.0132659783
-0.0151230141
-0.0163680818
-0.0168390202
-0.0167586674
-0.0165224095
-0.0165265578
-0.0170118817
-0.0178209729
-0.0182854134
-0.0176673619
-0.0158619475
-0.0135365266
-0.0115333032
-0.0102479429
-0.0095270718
-0.0090536683
-0.0086680853
-0.0083746520
-0.0081579528
-0.0079431664
-0.0076501283
-0.0071897493
-0.0064787553
-0.0056005220
-0.0049511279
-0.0049703365
-0.0056606780
-0.0065182703
-0.0069852213
-0.0068392011
-0.0062443703
-0.0055268486
-0.0049944684
-0.0047574423
-0.0046115568
-0.0042396968
-0.0036399738
-0.0032758359
-0.0036469206
-0.0046748892
-0.0057187948
-0.0061518096
-0.0057825492
-0.0048678022
-0.0039172775
-0.0034327047
-0.0035558151
-0.0039871580
-0.0042548800
-0.0040886812
-0.0035959943
-0.0030815861
-0.0027424553
-0.0025683328
-0.0024501110
-0.0023165051
-0.0021700045
-0.0020902775
-0.0021742326
-0.0024841696
-0.0029655173
-0.0034080729
-0.0035916059
-0.0034450256
-0.0030876142
-0.0027076071
-0.0024654401
-0.0023538014
-0.0021430267
-0.0015856649
-0.0007764055
-0.0002158123
-0.0003553854
-0.0011332059
-0.0020199007
-0.0024712075
-0.0022941630
-0.0016629874
-0.0008949018
-0.0002326718
0.0002162152
0.0004480935
0.0005368005
0.0005906658
0.0006262108
0.0004582177
-0.0002043371
-0.0014644323
-0.0030228462
-0.0043581917
-0.0051379687
-0.0054344016
-0.0055080504
-0.0055035509
-0.0054073345
-0.0051964764
-0.0049872261
-0.0050015601
-0.0053440504
-0.0058757891
-0.0062945234
-0.0063589143
-0.0060517866
-0.0056206914
-0.0054703003
-0.0059227334
-0.0070004956
-0.0083222276
-0.0092598460
-0.0093131321
-0.0084923843
-0.0073702521
-0.0067118183
-0.0069543473
-0.0079246811
-0.0090062651
-0.0095237723
-0.0090146871
-0.0073563323
-0.0048699651
-0.0022494081
-0.0002096506
0.0009115607
0.0012535690
0.0012064758
0.0011358683
0.0012680285
0.0017000491
0.0024107122
0.0032478975
0.0039766760
0.0044047088
0.0045292456
0.0045750500
0.0048193122
0.0053747539
0.0061443311
0.0069641144
0.0077038114
0.0082575813
0.0085492873
0.0086218956
0.0086778611
0.0089565892
0.0095656628
0.0103905591
0.0111659929
0.0116745816
0.0119071294
0.0121118418
0.0126313603
0.0135565819
0.0144854270
0.0147699485
0.0141141909
0.0128638543
0.0116831774
0.0110230567
0.0108780326
0.0109151320
0.0107664420
0.0102373514
0.0093916226
0.0084697757
0.0077182456
0.0072936275
0.0072692241
0.0076275563
0.0082285514
0.0088360888
0.0092503886
0.0094144696
0.0094059475
0.0093545524
0.0093962167
0.0096548191
0.0101488017
0.0106900863
0.0109486655
0.0107112399
0.0101014158
0.0095166148
0.0093286645
0.0096772359
0.0104509835
0.0113782878
0.0121733329
0.0126731397
0.0129243484
0.0131505792
0.0135951923
0.0143367874
0.0151940846
0.0158475350
0.0160951223
0.0160142657
0.0158654790
0.0158556936
0.0159917776
0.0161295098
0.0161262366
0.0159670496
0.0157801251
0.0157116800
0.0158032969
0.0159816992
0.0161483102
0.0162315283
0.0161883748
0.0160116609
0.0157381088
0.0154406018
0.0152136189
0.0151341366
0.0152250123
0.0154290940
0.0156174671
0.0156488453
0.0154574108
0.0151033554
0.0147174199
0.0144141908
0.0142478995
0.0142219699
0.0143290367
0.0145717508
0.0149442098
0.0153902175
0.0157977924
0.0160549137
0.0161115419
0.0159845239
0.0157200866
0.0153719342
0.0150025992
0.0146874013
0.0144950159
0.0144501918
0.0145158440
0.0146259242
0.0147308905
0.0148038418
0.0148245437
0.0147882837
0.0147291375
0.0147026954
0.0147325237
0.0147847068
0.0148088443
0.0147813084
0.0146927166
0.0145337260
0.0143200441
0.0141199659
0.0140192899
0.0140468929
0.0141503526
0.0142592783
0.0143554884
0.0144661545
0.0146138461
0.0147940847
0.0149883088
0.0151685893
0.0152972564
0.0153430531
0.0153013176
0.0151950646
0.0150624522
0.0149425848
0.0148566549
0.0148002381
0.0147551338
0.0147121286
0.0146727171
0.0146333532
0.0145849832
0.0145301700
0.0144869734
0.0144754029
0.0145002899
0.0145430312
0.0145738423
0.0145777770
0.0145634269
0.0145476690
0.0145373107
0.0145307699
0.0145269236
0.0145261088
0.0145266450
0.0145258272
0.0145235348
0.0145198892
0.0145118671
0.0144951260
0.0144718164
0.0144524128
0.0144464948
0.0144515396
0.0144525019
0.0144322523
0.0143832551
0.0143130555
0.0142384869
0.0141723982
0.0141138516
0.0140522011
0.0139798097
0.0138994003
0.0138206938
0.0137507045
0.0136882419
0.0136273915
0.0135645279
0.0135007772
0.0134398607
0.0133841956
0.0133319872
0.0132770126
0.0132124067
0.0131363859
0.0130542675
0.0129739263
0.0128984757
0.0128248848
0.0127492099
0.0126714555
0.0125948151
0.0125208735
0.0124467513
0.0123671591
0.0122791118
0.0121847652
0.0120895336
0.0119978111
0.0119101800
0.0118241087
0.0117365835
0.0116460991
0.0115530528
0.0114592735
0.0113671512
0.0112781934
0.0111918668
0.0111058718
0.0110180247
0.0109280428
0.0108372758
0.0107469662
0.0106573945
0.0105681643
0.0104787524
0.0103883557
0.0102959052
0.0102008372
0.0101037945
0.0100062830
0.0099095298
0.0098137898
0.0097186484
0.0096236172
0.0095283357
0.0094324980
0.0093358712
0.0092384122
0.0091403095
0.0090418686
0.0089433467
0.0088448070
0.0087461388
0.0086471976
0.0085479348
0.0084484160
0.0083487065
0.0082487994
0.0081486756
0.0080483747
0.0079479819
0.0078475459
0.0077470570
0.0076464704
0.0075457293
0.0074447793
0.0073435952
0.0072422033
0.0071406792
0.0070390956
0.0069374821
0.0068358312
0.0067341251
0.0066323540
0.0065305190
0.0064286336
0.0063267259
0.0062248284
0.0061229633
0.0060211344
0.0059193324
0.0058175497
0.0057157934
0.0056140814
0.0055124405
0.0054108946
0.0053094555
0.0052081203
0.0051068826
0.0050057438
0.0049047150
0.0048038106
0.0047030407
0.0046024116
0.0045019304
0.0044016088
0.0043014582
0.0042014897
0.0041017131
0.0040021355
0.0039027637
0.0038036053
0.0037046697
0.0036059662
0.0035075046
0.0034092922
0.0033113377
0.0032136486
0.0031162336
0.0030191004
0.0029222576
0.0028257124
0.0027294736
0.0026335477
0.0025379429
0.0024426666
0.0023477268
0.0022531304
0.0021588850
0.0020649973
0.0019714750
0.0018783250
0.0017855543
0.0016931698
0.0016011782
0.0015095867
0.0014184015
0.0013276290
0.0012372762
