0.0015456179
0.0015624200
0.0015784929
0.0015922841
0.0016057532
0.0016235623
0.0016455132
0.0016621894
0.0016687189
0.0016750951
0.0016811164
0.0016839144
0.0016912723
0.0017091411
0.0017558294
0.0018251655
0.0018628221
0.0018714869
0.0018431479
0.0018099071
0.0018105680
0.0018358049
0.0019373945
0.0020921682
0.0022828378
0.0023851725
0.0022521424
0.0021663880
0.0022307265
0.0022857747
0.0022580247
0.0022134751
0.0022483392
0.0023128256
0.0023031844
0.0021725051
0.0019681659
0.0020056498
0.0021773606
0.0022226553
0.0020750514
0.0019155383
0.0018642386
0.0018813344
0.0018887866
0.0018953226
0.0019514023
0.0024272755
0.0031069698
0.0036830965
0.0041262676
0.0045674163
0.0047022502
0.0044081008
0.0042632178
0.0037103301
0.0031732323
0.0029560259
0.0029168924
0.0027172832
0.0022244836
0.0017336645
0.0013622773
0.0012650700
0.0012780335
0.0011924737
0.0013399468
0.0023176686
0.0035597343
0.0039893845
0.0036511227
0.0029706924
0.0020683701
0.0009117855
-0.0000237362
-0.0007570160
-0.0009044852
-0.0000248342
0.0015608844
0.0023794879
0.0025576942
0.0028999751
0.0034672663
0.0040430395
0.0042348588
0.0042086377
0.0041543718
0.0037103777
0.0030089500
0.0015589182
-0.0003829886
-0.0018387297
-0.0022669086
-0.0023947947
-0.0028265869
-0.0033938589
-0.0031208464
-0.0024243444
-0.0019829174
-0.0016392951
-0.0006287577
0.0012200565
0.0032256669
0.0045141717
0.0054603096
0.0070182187
0.0083959624
0.0079884075
0.0063143734
0.0039664454
0.0013288578
-0.0005590945
-0.0006950031
0.0005300896
0.0022942203
0.0041614062
0.0061707532
0.0074233253
0.0072681778
0.0063595403
0.0055442712
0.0050947131
0.0047125846
0.0038069501
0.0024211402
0.0005826301
-0.0013280984
-0.0026962927
-0.0034242711
-0.0030738428
-0.0015517787
-0.0003711184
0.0005262081
0.0021091837
0.0039648257
0.0051136364
0.0050587854
0.0039837518
0.0028048126
0.0020750224
0.0015690898
0.0015140237
0.0024485435
0.0039614877
0.0049774533
0.0051359519
0.0049889766
0.0043225606
0.0031157419
0.0018793717
0.0010490415
0.0009298111
0.0010904935
0.0014791511
0.0018119213
0.0016190700
0.0011604959
0.0013987084
0.0027341739
0.0030396748
0.0011624949
-0.0008959502
-0.0015900994
-0.0019260510
-0.0028817975
-0.0041780989
-0.0048445431
-0.0032123427
0.0005960107
0.0044600945
0.0076426109
0.0105193950
0.0125351136
0.0128555662
0.0119524536
0.0106250654
0.0094675951
0.0085368035
0.0083284936
0.0093271567
0.0108605969
0.0114570649
0.0103106370
0.0073383815
0.0036659700
0.0007697741
-0.0002046880
-0.0006086245
-0.0024497117
-0.0050886506
-0.0074988798
-0.0100713665
-0.0130953975
-0.0152521113
-0.0150069885
-0.0116994411
-0.0057198975
0.0007749338
0.0050856206
0.0066478009
0.0059847140
0.0042226469
0.0025917622
0.0014510137
0.0013031958
0.0022026020
0.0033801412
0.0045218542
0.0048596162
0.0042453046
0.0032932587
0.0015599611
-0.0010291466
-0.0041715788
-0.0073196291
-0.0102829483
-0.0132597553
-0.0162032198
-0.0185877749
-0.0200003695
-0.0194877607
-0.0171291569
-0.0138361471
-0.0106710417
-0.0073425620
-0.0031901622
0.0010560172
0.0036800591
0.0044359731
0.0033086286
0.0012952240
-0.0004047189
-0.0005058415
0.0017126980
0.0058086824
0.0118022710
0.0180070207
0.0219651184
0.0230590036
0.0215492046
0.0187164906
0.0159215374
0.0135173987
0.0113239983
0.0102463518
0.0116157707
0.0125090266
0.0096828011
0.0048674626
0.0008546741
-0.0021742324
-0.0024322440
0.0003670422
0.0037408530
0.0061715215
0.0054813317
0.0053563838
0.0084229188
0.0109767061
0.0102694883
0.0075275369
0.0046644508
0.0041000868
0.0064560523
0.0088492054
0.0088482006
0.0063389697
0.0034900815
-0.0006032313
-0.0056073598
-0.0083851921
-0.0068620325
-0.0018632367
0.0047720351
0.0099396003
0.0127883116
0.0143599098
0.0146494949
0.0121218464
0.0049664777
-0.0038664636
-0.0099231494
-0.0099441588
-0.0043866609
0.0017770635
0.0070660714
0.0115107281
0.0127765119
0.0106044794
0.0084413134
0.0091998640
0.0126405819
0.0163885408
0.0186156296
0.0186247871
0.0158213460
0.0115642152
0.0085240515
0.0057126157
0.0038070827
0.0035994908
0.0050831320
0.0087368967
0.0132591426
0.0163471405
0.0170466585
0.0158988346
0.0144298924
0.0125128157
0.0092361507
0.0054098466
0.0014432920
-0.0020540660
-0.0047718349
-0.0067887895
-0.0070082324
-0.0041702164
0.0014338131
0.0078360403
0.0130774048
0.0179039233
0.0222115149
0.0247918690
0.0247919161
0.0217350158
0.0163465427
0.0092818957
0.0021197088
-0.0046457310
-0.0102143094
-0.0112143479
-0.0075790054
-0.0047821922
-0.0067996306
-0.0117717073
-0.0158069424
-0.0178340597
-0.0179418153
-0.0160078545
-0.0123072908
-0.0078010623
-0.0031067078
0.0011364145
0.0040826999
0.0044339211
0.0016242987
-0.0031654628
-0.0085116360
-0.0124481237
-0.0135162452
-0.0130750777
-0.0120145710
-0.0111994099
-0.0105548204
-0.0093290900
-0.0075771622
-0.0055952558
-0.0030094814
0.0011600012
0.0058857584
0.0096272095
0.0117758353
0.0122201802
0.0117293264
0.0114380113
0.0117173110
0.0132626451
0.0165441782
0.0210428342
0.0259377994
0.0312933561
0.0355615853
0.0382745820
0.0402569464
0.0410380421
0.0392681343
0.0294574087
0.0101165601
-0.0098573731
-0.0246585069
-0.0346604702
-0.0410970725
-0.0448648319
-0.0459099046
-0.0445377591
-0.0408888045
-0.0307795156
-0.0147252145
-0.0018659716
0.0037708576
0.0036954544
-0.0015453982
-0.0126892708
-0.0252564122
-0.0368464578
-0.0463549639
-0.0524467554
-0.0552518882
-0.0546924560
-0.0467319862
-0.0213568955
0.0141383216
0.0472988306
0.0671653548
0.0704255380
0.0659790049
0.0525471757
0.0281872680
-0.0009459664
-0.0293420400
-0.0459266198
-0.0474253770
-0.0396947759
-0.0237261709
-0.0035337926
0.0159252424
0.0336159918
0.0403906619
0.0262993425
-0.0014998979
-0.0289045296
-0.0505669360
-0.0664621756
-0.0798027538
-0.0903727339
-0.0944539814
-0.0875457467
-0.0601456179
-0.0200745898
0.0094441995
0.0257654458
0.0314176817
0.0304914500
0.0251122927
0.0219236220
0.0248080855
0.0297829696
0.0329635250
0.0350045580
0.0370233854
0.0386210239
0.0384991853
0.0364447851
0.0321142202
0.0246362647
0.0156531281
0.0112783882
0.0134455661
0.0196275139
0.0278368644
0.0365722875
0.0474106336
0.0556568255
0.0564051724
0.0513185540
0.0447545293
0.0410909407
0.0417413218
0.0439124654
0.0457107097
0.0466175858
0.0452096299
0.0408073284
0.0334400792
0.0246090592
0.0153888191
0.0071863262
0.0027833501
0.0032524457
0.0049288478
0.0070277968
0.0115323422
0.0115462588
-0.0001791376
-0.0209912472
-0.0476268482
-0.0746987135
-0.0960878950
-0.1063606402
-0.1076163682
-0.1051413711
-0.1029493392
-0.1089667445
-0.1252509505
-0.1458698062
-0.1698067826
-0.1989917199
-0.2225165550
-0.2373820879
-0.2600955601
-0.2619390180
-0.2547681648
-0.2711910012
-0.2548585815
-0.2283156641
-0.1973105359
-0.0929909687
0.0214313631
0.1107818366
0.1729645553
0.2213770897
0.2595539181
0.2715076838
0.2897359913
0.2568369935
0.1848110102
0.1768068942
0.1683591332
0.1152840200
0.0545475477
-0.0122851225
-0.0708346780
-0.0969518102
-0.0978220344
-0.0763799024
-0.0389095564
0.0166998226
0.0746349055
0.0996147649
0.0928010020
0.0742375915
0.0529843386
0.0352154660
0.0238195408
0.0185212256
0.0181976026
0.0185235272
0.0144382959
0.0042684245
-0.0121386149
-0.0328068976
-0.0524798000
-0.0716570492
-0.0885838470
-0.1006873999
-0.1104505667
-0.1178411284
-0.1221094825
-0.1261319868
-0.1295947408
-0.1331150281
-0.1368388896
-0.1376325695
-0.1382258883
-0.1402098200
-0.1361282595
-0.1245333555
-0.1004845086
-0.0659584035
-0.0373610049
-0.0138733108
0.0041432104
0.0151436007
0.0226683326
0.0293061348
0.0348050485
0.0373849406
0.0364136992
0.0327106889
0.0281343149
0.0228940553
0.0137579314
0.0031905365
-0.0037742981
-0.0059999652
-0.0027404227
0.0081191771
0.0235613291
0.0373949809
0.0501500598
0.0606455905
0.0667214813
0.0680772385
0.0671998305
0.0642640265
0.0589359889
0.0556970949
0.0557556561
0.0531670217
0.0469057577
0.0389685222
0.0304762765
0.0221736996
0.0130336601
0.0043062459
-0.0014472167
-0.0026096354
-0.0028919758
-0.0067231536
-0.0126569789
-0.0178564077
-0.0215162250
-0.0227712277
-0.0210562853
-0.0204375564
-0.0224758676
-0.0243598780
-0.0245778955
-0.0220221902
-0.0166554249
-0.0134817996
-0.0153410706
-0.0180672966
-0.0183306745
-0.0159469198
-0.0148429234
-0.0165433709
-0.0201849415
-0.0262377185
-0.0353961793
-0.0439121089
-0.0507409341
-0.0552590081
-0.0561255473
-0.0540280834
-0.0474724455
-0.0348917555
-0.0193601890
-0.0073301707
-0.0020504894
-0.0028063162
-0.0081081001
-0.0158547347
-0.0235469848
-0.0282477588
-0.0320443234
-0.0354424513
-0.0360310376
-0.0338955485
-0.0294523556
-0.0222137377
-0.0108194963
0.0057224893
0.0254992616
0.0435537919
0.0575316571
0.0678732046
0.0763227711
0.0843906169
0.0929956323
0.1016028952
0.1083340674
0.1121099532
0.1124932374
0.1090931430
0.1032341278
0.0988471070
0.0977800624
0.0989228283
0.1002063470
0.1007616727
0.1006560877
0.1000051869
0.0980278258
0.0922484267
0.0800942523
0.0655926647
0.0463308006
0.0208420926
-0.0047735504
-0.0260902290
-0.0456568675
-0.0625817217
-0.0760168922
-0.0879926824
-0.0977767039
-0.1061358292
-0.1132315002
-0.1172456827
-0.1182662994
-0.1161749214
-0.1099598202
-0.0979575767
-0.0811532886
-0.0631605592
-0.0458521343
-0.0282165586
-0.0104992407
0.0043972855
0.0120310912
0.0154987772
0.0188465673
0.0219458990
0.0242145260
0.0242938285
0.0209946531
0.0157228626
0.0102174391
0.0030633115
-0.0050730353
-0.0097791693
-0.0070148184
-0.0000159226
0.0056640429
0.0085683650
0.0120614940
0.0159406223
0.0214119052
0.0293708396
0.0344383482
0.0310191443
0.0219780782
0.0117416626
-0.0011455607
-0.0169078164
-0.0311018304
-0.0393414769
-0.0425948756
-0.0422612804
-0.0368234574
-0.0284356280
-0.0206954922
-0.0124133875
-0.0032336054
0.0067622622
0.0143265214
0.0195686438
0.0260350084
0.0356220680
0.0475370055
0.0593347847
0.0716474216
0.0845671565
0.0972564224
0.1081142321
0.1168122329
0.1245178283
0.1330635751
0.1423187060
0.1519545040
0.1607091851
0.1680211830
0.1737177562
0.1764028419
0.1735639455
0.1673186468
0.1611492008
0.1549043576
0.1473445580
0.1392456105
0.1332238806
0.1255223582
0.1154275334
0.1064598160
0.0906815513
0.0706394812
0.0531181623
0.0380835040
0.0262365389
0.0174477364
0.0118740001
0.0085294485
0.0060994576
0.0032086639
-0.0025732131
-0.0118447682
-0.0223913213
-0.0319398820
-0.0406057114
-0.0481736157
-0.0541641051
-0.0580721911
-0.0551985151
-0.0390168481
-0.0168282298
0.0017818243
0.0101852285
0.0101349476
0.0056332146
-0.0003559227
-0.0066972154
-0.0137048430
-0.0207155588
-0.0271870758
-0.0327396793
-0.0381334848
-0.0445673242
-0.0526483698
-0.0630190533
-0.0746251170
-0.0851988129
-0.0951784561
-0.1026488962
-0.1069176256
-0.1087282520
-0.1090575559
-0.1082626972
-0.1065252354
-0.1036430525
-0.1001757028
-0.0971921900
-0.0944819283
-0.0913696948
-0.0880012758
-0.0849247019
-0.0824352482
-0.0804038276
-0.0786256274
-0.0734926047
-0.0566938348
-0.0316062250
-0.0072469160
0.0147819879
0.0378183194
0.0574723393
0.0708633654
0.0788936563
0.0852954913
0.0917784167
0.0973034147
0.1011916256
0.1027727834
0.1002564424
0.0947268577
0.0894153603
0.0866327107
0.0865613927
0.0831284598
0.0718478148
0.0551018344
0.0300078009
0.0029711855
-0.0234828358
-0.0463786488
-0.0646190317
-0.0796741066
-0.0936957167
-0.1034951252
-0.1082459316
-0.1078794644
-0.1038919575
-0.0992531856
-0.0953540393
-0.0946445431
-0.0992220723
-0.1083339051
-0.1210270654
-0.1326815599
-0.1393477485
-0.1411110224
-0.1376320600
-0.1291948961
-0.1127746653
-0.0936694027
-0.0780134189
-0.0670550229
-0.0602883286
-0.0560207012
-0.0532310851
-0.0505063933
-0.0469677708
-0.0425993557
-0.0374631366
-0.0314401968
-0.0242100003
-0.0152016362
-0.0042121785
0.0073671506
0.0170190579
0.0223603873
0.0218215309
0.0195355416
0.0185016737
0.0195202208
0.0229761126
0.0279091379
0.0324697828
0.0322683910
0.0215769785
0.0059045329
-0.0102720585
-0.0274235427
-0.0418988888
-0.0542900102
-0.0641697893
-0.0705217900
-0.0735846146
-0.0729076012
-0.0674413482
-0.0515500542
-0.0266662592
-0.0053225313
0.0082074773
0.0178484958
0.0272851373
0.0362841604
0.0436445306
0.0488575187
0.0528011200
0.0566360755
0.0592824725
0.0591706094
0.0570997708
0.0557178014
0.0583233874
0.0647596914
0.0733904417
0.0826959676
0.0888882354
0.0903841759
0.0881116228
0.0825550781
0.0757949866
0.0690754884
0.0629586235
0.0598649017
0.0597272526
0.0610886159
0.0635640104
0.0663396896
0.0691175667
0.0728764114
0.0792367916
0.0879872769
0.0964843908
0.1045070471
0.1106303003
0.1139167938
0.1145836020
0.1135423020
0.1104581440
0.1052800475
0.0973784705
0.0840591421
0.0676223534
0.0514395233
0.0355322000
0.0201079008
0.0096797576
0.0043078562
0.0026983044
0.0061888502
0.0118156851
0.0163943712
0.0204031045
0.0208348634
0.0174781542
0.0125808838
0.0069734287
0.0008116196
-0.0061246766
-0.0129996959
-0.0190254203
-0.0233911641
-0.0263422577
-0.0281051600
-0.0281834374
-0.0275026481
-0.0260126287
-0.0246974440
-0.0240144915
-0.0234266858
-0.0230820420
-0.0232988598
-0.0241699583
-0.0263445511
-0.0307005950
-0.0372612731
-0.0449452612
-0.0519381642
-0.0559243523
-0.0561486787
-0.0540549819
-0.0493095047
-0.0424265715
-0.0347104885
-0.0259441151
-0.0172693969
-0.0105989349
-0.0058839383
-0.0031689933
-0.0036696924
-0.0078266018
-0.0130484959
-0.0177496370
-0.0223826551
-0.0258850144
-0.0261672095
-0.0237147367
-0.0200925256
-0.0152936345
-0.0096138926
-0.0042149324
0.0012247262
0.0058024255
0.0080674111
0.0079175127
0.0062342287
0.0035794403
0.0004814774
-0.0020057517
-0.0031496211
-0.0040743027
-0.0053139695
-0.0064019133
-0.0077246279
-0.0087986718
-0.0088196026
-0.0075037509
-0.0023619748
0.0070398062
0.0164407280
0.0249874158
0.0310013234
0.0323870570
0.0312800389
0.0287972108
0.0258429001
0.0236551597
0.0224202996
0.0219822999
0.0218021094
0.0221175475
0.0241395317
0.0268873830
0.0284492342
0.0275997328
0.0230368961
0.0141313993
0.0037223529
-0.0052483232
-0.0107365961
-0.0144445702
-0.0186767988
-0.0240840602
-0.0310501214
-0.0389049858
-0.0466517446
-0.0533328517
-0.0583146261
-0.0621601648
-0.0651630326
-0.0666748911
-0.0667355239
-0.0653116903
-0.0616512259
-0.0563981981
-0.0508555431
-0.0463614829
-0.0429368326
-0.0403016242
-0.0387293514
-0.0374457947
-0.0357479128
-0.0332504766
-0.0297314577
-0.0249198161
-0.0196498135
-0.0150166421
-0.0104138553
-0.0041245705
0.0038961849
0.0110657765
0.0167731691
0.0226572272
0.0278713183
0.0317575117
0.0340538095
0.0349141484
0.0340198462
0.0305941183
0.0239241689
0.0146611595
0.0049519489
-0.0044461484
-0.0138381758
-0.0229832980
-0.0300961805
-0.0349037995
-0.0379593708
-0.0394692914
-0.0394137611
-0.0373011207
-0.0326971442
-0.0253320318
-0.0175691097
-0.0121557551
-0.0102336453
-0.0105451131
-0.0122766576
-0.0143876198
-0.0164130745
-0.0185658891
-0.0207933587
-0.0223936006
-0.0226340193
-0.0209320976
-0.0170500279
-0.0118514091
-0.0076864035
-0.0058180283
-0.0051194806
-0.0047212322
-0.0049353675
-0.0062394432
-0.0090168057
-0.0128108283
-0.0169772223
-0.0210098581
-0.0242110949
-0.0257033115
-0.0247255688
-0.0195423875
-0.0094356856
0.0013133366
0.0087854290
0.0129862251
0.0157810529
0.0170861425
0.0164272776
0.0137880312
0.0088203625
0.0031625569
-0.0007629808
-0.0017225956
-0.0010338258
0.0000368191
0.0017702263
0.0038736826
0.0056551297
0.0067733751
0.0066100555
0.0056378032
0.0046500199
0.0039193680
0.0031764541
0.0027935767
0.0035153133
0.0048229944
0.0058582034
0.0055663282
0.0041356550
0.0020634948
0.0002610030
-0.0009599341
-0.0019370328
-0.0028020433
-0.0036827626
-0.0047012679
-0.0057391221
-0.0060776075
-0.0058476404
-0.0056001678
-0.0052145522
-0.0047153992
-0.0037975597
-0.0028375942
-0.0024516151
-0.0027157166
-0.0038957589
-0.0062218481
-0.0089972025
-0.0110859330
-0.0117755819
-0.0114599344
-0.0102754846
-0.0086428752
-0.0069149022
-0.0054958024
-0.0045876971
-0.0037067799
-0.0022963464
0.0001057896
0.0040308564
0.0090903601
0.0146726949
0.0205697147
0.0259542920
0.0301209421
0.0327864657
0.0340315609
0.0337697935
0.0322382273
0.0301900949
0.0281253216
0.0255174647
0.0227586534
0.0209997720
0.0210056762
0.0232551238
0.0270306992
0.0308097795
0.0334737034
0.0350424711
0.0356013286
0.0350637717
0.0339877089
0.0326959977
0.0309922506
0.0291120184
0.0274228546
0.0256548974
0.0236545059
0.0211250804
0.0183050120
0.0160174903
0.0150440823
0.0148311531
0.0144442745
0.0140256166
0.0130933918
0.0117217493
0.0104092768
0.0087212612
0.0066565587
0.0037953342
0.0001567562
-0.0029816784
-0.0055740458
-0.0076267400
-0.0083584680
-0.0081241223
-0.0065326558
-0.0039955508
-0.0011772999
0.0008845748
0.0022293167
0.0031593556
0.0036408557
0.0032670257
0.0025705964
0.0022347301
0.0020376405
0.0019237357
0.0018036184
0.0012165559
0.0002847536
-0.0004549931
-0.0010677683
-0.0014610956
-0.0016392745
-0.0018593777
-0.0018410397
-0.0017032557
-0.0015907263
-0.0019120483
-0.0021040387
-0.0017733933
-0.0015265979
-0.0011939330
-0.0007882101
-0.0003798693
0.0003811685
0.0016944749
0.0028650036
0.0037052877
0.0044286576
0.0044497382
0.0039878266
0.0033156335
0.0019491058
-0.0001504526
-0.0030818010
-0.0057707723
-0.0075090523
-0.0082028294
-0.0073188471
-0.0046154589
-0.0009760109
0.0026768025
0.0050916373
0.0059347864
0.0056422747
0.0045644793
0.0029313415
0.0009252929
-0.0007794038
-0.0018877540
-0.0027063826
-0.0034109781
-0.0043195124
-0.0052267181
-0.0060099148
-0.0067218819
-0.0076646273
-0.0090626405
-0.0102462852
-0.0105078852
-0.0094526448
-0.0073819770
-0.0042125712
-0.0009526127
0.0019739666
0.0045576780
0.0071429545
0.0089985165
0.0095897341
0.0096458616
0.0092358897
0.0083419046
0.0070012223
0.0060349411
0.0054589033
0.0060583584
0.0079184358
0.0103807599
0.0138013040
0.0175585814
0.0200520802
0.0209369745
0.0202691761
0.0182021215
0.0148987855
0.0103581695
0.0051710750
0.0004097808
-0.0049276445
-0.0112058842
-0.0166374718
-0.0207022271
-0.0236498925
-0.0252096759
-0.0254512227
-0.0246022831
-0.0229383202
-0.0209794350
-0.0190410380
-0.0163838884
-0.0139095262
-0.0122573162
-0.0109267260
-0.0098949563
-0.0090009858
-0.0077446983
-0.0064261669
-0.0058172001
-0.0050920362
-0.0039197406
-0.0027723836
-0.0011674238
0.0007176864
0.0022288097
0.0036333034
0.0044471871
0.0033744272
0.0002238085
-0.0041939141
-0.0095224100
-0.0138771189
-0.0164725098
-0.0169365926
-0.0152259848
-0.0115679107
-0.0064708225
-0.0017043233
0.0014627452
0.0029737802
0.0024236680
-0.0001096929
-0.0034706944
-0.0066970249
-0.0095609217
-0.0116405814
-0.0128097860
-0.0133755097
-0.0135996406
-0.0136671838
-0.0138584671
-0.0139515966
-0.0138653922
-0.0134377830
-0.0122703287
-0.0098425149
-0.0066326171
-0.0030115370
0.0002454765
0.0028415322
0.0045262564
0.0053695595
0.0056209482
0.0059660143
0.0066799492
0.0071552037
0.0077766930
0.0082639690
0.0079222268
0.0068590128
0.0055347955
0.0044943302
0.0032264148
0.0023852786
0.0022581178
0.0022586150
0.0019026440
0.0013563387
0.0006038517
0.0001329293
0.0001493451
0.0000577651
-0.0007172449
-0.0016448992
-0.0027633694
-0.0037971705
-0.0046373389
-0.0051174636
-0.0051555061
-0.0048851389
-0.0037774405
-0.0025686913
-0.0018270052
-0.0014590378
-0.0016080179
-0.0019375819
-0.0026955761
-0.0036823868
-0.0045472863
-0.0049176062
-0.0043556705
-0.0027513705
-0.0006275739
0.0014771854
0.0029525525
0.0034092195
0.0033285744
0.0026405301
0.0013407974
0.0002425481
-0.0002169225
-0.0002417061
0.0001704466
0.0010067951
0.0019357535
0.0032096279
0.0051364824
0.0078425608
0.0107646442
0.0133136194
0.0154930062
0.0171457084
0.0174739509
0.0161825902
0.0132611813
0.0091126581
0.0053081937
0.0025496916
0.0010056704
0.0000339550
-0.0010419506
-0.0025268059
-0.0043291291
-0.0058333680
-0.0064533259
-0.0062099682
-0.0046878653
-0.0019532952
0.0006534648
0.0026864557
0.0040637864
0.0044890976
0.0038208651
0.0033164007
0.0033935413
0.0035610965
0.0041577642
0.0047099979
0.0048489193
0.0043588371
0.0026146902
0.0000632423
-0.0026712738
-0.0054646956
-0.0076944079
-0.0095058648
-0.0110520754
-0.0122175590
-0.0130166708
-0.0134953479
-0.0130905024
-0.0121852165
-0.0112223462
-0.0104975285
-0.0101417916
-0.0105748227
-0.0116514721
-0.0132627506
-0.0152085258
-0.0175967923
-0.0200783158
-0.0222669518
-0.0239495570
-0.0251264649
-0.0256378609
-0.0248358850
-0.0223672766
-0.0181487544
-0.0123462767
-0.0066306678
-0.0019529103
0.0010818592
0.0024691366
0.0027983155
0.0024141972
0.0011361990
-0.0008785833
-0.0032802623
-0.0058749766
-0.0080654314
-0.0095041175
-0.0096808421
-0.0093936327
-0.0089045545
-0.0079681612
-0.0065533748
-0.0048751642
-0.0031087541
-0.0011654479
0.0011505805
0.0034360325
0.0050569390
0.0057677943
0.0057275055
0.0052196740
0.0050056531
0.0050469484
0.0051362426
0.0047507669
0.0037890316
0.0023079113
0.0008271390
-0.0002154847
-0.0006964877
-0.0001469164
0.0008762956
0.0022020210
0.0039386037
0.0054814530
0.0066259587
0.0076851744
0.0084746594
0.0086177861
0.0085731189
0.0086672228
0.0092361020
0.0106923882
0.0127028286
0.0148438852
0.0167260613
0.0182766938
0.0196448447
0.0202753106
0.0202642095
0.0198501681
0.0185971604
0.0162994920
0.0134824197
0.0099605073
0.0066308134
0.0040468838
0.0027505931
0.0033969128
0.0054284139
0.0081780412
0.0109855887
0.0132588735
0.0148677114
0.0156640407
0.0157051925
0.0150338973
0.0134045398
0.0113503974
0.0092050051
0.0070499920
0.0051897579
0.0036163632
0.0027302297
0.0023743814
0.0017549824
0.0014315435
0.0012395510
0.0008936522
0.0005043103
0.0003664388
-0.0001487945
-0.0005866770
-0.0006181706
-0.0006047463
-0.0006742229
-0.0002300638
0.0002617492
0.0002817207
0.0004200750
0.0007875819
0.0010167192
0.0006500803
-0.0003362730
-0.0017195011
-0.0037460046
-0.0057587128
-0.0077164511
-0.0089714204
-0.0090475595
-0.0078043845
-0.0050948621
-0.0017076657
0.0014005873
0.0038676353
0.0062776685
0.0086827828
0.0109768742
0.0129808512
0.0144513478
0.0148304135
0.0141805546
0.0124936297
0.0096088098
0.0067056822
0.0043273343
0.0023281334
0.0008706526
-0.0000864149
-0.0006886294
-0.0013827870
-0.0017581841
-0.0024725494
-0.0036672931
-0.0050500382
-0.0068093962
-0.0087880606
-0.0109688995
-0.0130756069
-0.0141891017
-0.0145193159
-0.0142545857
-0.0130234790
-0.0107673831
-0.0084231306
-0.0055540248
-0.0023091697
0.0009438790
0.0040679283
0.0068111702
0.0083774830
0.0088503073
0.0083346842
0.0063829832
0.0038009293
0.0015253299
-0.0000736379
-0.0012954397
-0.0013333954
0.0003792919
0.0033280824
0.0070385086
0.0104232372
0.0125218856
0.0133820875
0.0130607848
0.0116440006
0.0094880846
0.0071684795
0.0052148592
0.0037650155
0.0028653318
0.0025727470
0.0033153050
0.0047125544
0.0062983837
0.0078282618
0.0093074628
0.0106305871
0.0118195521
0.0118740904
0.0106837115
0.0084094408
0.0047580772
-0.0000295278
-0.0047014863
-0.0081376465
-0.0103867193
-0.0118389409
-0.0121091897
-0.0111303468
-0.0098046650
-0.0082538630
-0.0066048440
-0.0050869529
-0.0037514569
-0.0023868787
-0.0014046183
-0.0018987914
-0.0037782069
-0.0065503304
-0.0097500320
-0.0126364381
-0.0146824220
-0.0157655249
-0.0160409692
-0.0157959388
-0.0144870488
-0.0122112032
-0.0099763359
-0.0081541227
-0.0074611173
-0.0078392086
-0.0085723891
-0.0091234518
-0.0097942381
-0.0097742266
-0.0087038037
-0.0073435206
-0.0056377859
-0.0033978049
-0.0010619012
0.0009166951
0.0025534869
0.0037644966
0.0042209643
0.0035520122
0.0021115924
0.0006949972
-0.0006331697
-0.0018000257
-0.0025370670
-0.0026695434
-0.0031719172
-0.0040220202
-0.0042668375
-0.0036515545
-0.0020928264
-0.0003832899
0.0009078172
0.0017397727
0.0023843559
0.0028853104
0.0031335311
0.0030982515
0.0027217853
0.0022312517
0.0018335020
0.0018190738
0.0022014967
0.0034161147
0.0048272218
0.0062444075
0.0075829982
0.0085708066
0.0087120986
0.0082654522
0.0072099719
0.0053088459
0.0024661680
-0.0005537089
-0.0033756094
-0.0058531780
-0.0077830452
-0.0092934150
-0.0101061505
-0.0105423877
-0.0101798394
-0.0093074447
-0.0085829233
-0.0083838806
-0.0078567019
-0.0077232615
-0.0084717503
-0.0089041097
-0.0092111125
-0.0091251930
-0.0081135456
-0.0066799690
-0.0045177054
-0.0016089558
0.0014854064
0.0043673112
0.0063500442
0.0072280981
0.0072287274
0.0070111148
0.0070635858
0.0072699233
0.0073953663
0.0076915171
0.0079761695
0.0081770143
0.0079745463
0.0073195701
0.0070752547
0.0075456580
0.0083636968
0.0089987887
0.0092633642
0.0090098847
0.0085278521
0.0079144687
0.0070447965
0.0058572459
0.0045835738
0.0034013073
0.0023682792
0.0014111992
0.0002440412
-0.0000997187
0.0005228021
0.0012992405
0.0020624863
0.0030997846
0.0041969445
0.0047590884
0.0051969148
0.0054530936
0.0053377531
0.0042264463
0.0028252096
0.0015132416
0.0001652150
-0.0011656056
-0.0021384609
-0.0026873448
-0.0027494917
-0.0029503500
-0.0038999372
-0.0053168460
-0.0065941307
-0.0077394548
-0.0084202474
-0.0087537059
-0.0087371813
-0.0080830900
-0.0070079912
-0.0057810206
-0.0045150730
-0.0035841744
-0.0031306001
-0.0026777966
-0.0024727288
-0.0026377877
-0.0023704115
-0.0016903873
-0.0005910423
0.0012414387
0.0032740160
0.0054466861
0.0076511873
0.0093736687
0.0106505759
0.0115095712
0.0118282666
0.0115263202
0.0108330808
0.0094695148
0.0074111838
0.0054765828
0.0033735016
0.0014106715
0.0003476412
0.0000058283
0.0000581574
0.0004513274
0.0009631574
0.0008852929
0.0005379817
0.0000578224
-0.0004488828
-0.0008531543
-0.0010792287
-0.0011285385
-0.0011603120
-0.0013290694
-0.0015349383
-0.0019008446
-0.0025001876
-0.0031399037
-0.0036024295
-0.0033189102
-0.0023270403
-0.0012981323
-0.0002913764
0.0007969648
0.0015089462
0.0016832023
0.0015106859
0.0011855548
0.0004238498
-0.0003949680
-0.0012104711
-0.0024514302
-0.0039460853
-0.0050388986
-0.0058603737
-0.0066210892
-0.0074366611
-0.0079517441
-0.0081816533
-0.0080919233
-0.0075504250
-0.0069184141
-0.0062291354
-0.0054912048
-0.0048518537
-0.0041891374
-0.0032706795
-0.0024447669
-0.0023016504
-0.0026958005
-0.0033064259
-0.0044132294
-0.0058932473
-0.0069730923
-0.0073994552
-0.0073956482
-0.0072255633
-0.0066306850
-0.0056869264
-0.0044981712
-0.0031423518
-0.0015732055
0.0000634384
0.0012198779
0.0018838495
0.0021879322
0.0020595986
0.0018667313
0.0018529222
0.0018761024
0.0016908541
0.0012159794
0.0007233690
0.0003605449
0.0001634547
0.0001771537
0.0003389359
0.0004979702
0.0005551897
0.0005561558
0.0002975270
-0.0001237026
-0.0005433823
-0.0008385410
-0.0010219180
-0.0010652372
-0.0009987454
-0.0007945277
-0.0004454201
-0.0000771927
0.0002905749
0.0006271384
0.0008852933
0.0010994296
0.0012740388
0.0013701017
0.0014080698
0.0013650761
0.0012984484
0.0012495855
0.0012209352
0.0012772024
0.0014174319
0.0015632213
0.0016997204
0.0018089391
0.0018814336
0.0019354497
0.0019840815
0.0020025941
0.0020103707
0.0020189197
0.0020168439
0.0019904846
0.0019469997
0.0019077736
0.0018708101
0.0018371370
0.0018068816
0.0017756489
0.0017384942
0.0016963202
0.0016574183
0.0016231928
0.0015937438
0.0015707766
0.0015482936
0.0015228314
0.0014951638
0.0014642056
0.0014319203
0.0013986312
0.0013632776
0.0013279329
0.0012925514
0.0012566113
0.0012202519
0.0011835124
0.0011470272
0.0011106129
0.0010738704
0.0010369069
0.0009994031
0.0009613484
0.0009228064
0.0008837793
0.0008442107
0.0008040317
0.0007631859
0.0007215882
0.0006791851
0.0006359349
0.0005918081
0.0005467864
0.0005008627
