0.0032701153
0.0032649305
0.0032603997
0.0032538810
0.0032456647
0.0032415226
0.0032334994
0.0032234879
0.0032153493
0.0031904769
0.0031902129
0.0032090497
0.0031671506
0.0030885439
0.0031179935
0.0031728001
0.0030656533
0.0029860455
0.0030659890
0.0031931918
0.0032213506
0.0032796377
0.0032618777
0.0032317364
0.0033025658
0.0030326169
0.0027697352
0.0030354167
0.0034199132
0.0036121485
0.0032695997
0.0029172927
0.0033178652
0.0033769133
0.0025731227
0.0023097321
0.0027656722
0.0024005025
0.0019959687
0.0023286737
0.0027053919
0.0030407224
0.0030297163
0.0024417115
0.0032052161
0.0040021125
0.0024437570
0.0012459360
0.0031787780
0.0052455938
0.0044580415
0.0030020730
0.0038559987
0.0050714697
0.0034155643
0.0011380767
0.0019561912
0.0039189064
0.0031315814
0.0029112838
0.0033698837
0.0019852547
0.0008962256
0.0015287326
0.0027175376
0.0030731865
0.0010999152
-0.0021325316
-0.0017416949
0.0023941361
0.0029572579
0.0007331145
0.0039602343
0.0092252219
0.0088009174
0.0058289062
0.0067748999
0.0069416443
0.0076847934
0.0106320588
0.0076105096
-0.0030693307
-0.0097842856
-0.0061674246
0.0012599469
0.0022065476
-0.0030265519
-0.0021009662
0.0048230908
0.0062816541
0.0002409554
-0.0000159684
0.0019195814
-0.0017849556
0.0005207519
0.0048004755
-0.0017307209
-0.0057731776
-0.0003277339
0.0057307406
0.0125519801
0.0198540599
0.0206653774
0.0165692248
0.0144600518
0.0088331485
0.0012260149
0.0051663416
0.0156573630
0.0128124634
-0.0008607701
-0.0079188774
-0.0097440370
-0.0080775292
0.0016848291
0.0077235086
0.0022469670
0.0019349865
0.0098434525
0.0077104562
0.0036236442
0.0136426172
0.0248026959
0.0231834419
0.0157995096
0.0096838539
0.0095711785
0.0121756783
0.0120541347
0.0159795585
0.0191349991
0.0146074347
0.0149552198
0.0215361249
0.0205985978
0.0217860217
0.0243796451
0.0170504567
0.0127817426
0.0093723743
-0.0010901988
-0.0049583299
0.0035696012
0.0070046462
0.0064243866
0.0124562328
0.0197916707
0.0266226487
0.0351939672
0.0351246136
0.0300085113
0.0266764657
0.0161620819
0.0068711541
0.0100039653
0.0116708933
0.0097227960
0.0124581307
0.0119175876
0.0152694714
0.0298219997
0.0408897449
0.0230063783
-0.0048916754
-0.0279351628
-0.0330096938
-0.0075401093
0.0185055616
0.0208340409
0.0095132553
0.0114571019
0.0178471861
0.0138419780
0.0148662742
0.0154241487
0.0086677852
0.0116401234
0.0227021393
0.0230443029
0.0136369135
0.0074065183
0.0085909051
0.0122965269
0.0079314195
-0.0007524867
0.0012534526
0.0149431129
0.0189705011
0.0027276331
-0.0031499988
0.0129671833
0.0222233037
0.0161662400
0.0071121842
-0.0054221774
-0.0192403802
-0.0302702198
-0.0341375585
-0.0309849469
-0.0297441332
-0.0263070246
-0.0124002368
0.0044122469
0.0159240186
0.0184800004
0.0141798058
0.0138537284
0.0101146638
-0.0067517445
-0.0284800856
-0.0331641893
-0.0117564204
0.0150486109
0.0270388190
0.0117312731
-0.0141746679
-0.0151081659
0.0120869127
0.0365471304
0.0359242511
0.0150683470
-0.0068894659
-0.0136654317
-0.0174542780
-0.0252050640
-0.0275925105
-0.0210267638
-0.0168068951
-0.0216133051
-0.0258418360
-0.0035181850
0.0433661054
0.0662218807
0.0463898504
-0.0012492021
-0.0364632063
-0.0377187007
-0.0208074327
-0.0087378059
0.0094272637
0.0395555624
0.0552319386
0.0298312790
-0.0051057300
0.0027273720
0.0336306900
0.0340142123
0.0117873633
0.0087783267
0.0190230614
0.0145540539
0.0021172513
-0.0105924511
-0.0304183621
-0.0451430002
-0.0455347624
-0.0382051427
-0.0196770337
0.0111410487
0.0290860520
0.0286968176
0.0119664057
-0.0241398224
-0.0459385232
-0.0422195570
-0.0315933049
-0.0132563766
0.0182441455
0.0323339398
0.0136578740
-0.0081058780
-0.0148577770
-0.0142706286
-0.0109151164
-0.0003998084
0.0165427626
0.0240041234
0.0030235939
-0.0363810765
-0.0494636874
-0.0250097181
0.0017458411
0.0063095307
-0.0036611662
-0.0168272005
-0.0228891384
-0.0061136613
0.0219498158
0.0265588767
0.0045463378
-0.0150655141
-0.0117147648
0.0009408413
-0.0054253587
-0.0292948556
-0.0507001929
-0.0625677088
-0.0659584054
-0.0709167735
-0.0939860737
-0.1254948270
-0.1244919227
-0.0914718980
-0.0739483396
-0.0998563687
-0.1310145068
-0.1351509990
-0.1242461919
-0.1137192781
-0.1100508599
-0.1162928064
-0.1222032981
-0.1114599131
-0.0877606665
-0.0865400244
-0.1152964889
-0.1315802468
-0.1179943578
-0.1008026637
-0.1017903566
-0.1071556455
-0.1063610844
-0.1111435450
-0.1162533984
-0.1276185593
-0.1534011685
-0.1713301057
-0.1703008916
-0.1644013904
-0.1522655872
-0.1222496072
-0.0921368335
-0.0838807215
-0.0896870637
-0.1065096600
-0.1284321449
-0.1387433870
-0.1336371278
-0.1177279071
-0.0954907717
-0.0765224380
-0.0658856236
-0.0505146130
-0.0139498157
0.0410952303
0.0902004082
0.1189621068
0.1242955426
0.1130917506
0.1001744787
0.0915356493
0.0715536482
0.0462750740
0.0488562198
0.0883854699
0.1355808787
0.1658566373
0.1761791627
0.1651211579
0.1349314055
0.1001673095
0.0646899093
0.0417053922
0.0390008729
0.0512656014
0.0793101255
0.1208446253
0.1561055264
0.1897784754
0.2428632988
0.3080581839
0.3404251468
0.3392228036
0.3273107628
0.3159196322
0.3062492208
0.2982405563
0.2895721125
0.2825053455
0.2758002278
0.2624151653
0.2409536859
0.2163874889
0.1905962090
0.1599070215
0.1263943859
0.0988880755
0.0756314125
0.0478047934
0.0253930240
0.0185009448
0.0178410898
0.0036164589
-0.0566851835
-0.1323926568
-0.1803597466
-0.1932232615
-0.1812221367
-0.1602862279
-0.1385525471
-0.1197463077
-0.1060038303
-0.0987353632
-0.1248062763
-0.2183589043
-0.2678953450
-0.3287372766
-0.4404887931
-0.5389178415
-0.4959525132
-0.5126707604
-0.4950094484
-0.4719638485
-0.3833490790
-0.2576147923
-0.1235385578
0.0088202355
0.1085210004
0.1850910364
0.2679111443
0.3587210216
0.3993048505
0.3607362688
0.3169612153
0.3492288667
0.4321812878
0.4587765352
0.3820155342
0.2898430080
0.2593468127
0.2488285370
0.1846924879
0.0708900202
-0.0325862274
-0.1024125566
-0.1591857193
-0.1905858164
-0.1812703476
-0.1486525190
-0.1183083099
-0.1050911971
-0.1015998238
-0.0926917288
-0.0848151408
-0.0990462743
-0.1242920380
-0.1476258860
-0.1634788113
-0.1656678646
-0.1604487371
-0.1552814381
-0.1599239082
-0.1745025211
-0.1891278618
-0.1913952818
-0.1893196057
-0.1864536989
-0.1816021672
-0.1715406550
-0.1645312738
-0.1690280869
-0.1817192083
-0.2079584283
-0.2390628115
-0.2317300364
-0.1710862490
-0.1161041417
-0.0977383643
-0.0841895758
-0.0584117137
-0.0358392013
-0.0246816971
-0.0360763660
-0.0703895744
-0.0752704116
-0.0324063663
0.0362085230
0.1019772309
0.1416724323
0.1594259051
0.1790357938
0.2001634194
0.2015663921
0.1829379649
0.1707287654
0.1761083920
0.1982334062
0.2148122457
0.1961626225
0.1433996952
0.0994500390
0.0773645201
0.0525908633
0.0103984704
-0.0439872752
-0.0979413192
-0.1405923272
-0.1730028353
-0.2211213858
-0.2890389108
-0.3466902819
-0.3576911730
-0.3111067878
-0.2316555876
-0.1576402554
-0.1123711088
-0.0831327131
-0.0438160672
0.0087617265
0.0428228561
0.0573588614
0.0776374056
0.1267031979
0.1965440600
0.2593161604
0.2899272584
0.2852600337
0.2610699494
0.2425825522
0.2410085030
0.2444635470
0.2244005836
0.1641938194
0.1186151371
0.1078727121
0.0906465548
0.0504726586
0.0194436249
0.0157981381
0.0180993325
0.0024691751
-0.0367972839
-0.0853465474
-0.1351755510
-0.1922306807
-0.2479656994
-0.2566227261
-0.2042972390
-0.1323143023
-0.0778057355
-0.0674671601
-0.0981947722
-0.1346014229
-0.1249590198
-0.0366146117
0.1070038505
0.2506261007
0.3357741678
0.3255191615
0.2575139784
0.1925674939
0.1672577657
0.1898616197
0.2432820634
0.2954901687
0.3126082127
0.2609889273
0.1511704312
0.0474929656
-0.0188825856
-0.0531339738
-0.0556612595
-0.0512782204
-0.0675937090
-0.0943896225
-0.1067551656
-0.1104470402
-0.1228371869
-0.1334365680
-0.1356470396
-0.1484734498
-0.1835960099
-0.2221210944
-0.2365832304
-0.2053572657
-0.1450660679
-0.0774136898
-0.0165355991
0.0162745516
0.0477637062
0.0963234055
0.1310458089
0.1319003349
0.1234047995
0.1252083832
0.1330920961
0.1393179549
0.1552853604
0.1839155922
0.1969403629
0.1574170917
0.0672630776
-0.0230915402
-0.0799777619
-0.1069368125
-0.1175123701
-0.1143008165
-0.0939257121
-0.0668956928
-0.0533371885
-0.0467936371
-0.0369691724
-0.0266600647
-0.0169581016
-0.0059651496
-0.0069400495
-0.0310437712
-0.0811282841
-0.1444293699
-0.1984980522
-0.2183721372
-0.1908251189
-0.1179311809
-0.0361359815
0.0257509310
0.0675797341
0.0672757862
0.0087642594
-0.0676257406
-0.1089401551
-0.1289626640
-0.1514376608
-0.1445928737
-0.0831890419
0.0119457459
0.1042562429
0.1714099610
0.2200164507
0.2588317331
0.2736693516
0.2536348850
0.2321740519
0.2389811184
0.2514860478
0.2600830866
0.2759483074
0.3002737613
0.3310590114
0.3641697700
0.3885900623
0.3912500994
0.3615804564
0.3028093254
0.2459509813
0.2214696269
0.2152295266
0.2120758353
0.2219073579
0.2388544451
0.2471822246
0.2368870384
0.1998581540
0.1396134015
0.0777784689
0.0366298501
0.0274970871
0.0415719324
0.0563479714
0.0620922872
0.0699353306
0.0916291971
0.1233385384
0.1426338911
0.1339778321
0.1060013371
0.0763893858
0.0568770488
0.0506851120
0.0393271015
0.0083731117
-0.0399134138
-0.0842695483
-0.1145617015
-0.1402580332
-0.1638483000
-0.1865797162
-0.2044946435
-0.2187329788
-0.2287118581
-0.2251058561
-0.2004587819
-0.1730293019
-0.1648498705
-0.1720311720
-0.1853711268
-0.1973383683
-0.2014465481
-0.2024763036
-0.1973522075
-0.1826393838
-0.1689893788
-0.1697993982
-0.1839172675
-0.1879455582
-0.1711715091
-0.1481367176
-0.1225670740
-0.0919855223
-0.0662116404
-0.0544970005
-0.0566750521
-0.0745038802
-0.1031644564
-0.1270099750
-0.1460721400
-0.1594139865
-0.1625689467
-0.1553587027
-0.1390030914
-0.1183438041
-0.1081918942
-0.1057716026
-0.0947506232
-0.0840755525
-0.0875807495
-0.0942898283
-0.0958616373
-0.1076519271
-0.1182530146
-0.1065150405
-0.0920429022
-0.0976419357
-0.1055404167
-0.1017119695
-0.0999339771
-0.1084772536
-0.1237684942
-0.1412001953
-0.1549790163
-0.1627688143
-0.1626700048
-0.1599380965
-0.1671037916
-0.1820899829
-0.1885979606
-0.1758133457
-0.1430763217
-0.0972689765
-0.0430613461
0.0024846693
0.0307443729
0.0533248112
0.0765919693
0.0940406409
0.1074617858
0.1261884224
0.1473524334
0.1598473285
0.1695425596
0.1887167019
0.2258470111
0.2743771464
0.3136817323
0.3319973518
0.3304757943
0.3128665030
0.2791596370
0.2316912935
0.1779068040
0.1337474183
0.1221258202
0.1293464412
0.1224553811
0.0909111232
0.0507280782
0.0018775855
-0.0611011622
-0.1249632957
-0.1556028594
-0.1585721663
-0.1626805804
-0.1836388405
-0.2158316087
-0.2455183108
-0.2618176667
-0.2654100425
-0.2578263565
-0.2403536828
-0.2059511234
-0.1567250145
-0.1197023575
-0.0979848029
-0.0839430814
-0.0742253840
-0.0641745239
-0.0458783001
-0.0193709356
0.0007660262
0.0199575818
0.0500562221
0.0743885014
0.0768220329
0.0568745228
0.0281801593
0.0272297152
0.0641665379
0.1144059154
0.1509082730
0.1797809138
0.2155420322
0.2515057302
0.2758948865
0.2803937137
0.2761421535
0.2788022983
0.2733885920
0.2493175283
0.1932468381
0.1348165782
0.1006303749
0.0832129608
0.0652998380
0.0495744992
0.0480743954
0.0577175540
0.0657774117
0.0654571227
0.0551950592
0.0355831791
0.0161086705
0.0076097494
0.0020551628
-0.0093898506
-0.0194564810
-0.0223347713
-0.0183574220
-0.0099961640
-0.0040951554
-0.0067938846
-0.0145947696
-0.0231835112
-0.0320875593
-0.0411640372
-0.0551960718
-0.0727309605
-0.0885938995
-0.0981923053
-0.1058279242
-0.1217919937
-0.1521447535
-0.1863051844
-0.2164278812
-0.2325524459
-0.2351194604
-0.2319040177
-0.2288934363
-0.2216486434
-0.2103903981
-0.2004339001
-0.1961582117
-0.1890277593
-0.1759321588
-0.1593541313
-0.1449534714
-0.1294894152
-0.1091321208
-0.0933640653
-0.0949587886
-0.1165756747
-0.1455841263
-0.1666485065
-0.1829805645
-0.1941036453
-0.1960338915
-0.1746115309
-0.1219628148
-0.0561474089
0.0040625127
0.0563061427
0.1013489801
0.1426783940
0.1815107209
0.2193845250
0.2583586303
0.2916793557
0.3054982613
0.2994615086
0.2799130773
0.2424643197
0.1842631142
0.1249022678
0.0877496820
0.0771777437
0.0927745787
0.1248596575
0.1547733811
0.1717012846
0.1826765215
0.1939632240
0.2036908708
0.2143545299
0.2332985575
0.2633101561
0.3001549475
0.3197258476
0.2956965973
0.2194110382
0.1075803034
-0.0298615947
-0.1785463649
-0.3086570721
-0.3938752295
-0.4241517096
-0.4197831674
-0.3920177463
-0.3420350304
-0.2834954254
-0.2206186295
-0.1480462541
-0.0697135460
0.0057934179
0.0754499302
0.1271799020
0.1480224001
0.1452726068
0.1348973206
0.1229970947
0.1133304826
0.1090439222
0.1128581781
0.1327637416
0.1503903525
0.1551509357
0.1595841268
0.1691999854
0.1805192976
0.1934592580
0.2153417057
0.2469852786
0.2788582539
0.3029921915
0.3140385432
0.3126833294
0.2950473075
0.2578978749
0.2039436622
0.1402647219
0.0804553956
0.0210105144
-0.0283717652
-0.0678677005
-0.1079907945
-0.1435852941
-0.1611137620
-0.1580337894
-0.1313641036
-0.0952048806
-0.0654310948
-0.0381057941
-0.0196009522
-0.0180233758
-0.0273496461
-0.0345937893
-0.0290581089
-0.0015613126
0.0465484920
0.0934698261
0.1361511237
0.1707603950
0.1829045360
0.1800531314
0.1717789509
0.1519653980
0.1049825511
0.0431798703
-0.0144214948
-0.0588650821
-0.0799825461
-0.0890232085
-0.0940888214
-0.0935821048
-0.0861851274
-0.0736412136
-0.0555666013
-0.0397764979
-0.0339080746
-0.0352643080
-0.0433948242
-0.0610236492
-0.0810487334
-0.0968963639
-0.1100379563
-0.1203224938
-0.1256589531
-0.1244268731
-0.1169557010
-0.1051591174
-0.0855093078
-0.0613844623
-0.0414289006
-0.0342018322
-0.0309817188
-0.0241030571
-0.0168874589
-0.0224226819
-0.0416464588
-0.0649811868
-0.0829599261
-0.0958480951
-0.1069591561
-0.1139313441
-0.1149655731
-0.1115228395
-0.1056694930
-0.0974021796
-0.0875925266
-0.0788972797
-0.0669155196
-0.0444288149
-0.0162490091
0.0111744893
0.0374684655
0.0606372081
0.0824295820
0.0978819193
0.1078427304
0.1183119691
0.1271830778
0.1325798379
0.1324741017
0.1211132027
0.0939451778
0.0577803479
0.0203384193
-0.0172588745
-0.0500732687
-0.0681370548
-0.0800497753
-0.0922065164
-0.1013893429
-0.1033747176
-0.0993793752
-0.0899803727
-0.0731768288
-0.0466362261
-0.0154675377
0.0195900195
0.0467888050
0.0598455603
0.0663947793
0.0633436471
0.0481900667
0.0294503845
0.0191303014
0.0250382418
0.0418039363
0.0593254963
0.0732603947
0.0763951495
0.0662086022
0.0502158919
0.0355892982
0.0280660487
0.0256530024
0.0238043848
0.0218705915
0.0171976452
0.0062945831
-0.0122924648
-0.0324049122
-0.0482539995
-0.0646536818
-0.0869544326
-0.1115299541
-0.1304533022
-0.1393227595
-0.1411006093
-0.1323620970
-0.1159932179
-0.0853964542
-0.0395948495
0.0067912536
0.0391771010
0.0522964508
0.0505730951
0.0358975596
0.0141608681
0.0008713679
-0.0036748557
-0.0141030909
-0.0300009557
-0.0422710410
-0.0494624882
-0.0568454494
-0.0679505847
-0.0818386688
-0.0891308056
-0.0849376255
-0.0763551531
-0.0687546157
-0.0638898472
-0.0589114173
-0.0510292491
-0.0398710290
-0.0262984616
-0.0105175399
0.0117056949
0.0325741517
0.0359632821
0.0163408477
-0.0223991230
-0.0610736485
-0.0838206626
-0.0945894979
-0.1041909593
-0.1135444530
-0.1182947156
-0.1204612880
-0.1242291222
-0.1313336616
-0.1388491391
-0.1416666652
-0.1394077980
-0.1333377355
-0.1200295478
-0.0961970566
-0.0682312540
-0.0439454969
-0.0257618303
-0.0107196088
0.0045500005
0.0203375912
0.0334970227
0.0423604511
0.0475282302
0.0492147486
0.0465621267
0.0365290702
0.0185501428
-0.0007499232
-0.0188194754
-0.0350100192
-0.0425773675
-0.0420771307
-0.0396977956
-0.0361022650
-0.0289102892
-0.0188941798
-0.0079561424
0.0032281211
0.0161623062
0.0313110383
0.0417470885
0.0471857465
0.0483517698
0.0489936784
0.0563900895
0.0666591867
0.0744443505
0.0743962770
0.0645159799
0.0523997534
0.0431145026
0.0375951131
0.0366119699
0.0394602198
0.0471645919
0.0570110058
0.0663378633
0.0719652739
0.0704227644
0.0609991025
0.0469500638
0.0333717002
0.0264359920
0.0264549688
0.0308475555
0.0370456272
0.0412184105
0.0410921950
0.0427517647
0.0457894829
0.0437906833
0.0442314416
0.0500306709
0.0559778068
0.0609877901
0.0659242809
0.0706831787
0.0720110279
0.0619582326
0.0369033936
0.0106834760
-0.0131769785
-0.0336708354
-0.0514436765
-0.0687691902
-0.0817391649
-0.0904152836
-0.0914003099
-0.0852172010
-0.0758343208
-0.0664537644
-0.0560608992
-0.0426481786
-0.0287183650
-0.0189509751
-0.0132637393
-0.0056769016
0.0057180950
0.0265136484
0.0566842203
0.0886297717
0.1136754202
0.1297320173
0.1354065265
0.1352623748
0.1324664596
0.1221822928
0.0999485659
0.0716827079
0.0468198113
0.0235747703
0.0003689629
-0.0255862106
-0.0471188469
-0.0584855828
-0.0652737849
-0.0752361815
-0.0890290944
-0.1017270694
-0.1062232048
-0.0990296975
-0.0825795024
-0.0581540503
-0.0324093522
-0.0113859765
0.0079223238
0.0266116345
0.0405585415
0.0461485127
0.0424104107
0.0418911340
0.0597885265
0.0930701844
0.1143047130
0.1182574233
0.1117721698
0.1015291862
0.0975462445
0.0972949891
0.0904580537
0.0820611805
0.0744002462
0.0646712037
0.0546285857
0.0469907840
0.0407028455
0.0347777530
0.0278786720
0.0154743898
-0.0042509859
-0.0299170137
-0.0540883827
-0.0732923011
-0.0825718753
-0.0844276731
-0.0843277709
-0.0834430829
-0.0809179518
-0.0758673608
-0.0692817115
-0.0614547815
-0.0513604665
-0.0427567010
-0.0376826292
-0.0371793519
-0.0418026446
-0.0502883785
-0.0576520591
-0.0617047561
-0.0639903066
-0.0657078993
-0.0655100290
-0.0614661751
-0.0518610485
-0.0394206339
-0.0282322031
-0.0217013541
-0.0175599441
-0.0102414190
-0.0005799299
0.0068569232
0.0107859484
0.0146646615
0.0161881754
0.0117959125
0.0079106311
0.0109853967
0.0179578321
0.0258009540
0.0352190069
0.0461241146
0.0578361150
0.0688045435
0.0755354743
0.0784329668
0.0795965257
0.0811852646
0.0823128497
0.0822354594
0.0798988190
0.0738342067
0.0623068196
0.0422198704
0.0164723178
-0.0092007101
-0.0308657441
-0.0534433572
-0.0712528169
-0.0827394690
-0.0916149074
-0.1003070582
-0.1051239798
-0.1033723249
-0.0969471696
-0.0907455609
-0.0863090675
-0.0807629921
-0.0724806536
-0.0654940059
-0.0625772412
-0.0617831002
-0.0615636516
-0.0605206327
-0.0585550620
-0.0543052626
-0.0484791154
-0.0423056676
-0.0358117600
-0.0308916113
-0.0303146514
-0.0329406279
-0.0371453728
-0.0440125056
-0.0546151852
-0.0678786202
-0.0814036779
-0.0916016146
-0.0958877962
-0.0952651465
-0.0919086792
-0.0882348319
-0.0842406558
-0.0787669365
-0.0699289660
-0.0595925511
-0.0513881337
-0.0456664481
-0.0410698366
-0.0353694816
-0.0294292647
-0.0253886968
-0.0232335460
-0.0191679546
-0.0101193054
0.0007746910
0.0096999126
0.0151088888
0.0172299044
0.0172312436
0.0151580846
0.0103939194
0.0017148540
-0.0053926008
-0.0059994106
-0.0024722608
0.0023316503
0.0088361791
0.0167584933
0.0243279800
0.0290587860
0.0314300706
0.0325025391
0.0328911004
0.0328842173
0.0340279325
0.0370939059
0.0425044595
0.0509376815
0.0611015163
0.0717686325
0.0805344969
0.0851949876
0.0880109342
0.0904636573
0.0903224990
0.0881573464
0.0869488569
0.0884788439
0.0927698288
0.0990483239
0.1047852808
0.1083282256
0.1116064009
0.1126762129
0.1126713885
0.1141803613
0.1133147408
0.1132471091
0.1185085479
0.1235495411
0.1218533215
0.1144392867
0.1032189828
0.0871054144
0.0703685243
0.0561696143
0.0446346489
0.0335777678
0.0236081460
0.0184246650
0.0142810927
0.0077324776
-0.0004253995
-0.0097185681
-0.0177803227
-0.0225956729
-0.0238953867
-0.0246519526
-0.0292265480
-0.0375106886
-0.0490681184
-0.0633054022
-0.0731046128
-0.0774182384
-0.0796633593
-0.0796611393
-0.0768019508
-0.0704331949
-0.0618881658
-0.0507781458
-0.0373853788
-0.0236127174
-0.0102147136
0.0016612056
0.0096860472
0.0163575824
0.0220035941
0.0239399308
0.0231162302
0.0203274132
0.0158909153
0.0113715130
0.0049538155
-0.0033771990
-0.0109649701
-0.0171879987
-0.0235521010
-0.0288562071
-0.0319425564
-0.0336024407
-0.0350254278
-0.0354070457
-0.0348775683
-0.0333778260
-0.0306567639
-0.0257498742
-0.0192400675
-0.0132507541
-0.0088395937
-0.0086206041
-0.0128711924
-0.0179528331
-0.0208521428
-0.0209681734
-0.0180786479
-0.0155044044
-0.0178533750
-0.0225162855
-0.0249233254
-0.0246128954
-0.0222723621
-0.0180066385
-0.0126229806
-0.0088218488
-0.0065543785
-0.0049566529
-0.0051319959
-0.0079308798
-0.0117404030
-0.0160347040
-0.0212980773
-0.0277698095
-0.0337789936
-0.0385634400
-0.0428009218
-0.0461051986
-0.0481606631
-0.0493724732
-0.0499609450
-0.0488308811
-0.0450446517
-0.0377873137
-0.0256846788
-0.0110172695
0.0012584188
0.0106294058
0.0168457482
0.0219593743
0.0247160648
0.0233055252
0.0205512267
0.0206923111
0.0214471689
0.0198725527
0.0206486869
0.0259890261
0.0344494191
0.0461248882
0.0585166627
0.0704563547
0.0803499692
0.0874299937
0.0931625129
0.0968757054
0.0964540562
0.0925844674
0.0887452915
0.0868808699
0.0876744567
0.0872904644
0.0835819898
0.0783906464
0.0727212272
0.0656187392
0.0581454527
0.0482830128
0.0349368252
0.0207283356
0.0084183867
-0.0032099345
-0.0144252257
-0.0225948800
-0.0266977730
-0.0286157147
-0.0273463292
-0.0236356141
-0.0215880310
-0.0231842202
-0.0258793718
-0.0258790130
-0.0232263013
-0.0208186656
-0.0190207943
-0.0189337950
-0.0210430534
-0.0239780112
-0.0279180431
-0.0328309340
-0.0382431924
-0.0431681301
-0.0483815382
-0.0533872850
-0.0581157522
-0.0617522633
-0.0625024404
-0.0584852138
-0.0485098248
-0.0356275122
-0.0232189938
-0.0111933638
0.0010586867
0.0132512129
0.0254291999
0.0368719943
0.0465632077
0.0551516098
0.0625275608
0.0680638124
0.0702361890
0.0687384298
0.0652030090
0.0594902525
0.0505860455
0.0391369738
0.0270482600
0.0154084501
0.0037984208
-0.0079237570
-0.0195701634
-0.0310713075
-0.0418552416
-0.0497560615
-0.0552127411
-0.0584609782
-0.0581040152
-0.0558345181
-0.0527239622
-0.0486881495
-0.0436351178
-0.0386295654
-0.0354688116
-0.0332448702
-0.0303288857
-0.0268913570
-0.0242003892
-0.0210474470
-0.0161118474
-0.0086877768
0.0004872116
0.0097392105
0.0180703717
0.0257559316
0.0330014832
0.0400682202
0.0483389233
0.0565743223
0.0620881631
0.0653718748
0.0660785516
0.0643637209
0.0602893737
0.0543323258
0.0470868864
0.0418633696
0.0396171131
0.0392622202
0.0401889939
0.0423702585
0.0461768235
0.0528296217
0.0599917021
0.0650202735
0.0669037179
0.0652659501
0.0597550588
0.0490359929
0.0359528169
0.0232629858
0.0120089638
0.0020164485
-0.0061982313
-0.0144993701
-0.0218969190
-0.0269957161
-0.0297998617
-0.0305744951
-0.0301484642
-0.0296358537
-0.0290103828
-0.0279128762
-0.0269084634
-0.0272496319
-0.0285064130
-0.0292022862
-0.0299290029
-0.0306475201
-0.0317019580
-0.0333712415
-0.0352946106
-0.0374463331
-0.0403028732
-0.0431722798
-0.0451388845
-0.0471701865
-0.0493760833
-0.0504054782
-0.0497786423
-0.0470034190
-0.0426626272
-0.0358429594
-0.0257511716
-0.0179032518
-0.0138988732
-0.0108309235
-0.0077826972
-0.0059096390
-0.0044209156
-0.0032590899
-0.0031384678
-0.0049017240
-0.0074747157
-0.0089708848
-0.0097891846
-0.0083278335
-0.0041928101
0.0016030469
0.0084941344
0.0143705588
0.0188366851
0.0228047148
0.0250870181
0.0251069579
0.0241859496
0.0219842294
0.0180555323
0.0138719496
0.0096410147
0.0047082669
-0.0003573066
-0.0050540733
-0.0082429551
-0.0096856210
-0.0101818545
-0.0080369096
-0.0018972059
0.0087767013
0.0213645284
0.0325195010
0.0398574389
0.0421959975
0.0428906209
0.0414471568
0.0366313510
0.0279430798
0.0169855013
0.0068110140
-0.0000304393
-0.0043667903
-0.0078379624
-0.0120544199
-0.0174494953
-0.0247211102
-0.0330566692
-0.0413496766
-0.0487292305
-0.0556488360
-0.0615647678
-0.0659038716
-0.0692519103
-0.0719641815
-0.0732358419
-0.0737549389
-0.0736756384
-0.0711045205
-0.0651765951
-0.0578061894
-0.0493102364
-0.0409007563
-0.0330456368
-0.0247277773
-0.0154639921
-0.0080950006
-0.0037171881
-0.0010523169
0.0006654355
0.0020658147
0.0030507978
0.0032970906
0.0039126727
0.0072219220
0.0131226316
0.0204805959
0.0281005298
0.0345705368
0.0384026712
0.0404927454
0.0426251928
0.0435120969
0.0432055060
0.0429611946
0.0426076151
0.0417997880
0.0403398745
0.0378696236
0.0351779222
0.0305203646
0.0225909419
0.0112854735
0.0003937966
-0.0060916427
-0.0094676220
-0.0122923827
-0.0144918127
-0.0151223706
-0.0154013230
-0.0169844070
-0.0201902256
-0.0236241579
-0.0260490179
-0.0273763722
-0.0276801544
-0.0263230913
-0.0239330103
-0.0213258205
-0.0182387164
-0.0138593628
-0.0085633152
-0.0027653368
0.0027344777
0.0087546012
0.0150857125
0.0194129522
0.0220123484
0.0255667739
0.0296247695
0.0341300042
0.0416778407
0.0504253605
0.0574008645
0.0604004082
0.0613144344
0.0621582351
0.0608779115
0.0585908061
0.0559115778
0.0512529387
0.0460033136
0.0418207578
0.0387131886
0.0343332619
0.0273652675
0.0185167710
0.0109448267
0.0078997514
0.0085427642
0.0115418188
0.0155505110
0.0200633285
0.0243532483
0.0270071879
0.0252715965
0.0194318525
0.0099566383
0.0005097457
-0.0072153313
-0.0128841773
-0.0178567175
-0.0223747971
-0.0263109656
-0.0278758876
-0.0275796472
-0.0265905483
-0.0250061862
-0.0227980491
-0.0209661353
-0.0221137105
-0.0239852248
-0.0253569560
-0.0271024695
-0.0283679514
-0.0295804982
-0.0308042329
-0.0315895949
-0.0325695019
-0.0348495572
-0.0373389734
-0.0391062224
-0.0400236451
-0.0399130124
-0.0389860645
-0.0367796995
-0.0334509345
-0.0290167673
-0.0228346935
-0.0153091650
-0.0081305746
-0.0034113414
0.0004712811
0.0040100028
0.0077747970
0.0117810967
0.0151784525
0.0175533777
0.0187045440
0.0178200677
0.0132847160
0.0045438695
-0.0052107760
-0.0113734090
-0.0134816566
-0.0137723376
-0.0139590072
-0.0145886462
-0.0141522121
-0.0122241058
-0.0087767765
-0.0049099928
-0.0017614256
0.0011946007
0.0040500681
0.0063225658
0.0079200723
0.0080243467
0.0083718018
0.0102717681
0.0121569339
0.0127426693
0.0130018096
0.0133292932
0.0133426836
0.0122912495
0.0098833261
0.0052559470
-0.0007771643
-0.0061643978
-0.0098602926
-0.0119133720
-0.0129028811
-0.0141029595
-0.0158067068
-0.0160138387
-0.0160812759
-0.0175248102
-0.0187350995
-0.0191815734
-0.0207212810
-0.0229654064
-0.0245286327
-0.0244059022
-0.0212017177
-0.0192460841
-0.0199259845
-0.0189827766
-0.0139386060
-0.0092988721
-0.0081007375
-0.0060292984
-0.0036219635
-0.0040025078
-0.0064268079
-0.0090088178
-0.0111469871
-0.0128906186
-0.0147248514
-0.0161634379
-0.0164588314
-0.0157089840
-0.0139489406
-0.0127821814
-0.0133562925
-0.0155300804
-0.0182359131
-0.0214193940
-0.0251746955
-0.0291079321
-0.0332511312
-0.0354263668
-0.0369723649
-0.0369418655
-0.0348767294
-0.0316334248
-0.0278271168
-0.0235188656
-0.0192020369
-0.0177423575
-0.0194338524
-0.0196727374
-0.0156542191
-0.0096166780
-0.0032900315
0.0021893307
0.0066992984
0.0107660788
0.0148170498
0.0187538817
0.0217147674
0.0233007620
0.0236373361
0.0225546963
0.0195449637
0.0159656533
0.0121804399
0.0081409805
0.0069551747
0.0089236272
0.0087563968
0.0063412222
0.0071446447
0.0110363927
0.0146700008
0.0168281418
0.0183446039
0.0190713891
0.0199349713
0.0216365339
0.0236046965
0.0259475519
0.0295574390
0.0352467543
0.0419249580
0.0490446639
0.0556297094
0.0623238205
0.0677251971
0.0708461572
0.0723008185
0.0741806298
0.0764223848
0.0779351859
0.0789139458
0.0804506917
0.0816059578
0.0818339954
0.0811262876
0.0794614603
0.0774926156
0.0746522810
0.0705285528
0.0650449202
0.0583451092
0.0494310449
0.0390141049
0.0294440665
0.0189323788
0.0097815758
0.0060382170
0.0059412382
0.0086522695
0.0115467944
0.0123924633
0.0112895787
0.0093549719
0.0072516891
0.0049007878
0.0023829995
-0.0006361595
-0.0038405544
-0.0069185898
-0.0099420121
-0.0110820136
-0.0105809049
-0.0079459466
-0.0032485602
0.0015191860
0.0058680691
0.0078507624
0.0070393347
0.0046612183
0.0015036947
-0.0021167359
-0.0050964248
-0.0077719261
-0.0105322944
-0.0132132472
-0.0168943432
-0.0218286825
-0.0264541021
-0.0293316904
-0.0309614890
-0.0311032267
-0.0298813821
-0.0279775888
-0.0260320043
-0.0238013887
-0.0216617290
-0.0207073979
-0.0208954294
-0.0222306523
-0.0243642593
-0.0274364985
-0.0306660790
-0.0345300289
-0.0381820974
-0.0410322712
-0.0427674430
-0.0434156500
-0.0433303119
-0.0422261616
-0.0402477141
-0.0372419014
-0.0338430081
-0.0307966624
-0.0277591105
-0.0240935499
-0.0194589768
-0.0126064598
-0.0031890993
0.0057953727
0.0134445301
0.0186655744
0.0212257228
0.0217871275
0.0208706485
0.0183770834
0.0138596045
0.0074589662
-0.0005819914
-0.0093910526
-0.0178098131
-0.0238707094
-0.0279409840
-0.0301267908
-0.0317768420
-0.0321352526
-0.0324657386
-0.0324179107
-0.0309315513
-0.0289301976
-0.0264120590
-0.0237237816
-0.0211775119
-0.0189036339
-0.0169869510
-0.0155683925
-0.0135456080
-0.0107984059
-0.0058531464
0.0020081888
0.0109562775
0.0180086744
0.0228551436
0.0260216397
0.0264462216
0.0243440138
0.0214552673
0.0178352464
0.0138881793
0.0101259630
0.0061752402
0.0018806906
-0.0016359198
-0.0039163141
-0.0060279893
-0.0081785009
-0.0102205863
-0.0124227033
-0.0150170699
-0.0181262579
-0.0214771018
-0.0244296751
-0.0264309209
-0.0280930587
-0.0302913268
-0.0322176072
-0.0326913745
-0.0317265988
-0.0303761760
-0.0296446473
-0.0306336852
-0.0333664178
-0.0357433437
-0.0370573698
-0.0374341336
-0.0368528862
-0.0349324444
-0.0322050445
-0.0289809660
-0.0257837086
-0.0232961377
-0.0211906649
-0.0190238242
-0.0173749409
-0.0163307806
-0.0151655113
-0.0143599480
-0.0143110047
-0.0143814474
-0.0148234987
-0.0149330504
-0.0151919799
-0.0156176474
-0.0154743002
-0.0160391021
-0.0168392867
-0.0170393254
-0.0168536153
-0.0164745296
-0.0161410038
-0.0147398645
-0.0131685272
-0.0113943178
-0.0075199214
-0.0033616629
-0.0000056254
0.0037543065
0.0076433850
0.0106838386
0.0119288989
0.0110886589
0.0090598191
0.0065192997
0.0040400261
0.0019834056
0.0004822489
0.0004606549
0.0021951978
0.0048890210
0.0073160857
0.0083721846
0.0074859483
0.0042079009
-0.0002514116
-0.0036955716
-0.0066203552
-0.0098784189
-0.0137621296
-0.0175275604
-0.0199086374
-0.0190751230
-0.0160368786
-0.0152893982
-0.0174699979
-0.0174464442
-0.0128110164
-0.0078265707
-0.0050743010
-0.0031939738
-0.0009026530
0.0020839050
0.0047262029
0.0066313793
0.0088891194
0.0110712217
0.0126232181
0.0145645012
0.0165128483
0.0181237246
0.0192779507
0.0205466093
0.0215324061
0.0224644929
0.0232280625
0.0241271718
0.0251187712
0.0257228090
0.0259713840
0.0266516383
0.0275661131
0.0288113153
0.0302395280
0.0321914330
0.0341831420
0.0356774635
0.0374765872
0.0396494234
0.0419412194
0.0433658817
0.0439788307
0.0445000099
0.0441904861
0.0426267232
0.0412384360
0.0389383195
0.0348020278
0.0285912589
0.0219938389
0.0165367845
0.0116857515
0.0076502224
0.0054933339
0.0057882628
0.0076749999
0.0078564324
0.0064370487
0.0064198160
0.0078475270
0.0076008558
0.0065097218
0.0082731854
0.0090713701
0.0047016791
0.0004548326
0.0014511284
0.0014479250
-0.0018804390
-0.0052106929
-0.0079234136
-0.0109288395
-0.0140359022
-0.0162561474
-0.0174665666
-0.0179056644
-0.0186164470
-0.0202175890
-0.0224273413
-0.0241856056
-0.0221203882
-0.0166328121
-0.0115839342
-0.0073247869
-0.0051441095
-0.0057449255
-0.0052847544
-0.0025656036
0.0004761073
0.0031280684
0.0057035615
0.0073925257
0.0077980141
0.0082809459
0.0092087851
0.0100669915
0.0103852753
0.0104287244
0.0108766988
0.0121391721
0.0143237971
0.0164350463
0.0173366112
0.0177704107
0.0177099192
0.0169920644
0.0150610789
0.0123299864
0.0098498485
0.0086359698
0.0088010479
0.0100004290
0.0120108807
0.0144757825
0.0170971783
0.0194758514
0.0217234213
0.0238039527
0.0252160034
0.0261444998
0.0268842352
0.0267153880
0.0256500047
0.0237710700
0.0211142275
0.0180731948
0.0155618702
0.0139198893
0.0121995687
0.0102230074
0.0092168727
0.0078791414
0.0062707727
0.0041950026
0.0020952572
-0.0000214271
-0.0011532037
-0.0012837434
-0.0012539833
-0.0015007303
-0.0019200630
-0.0018975501
-0.0010074599
-0.0004996102
-0.0005149304
-0.0005037752
-0.0003933940
0.0005609591
0.0013499464
0.0015035874
0.0014744714
0.0011652667
0.0002128399
-0.0011200318
-0.0030695852
-0.0042128240
-0.0044663277
-0.0045129863
-0.0057321833
-0.0072436593
-0.0087510830
-0.0101628979
-0.0109565079
-0.0118566096
-0.0124491816
-0.0122665426
-0.0119157591
-0.0115163266
-0.0110688450
-0.0101805621
-0.0092041243
-0.0086040567
-0.0096465305
-0.0111479363
-0.0123166051
-0.0138629810
-0.0152407626
-0.0161080753
-0.0170095325
-0.0180978152
-0.0184327671
-0.0182167216
-0.0178346348
-0.0181598288
-0.0190911239
-0.0196475854
-0.0191104456
-0.0184363436
-0.0184455174
-0.0173925466
-0.0152370257
-0.0132364542
-0.0122393807
-0.0113175083
-0.0094524660
-0.0077501914
-0.0065077016
-0.0048673099
-0.0041621900
-0.0039459071
-0.0032660468
-0.0029814143
-0.0028964251
-0.0025220774
-0.0016891186
-0.0004903333
0.0006106501
0.0031214812
0.0051652212
0.0042130281
0.0010768064
-0.0015374522
-0.0014472005
0.0018195994
0.0067320992
0.0112237462
0.0143837536
0.0170288902
0.0201111801
0.0235244474
0.0266906659
0.0295153492
0.0310531906
0.0309082586
0.0295223579
0.0271520994
0.0241457821
0.0210343680
0.0173912955
0.0150192061
0.0157395770
0.0155931168
0.0109800109
0.0049496932
-0.0007947468
-0.0059094349
-0.0074215351
-0.0058473196
-0.0049912660
-0.0055349330
-0.0058583547
-0.0065886983
-0.0075872207
-0.0081933470
-0.0086289630
-0.0087351010
-0.0083325780
-0.0079472690
-0.0078106131
-0.0082729854
-0.0081286067
-0.0058295535
-0.0029443544
-0.0011458581
0.0001567640
0.0027299613
0.0054298985
0.0066544002
0.0058404205
0.0042903465
0.0018902216
-0.0022049180
-0.0069226425
-0.0118471532
-0.0168690475
-0.0201817766
-0.0196488881
-0.0178097982
-0.0184274349
-0.0207097237
-0.0222605678
-0.0218490413
-0.0197493653
-0.0167785251
-0.0134205792
-0.0108432454
-0.0120843002
-0.0169017503
-0.0214299145
-0.0233888497
-0.0231251995
-0.0212236096
-0.0182079840
-0.0155821308
-0.0149458945
-0.0145756268
-0.0122978286
-0.0096182630
-0.0070085539
-0.0039974086
-0.0019772149
-0.0027681402
-0.0048314468
-0.0073696491
-0.0099708152
-0.0110349892
-0.0095945324
-0.0072869658
-0.0072501498
-0.0100867256
-0.0140789000
-0.0172836009
-0.0203076112
-0.0229097732
-0.0228853814
-0.0202816708
-0.0194257085
-0.0195846366
-0.0163697538
-0.0104098100
-0.0043535743
0.0022689739
0.0075171559
0.0113502097
0.0139640759
0.0143146143
0.0123112968
0.0096829388
0.0078046258
0.0071584588
0.0072606346
0.0076873178
0.0084904829
0.0097449887
0.0106847014
0.0130351510
0.0160887810
0.0157638025
0.0138966997
0.0147205882
0.0176901893
0.0176423794
0.0151217237
0.0150294388
0.0176051084
0.0199374929
0.0207943607
0.0207318529
0.0193961303
0.0173884522
0.0148705933
0.0117484969
0.0081714407
0.0061179304
0.0055347943
0.0051501454
0.0042424635
0.0027167175
0.0016117409
0.0016586558
0.0014923850
0.0016549087
0.0022375179
0.0026814792
0.0039578722
0.0060663587
0.0088157244
0.0122467852
0.0162517281
0.0189522446
0.0179754382
0.0140579307
0.0103498968
0.0088272306
0.0100063170
0.0126790815
0.0141160466
0.0127840635
0.0097625688
0.0078949324
0.0075347451
0.0058528139
0.0009862630
-0.0044114608
-0.0088919350
-0.0126357603
-0.0149725169
-0.0157191445
-0.0146988774
-0.0127520553
-0.0109358477
-0.0081346878
-0.0053845195
-0.0033786040
-0.0016092923
-0.0001580146
0.0008121844
0.0011117970
0.0012686805
0.0013878833
0.0018033870
0.0022823862
0.0030589339
0.0038802980
0.0034273187
0.0027859877
0.0020573555
0.0016998116
0.0010316527
0.0006308119
0.0006640643
0.0005624701
-0.0002855877
-0.0025374289
-0.0043501669
-0.0054610043
-0.0065760230
-0.0066392913
-0.0050695808
-0.0027963822
-0.0010087735
-0.0007701105
-0.0022551340
-0.0044995469
-0.0066094308
-0.0082324034
-0.0076601238
-0.0051675240
-0.0036791011
-0.0040125473
-0.0045702284
-0.0047545237
-0.0049568659
-0.0062874948
-0.0076829989
-0.0077787804
-0.0081513455
-0.0088635319
-0.0102702787
-0.0122764316
-0.0133125571
-0.0148419206
-0.0163842598
-0.0171662713
-0.0162334735
-0.0140567598
-0.0110123662
-0.0075045122
-0.0042665844
-0.0020037068
-0.0000531558
0.0016660127
0.0029403091
0.0042801904
0.0046502040
0.0050454557
0.0055507856
0.0053459269
0.0050266492
0.0047664244
0.0037565303
0.0024716924
0.0014186629
-0.0001645093
-0.0018007668
-0.0031731974
-0.0049938026
-0.0072638486
-0.0087057198
-0.0088320103
-0.0083391776
-0.0079748687
-0.0074713196
-0.0068134559
-0.0057972476
-0.0061320397
-0.0072197760
-0.0075915136
-0.0072771546
-0.0065890265
-0.0060516000
-0.0058455545
-0.0060972875
-0.0057327089
-0.0035748314
-0.0007748114
0.0011264320
0.0027272329
0.0045461826
0.0060837197
0.0082040293
0.0116757569
0.0143330951
0.0148149958
0.0145330843
0.0137724760
0.0110265801
0.0066541685
0.0020125477
-0.0010158156
-0.0029040115
-0.0052524081
-0.0064760208
-0.0059684275
-0.0045563849
-0.0036955079
-0.0028576265
-0.0014208533
-0.0000504306
0.0012832736
0.0029774909
0.0035276301
0.0034044115
0.0025741514
0.0016228851
0.0008171544
0.0008758918
0.0014994502
0.0012154050
0.0000749046
-0.0008902575
-0.0018250738
-0.0020333845
-0.0011027355
0.0000114331
0.0012578077
0.0030681339
0.0041673612
0.0055062406
0.0064674450
0.0065650733
0.0060838653
0.0063982842
0.0057537255
0.0056030454
0.0058417632
0.0071143542
0.0092179604
0.0108450412
0.0122949305
0.0138424823
0.0154677574
0.0166376202
0.0177145083
0.0183786929
0.0187480716
0.0187671428
0.0183973671
0.0172872657
0.0155278292
0.0138401124
0.0121002795
0.0111694283
0.0107241553
0.0104598600
0.0102038329
0.0101704134
0.0097850224
0.0096616949
0.0100690306
0.0104655385
0.0113803470
0.0128647146
0.0144968653
0.0157551661
0.0165659856
0.0170166071
0.0175103034
0.0183735118
0.0189237248
0.0188480762
0.0184565685
0.0177298712
0.0166393005
0.0155976281
0.0142436169
0.0130014518
0.0117798096
0.0109088588
0.0107426332
0.0108702429
0.0106179575
0.0102009115
0.0098809716
0.0095368088
0.0082913690
0.0067173832
0.0053984508
0.0036287395
0.0017009307
0.0002772715
-0.0007957808
-0.0015855648
-0.0018144073
-0.0014857465
-0.0004620700
0.0005939778
0.0008246294
0.0009652184
0.0015348344
0.0010719968
0.0000514898
-0.0007781850
-0.0016408454
-0.0022085337
-0.0027609878
-0.0034110307
-0.0043247990
-0.0057280831
-0.0077201844
-0.0101815091
-0.0132007426
-0.0165293905
-0.0193217429
-0.0215432518
-0.0229347676
-0.0234541576
-0.0234761489
-0.0227733421
-0.0214181922
-0.0202515746
-0.0195308622
-0.0189880070
-0.0183567373
-0.0175784126
-0.0167092726
-0.0165677955
-0.0170428246
-0.0174548137
-0.0179045525
-0.0182463442
-0.0189930284
-0.0200555534
-0.0208437573
-0.0216564971
-0.0222677200
-0.0231137384
-0.0234307561
-0.0230475483
-0.0226080908
-0.0216470716
-0.0201621139
-0.0182244804
-0.0154674018
-0.0131108527
-0.0111162856
-0.0091056557
-0.0075237758
-0.0059940832
-0.0040358554
-0.0024837305
-0.0013039631
0.0004105846
0.0022004234
0.0035273975
0.0040098210
0.0039778934
0.0038520805
0.0034727238
0.0030952041
0.0026844002
0.0020361795
0.0011498444
0.0004200309
-0.0005392055
-0.0017281230
-0.0024329179
-0.0026287077
-0.0026753264
-0.0026945183
-0.0023602705
-0.0020346606
-0.0019227573
-0.0016051264
-0.0009300431
0.0000821860
0.0011167175
0.0021113701
0.0031306633
0.0039141447
0.0044267735
0.0049981936
0.0056659629
0.0064365269
0.0069572793
0.0072717672
0.0073375726
0.0071824624
0.0068603317
0.0062486322
0.0053971748
0.0045841798
0.0035826117
0.0030678052
0.0025505099
0.0018512907
0.0015634504
0.0017148652
0.0020661843
0.0024425418
0.0026386009
0.0027426061
0.0029940804
0.0032704308
0.0032327877
0.0030069270
0.0028202540
0.0027614653
0.0025982180
0.0022153892
0.0015069796
0.0008941074
0.0002726719
-0.0004480250
-0.0009720472
-0.0011336233
-0.0012688077
-0.0014090202
-0.0015139626
-0.0017231313
-0.0018973725
-0.0020044657
-0.0021222751
-0.0022252492
-0.0023552534
-0.0025545537
-0.0027320742
-0.0029638474
-0.0030401932
-0.0030305622
-0.0030767511
-0.0031147405
-0.0030855759
-0.0030319686
-0.0030262780
-0.0030681092
-0.0031444256
-0.0032338524
-0.0033102330
-0.0034338508
-0.0035169864
-0.0035340115
-0.0034105005
-0.0032434533
-0.0029826755
-0.0025756907
-0.0021156368
-0.0016446907
-0.0011476190
-0.0007222064
-0.0003602133
-0.0001070668
0.0000982949
0.0003465288
0.0006125350
0.0008153196
0.0010139284
0.0012400611
0.0014616554
0.0016334473
0.0017469290
0.0018625728
0.0020034357
0.0021586293
0.0022704880
0.0023389857
0.0024033669
0.0024240870
0.0024019304
0.0024110971
0.0024252690
0.0023928206
0.0023651039
0.0023302928
0.0022909577
0.0022658616
0.0021918851
0.0020951298
0.0020325571
0.0019622304
0.0018780098
0.0018064884
0.0017619244
0.0017356941
0.0017205616
0.0017023954
0.0016788332
0.0016580615
0.0016361251
0.0016135819
0.0015883456
0.0015586697
0.0015299146
0.0014967678
0.0014604436
0.0014281194
0.0013981566
0.0013676325
0.0013365553
0.0013046450
0.0012710807
0.0012378166
0.0012043101
0.0011689946
0.0011337522
0.0010976955
0.0010603620
0.0010214062
0.0009816864
0.0009413899
0.0008998077
0.0008576676
0.0008148104
0.0007714519
0.0007278352
0.0006839770
0.0006400755
0.0005961864
0.0005522006
0.0005081117
0.0004639098
0.0004195912
0.0003751404
0.0003305484
0.0002858356
0.0002410203
0.0001961212
0.0001511585
0.0001061459
0.0000610967
0.0000160238
