-0.0009185347
0.0017520994
0.0030143837
0.0003365776
-0.0015872789
-0.0001837905
0.0050486327
0.0049667188
-0.0041995220
-0.0065746214
0.0005629078
0.0039783072
0.0017640332
-0.0042779022
-0.0025988172
0.0015604745
-0.0042090689
-0.0032962763
-0.0072420560
-0.0045079609
0.0001539466
0.0008862856
0.0019618928
-0.0042338446
0.0076433553
0.0091492306
-0.0077019676
-0.0057336771
0.0006510418
-0.0043509936
-0.0035778351
-0.0025679659
0.0044529896
0.0033924860
-0.0018417017
-0.0051516900
-0.0145301366
0.0016425548
0.0088766371
-0.0011555600
-0.0001944698
0.0010371552
0.0031396168
-0.0008762835
-0.0027107745
-0.0052701151
-0.0047531545
-0.0084473339
-0.0078370229
-0.0041491825
0.0093746279
0.0068719977
-0.0073956592
-0.0031905751
-0.0084324983
-0.0063379208
0.0066356810
0.0099907241
-0.0023703035
-0.0013086326
0.0072275205
0.0005360369
0.0050350512
0.0063387234
0.0020273033
-0.0084831610
-0.0073483601
-0.0193455822
-0.0138957154
0.0043884344
0.0001876074
0.0150450240
-0.0047859314
-0.0193780111
0.0104364229
0.0033463955
-0.0092290858
-0.0071936600
-0.0093488533
0.0088758066
0.0150719294
0.0143845204
-0.0156189777
-0.0207052588
0.0001835810
-0.0020568583
0.0067850115
-0.0026859599
-0.0001988276
-0.0062868643
-0.0029181201
0.0012845667
-0.0024406181
0.0169067968
0.0103777907
0.0088301970
-0.0141821702
-0.0370414023
0.0091553382
0.0394522400
0.0235899639
0.0054751912
-0.0051470071
-0.0230028435
-0.0307728921
-0.0058467927
0.0278974728
0.0088671754
-0.0279360100
0.0071212849
0.0223374130
-0.0042285467
-0.0140490000
-0.0138679330
-0.0168347909
-0.0001998505
0.0118563389
0.0075145485
0.0044341839
-0.0278668587
-0.0335820099
0.0000028708
0.0270191999
0.0234079422
-0.0244246317
-0.0229753607
0.0064552122
-0.0012730304
0.0020715288
-0.0039782489
0.0179802368
0.0261407595
0.0165095419
0.0069798644
-0.0144900847
0.0137028789
0.0180091663
0.0157276884
-0.0125695520
-0.0390798389
0.0013025521
0.0058260896
-0.0266156231
-0.0144502442
0.0046602056
0.0046087118
0.0077366080
0.0209111425
-0.0095272559
-0.0283404753
0.0045695831
0.0272471424
0.0162358772
-0.0182088241
-0.0294749327
0.0114222004
0.0375606075
0.0047031021
0.0056730222
-0.0128167073
-0.0332407856
0.0087322929
0.0101042592
-0.0010675021
-0.0027553511
0.0069048379
0.0352962749
0.0188444743
0.0174846920
-0.0248293428
-0.0161419415
0.0193276846
-0.0045387907
-0.0069901308
-0.0144500493
-0.0195479706
-0.0086379447
0.0337378029
0.0066367193
-0.0276852344
-0.0183093577
-0.0068626386
0.0117295489
0.0151217605
0.0171968602
0.0201144865
0.0127295205
0.0137718162
0.0017463351
-0.0104971865
0.0016348222
0.0160152413
0.0182657811
0.0066290560
-0.0071140266
-0.0000181524
-0.0020331490
0.0010998238
0.0172221728
0.0238759374
0.0030037565
0.0009137081
0.0068039022
0.0146715661
-0.0048228478
-0.0099608192
0.0267267165
0.0318740384
-0.0049141476
-0.0294542205
-0.0129698394
0.0149677976
0.0145899177
0.0065328026
0.0040849118
-0.0201933505
0.0017784716
0.0347581739
0.0296237508
0.0175867942
0.0296760159
0.0150793589
-0.0023524845
-0.0136182765
-0.0128763930
0.0117811502
0.0093362802
0.0297634659
0.0304647059
-0.0031697439
-0.0082117611
0.0033106889
0.0163430618
0.0088326392
0.0002697972
-0.0061648382
-0.0027450091
0.0028121681
-0.0023506068
0.0160938693
0.0275235693
0.0317051747
0.0232082880
0.0180344253
0.0115200613
-0.0021568442
-0.0092513802
0.0127905754
0.0282551613
0.0377275990
0.0463086489
0.0366706662
0.0196782988
0.0029916104
-0.0182659587
-0.0027388513
0.0291562198
0.0263773728
0.0017188378
0.0124080644
0.0166391283
-0.0240227094
-0.0389866719
-0.0245619439
-0.0301209901
-0.0359630658
-0.0233383699
0.0032429730
0.0239663620
0.0392806412
0.0471176112
0.0405490301
0.0178741971
0.0013923761
0.0177298653
0.0609654477
0.1126551704
0.0913546941
0.0676177209
0.0528539567
0.0350367280
-0.0047060731
-0.1230120906
-0.1871871618
-0.1392527533
-0.0945928159
-0.0776877566
-0.0803332524
-0.1869560088
-0.2798852667
-0.2722632513
-0.1776208335
-0.1044727358
-0.0626492157
0.0114555302
0.0673076754
0.1150324849
0.2389245121
0.2766483361
0.2246907674
0.2060133488
0.1834102201
0.2266958200
0.2699358169
0.3052851103
0.2910306240
0.1558855010
-0.0145330950
-0.1289263904
-0.2220258490
-0.4213120610
-0.5167602978
-0.5202282819
-0.4907325150
-0.3121276398
-0.2095501652
-0.1522436473
-0.0499267067
0.0651541270
0.1760589092
0.2147290262
0.2250125982
0.2317214564
0.1684638460
0.0377529238
-0.0679540833
-0.1259280520
-0.0717066334
0.1498471637
0.3413317797
0.3430428416
0.3179609514
0.2228249093
0.1136373590
0.1930861681
0.2043292027
0.1155493634
0.0428067565
-0.0121371352
-0.1216507657
-0.1500063630
-0.1772507565
-0.2056190440
-0.2366877980
-0.3103543208
-0.3669099190
-0.3886389367
-0.2697035563
-0.0963546521
0.0412466379
0.0247091393
0.0476095747
0.1180302546
0.0712917144
0.1562453237
0.2381849602
0.2283934175
0.2072527722
0.3423403289
0.3433549381
0.1873504680
0.1236692326
-0.0304655203
-0.1504470848
-0.1956625173
-0.2359042038
-0.1876960850
-0.1789354432
-0.1811640548
-0.1527723127
-0.1484601696
-0.0549765102
-0.0421435710
-0.0239257390
0.0604505070
0.0846116551
0.1061959634
0.1158749957
0.1119756301
0.0834220355
0.0745640806
0.1269189770
0.1181235791
0.0427508188
0.0203152087
-0.0432249697
-0.1103401177
-0.0814500779
0.0218955812
0.0447684161
0.0157185162
0.0748731853
0.0584253382
-0.0184424467
0.0122648131
-0.0007696164
-0.0805363875
-0.0708005871
-0.0035100672
0.0281191031
0.0500967927
0.0641399021
-0.0069429670
-0.0808693295
-0.0379069613
-0.0227815268
-0.0145211136
0.0127259622
-0.0179608859
0.0283046843
0.0749952060
0.0632413044
-0.0306943454
-0.0993173028
-0.0831755413
-0.0748015614
-0.0715372109
-0.0609869567
0.0122127394
0.0217560533
-0.0518024863
-0.0759800356
0.0236157073
0.0812031771
-0.0318161846
-0.0625674807
-0.0260198074
-0.0243134253
-0.0159653295
-0.0667944581
-0.0880924106
-0.0507342881
-0.0699743397
-0.1243709708
-0.1294160083
-0.1037211171
0.1026520682
0.1594191996
-0.0091317455
-0.0779478569
-0.0924552433
-0.0613992842
0.0371674398
0.0469817979
0.0454772528
0.1654425150
0.1711398354
0.0554189168
-0.0673970043
-0.0773288015
0.0196521637
0.1662415001
0.0676365591
-0.1463092659
-0.0249014249
0.0189104186
0.0432094818
0.0754096337
0.1978414379
0.3149877819
0.2935161539
0.3109731815
0.2570669737
0.2010374886
0.1299968594
0.1135189033
0.1199459794
0.0978471632
0.0563692888
-0.0423376064
-0.0728081892
-0.0336798410
0.2070383748
0.2957039886
0.2597668828
0.3650127199
0.3690805374
0.1804182362
-0.0446969700
-0.0574033281
0.1252228046
0.0345961122
-0.0575261254
0.1651895277
0.0908177851
0.1242432054
0.0166156712
-0.2245845124
-0.0084215368
-0.1855321670
-0.2239630999
0.0253420693
-0.0013292738
-0.0290918462
-0.0602255553
-0.2336809234
-0.3266613271
-0.2868284825
-0.3217367123
-0.1932419271
-0.1928008833
-0.3913858922
-0.3522864082
-0.4456708761
-0.5714221179
-0.5342288096
-0.3773742571
-0.3140960846
-0.2415209953
-0.2227345063
-0.3131977777
-0.3433953772
-0.3445720078
-0.4383828283
-0.4739887220
-0.2223680163
-0.2451620000
-0.3728285878
-0.3246565170
-0.4150830796
-0.1977792965
-0.1907145807
-0.2847500233
-0.0951279423
-0.0261305541
-0.0920307996
-0.1729308703
-0.1887695480
-0.2173152214
-0.1471286517
0.0387224328
0.1742207213
0.2271188925
0.1572907057
0.1126594814
0.2306672150
0.2544916940
0.2264752013
0.3614293604
0.3722050078
0.3577899963
0.4411200479
0.4733731746
0.5153145344
0.5466495726
0.6072958152
0.5745768617
0.4490602481
0.4362214285
0.4113132575
0.2184251800
0.1796191946
0.3364389657
0.2724228365
0.1786620209
0.3523813645
0.3398595801
0.0435662357
-0.1134637356
-0.2643915881
-0.4075374357
-0.2839000739
-0.2805634213
-0.4015420473
-0.3026018781
-0.3584799442
-0.4635774955
-0.4994655138
-0.5193251295
-0.5452945323
-0.5148566593
-0.2029829285
-0.0347278736
-0.1629521687
-0.0316934067
0.1185648659
0.0062677743
-0.0062916153
0.1983303638
0.2396703173
0.1604247321
0.3056395945
0.3090917091
0.2273242755
0.2598756843
0.2545917667
0.2915839719
0.2468030865
0.2137114446
0.2118366186
0.1811814717
0.1723645900
0.1479051226
0.1104841578
0.0947187562
0.1260496140
0.0680348287
0.0318774164
-0.0165226093
-0.0926105302
-0.1115711774
-0.0962896343
-0.0994395427
-0.1420009774
-0.2050911521
-0.2098750387
-0.2235766737
-0.1318973770
0.0807763774
0.1342033946
0.1292026837
0.0199393940
-0.1362550183
-0.1901670252
-0.0474622265
0.1036629325
0.1805472406
0.1941897609
0.2158079692
0.2129305806
0.1761495816
0.1737479192
0.1864617614
0.2594213940
0.1984319448
0.1066299869
0.0411393030
0.0261438736
0.1247371376
0.1431864798
0.0604805567
0.0307746064
0.0335083693
0.0468498361
0.1618920036
0.1291089529
-0.0725977222
-0.1322548624
-0.1221488805
-0.1733931203
-0.1568852140
-0.0451869436
0.0665873823
0.0904479017
0.0530593799
0.1172417254
0.1386052330
0.1104012131
0.1240215111
0.0094839210
-0.0836827689
-0.0354985011
-0.1108463289
-0.1456716234
-0.0642944351
-0.0935133983
-0.0718979472
-0.0629403187
-0.1150547939
-0.1291826470
-0.2092325536
-0.2484378814
-0.2172806638
-0.2156101883
-0.1266984063
-0.0727221230
-0.1106897271
-0.1104029234
-0.1773534340
-0.2858296120
-0.2755989362
-0.2290628908
-0.2459048048
-0.1038284919
0.0772565413
0.0829242267
0.0544495016
0.1634757066
0.0231099585
-0.2787906679
-0.1062969667
-0.0084022023
-0.0697853912
0.0126894803
-0.0668641708
-0.1174228673
0.0038491225
0.0433080322
0.0788659654
0.1381250663
-0.0001065748
-0.0697791900
0.0127421473
0.0233554839
-0.0143831224
-0.0437256095
-0.0821404731
-0.0301171744
-0.0101881399
-0.0267132585
0.0567736642
0.0802918633
0.0880066323
0.0936191896
0.0085809038
-0.0163456031
0.0311113867
0.0254501962
0.0800274332
0.1763304944
0.0724821254
-0.0020967616
0.0002846508
-0.0432519929
-0.0472087312
-0.0015527392
0.0423231713
0.0524498329
0.0509192234
0.0522896063
0.0497453385
0.0925806906
0.1122953131
0.0938264720
0.0956260759
0.0643995365
0.0329280380
0.0197079094
-0.0011916638
-0.0211149792
-0.0068731225
0.0463594747
0.0758909261
0.0587729032
-0.0110378297
-0.0851964557
-0.1370648978
-0.1484176956
-0.0847809281
0.0472792457
0.2104455706
0.2344603781
0.1821987247
0.2223300289
0.1790216632
-0.0068144494
-0.0450175407
0.0169951528
-0.0302250002
-0.0090690977
0.0493840384
0.0537128168
0.0331479776
-0.0089614793
0.0124576190
0.0627872088
0.0949664759
0.0401359164
-0.1073596313
0.0165821881
0.0711285569
-0.1280619322
-0.0490272063
0.0343654011
-0.0532579681
-0.0547280562
0.0017234308
-0.0810659231
-0.1097118268
-0.0937236817
-0.0912686817
0.0626120277
0.0970349275
0.0182543245
-0.0279134691
-0.0298849236
0.0080011512
0.0536561303
0.0780605301
0.0468878427
-0.0183626402
-0.0581249178
-0.0278480755
0.0416720454
0.0458985622
0.0353584319
-0.0133316781
-0.0499777339
-0.0181710940
-0.0270988388
-0.0528551312
-0.0591689406
-0.0319698795
-0.0115822535
-0.0325610088
-0.0385136083
-0.0074634565
0.0061846850
-0.0033106773
-0.0028022000
-0.0027232117
0.0142523470
0.0153691489
-0.0070798863
-0.0122650778
-0.0151765192
-0.0254681342
-0.0154888369
-0.0169982919
-0.0311894076
-0.0079087877
-0.0135506251
-0.0431920359
-0.0292018455
-0.0200070363
-0.0266930401
-0.0100866998
-0.0015948991
-0.0054585875
-0.0034974868
-0.0200145188
-0.0406226924
-0.0343831400
-0.0202859601
-0.0229624542
0.0056697246
0.0153346939
0.0180084661
0.0313867711
0.0038343277
0.0184558224
0.0286881704
0.0071982394
-0.0150250840
-0.0186553354
0.0220190127
0.0625143992
0.0688632828
0.0635950089
0.0510063571
-0.0111105339
-0.0440122917
-0.0412711149
-0.0284573520
-0.0175426421
-0.0389915542
-0.0380303213
-0.0412178219
-0.0442205697
-0.0212992588
0.0077931955
0.0153272746
0.0236676345
0.0154188293
0.0052807616
-0.0025590342
-0.0141393681
0.0107127707
0.0108729618
-0.0089344460
-0.0071413633
-0.0196493466
-0.0117882877
0.0004535786
0.0021642432
0.0262035452
0.0245746953
0.0024323964
0.0213895949
0.0276222732
0.0163989536
0.0417054689
0.0501390113
0.0194248025
-0.0164913303
-0.0303953976
-0.0162074712
-0.0109024501
-0.0196500597
-0.0104036213
0.0174947548
0.0348084810
0.0109691315
-0.0271108618
-0.0342467157
-0.0131484726
0.0056662247
-0.0020920375
-0.0258191670
-0.0248720455
-0.0057586344
0.0096657454
-0.0087383433
-0.0219837561
-0.0029413834
0.0011914512
-0.0078132455
-0.0050490783
0.0090329748
0.0077623758
0.0014488207
0.0248133420
0.0442372875
0.0479203471
0.0421733427
0.0441373027
0.0280177884
0.0054827356
0.0154752895
0.0295597073
0.0308592047
0.0077613521
-0.0050797685
0.0081594889
0.0223544314
0.0269030359
0.0136793043
0.0057735366
0.0190245416
0.0075332850
-0.0059124649
0.0088416749
0.0206793523
0.0088345794
-0.0220106352
-0.0321004001
-0.0334462079
-0.0448807932
-0.0414844631
-0.0295090898
-0.0137575168
0.0157399076
0.0233203641
0.0232818337
0.0150302299
0.0042090983
-0.0085283791
-0.0204797773
-0.0381434856
-0.0452696801
-0.0308936513
-0.0383478248
-0.0211948024
-0.0127573546
-0.0323777981
-0.0490781948
-0.0463089846
-0.0136988363
0.0212913832
0.0167306495
-0.0099196597
-0.0065192872
-0.0124720960
-0.0010684279
0.0166818492
0.0076363748
0.0048535110
-0.0104456925
-0.0287890744
-0.0272248013
-0.0199085172
-0.0009001241
0.0082625479
0.0091787063
0.0259772982
0.0448751952
0.0402100457
0.0228278080
0.0078841130
-0.0117069244
-0.0176285837
-0.0133565956
-0.0150070054
-0.0039613339
-0.0094801607
-0.0080384542
0.0045267338
0.0071986045
0.0080446109
-0.0110614365
0.0059888274
0.0411955662
0.0165724647
-0.0308954542
-0.0233881429
0.0205643277
0.0260904174
0.0014818106
-0.0145605177
-0.0139118794
-0.0120166203
0.0231067684
0.0287000069
0.0066278922
0.0210537267
0.0066871943
-0.0077161871
0.0030055172
-0.0071533410
-0.0130963332
0.0032745401
0.0154450845
0.0295786455
0.0211116154
-0.0114947942
-0.0255477731
-0.0414873140
-0.0428621945
-0.0159112403
0.0084832387
0.0043316176
-0.0331196221
-0.0504028008
-0.0389999227
-0.0429561441
-0.0262314518
0.0032715331
-0.0069110906
-0.0184838036
-0.0021576812
-0.0075244635
-0.0292797681
-0.0085202395
0.0020672152
-0.0215659871
-0.0292369875
-0.0157297962
-0.0012777364
-0.0107740177
-0.0243386549
0.0011763807
0.0087430726
-0.0034015320
0.0064632579
0.0011736997
0.0015527151
0.0130217741
0.0264419350
0.0166673930
0.0014600326
0.0289120490
0.0439384485
0.0357263093
0.0144554620
0.0143021346
0.0208824809
0.0003501319
0.0025289771
0.0279563493
0.0202602119
0.0017648180
0.0059121709
0.0029740063
-0.0042267038
-0.0070934063
-0.0041655281
0.0181841198
0.0415745126
0.0361771443
0.0108857201
0.0037405045
0.0199981876
0.0134573858
-0.0135350132
-0.0105942955
0.0140438132
0.0120045484
-0.0147646142
-0.0152036102
0.0001232915
-0.0071410097
0.0025729486
0.0186909586
0.0085514501
0.0015638988
0.0109711343
0.0072604924
-0.0016880939
0.0124951407
0.0093909360
-0.0163143459
-0.0209262810
-0.0084262896
-0.0025902019
-0.0069618049
-0.0197245255
-0.0250537248
-0.0050450564
0.0325306585
0.0393766271
0.0004038131
-0.0128005757
-0.0124505076
0.0012695981
0.0424596713
0.0327497750
0.0082596182
-0.0097214693
-0.0246268949
-0.0295723013
-0.0390729677
-0.0008747296
0.0336980006
0.0206999136
-0.0044120328
-0.0358077428
-0.0250069582
-0.0248825122
-0.0342803319
-0.0098444386
-0.0090639018
-0.0095723937
-0.0077738554
0.0010280115
-0.0044733233
-0.0099139888
0.0082458659
-0.0046347957
-0.0092573585
0.0036146731
0.0026545346
-0.0029662415
-0.0090159693
-0.0049392185
0.0020999779
-0.0112587324
-0.0125585140
0.0219893414
0.0354719726
0.0107819429
-0.0245853721
-0.0257980697
0.0066329092
0.0152755122
0.0231215934
0.0191063514
-0.0040689226
-0.0099452657
-0.0131052240
-0.0093161651
-0.0009483342
0.0146185544
0.0279478346
0.0178935021
0.0087496867
-0.0036369698
-0.0089357437
-0.0036122924
-0.0065602408
-0.0077088030
-0.0021065717
0.0263071474
0.0426364728
0.0244653613
-0.0059286087
-0.0222837739
-0.0125031541
-0.0018741440
0.0087031775
0.0087281740
-0.0088312026
-0.0081370423
-0.0012934722
0.0027944835
-0.0001201823
-0.0163923440
-0.0041164014
0.0144456452
0.0230396119
0.0142862630
-0.0015378242
-0.0149945141
-0.0125139027
0.0024586633
-0.0056386731
-0.0039013078
0.0181533022
0.0159296579
-0.0023545510
-0.0027606891
-0.0100401803
-0.0113224221
0.0125570667
0.0345744046
0.0241016601
-0.0104451309
-0.0502681270
-0.0611092311
-0.0229629138
0.0030535631
-0.0047286055
0.0015776743
0.0241073374
0.0174405632
-0.0069206442
-0.0072495534
-0.0111293632
-0.0256225912
-0.0476708402
-0.0541920416
-0.0247352684
0.0105773749
0.0347161871
0.0296283275
-0.0027645874
-0.0108694687
0.0182563225
0.0233268345
-0.0104635033
-0.0135163311
0.0193425263
0.0183165683
-0.0054683902
-0.0115333781
-0.0052743201
0.0040838319
0.0123926061
0.0222078133
0.0167449998
0.0015690942
-0.0061878795
-0.0272088203
-0.0353027358
-0.0128116330
0.0148885817
0.0321003526
0.0203713544
-0.0119458119
0.0005779004
0.0305919085
0.0196014378
0.0230992357
0.0297453427
0.0112272700
0.0057518292
0.0097166303
0.0199734612
0.0132057342
-0.0149496885
-0.0061730802
0.0090065004
-0.0146938307
-0.0081813085
0.0238057522
0.0207726035
0.0129619357
0.0342016866
0.0219938636
-0.0378005523
-0.0390837971
0.0058205059
0.0323456190
0.0169167942
-0.0145531723
0.0080123659
-0.0083661573
-0.0572499396
-0.0470291177
-0.0198463542
-0.0086888153
-0.0120617900
-0.0270812558
-0.0168021411
0.0161838212
0.0156144837
0.0189755243
0.0136802806
-0.0163443842
-0.0085928625
-0.0055116540
-0.0266346082
-0.0434305218
-0.0359468662
0.0043551518
0.0279336267
0.0215052404
0.0240867538
0.0178740035
0.0101047433
0.0160540986
-0.0095487720
-0.0114005961
0.0285990850
0.0185530473
-0.0126676480
0.0096245650
-0.0075861846
-0.0435657281
-0.0401899149
-0.0008119473
0.0443270101
-0.0077741253
-0.0502558499
-0.0356398011
0.0139791848
0.0584251563
0.0413492987
0.0048118868
0.0072951858
0.0113398309
-0.0122953628
-0.0121836094
-0.0053196156
-0.0184210413
-0.0222548537
0.0022017888
-0.0072000806
-0.0281690095
-0.0012429950
0.0366407979
0.0487058457
-0.0079115837
-0.0435766718
-0.0115022315
0.0234087682
0.0351340567
-0.0017225744
-0.0313210806
-0.0210995520
-0.0117763827
0.0141847108
0.0310124795
0.0467003647
0.0411083144
-0.0123137921
-0.0231610906
0.0062941430
0.0008487692
-0.0072537890
0.0182183415
0.0311584036
0.0047640517
-0.0188532317
-0.0276872225
-0.0258485182
-0.0040522391
-0.0050175117
-0.0309708404
-0.0252986730
-0.0081161046
-0.0055000707
0.0161895650
0.0113137386
-0.0230708300
-0.0084111939
0.0241872270
0.0078530624
0.0010126540
0.0298172711
0.0334078250
-0.0038975181
-0.0175603181
0.0114408162
0.0192604441
-0.0124168644
-0.0471686100
-0.0257318662
0.0118408349
0.0016406308
0.0059740809
0.0169957782
0.0226211794
0.0157829029
-0.0180767868
-0.0149760941
0.0181996229
0.0037662889
-0.0489080581
-0.0507604549
-0.0056303886
-0.0000090887
-0.0078525671
-0.0054605467
-0.0006714536
0.0320343494
0.0411931922
0.0122052691
-0.0240405789
-0.0160507439
0.0097743301
0.0052006965
0.0058487300
0.0127006266
0.0008463021
-0.0126644443
-0.0088808186
-0.0155625275
0.0045891815
0.0419310701
0.0611089746
0.0249319214
-0.0176841751
-0.0285338059
-0.0110525901
0.0057243981
-0.0152383181
-0.0173124625
-0.0282548925
-0.0410831487
0.0036667489
0.0295798136
0.0073174222
0.0040614514
0.0020303054
-0.0404632883
-0.0470753914
-0.0198151101
-0.0082387332
0.0092591184
0.0114546876
-0.0072540254
-0.0269726584
-0.0165646748
0.0355380065
0.0548318140
0.0325210201
0.0215899517
0.0092788104
-0.0188008935
-0.0075565317
0.0288847460
0.0106502978
-0.0084324470
0.0021114139
0.0108203290
0.0353084473
0.0209973072
-0.0021500329
0.0126522415
0.0256801143
0.0213062484
0.0049929407
-0.0095722648
0.0156180636
0.0139555776
-0.0134329578
-0.0378448212
-0.0262404971
0.0114303794
0.0206909880
0.0126036979
-0.0334144717
-0.0421247837
-0.0358683240
-0.0441917467
-0.0396174426
-0.0316608114
-0.0297157773
-0.0518466384
-0.0347796746
0.0013557413
0.0080948793
-0.0018777101
-0.0162764861
-0.0076049348
-0.0019919189
-0.0063840939
-0.0030188194
0.0002430627
-0.0008708697
-0.0126945950
-0.0113111771
-0.0036920439
0.0062526485
0.0230479778
0.0388295217
0.0353678644
0.0050701438
-0.0282125877
-0.0382101983
-0.0340885800
-0.0154397333
0.0298365907
0.0567915930
0.0337993093
0.0162072830
0.0405417232
0.0293351455
-0.0026238848
-0.0170870481
-0.0147830684
0.0160963087
0.0288865093
0.0286430549
0.0488408336
0.0408036541
-0.0113146125
-0.0227780766
0.0212018417
0.0335541126
0.0162014655
0.0084095822
-0.0081636333
-0.0423918282
-0.0249186755
0.0172749163
0.0069190466
-0.0345768045
-0.0286066853
0.0258122987
0.0171909330
-0.0144265924
-0.0146939971
-0.0091104879
0.0031605308
-0.0101018712
-0.0259777092
-0.0125958636
0.0142841850
0.0224000973
0.0109627782
-0.0112873729
-0.0062960798
0.0193652500
0.0456208483
0.0303064024
-0.0488715271
-0.0673924438
-0.0208988236
-0.0084621807
0.0030241724
0.0433019610
0.0367071416
-0.0146581257
-0.0331384526
-0.0251839960
-0.0213008776
0.0145039093
0.0474320823
0.0580135975
0.0421733626
-0.0080076307
-0.0135734530
0.0085494738
-0.0109389484
-0.0078330235
0.0285729445
0.0235148955
-0.0038649682
-0.0086243828
0.0048014428
-0.0050930882
-0.0270053272
-0.0185497849
-0.0170734881
-0.0363616276
-0.0255177990
-0.0029796009
0.0031983537
0.0109708458
0.0010307051
-0.0151960445
-0.0189615954
-0.0074607814
0.0098380538
0.0228818363
0.0260286771
0.0282025915
0.0487092233
0.0579722530
0.0548714985
0.0608942755
0.0586751767
0.0527356415
0.0549044291
0.0506943013
0.0464301766
0.0531204883
0.0402972814
-0.0015119386
-0.0061683938
0.0266736548
0.0393509340
0.0471568944
0.0458574956
0.0302022467
0.0164097193
-0.0071252904
-0.0272803548
-0.0470508750
-0.0300717844
0.0336682955
0.0524025873
0.0047976414
-0.0271328803
0.0031996013
0.0069933106
-0.0075234166
-0.0030333199
-0.0429867040
-0.0645245659
-0.0496426827
-0.0402254772
-0.0463666802
-0.0780819129
-0.0956834480
-0.0824870725
-0.0675743557
-0.0759971493
-0.0853980112
-0.0827894917
-0.0570073963
0.0241257844
0.1017351768
0.1024383196
0.0472341340
0.0117244527
-0.0002779885
0.0003753315
0.0350434101
0.0275258948
0.0183134984
0.0525584243
0.0580609513
0.0828541451
0.0904483670
0.0647692474
0.0429124705
0.0098618212
-0.0170405358
-0.0251233820
-0.0317913851
-0.0168684640
0.0045653641
0.0166826841
0.0521346252
0.0288408622
-0.0386223381
-0.0405722119
-0.0137872308
0.0152748184
0.0669739135
0.0903582488
0.0532073374
-0.0103792040
-0.0194762787
0.0219561026
0.0340650633
0.0060353592
-0.0001274893
0.0263463059
0.0245099494
0.0148378385
0.0012014083
-0.0405741043
-0.0830495850
-0.0840343319
-0.0515777754
0.0076770266
0.0857543011
0.0506886813
-0.0126014293
0.0100113663
0.0031257432
-0.0421811385
-0.0355945007
-0.0307200008
-0.0514452027
-0.0432638129
-0.0201145430
0.0118362561
0.0110371878
-0.0135345461
-0.0252556124
0.0004016417
0.0194736682
0.0188766820
-0.0199342203
-0.0617702751
-0.0020950776
0.0512837520
0.0804251101
0.0792900472
0.0133040876
-0.0504156679
-0.0596444886
-0.0637958107
-0.0610537964
-0.0363239685
-0.0072252420
0.0643668069
0.0644746205
-0.0162729395
-0.0470205530
-0.0070390133
0.0051970848
-0.0251050881
-0.0451481083
-0.0557508000
-0.0396125753
-0.0343675951
-0.0325388968
-0.0080705441
-0.0080373463
-0.0276214950
-0.0301158266
-0.0250607996
-0.0251083444
-0.0120327608
0.0036499615
0.0074158284
0.0110444409
0.0321963217
0.0577336167
0.0879646399
0.0720527026
0.0105658382
0.0051150227
-0.0006647070
-0.0510060131
-0.0876864751
-0.1165814468
-0.1508466871
-0.1796059794
-0.1756494109
-0.1243106345
-0.0606214993
-0.0018986816
0.0804814545
0.0923562975
0.0443479869
0.0617910051
0.0683363976
0.0901996946
0.0560818600
-0.0491021264
-0.0999768007
-0.1132645244
-0.1068741923
-0.0982368411
-0.0657938092
-0.0185563115
0.0096372601
0.0091256070
0.0076287380
0.0501565951
0.0575043245
-0.0023230508
-0.0294982777
-0.0343038911
-0.0580069921
-0.0442701355
-0.0491300173
-0.0851641049
-0.0862604968
-0.0645970146
-0.0687622516
-0.0595251989
-0.0044241527
0.0017004538
-0.0128552456
0.0121785098
0.0169916375
-0.0035614130
-0.0130860894
-0.0101691487
0.0006675792
0.0001780343
-0.0011891170
0.0032398524
-0.0121839590
-0.0217853440
-0.0169043434
-0.0149735754
-0.0191533353
-0.0498286046
-0.0768636800
-0.0683161004
-0.0212265870
-0.0028947418
0.0149488413
0.0565149863
0.0390271262
0.0029958345
0.0061434309
0.0151525593
-0.0070167690
-0.0046989748
0.0154636622
0.0143088583
-0.0153574589
-0.0374245926
-0.0220630122
0.0026953131
-0.0045985371
-0.0089508706
0.0321468918
0.0284687979
-0.0186704641
-0.0232587360
-0.0162952117
-0.0200541513
-0.0108622043
-0.0159957703
-0.0147194596
0.0004471961
0.0234908408
0.0419885352
0.0291905005
0.0088760570
0.0071093173
0.0268263084
0.0236203241
-0.0115022969
0.0038283558
0.0392028464
0.0244876696
-0.0003569346
0.0027881875
0.0358067787
0.0587892307
0.0542351541
0.0343391131
0.0189462197
0.0087997659
0.0055720606
0.0281643571
0.0511141354
0.0362450484
0.0054609967
-0.0178738059
-0.0295066984
0.0054366755
0.0071530473
-0.0095130749
0.0212000764
0.0292015976
0.0290448131
0.0336177650
0.0310124699
0.0239512036
0.0301515799
0.0667799712
0.0718792592
0.0435978176
0.0243084980
0.0056004669
0.0197558029
0.0389776079
0.0222269509
0.0025311222
0.0131740755
0.0359826474
0.0214154248
0.0117314183
0.0248101936
0.0411708788
0.0391592636
0.0257788596
0.0450676309
0.0513120317
0.0224300633
0.0163837081
0.0359693868
0.0466180744
0.0524083481
0.0665650086
0.0767107293
0.0538696249
0.0119700685
-0.0058197387
0.0133546510
0.0204910739
0.0075767192
0.0351290667
0.0680438036
0.0671852819
0.0530837995
0.0355015977
0.0207833297
-0.0008471073
-0.0114909306
0.0042195169
0.0059541059
-0.0050633368
-0.0061906994
0.0076840494
0.0118569402
0.0008443607
0.0046289650
0.0262478718
0.0292467650
0.0250256036
0.0613250014
0.0695282255
0.0468833623
0.0434405324
0.0543284420
0.0464855263
0.0255109773
0.0252785758
0.0337884057
0.0385526969
0.0142356379
-0.0191677238
-0.0304228230
-0.0003965698
0.0175748066
0.0284834441
0.0670001766
0.0713791455
0.0393648314
0.0188240612
0.0133043156
-0.0169656315
-0.0142662566
0.0093461190
0.0037449457
0.0318799874
0.0363603630
-0.0044036919
-0.0244194217
-0.0020126092
0.0180787470
-0.0034386202
-0.0326174946
-0.0220438032
0.0283696452
0.0282812439
0.0020573339
-0.0089438412
-0.0084495533
0.0113027681
-0.0091941001
-0.0396034343
-0.0416564838
-0.0255420401
-0.0246692009
-0.0373911179
-0.0170634327
-0.0109501690
-0.0287864792
-0.0461061774
-0.0513657815
-0.0465262755
-0.0527940492
-0.0639683548
-0.0569790527
-0.0313867630
-0.0143923458
0.0090812918
0.0117922996
-0.0232684764
-0.0604390571
-0.0608563368
-0.0291751435
-0.0081890853
0.0209384465
0.0468771857
0.0299247434
-0.0112167216
-0.0386130924
-0.0305192187
-0.0201520849
-0.0430146045
-0.0464090223
-0.0251716812
-0.0454084341
-0.0615251807
-0.0402086494
-0.0085091658
0.0059993649
-0.0106137784
-0.0165183903
0.0018524807
-0.0059158170
-0.0544427408
-0.0574073955
-0.0277638638
-0.0213438131
-0.0032150786
-0.0005245298
-0.0329582105
-0.0505829452
-0.0313095760
-0.0070755606
0.0066936660
0.0130003367
0.0079828286
-0.0128091602
-0.0247396269
-0.0107246670
-0.0033106325
-0.0178534853
-0.0241039518
-0.0251141268
-0.0538843368
-0.0797009607
-0.0765682794
-0.0649576992
-0.0656870125
-0.0651583975
-0.0698357515
-0.0636796921
-0.0423801160
-0.0368412289
-0.0432265771
-0.0375537575
-0.0006620400
0.0137829909
0.0055892711
0.0062473471
0.0143131084
0.0315274258
0.0181415614
-0.0043584994
-0.0097566749
-0.0206853179
-0.0155085001
-0.0118434599
-0.0317971523
-0.0401167883
-0.0332489427
-0.0124832563
0.0095366280
0.0133770782
0.0019497489
-0.0163725624
-0.0251633338
-0.0124473213
0.0067578417
0.0190152406
0.0238451509
0.0338273171
0.0298614674
-0.0059233009
-0.0086236166
0.0193348773
0.0276236822
0.0122972123
0.0049178421
0.0152044964
0.0258795195
0.0236348001
-0.0014285661
-0.0150291540
0.0100548218
0.0436433832
0.0287871696
0.0070018520
-0.0051412519
-0.0015493180
0.0075726009
-0.0158416635
-0.0049615593
0.0269980784
0.0228845238
-0.0079019870
-0.0224741283
-0.0157846019
0.0061652144
0.0078303629
0.0164280883
0.0468152378
0.0254338055
0.0038085502
0.0159758666
0.0091040178
0.0000393889
0.0152502215
0.0222511098
0.0171020812
0.0114370306
0.0066433625
-0.0210082468
-0.0159430606
0.0206057249
0.0223836844
0.0083786986
-0.0058336866
-0.0175634626
-0.0048707435
0.0128307586
0.0372758766
0.0433141649
0.0316043256
0.0398653468
0.0157164113
-0.0250197852
-0.0139482878
0.0397750732
0.0692766756
0.0600469654
0.0501240992
0.0470059499
0.0333854198
0.0105695306
-0.0032505169
0.0340293300
0.0484175886
0.0309738122
0.0365675108
0.0397354801
0.0380775525
0.0232872105
0.0290160141
0.0314520562
-0.0017829069
-0.0107239279
0.0263286447
0.0455283891
0.0249566666
0.0010862247
0.0048522473
0.0183914855
0.0035670343
0.0026578682
0.0271249883
0.0309748034
0.0154845319
0.0181105989
0.0318282266
0.0263652913
0.0102231235
0.0219087086
0.0121677267
-0.0214493935
-0.0120232981
0.0026797866
-0.0034156620
-0.0058802465
0.0214050314
0.0229056638
-0.0041942952
-0.0019782349
-0.0115680790
-0.0186636336
-0.0172201501
-0.0198143711
0.0103312990
0.0421583764
0.0583296578
0.0619529491
0.0467759570
0.0218780817
0.0004213080
-0.0030076893
0.0207033050
0.0315372720
0.0066094921
-0.0137302658
-0.0098318307
-0.0032612548
-0.0073156038
-0.0034485377
-0.0150893126
-0.0281957198
-0.0131663507
-0.0007171122
-0.0011568554
-0.0221278420
-0.0450356043
-0.0280037592
-0.0221036499
-0.0294720591
-0.0106913747
-0.0083861854
-0.0099961003
0.0022822865
0.0134581805
0.0202531985
0.0075448197
-0.0409939988
-0.0529083128
-0.0128858977
0.0110522422
0.0245023012
0.0495097650
0.0363789709
-0.0395645419
-0.0733937525
-0.0479306141
-0.0249168181
-0.0293101664
-0.0556314056
-0.0485564031
-0.0277038585
-0.0251155599
-0.0502939264
-0.0546450485
-0.0180247214
-0.0185711684
-0.0416014337
-0.0348132601
-0.0222700239
-0.0321388788
-0.0281265113
0.0001215451
-0.0062592126
-0.0272402273
-0.0196567712
-0.0094780676
-0.0150795070
-0.0164380402
0.0007179537
-0.0294656681
-0.0639747537
-0.0388749671
-0.0062042527
-0.0211151923
-0.0460581330
-0.0295878246
-0.0086919215
0.0017980488
0.0107104586
0.0208659023
0.0184432539
-0.0150036189
-0.0336627983
-0.0126354764
-0.0048243934
-0.0211558557
-0.0225315975
-0.0215653426
-0.0316922804
-0.0133613471
0.0223119816
0.0185467883
-0.0251928963
-0.0452892236
-0.0223020266
-0.0180932238
-0.0322124278
-0.0117050409
0.0201596941
0.0259900921
0.0130982535
0.0160028283
0.0137501940
-0.0229885865
-0.0460727061
-0.0432949537
-0.0294435262
-0.0023805771
0.0009309280
-0.0019915918
-0.0153319193
-0.0235684728
-0.0148318139
-0.0150247322
0.0028172133
0.0165298986
0.0052368192
-0.0131314008
-0.0192977596
-0.0170045192
-0.0209036829
-0.0157732903
0.0046105182
0.0010270470
-0.0320170649
-0.0203593115
0.0097327008
0.0099427133
0.0066917575
0.0043080043
0.0149022992
0.0260612149
0.0290214830
0.0278821632
0.0403547463
0.0368733813
-0.0061725313
-0.0236946342
0.0137129967
0.0341478570
0.0218451537
0.0267223658
0.0151179920
-0.0240019953
-0.0241724571
0.0012640381
-0.0065068713
-0.0098978687
0.0146556025
0.0189485908
0.0060722952
0.0124595211
0.0292895271
0.0366446097
0.0330644527
0.0062560283
-0.0162211296
0.0118903982
0.0402843010
0.0413248366
0.0181386140
-0.0198055643
-0.0110524540
0.0218749615
0.0157111803
0.0226393034
0.0357692374
0.0038585661
-0.0101495274
0.0209759522
0.0197042123
0.0020125048
-0.0030475612
-0.0020038794
-0.0074786827
-0.0043471320
0.0195186339
0.0063297939
-0.0079006199
0.0103239260
0.0174058328
-0.0033978761
-0.0081955486
0.0175148179
0.0248049410
0.0096385465
-0.0044469473
-0.0111683638
-0.0110995364
-0.0007675774
0.0203026143
0.0210104943
-0.0084346928
-0.0043344791
0.0327107542
0.0316301278
0.0025944725
-0.0055948329
0.0109208400
0.0132414638
0.0015857002
-0.0060561431
-0.0165589428
-0.0222785614
-0.0110877207
0.0085570776
0.0166968130
0.0066118038
-0.0007545091
0.0085676860
0.0064897900
-0.0157709072
-0.0154645029
-0.0086735916
-0.0123997380
-0.0066753426
0.0047564418
0.0123773672
0.0166062770
0.0122005920
-0.0000264228
0.0007548008
0.0177053068
0.0335098112
0.0219953928
0.0120392687
0.0142299875
-0.0036629430
-0.0137928112
-0.0077240123
-0.0048002545
-0.0204166130
-0.0257506921
0.0064034987
0.0261491036
0.0379847298
0.0486283565
0.0295245532
0.0090584980
-0.0084938735
-0.0227060702
-0.0085855373
-0.0005462115
0.0087879932
0.0293594041
0.0260577163
0.0111764055
0.0161605108
0.0318743717
0.0221980543
-0.0113057305
-0.0057819585
0.0081645516
0.0041569371
0.0079168881
0.0279279877
0.0425755743
0.0146141998
-0.0038323580
0.0008880959
-0.0098566317
-0.0257993256
-0.0200039393
0.0068121002
0.0189249096
-0.0010910897
-0.0230714569
-0.0177101354
-0.0125078098
-0.0241229437
-0.0279228032
-0.0051239044
0.0127310997
0.0002228119
-0.0155723017
-0.0237360628
-0.0137855706
-0.0032164070
0.0013479580
0.0007493414
-0.0176915209
-0.0189090224
-0.0019536317
-0.0026549953
-0.0146557627
-0.0208210216
-0.0075860605
0.0045062787
-0.0043654374
-0.0154270813
-0.0159035711
0.0017522710
0.0180067623
0.0161280873
0.0082077511
0.0086099977
-0.0024436692
-0.0212245446
-0.0223006290
0.0016853515
0.0073482992
-0.0026080406
0.0085450490
0.0086223714
0.0139020800
0.0288340875
0.0198404502
-0.0074731717
-0.0042625496
0.0146428661
0.0214704190
0.0245981435
0.0151478009
0.0040260462
0.0132506731
0.0262099739
0.0219150488
0.0215898161
0.0311612976
0.0202634316
-0.0039991296
-0.0181812336
-0.0156990777
-0.0015528294
0.0032603332
0.0097211603
0.0053202031
-0.0120405765
-0.0221752243
-0.0144202817
0.0013382960
0.0008736426
0.0074152398
0.0054320059
-0.0104058667
0.0095791239
0.0244690325
0.0038344249
-0.0177877622
-0.0345421469
-0.0225142402
-0.0056149356
-0.0037096642
0.0035546691
-0.0010760900
-0.0048375143
-0.0024146595
-0.0094340804
-0.0173042503
-0.0224117603
-0.0219537166
-0.0070200716
0.0142354908
0.0077472251
-0.0104585921
-0.0147370977
-0.0181474682
-0.0154513327
-0.0100045333
-0.0057120862
-0.0106849284
-0.0177767356
-0.0226339189
-0.0110909056
0.0020800474
0.0052905484
0.0092716207
-0.0011485697
-0.0092887184
-0.0043525210
-0.0024800588
-0.0061246886
0.0004767116
0.0074126791
-0.0013896838
-0.0085020746
0.0089667302
0.0174925455
0.0083010682
-0.0106158423
-0.0156541498
0.0018003944
-0.0142320212
-0.0244495629
-0.0055824730
0.0087236152
0.0103666420
-0.0047408376
-0.0042967112
0.0099344983
-0.0082983330
-0.0185084820
0.0022082167
0.0073539190
-0.0045470064
-0.0130412478
-0.0141126040
-0.0087767353
-0.0029736960
-0.0002253722
-0.0067409766
-0.0146536522
-0.0123280999
-0.0073637380
-0.0043690370
-0.0040911442
-0.0018517394
-0.0021722670
-0.0033770449
-0.0010609497
-0.0084933969
-0.0158717296
-0.0099655351
0.0005226580
0.0128321160
0.0110361663
-0.0089766582
-0.0098468749
0.0070861623
0.0026700361
-0.0041603878
-0.0045839785
-0.0091977067
0.0015453487
0.0167367744
0.0139384817
-0.0061644628
0.0005733854
0.0189454168
0.0047911982
-0.0056910467
0.0032115187
0.0077590716
0.0039762884
0.0085180615
0.0139902830
0.0086449151
0.0044898400
0.0043937220
-0.0005107369
-0.0016849203
0.0054699481
0.0096961006
0.0072028187
0.0022895567
0.0027973812
0.0037148648
-0.0003536434
0.0006339238
0.0040688285
0.0024740537
0.0013901771
0.0022024346
0.0001114095
-0.0008448357
-0.0028257530
-0.0042499692
-0.0010113536
0.0013316628
0.0067597611
0.0072448555
0.0007002258
-0.0004538637
-0.0018878579
-0.0040088664
-0.0017393753
0.0016474553
0.0019637342
-0.0004427564
0.0011485753
0.0027830513
-0.0011569206
-0.0031798013
-0.0016842456
-0.0017461930
0.0008374423
0.0019164074
-0.0009138908
0.0001166732
0.0020185163
0.0010059746
0.0013903821
0.0020231676
0.0003315554
0.0010103019
0.0018049473
-0.0009801133
-0.0023128440
-0.0006710558
0.0007192565
0.0013276826
0.0022952521
0.0017261805
0.0017364217
0.0015967549
0.0008138573
0.0007923892
-0.0002015520
-0.0002559944
0.0012639259
0.0016793202
0.0007646724
0.0005645031
0.0000094864
0.0005202356
0.0018399978
0.0019359810
0.0019836788
0.0016811469
0.0014358483
0.0011531739
0.0004360504
0.0006114453
0.0008778948
0.0006167961
0.0007489850
0.0007197330
0.0002272244
-0.0001709955
-0.0000621672
0.0000561740
-0.0001622717
-0.0002710339
-0.0003650109
-0.0003082263
-0.0001376531
-0.0001218438
-0.0003626587
-0.0005964665
-0.0005595045
-0.0005585283
-0.0006076245
-0.0006239125
-0.0005476332
-0.0005098684
-0.0005241068
-0.0005164819
-0.0004518557
-0.0003480814
-0.0003111807
-0.0002661029
-0.0002135741
-0.0002002433
-0.0001724894
-0.0001255768
-0.0000943578
-0.0000629755
-0.0000187333
0.0000197382
0.0000476054
