0.0012443962
0.0012602691
0.0012761596
0.0012922745
0.0013084316
0.0013241718
0.0013395208
0.0013554861
0.0013723787
0.0013889877
0.0014043620
0.0014194573
0.0014352142
0.0014512930
0.0014661820
0.0014811036
0.0014983003
0.0015159191
0.0015321679
0.0015484464
0.0015650504
0.0015784573
0.0015833228
0.0015909049
0.0016148186
0.0016426487
0.0016624732
0.0016728602
0.0016849704
0.0017120407
0.0017323360
0.0017351766
0.0017510328
0.0017812988
0.0018017038
0.0018072058
0.0018127376
0.0018316332
0.0018588795
0.0018722034
0.0018696356
0.0018825671
0.0019128673
0.0019318269
0.0019319291
0.0019374812
0.0019645493
0.0019908900
0.0019999835
0.0019979934
0.0020040885
0.0020383807
0.0020817036
0.0020811834
0.0020673921
0.0020821222
0.0021262054
0.0021566373
0.0021508590
0.0021534473
0.0021853635
0.0022144050
0.0021941744
0.0021639732
0.0022160860
0.0022788493
0.0022969601
0.0022963670
0.0022884799
0.0022991627
0.0023036926
0.0022896902
0.0023102091
0.0023483843
0.0023701403
0.0023123790
0.0022384659
0.0023152324
0.0024586681
0.0024957181
0.0024605812
0.0024355400
0.0024321193
0.0024721800
0.0024773249
0.0024842987
0.0025399351
0.0025431458
0.0024688696
0.0024374037
0.0025339383
0.0026503488
0.0026931956
0.0026829215
0.0026890940
0.0027506228
0.0027526747
0.0026121684
0.0025666874
0.0026768795
0.0027176110
0.0026506115
0.0026379613
0.0027297728
0.0028207521
0.0028367097
0.0027602477
0.0027143471
0.0027435064
0.0028137475
0.0028299445
0.0028185871
0.0028233682
0.0028188245
0.0028432115
0.0029187767
0.0029713953
0.0029811344
0.0030291065
0.0030775977
0.0030271889
0.0029267928
0.0028836817
0.0028877383
0.0029638353
0.0030681377
0.0030692796
0.0029882812
0.0029452512
0.0030191602
0.0031549017
0.0032038738
0.0031361400
0.0030198709
0.0029833327
0.0030136035
0.0030828723
0.0031493818
0.0031713483
0.0031714496
0.0032400871
0.0033570616
0.0032961803
0.0032094530
0.0032124587
0.0031866314
0.0030970339
0.0030260410
0.0030887895
0.0031640782
0.0031757007
0.0031888976
0.0032139835
0.0032408335
0.0032033966
0.0031922262
0.0032213919
0.0032150394
0.0031734606
0.0031277971
0.0031658449
0.0032138453
0.0032083136
0.0031886023
0.0031699241
0.0031658747
0.0032345663
0.0032775514
0.0032189483
0.0032210895
0.0032715810
0.0032470956
0.0031998168
0.0031783665
0.0032149702
0.0032592158
0.0032427205
0.0032072946
0.0031359227
0.0030263744
0.0030475389
0.0032544545
0.0033186434
0.0032623625
0.0032936203
0.0033168666
0.0032751278
0.0032788353
0.0033513011
0.0033679940
0.0033252525
0.0032615293
0.0032468339
0.0032672542
0.0033373374
0.0034975488
0.0036243733
0.0034242142
0.0030196893
0.0029043147
0.0031282755
0.0034010535
0.0034479213
0.0033492553
0.0033426048
0.0033723418
0.0032967395
0.0031626511
0.0031434534
0.0032571021
0.0032225378
0.0030447221
0.0030458310
0.0032628958
0.0033214707
0.0031733116
0.0030818882
0.0030507030
0.0031074597
0.0031479824
0.0031172450
0.0030906941
0.0030474187
0.0029753449
0.0028645173
0.0028994810
0.0031383758
0.0032457284
0.0030940887
0.0029123794
0.0029295484
0.0031665412
0.0032490670
0.0032078291
0.0031852072
0.0032282144
0.0032507585
0.0031355825
0.0030335039
0.0031512998
0.0032797097
0.0031981286
0.0031464967
0.0031334524
0.0031292801
0.0030780667
0.0030311626
0.0029719210
0.0028827180
0.0028920804
0.0029330369
0.0028312516
0.0026924429
0.0027352491
0.0028287761
0.0027604027
0.0028031564
0.0029531544
0.0028843735
0.0027320107
0.0028434568
0.0030739259
0.0029439412
0.0026650677
0.0026349676
0.0026070253
0.0024136453
0.0023205409
0.0025643863
0.0027270257
0.0026459399
0.0026211455
0.0026967958
0.0027369885
0.0027219940
0.0027602524
0.0027242410
0.0025407497
0.0024217777
0.0024522700
0.0025318931
0.0026248741
0.0026900902
0.0027021641
0.0026536031
0.0025831889
0.0024923734
0.0023876161
0.0023882382
0.0024648806
0.0025202431
0.0024333346
0.0020652458
0.0017959870
0.0020725279
0.0023404988
0.0023312459
0.0023071052
0.0023675659
0.0023511136
0.0021902911
0.0020256867
0.0019438363
0.0019154008
0.0020079827
0.0021409450
0.0022326915
0.0022145677
0.0020543516
0.0019787939
0.0019940105
0.0019744581
0.0019667802
0.0019759455
0.0019410294
0.0018583081
0.0018069978
0.0017428798
0.0017686531
0.0018622267
0.0018009231
0.0016655658
0.0015968349
0.0016212898
0.0016737717
0.0017746766
0.0019244072
0.0019534239
0.0016618394
0.0012786127
0.0012447703
0.0014542949
0.0015023659
0.0013525787
0.0012687375
0.0013191147
0.0013732576
0.0013431542
0.0014272198
0.0016017671
0.0015570979
0.0013943475
0.0011896679
0.0010657493
0.0011077396
0.0011450468
0.0011284205
0.0011336154
0.0011349367
0.0011373032
0.0011552916
0.0012794033
0.0013692711
0.0012024351
0.0009524246
0.0008399634
0.0008854002
0.0010022609
0.0009235429
0.0006599980
0.0006211746
0.0007064916
0.0006895120
0.0006384185
0.0007556172
0.0009212297
0.0009309382
0.0008001682
0.0007125994
0.0005487305
0.0003772272
0.0004191281
0.0005028076
0.0003860231
0.0002387929
0.0004002482
0.0005450393
0.0003988620
0.0001601611
0.0001335177
0.0002947359
0.0004083717
0.0004140439
0.0003131564
0.0001981721
0.0002051048
0.0002634575
0.0001647389
0.0000028406
0.0000231566
0.0001624348
0.0001608405
0.0000471426
-0.0000059835
-0.0000922946
-0.0001680333
-0.0002064130
-0.0002464631
-0.0002079056
-0.0000710103
0.0000382044
-0.0001457388
-0.0003852940
-0.0003287916
-0.0000691545
0.0000216608
-0.0002359372
-0.0005369900
-0.0005587554
-0.0004047322
-0.0002634858
-0.0003329044
-0.0005306383
-0.0006658396
-0.0007000280
-0.0006128809
-0.0004987941
-0.0004670398
-0.0005198847
-0.0006296361
-0.0007136989
-0.0007175774
-0.0007003318
-0.0007444016
-0.0009226993
-0.0009307907
-0.0007534361
-0.0007298054
-0.0008817933
-0.0010505116
-0.0010678596
-0.0009623429
-0.0009630486
-0.0011100636
-0.0011210018
-0.0008980252
-0.0007642167
-0.0009825800
-0.0013289246
-0.0014144344
-0.0013965497
-0.0016062170
-0.0017242278
-0.0013402557
-0.0010847642
-0.0012558026
-0.0015088392
-0.0016479470
-0.0016093774
-0.0014844705
-0.0014430988
-0.0014916383
-0.0014937246
-0.0014803719
-0.0016254985
-0.0017410194
-0.0016748448
-0.0016696887
-0.0018296341
-0.0020011634
-0.0019754042
-0.0017749688
-0.0016803610
-0.0017109012
-0.0018393710
-0.0019291556
-0.0019458412
-0.0019309211
-0.0019820509
-0.0021380762
-0.0021576910
-0.0020919150
-0.0020683278
-0.0021258210
-0.0021452158
-0.0020194264
-0.0020126554
-0.0021288277
-0.0021209282
-0.0021191015
-0.0021871921
-0.0022943118
-0.0023888648
-0.0022766136
-0.0021091492
-0.0022662019
-0.0026652096
-0.0027872192
-0.0025749790
-0.0025083190
-0.0025618179
-0.0024796949
-0.0022930379
-0.0023259855
-0.0025416307
-0.0024693554
-0.0022750056
-0.0023469181
-0.0026137715
-0.0026245561
-0.0023294617
-0.0021974995
-0.0023644732
-0.0025943723
-0.0026468191
-0.0025804947
-0.0026164063
-0.0027163014
-0.0027660312
-0.0027892783
-0.0028723513
-0.0029339410
-0.0029116920
-0.0028593775
-0.0028043973
-0.0028147160
-0.0029052556
-0.0029426141
-0.0029446909
-0.0030084348
-0.0032263870
-0.0035323104
-0.0037088301
-0.0038214984
-0.0039316392
-0.0038730500
-0.0036380477
-0.0034933396
-0.0035086820
-0.0034391683
-0.0031855956
-0.0029941315
-0.0030975700
-0.0032773763
-0.0032555344
-0.0031197935
-0.0030076738
-0.0028389879
-0.0024684766
-0.0022421316
-0.0026807040
-0.0036404262
-0.0043184160
-0.0045482552
-0.0046084485
-0.0045998288
-0.0042919925
-0.0035383979
-0.0030069202
-0.0031875548
-0.0038178271
-0.0043376863
-0.0047037931
-0.0049713586
-0.0050643164
-0.0050311088
-0.0049833957
-0.0049526445
-0.0047374553
-0.0043138400
-0.0040223314
-0.0040558267
-0.0043592088
-0.0050385493
-0.0059207034
-0.0064184331
-0.0061513380
-0.0051060349
-0.0040698392
-0.0036803326
-0.0038706475
-0.0041448356
-0.0040974031
-0.0038614879
-0.0038147279
-0.0039747123
-0.0045104395
-0.0057463934
-0.0074466084
-0.0087455218
-0.0090529872
-0.0086657170
-0.0084721201
-0.0090340504
-0.0102082281
-0.0114888938
-0.0124149617
-0.0125384015
-0.0116584112
-0.0101401493
-0.0085093604
-0.0072667566
-0.0067711935
-0.0069421704
-0.0073450975
-0.0076279820
-0.0079075808
-0.0085905368
-0.0097175186
-0.0106711331
-0.0105894175
-0.0092243970
-0.0071284808
-0.0050818470
-0.0037021099
-0.0033745220
-0.0042164530
-0.0056890815
-0.0069004163
-0.0075137272
-0.0074427192
-0.0066965233
-0.0054138929
-0.0037955901
-0.0021336093
-0.0007285447
0.0003791790
0.0015656353
0.0030189930
0.0042061242
0.0044292314
0.0039370071
0.0036475662
0.0036977471
0.0033116324
0.0021299568
0.0004134721
-0.0014952653
-0.0027929741
-0.0026818730
-0.0008872124
0.0023553523
0.0057175164
0.0078020039
0.0082281554
0.0075142772
0.0066142757
0.0058623022
0.0054712718
0.0053010817
0.0047360672
0.0035069084
0.0017276880
-0.0000691489
-0.0013303274
-0.0017690067
-0.0016591393
-0.0014617758
-0.0010322652
-0.0000387643
0.0012048494
0.0017605622
0.0007582875
-0.0018480673
-0.0052997845
-0.0085126391
-0.0102577917
-0.0097146400
-0.0070732398
-0.0033703035
0.0003959602
0.0034816079
0.0053357578
0.0054661798
0.0035934283
0.0001081406
-0.0038165241
-0.0066546848
-0.0073410050
-0.0057980303
-0.0029007491
-0.0003053526
0.0004503055
-0.0012081852
-0.0050069182
-0.0099250496
-0.0146704964
-0.0180121089
-0.0193078307
-0.0187354014
-0.0169577126
-0.0151400893
-0.0144103345
-0.0156558546
-0.0185538540
-0.0212074042
-0.0214636633
-0.0189036857
-0.0144417521
-0.0095643196
-0.0055808383
-0.0029903044
-0.0019313815
-0.0022956774
-0.0040504224
-0.0072372372
-0.0117627535
-0.0171987447
-0.0225440523
-0.0264206451
-0.0274160140
-0.0250585425
-0.0200861979
-0.0140173193
-0.0089302885
-0.0063433094
-0.0064515402
-0.0083027067
-0.0103946387
-0.0115841645
-0.0114555563
-0.0101274011
-0.0076895577
-0.0047929173
-0.0024464220
-0.0006558976
0.0010830957
0.0027668306
0.0042306760
0.0049608952
0.0045490017
0.0034971411
0.0029899399
0.0039651781
0.0063252536
0.0088788045
0.0104153006
0.0099264098
0.0068834773
0.0024070398
-0.0010830995
-0.0014232928
0.0027400179
0.0114140812
0.0228724638
0.0343426037
0.0431603230
0.0473152104
0.0461916100
0.0408528155
0.0336242092
0.0274301403
0.0241382022
0.0238353249
0.0257258248
0.0285618426
0.0307537131
0.0302495750
0.0259371997
0.0187982178
0.0110545696
0.0045426137
-0.0001399857
-0.0035047834
-0.0064050992
-0.0090107766
-0.0112189472
-0.0134643299
-0.0162274567
-0.0190191068
-0.0207385752
-0.0205484301
-0.0180016403
-0.0130183984
-0.0059677537
0.0020087363
0.0091485048
0.0138100862
0.0154028229
0.0143538946
0.0114544667
0.0077191148
0.0044365445
0.0028433265
0.0028890288
0.0030891691
0.0022812234
0.0008959400
0.0004268385
0.0020274825
0.0058075144
0.0112519668
0.0169851110
0.0204135454
0.0188328504
0.0116781355
0.0013094926
-0.0088871712
-0.0169390308
-0.0227939908
-0.0266915736
-0.0284713117
-0.0283397998
-0.0269017242
-0.0247220588
-0.0224236012
-0.0207197810
-0.0207510125
-0.0235349283
-0.0286365910
-0.0343951925
-0.0387146407
-0.0399526377
-0.0375143097
-0.0319689614
-0.0245041186
-0.0169816969
-0.0112898100
-0.0077179883
-0.0045455019
0.0000934246
0.0062026043
0.0120408127
0.0155853672
0.0153806488
0.0109214346
0.0032504257
-0.0052864367
-0.0122016170
-0.0161561589
-0.0170835206
-0.0158371373
-0.0140994440
-0.0133887868
-0.0143469276
-0.0170788595
-0.0215695832
-0.0277946408
-0.0353174340
-0.0431271848
-0.0498237032
-0.0540237484
-0.0548272080
-0.0523172134
-0.0476955283
-0.0426036056
-0.0377910345
-0.0329542989
-0.0280485162
-0.0233667015
-0.0190799115
-0.0157419221
-0.0140185726
-0.0138555883
-0.0145021868
-0.0149654793
-0.0143159911
-0.0127273243
-0.0116510427
-0.0117730985
-0.0121972138
-0.0114345890
-0.0091969657
-0.0073145188
-0.0083881223
-0.0136091296
-0.0221634545
-0.0316450197
-0.0388118131
-0.0407550510
-0.0366173539
-0.0289112822
-0.0217852030
-0.0183826502
-0.0195402266
-0.0236646663
-0.0282072077
-0.0313853574
-0.0320628481
-0.0294349671
-0.0231571358
-0.0143259471
-0.0051849824
0.0016191180
0.0037790903
0.0012875493
-0.0038047056
-0.0082812162
-0.0092153002
-0.0052368129
0.0033225144
0.0144946982
0.0252157151
0.0323261458
0.0342401389
0.0316241064
0.0265867605
0.0213071725
0.0172350425
0.0149515950
0.0141380713
0.0143446695
0.0150941457
0.0161139148
0.0173425673
0.0179878618
0.0169473289
0.0141767756
0.0106109053
0.0071123628
0.0035627796
-0.0010250885
-0.0068221227
-0.0124996236
-0.0159846396
-0.0155211946
-0.0101266640
-0.0000779920
0.0127419360
0.0248288583
0.0329889963
0.0366811915
0.0379808672
0.0390926825
0.0405030699
0.0412942908
0.0399234228
0.0350191310
0.0264198313
0.0156381161
0.0060080291
0.0014667443
0.0040163347
0.0120377725
0.0211492556
0.0266922966
0.0257112302
0.0188828768
0.0096559145
0.0013909509
-0.0042038922
-0.0070260528
-0.0079930859
-0.0083360186
-0.0083850554
-0.0071543885
-0.0034995969
0.0024930815
0.0092570638
0.0148166506
0.0181536653
0.0192583416
0.0189460425
0.0187297577
0.0194310367
0.0206899438
0.0209090641
0.0188404025
0.0158280476
0.0152889082
0.0195365901
0.0275570909
0.0353231000
0.0388394920
0.0371383693
0.0327598901
0.0289901417
0.0274574826
0.0277430404
0.0275805885
0.0248162680
0.0194113149
0.0130903417
0.0078163345
0.0047515285
0.0033642956
0.0018518328
-0.0008507650
-0.0046653240
-0.0088776875
-0.0124259038
-0.0141346494
-0.0132498906
-0.0103498211
-0.0075944674
-0.0070407818
-0.0086101271
-0.0106485277
-0.0112584215
-0.0093144724
-0.0053745469
-0.0011580310
0.0023217425
0.0054772404
0.0097110903
0.0168688564
0.0277284339
0.0408127859
0.0526698119
0.0589124203
0.0565865727
0.0460895659
0.0306759024
0.0143213049
-0.0004826749
-0.0134714175
-0.0252840165
-0.0354357945
-0.0418307201
-0.0422524951
-0.0360366803
-0.0248472807
-0.0125988734
-0.0035417982
-0.0000148103
-0.0014607920
-0.0050308422
-0.0078331053
-0.0091739847
-0.0099512404
-0.0110307118
-0.0120906036
-0.0110611398
-0.0051727256
0.0063623111
0.0210231234
0.0341084358
0.0410037289
0.0391489818
0.0291418273
0.0145893165
0.0005897870
-0.0082590924
-0.0097133332
-0.0050725553
0.0020209693
0.0080232231
0.0110567818
0.0107618223
0.0074461029
0.0015915767
-0.0059910441
-0.0140285863
-0.0208113234
-0.0247652335
-0.0252410866
-0.0225581109
-0.0185920486
-0.0167791527
-0.0204439198
-0.0304900420
-0.0445426889
-0.0584303128
-0.0685766988
-0.0736022361
-0.0738088776
-0.0703062740
-0.0643625786
-0.0569566392
-0.0489849469
-0.0414748447
-0.0360923295
-0.0348115729
-0.0384414571
-0.0457211113
-0.0537712168
-0.0584488157
-0.0565737657
-0.0480791637
-0.0361552557
-0.0252920102
-0.0190222613
-0.0192652381
-0.0259461765
-0.0361536285
-0.0455323062
-0.0510912452
-0.0529055951
-0.0535700486
-0.0558122007
-0.0602680825
-0.0659311847
-0.0718404397
-0.0780991352
-0.0855088545
-0.0939830565
-0.1018684890
-0.1066370500
-0.1055841125
-0.0973023287
-0.0832243942
-0.0676558769
-0.0558302184
-0.0514362719
-0.0548149636
-0.0636142583
-0.0741131011
-0.0828389769
-0.0879997808
-0.0896772562
-0.0886999114
-0.0858162994
-0.0820542645
-0.0786799576
-0.0765443765
-0.0758646686
-0.0766749681
-0.0790975023
-0.0830933967
-0.0879398372
-0.0923666127
-0.0950262751
-0.0950921368
-0.0927118273
-0.0890874039
-0.0858375258
-0.0843089032
-0.0846476427
-0.0854183943
-0.0845169625
-0.0805207599
-0.0734150261
-0.0642972351
-0.0548140463
-0.0466606457
-0.0411760461
-0.0388582224
-0.0389282756
-0.0400079977
-0.0402854161
-0.0378204378
-0.0315793787
-0.0220848567
-0.0112899791
-0.0015992594
0.0045296957
0.0050313821
-0.0003809984
-0.0095198060
-0.0183351596
-0.0223361351
-0.0186873196
-0.0078761415
0.0069392230
0.0223730467
0.0364651242
0.0489911454
0.0597929703
0.0676406690
0.0710826733
0.0699689273
0.0660633459
0.0625947540
0.0632691556
0.0708927103
0.0858316512
0.1046302734
0.1215563569
0.1310533194
0.1300149643
0.1185715222
0.0995425596
0.0777250206
0.0591141622
0.0494612681
0.0521721288
0.0671526964
0.0908994572
0.1173068473
0.1396873224
0.1527980694
0.1547774797
0.1470029658
0.1329807667
0.1173483895
0.1039648139
0.0948736164
0.0900485779
0.0880762897
0.0871259729
0.0862438286
0.0860393663
0.0872004708
0.0892189954
0.0904326678
0.0886716214
0.0824346740
0.0718663611
0.0587406480
0.0465816041
0.0395467517
0.0401176559
0.0479993267
0.0608410557
0.0757009366
0.0899239220
0.1013502178
0.1096705408
0.1165739871
0.1241678653
0.1339809231
0.1461896001
0.1594999053
0.1725978595
0.1852969163
0.1977541164
0.2095868343
0.2198679802
0.2276309571
0.2326878163
0.2357539833
0.2377349040
0.2389389035
0.2389620541
0.2370140107
0.2325075532
0.2252883944
0.2157705875
0.2047147182
0.1928116204
0.1807341120
0.1685780442
0.1552320737
0.1394368243
0.1212534501
0.1029154470
0.0880536848
0.0798388844
0.0794775782
0.0852302208
0.0932842736
0.0999877183
0.1036671750
0.1055350036
0.1088331460
0.1166233764
0.1301783237
0.1479222352
0.1659724206
0.1800300630
0.1870241733
0.1863219953
0.1800822991
0.1721699330
0.1659409547
0.1632164061
0.1642222206
0.1678372266
0.1719520588
0.1736451289
0.1706424963
0.1623635215
0.1492037395
0.1319687870
0.1123121676
0.0923370494
0.0745332222
0.0613142103
0.0544452730
0.0543539950
0.0591615065
0.0645525372
0.0654045653
0.0582979163
0.0434871343
0.0243756866
0.0053944487
-0.0099819370
-0.0197539001
-0.0228707094
-0.0195162934
-0.0118148684
-0.0036724196
0.0005120909
-0.0023331638
-0.0133066878
-0.0321242616
-0.0571618492
-0.0858738355
-0.1145170951
-0.1377985942
-0.1498066885
-0.1460609497
-0.1259775874
-0.0939610892
-0.0579760057
-0.0273182740
-0.0097672486
-0.0090431691
-0.0236007458
-0.0468379160
-0.0702714441
-0.0880746167
-0.0989096421
-0.1053256748
-0.1120977042
-0.1225576493
-0.1363765497
-0.1492812447
-0.1554719849
-0.1505397458
-0.1327990216
-0.1044665800
-0.0715267792
-0.0415061035
-0.0204332579
-0.0112400667
-0.0139497089
-0.0267912635
-0.0469748136
-0.0707036318
-0.0938933469
-0.1135648900
-0.1284596876
-0.1390093287
-0.1472220733
-0.1557974018
-0.1666260096
-0.1799874500
-0.1933451058
-0.2021646535
-0.2031352612
-0.1963889926
-0.1849763934
-0.1726568724
-0.1624740683
-0.1559895710
-0.1523848142
-0.1494630303
-0.1461565755
-0.1440369178
-0.1468110406
-0.1575629652
-0.1758581435
-0.1976711928
-0.2178156177
-0.2333853595
-0.2461472573
-0.2615730973
-0.2839732655
-0.3122139100
-0.3408075215
-0.3654912156
-0.3881861628
-0.4114659357
-0.4295236088
-0.4489813859
-0.4695744351
-0.4696395703
-0.4786442188
-0.4703107712
-0.4668929786
-0.4662878118
-0.4657204251
-0.4794183026
-0.4451010980
-0.4636775681
-0.4091483257
-0.1828419638
-0.0805413613
-0.0445230978
-0.0181946684
-0.0431697764
-0.0580144131
-0.0468498878
-0.0257568126
-0.0011347480
0.0181340205
0.0299441388
0.0416164008
0.0640497793
0.1018184993
0.1469769873
0.1848513641
0.2063816478
0.2155897961
0.2259250470
0.2476737285
0.2783359184
0.3036458483
0.3084188491
0.2882636290
0.2529871827
0.2192757540
0.1990429378
0.1926339411
0.1918494747
0.1884763313
0.1817734388
0.1792712085
0.1896082837
0.2140369538
0.2451932187
0.2711914121
0.2817694296
0.2741738295
0.2541425984
0.2321496434
0.2176529044
0.2152234833
0.2231913593
0.2351560787
0.2435965062
0.2431650658
0.2323521409
0.2146021991
0.1969686403
0.1862656208
0.1861341169
0.1960839451
0.2121720415
0.2291423470
0.2430908549
0.2526935742
0.2586844726
0.2626999784
0.2662454762
0.2693850664
0.2702711043
0.2662113916
0.2549269758
0.2361505758
0.2126655627
0.1890564373
0.1701866834
0.1597677312
0.1580801283
0.1620639417
0.1671153306
0.1684852932
0.1619370629
0.1440002690
0.1124464433
0.0672434548
0.0114204335
-0.0493153720
-0.1079078230
-0.1576445362
-0.1938035959
-0.2145143842
-0.2208469306
-0.2161906055
-0.2057628620
-0.1959472237
-0.1925915234
-0.1984689935
-0.2126236489
-0.2317568231
-0.2516188431
-0.2682000548
-0.2790205518
-0.2840554241
-0.2849735343
-0.2838052875
-0.2819370669
-0.2797860485
-0.2773044715
-0.2746287730
-0.2723697708
-0.2715660882
-0.2729983565
-0.2770075715
-0.2833081482
-0.2912492931
-0.3000814968
-0.3087985407
-0.3164550223
-0.3219290018
-0.3220491997
-0.3114469162
-0.2853806876
-0.2429828009
-0.1883701487
-0.1297962731
-0.0768432852
-0.0369628180
-0.0135725768
-0.0059791171
-0.0100909496
-0.0195093088
-0.0277986790
-0.0304994735
-0.0258600212
-0.0140883434
0.0030649555
0.0227459763
0.0416216105
0.0564847263
0.0647114078
0.0647251632
0.0557029107
0.0384574315
0.0156597050
-0.0092378685
-0.0326211914
-0.0508760857
-0.0615249784
-0.0635837609
-0.0576933844
-0.0462229341
-0.0329739419
-0.0217330306
-0.0142494644
-0.0096581344
-0.0051201985
0.0028163454
0.0164856665
0.0363702890
0.0613134481
0.0893097951
0.1182585467
0.1462660870
0.1724301566
0.1972087865
0.2215150906
0.2455127685
0.2681143457
0.2877584149
0.3028308533
0.3119296664
0.3140235799
0.3086419451
0.2967142513
0.2811630583
0.2653627938
0.2519191398
0.2418132303
0.2343865942
0.2276455039
0.2186461931
0.2041765494
0.1824137252
0.1530672236
0.1175327775
0.0787697700
0.0399708001
0.0037727976
-0.0278223111
-0.0530875974
-0.0702219487
-0.0775932519
-0.0746632072
-0.0627855872
-0.0447306106
-0.0242271320
-0.0053459853
0.0091470452
0.0193502634
0.0278021148
0.0381725351
0.0538328313
0.0763153823
0.1044236653
0.1347242402
0.1626381817
0.1831719290
0.1920034913
0.1875002050
0.1710945395
0.1457339791
0.1155880421
0.0848750411
0.0567889838
0.0333650757
0.0155957464
0.0035485027
-0.0033219018
-0.0060114069
-0.0064276618
-0.0075634869
-0.0126626558
-0.0244947371
-0.0443555805
-0.0716219995
-0.1042085520
-0.1386632434
-0.1710862253
-0.1982236003
-0.2182303964
-0.2308817120
-0.2366506453
-0.2362028046
-0.2304467243
-0.2204729883
-0.2078689290
-0.1946274583
-0.1821666292
-0.1708793707
-0.1600278985
-0.1478698885
-0.1322449006
-0.1107492788
-0.0820213370
-0.0470556208
-0.0090310839
0.0272630279
0.0562640016
0.0731484798
0.0758829113
0.0663042658
0.0492204642
0.0302746858
0.0134178665
0.0002728535
-0.0087605828
-0.0142694051
-0.0178355166
-0.0212640620
-0.0261616605
-0.0340076750
-0.0459701883
-0.0628415644
-0.0842291141
-0.1080665091
-0.1311678614
-0.1501004193
-0.1610091654
-0.1602309415
-0.1459611235
-0.1190354028
-0.0830985746
-0.0438385022
-0.0079769673
0.0187572072
0.0334983904
0.0370841158
0.0332752098
0.0270476800
0.0231719831
0.0253139181
0.0349069247
0.0505263321
0.0683706057
0.0836477021
0.0920674312
0.0909284577
0.0795418897
0.0589034831
0.0310602927
-0.0011934055
-0.0342659743
-0.0645097486
-0.0884911192
-0.1033693800
-0.1081803852
-0.1052802045
-0.0995433785
-0.0965659009
-0.1006147247
-0.1128823038
-0.1310465501
-0.1501660388
-0.1642730953
-0.1692060153
-0.1646738652
-0.1530019499
-0.1374802643
-0.1217330482
-0.1079201912
-0.0959519399
-0.0839464206
-0.0701740990
-0.0543498354
-0.0379062056
-0.0235206530
-0.0133592356
-0.0077764398
-0.0054586024
-0.0039790216
-0.0003910716
0.0076953786
0.0210142585
0.0386479668
0.0584502589
0.0774117391
0.0919688814
0.0987418804
0.0956958618
0.0825997148
0.0608983943
0.0334042892
0.0035969287
-0.0246228871
-0.0476121188
-0.0635980698
-0.0727699900
-0.0768233465
-0.0786616215
-0.0815963896
-0.0882478217
-0.0998128412
-0.1152183918
-0.1311114838
-0.1437513831
-0.1508464560
-0.1518802738
-0.1477835739
-0.1404060406
-0.1320297832
-0.1242934862
-0.1174329484
-0.1113464244
-0.1060117703
-0.1016578080
-0.0986285106
-0.0971856153
-0.0976333496
-0.0994042606
-0.1006438283
-0.0987295275
-0.0916065267
-0.0789089481
-0.0622879498
-0.0447217958
-0.0300982335
-0.0220850214
-0.0222196851
-0.0295342362
-0.0413180582
-0.0540066901
-0.0643452380
-0.0702430696
-0.0709212527
-0.0668121758
-0.0589612502
-0.0476411442
-0.0327389313
-0.0148520094
0.0045961640
0.0235694454
0.0399203465
0.0519090474
0.0589629684
0.0621199941
0.0638408995
0.0669596891
0.0732983982
0.0832635098
0.0956303425
0.1080803871
0.1184881560
0.1252937302
0.1282427619
0.1285340462
0.1281771276
0.1291023776
0.1330216684
0.1407946318
0.1518435867
0.1645029278
0.1768249646
0.1872665412
0.1955095121
0.2019829873
0.2072076522
0.2115606504
0.2150118387
0.2174081361
0.2194916399
0.2230138898
0.2298843233
0.2410940835
0.2564699551
0.2746897505
0.2934580888
0.3097470357
0.3208394607
0.3252069566
0.3230792886
0.3162177199
0.3071012206
0.2982954819
0.2919978869
0.2896728489
0.2919212236
0.2985787553
0.3087630648
0.3211224634
0.3336426081
0.3442626959
0.3511338302
0.3529729315
0.3491931752
0.3389207468
0.3211090080
0.2958018437
0.2652128882
0.2334672373
0.2056079864
0.1866889753
0.1793954223
0.1822005079
0.1907599301
0.2000936032
0.2059089252
0.2049467631
0.1961279013
0.1810181110
0.1628216670
0.1457490426
0.1332417040
0.1267345255
0.1260060062
0.1290048925
0.1327114971
0.1342065539
0.1314906232
0.1239665751
0.1122242033
0.0978088330
0.0827730900
0.0686673175
0.0563273342
0.0459887638
0.0372967138
0.0295757054
0.0222248905
0.0147695371
0.0071497123
-0.0005216506
-0.0075752143
-0.0129063818
-0.0159497234
-0.0164369199
-0.0145321470
-0.0115078966
-0.0093192608
-0.0098846271
-0.0141193539
-0.0216629085
-0.0313459863
-0.0421411010
-0.0534451297
-0.0645418067
-0.0750152759
-0.0845137397
-0.0919765070
-0.0959933424
-0.0961003143
-0.0933791937
-0.0897472923
-0.0876307801
-0.0890196752
-0.0947799369
-0.1043222976
-0.1155561905
-0.1257771894
-0.1329474456
-0.1363699394
-0.1368647387
-0.1365916253
-0.1385405899
-0.1451247470
-0.1567025025
-0.1718969765
-0.1883706747
-0.2024694434
-0.2107441359
-0.2114322754
-0.2050564801
-0.1941844691
-0.1817566631
-0.1701901432
-0.1610576954
-0.1546686561
-0.1504513135
-0.1472393273
-0.1437990976
-0.1393329873
-0.1335703806
-0.1268453375
-0.1196129880
-0.1124187266
-0.1064493844
-0.1031420084
-0.1031046867
-0.1065931704
-0.1134400384
-0.1224785968
-0.1322415276
-0.1413689593
-0.1487338441
-0.1538383221
-0.1563976936
-0.1563512838
-0.1537354389
-0.1495345748
-0.1453493591
-0.1427205765
-0.1425419173
-0.1447757381
-0.1487981945
-0.1537461124
-0.1583240332
-0.1608684306
-0.1600240722
-0.1548349260
-0.1453311876
-0.1326435982
-0.1179217434
-0.1022764183
-0.0872820066
-0.0750564891
-0.0678773324
-0.0673642974
-0.0735791388
-0.0847213640
-0.0978006645
-0.1098075395
-0.1181059668
-0.1208693021
-0.1181152842
-0.1116969568
-0.1038559168
-0.0967770205
-0.0921255741
-0.0903149386
-0.0901910245
-0.0901165861
-0.0892808265
-0.0877252724
-0.0857760653
-0.0841571713
-0.0839545229
-0.0856386960
-0.0889055665
-0.0927879882
-0.0954894887
-0.0954138795
-0.0921772667
-0.0867763614
-0.0814119838
-0.0783645871
-0.0790587097
-0.0835284141
-0.0904390083
-0.0970744339
-0.1003881783
-0.0982152177
-0.0898236640
-0.0762065596
-0.0594402793
-0.0420850971
-0.0269112362
-0.0163907079
-0.0114985556
-0.0113312957
-0.0137195515
-0.0157666162
-0.0151060533
-0.0108013914
-0.0032619781
0.0063323612
0.0165902750
0.0265293914
0.0361677590
0.0464136131
0.0579618272
0.0700747383
0.0807655849
0.0879717317
0.0904826891
0.0883202165
0.0829578497
0.0770971895
0.0738204300
0.0749347439
0.0805162175
0.0897641293
0.1013450301
0.1133865606
0.1240132222
0.1313789156
0.1338763172
0.1301992138
0.1193311520
0.1022650881
0.0825247003
0.0648708142
0.0536855313
0.0515232157
0.0582437606
0.0706804375
0.0833873571
0.0906379237
0.0889549260
0.0779803741
0.0600851909
0.0394637742
0.0208332562
0.0081492073
0.0030484126
0.0044773027
0.0100241271
0.0172477683
0.0242231506
0.0298682970
0.0337413696
0.0360845167
0.0376146991
0.0392050894
0.0415190594
0.0448590719
0.0485674447
0.0514119201
0.0524159851
0.0512640348
0.0485784494
0.0459493056
0.0451466535
0.0469939976
0.0512281942
0.0562306758
0.0593272627
0.0577469683
0.0494929575
0.0346316798
0.0158223789
-0.0024396932
-0.0156221308
-0.0205781790
-0.0166762521
-0.0066832523
0.0048976202
0.0138593055
0.0170683151
0.0131946091
0.0029772564
-0.0114755996
-0.0274330655
-0.0422895373
-0.0545215776
-0.0639366237
-0.0708836949
-0.0760804939
-0.0799642547
-0.0823397029
-0.0831713292
-0.0829530018
-0.0822967735
-0.0814498609
-0.0800218651
-0.0778165284
-0.0750621223
-0.0721704022
-0.0699117569
-0.0693629249
-0.0717587719
-0.0770382631
-0.0835639449
-0.0890484761
-0.0916082038
-0.0909867744
-0.0884771595
-0.0861022549
-0.0858024064
-0.0886180794
-0.0941124847
-0.1004502939
-0.1054684624
-0.1077760389
-0.1072069774
-0.1045701446
-0.1008838813
-0.0963046843
-0.0903462858
-0.0822995372
-0.0718427203
-0.0599660993
-0.0483757800
-0.0390664954
-0.0334724600
-0.0319436552
-0.0336705340
-0.0365826477
-0.0377852391
-0.0349347771
-0.0272906278
-0.0158572617
-0.0028747390
0.0094122844
0.0195119923
0.0267435020
0.0307552529
0.0316735881
0.0295855606
0.0248094589
0.0181888366
0.0104407675
0.0020581250
-0.0066608050
-0.0153723247
-0.0233875209
-0.0295872836
-0.0330209614
-0.0338903234
-0.0334036138
-0.0327804172
-0.0332143299
-0.0356350858
-0.0402566888
-0.0462565252
-0.0523032339
-0.0569392021
-0.0590362387
-0.0587226052
-0.0571086156
-0.0550615758
-0.0529591889
-0.0504301786
-0.0462699715
-0.0400262886
-0.0319671585
-0.0225750755
-0.0128323281
-0.0037774689
0.0041044805
0.0111517768
0.0177354700
0.0242245068
0.0310477259
0.0379778087
0.0446082492
0.0510096018
0.0569941460
0.0617197975
0.0648875350
0.0665704566
0.0665742688
0.0648229707
0.0616449989
0.0570165897
0.0506406289
0.0430955286
0.0355086565
0.0289601439
0.0246579693
0.0233115907
0.0244694098
0.0266314187
0.0281219322
0.0276495658
0.0241670578
0.0175343270
0.0092295293
0.0014522379
-0.0042192329
-0.0070410100
-0.0070268739
-0.0046176279
-0.0002366854
0.0055864862
0.0121711335
0.0186638939
0.0236067642
0.0254548324
0.0232494770
0.0169886749
0.0079131920
-0.0021621799
-0.0113281540
-0.0175394115
-0.0190877104
-0.0154337880
-0.0077598096
0.0015231283
0.0101179778
0.0161617264
0.0185227556
0.0176650197
0.0149901913
0.0118138190
0.0089493941
0.0070541662
0.0066944129
0.0082224616
0.0119653891
0.0181474861
0.0264922266
0.0363300694
0.0461329771
0.0536209659
0.0573298107
0.0574054144
0.0550853222
0.0521321988
0.0503302745
0.0506655069
0.0526968715
0.0549423247
0.0560413511
0.0554712259
0.0538752183
0.0527933280
0.0535811747
0.0566307974
0.0613658236
0.0665779673
0.0705879380
0.0714405521
0.0681786061
0.0616368607
0.0538596383
0.0474996273
0.0446443321
0.0464079983
0.0522768382
0.0597794605
0.0655551999
0.0671089011
0.0633389592
0.0546873192
0.0432955420
0.0321077650
0.0235884401
0.0186889950
0.0173277451
0.0188301446
0.0220337809
0.0256555677
0.0286475210
0.0303100501
0.0303586442
0.0283013140
0.0238371814
0.0170951148
0.0084374780
-0.0014954831
-0.0117679936
-0.0209066524
-0.0272388523
-0.0295035588
-0.0274331012
-0.0218903255
-0.0140089264
-0.0052923233
0.0018567056
0.0054538054
0.0047197502
0.0000997891
-0.0071204388
-0.0153068695
-0.0226682601
-0.0273597584
-0.0284837125
-0.0265051366
-0.0227572629
-0.0186519229
-0.0152087630
-0.0133956575
-0.0137909357
-0.0160772807
-0.0189485990
-0.0210538986
-0.0215788545
-0.0201567666
-0.0169306326
-0.0126364027
-0.0085784820
-0.0064457486
-0.0073891205
-0.0111725688
-0.0161849246
-0.0209664825
-0.0248958109
-0.0279318123
-0.0301181107
-0.0317365984
-0.0328730839
-0.0327358533
-0.0299807413
-0.0238853850
-0.0153474546
-0.0063748809
0.0007280318
0.0039782385
0.0027546711
-0.0015771691
-0.0063528630
-0.0087207507
-0.0069263684
-0.0009327485
0.0078029672
0.0169942901
0.0245185091
0.0290422449
0.0299727824
0.0278642991
0.0237864243
0.0183212197
0.0116762707
0.0045593511
-0.0017887817
-0.0057543678
-0.0061017999
-0.0027069284
0.0032297770
0.0093430489
0.0129928156
0.0119928346
0.0055167052
-0.0051769756
-0.0174665929
-0.0287307026
-0.0367908042
-0.0406098139
-0.0402521648
-0.0363391394
-0.0302077320
-0.0235690766
-0.0181114978
-0.0152506928
-0.0157493432
-0.0196843689
-0.0264814026
-0.0350702912
-0.0436027030
-0.0493364410
-0.0498348356
-0.0446739977
-0.0350231420
-0.0232813845
-0.0128757563
-0.0071334951
-0.0080897253
-0.0154749408
-0.0264365963
-0.0370498880
-0.0443342594
-0.0473764466
-0.0474114048
-0.0466991782
-0.0471597664
-0.0497455184
-0.0540924315
-0.0591049035
-0.0637314495
-0.0674427410
-0.0708490228
-0.0753091899
-0.0816108878
-0.0894944454
-0.0973735002
-0.1031073095
-0.1056133520
-0.1043080726
-0.0993705312
-0.0920663193
-0.0842744928
-0.0776974376
-0.0732728398
-0.0708735665
-0.0695221153
-0.0684925222
-0.0674556113
-0.0664147312
-0.0655015664
-0.0650389930
-0.0650807138
-0.0649045990
-0.0634608696
-0.0603259292
-0.0560794755
-0.0518281174
-0.0484895226
-0.0469501336
-0.0480910211
-0.0514333830
-0.0554722734
-0.0588200200
-0.0605018601
-0.0603165617
-0.0590268774
-0.0575680019
-0.0566239969
-0.0566246982
-0.0573417030
-0.0578533190
-0.0572096245
-0.0548575040
-0.0505574469
-0.0442907888
-0.0363024549
-0.0273433333
-0.0189096319
-0.0123246207
-0.0081064609
-0.0063198495
-0.0070033307
-0.0095259785
-0.0126826332
-0.0151255823
-0.0159502094
-0.0145221653
-0.0102532714
-0.0032011170
0.0053512407
0.0135260250
0.0196298177
0.0225496918
0.0219688930
0.0187575280
0.0147784218
0.0119854574
0.0116281321
0.0138344976
0.0177764766
0.0220984558
0.0254899060
0.0272995847
0.0277420346
0.0278619891
0.0288649980
0.0313411093
0.0351056446
0.0393903959
0.0434560095
0.0468423091
0.0492109966
0.0503583400
0.0502785477
0.0490711167
0.0467143332
0.0435785538
0.0406297323
0.0389572194
0.0393940600
0.0417589512
0.0451112046
0.0481549387
0.0494441142
0.0479411069
0.0433878700
0.0365704014
0.0290162478
0.0223754917
0.0180176586
0.0168796086
0.0192214283
0.0242350285
0.0307661540
0.0381270482
0.0454184498
0.0516191041
0.0559404591
0.0581974582
0.0586936423
0.0580538544
0.0573707233
0.0575507019
0.0596071576
0.0639039523
0.0698823002
0.0766799932
0.0833341266
0.0888971859
0.0925932003
0.0941611245
0.0935959728
0.0908604718
0.0862937337
0.0806124027
0.0745280705
0.0689489178
0.0648485870
0.0628850493
0.0630406976
0.0647364053
0.0671693803
0.0690082544
0.0690115060
0.0669648886
0.0634756888
0.0593712395
0.0555400149
0.0529493752
0.0522300080
0.0536368419
0.0568650978
0.0611736919
0.0663904710
0.0724702025
0.0789292797
0.0855374200
0.0922718128
0.0982874751
0.1022678683
0.1032510650
0.1010103952
0.0961104186
0.0895169033
0.0828055570
0.0774636902
0.0745102423
0.0747783477
0.0787711909
0.0859615773
0.0950185899
0.1042766868
0.1120436848
0.1168934820
0.1179694745
0.1151227962
0.1091050442
0.1015595006
0.0942609156
0.0887962432
0.0865729724
0.0882201251
0.0933878587
0.1009516323
0.1091046134
0.1158832451
0.1196932492
0.1196251479
0.1157797548
0.1094372437
0.1025272725
0.0966356228
0.0929980376
0.0919384070
0.0925127567
0.0938134356
0.0951710898
0.0960886398
0.0963057005
0.0957728547
0.0946825410
0.0931265898
0.0913774234
0.0901500056
0.0899627127
0.0910772825
0.0938424184
0.0978059496
0.1019618028
0.1054358780
0.1074161047
0.1075696873
0.1063015635
0.1044198702
0.1026793067
0.1016390045
0.1016553205
0.1024525933
0.1032376807
0.1034050213
0.1025315636
0.1003269967
0.0968503349
0.0920133591
0.0860265823
0.0796961568
0.0738320890
0.0688285514
0.0646211201
0.0610438173
0.0579493691
0.0546826646
0.0503763227
0.0447782414
0.0380618339
0.0305112028
0.0225075947
0.0148878680
0.0087834489
0.0046246083
0.0020704722
0.0006271056
0.0000556003
0.0000920805
-0.0001708645
-0.0020278911
-0.0058326617
-0.0113099795
-0.0180974021
-0.0253644322
-0.0318791042
-0.0364090526
-0.0378181872
-0.0359148302
-0.0320048082
-0.0280992888
-0.0261856189
-0.0277163164
-0.0331511251
-0.0420562597
-0.0533031042
-0.0652207421
-0.0757437744
-0.0828461218
-0.0857494921
-0.0849890341
-0.0817112486
-0.0773821653
-0.0738877472
-0.0729638269
-0.0750009966
-0.0791384527
-0.0841691771
-0.0891142399
-0.0929108978
-0.0946565885
-0.0942796403
-0.0921437668
-0.0887870197
-0.0852455507
-0.0822096395
-0.0799748304
-0.0790682648
-0.0799457743
-0.0827809223
-0.0873158275
-0.0924870664
-0.0971670345
-0.1010470688
-0.1042030955
-0.1069172000
-0.1098686597
-0.1137893051
-0.1188897380
-0.1247837155
-0.1306683668
-0.1356713547
-0.1392279723
-0.1413225635
-0.1425617851
-0.1440399080
-0.1463767063
-0.1493430586
-0.1522995773
-0.1547996689
-0.1567784668
-0.1585925414
-0.1603746553
-0.1619007255
-0.1633770919
-0.1652082845
-0.1672733142
-0.1693356061
-0.1714735297
-0.1734683078
-0.1745623204
-0.1743489398
-0.1729351388
-0.1705855764
-0.1676773000
-0.1645039573
-0.1614973062
-0.1589583772
-0.1567495499
-0.1547208071
-0.1527268270
-0.1506991031
-0.1488426979
-0.1473792743
-0.1462392317
-0.1450240814
-0.1431451547
-0.1404814911
-0.1377013338
-0.1358175794
-0.1355792555
-0.1372297881
-0.1406021660
-0.1450106397
-0.1493325041
-0.1522878776
-0.1533161130
-0.1525940110
-0.1504162697
-0.1468756421
-0.1425632865
-0.1382522028
-0.1344767216
-0.1316970508
-0.1300358258
-0.1294661475
-0.1301366926
-0.1319803750
-0.1344540955
-0.1366527607
-0.1377372918
-0.1372614740
-0.1352277647
-0.1317450351
-0.1272875862
-0.1226680602
-0.1184755434
-0.1151840647
-0.1131065014
-0.1121659420
-0.1115880275
-0.1104155068
-0.1078350194
-0.1036214814
-0.0980583867
-0.0917777200
-0.0857336509
-0.0810020332
-0.0782406460
-0.0772251900
-0.0773675990
-0.0778180082
-0.0772346435
-0.0745769563
-0.0696463370
-0.0632314968
-0.0569252201
-0.0522489694
-0.0498400808
-0.0496381023
-0.0509750826
-0.0528233327
-0.0539699386
-0.0530929816
-0.0495587479
-0.0434284693
-0.0350501960
-0.0250836275
-0.0146659061
-0.0051457911
0.0025213854
0.0080554578
0.0118409818
0.0147858091
0.0181966498
0.0232330754
0.0303437958
0.0390101754
0.0483705813
0.0577744513
0.0668174765
0.0752410964
0.0832853679
0.0916616793
0.1007532819
0.1101542879
0.1190708848
0.1269312368
0.1333620476
0.1381556991
0.1413878426
0.1434104576
0.1448482693
0.1464381313
0.1485164084
0.1512047591
0.1544463815
0.1579712416
0.1613146415
0.1642453083
0.1669418594
0.1695147455
0.1722431964
0.1749932044
0.1776426535
0.1804938144
0.1836673979
0.1870158368
0.1901349654
0.1924484702
0.1934985471
0.1928905711
0.1905049315
0.1866886266
0.1824072028
0.1789851411
0.1777591677
0.1798243163
0.1851118095
0.1923198195
0.1998421173
0.2059942466
0.2094272379
0.2096030254
0.2069735931
0.2028115716
0.1987905375
0.1962503426
0.1959846799
0.1985658582
0.2038758994
0.2107061366
0.2172897133
0.2220838651
0.2245126401
0.2246917464
0.2228974736
0.2197527135
0.2166690775
0.2149120964
0.2143615630
0.2146675423
0.2156774646
0.2170355905
0.2180013173
0.2176566336
0.2156172912
0.2121044723
0.2075590393
0.2025606625
0.1980828507
0.1953514466
0.1942947343
0.1938888441
0.1933781259
0.1922453777
0.1902820134
0.1875528428
0.1842489083
0.1809725471
0.1781642440
0.1759197674
0.1742528206
0.1731453430
0.1724331716
0.1720046431
0.1719183570
0.1721550147
0.1727399741
0.1735879026
0.1741472058
0.1737344860
0.1722841270
0.1699669436
0.1667761129
0.1627457749
0.1581531623
0.1536686242
0.1497639137
0.1465306915
0.1440303400
0.1425055438
0.1419723878
0.1417851822
0.1413568048
0.1402982801
0.1385409417
0.1361245654
0.1333867206
0.1310508266
0.1300679610
0.1309208019
0.1329606896
0.1348794909
0.1355240098
0.1336442134
0.1285817363
0.1208489549
0.1118081431
0.1025997501
0.0938318381
0.0860055244
0.0794835255
0.0743588986
0.0704124181
0.0672484034
0.0643136299
0.0610140811
0.0570198148
0.0524107467
0.0473940440
0.0423681909
0.0375765303
0.0331702111
0.0294067507
0.0262932777
0.0234340411
0.0204098507
0.0171859275
0.0141628899
0.0119143192
0.0107241546
0.0103256619
0.0101921932
0.0095765418
0.0075367260
0.0033984718
-0.0031022720
-0.0114709197
-0.0206891518
-0.0294690060
-0.0361049308
-0.0394957657
-0.0397483444
-0.0377721105
-0.0349792720
-0.0328839694
-0.0327385413
-0.0354458650
-0.0409992022
-0.0482769351
-0.0562940612
-0.0640287122
-0.0703353572
-0.0742828365
-0.0757446836
-0.0754534130
-0.0746314369
-0.0744578293
-0.0757011689
-0.0788350563
-0.0840864644
-0.0911119415
-0.0989670072
-0.1066334394
-0.1137577800
-0.1203238220
-0.1262832498
-0.1315923792
-0.1364754699
-0.1409771061
-0.1447579591
-0.1476168023
-0.1498256868
-0.1517498512
-0.1538523592
-0.1567868168
-0.1611269087
-0.1667720771
-0.1731726102
-0.1794904797
-0.1847347866
-0.1880519448
-0.1890200732
-0.1879924191
-0.1857324405
-0.1834572956
-0.1823842709
-0.1832883463
-0.1862851851
-0.1910104213
-0.1967965963
-0.2024380112
-0.2067099287
-0.2092692469
-0.2102992547
-0.2101094324
-0.2088949974
-0.2071381258
-0.2056327252
-0.2049760055
-0.2054208472
-0.2072097547
-0.2103864964
-0.2141664343
-0.2175272795
-0.2195383301
-0.2193981483
-0.2172840160
-0.2138696877
-0.2097400416
-0.2054342086
-0.2012135139
-0.1974710898
-0.1942920065
-0.1915315701
-0.1894677062
-0.1883195304
-0.1881691551
-0.1890413478
-0.1907072896
-0.1927409479
-0.1941159412
-0.1939190781
-0.1923629783
-0.1900484627
-0.1874867839
-0.1850533141
-0.1828457642
-0.1807535993
-0.1787635247
-0.1766362672
-0.1739153563
-0.1705752543
-0.1669841303
-0.1633239604
-0.1595868455
-0.1561355021
-0.1532663336
-0.1509112613
-0.1487918641
-0.1470162866
-0.1457280473
-0.1449672929
-0.1447182313
-0.1449908901
-0.1457763629
-0.1466101819
-0.1467260601
-0.1456316864
-0.1431308892
-0.1392286206
-0.1343962216
-0.1294777738
-0.1254112747
-0.1230327508
-0.1223278130
-0.1224126844
-0.1223830566
-0.1215368296
-0.1193233789
-0.1154177611
-0.1098063399
-0.1030367993
-0.0958239417
-0.0887695930
-0.0826396957
-0.0779271521
-0.0747621835
-0.0728538288
-0.0717142536
-0.0707192109
-0.0693825915
-0.0678135448
-0.0659267993
-0.0633007296
-0.0597278104
-0.0553379512
-0.0503115079
-0.0453197484
-0.0411207076
-0.0378219982
-0.0353915317
-0.0333463188
-0.0306738690
-0.0264374374
-0.0205417606
-0.0134962069
-0.0058621301
0.0015585058
0.0077894765
0.0124284135
0.0153469970
0.0162729832
0.0154226119
0.0135494882
0.0114242197
0.0099388679
0.0100475390
0.0121158989
0.0158575447
0.0204171877
0.0244864685
0.0270258764
0.0275449619
0.0262694475
0.0240863308
0.0219091361
0.0210605556
0.0227377473
0.0267577462
0.0323819220
0.0391013106
0.0462176304
0.0527930594
0.0582962803
0.0628405681
0.0668025903
0.0697711969
0.0718749094
0.0740298128
0.0767117376
0.0797684786
0.0831961690
0.0866523558
0.0895747432
0.0918814404
0.0937920803
0.0955329683
0.0972472806
0.0990907233
0.1011248742
0.1029986258
0.1042365809
0.1046233469
0.1044965838
0.1042577741
0.1039601561
0.1034869739
0.1027005694
0.1017959128
0.1008226482
0.0998677275
0.0992693215
0.0986946460
0.0980381156
0.0977489665
0.0980583808
0.0993393213
0.1013311866
0.1032501533
0.1047717867
0.1060892422
0.1073989518
0.1086177661
0.1096552797
0.1105323335
0.1109680123
0.1107487341
0.1100119302
0.1092641917
0.1088821575
0.1087244515
0.1089443383
0.1097385214
0.1108123639
0.1118097082
0.1123947036
0.1125999437
0.1125595928
0.1117589431
0.1101010871
0.1079606014
0.1057801960
0.1041206497
0.1035708912
0.1044080098
0.1063235112
0.1088851575
0.1113485022
0.1126612974
0.1122050448
0.1098327350
0.1059455057
0.1009205620
0.0951900419
0.0896590670
0.0853473385
0.0825279625
0.0809491003
0.0804829550
0.0807552241
0.0811173328
0.0810039486
0.0801331321
0.0783287929
0.0752734512
0.0706767010
0.0647514250
0.0586087415
0.0532354028
0.0491460587
0.0466340366
0.0457175266
0.0459442333
0.0464121717
0.0460439837
0.0442432956
0.0409613805
0.0365253833
0.0315317099
0.0268420263
0.0231718441
0.0205896235
0.0189943723
0.0184330643
0.0186755422
0.0191168158
0.0191987311
0.0184428170
0.0161094563
0.0120640208
0.0072195298
0.0021995571
-0.0024452456
-0.0058766942
-0.0074414582
-0.0072358140
-0.0057566141
-0.0037149171
-0.0020551113
-0.0014404712
-0.0019555109
-0.0035812177
-0.0061932760
-0.0093260398
-0.0124495847
-0.0151331271
-0.0168945806
-0.0178138912
-0.0180342132
-0.0171981741
-0.0152062333
-0.0128399062
-0.0105516857
-0.0084538443
-0.0070579433
-0.0069160323
-0.0084396621
-0.0114258611
-0.0148902142
-0.0178682524
-0.0199369766
-0.0209332916
-0.0209560904
-0.0205796674
-0.0205379779
-0.0214711555
-0.0237656781
-0.0272924177
-0.0315927311
-0.0361511876
-0.0404982240
-0.0443460390
-0.0476655986
-0.0507730738
-0.0539215189
-0.0568530419
-0.0594305036
-0.0619570217
-0.0644289849
-0.0663105522
-0.0671063050
-0.0670284385
-0.0665095869
-0.0657675406
-0.0649541078
-0.0642976815
-0.0639157781
-0.0636584492
-0.0634677915
-0.0632685416
-0.0630033272
-0.0625335382
-0.0616502613
-0.0605489352
-0.0595737847
-0.0589509414
-0.0586719365
-0.0586110354
-0.0587080804
-0.0589450106
-0.0590721437
-0.0586565853
-0.0578557128
-0.0569386342
-0.0560358339
-0.0552982330
-0.0548368557
-0.0548575104
-0.0556662845
-0.0571856564
-0.0588402133
-0.0601389459
-0.0608990208
-0.0608701012
-0.0598671553
-0.0577319251
-0.0546735605
-0.0512740408
-0.0481045966
-0.0456979064
-0.0446705532
-0.0453455560
-0.0475062508
-0.0502636405
-0.0525559178
-0.0536753504
-0.0532941069
-0.0512622546
-0.0477924509
-0.0439867455
-0.0409818628
-0.0390821690
-0.0384464646
-0.0388235554
-0.0394521385
-0.0395895795
-0.0389245290
-0.0374934044
-0.0352486320
-0.0325885839
-0.0304129806
-0.0294009279
-0.0294745587
-0.0300605195
-0.0308001853
-0.0312916832
-0.0309990907
-0.0295855715
-0.0269179735
-0.0232942718
-0.0194780280
-0.0161339967
-0.0136666902
-0.0124454094
-0.0127863976
-0.0144869905
-0.0169170722
-0.0194081534
-0.0211193446
-0.0214775239
-0.0208219441
-0.0197968006
-0.0188290640
-0.0181857764
-0.0180497989
-0.0184304823
-0.0191755208
-0.0199418326
-0.0203810282
-0.0200739197
-0.0186219592
-0.0160915458
-0.0127606188
-0.0090100771
-0.0050695923
-0.0012202280
0.0016702472
0.0029217916
0.0026627760
0.0017625611
0.0005901836
-0.0005211093
-0.0007769720
0.0003819762
0.0029022454
0.0062269107
0.0096342200
0.0124195266
0.0138557397
0.0134991013
0.0114800327
0.0083978259
0.0049859271
0.0019804007
-0.0001829570
-0.0011948074
-0.0011848808
-0.0006208174
0.0004703577
0.0022513403
0.0040357263
0.0052492046
0.0058364218
0.0058091544
0.0053023692
0.0048021385
0.0048572640
0.0061412851
0.0089678952
0.0127128744
0.0169320270
0.0213664137
0.0257208427
0.0298395779
0.0337307258
0.0374421132
0.0411565568
0.0446254246
0.0472103515
0.0484118846
0.0483253906
0.0472157400
0.0453970103
0.0434279157
0.0416502198
0.0403190004
0.0396793212
0.0395570962
0.0398085188
0.0405785607
0.0411691617
0.0406811165
0.0389348200
0.0361956959
0.0329908790
0.0301860808
0.0285771080
0.0285536882
0.0300364768
0.0323782956
0.0346710932
0.0363239878
0.0369558649
0.0365375708
0.0353334172
0.0336678059
0.0318261923
0.0301585780
0.0290672865
0.0286464103
0.0286250632
0.0288588073
0.0293527533
0.0299454919
0.0305477271
0.0308631373
0.0305992721
0.0298651155
0.0286690367
0.0271771494
0.0256993310
0.0244279669
0.0235618046
0.0232050904
0.0232313958
0.0234678980
0.0237244995
0.0236384847
0.0229934844
0.0216744889
0.0195047786
0.0168687514
0.0147146658
0.0132602825
0.0124798619
0.0124487655
0.0131639492
0.0142531722
0.0149257397
0.0142167796
0.0117071539
0.0078249667
0.0032726553
-0.0010608494
-0.0045424969
-0.0065107065
-0.0063027038
-0.0041496868
-0.0007478836
0.0033052544
0.0071795455
0.0099295675
0.0111471672
0.0108519673
0.0093061019
0.0067883801
0.0042312466
0.0024885960
0.0017952316
0.0020661052
0.0030989810
0.0043537018
0.0055658403
0.0065745990
0.0070538989
0.0072049691
0.0074059557
0.0077138101
0.0079280848
0.0076838827
0.0068974607
0.0057096970
0.0039887290
0.0017890099
-0.0003803816
-0.0022537019
-0.0039744402
-0.0056384633
-0.0071615939
-0.0084618845
-0.0098212608
-0.0118531067
-0.0146566088
-0.0177348474
-0.0207162685
-0.0231263901
-0.0246692519
-0.0254425331
-0.0255265968
-0.0249503679
-0.0236615638
-0.0215376037
-0.0185384479
-0.0149745370
-0.0114261588
-0.0081855354
-0.0055215334
-0.0037187136
-0.0027448480
-0.0021687283
-0.0014959709
-0.0004354524
0.0010331521
0.0022858818
0.0026194720
0.0018167889
0.0001661107
-0.0017353300
-0.0035849111
-0.0055394014
-0.0075162265
-0.0092446422
-0.0107077862
-0.0119467153
-0.0130308076
-0.0139811891
-0.0148118505
-0.0158209866
-0.0171662330
-0.0187847506
-0.0206155632
-0.0226818451
-0.0244639915
-0.0251823373
-0.0247601287
-0.0236093683
-0.0219979611
-0.0201602211
-0.0186589923
-0.0178692448
-0.0178666517
-0.0188243998
-0.0204715069
-0.0220713788
-0.0228202752
-0.0220665253
-0.0197070057
-0.0162437007
-0.0125061710
-0.0092004127
-0.0066187340
-0.0048586692
-0.0039560315
-0.0037754639
-0.0039165030
-0.0038854888
-0.0034418548
-0.0027006082
-0.0022172741
-0.0026102280
-0.0040378854
-0.0064631091
-0.0096469624
-0.0130276441
-0.0157627156
-0.0173149535
-0.0179129546
-0.0180264548
-0.0183024616
-0.0190807061
-0.0200177885
-0.0204955304
-0.0200051386
-0.0185147236
-0.0162836156
-0.0136713215
-0.0111732864
-0.0093272077
-0.0084968384
-0.0084290323
-0.0084660884
-0.0084188480
-0.0084324668
-0.0085895455
-0.0086302767
-0.0082100646
-0.0074788817
-0.0067832320
-0.0062655508
-0.0059852367
-0.0062179247
-0.0075111489
-0.0099644510
-0.0128209347
-0.0153306161
-0.0170229502
-0.0176260036
-0.0172531035
-0.0160932144
-0.0145752074
-0.0134669992
-0.0130435517
-0.0132514699
-0.0139945421
-0.0149806266
-0.0156297137
-0.0155085558
-0.0143609501
-0.0122054141
-0.0092515957
-0.0056806733
-0.0019546247
0.0014896119
0.0044012584
0.0064240607
0.0076089476
0.0085072192
0.0093390164
0.0098532693
0.0099460412
0.0100229016
0.0101895500
0.0101537082
0.0096530872
0.0087164053
0.0077014726
0.0068813747
0.0063698651
0.0059790071
0.0055071775
0.0050983891
0.0046877384
0.0041941028
0.0035414754
0.0026773371
0.0021090741
0.0022143551
0.0026203049
0.0028794322
0.0026728270
0.0020500867
0.0012652648
0.0006659594
0.0005156651
0.0004470959
0.0005736270
0.0012245330
0.0023602746
0.0037448404
0.0053314808
0.0070528084
0.0087145695
0.0102197132
0.0117089999
0.0131410873
0.0143069462
0.0153319002
0.0162206207
0.0167781914
0.0167759514
0.0162060442
0.0154305031
0.0148190935
0.0143674592
0.0139279046
0.0133144410
0.0126783260
0.0121150474
0.0114265886
0.0104731712
0.0092624845
0.0077127386
0.0057566904
0.0035449052
0.0012551256
-0.0009176029
-0.0027284347
-0.0037429164
-0.0036792309
-0.0026851996
-0.0011537560
0.0006172050
0.0026585510
0.0049452220
0.0072338510
0.0089738657
0.0099357300
0.0103320636
0.0101387301
0.0095100099
0.0087548883
0.0082822821
0.0083308079
0.0089157707
0.0100434731
0.0114643059
0.0129618845
0.0145023218
0.0161347816
0.0175065844
0.0182484832
0.0184469338
0.0182664764
0.0177060077
0.0168867565
0.0160846318
0.0155162846
0.0155065208
0.0164385967
0.0182172052
0.0201929374
0.0219305721
0.0232099105
0.0239282101
0.0240084665
0.0233900189
0.0223857165
0.0217965581
0.0220426933
0.0228379768
0.0238812396
0.0252669300
0.0268577630
0.0282941119
0.0293199316
0.0298628864
0.0299472876
0.0296096834
0.0288898736
0.0279756142
0.0270320326
0.0258924907
0.0245382495
0.0235581054
0.0219925534
0.0202263700
0.0183082620
0.0166651963
0.0155291154
0.0149659866
0.0147902895
0.0149175650
0.0155946709
0.0168760287
0.0184382011
0.0199747238
0.0214605790
0.0228426877
0.0237655005
0.0240618537
0.0241141147
0.0242554236
0.0244112405
0.0246455346
0.0250332963
0.0254864614
0.0257967040
0.0256729646
0.0250579498
0.0239500055
0.0224261655
0.0204571896
0.0180895570
0.0157100129
0.0135572171
0.0114551715
0.0096338855
0.0085825248
0.0084559567
0.0089398540
0.0097385937
0.0105852892
0.0111758552
0.0114459827
0.0112520940
0.0105717992
0.0098124276
0.0092579189
0.0091606629
0.0096955935
0.0107866329
0.0122908782
0.0141864619
0.0166427692
0.0191552133
0.0210675516
0.0222455521
0.0225608209
0.0219684651
0.0207374041
0.0191018525
0.0169885654
0.0145772281
0.0123025097
0.0103459578
0.0085374507
0.0066019789
0.0044400400
0.0021111317
-0.0002436694
-0.0024985998
-0.0046138071
-0.0065737879
-0.0082212072
-0.0094513142
-0.0101148034
-0.0098773980
-0.0085498704
-0.0063188168
-0.0036073534
-0.0009374651
0.0011318318
0.0021871055
0.0020265501
0.0008418072
-0.0009153054
-0.0027430168
-0.0043182728
-0.0052786505
-0.0050486291
-0.0034148264
-0.0008151264
0.0020981494
0.0048831804
0.0072305965
0.0084717639
0.0083173916
0.0071996602
0.0056347725
0.0043001585
0.0035779460
0.0034039265
0.0037374351
0.0044433736
0.0051534815
0.0054509956
0.0053253238
0.0048853380
0.0042676300
0.0037230742
0.0034186340
0.0037589174
0.0049006099
0.0066490183
0.0088056537
0.0111626270
0.0135729691
0.0158675471
0.0176691312
0.0187373856
0.0191866476
0.0193016911
0.0192368923
0.0191330742
0.0188820319
0.0184526480
0.0180826871
0.0177138693
0.0172523210
0.0167652292
0.0162386880
0.0155763111
0.0147865758
0.0140367534
0.0134556570
0.0128238663
0.0119905201
0.0111950045
0.0105167649
0.0097712343
0.0089471385
0.0081406429
0.0073198419
0.0062486548
0.0049417126
0.0036283246
0.0024777564
0.0015698753
0.0009623048
0.0006621122
0.0006197417
0.0006778259
0.0006131565
0.0001815832
-0.0006950312
-0.0017377411
-0.0027379170
-0.0035733489
-0.0041747303
-0.0046384237
-0.0051819360
-0.0057779215
-0.0060027698
-0.0059319811
-0.0060077616
-0.0062712423
-0.0066545107
-0.0071525764
-0.0077252043
-0.0081143921
-0.0079890751
-0.0071557796
-0.0056711548
-0.0037816752
-0.0016919584
0.0003159892
0.0020763701
0.0035769703
0.0047575546
0.0055287992
0.0058496822
0.0058265916
0.0056744706
0.0055769144
0.0055512301
0.0055316079
0.0054661455
0.0054014999
0.0052794153
0.0048063977
0.0037664829
0.0024138636
0.0011334083
-0.0000767791
-0.0012391474
-0.0022797024
-0.0030546391
-0.0034061242
-0.0033799886
-0.0031837520
-0.0029018737
-0.0025439959
-0.0021680391
-0.0018357252
-0.0016079902
-0.0014982897
-0.0015325045
-0.0017128980
-0.0018655358
-0.0018439197
-0.0016539231
-0.0013887449
-0.0010294536
-0.0005188528
-0.0000892661
0.0000448671
-0.0000993782
-0.0003665694
-0.0005735684
-0.0007862790
-0.0009402933
-0.0008918801
-0.0007645830
-0.0006444297
-0.0004601136
-0.0001930224
0.0000945862
0.0004570626
0.0008826454
0.0012064044
0.0014108197
0.0015593456
0.0016850961
0.0017065684
0.0014694653
0.0009827962
0.0003655661
-0.0002728130
-0.0007641105
-0.0009704884
-0.0010603844
-0.0011479909
-0.0012425228
-0.0013520403
-0.0014467534
-0.0015470189
-0.0016473945
-0.0016663838
-0.0015371085
-0.0013517631
-0.0012151268
-0.0010642619
-0.0008859382
-0.0007709424
-0.0007971836
-0.0009562535
-0.0011691371
-0.0013820149
-0.0015863834
-0.0017644966
-0.0018521021
-0.0018033213
-0.0016562464
-0.0015237400
-0.0014726709
-0.0015339909
-0.0017394233
-0.0020778255
-0.0024807648
-0.0028658719
-0.0031004633
-0.0031815004
-0.0032176221
-0.0033086852
-0.0035057225
-0.0038359907
-0.0042834402
-0.0047521792
-0.0051335902
-0.0053744090
-0.0054791357
-0.0055034116
-0.0054718433
-0.0053958811
-0.0053662473
-0.0054823263
-0.0057089720
-0.0059545222
-0.0062060759
-0.0065055034
-0.0067973849
-0.0069831891
-0.0071208403
-0.0072862870
-0.0074415495
-0.0075555523
-0.0076547622
-0.0077585826
-0.0078549754
-0.0079144687
-0.0079241394
-0.0078757429
-0.0077584944
-0.0075596076
-0.0073188886
-0.0070938437
-0.0069095388
-0.0067641331
-0.0066406701
-0.0065315660
-0.0064373860
-0.0063414436
-0.0062267792
-0.0061009540
-0.0059874643
-0.0059044554
-0.0058525140
-0.0058379316
-0.0058614471
-0.0059053952
-0.0059446735
-0.0059548508
-0.0059299337
-0.0058928725
-0.0058677291
-0.0058725549
-0.0059137278
-0.0059797045
-0.0060576633
-0.0061202915
-0.0061402098
-0.0061156474
-0.0060650035
-0.0060079605
-0.0059659223
-0.0059574404
-0.0059996681
-0.0060924105
-0.0062108366
-0.0063297479
-0.0064365356
-0.0065261759
-0.0065930978
-0.0066396683
-0.0066752433
-0.0067040850
-0.0067296609
-0.0067543458
-0.0067810330
-0.0068140228
-0.0068574975
-0.0069059818
-0.0069494666
-0.0069842122
-0.0070082450
-0.0070196699
-0.0070207945
-0.0070169842
-0.0070117711
-0.0070080069
-0.0070071677
-0.0070097292
-0.0070155657
-0.0070239881
-0.0070343029
-0.0070455948
-0.0070563340
-0.0070659476
-0.0070739928
-0.0070802804
-0.0070854318
-0.0070902314
-0.0070952492
-0.0071009401
-0.0071078415
-0.0071155443
-0.0071232247
-0.0071302724
-0.0071359366
-0.0071395755
-0.0071411565
-0.0071408901
-0.0071390108
-0.0071358280
-0.0071315864
-0.0071266027
-0.0071210849
-0.0071151481
-0.0071088017
-0.0071019946
-0.0070947761
-0.0070871633
-0.0070791222
-0.0070705719
-0.0070614874
-0.0070519353
-0.0070419656
-0.0070316046
-0.0070208699
-0.0070097710
-0.0069982997
-0.0069864320
-0.0069741455
-0.0069614328
-0.0069482967
-0.0069347425
-0.0069207753
-0.0069063984
-0.0068916137
-0.0068764229
-0.0068608284
-0.0068448330
