0.0322921067
0.0324007235
0.0325085987
0.0326156162
0.0327216859
0.0328267167
0.0329306300
0.0330332933
0.0331346132
0.0332344691
0.0333327528
0.0334293557
0.0335243014
0.0336175865
0.0337091537
0.0337989586
0.0338867170
0.0339720778
0.0340545432
0.0341338679
0.0342100454
0.0342834283
0.0343545815
0.0344240965
0.0344921524
0.0345590613
0.0346238985
0.0346840771
0.0347373296
0.0347834231
0.0348243986
0.0348634944
0.0349019808
0.0349389743
0.0349710121
0.0349954296
0.0350135918
0.0350309734
0.0350517198
0.0350755887
0.0350965277
0.0351069557
0.0351035342
0.0350897477
0.0350711289
0.0350528528
0.0350367444
0.0350229672
0.0350088669
0.0349887320
0.0349537803
0.0349021323
0.0348371626
0.0347624862
0.0346816799
0.0346029760
0.0345209915
0.0344198133
0.0342979841
0.0341780644
0.0340888393
0.0340422741
0.0340203632
0.0339870042
0.0338984242
0.0337167162
0.0334278979
0.0330865383
0.0328063168
0.0326929363
0.0327529672
0.0328746729
0.0329046970
0.0327385410
0.0323585424
0.0318647362
0.0314297810
0.0311937597
0.0311540173
0.0311446868
0.0310142291
0.0307299238
0.0302963978
0.0297518572
0.0292171876
0.0288501207
0.0286531404
0.0284757616
0.0282195222
0.0279051523
0.0276031579
0.0273497392
0.0271078485
0.0267771530
0.0263462307
0.0259312197
0.0255946832
0.0252827002
0.0249127262
0.0245074609
0.0241800558
0.0240030324
0.0239275212
0.0238008987
0.0234930149
0.0230149520
0.0224314926
0.0217386315
0.0208641006
0.0197816637
0.0186697756
0.0179460915
0.0178999554
0.0183715801
0.0188382423
0.0187654231
0.0179945482
0.0169699208
0.0163545705
0.0163360470
0.0164108889
0.0158346915
0.0143253432
0.0123279471
0.0106490641
0.0100153456
0.0105958469
0.0119071806
0.0131818582
0.0137274803
0.0132525596
0.0118833858
0.0098669465
0.0074296998
0.0049317574
0.0029493821
0.0021018660
0.0023534998
0.0028637470
0.0027301463
0.0015993186
-0.0000354083
-0.0013932348
-0.0019791876
-0.0017816729
-0.0013065807
-0.0013732971
-0.0025964818
-0.0048628436
-0.0073917819
-0.0092124456
-0.0098488985
-0.0097293225
-0.0095763442
-0.0097536554
-0.0101477580
-0.0105902259
-0.0110084056
-0.0115186574
-0.0125478228
-0.0146404572
-0.0175383099
-0.0196723758
-0.0191362578
-0.0155961960
-0.0110037816
-0.0079156018
-0.0079782557
-0.0112529881
-0.0157124822
-0.0189762832
-0.0206029043
-0.0215762753
-0.0229251305
-0.0250700039
-0.0274543318
-0.0288879230
-0.0286549523
-0.0270755626
-0.0253607588
-0.0247175599
-0.0256141654
-0.0274570166
-0.0288572494
-0.0288366507
-0.0275468015
-0.0259927305
-0.0252983324
-0.0260476033
-0.0281445597
-0.0311473949
-0.0345042173
-0.0376199919
-0.0398608172
-0.0405978919
-0.0397610311
-0.0386319916
-0.0391431288
-0.0421908884
-0.0469998834
-0.0517742797
-0.0543958905
-0.0535412133
-0.0496426715
-0.0447098334
-0.0411922938
-0.0406741145
-0.0431268646
-0.0470421135
-0.0502715813
-0.0515714043
-0.0510716190
-0.0501141203
-0.0507718639
-0.0541355226
-0.0594661358
-0.0650063730
-0.0687103596
-0.0686934387
-0.0649518854
-0.0591482458
-0.0530318725
-0.0486248374
-0.0476900588
-0.0502366711
-0.0539581424
-0.0563941968
-0.0570963157
-0.0571389837
-0.0571933818
-0.0573674062
-0.0577794795
-0.0582027434
-0.0580409448
-0.0572908697
-0.0567760501
-0.0577512953
-0.0606409160
-0.0637327564
-0.0643381860
-0.0611714212
-0.0555790568
-0.0507277659
-0.0492161345
-0.0515523057
-0.0561098729
-0.0604714577
-0.0628683527
-0.0625222866
-0.0601468046
-0.0579392192
-0.0578104445
-0.0602522817
-0.0641959153
-0.0675528142
-0.0679310527
-0.0646059727
-0.0594159428
-0.0551677174
-0.0535045121
-0.0539681902
-0.0545732032
-0.0540252151
-0.0527795331
-0.0525692666
-0.0549672807
-0.0600705591
-0.0660843860
-0.0695499763
-0.0675170757
-0.0608060315
-0.0538795741
-0.0509139792
-0.0530089456
-0.0588393787
-0.0656841920
-0.0707898696
-0.0727632190
-0.0723204561
-0.0712813002
-0.0702879505
-0.0683616861
-0.0646605133
-0.0598741133
-0.0558202460
-0.0545454720
-0.0569256247
-0.0613989242
-0.0650554717
-0.0654314673
-0.0621639441
-0.0574837961
-0.0546104286
-0.0551539373
-0.0581321834
-0.0612146073
-0.0626419627
-0.0610982795
-0.0556102008
-0.0468439204
-0.0365766024
-0.0262237050
-0.0172106559
-0.0113760294
-0.0103674716
-0.0129746832
-0.0151674126
-0.0152638927
-0.0163264258
-0.0223658247
-0.0329432479
-0.0421006902
-0.0429436734
-0.0354291447
-0.0262620013
-0.0205956850
-0.0192841486
-0.0211702796
-0.0256673531
-0.0321993443
-0.0395813878
-0.0458116949
-0.0490907394
-0.0482672211
-0.0428098329
-0.0332665616
-0.0216424201
-0.0104542722
-0.0026342371
-0.0005753646
-0.0055687428
-0.0166338041
-0.0295991208
-0.0382108708
-0.0381172872
-0.0301408971
-0.0197077022
-0.0112262179
-0.0034977204
0.0073270821
0.0220761372
0.0383572847
0.0517928308
0.0593613704
0.0610579682
0.0565073152
0.0446837636
0.0257835939
0.0032620658
-0.0131643802
-0.0142396771
0.0002456095
0.0213923302
0.0377627442
0.0446056860
0.0423290504
0.0338722410
0.0253654191
0.0233742279
0.0309257825
0.0476604538
0.0698078512
0.0906084017
0.1030889962
0.1035638848
0.0935802663
0.0798523314
0.0687385493
0.0650543079
0.0713410159
0.0808983334
0.0841837287
0.0799354262
0.0743009710
0.0732654405
0.0778744377
0.0844738185
0.0889887480
0.0888164569
0.0825896141
0.0705784599
0.0540760581
0.0340172936
0.0134087725
-0.0017252856
-0.0041903237
0.0053033849
0.0172292339
0.0269985064
0.0375664682
0.0517026354
0.0684299065
0.0859848921
0.1034880502
0.1185057402
0.1232859791
0.1112123525
0.0825494241
0.0424716179
0.0036041083
-0.0106712909
0.0050680727
0.0282836336
0.0422923484
0.0480307734
0.0506008106
0.0479396567
0.0351762827
0.0119291602
-0.0111212965
-0.0184828126
-0.0074075547
0.0097076299
0.0218811060
0.0291435820
0.0352585118
0.0394851760
0.0410538966
0.0425040190
0.0457772217
0.0501137373
0.0521799534
0.0481179546
0.0390662680
0.0320048390
0.0324535423
0.0384517302
0.0429341186
0.0398666647
0.0285585826
0.0131338465
-0.0004438606
-0.0085086756
-0.0120400937
-0.0180096253
-0.0346912230
-0.0649824967
-0.1052648981
-0.1455735663
-0.1727151121
-0.1878804819
-0.2037128648
-0.2236080154
-0.2360071144
-0.2231140930
-0.1733960670
-0.0972856746
-0.0230699719
0.0175935217
0.0120914363
-0.0220416651
-0.0594064888
-0.0906465598
-0.1201454559
-0.1458159536
-0.1599216783
-0.1626427752
-0.1617082535
-0.1591313355
-0.1581347173
-0.1698888767
-0.2034140592
-0.2560903851
-0.3115972565
-0.3459167496
-0.3417712878
-0.3010193099
-0.2422155456
-0.1783695345
-0.1157277902
-0.0664552076
-0.0408387889
-0.0452448130
-0.0866227521
-0.1614266633
-0.2330419411
-0.2639590211
-0.2598541907
-0.2415987224
-0.2155840423
-0.1827613321
-0.1556290968
-0.1418475538
-0.1294642003
-0.1054846735
-0.0724364704
-0.0482161348
-0.0437375743
-0.0432401297
-0.0262661536
0.0122440335
0.0629451845
0.1038647727
0.1056559050
0.0582086601
-0.0237650269
-0.1165931328
-0.1919892102
-0.2409482374
-0.2837487191
-0.3387138403
-0.3990411708
-0.4370610706
-0.4211503901
-0.3374714412
-0.2170123532
-0.1242612783
-0.0925724986
-0.1049000970
-0.1362755990
-0.1706644847
-0.1835124451
-0.1554884897
-0.0994807249
-0.0440645310
-0.0104740748
-0.0064384175
-0.0255874461
-0.0470267332
-0.0537290268
-0.0458477267
-0.0283547134
0.0003466458
0.0428860912
0.0980462454
0.1561716834
0.1972512013
0.1995581952
0.1499822251
0.0570147871
-0.0505436674
-0.1367822608
-0.1883291900
-0.2254014752
-0.2674684963
-0.3112812281
-0.3398200383
-0.3419990391
-0.3274873396
-0.3218298557
-0.3350728966
-0.3510091758
-0.3517420113
-0.3356692208
-0.3138635180
-0.2986588614
-0.2989714047
-0.3077203180
-0.2995867230
-0.2564978013
-0.1806986735
-0.0915962156
-0.0160755524
0.0281916242
0.0409646699
0.0269469084
-0.0043671744
-0.0346262539
-0.0435062511
-0.0254911305
0.0066261481
0.0348257499
0.0410987233
0.0081136346
-0.0674949630
-0.1643862619
-0.2524186004
-0.3081576933
-0.3146489178
-0.2678374121
-0.1836245762
-0.1064860694
-0.0706225243
-0.0678136900
-0.0846438171
-0.1327055804
-0.2290750420
-0.3565707248
-0.4559906144
-0.4780719501
-0.4169154276
-0.2910768350
-0.1447427082
-0.0366975404
0.0150708389
0.0341672610
0.0332022346
-0.0034392986
-0.0843455602
-0.1691678423
-0.1841028669
-0.1233758488
-0.0561669002
-0.0222590495
-0.0138609733
-0.0159691411
-0.0183164076
-0.0089557194
0.0251742393
0.0914115225
0.1790834049
0.2573549662
0.2967903402
0.2925482312
0.2607115347
0.2282993178
0.2139680361
0.2127805303
0.2087228421
0.1841125956
0.1265756679
0.0406319896
-0.0401911741
-0.0865482293
-0.1089488795
-0.1272783464
-0.1407088487
-0.1430320519
-0.1370187081
-0.1279774067
-0.1105346490
-0.0704716849
-0.0038966582
0.0668841619
0.1146990552
0.1273775336
0.1054550815
0.0591859174
-0.0043953834
-0.0663057720
-0.1053169654
-0.1159055238
-0.0978724333
-0.0623062690
-0.0314825949
-0.0214800602
-0.0383790354
-0.0767027873
-0.1263499026
-0.1715776360
-0.2014116200
-0.2183218114
-0.2257867653
-0.2163436790
-0.1764534540
-0.1029269105
-0.0249937295
0.0257156261
0.0550147720
0.0780186587
0.0865401786
0.0556248057
-0.0275026443
-0.1357148623
-0.2193014569
-0.2639355991
-0.2940238491
-0.3261927197
-0.3484989737
-0.3386528632
-0.2906995682
-0.2357766049
-0.2129458623
-0.2247981210
-0.2541622999
-0.2911012073
-0.3280763265
-0.3507521745
-0.3502153789
-0.3276548699
-0.2867650634
-0.2349481098
-0.1904696057
-0.1664485155
-0.1643266956
-0.1861412027
-0.2321602065
-0.2961677871
-0.3574447247
-0.3908743531
-0.3865992450
-0.3618388527
-0.3482375160
-0.3557033917
-0.3689115798
-0.3734295171
-0.3719281185
-0.3767329838
-0.3916645151
-0.4065280921
-0.4105214308
-0.4016711324
-0.3828907359
-0.3568583535
-0.3242696574
-0.2861925202
-0.2456551904
-0.2085609130
-0.1813461357
-0.1646617794
-0.1521388890
-0.1427282470
-0.1407952073
-0.1471052062
-0.1603272683
-0.1778614662
-0.1980640235
-0.2201521767
-0.2420074510
-0.2639881116
-0.2895977373
-0.3171964700
-0.3405752755
-0.3536119554
-0.3547178512
-0.3476920368
-0.3402014509
-0.3345188869
-0.3285252858
-0.3217045656
-0.3146651596
-0.3021232765
-0.2764420922
-0.2337661742
-0.1760942225
-0.1120179866
-0.0550567617
-0.0068464884
0.0321007354
0.0398794833
-0.0063430680
-0.1011740117
-0.1955895142
-0.2438103580
-0.2565493864
-0.2703172819
-0.3038856375
-0.3538116258
-0.4086159429
-0.4543300927
-0.4757255306
-0.4615060111
-0.4167985306
-0.3680453174
-0.3330734190
-0.2988409908
-0.2537883142
-0.2049773331
-0.1584466037
-0.1085604209
-0.0532939287
-0.0033047790
0.0210122043
0.0019122459
-0.0605347767
-0.1292530673
-0.1627734907
-0.1643925356
-0.1633056833
-0.1761374324
-0.2014181786
-0.2313122710
-0.2585589067
-0.2763988335
-0.2805427308
-0.2728000644
-0.2630463081
-0.2533518122
-0.2281850625
-0.1729612970
-0.0972852426
-0.0207944482
0.0476008614
0.1032315718
0.1405506919
0.1510448474
0.1284126318
0.0837330094
0.0470232054
0.0422335084
0.0710234990
0.1080582126
0.1202684006
0.1029818056
0.0788086566
0.0696243335
0.0794732006
0.1015527784
0.1309073921
0.1674315343
0.2109610406
0.2607079786
0.3013048342
0.3243607774
0.3478797989
0.3836535928
0.4179448634
0.4265114537
0.3968707737
0.3466782260
0.3178215429
0.3292325183
0.3543454276
0.3597356170
0.3342775510
0.2887810936
0.2453060503
0.2313945911
0.2660361130
0.3374630179
0.3941544921
0.4028489787
0.3897441732
0.3971122951
0.4415950179
0.5177909788
0.6104375142
0.6979694673
0.7512217013
0.7461312959
0.6886758197
0.6468301724
0.6795924443
0.7522337803
0.7947924157
0.7813661939
0.7354425168
0.6978932198
0.7047099776
0.7671235995
0.8174162895
0.7844458698
0.7166530437
0.7002931150
0.7412447871
0.7754171966
0.7754182100
0.7881046521
0.8383881058
0.8832515401
0.8937214543
0.8914357894
0.9086944096
0.9483324787
0.9830830624
0.9872394953
0.9710700550
0.9675185553
0.9897274732
1.0091278676
0.9877298095
0.9099929799
0.7804243714
0.6231382155
0.4859176166
0.4141290423
0.4207064109
0.4865390688
0.5764376636
0.6544529001
0.6963802556
0.6975116627
0.6719050288
0.6370453291
0.5953653329
0.5423786667
0.4856465807
0.4427462936
0.4231791794
0.4203117938
0.4181975665
0.4015339815
0.3667299468
0.3215060556
0.2805081480
0.2600840363
0.2703489028
0.3103278923
0.3643283287
0.3995253044
0.3849355890
0.3155742902
0.2219700513
0.1513462178
0.1180051960
0.0981713983
0.0746839277
0.0598155515
0.0767618312
0.1303521704
0.1876722637
0.2189857332
0.2257839174
0.2109968878
0.1809538569
0.1571678571
0.1578286676
0.1807053008
0.2143412550
0.2407878330
0.2387313049
0.2009613597
0.1497612000
0.1337791764
0.1691111564
0.2168737290
0.2494899410
0.2711566101
0.2942099014
0.3213536052
0.3508326908
0.3759884916
0.3916931941
0.3951205504
0.3870730564
0.3789626423
0.4005429230
0.4584028329
0.5200847852
0.5614137443
0.5812643388
0.5912490776
0.6013253163
0.6094552468
0.6052009297
0.5854815061
0.5606047772
0.5464491403
0.5552925269
0.6079993795
0.6969875921
0.7716123452
0.8012395387
0.7961922945
0.7861756391
0.7928673168
0.8189489012
0.8462711202
0.8557570600
0.8505116731
0.8430691372
0.8309902605
0.8222774734
0.8442924131
0.8866111678
0.8982367116
0.8819491602
0.8924841347
0.9328120842
0.9849063915
1.0468233639
1.0801565125
1.0765341169
1.0512248228
0.9281013961
0.6935077356
0.5214430756
0.4965939311
0.5037947281
0.4940677162
0.5357395927
0.6191660235
0.6721511213
0.6853057509
0.6862022201
0.6773774355
0.6534416890
0.6072492920
0.5352691493
0.4452670920
0.3486545855
0.2554759677
0.1765300543
0.1134998956
0.0538012731
-0.0087390008
-0.0631193093
-0.0987791441
-0.1182418308
-0.1268118336
-0.1358120520
-0.1577916693
-0.1933768526
-0.2371603533
-0.2851305140
-0.3303983513
-0.3586648017
-0.3582115678
-0.3290726777
-0.2823832910
-0.2358044924
-0.2064508198
-0.1883757522
-0.1634926553
-0.1420880004
-0.1386650014
-0.1431390000
-0.1430525014
-0.1385608030
-0.1328161755
-0.1268902133
-0.1223752800
-0.1165196332
-0.1002149108
-0.0655607367
-0.0177934819
0.0264213823
0.0474861784
0.0380108479
0.0081368473
-0.0319872014
-0.0733592490
-0.1090600113
-0.1410394152
-0.1693095819
-0.1851924389
-0.1860904503
-0.1846439812
-0.1908326884
-0.2053130501
-0.2274735782
-0.2583117218
-0.2981275505
-0.3487032405
-0.4147919266
-0.4868154099
-0.5455808457
-0.5862607576
-0.6193213835
-0.6543484285
-0.6896635967
-0.7139626005
-0.7137544741
-0.6832601321
-0.6363489744
-0.5954980435
-0.5691862084
-0.5595241399
-0.5662252111
-0.5795569585
-0.5876229529
-0.5854002753
-0.5763478189
-0.5687882052
-0.5707574017
-0.5864238466
-0.6157711415
-0.6576193537
-0.7094627827
-0.7524755084
-0.7778475937
-0.8042837614
-0.8406518564
-0.8722758596
-0.8794641966
-0.8568496420
-0.8192138737
-0.7833959418
-0.7582905190
-0.7511294441
-0.7754511857
-0.8199438651
-0.8451205761
-0.8444998563
-0.8333523319
-0.8167431481
-0.7860594449
-0.7454867667
-0.7150726585
-0.7066064937
-0.7171859846
-0.7372530706
-0.7461595952
-0.7293974037
-0.6918533173
-0.6504800489
-0.6199681413
-0.6001119422
-0.5816401782
-0.5583399477
-0.5253274920
-0.4808368710
-0.4324195042
-0.3944834191
-0.3713361958
-0.3558126602
-0.3486046377
-0.3611673117
-0.3914866670
-0.4261935464
-0.4587074438
-0.4825232602
-0.4725748631
-0.4318566450
-0.4010197788
-0.3901022062
-0.3787156708
-0.3534137959
-0.3167735839
-0.2780009691
-0.2457245921
-0.2216017428
-0.2063848438
-0.1961760174
-0.1792387663
-0.1495585093
-0.1092604464
-0.0617628197
-0.0074151634
0.0531517035
0.1153971528
0.1691612546
0.2070012797
0.2239658423
0.2197986595
0.2046676460
0.1997157407
0.2182583340
0.2547478678
0.2963333770
0.3270821412
0.3382741419
0.3317952396
0.3152178316
0.2962599062
0.2851248565
0.2884493805
0.2999648210
0.3125314422
0.3275591538
0.3481039414
0.3737614738
0.3977971669
0.3985490522
0.3636134682
0.3084304617
0.2500294794
0.1940636450
0.1460297378
0.1182178529
0.1227830876
0.1458141591
0.1576437432
0.1520848896
0.1283951475
0.0913229029
0.0596429409
0.0416707030
0.0306750986
0.0196325214
0.0089820331
0.0036053637
0.0077923991
0.0201036035
0.0335974549
0.0404184264
0.0311995148
-0.0017791743
-0.0520166387
-0.1026021700
-0.1479056162
-0.1946960370
-0.2388940077
-0.2700945468
-0.2968443707
-0.3315081021
-0.3625519115
-0.3794007960
-0.3943443075
-0.4165513558
-0.4406385579
-0.4606778524
-0.4768813730
-0.4880200742
-0.4888433412
-0.4714131003
-0.4321949620
-0.3749240735
-0.3086478233
-0.2510867415
-0.2200641945
-0.2172395435
-0.2383532212
-0.2820972370
-0.3358524358
-0.3738475249
-0.3845163540
-0.3747843077
-0.3605572212
-0.3535806317
-0.3530824008
-0.3550828653
-0.3580909000
-0.3582593860
-0.3511895799
-0.3305565601
-0.2912577315
-0.2319571542
-0.1560856799
-0.0786734421
-0.0423250063
-0.0835015991
-0.1769664175
-0.2415554932
-0.2350550062
-0.1909777097
-0.1472415006
-0.1148727631
-0.0910123298
-0.0755269891
-0.0685514695
-0.0671233886
-0.0710175700
-0.0875583280
-0.1223532708
-0.1717388038
-0.2199228628
-0.2447293106
-0.2334518976
-0.1891313831
-0.1306827642
-0.0783288765
-0.0417097510
-0.0207657487
-0.0035720312
0.0187286174
0.0418691494
0.0509712161
0.0324484298
-0.0144704655
-0.0766615636
-0.1404154938
-0.1920631277
-0.2214310966
-0.2248291048
-0.2003033068
-0.1523404882
-0.1118811560
-0.1074386600
-0.1318786534
-0.1663618267
-0.1973082027
-0.2161719926
-0.2210165750
-0.2159385102
-0.2030512897
-0.1800987154
-0.1450425054
-0.1036789927
-0.0661738029
-0.0402564857
-0.0319791035
-0.0484594388
-0.0989175854
-0.1781298146
-0.2662729547
-0.3423403386
-0.4025375143
-0.4653203656
-0.5356358238
-0.5856313526
-0.5746112976
-0.4888881695
-0.3783426629
-0.3052677731
-0.2641532346
-0.2187802554
-0.1626772341
-0.1248321620
-0.1377284020
-0.2101601725
-0.3043657021
-0.3691929109
-0.3932712244
-0.3908127328
-0.3640601500
-0.3065708880
-0.2310461605
-0.1788353413
-0.1741786655
-0.1995000791
-0.2361435018
-0.2870006072
-0.3555015695
-0.4250151030
-0.4460921861
-0.4035206755
-0.3502289732
-0.3238496889
-0.3142341045
-0.2976676915
-0.2704753745
-0.2398805539
-0.2112344311
-0.1857354269
-0.1590864445
-0.1309720695
-0.1043528244
-0.0776915736
-0.0518780315
-0.0355535914
-0.0326480722
-0.0377420967
-0.0475764207
-0.0569422977
-0.0570937695
-0.0436832363
-0.0195140006
0.0089457481
0.0348818636
0.0538143596
0.0618465140
0.0583978063
0.0508235283
0.0512061024
0.0675695881
0.0977050979
0.1291169677
0.1479993423
0.1451954815
0.1193358345
0.0793075443
0.0463241023
0.0380184247
0.0517689707
0.0788306399
0.1130517948
0.1481636432
0.1853149509
0.2283727660
0.2738940153
0.3089505780
0.3221732054
0.3159498257
0.3081167427
0.3166313674
0.3438164382
0.3789446073
0.4116241064
0.4344431556
0.4437092707
0.4428116783
0.4402403796
0.4416481898
0.4484404544
0.4515750913
0.4399720711
0.4212247497
0.4181794007
0.4389521277
0.4685214513
0.4899325367
0.4971653597
0.4974886631
0.5003072265
0.5099408606
0.5293911864
0.5604501275
0.6037836076
0.6614041638
0.7244069066
0.7715551064
0.7858849642
0.7668952029
0.7467253288
0.7591270991
0.7973504438
0.8304004996
0.8402164766
0.8279053232
0.7993473754
0.7593737848
0.7185021862
0.6885528844
0.6730854632
0.6685984487
0.6680532572
0.6672864005
0.6645468048
0.6596744557
0.6513405650
0.6389359495
0.6250946431
0.6136328822
0.6064818684
0.6024511931
0.5975186736
0.5862731699
0.5633817640
0.5272195148
0.4848438869
0.4502258409
0.4271409305
0.4066626166
0.3844149543
0.3647235232
0.3527757291
0.3482516334
0.3465916334
0.3401331918
0.3201191984
0.2867078129
0.2501945977
0.2212439049
0.2049466450
0.1997491830
0.1995721283
0.1947753758
0.1727537964
0.1226341536
0.0485520435
-0.0256975720
-0.0778935277
-0.1008318961
-0.0959113399
-0.0749571938
-0.0548109064
-0.0484243874
-0.0598643056
-0.0818032562
-0.1066954263
-0.1361643641
-0.1777868167
-0.2295290154
-0.2769178282
-0.3108075861
-0.3342684022
-0.3481327958
-0.3450442217
-0.3196580011
-0.2841189840
-0.2628278109
-0.2631423617
-0.2696354592
-0.2735450719
-0.2831542763
-0.3086346529
-0.3495599633
-0.3993637186
-0.4544557136
-0.5088245559
-0.5538660115
-0.5836372481
-0.5866486891
-0.5460984134
-0.4582211969
-0.3587290124
-0.2935055044
-0.2628687887
-0.2369910078
-0.1994563106
-0.1568993501
-0.1230601668
-0.1045477612
-0.0928246873
-0.0694726471
-0.0319284819
0.0016191684
0.0202053450
0.0279674524
0.0283786556
0.0164745102
-0.0101649581
-0.0436614574
-0.0707256872
-0.0823454231
-0.0840557013
-0.0903904791
-0.1079387035
-0.1326888729
-0.1562576751
-0.1691356416
-0.1611836414
-0.1265760858
-0.0731505745
-0.0190198489
0.0275972732
0.0679318298
0.1010178697
0.1256491456
0.1423726774
0.1539701275
0.1670389461
0.1892215019
0.2224357296
0.2610784472
0.2987540842
0.3292514959
0.3378101424
0.3200741772
0.2912117008
0.2621367375
0.2353378516
0.2099484452
0.1942286008
0.1904390956
0.1849866189
0.1717800155
0.1582676513
0.1519303207
0.1534116826
0.1629319162
0.1794297128
0.1970684683
0.2084943780
0.2092437861
0.1981746887
0.1769003936
0.1532163222
0.1374298270
0.1347906310
0.1470172057
0.1713712803
0.2003986252
0.2279396931
0.2493102106
0.2602013433
0.2598973702
0.2483465746
0.2241863913
0.1869927101
0.1404264148
0.0993034580
0.0753625089
0.0647465531
0.0665026209
0.0793526853
0.0948953798
0.1084381748
0.1231428105
0.1434768513
0.1674499361
0.1852059878
0.1882226129
0.1816211435
0.1779581520
0.1878315634
0.2153984591
0.2575112597
0.3031429706
0.3414178623
0.3683930370
0.3813853812
0.3734813462
0.3378886113
0.2754615033
0.1883693625
0.0819483683
-0.0163272607
-0.0810920134
-0.1159665820
-0.1344137298
-0.1445533470
-0.1621563016
-0.2022372612
-0.2521443179
-0.2793999891
-0.2592290427
-0.1926758187
-0.1165327014
-0.0705965330
-0.0541978624
-0.0457403097
-0.0349274782
-0.0248876829
-0.0174949248
-0.0085843281
0.0012888800
0.0006766821
-0.0206532794
-0.0620074499
-0.1068366011
-0.1294509879
-0.1210350355
-0.1015830178
-0.0911298276
-0.0923835541
-0.1028439098
-0.1220223339
-0.1448750012
-0.1613116226
-0.1607222191
-0.1366260346
-0.0886668013
-0.0308056028
0.0159407672
0.0350581560
0.0192593241
-0.0230384544
-0.0759825261
-0.1307895010
-0.1671382723
-0.1695177828
-0.1592770580
-0.1598206161
-0.1711910997
-0.1819212906
-0.1853310876
-0.1824352699
-0.1750786837
-0.1624603692
-0.1447583459
-0.1218277636
-0.0933035394
-0.0607247955
-0.0282359454
-0.0044496509
0.0031858674
-0.0036427675
-0.0187263147
-0.0350241818
-0.0454553599
-0.0504201807
-0.0601508828
-0.0838095042
-0.1172170966
-0.1453149937
-0.1562916602
-0.1482301376
-0.1257178774
-0.0907178784
-0.0485242399
-0.0129817929
0.0067254921
0.0108380967
-0.0010617541
-0.0292506993
-0.0607236949
-0.0748788116
-0.0652571881
-0.0446104512
-0.0281842329
-0.0185613076
-0.0145398166
-0.0172829945
-0.0272458073
-0.0396122626
-0.0449004270
-0.0320086066
0.0081199976
0.0774559209
0.1604156962
0.2333840203
0.2885868889
0.3319857342
0.3626028087
0.3659943207
0.3290446526
0.2635915725
0.2095329168
0.1931427432
0.2023462356
0.2180273725
0.2337897504
0.2448294875
0.2384919473
0.2070043476
0.1587700490
0.1173259572
0.1039931195
0.1229219146
0.1681558698
0.2284334509
0.2811899873
0.3122818294
0.3326200960
0.3559181595
0.3785107495
0.3830440517
0.3536635968
0.2926262128
0.2351416411
0.2235695238
0.2536187380
0.2862678825
0.2955022561
0.2788062394
0.2439054095
0.2011747341
0.1649042130
0.1480337653
0.1483553384
0.1532400422
0.1539858445
0.1474998871
0.1332603623
0.1120626991
0.0861127648
0.0587220002
0.0327572656
0.0120045961
0.0002049162
0.0013004031
0.0185601334
0.0536104251
0.1060424318
0.1655836312
0.2162578815
0.2537746667
0.2832264510
0.3031595611
0.3018452031
0.2711097015
0.2242412888
0.1955336296
0.2048635568
0.2372275221
0.2618040865
0.2569308893
0.2180177871
0.1506449872
0.0711853440
0.0054058857
-0.0362140561
-0.0684880881
-0.1074705221
-0.1553601605
-0.2042415307
-0.2436211323
-0.2644226843
-0.2641294306
-0.2449586445
-0.2132230844
-0.1767057367
-0.1324684676
-0.0776754341
-0.0267019510
0.0024125816
0.0058681921
-0.0105868189
-0.0324013183
-0.0381143317
-0.0240215175
-0.0119752290
-0.0198992885
-0.0506429186
-0.0996357266
-0.1608073937
-0.2171025810
-0.2556814985
-0.2822191852
-0.3100922805
-0.3461423072
-0.3814576607
-0.4057074213
-0.4232392647
-0.4412565926
-0.4470099808
-0.4174107506
-0.3458676774
-0.2562543709
-0.1848013465
-0.1501183302
-0.1548805466
-0.2038475836
-0.2953339721
-0.3904947176
-0.4410694394
-0.4463105153
-0.4329885947
-0.4157966165
-0.3886814529
-0.3381950684
-0.2671884406
-0.2105080334
-0.2015619205
-0.2372798877
-0.2891245984
-0.3316649452
-0.3531374787
-0.3480326626
-0.3223692813
-0.2937895046
-0.2818450274
-0.2981273457
-0.3397588703
-0.3908187550
-0.4298971090
-0.4408289656
-0.4273775553
-0.4071820459
-0.3886288718
-0.3715484535
-0.3530473406
-0.3257887545
-0.2856223670
-0.2406329884
-0.2090290597
-0.2050198846
-0.2249535280
-0.2584503857
-0.2986160765
-0.3349098047
-0.3493771548
-0.3350549941
-0.3057838898
-0.2743176854
-0.2405272409
-0.2084686650
-0.1875955050
-0.1779170134
-0.1771538581
-0.1879117847
-0.2105423272
-0.2312022031
-0.2338970267
-0.2221353656
-0.2074138211
-0.1901911904
-0.1646781182
-0.1337514481
-0.1068275749
-0.0910478735
-0.0912730728
-0.1081100641
-0.1385910133
-0.1720250806
-0.1893810395
-0.1768895123
-0.1405661978
-0.1017813753
-0.0764566795
-0.0634322426
-0.0549392213
-0.0509483742
-0.0609088696
-0.0935729522
-0.1443461940
-0.1854553537
-0.1894304623
-0.1617473046
-0.1280244387
-0.1057082678
-0.0961808041
-0.0983871702
-0.1152706865
-0.1448445096
-0.1748570613
-0.1908307413
-0.1878278428
-0.1729873313
-0.1565949275
-0.1425202878
-0.1332220520
-0.1327355410
-0.1439381133
-0.1684761755
-0.2063613985
-0.2541314371
-0.2996503640
-0.3249144977
-0.3225310051
-0.2946680526
-0.2494295960
-0.1960110383
-0.1432553197
-0.1025157156
-0.0747023284
-0.0503930113
-0.0262810380
-0.0107312955
-0.0141227018
-0.0353543015
-0.0628659666
-0.0856537032
-0.1030174637
-0.1214797901
-0.1362925864
-0.1387396565
-0.1384103659
-0.1510077620
-0.1745919502
-0.1960594157
-0.2062920913
-0.2061017401
-0.1997906286
-0.1875537998
-0.1693407852
-0.1467654836
-0.1233194939
-0.1022154544
-0.0827641961
-0.0662875160
-0.0580543585
-0.0597531523
-0.0670307660
-0.0785632922
-0.0958682996
-0.1137126035
-0.1225997147
-0.1214036079
-0.1193450299
-0.1264436378
-0.1440883939
-0.1667445574
-0.1885538399
-0.2047786857
-0.2141396614
-0.2229929842
-0.2360353799
-0.2513968578
-0.2609732120
-0.2514469967
-0.2095678566
-0.1303214197
-0.0195256484
0.0924296948
0.1632199408
0.1702433515
0.1081523218
-0.0120240443
-0.1342879561
-0.1932869467
-0.1871756046
-0.1548828831
-0.1260707811
-0.1094622730
-0.0992581593
-0.0874490349
-0.0811357416
-0.0901906967
-0.1081509252
-0.1209717649
-0.1230406819
-0.1170178284
-0.1065027656
-0.0919171504
-0.0733249987
-0.0527598294
-0.0340302223
-0.0245421676
-0.0305013505
-0.0519393324
-0.0815857967
-0.1095237836
-0.1261572901
-0.1240594433
-0.1063105296
-0.0877418414
-0.0808730362
-0.0844685678
-0.0930607783
-0.1032726494
-0.1138871439
-0.1239932360
-0.1313930424
-0.1324343928
-0.1260298983
-0.1144645532
-0.1032726326
-0.0956940409
-0.0885847279
-0.0761451060
-0.0613022925
-0.0531628657
-0.0552885285
-0.0637916621
-0.0742269263
-0.0822572551
-0.0833585766
-0.0755910727
-0.0652624989
-0.0629758281
-0.0756946607
-0.1025341038
-0.1343889234
-0.1523151328
-0.1421233476
-0.1076653137
-0.0602533689
-0.0113638266
0.0295529574
0.0556583633
0.0516162120
0.0034680219
-0.0778668252
-0.1523446265
-0.1930585711
-0.2107512808
-0.2199525033
-0.2119952346
-0.1681371417
-0.0876522827
-0.0075132910
0.0374511720
0.0563635043
0.0700919766
0.0773187022
0.0627329813
0.0227462589
-0.0183519442
-0.0343356231
-0.0259645166
-0.0095659164
-0.0006786207
-0.0038863888
-0.0158933507
-0.0308441198
-0.0396492557
-0.0320286538
-0.0031644060
0.0409662507
0.0881384549
0.1247580291
0.1372822023
0.1190200919
0.0802861005
0.0396030060
0.0063083866
-0.0126728158
-0.0171000599
-0.0202841451
-0.0336485626
-0.0548157556
-0.0732005127
-0.0807689955
-0.0766818530
-0.0652555825
-0.0499323500
-0.0291227369
-0.0007349736
0.0359821057
0.0784953205
0.1187183777
0.1433467450
0.1446183095
0.1255661672
0.0931908825
0.0625667245
0.0500495670
0.0587615045
0.0771371545
0.0904695882
0.0925322216
0.0849241819
0.0734135227
0.0635071644
0.0592449816
0.0637451054
0.0791636562
0.1039651195
0.1318980214
0.1565398412
0.1759183646
0.1907327733
0.2015160583
0.2059558015
0.1984394471
0.1784130531
0.1559394179
0.1416039122
0.1362697821
0.1341872273
0.1293573670
0.1197662924
0.1063215171
0.0920758976
0.0842355436
0.0893055915
0.1076454738
0.1292525408
0.1421347482
0.1437166017
0.1362175063
0.1208662135
0.1029662143
0.0924598092
0.0945225680
0.1071584607
0.1260011563
0.1443749600
0.1575713100
0.1648575800
0.1636648808
0.1530810221
0.1364857289
0.1191402709
0.1045551277
0.0948408624
0.0906218214
0.0910844121
0.0948878702
0.1006131768
0.1085228892
0.1213474066
0.1403074662
0.1618830485
0.1790159661
0.1852435911
0.1743878648
0.1418838309
0.0911163431
0.0387188353
0.0024781199
-0.0163204828
-0.0259679350
-0.0297990906
-0.0271667234
-0.0242572651
-0.0296097502
-0.0393847716
-0.0421930027
-0.0329126888
-0.0160513548
0.0041128074
0.0238929685
0.0390004347
0.0476966648
0.0535185379
0.0656294792
0.0873489691
0.1128328196
0.1363085701
0.1557893845
0.1676597513
0.1705201437
0.1699915750
0.1721301052
0.1792649171
0.1920772222
0.2071765305
0.2179413691
0.2209898679
0.2166786080
0.2051434867
0.1868562643
0.1616980592
0.1291876278
0.0957732354
0.0693436411
0.0515733250
0.0444407174
0.0542377626
0.0834551566
0.1180024447
0.1377485364
0.1385714340
0.1262527708
0.1034017825
0.0721458652
0.0402372302
0.0161513345
0.0046635370
0.0051960735
0.0132018127
0.0266046550
0.0464924335
0.0648788649
0.0675624972
0.0507440009
0.0241427190
0.0037791997
0.0002244679
0.0113263756
0.0301778784
0.0520396098
0.0774741097
0.1060553192
0.1274854844
0.1275547117
0.1031870511
0.0599204557
0.0066492865
-0.0439857088
-0.0683996274
-0.0569693013
-0.0356161093
-0.0262987283
-0.0212612502
-0.0044713150
0.0244963510
0.0562930546
0.0838587867
0.1014855890
0.1005306300
0.0709196514
0.0203257786
-0.0256391731
-0.0421667801
-0.0301371635
-0.0106734054
0.0036586957
0.0127822021
0.0231129345
0.0393984536
0.0633161761
0.0899561131
0.1108700418
0.1191894907
0.1100459333
0.0841472900
0.0504883696
0.0200454038
0.0007511837
0.0067109791
0.0366600162
0.0629192761
0.0684293302
0.0603192394
0.0519384907
0.0496102376
0.0578734981
0.0820173311
0.1216186533
0.1651029151
0.1914782013
0.1826063268
0.1420937893
0.1024332446
0.0936002889
0.1144429175
0.1487798860
0.1814997903
0.2025124125
0.2076709502
0.1925954134
0.1554935695
0.1051696339
0.0568508448
0.0268363688
0.0232027229
0.0388644970
0.0563325169
0.0639940770
0.0664313188
0.0747591552
0.0930245583
0.1140328055
0.1279066615
0.1319460845
0.1321615395
0.1345516164
0.1368760096
0.1328878952
0.1174547225
0.0903188750
0.0572951189
0.0262310951
0.0025102912
-0.0084364033
-0.0101445319
-0.0138838011
-0.0194896001
-0.0195694268
-0.0149499714
-0.0139550294
-0.0182457072
-0.0224092285
-0.0223157987
-0.0195931339
-0.0194754285
-0.0284658103
-0.0507103242
-0.0844916629
-0.1231515933
-0.1605742614
-0.1856918938
-0.1905338329
-0.1797465483
-0.1644522431
-0.1549402943
-0.1529413819
-0.1471461043
-0.1206085693
-0.0660959460
-0.0005394476
0.0511239157
0.0785224400
0.0812243028
0.0649539152
0.0429878903
0.0233482381
0.0010460309
-0.0257264435
-0.0543724449
-0.0831662021
-0.1088204880
-0.1271154085
-0.1324922424
-0.1210773940
-0.0986036352
-0.0845860593
-0.0932369324
-0.1174333145
-0.1388641741
-0.1446983914
-0.1338041131
-0.1126504424
-0.0863962688
-0.0553811208
-0.0188205356
0.0159996167
0.0381486492
0.0418121240
0.0354262266
0.0354157799
0.0458589891
0.0640217503
0.0880417356
0.1144637291
0.1355322167
0.1406092404
0.1213002750
0.0813030710
0.0425133589
0.0243823259
0.0231581217
0.0263619900
0.0305505624
0.0430799710
0.0717365398
0.1124631533
0.1500601888
0.1633764393
0.1443739377
0.1053301809
0.0661957418
0.0390590770
0.0166647662
-0.0022270983
-0.0092656613
-0.0010251211
0.0161228596
0.0309801649
0.0381129111
0.0404407321
0.0398668368
0.0350629971
0.0273484843
0.0230847802
0.0271784280
0.0410893229
0.0640333731
0.0945849304
0.1289964769
0.1603285982
0.1821898830
0.1983711769
0.2161965069
0.2326134934
0.2428584009
0.2449486648
0.2384729951
0.2314542635
0.2313908280
0.2352536132
0.2377313630
0.2385857680
0.2403344102
0.2453367949
0.2547894179
0.2670727204
0.2805571739
0.2968926167
0.3155281771
0.3304251290
0.3349165818
0.3305228374
0.3240392567
0.3180666362
0.3147634728
0.3120305092
0.3039714093
0.2934622953
0.2865200639
0.2848164178
0.2853509280
0.2832759592
0.2765919579
0.2657741842
0.2515734176
0.2341288637
0.2144515161
0.1934230544
0.1717137524
0.1476556213
0.1189150945
0.0864979441
0.0530216864
0.0232991914
0.0047059192
-0.0042124915
-0.0129713110
-0.0211155674
-0.0251398615
-0.0297259011
-0.0427505110
-0.0663628166
-0.0991700661
-0.1368316165
-0.1703310635
-0.1909179156
-0.1999301643
-0.2046956571
-0.2106547473
-0.2205303954
-0.2348959846
-0.2518729660
-0.2682012783
-0.2807459425
-0.2891395533
-0.2961790757
-0.3063297186
-0.3239810864
-0.3514597274
-0.3857553936
-0.4179573625
-0.4375177714
-0.4433434249
-0.4439715478
-0.4448382367
-0.4458100267
-0.4468377807
-0.4477186037
-0.4478137034
-0.4474876016
-0.4469775329
-0.4454976470
-0.4431517834
-0.4406905292
-0.4387743727
-0.4372941451
-0.4342720305
-0.4260576178
-0.4096397302
-0.3847555844
-0.3553475541
-0.3281009508
-0.3118062571
-0.3115802073
-0.3168340316
-0.3123379250
-0.2974646643
-0.2802169685
-0.2654997671
-0.2533653513
-0.2426383889
-0.2323374024
-0.2216103870
-0.2089808368
-0.1917179994
-0.1653805610
-0.1275700110
-0.0828374654
-0.0403580308
-0.0114969174
-0.0003528780
-0.0044558712
-0.0228883360
-0.0413333252
-0.0428853509
-0.0304189314
-0.0166008633
-0.0073222002
-0.0004637634
0.0073297926
0.0152343474
0.0203469275
0.0221177473
0.0215316991
0.0184410153
0.0127204223
0.0072530747
0.0059440037
0.0091149048
0.0155466943
0.0262601445
0.0442925265
0.0692746548
0.0977381561
0.1257102191
0.1467450333
0.1569734317
0.1580204133
0.1530385949
0.1458282750
0.1384375949
0.1274818764
0.1094190261
0.0871105318
0.0704783320
0.0623555532
0.0551063289
0.0460944914
0.0410698626
0.0431305616
0.0484727329
0.0548467829
0.0632734074
0.0771371182
0.0978685611
0.1218918456
0.1434460822
0.1576819054
0.1620200474
0.1583377799
0.1525087592
0.1517836097
0.1571647115
0.1637062888
0.1651252715
0.1579813463
0.1433293911
0.1275575240
0.1181287787
0.1184664907
0.1283657261
0.1465708495
0.1666807266
0.1813436095
0.1914654480
0.2050296615
0.2235110061
0.2369306609
0.2366541492
0.2221011646
0.1945239680
0.1559794472
0.1195652733
0.1023178956
0.1069145774
0.1201532961
0.1271880896
0.1239350436
0.1145628400
0.1055791967
0.0995419729
0.0943368663
0.0882513939
0.0820185255
0.0769152649
0.0742171800
0.0741714245
0.0755641532
0.0766758983
0.0768334564
0.0758279119
0.0731911523
0.0682701155
0.0597528208
0.0450853242
0.0226325534
-0.0049950027
-0.0300479554
-0.0427215225
-0.0392022785
-0.0264298253
-0.0126771077
0.0004095176
0.0168590198
0.0377225055
0.0546811491
0.0562965444
0.0403850890
0.0120743842
-0.0248495582
-0.0660023250
-0.1002841829
-0.1170308920
-0.1179357778
-0.1111665297
-0.0998095209
-0.0856681656
-0.0724702174
-0.0602989767
-0.0469145410
-0.0346577831
-0.0282596195
-0.0285522254
-0.0325367481
-0.0346378110
-0.0302102148
-0.0193639551
-0.0058610036
0.0056068672
0.0117834374
0.0115002850
0.0048229183
-0.0083482909
-0.0285284836
-0.0548770331
-0.0823280258
-0.1039812572
-0.1184090400
-0.1266104094
-0.1257679828
-0.1159481791
-0.1025128188
-0.0880481873
-0.0672310699
-0.0351052392
0.0055894875
0.0449733833
0.0722522789
0.0792152344
0.0617627799
0.0234583345
-0.0205248401
-0.0539469636
-0.0683959227
-0.0652479919
-0.0554598115
-0.0480990060
-0.0471455378
-0.0506306621
-0.0519952123
-0.0466517223
-0.0347322272
-0.0201996253
-0.0091601683
-0.0067111580
-0.0121565370
-0.0194884695
-0.0218415780
-0.0152876014
-0.0002997915
0.0197222900
0.0405002687
0.0557845287
0.0592222984
0.0513614530
0.0406043215
0.0337428959
0.0318422546
0.0338032302
0.0372755980
0.0387581180
0.0356714984
0.0288727565
0.0216893361
0.0173182417
0.0170154769
0.0200849895
0.0254631416
0.0329649829
0.0421423572
0.0516799940
0.0592328156
0.0616051685
0.0565108258
0.0434553913
0.0238709617
0.0009943586
-0.0198731691
-0.0322093129
-0.0316417941
-0.0207930050
-0.0078412540
0.0020713466
0.0098950459
0.0162587838
0.0188578654
0.0186515254
0.0212287513
0.0318399891
0.0520701885
0.0782679798
0.1046033346
0.1265942572
0.1396300400
0.1416232996
0.1340873002
0.1171101186
0.0937031990
0.0709492478
0.0569827935
0.0583342655
0.0712398630
0.0864614993
0.1017160293
0.1203760387
0.1457033950
0.1775384837
0.2058570936
0.2196486442
0.2169443700
0.1977397615
0.1675671226
0.1423869921
0.1341430563
0.1382196395
0.1409721859
0.1354455255
0.1244394579
0.1118643549
0.1002421824
0.0924396034
0.0880222345
0.0830056494
0.0763332034
0.0697837508
0.0639765710
0.0577768988
0.0504797138
0.0432931400
0.0387536843
0.0395216681
0.0469366639
0.0588503348
0.0695911056
0.0761790529
0.0809547141
0.0866056501
0.0939533143
0.1018673258
0.1076019036
0.1073516197
0.0985617421
0.0831528194
0.0655836499
0.0478605557
0.0338092935
0.0301617436
0.0384818494
0.0522389187
0.0648647729
0.0739199933
0.0784949167
0.0788630458
0.0763145102
0.0710579983
0.0632478318
0.0543735083
0.0450786417
0.0340262982
0.0208762419
0.0074539215
-0.0036606946
-0.0133297363
-0.0219800927
-0.0238195039
-0.0150932340
-0.0025650620
0.0037383026
0.0031367260
0.0012116229
0.0010036970
0.0014370802
0.0009395777
-0.0002471480
0.0003894980
0.0071171804
0.0224457666
0.0429314598
0.0615692735
0.0710991924
0.0636225764
0.0320746787
-0.0235866654
-0.0907073295
-0.1483462638
-0.1736221761
-0.1586326572
-0.1305539803
-0.1214995967
-0.1332010180
-0.1489256687
-0.1578116526
-0.1608490001
-0.1609167369
-0.1538427847
-0.1287648083
-0.0776392455
-0.0065107234
0.0637358703
0.1071222307
0.1070460464
0.0725664284
0.0373800658
0.0238650272
0.0272980822
0.0362555982
0.0450644552
0.0545962232
0.0686161490
0.0880591661
0.1046005702
0.1059289098
0.0880891636
0.0569927193
0.0212929914
-0.0145356905
-0.0431570575
-0.0561800170
-0.0561478064
-0.0505262497
-0.0409435368
-0.0263122018
-0.0098865848
0.0037226583
0.0129134404
0.0190534950
0.0222555277
0.0190387867
0.0057190819
-0.0144937709
-0.0305844530
-0.0341265716
-0.0246499007
-0.0040358397
0.0241019954
0.0495409529
0.0629189343
0.0649309777
0.0585851123
0.0439550789
0.0239114994
0.0068198450
-0.0053789057
-0.0187003701
-0.0356311576
-0.0552334688
-0.0767576309
-0.0939836982
-0.0998754248
-0.0961607551
-0.0860919516
-0.0706453685
-0.0530212684
-0.0379559864
-0.0279570353
-0.0250528976
-0.0301415047
-0.0436179806
-0.0639918421
-0.0827453151
-0.0921893117
-0.0909945365
-0.0803114335
-0.0609943349
-0.0369233415
-0.0157113274
-0.0013541440
0.0070218656
0.0084848378
0.0055619905
0.0022831544
-0.0026281740
-0.0100695074
-0.0188141718
-0.0284446252
-0.0394381813
-0.0497343179
-0.0586262104
-0.0658339236
-0.0674037027
-0.0631539186
-0.0577504121
-0.0543219160
-0.0531877190
-0.0534610474
-0.0521886383
-0.0469481770
-0.0384784988
-0.0292063297
-0.0209421824
-0.0144544031
-0.0092284786
-0.0041461574
0.0018132606
0.0092710273
0.0171765474
0.0238514159
0.0290133934
0.0325847477
0.0327151267
0.0269657972
0.0150601650
0.0008385211
-0.0136904680
-0.0304834896
-0.0421714084
-0.0462327777
-0.0562625249
-0.0768799133
-0.0985226092
-0.1167316767
-0.1347376059
-0.1485044057
-0.1520708317
-0.1427052612
-0.1177453651
-0.0792892523
-0.0373168621
0.0007514184
0.0354198919
0.0648515115
0.0859434500
0.0993299827
0.1055859176
0.1052796532
0.1013605256
0.0942261247
0.0832609694
0.0716323183
0.0595394790
0.0424927428
0.0210420504
0.0062870085
0.0053861750
0.0115964272
0.0175082423
0.0199661064
0.0165119025
0.0063635001
-0.0093615119
-0.0289036594
-0.0481067734
-0.0593963425
-0.0603259019
-0.0580202615
-0.0609098117
-0.0727907531
-0.0928003358
-0.1155177097
-0.1343851660
-0.1444988030
-0.1403766690
-0.1237271640
-0.1023683768
-0.0845067554
-0.0718929081
-0.0551575462
-0.0243396531
0.0155366598
0.0477021874
0.0624136578
0.0624302907
0.0554797199
0.0493865458
0.0482572553
0.0499364419
0.0507623499
0.0484270873
0.0414696252
0.0279649382
0.0053388607
-0.0267452646
-0.0606531030
-0.0823815400
-0.0858846499
-0.0765893652
-0.0558613323
-0.0224187919
0.0142027226
0.0458408790
0.0757952749
0.1012599378
0.1066477047
0.0898781645
0.0699126456
0.0563160657
0.0443762951
0.0280495474
0.0033427387
-0.0276704648
-0.0506016627
-0.0582214234
-0.0614396751
-0.0667377381
-0.0692548576
-0.0662480547
-0.0622246081
-0.0604468137
-0.0604543601
-0.0602000698
-0.0583626326
-0.0551814611
-0.0512366811
-0.0471613430
-0.0444030471
-0.0458152380
-0.0553856796
-0.0755490324
-0.1019807164
-0.1250955871
-0.1370460686
-0.1364560100
-0.1295453906
-0.1213510278
-0.1099158877
-0.0947774498
-0.0791614928
-0.0638097080
-0.0466024833
-0.0278680448
-0.0126604030
-0.0075040850
-0.0109168779
-0.0149062368
-0.0179080812
-0.0219173443
-0.0260347673
-0.0279140289
-0.0285483739
-0.0302595232
-0.0333304362
-0.0360311350
-0.0376917595
-0.0391366178
-0.0413033671
-0.0441173913
-0.0466555625
-0.0485386278
-0.0504823588
-0.0532916350
-0.0570799222
-0.0611637029
-0.0643221798
-0.0648992024
-0.0612808403
-0.0528604230
-0.0423418316
-0.0355262443
-0.0369038202
-0.0471278042
-0.0642079675
-0.0824272582
-0.0953666930
-0.1016125107
-0.1036891661
-0.1045517329
-0.1077016334
-0.1136898657
-0.1190856486
-0.1212160758
-0.1189900671
-0.1135537981
-0.1081604096
-0.1053038638
-0.1010329075
-0.0885609816
-0.0681487017
-0.0461754940
-0.0255458865
-0.0049816228
0.0189352425
0.0436238254
0.0570002619
0.0533590662
0.0419933327
0.0332461406
0.0263210715
0.0205390990
0.0198477276
0.0271640108
0.0435519435
0.0680858273
0.0925886430
0.1058315261
0.1051612496
0.0954005991
0.0793408193
0.0567953913
0.0353219825
0.0242469858
0.0205230316
0.0167446997
0.0131138037
0.0160120309
0.0290679023
0.0462174820
0.0548078973
0.0469501848
0.0234964023
-0.0084339244
-0.0335631631
-0.0401821127
-0.0334192191
-0.0217539021
-0.0070748695
0.0077387991
0.0160590081
0.0167972247
0.0144344329
0.0122400246
0.0090080304
0.0018974971
-0.0092105757
-0.0230988215
-0.0397962032
-0.0561957025
-0.0691738289
-0.0768061311
-0.0767332968
-0.0677028329
-0.0487769230
-0.0213081437
0.0059675197
0.0251051537
0.0360920127
0.0405572617
0.0370554932
0.0231642790
0.0008636504
-0.0181245215
-0.0232957877
-0.0169866942
-0.0054216103
0.0098908653
0.0274017807
0.0415177381
0.0489568686
0.0513079785
0.0496708915
0.0436962631
0.0354272950
0.0315646368
0.0371960621
0.0498679742
0.0623718698
0.0689043854
0.0683909876
0.0625839386
0.0540110749
0.0459589592
0.0406574932
0.0395910445
0.0433136342
0.0485659331
0.0509124582
0.0486032873
0.0421663785
0.0324444465
0.0208386552
0.0103586052
0.0052683634
0.0072261211
0.0129243802
0.0181794832
0.0217229285
0.0243452179
0.0259815392
0.0255443022
0.0231436924
0.0212323095
0.0215999167
0.0238045931
0.0258413547
0.0243159286
0.0150354093
-0.0042631872
-0.0308457263
-0.0553123876
-0.0693564523
-0.0705915826
-0.0598845200
-0.0428565137
-0.0276565834
-0.0201048585
-0.0214304688
-0.0290203905
-0.0390723213
-0.0467247317
-0.0481571412
-0.0438428789
-0.0359932016
-0.0255917103
-0.0104553350
0.0142467046
0.0475408234
0.0785887953
0.0958369737
0.0935583668
0.0715554001
0.0407124447
0.0202163352
0.0182984215
0.0280564228
0.0420983309
0.0588786783
0.0755413907
0.0868459593
0.0930487131
0.0984406585
0.1041877663
0.1065400252
0.1006606179
0.0853752021
0.0677852902
0.0565008842
0.0516126774
0.0494613492
0.0494872164
0.0507886591
0.0494721181
0.0435715870
0.0354280201
0.0293081960
0.0273679521
0.0282855150
0.0295780239
0.0299338914
0.0289717567
0.0265523032
0.0220907818
0.0142903473
0.0019799914
-0.0136049765
-0.0288686739
-0.0405993803
-0.0471090175
-0.0462140622
-0.0355725355
-0.0170533440
-0.0008285675
0.0042203065
0.0008621057
-0.0031978062
-0.0032997676
0.0006240686
0.0064147563
0.0125399922
0.0191720899
0.0271879837
0.0366369651
0.0456751807
0.0522838193
0.0562409463
0.0582390025
0.0584997837
0.0570721226
0.0557519154
0.0569360736
0.0588020867
0.0554325280
0.0444361981
0.0313413876
0.0229708501
0.0223566747
0.0303239865
0.0455902937
0.0620126545
0.0737303702
0.0809436543
0.0833799481
0.0751176626
0.0535185142
0.0294903058
0.0148595387
0.0100799297
0.0124955570
0.0227554578
0.0397479345
0.0534972359
0.0516666236
0.0316168831
-0.0006246556
-0.0326118057
-0.0535884656
-0.0646595006
-0.0728450080
-0.0805372513
-0.0844580944
-0.0792604680
-0.0615569956
-0.0370255728
-0.0184840881
-0.0111405167
-0.0090485249
-0.0056690599
0.0007131715
0.0095366677
0.0192606397
0.0269335381
0.0299771591
0.0279655149
0.0221991757
0.0138144336
0.0044966301
-0.0031329689
-0.0086475709
-0.0129566504
-0.0156927091
-0.0162990136
-0.0174252972
-0.0242179206
-0.0399019018
-0.0616884069
-0.0804030667
-0.0843354437
-0.0726227276
-0.0574007290
-0.0510221306
-0.0551095660
-0.0581507466
-0.0495230524
-0.0343629109
-0.0238687921
-0.0179892443
-0.0094708581
0.0046610180
0.0207934602
0.0335396123
0.0411258839
0.0432212053
0.0360073220
0.0149463084
-0.0160392811
-0.0499483982
-0.0844284001
-0.1095801276
-0.1080323853
-0.0839070807
-0.0587072737
-0.0380834409
-0.0194862270
-0.0070648198
-0.0016083849
0.0040501779
0.0119928448
0.0164066533
0.0130425008
0.0051922614
-0.0046967418
-0.0192755820
-0.0417805012
-0.0712131518
-0.0992777700
-0.1126612023
-0.1095293230
-0.1035320314
-0.1012958278
-0.0971365875
-0.0886235576
-0.0842803397
-0.0908961580
-0.1033094603
-0.1091798191
-0.0993063503
-0.0767855377
-0.0571234781
-0.0540816784
-0.0685407226
-0.0875086497
-0.0970924477
-0.0965422979
-0.0908350167
-0.0811946274
-0.0660494215
-0.0480891728
-0.0311838652
-0.0126161452
0.0109216996
0.0369703290
0.0600478339
0.0737716008
0.0692414373
0.0457094833
0.0155697024
-0.0053251112
-0.0101769076
-0.0075640594
-0.0072562403
-0.0089236142
-0.0049893469
0.0092234844
0.0286597116
0.0418002131
0.0435764021
0.0384849591
0.0337397206
0.0337703335
0.0384379315
0.0442700915
0.0482792769
0.0495977221
0.0484142955
0.0442132080
0.0370021469
0.0292609059
0.0233582164
0.0177630773
0.0099138343
-0.0009263535
-0.0126095066
-0.0214614843
-0.0248754574
-0.0223937995
-0.0137012213
0.0001971157
0.0139966844
0.0224653533
0.0256059200
0.0239299741
0.0155936595
0.0001206984
-0.0152169488
-0.0199298007
-0.0099674721
0.0117624432
0.0382667675
0.0570758016
0.0600468642
0.0550170801
0.0540191139
0.0595435035
0.0678410601
0.0758979040
0.0830751486
0.0894575808
0.0948837674
0.0990009880
0.1008632460
0.0976938258
0.0866284196
0.0689280080
0.0529019165
0.0452957825
0.0428060759
0.0394993299
0.0359051121
0.0379461461
0.0501601611
0.0699405055
0.0882326392
0.1005984203
0.1124876796
0.1278911861
0.1403356935
0.1388199201
0.1214899297
0.0952673011
0.0703079430
0.0549843179
0.0495061310
0.0501275573
0.0536130442
0.0610552629
0.0777573574
0.1034748235
0.1276848835
0.1411626405
0.1434989250
0.1380827721
0.1297213619
0.1215489195
0.1145433037
0.1111996924
0.1126109029
0.1154245889
0.1151222766
0.1086915750
0.0944783716
0.0727470913
0.0480214339
0.0267002061
0.0131960190
0.0087162135
0.0064026226
-0.0015084058
-0.0125529385
-0.0196736365
-0.0229934804
-0.0247769132
-0.0190280881
0.0032192921
0.0417392731
0.0855090308
0.1150176019
0.1198288962
0.1069194513
0.0850437855
0.0580739322
0.0242360198
-0.0076540327
-0.0277137869
-0.0425478817
-0.0641546515
-0.0929542634
-0.1175013994
-0.1206701162
-0.0888532644
-0.0235748253
0.0429936175
0.0758169567
0.0767864422
0.0685351342
0.0601137432
0.0420221763
0.0100405218
-0.0241872962
-0.0493117747
-0.0603342101
-0.0551603101
-0.0408050033
-0.0256512707
-0.0104646271
0.0016686022
0.0050029976
-0.0004947074
-0.0126497436
-0.0304119659
-0.0487191908
-0.0585467432
-0.0557807318
-0.0432570478
-0.0262961489
-0.0119636371
-0.0052270241
-0.0032427756
0.0002432955
0.0078479170
0.0167940410
0.0210014093
0.0136867192
-0.0089850570
-0.0423969326
-0.0771324481
-0.1074862173
-0.1255975527
-0.1240290059
-0.1087928599
-0.0897218628
-0.0691108100
-0.0548519847
-0.0571491671
-0.0704814244
-0.0803176841
-0.0796811561
-0.0725357348
-0.0646605016
-0.0586545297
-0.0543733665
-0.0506377604
-0.0457768177
-0.0387288782
-0.0299925124
-0.0225465619
-0.0189665096
-0.0193425807
-0.0242009517
-0.0359396215
-0.0538758206
-0.0735766065
-0.0930234838
-0.1130444732
-0.1299849058
-0.1428020705
-0.1560570208
-0.1664435667
-0.1689079233
-0.1675246348
-0.1662701087
-0.1634201675
-0.1578818748
-0.1529897588
-0.1516516248
-0.1536698698
-0.1582907812
-0.1653190166
-0.1721450385
-0.1746803408
-0.1705426437
-0.1589061612
-0.1399790025
-0.1183363168
-0.0989501491
-0.0798739712
-0.0566904122
-0.0325754518
-0.0129354921
0.0007975451
0.0039151549
-0.0098362656
-0.0302791203
-0.0351821110
-0.0184786477
0.0065599566
0.0241769424
0.0286247688
0.0226232868
0.0108618544
-0.0008711962
-0.0055507759
0.0003191026
0.0143933064
0.0303184349
0.0401170902
0.0404770044
0.0365581180
0.0346570445
0.0345342920
0.0313868556
0.0220094474
0.0087391299
-0.0042730917
-0.0161328368
-0.0268204812
-0.0337133864
-0.0385038565
-0.0487279695
-0.0743222357
-0.0901354921
-0.0978185006
-0.0991247611
-0.0991374207
-0.0985489038
-0.0906945303
-0.0684004783
-0.0337579689
-0.0030904615
0.0103478285
0.0107659673
0.0072968119
0.0024072822
-0.0042835506
-0.0086090949
-0.0050478209
0.0063366401
0.0196402695
0.0264721979
0.0187845376
-0.0062475393
-0.0410936599
-0.0714233475
-0.0856725759
-0.0808159225
-0.0618109910
-0.0349193563
-0.0086582398
0.0065032083
0.0077574498
-0.0008725888
-0.0164241997
-0.0369029949
-0.0534064179
-0.0556724190
-0.0432913234
-0.0219953650
0.0000904448
0.0141732925
0.0155008483
0.0032035575
-0.0228071777
-0.0587150865
-0.0968841755
-0.1293803275
-0.1416135880
-0.1268701553
-0.1054975502
-0.0972274380
-0.0972092222
-0.0933027277
-0.0851664170
-0.0767276027
-0.0640230426
-0.0414873366
-0.0117138769
0.0120431923
0.0245219443
0.0363690220
0.0519365847
0.0659534693
0.0763825098
0.0844714277
0.0873055294
0.0813813398
0.0681315378
0.0561460426
0.0536043666
0.0612959932
0.0766819948
0.0967935164
0.1161205684
0.1313666275
0.1445472767
0.1551097044
0.1562741648
0.1443360553
0.1224231374
0.0962211156
0.0731216812
0.0583716353
0.0532510658
0.0566261452
0.0664900131
0.0824784853
0.1035376269
0.1193067583
0.1191544723
0.1091474522
0.0996870412
0.0902702272
0.0762834045
0.0618970728
0.0543978183
0.0525304189
0.0502837752
0.0445818659
0.0359476091
0.0253370548
0.0129196019
-0.0006783041
-0.0136628598
-0.0243802607
-0.0318709339
-0.0330517197
-0.0224751681
0.0021667679
0.0324601130
0.0547353750
0.0646477794
0.0666199101
0.0638093289
0.0573918035
0.0484890335
0.0376940685
0.0244317302
0.0046527267
-0.0236950944
-0.0520277847
-0.0658055218
-0.0640363518
-0.0602649389
-0.0623278888
-0.0641296890
-0.0551774549
-0.0338594011
-0.0123169506
-0.0029239488
-0.0046269161
-0.0112631401
-0.0200702435
-0.0312278026
-0.0422158757
-0.0482243976
-0.0481414159
-0.0441094543
-0.0359944856
-0.0212534739
-0.0011310774
0.0151544252
0.0194179923
0.0140063005
0.0073443882
0.0046453351
0.0051417818
0.0057996697
0.0046737822
0.0021807092
0.0003027766
0.0001540760
0.0011619560
0.0018964808
-0.0001011276
-0.0070304002
-0.0189420171
-0.0325515421
-0.0421010441
-0.0437755105
-0.0401657564
-0.0377250557
-0.0392842336
-0.0428395683
-0.0448588889
-0.0431746464
-0.0378234494
-0.0296849669
-0.0200175058
-0.0114135967
-0.0064417489
-0.0052268520
-0.0062465552
-0.0082232996
-0.0106887981
-0.0134171898
-0.0158349538
-0.0174439271
-0.0176590291
-0.0161923917
-0.0136219486
-0.0106520093
-0.0079408109
-0.0065362059
-0.0071280081
-0.0094788301
-0.0127233213
-0.0157246229
-0.0172642562
-0.0169962236
-0.0153288043
-0.0122063371
-0.0071276231
0.0001317997
0.0090940920
0.0177642309
0.0231843336
0.0236545087
0.0221986763
0.0246968600
0.0323742021
0.0398675461
0.0404448852
0.0326530611
0.0203353443
0.0088428178
0.0021181068
0.0007684680
0.0028117018
0.0055914421
0.0088373871
0.0134745900
0.0182274728
0.0211167371
0.0227193960
0.0236281935
0.0243687870
0.0258035576
0.0274015951
0.0274114743
0.0238041277
0.0153426176
0.0038362163
-0.0058040070
-0.0113155910
-0.0156956627
-0.0207099915
-0.0241112487
-0.0240347134
-0.0219261899
-0.0185447904
-0.0129021111
-0.0039653159
0.0086487519
0.0244005413
0.0388247235
0.0476994028
0.0506952484
0.0474075186
0.0384341834
0.0285053358
0.0216491106
0.0164555539
0.0103224721
0.0046382110
0.0006509428
-0.0033240287
-0.0074698939
-0.0100794717
-0.0110517731
-0.0108632091
-0.0075697021
0.0007883329
0.0129678101
0.0255637817
0.0344403749
0.0363991822
0.0316045229
0.0233712971
0.0159126104
0.0122688016
0.0127010423
0.0149154498
0.0168500419
0.0175186955
0.0166596585
0.0144539124
0.0114430212
0.0083808809
0.0060218040
0.0047545707
0.0043569034
0.0045312328
0.0051623423
0.0062886342
0.0080681312
0.0104559349
0.0129506013
0.0150595201
0.0163054718
0.0158207674
0.0130726897
0.0083350190
0.0030503268
-0.0010528662
-0.0034075945
-0.0040579285
-0.0036256095
-0.0033465073
-0.0038997296
-0.0052482238
-0.0067893990
-0.0076893455
-0.0076065788
-0.0068197281
-0.0056693143
-0.0043400661
-0.0028283709
-0.0012016440
0.0001974919
0.0011209966
0.0015834750
0.0015209781
0.0009306406
0.0000182721
-0.0009513866
-0.0017596464
-0.0020351094
-0.0017028513
-0.0012426752
-0.0011161388
-0.0012745634
-0.0014457587
-0.0015038837
-0.0014439026
-0.0012837369
-0.0010934044
-0.0009402674
-0.0008364708
-0.0007941064
-0.0008625922
-0.0010797194
-0.0014014408
-0.0016724743
-0.0017043889
-0.0013984004
-0.0008611139
-0.0003282102
0.0000792505
0.0003908304
0.0006401841
0.0008271148
0.0009385975
0.0009536752
0.0009110101
0.0009199325
0.0010282638
0.0011942998
0.0013677029
0.0015263998
0.0016752258
0.0018348654
0.0020101894
0.0021862557
0.0023244887
0.0023839006
0.0023488796
0.0022560594
0.0021721399
0.0021317892
0.0021277865
0.0021285764
0.0021050674
0.0020424486
0.0019422774
0.0018199171
0.0016968501
0.0015932866
0.0015419469
0.0015408275
0.0015451348
0.0015374619
0.0015330185
0.0015469153
0.0015759250
0.0015987956
0.0015979753
0.0015778248
0.0015512619
0.0015270498
0.0015084583
0.0014938351
0.0014773490
0.0014554041
0.0014289777
0.0013993023
0.0013657184
0.0013279353
0.0012871315
0.0012454756
0.0012050734
0.0011665405
0.0011289881
0.0010914144
0.0010528033
0.0010124209
0.0009701470
0.0009263785
0.0008817726
0.0008368034
0.0007916390
0.0007463059
0.0007008239
0.0006552336
0.0006095683
0.0005638410
0.0005180513
0.0004722002
0.0004262970
0.0003803561
