0.0059332087
0.0058747876
0.0058179089
0.0057608650
0.0057035723
0.0056489749
0.0056008595
0.0055619409
0.0055344914
0.0055153271
0.0054987089
0.0054763783
0.0054384138
0.0053825493
0.0053071733
0.0052248382
0.0051520287
0.0051066402
0.0050998229
0.0051092259
0.0051226402
0.0051265115
0.0051119012
0.0051010075
0.0050953497
0.0050876871
0.0050800246
0.0050708937
0.0050613545
0.0050527212
0.0050459614
0.0050428886
0.0050391727
0.0050176517
0.0049628468
0.0048581522
0.0046938780
0.0044840303
0.0042364805
0.0039700866
0.0037047818
0.0034612979
0.0032694581
0.0031594718
0.0031532913
0.0032381699
0.0033896510
0.0035332618
0.0036187569
0.0036284220
0.0035347011
0.0033530852
0.0030785039
0.0027440495
0.0024430357
0.0022705671
0.0020582640
0.0011874032
-0.0004939199
-0.0024719164
-0.0043798545
-0.0055825139
-0.0058958246
-0.0060185717
-0.0061484733
-0.0063472249
-0.0065780757
-0.0062066637
-0.0049027362
-0.0026088470
0.0003196006
0.0026659347
0.0045622242
0.0075882926
0.0113751270
0.0137034030
0.0143058515
0.0147651837
0.0153932823
0.0158863873
0.0160583265
0.0154831776
0.0146822084
0.0144878600
0.0128702217
0.0047166500
-0.0087046117
-0.0178482051
-0.0213299244
-0.0253178974
-0.0302493945
-0.0331296396
-0.0312275671
-0.0208662496
-0.0045884366
0.0057948174
0.0083365813
0.0111086162
0.0147142187
0.0166714947
0.0166979364
0.0147402032
0.0110962364
0.0062330039
0.0003233302
-0.0064751915
-0.0138960830
-0.0215463640
-0.0290121306
-0.0359373587
-0.0420470943
-0.0471770526
-0.0507400704
-0.0514398989
-0.0484183133
-0.0413630265
-0.0305049288
-0.0180255994
-0.0055808225
0.0047568787
0.0114586403
0.0147563386
0.0145821272
0.0124893582
0.0096369302
0.0069381497
0.0046242331
0.0011849669
-0.0026141342
-0.0037479371
-0.0017114504
0.0012319814
0.0036713802
0.0033036353
-0.0009764814
-0.0079373171
-0.0169180139
-0.0253015403
-0.0308491549
-0.0316448555
-0.0272778863
-0.0217032543
-0.0167766330
-0.0136638307
-0.0126911118
-0.0109382230
-0.0080168019
-0.0052540051
-0.0031251260
-0.0021322698
-0.0009454545
0.0037399239
0.0104621477
0.0118634556
0.0071028655
0.0019221495
-0.0027016365
-0.0085351950
-0.0168723164
-0.0302465617
-0.0475963251
-0.0625503179
-0.0726469318
-0.0781218726
-0.0787405970
-0.0768597332
-0.0730308127
-0.0667864156
-0.0586661349
-0.0491593417
-0.0389135813
-0.0286374155
-0.0188911037
-0.0100379402
-0.0022948993
0.0040067703
0.0073037468
0.0049160609
-0.0019128401
-0.0061389526
-0.0061765429
-0.0058510404
-0.0063627129
-0.0100263191
-0.0184034042
-0.0312173891
-0.0473612016
-0.0614945140
-0.0708927575
-0.0749139501
-0.0726970217
-0.0663446098
-0.0567069027
-0.0451947619
-0.0337679117
-0.0244597376
-0.0183796910
-0.0141729632
-0.0113084229
-0.0085650292
-0.0054684742
-0.0024069635
0.0020366988
0.0080316804
0.0088448550
-0.0104634733
-0.0457038790
-0.0669674642
-0.0698427296
-0.0732383653
-0.0798783405
-0.0863614199
-0.0909100659
-0.0878059095
-0.0755921118
-0.0573607368
-0.0372489086
-0.0252528031
-0.0228637592
-0.0204793337
-0.0166537542
-0.0134817680
-0.0107203398
-0.0088123719
-0.0077751947
-0.0082923267
-0.0110738571
-0.0164910343
-0.0244618497
-0.0332811356
-0.0416925202
-0.0482654950
-0.0523714845
-0.0550351049
-0.0559278225
-0.0537802646
-0.0478202024
-0.0378795612
-0.0255708021
-0.0154138366
-0.0077677046
0.0015008642
0.0116114073
0.0179347337
0.0201004347
0.0216112319
0.0232545712
0.0244495643
0.0256419826
0.0275643404
0.0305738971
0.0340736957
0.0372850087
0.0384792331
0.0368099677
0.0326009515
0.0257699958
0.0169246209
0.0065472056
-0.0046308230
-0.0158111323
-0.0261866699
-0.0349413424
-0.0414178817
-0.0450077583
-0.0456736131
-0.0438011739
-0.0410729663
-0.0384645541
-0.0363869021
-0.0351241661
-0.0338117721
-0.0322849898
-0.0308069531
-0.0295409067
-0.0288016495
-0.0278426509
-0.0239896898
-0.0158077679
-0.0033189066
0.0122004779
0.0256006259
0.0347814600
0.0407153533
0.0437567255
0.0464808986
0.0490487458
0.0490493703
0.0465491520
0.0432692367
0.0403239029
0.0391062796
0.0398828358
0.0409518519
0.0417169419
0.0415453501
0.0396881787
0.0358130596
0.0299204170
0.0233664196
0.0169536240
0.0116508581
0.0087540965
0.0098833879
0.0162153264
0.0277161130
0.0438690040
0.0618003257
0.0792947922
0.0937826925
0.1034181084
0.1085368043
0.1090524566
0.1065091255
0.1018369918
0.0958184246
0.0896885702
0.0846501416
0.0816589075
0.0806897425
0.0817432547
0.0836966570
0.0853333904
0.0860062888
0.0880762730
0.0981869696
0.1146521811
0.1254658891
0.1291758692
0.1333585950
0.1378018167
0.1373427523
0.1301343667
0.1166922119
0.0990924119
0.0840241430
0.0743441043
0.0691387614
0.0683413616
0.0688677393
0.0696977325
0.0711872781
0.0723851653
0.0724961716
0.0710739344
0.0689333399
0.0671743566
0.0682074593
0.0733613463
0.0824221628
0.0951533342
0.1091855637
0.1227934278
0.1339399593
0.1410504426
0.1441730684
0.1430378643
0.1386522088
0.1315934550
0.1224488417
0.1121301918
0.1017162198
0.0923507389
0.0850376977
0.0802636988
0.0772489630
0.0756313794
0.0747162514
0.0741253950
0.0737591365
0.0725499122
0.0701179864
0.0701308407
0.0811366599
0.1005561755
0.1108591144
0.1091433483
0.1058375898
0.1027416299
0.0998580928
0.0980853866
0.0972034393
0.0978582581
0.0998258172
0.1028252443
0.1065740008
0.1114047222
0.1169501717
0.1182248355
0.1051479579
0.0809977455
0.0675497896
0.0684158116
0.0701453086
0.0699212711
0.0666202282
0.0589272185
0.0485727660
0.0360774047
0.0246965221
0.0170339841
0.0156426656
0.0225417255
0.0369220784
0.0580314676
0.0818771922
0.1049333854
0.1232211803
0.1349925068
0.1437767081
0.1503817210
0.1558185752
0.1613360157
0.1668055943
0.1711346335
0.1694837749
0.1596729946
0.1422278614
0.1176700535
0.0905083119
0.0640612810
0.0423529131
0.0282014945
0.0203168851
0.0176059264
0.0157757777
0.0141902203
0.0176264975
0.0278291728
0.0454936264
0.0684991066
0.0878757596
0.0998482629
0.1047992124
0.1022947144
0.0958683462
0.0866175598
0.0745231204
0.0608629144
0.0467093550
0.0330973847
0.0211445312
0.0130157437
0.0114363562
0.0145556972
0.0131760130
0.0049844709
-0.0055355604
-0.0173836428
-0.0284472030
-0.0371619913
-0.0427464584
-0.0440967388
-0.0417543753
-0.0361564363
-0.0292664407
-0.0230383535
-0.0194422126
-0.0187547060
-0.0181044969
-0.0181255360
-0.0225209514
-0.0315069126
-0.0427054303
-0.0566296119
-0.0755741286
-0.0979657194
-0.1176321702
-0.1335738950
-0.1498787719
-0.1659159624
-0.1780927480
-0.1862710433
-0.1935516253
-0.2008408864
-0.2076662222
-0.2142412255
-0.2204822709
-0.2265259841
-0.2324493016
-0.2380762815
-0.2433046878
-0.2488648575
-0.2565439284
-0.2659124613
-0.2737082992
-0.2796493075
-0.2862571531
-0.2940011400
-0.3023901656
-0.3113888552
-0.3207194732
-0.3303215140
-0.3401157452
-0.3499012492
-0.3594417544
-0.3685074248
-0.3769104968
-0.3844805276
-0.3910566249
-0.3964104427
-0.4003206914
-0.4029196702
-0.4051294135
-0.4076088504
-0.4109808297
-0.4154523252
-0.4199717113
-0.4237089028
-0.4258787629
-0.4275282046
-0.4323527847
-0.4395606280
-0.4431044169
-0.4421822353
-0.4405967503
-0.4390216985
-0.4370871278
-0.4349685943
-0.4325649126
-0.4300498549
-0.4275814339
-0.4255432281
-0.4249504237
-0.4263555772
-0.4296676715
-0.4342726392
-0.4379974748
-0.4401200619
-0.4416474175
-0.4430451398
-0.4455565591
-0.4494454456
-0.4535123291
-0.4573110735
-0.4601655712
-0.4616418365
-0.4618919173
-0.4608564768
-0.4588734776
-0.4561101603
-0.4526709950
-0.4488237216
-0.4448051622
-0.4407342068
-0.4366297131
-0.4330653608
-0.4316731162
-0.4336121439
-0.4398133914
-0.4505796208
-0.4644311120
-0.4805208629
-0.4974934745
-0.5140274723
-0.5286864982
-0.5396851717
-0.5454787646
-0.5459715645
-0.5444669865
-0.5429114576
-0.5428456759
-0.5442624989
-0.5431172657
-0.5382845694
-0.5305701749
-0.5202012215
-0.5090788579
-0.4979402950
-0.4865780178
-0.4746158957
-0.4596028973
-0.4397956073
-0.4133104457
-0.3790790615
-0.3382790017
-0.2911158336
-0.2383938739
-0.1809990165
-0.1200201312
-0.0567271171
0.0075278598
0.0713499915
0.1333693740
0.1922394745
0.2468050893
0.2960009504
0.3388655302
0.3740879684
0.4005018242
0.4188697111
0.4339641625
0.4488621647
0.4656057446
0.4840042397
0.4990245050
0.5117430543
0.5284894873
0.5479042507
0.5609993237
0.5661612510
0.5685594018
0.5694247170
0.5697222651
0.5708773060
0.5741351240
0.5802301077
0.5875537405
0.5950481205
0.6009735362
0.6045518718
0.6070274090
0.6086626186
0.6102821123
0.6128375952
0.6170451827
0.6224543491
0.6263446168
0.6287963904
0.6329231325
0.6391247607
0.6457571517
0.6522057416
0.6574596449
0.6606236642
0.6608169047
0.6574920127
0.6512228813
0.6423820997
0.6318048803
0.6198709874
0.6065861527
0.5932096821
0.5819333351
0.5724859091
0.5611220167
0.5472456188
0.5332940984
0.5203362618
0.5100060365
0.5028085164
0.4972217890
0.4925324150
0.4876106541
0.4821819825
0.4779344263
0.4755355636
0.4759019615
0.4795493927
0.4859681253
0.4948895771
0.5052035032
0.5160130906
0.5262995921
0.5350140640
0.5413357697
0.5448023042
0.5448847944
0.5392830556
0.5239596252
0.5006786456
0.4791512426
0.4607379326
0.4385801212
0.4117366473
0.3817735610
0.3488570063
0.3136541225
0.2761135117
0.2360961253
0.1937236254
0.1492348055
0.1029383457
0.0551991811
0.0064091895
-0.0429820142
-0.0923397481
-0.1407533895
-0.1872887060
-0.2316799142
-0.2747244863
-0.3174257498
-0.3594781689
-0.3995807651
-0.4374513740
-0.4744204101
-0.5121899614
-0.5521048924
-0.5926405159
-0.6282717547
-0.6563377198
-0.6836700614
-0.7109859624
-0.7210370345
-0.7064400489
-0.6868850875
-0.6628436491
-0.6132276801
-0.5366252500
-0.4417979109
-0.3291759696
-0.2035128687
-0.0712399335
0.0596209184
0.1812731697
0.2871821966
0.3702406519
0.4244314351
0.4494909150
0.4575655622
0.4548640628
0.4429379096
0.4231338923
0.3888856301
0.3420097001
0.2930657294
0.2477560761
0.2123039899
0.1890868397
0.1729262282
0.1605729182
0.1464441651
0.1275245597
0.1069127663
0.0846894178
0.0632325744
0.0457578958
0.0349054857
0.0288315901
0.0169477533
0.0006287768
-0.0058283510
0.0004633114
0.0128488822
0.0280750486
0.0395273765
0.0438012574
0.0421242187
0.0341985968
0.0233614308
0.0108943056
-0.0030816374
-0.0170304020
-0.0296069802
-0.0396369889
-0.0469433076
-0.0512820263
-0.0529595721
-0.0520512324
-0.0483287985
-0.0420457487
-0.0335895344
-0.0235331952
-0.0125995452
-0.0015973506
0.0085391062
0.0167311385
0.0218637016
0.0233263746
0.0215648114
0.0168272639
0.0095569821
-0.0000092811
-0.0125911949
-0.0280657101
-0.0462945557
-0.0667893486
-0.0888380551
-0.1117300762
-0.1345650859
-0.1559873680
-0.1734003343
-0.1850005987
-0.1890346970
-0.1846812407
-0.1726955391
-0.1534875483
-0.1278737619
-0.0967890453
-0.0616094098
-0.0260096270
0.0032555189
0.0221397261
0.0299559880
0.0295109268
0.0299156784
0.0368889059
0.0560841322
0.0923682886
0.1460846245
0.2137953314
0.2783150919
0.3269524278
0.3678292515
0.4155411978
0.4808616663
0.5630142858
0.6434956219
0.7010857509
0.7349275571
0.7732066325
0.7993152420
0.8313570441
0.8126965189
0.7618002943
0.6754607055
0.6349193655
0.6358456141
0.6385752406
0.6102942591
0.5622580671
0.5102002267
0.4606995256
0.4160247309
0.3736794938
0.3308616497
0.2886278470
0.2473416889
0.2045303340
0.1570996328
0.1032310877
0.0445988841
-0.0148067781
-0.0706456934
-0.1205493277
-0.1649235090
-0.2021262215
-0.2280152480
-0.2415329769
-0.2440769935
-0.2364152357
-0.2201824898
-0.1970939362
-0.1691813649
-0.1387110601
-0.1078718660
-0.0787590130
-0.0533265839
-0.0336354211
-0.0210415694
-0.0143069228
-0.0083999842
-0.0037557338
-0.0076764487
-0.0216019151
-0.0427396391
-0.0704033210
-0.1028731214
-0.1387506132
-0.1759509615
-0.2116813779
-0.2436216804
-0.2726765525
-0.3051152203
-0.3401570919
-0.3694562967
-0.3921102720
-0.4133147030
-0.4340200466
-0.4532879521
-0.4705174459
-0.4836131136
-0.4915064902
-0.4935701047
-0.4895628159
-0.4811894142
-0.4696462628
-0.4565724919
-0.4425357316
-0.4254853118
-0.4044986165
-0.3784433642
-0.3473555568
-0.3138615925
-0.2791770059
-0.2443260585
-0.2102772873
-0.1769143895
-0.1445037618
-0.1126155959
-0.0809102972
-0.0486568434
-0.0148696803
0.0212770839
0.0591276292
0.0950063832
0.1275669020
0.1577228316
0.1862525436
0.2159115218
0.2471348241
0.2774832505
0.3063614246
0.3332125039
0.3572534774
0.3776538891
0.3934824760
0.4039978765
0.4085795126
0.4070384714
0.3992130280
0.3853562595
0.3657472796
0.3409769293
0.3116700544
0.2786288962
0.2427085782
0.2048573869
0.1660341561
0.1271851274
0.0892301735
0.0530270291
0.0195047367
-0.0105386660
-0.0367551631
-0.0597978315
-0.0800587217
-0.0979949667
-0.1135502617
-0.1262174902
-0.1374973208
-0.1506958840
-0.1646574760
-0.1721582201
-0.1717612160
-0.1674792180
-0.1603301010
-0.1513003619
-0.1407538217
-0.1273425933
-0.1110387651
-0.0923142708
-0.0720216125
-0.0520754058
-0.0326328563
-0.0117606633
0.0104685886
0.0320184903
0.0511351554
0.0649413101
0.0722814477
0.0746493760
0.0723690960
0.0665081420
0.0580826259
0.0482127407
0.0381759411
0.0292994495
0.0232841969
0.0214187390
0.0227320394
0.0218538475
0.0169055813
0.0092115361
-0.0010629594
-0.0125645106
-0.0257626693
-0.0430975409
-0.0639604914
-0.0846570821
-0.1038591089
-0.1219962905
-0.1389716937
-0.1558238152
-0.1731501981
-0.1918339413
-0.2127734633
-0.2370536966
-0.2662178407
-0.3016667654
-0.3421708642
-0.3807692805
-0.4126775771
-0.4332189032
-0.4403554915
-0.4391810156
-0.4318955062
-0.4230288477
-0.4177780496
-0.4203563714
-0.4299708286
-0.4357624107
-0.4377265709
-0.4463039790
-0.4620961093
-0.4787552874
-0.4943424060
-0.5080340419
-0.5185809228
-0.5248479351
-0.5250969067
-0.5177056209
-0.5022963322
-0.4810564094
-0.4553882270
-0.4269635617
-0.3965156772
-0.3625847277
-0.3251480084
-0.2846095985
-0.2413051011
-0.1963042788
-0.1502070563
-0.1038146471
-0.0582398831
-0.0146982820
0.0267972619
0.0687953814
0.1127856708
0.1599130445
0.2100697393
0.2592163851
0.3045361955
0.3426345506
0.3725173478
0.3983736054
0.4214131376
0.4416182389
0.4580767295
0.4662568319
0.4650769718
0.4565516982
0.4412586566
0.4209500272
0.3971382814
0.3718284727
0.3473110641
0.3256764079
0.3080953554
0.2931892723
0.2802325172
0.2676936163
0.2548888507
0.2426868608
0.2309432839
0.2198110996
0.2099481333
0.2026077102
0.1977670275
0.1937110135
0.1907938537
0.1909864166
0.1936499151
0.1953812673
0.1955944977
0.1969459909
0.2010257704
0.2101084817
0.2244709559
0.2403956088
0.2557578510
0.2677835678
0.2751353082
0.2799274177
0.2829776906
0.2861095816
0.2898081264
0.2920499939
0.2922715524
0.2897981372
0.2840023808
0.2748091558
0.2618698630
0.2452354050
0.2249167177
0.2010828763
0.1739528076
0.1438051144
0.1109575599
0.0758089744
0.0388508253
0.0005877579
-0.0386545507
-0.0787871971
-0.1195263471
-0.1598145805
-0.1975795984
-0.2317944391
-0.2689551208
-0.3250961668
-0.3962097478
-0.4521795790
-0.4884076585
-0.5231673120
-0.5593076326
-0.5949862748
-0.6298837513
-0.6606118881
-0.6862648521
-0.7059795596
-0.7191244972
-0.7270744567
-0.7302921093
-0.7300581270
-0.7278612998
-0.7250887495
-0.7219613899
-0.7154908486
-0.7038458804
-0.6848855191
-0.6578770524
-0.6256110480
-0.5896190518
-0.5520836727
-0.5137689574
-0.4720872030
-0.4260967810
-0.3747510902
-0.3183222594
-0.2609812925
-0.2061306733
-0.1584832914
-0.1191848788
-0.0821006105
-0.0441126312
-0.0015645726
0.0464073186
0.0942718797
0.1408989241
0.1851857446
0.2224930753
0.2462733035
0.2589443240
0.2762721601
0.2991742022
0.3131757231
0.3159040033
0.3127230446
0.3071972817
0.3065456484
0.3117224327
0.3148352237
0.3130370240
0.3043404017
0.2888300029
0.2724833438
0.2564476635
0.2390292894
0.2205889483
0.2008623565
0.1789851965
0.1530595414
0.1233691941
0.0929235460
0.0603888923
0.0199996851
-0.0283131516
-0.0774566543
-0.1230880110
-0.1596679875
-0.1839974114
-0.1980509079
-0.2022679011
-0.1998724508
-0.1924327998
-0.1797042744
-0.1629902736
-0.1434278200
-0.1222209417
-0.1005815937
-0.0795884795
-0.0601793495
-0.0428865503
-0.0271646374
-0.0127473766
0.0009760799
0.0144076914
0.0275315783
0.0406215886
0.0537679740
0.0669094900
0.0794533104
0.0909230407
0.1007597129
0.1087662660
0.1155929088
0.1216086067
0.1273455291
0.1330042291
0.1379517820
0.1418314926
0.1441308617
0.1449791473
0.1458375889
0.1475198057
0.1506922009
0.1553692035
0.1602349073
0.1653004070
0.1701736227
0.1711263243
0.1597841692
0.1350109014
0.1068758169
0.0812333284
0.0648776751
0.0591182534
0.0539397143
0.0474846468
0.0419798597
0.0375108486
0.0358216686
0.0362113584
0.0359829008
0.0352201485
0.0360229295
0.0381294244
0.0389737852
0.0377754465
0.0352233714
0.0317299365
0.0285448099
0.0259216218
0.0230178295
0.0198947103
0.0163854514
0.0112067328
0.0015261485
-0.0129266679
-0.0284663560
-0.0433135126
-0.0558887083
-0.0656087891
-0.0747889763
-0.0840292054
-0.0939798345
-0.1058527561
-0.1204613388
-0.1370166960
-0.1510598529
-0.1608301164
-0.1670314000
-0.1698228189
-0.1712830505
-0.1719833426
-0.1712375076
-0.1693249318
-0.1663511548
-0.1623584017
-0.1570850488
-0.1502709173
-0.1417071872
-0.1313666940
-0.1196340229
-0.1066656740
-0.0926542622
-0.0778655727
-0.0629158273
-0.0488577926
-0.0362937610
-0.0226398843
-0.0010900209
0.0269620375
0.0498949275
0.0666895179
0.0854028494
0.1060249869
0.1240497472
0.1399637696
0.1585889180
0.1810108566
0.2040058658
0.2251581345
0.2404832291
0.2496341171
0.2580309549
0.2667354149
0.2740472201
0.2790829335
0.2794252186
0.2750035242
0.2689143500
0.2627943312
0.2582682736
0.2552124356
0.2506510852
0.2458594817
0.2463422864
0.2526730608
0.2599372158
0.2654442234
0.2664415396
0.2629266371
0.2603166793
0.2592435682
0.2566463841
0.2514528342
0.2418905458
0.2268720173
0.2063494498
0.1801578741
0.1497218326
0.1160890459
0.0808811407
0.0457418303
0.0123759817
-0.0173453455
-0.0419007168
-0.0605336011
-0.0746229335
-0.0850434846
-0.0934189907
-0.1007262370
-0.1068462536
-0.1125369676
-0.1182457085
-0.1234247092
-0.1262257097
-0.1273327238
-0.1309888971
-0.1381961858
-0.1470764523
-0.1571090274
-0.1664613677
-0.1726791938
-0.1727489448
-0.1676524123
-0.1653704133
-0.1673734333
-0.1691682433
-0.1699380222
-0.1688991640
-0.1650791854
-0.1578197415
-0.1465151330
-0.1319226111
-0.1144172043
-0.0948415416
-0.0741150337
-0.0532758514
-0.0334070714
-0.0153141625
0.0003971320
0.0131540615
0.0208513003
0.0199008590
0.0110917901
0.0011937505
-0.0089868280
-0.0240543364
-0.0441791265
-0.0662565317
-0.0871474337
-0.1018260783
-0.1101036382
-0.1183695607
-0.1263935919
-0.1289567436
-0.1261498254
-0.1218194997
-0.1160849701
-0.1058777102
-0.0911121639
-0.0747966184
-0.0589452971
-0.0464040087
-0.0388586601
-0.0350335920
-0.0329273210
-0.0274244258
-0.0188696530
-0.0151059910
-0.0173438235
-0.0220037998
-0.0286267089
-0.0370066007
-0.0467090029
-0.0572111913
-0.0676866003
-0.0776533050
-0.0871820605
-0.0959922207
-0.1005365337
-0.0940558425
-0.0796311862
-0.0750208599
-0.0848370153
-0.0987231167
-0.1078882778
-0.0939663984
-0.0535721076
-0.0082873888
0.0288402388
0.0436529046
0.0433643681
0.0703066075
0.1219751648
0.1504763651
0.1498128888
0.1449472329
0.1407564985
0.1369344746
0.1351415340
0.1347930840
0.1363996084
0.1375584763
0.1376749621
0.1385109782
0.1407646284
0.1439732391
0.1429838949
0.1268153429
0.0988572952
0.0816674724
0.0784091323
0.0742962827
0.0671628565
0.0598699768
0.0534078509
0.0500525259
0.0481112046
0.0408952975
0.0251392672
0.0011880932
-0.0268238302
-0.0477981645
-0.0649981306
-0.0974342145
-0.1408933297
-0.1668029349
-0.1709796460
-0.1712272414
-0.1711822883
-0.1696933065
-0.1665743672
-0.1579956552
-0.1444877161
-0.1298358592
-0.1158765318
-0.1047847326
-0.0976278756
-0.0932030113
-0.0911152092
-0.0898104030
-0.0884590966
-0.0873840808
-0.0866853269
-0.0877637784
-0.0913118832
-0.0972434153
-0.1049321084
-0.1115384257
-0.1155965506
-0.1167301550
-0.1148493309
-0.1122059603
-0.1100425230
-0.1093926005
-0.1105305670
-0.1116269440
-0.1129765704
-0.1162172102
-0.1206725937
-0.1245968143
-0.1303952829
-0.1445483254
-0.1642345852
-0.1745698839
-0.1731674335
-0.1699055236
-0.1667456730
-0.1636134234
-0.1613866701
-0.1596046801
-0.1587363407
-0.1585629053
-0.1589526217
-0.1596378287
-0.1596035387
-0.1567339014
-0.1498336631
-0.1392514500
-0.1261597610
-0.1147152275
-0.1065873702
-0.1010146888
-0.0982898723
-0.0969254087
-0.0950161962
-0.0884179784
-0.0744999758
-0.0545960828
-0.0328748076
-0.0212555780
-0.0221531406
-0.0259749723
-0.0305407548
-0.0348156144
-0.0369996374
-0.0369284846
-0.0336937280
-0.0280151881
-0.0203880821
-0.0116004388
-0.0022025996
0.0068331415
0.0119333457
0.0070357097
-0.0061527280
-0.0149930394
-0.0180649366
-0.0245006844
-0.0352227694
-0.0469917121
-0.0587883376
-0.0683132098
-0.0725699214
-0.0678946443
-0.0563471768
-0.0498180201
-0.0507110603
-0.0523832782
-0.0538305260
-0.0547568203
-0.0551466004
-0.0558945734
-0.0546749400
-0.0469017552
-0.0341269448
-0.0259994409
-0.0241157680
-0.0223867268
-0.0199514360
-0.0176372236
-0.0154455769
-0.0139493026
-0.0130615275
-0.0126227773
-0.0126060277
-0.0126994534
-0.0125841034
-0.0119440754
-0.0113023155
-0.0124085911
-0.0150329472
-0.0167151284
-0.0174197432
-0.0191715869
-0.0219633434
-0.0241263086
-0.0251211104
-0.0250682791
-0.0240632916
-0.0228793913
-0.0218438259
-0.0209030195
-0.0197218553
-0.0167383309
-0.0109398600
-0.0015217290
0.0117443500
0.0272792859
0.0441696818
0.0608675941
0.0756550306
0.0871065183
0.0952170798
0.1028666120
0.1099874040
0.1137278145
0.1137846896
0.1115714022
0.1077013577
0.1030640095
0.0983942070
0.0945325842
0.0926821974
0.0938346565
0.0975069233
0.1005489891
0.1023914241
0.1050223949
0.1085129756
0.1120041544
0.1146657781
0.1146360166
0.1107629401
0.1025034674
0.0897471933
0.0742994588
0.0573080219
0.0404337769
0.0253195775
0.0134993846
0.0065770480
0.0048914005
0.0073355569
0.0092480385
0.0091215387
0.0090359086
0.0096700927
0.0133332028
0.0214068505
0.0336508318
0.0487701714
0.0615447779
0.0702208469
0.0769536155
0.0827067651
0.0904225375
0.1007962563
0.1113297697
0.1211306939
0.1287690475
0.1337795804
0.1377889617
0.1414724484
0.1458476239
0.1510651264
0.1554291822
0.1583361076
0.1593119789
0.1579435081
0.1545672136
0.1492777720
0.1426606330
0.1352590359
0.1278396423
0.1212486674
0.1162523547
0.1131422290
0.1109598017
0.1091345740
0.1068662358
0.1038460513
0.1008244487
0.0979548498
0.0955272701
0.0940538815
0.0943450981
0.0969076173
0.1014064063
0.1071805629
0.1121955221
0.1154687461
0.1172968974
0.1179237289
0.1190463975
0.1213468800
0.1245535448
0.1285880606
0.1321299600
0.1340866631
0.1333748639
0.1303416273
0.1280792650
0.1269035226
0.1245292256
0.1206388182
0.1157266740
0.1098961729
0.1034709490
0.0965802810
0.0893762152
0.0821234741
0.0751299434
0.0686763485
0.0629198220
0.0579486107
0.0539024118
0.0514978541
0.0519567018
0.0545935730
0.0559572077
0.0553439124
0.0547330154
0.0544263263
0.0545048860
0.0551523449
0.0562258786
0.0576658393
0.0588992183
0.0594846960
0.0589317019
0.0568777913
0.0534519297
0.0487969466
0.0436442191
0.0385788108
0.0342638684
0.0312442256
0.0296248952
0.0295855223
0.0309115953
0.0334854405
0.0370959856
0.0414580425
0.0462039520
0.0509496713
0.0553175193
0.0589476032
0.0615748215
0.0629109124
0.0627375881
0.0608631096
0.0572444694
0.0518851606
0.0450009504
0.0367779785
0.0275046321
0.0174877525
0.0070847386
-0.0033373381
-0.0134244783
-0.0228267473
-0.0312278690
-0.0382792760
-0.0437065057
-0.0474466832
-0.0499819101
-0.0516700156
-0.0530330585
-0.0543837558
-0.0555282495
-0.0564059998
-0.0569984687
-0.0580160209
-0.0610600199
-0.0656860446
-0.0687930252
-0.0699118906
-0.0709676610
-0.0722283232
-0.0734358941
-0.0746355968
-0.0757549184
-0.0767709759
-0.0774122912
-0.0774741280
-0.0769449974
-0.0760728965
-0.0756783248
-0.0757287458
-0.0748579052
-0.0722159235
-0.0669354343
-0.0589454928
-0.0502399346
-0.0422931620
-0.0366811824
-0.0328220150
-0.0266495361
-0.0187793841
-0.0146071629
-0.0146235136
-0.0151521111
-0.0154088804
-0.0158717091
-0.0164662583
-0.0174322104
-0.0185130486
-0.0190681737
-0.0187544728
-0.0173005937
-0.0146124873
-0.0110555623
-0.0068210642
-0.0022468774
0.0023209471
0.0065327924
0.0100329337
0.0125647904
0.0138055726
0.0134364286
0.0111982413
0.0069758957
0.0007378418
-0.0072469642
-0.0167764971
-0.0275170944
-0.0391143810
-0.0511591061
-0.0632163286
-0.0748640815
-0.0856823440
-0.0953071876
-0.1033594058
-0.1095546485
-0.1137157544
-0.1160065557
-0.1165786551
-0.1158148411
-0.1139898271
-0.1113015521
-0.1080317221
-0.1047025742
-0.1021329796
-0.1010324176
-0.1001969863
-0.0953055394
-0.0856509826
-0.0750990165
-0.0655711748
-0.0591041210
-0.0553271947
-0.0491328291
-0.0395542952
-0.0287824198
-0.0172610385
-0.0062182429
0.0032581887
0.0101977398
0.0145544384
0.0187648700
0.0235447784
0.0282569795
0.0324534308
0.0345533681
0.0345220217
0.0342323699
0.0341675928
0.0341142828
0.0338499599
0.0321772785
0.0285523335
0.0230603097
0.0162576008
0.0103921443
0.0063821209
0.0038163933
0.0025620626
0.0014685350
0.0003876022
0.0003181003
0.0016032506
0.0047150113
0.0098571095
0.0166549611
0.0250385653
0.0347780181
0.0456174574
0.0572379420
0.0692740740
0.0813483347
0.0930771443
0.1041013343
0.1140489257
0.1226243377
0.1295769001
0.1347605677
0.1378606861
0.1383135764
0.1357187716
0.1298318653
0.1206190836
0.1086944856
0.0945033958
0.0787553393
0.0621766126
0.0455744021
0.0297766675
0.0155359454
0.0036159987
-0.0053898002
-0.0110542667
-0.0136132698
-0.0135126993
-0.0122968296
-0.0112439784
-0.0117352097
-0.0146628023
-0.0193315526
-0.0251126726
-0.0300532408
-0.0333396808
-0.0357764359
-0.0376541112
-0.0401139839
-0.0434398079
-0.0467497476
-0.0497955530
-0.0521487456
-0.0536378505
-0.0546041655
-0.0550310343
-0.0548429066
-0.0538829906
-0.0517185691
-0.0482270826
-0.0435906745
-0.0378373427
-0.0310790002
-0.0234206373
-0.0150002626
-0.0059898078
0.0034240039
0.0130573591
0.0227213129
0.0322018041
0.0412873551
0.0498033835
0.0576437403
0.0647152475
0.0708147305
0.0754723531
0.0782941644
0.0804210447
0.0854990901
0.0943086556
0.1038926263
0.1125502899
0.1177281104
0.1189293387
0.1191499384
0.1185900465
0.1160378361
0.1115194418
0.1054945604
0.0984100924
0.0908858113
0.0833779006
0.0763607848
0.0704173664
0.0660648487
0.0634088391
0.0615454943
0.0598854295
0.0577201051
0.0547432316
0.0516910515
0.0489090743
0.0469394307
0.0457820221
0.0442154613
0.0415211733
0.0368560467
0.0299414800
0.0218384746
0.0130110180
0.0043030923
-0.0033483976
-0.0090764987
-0.0126335147
-0.0154899661
-0.0185193091
-0.0227766039
-0.0286225518
-0.0347404471
-0.0406837662
-0.0456125999
-0.0482625373
-0.0473888145
-0.0436044523
-0.0408887467
-0.0399285589
-0.0382473175
-0.0357429536
-0.0333585786
-0.0316390465
-0.0314019390
-0.0327132242
-0.0344628657
-0.0358922130
-0.0358097099
-0.0337005393
-0.0303930070
-0.0263600903
-0.0227997762
-0.0203235075
-0.0186544303
-0.0177816513
-0.0170784721
-0.0163647997
-0.0158426409
-0.0153698633
-0.0148552533
-0.0144347767
-0.0147409444
-0.0162141467
-0.0192021946
-0.0238028460
-0.0293623622
-0.0355223583
-0.0416324851
-0.0469002655
-0.0506211011
-0.0529920744
-0.0560502741
-0.0603283405
-0.0648177596
-0.0687960344
-0.0706075419
-0.0699817378
-0.0685194210
-0.0664974809
-0.0637767066
-0.0605546625
-0.0569858197
-0.0533506522
-0.0499375121
-0.0469813580
-0.0446626514
-0.0430600485
-0.0419708157
-0.0412695976
-0.0407286940
-0.0402028134
-0.0397380659
-0.0393368783
-0.0391632716
-0.0393432539
-0.0400223027
-0.0412923268
-0.0430768019
-0.0453675495
-0.0481204984
-0.0512903469
-0.0548135272
-0.0586116293
-0.0625978372
-0.0666812947
-0.0707727004
-0.0747792769
-0.0786177306
-0.0822016930
-0.0854509175
-0.0882910273
-0.0906613071
-0.0924956586
-0.0937546163
-0.0944213205
-0.0944890347
-0.0939198970
-0.0926977102
-0.0908844206
-0.0889201367
-0.0875056682
-0.0870960886
-0.0858027489
-0.0786077844
-0.0663885633
-0.0571589728
-0.0513188336
-0.0426846774
-0.0312636711
-0.0215880512
-0.0149654450
-0.0106904992
-0.0081440697
-0.0051829197
-0.0013077829
0.0023737018
0.0058407747
0.0088053699
0.0105471131
0.0098357028
0.0066250336
0.0029741812
-0.0003704840
-0.0035208364
-0.0068737785
-0.0119884581
-0.0182411911
-0.0228518668
-0.0264746214
-0.0328504399
-0.0410422099
-0.0450064279
-0.0436826607
-0.0407510346
-0.0373515709
-0.0344619178
-0.0324737235
-0.0301132837
-0.0273431870
-0.0244930063
-0.0218710501
-0.0203053619
-0.0197846976
-0.0193908564
-0.0189355929
-0.0186142938
-0.0183399276
-0.0179387749
-0.0172297895
-0.0160498395
-0.0143607803
-0.0125099313
-0.0109288150
-0.0100588138
-0.0092031081
-0.0057730723
0.0006647652
0.0078039652
0.0142549346
0.0180590849
0.0189455492
0.0196206378
0.0205441102
0.0211186801
0.0215798553
0.0219965902
0.0222019967
0.0211892688
0.0183468050
0.0136686017
0.0076843861
0.0025900519
-0.0007097369
-0.0025643608
-0.0030168167
-0.0030724260
-0.0030231641
-0.0025682824
-0.0018550720
-0.0009372740
0.0000935718
0.0011512111
0.0022001828
0.0032100641
0.0041460014
0.0049738337
0.0056809878
0.0062713890
0.0066722349
0.0066524991
0.0060555436
0.0047834079
0.0028320479
0.0004698335
-0.0021310292
-0.0047097674
-0.0069991636
-0.0087567398
-0.0098442056
-0.0104588928
-0.0107104170
-0.0108209869
-0.0108896929
-0.0108467537
-0.0108175921
-0.0109338026
-0.0109433475
-0.0098282912
-0.0069334931
-0.0018546416
0.0053836390
0.0133229507
0.0209055736
0.0268451421
0.0307254870
0.0340720175
0.0373361384
0.0405899134
0.0434950022
0.0443055042
0.0426389324
0.0395206984
0.0355932967
0.0322538912
0.0300519908
0.0282788284
0.0266734493
0.0244314290
0.0213858152
0.0182870331
0.0152649519
0.0126266266
0.0111137715
0.0120236005
0.0155560993
0.0198561645
0.0236709519
0.0252692280
0.0240012442
0.0213381330
0.0175715215
0.0131611008
0.0088497539
0.0054108588
0.0031506474
0.0010059804
-0.0015896330
-0.0051583868
-0.0095598244
-0.0131323950
-0.0154502262
-0.0170874748
-0.0183306989
-0.0200835556
-0.0226209112
-0.0255025048
-0.0287023688
-0.0320319749
-0.0353127057
-0.0383679135
-0.0410216787
-0.0431721986
-0.0445180389
-0.0444788227
-0.0427452754
-0.0395601368
-0.0355085811
-0.0321552001
-0.0298968897
-0.0274556976
-0.0241479635
-0.0188765746
-0.0114680470
-0.0035745392
0.0039384504
0.0099066565
0.0136910714
0.0159582087
0.0169496252
0.0175215094
0.0180633376
0.0183011629
0.0183912988
0.0183827886
0.0183405988
0.0183251448
0.0183049926
0.0181767494
0.0178580184
0.0172754105
0.0163927676
0.0152659678
0.0139088599
0.0123675274
0.0106949645
0.0089508384
0.0072059449
0.0055254115
0.0039651814
0.0025775244
0.0014448537
0.0006441879
0.0001291130
-0.0004036606
-0.0011493084
-0.0022643790
-0.0037784012
-0.0053864232
-0.0069521514
-0.0082961617
-0.0091458571
-0.0091062746
-0.0078682479
-0.0053229331
-0.0014809041
0.0031735579
0.0083133918
0.0134332037
0.0179565300
0.0213529280
0.0235184649
0.0254286380
0.0276738083
0.0309133037
0.0353380190
0.0399753518
0.0444097171
0.0480540618
0.0503398371
0.0509320481
0.0495535710
0.0467194492
0.0431008010
0.0400818273
0.0380014490
0.0353903828
0.0314472650
0.0250619516
0.0160798233
0.0064427702
-0.0027510861
-0.0100551454
-0.0147238758
-0.0177520132
-0.0195578288
-0.0212549999
-0.0233042757
-0.0251081416
-0.0266903721
-0.0279009405
-0.0286533739
-0.0290007024
-0.0288967989
-0.0284368453
-0.0276739219
-0.0266853089
-0.0255631023
-0.0244263953
-0.0234370605
-0.0227644222
-0.0223505609
-0.0216461861
-0.0202762227
-0.0178464014
-0.0141907007
-0.0097142949
-0.0045881894
0.0008623042
0.0063164407
0.0114297596
0.0157670688
0.0189567186
0.0209526224
0.0224953448
0.0240757708
0.0262891442
0.0294051102
0.0329172448
0.0366797210
0.0403638528
0.0436136935
0.0461008333
0.0476554338
0.0486693937
0.0493877574
0.0502342007
0.0514336582
0.0528278333
0.0544673826
0.0563287705
0.0583845219
0.0605937765
0.0628792925
0.0651699505
0.0673956723
0.0694856397
0.0713641293
0.0729780620
0.0742831528
0.0752558667
0.0758185862
0.0758159263
0.0751563697
0.0738178244
0.0718340496
0.0694222534
0.0667046015
0.0639451082
0.0615978606
0.0601500651
0.0591386411
0.0561472685
0.0498471845
0.0400385322
0.0277268616
0.0173818048
0.0105431297
0.0057671449
0.0024717901
-0.0016690347
-0.0072373719
-0.0126849862
-0.0176784364
-0.0215387361
-0.0239739685
-0.0254832303
-0.0262069627
-0.0266724134
-0.0271182150
-0.0273830082
-0.0275614064
-0.0276774307
-0.0277598568
-0.0278417508
-0.0279580981
-0.0281641571
-0.0283186902
-0.0278890620
-0.0265183950
-0.0239267390
-0.0200436238
-0.0154079375
-0.0103286143
-0.0053000693
-0.0008476265
0.0025446051
0.0046609640
0.0060768237
0.0071553978
0.0084889168
0.0103754849
0.0125435257
0.0150250611
0.0177324536
0.0205696551
0.0234198876
0.0261275022
0.0285550581
0.0305656051
0.0320741930
0.0329693011
0.0331390574
0.0325166023
0.0311315990
0.0290504560
0.0265080891
0.0237091675
0.0209222661
0.0184139701
0.0164118090
0.0150946471
0.0144638905
0.0145518341
0.0152493723
0.0164695541
0.0179376910
0.0191807923
0.0197412894
0.0203009371
0.0234324203
0.0295714925
0.0364121887
0.0425655366
0.0460684697
0.0466476237
0.0470197481
0.0476715181
0.0480026037
0.0481664668
0.0481299969
0.0479700173
0.0475836914
0.0468306347
0.0456155631
0.0439374571
0.0421119635
0.0403487974
0.0389054212
0.0379335787
0.0372988700
0.0369453407
0.0366809833
0.0364229089
0.0362324106
0.0360739827
0.0359330326
0.0357998854
0.0356672747
0.0355372053
0.0354065887
0.0352698021
0.0351093679
0.0349594943
0.0349645996
0.0352248928
0.0358190426
0.0367647858
0.0379107622
0.0391715745
0.0404165245
0.0415085662
0.0423269123
0.0427996140
0.0430233803
0.0430513758
0.0430047853
0.0429531324
0.0428592813
0.0427363649
0.0425788237
0.0424281678
0.0424252155
0.0426571916
0.0432008708
0.0440772896
0.0451423266
0.0462927955
0.0474060650
0.0484249895
0.0493356044
0.0498664668
0.0493007163
0.0472204196
0.0437543639
0.0394937151
0.0361311966
0.0338120172
0.0304404468
0.0249699741
0.0166965473
0.0063175761
-0.0023448276
-0.0080592876
-0.0119027282
-0.0142772463
-0.0169095198
-0.0201114515
-0.0225708535
-0.0241408241
-0.0248416011
-0.0246740153
-0.0239442855
-0.0226673056
-0.0207874780
-0.0183479486
-0.0153970721
-0.0119962779
-0.0082161258
-0.0041221751
0.0002126153
0.0047124191
0.0092992570
0.0138945723
0.0184184612
0.0227871933
0.0269170384
0.0307370871
0.0341985097
0.0372585231
0.0398477987
0.0418221502
0.0430598975
0.0438609548
0.0452193879
0.0473844658
0.0496771243
0.0517264469
0.0529416250
0.0533166068
0.0538237545
0.0546482681
0.0555155655
0.0564393785
0.0573716413
0.0583266250
0.0592412467
0.0598765774
0.0600284757
0.0602469181
0.0623025550
0.0665049210
0.0712098219
0.0754353379
0.0778382216
0.0782236395
0.0784780715
0.0789401311
0.0791833247
0.0792875710
0.0792160302
0.0791077463
0.0791260759
0.0791005724
0.0783431235
0.0763548487
0.0726641407
0.0670553646
0.0599760754
0.0516096510
0.0423404058
0.0325913811
0.0228483693
0.0136104983
0.0052583685
-0.0018836472
-0.0074849614
-0.0107076257
-0.0104298018
-0.0074201722
-0.0052729217
-0.0046682982
-0.0033165240
-0.0009867231
0.0014527964
0.0028580881
0.0008076398
-0.0049306377
-0.0114479015
-0.0173007378
-0.0211616654
-0.0229236782
-0.0252094707
-0.0282484040
-0.0306141867
-0.0321671015
-0.0331900545
-0.0339995855
-0.0352401162
-0.0370516003
-0.0388700672
-0.0401932187
-0.0406754090
-0.0416426541
-0.0465614597
-0.0544722176
-0.0587358258
-0.0582591453
-0.0570029884
-0.0557880009
-0.0548257961
-0.0542876421
-0.0532554561
-0.0514629546
-0.0484114666
-0.0438926426
-0.0384404584
-0.0322239999
-0.0256308032
-0.0190339406
-0.0128455559
-0.0075857742
-0.0036912139
-0.0012316687
0.0006168297
0.0023387586
0.0043957390
0.0068904444
0.0089532755
0.0102460605
0.0105187451
0.0095669897
0.0076314834
0.0048275259
0.0016345413
-0.0014785201
-0.0039829805
-0.0056079074
-0.0067318690
-0.0075426500
-0.0084722840
-0.0097120672
-0.0110237296
-0.0124065565
-0.0137365296
-0.0148413484
-0.0155707046
-0.0161089111
-0.0173012519
-0.0193224590
-0.0215209796
-0.0235012445
-0.0246409777
-0.0248677699
-0.0250240752
-0.0252655352
-0.0254104130
-0.0254996998
-0.0255130154
-0.0254880515
-0.0254675684
-0.0254668270
-0.0254817440
-0.0254650551
-0.0253521463
-0.0252906312
-0.0258426921
-0.0274036605
-0.0303308682
-0.0347606760
-0.0402346382
-0.0465230591
-0.0532217763
-0.0599224251
-0.0661955775
-0.0715493678
-0.0755818923
-0.0781163585
-0.0795839276
-0.0802621697
-0.0806220521
-0.0809326018
-0.0810573594
-0.0810851527
-0.0810408037
-0.0809900443
-0.0810918679
-0.0814320788
-0.0820805744
-0.0830521656
-0.0842153616
-0.0854932305
-0.0867568028
-0.0878668349
-0.0886951226
-0.0892191805
-0.0897044482
-0.0903214610
-0.0912972327
-0.0927515156
-0.0945254829
-0.0965397819
-0.0986074847
-0.1005777810
-0.1024480698
-0.1043688267
-0.1063347661
-0.1069757332
-0.1032855022
-0.0959601903
-0.0904491200
-0.0871674584
-0.0820699224
-0.0751954359
-0.0693879190
-0.0654378667
-0.0628224908
-0.0610453984
-0.0586151603
-0.0551032658
-0.0511822847
-0.0468848682
-0.0424282325
-0.0379875928
-0.0337943914
-0.0302392071
-0.0276719342
-0.0260221400
-0.0242822516
-0.0218749719
-0.0184957041
-0.0143238055
-0.0108536727
-0.0085800772
-0.0072110298
-0.0066782262
-0.0063297806
-0.0060180770
-0.0059087772
-0.0056787648
-0.0051051637
-0.0049826285
-0.0077384743
-0.0137609024
-0.0205727619
-0.0267027958
-0.0302403788
-0.0308808461
-0.0313386508
-0.0320924637
-0.0325254069
-0.0327712956
-0.0327773224
-0.0326902115
-0.0326392867
-0.0325996787
-0.0324805679
-0.0322211303
-0.0317811034
-0.0311414513
-0.0303471184
-0.0294113100
-0.0283781047
-0.0272916819
-0.0261993693
-0.0251641514
-0.0242350998
-0.0234409001
-0.0227916082
-0.0223732412
-0.0224124231
-0.0230688237
-0.0244621815
-0.0266261624
-0.0293443180
-0.0324846671
-0.0358368458
-0.0391900761
-0.0423278092
-0.0450027982
-0.0470112276
-0.0482638069
-0.0489808867
-0.0493008973
-0.0494575623
-0.0495709204
-0.0495738484
-0.0495681695
-0.0496453441
-0.0496500687
-0.0489533822
-0.0471541825
-0.0440184445
-0.0395836840
-0.0347376938
-0.0300429816
-0.0261938551
-0.0237339541
-0.0227037171
-0.0232187286
-0.0248981962
-0.0274762671
-0.0305276135
-0.0335643446
-0.0360762138
-0.0376834574
-0.0384295996
-0.0382867445
-0.0374974835
-0.0361823933
-0.0343791015
-0.0322322965
-0.0299066385
-0.0275728973
-0.0253939139
-0.0235168980
-0.0220560025
-0.0211297587
-0.0208127893
-0.0211511267
-0.0220697667
-0.0234673728
-0.0250778395
-0.0266576806
-0.0279303777
-0.0287356943
-0.0292082063
-0.0294044204
-0.0295086919
-0.0296005352
-0.0296241273
-0.0296230155
-0.0296123698
-0.0295864097
-0.0294821359
-0.0292459452
-0.0288285125
-0.0282049505
-0.0274245268
-0.0265078052
-0.0254970779
-0.0244360923
-0.0233722463
-0.0223583322
-0.0214426008
-0.0206672310
-0.0200762709
-0.0197152990
-0.0195689364
-0.0194873950
-0.0190089121
-0.0178495534
-0.0158781976
-0.0131031046
-0.0100767153
-0.0071519615
-0.0047563752
-0.0032248106
-0.0025687579
-0.0028839268
-0.0040297203
-0.0059493374
-0.0086035547
-0.0118840588
-0.0156553066
-0.0197650399
-0.0240524169
-0.0283560437
-0.0325030727
-0.0363028293
-0.0396150707
-0.0423832682
-0.0446286483
-0.0460171444
-0.0455891354
-0.0428281223
-0.0379746465
-0.0318731761
-0.0269244379
-0.0235962924
-0.0196678603
-0.0140692098
-0.0057552013
0.0046831524
0.0133085157
0.0189427725
0.0226995909
0.0250550629
0.0279159864
0.0317574496
0.0354388306
0.0387751012
0.0413215349
0.0428944459
0.0438413633
0.0442576445
0.0445030125
0.0447324901
0.0448328582
0.0448740958
0.0448714720
0.0448568911
0.0448832958
0.0449725416
0.0451479520
0.0454243951
0.0457874961
0.0462370813
0.0467614232
0.0473489572
0.0479894235
0.0486659637
0.0493618572
0.0500589661
0.0507375716
0.0513821829
0.0519803074
0.0525114738
0.0529605678
0.0533281439
0.0536265367
0.0538019926
0.0536773259
0.0531462688
0.0521575268
0.0507321033
0.0491528581
0.0476387960
0.0464554769
0.0456879103
0.0449959607
0.0441984032
0.0430528923
0.0415072557
0.0399031153
0.0383419022
0.0369645651
0.0361149215
0.0364815812
0.0385345540
0.0424121917
0.0480037362
0.0542091513
0.0602136414
0.0650412678
0.0681272359
0.0699775729
0.0707920523
0.0712625586
0.0716920749
0.0718611890
0.0719414853
0.0720286624
0.0720338159
0.0714660556
0.0699616239
0.0672305171
0.0631996002
0.0584213682
0.0532155145
0.0480735140
0.0434775834
0.0398372526
0.0375268242
0.0366001838
0.0371077670
0.0387542759
0.0412859373
0.0442623053
0.0472128881
0.0496360316
0.0511920281
0.0519829366
0.0520204158
0.0515591498
0.0507053253
0.0494077870
0.0477461882
0.0457879887
0.0436093920
0.0412854977
0.0388817834
0.0364759704
0.0341455548
0.0319523883
0.0299531793
0.0282097045
0.0268051927
0.0258187456
0.0251871016
0.0245445969
0.0236387757
0.0222221625
0.0201921416
0.0178433160
0.0153161461
0.0128389461
0.0106128248
0.0087884077
0.0076308557
0.0075013369
0.0086588837
0.0111738072
0.0150024353
0.0196623557
0.0248018799
0.0299118394
0.0344612242
0.0379813491
0.0402113154
0.0415153519
0.0421015500
0.0424124459
0.0426847717
0.0427917493
0.0428229928
0.0428027813
0.0427562714
0.0427161726
0.0426897646
0.0426950788
0.0426803198
0.0424534741
0.0418719693
0.0407916017
0.0391474160
0.0370720939
0.0346250533
0.0319196312
0.0290724766
0.0262164217
0.0234902329
0.0210261777
0.0189696587
0.0174383285
0.0164783820
0.0159280396
0.0156334879
0.0153596707
0.0151660181
0.0157033414
0.0173198490
0.0202322250
0.0244016077
0.0289694312
0.0333530489
0.0368507978
0.0391013790
0.0405422095
0.0411705453
0.0409407374
0.0396948322
0.0369192192
0.0325745471
0.0271413258
0.0208809378
0.0142227962
0.0075656333
0.0013334716
-0.0039912812
-0.0080080876
-0.0105502098
-0.0120884131
-0.0129351632
-0.0135866568
-0.0143256114
-0.0149969428
-0.0156879116
-0.0164129020
-0.0171791876
-0.0179811203
-0.0187810745
-0.0195557137
-0.0202930796
-0.0209689701
-0.0214886538
-0.0217341406
-0.0219177433
-0.0229133714
-0.0252721088
-0.0293426724
-0.0351120631
-0.0414124198
-0.0474786076
-0.0523675006
-0.0554950416
-0.0572520496
-0.0577513790
-0.0576258838
-0.0571791810
-0.0563110952
-0.0552133780
-0.0540410737
-0.0529897603
-0.0522454061
-0.0517674758
-0.0510963234
-0.0499771541
-0.0483111348
-0.0462220977
-0.0444695156
-0.0433300968
-0.0426646253
-0.0424370447
-0.0422917594
-0.0421299116
-0.0420622238
-0.0420380121
-0.0420447548
-0.0420683623
-0.0421050196
-0.0421293086
-0.0420375923
-0.0417524276
-0.0411907767
-0.0403117660
-0.0391764395
-0.0378017572
-0.0362369955
-0.0345430730
-0.0327876827
-0.0310289580
-0.0293029154
-0.0276576272
-0.0262169263
-0.0252112298
-0.0247511229
-0.0241603301
-0.0217601507
-0.0179548660
-0.0158787711
-0.0160347278
-0.0166113196
-0.0173626473
-0.0184773652
-0.0199199698
-0.0217658700
-0.0238966009
-0.0261637647
-0.0284854032
-0.0308033689
-0.0330603175
-0.0351874130
-0.0371185544
-0.0387955568
-0.0401463980
-0.0411079378
-0.0417137219
-0.0422019964
-0.0427399512
-0.0435064435
-0.0445840207
-0.0458096578
-0.0471214316
-0.0484027096
-0.0495470330
-0.0504682417
-0.0510473192
-0.0511698660
-0.0507563459
-0.0498392259
-0.0484873797
-0.0469558016
-0.0454605455
-0.0442508979
-0.0434728101
-0.0430071658
-0.0428034836
-0.0426850270
-0.0425642310
-0.0424973113
-0.0424835408
-0.0425587869
-0.0425980875
-0.0421612192
-0.0409800664
-0.0388928469
-0.0359180906
-0.0326585457
-0.0295201007
-0.0270008016
-0.0253873573
-0.0244146761
-0.0239831497
-0.0237309252
-0.0234929461
-0.0233835003
-0.0233323357
-0.0233217395
-0.0233293698
-0.0233290334
-0.0233239554
-0.0233216141
-0.0233212453
-0.0233199775
-0.0233094818
-0.0232894585
-0.0232890011
-0.0233492469
-0.0233683300
-0.0229568107
-0.0218642755
-0.0199325558
-0.0171686281
-0.0141301412
-0.0112220597
-0.0089533908
-0.0074875024
-0.0061551127
-0.0045837182
-0.0022611836
0.0009609418
0.0043591517
0.0075183972
0.0099022383
0.0114861801
0.0132477425
0.0153921584
0.0175819222
0.0195661279
0.0206968511
0.0209545069
0.0211188159
0.0213421631
0.0214748069
0.0215735501
0.0216507854
0.0216762644
0.0214136459
0.0206711868
0.0192720856
0.0171509670
0.0145294654
0.0115168010
0.0083064391
0.0050916792
0.0020794486
-0.0004853925
-0.0023931996
-0.0035917743
-0.0044193910
-0.0051071912
-0.0059628773
-0.0071192702
-0.0083403841
-0.0095773075
-0.0107942248
-0.0120518470
-0.0133151664
-0.0137817071
-0.0118301519
-0.0079898973
-0.0057411455
-0.0056617590
-0.0056274394
-0.0053004905
-0.0048901163
-0.0045809758
-0.0052291067
-0.0071490799
-0.0102412212
-0.0141366698
-0.0174345170
-0.0196032320
-0.0209956764
-0.0217321112
-0.0225457437
-0.0236615873
-0.0247819091
-0.0259532417
-0.0271305251
-0.0282857110
-0.0293727983
-0.0302979892
-0.0309900671
-0.0314191014
-0.0316610186
-0.0317611343
-0.0318049092
-0.0318427776
-0.0318487232
-0.0318350932
-0.0318108098
-0.0317845317
-0.0317612295
-0.0317391118
-0.0317169142
-0.0316942001
-0.0316714112
-0.0316482115
-0.0316249297
-0.0316017943
-0.0315799871
-0.0315601631
-0.0315407568
-0.0315184840
-0.0315013763
-0.0314939901
-0.0314829550
-0.0314404858
-0.0313671875
-0.0313590335
-0.0315535597
-0.0316542248
-0.0305153276
-0.0274839175
-0.0225741605
-0.0164586710
-0.0115033155
-0.0081923819
-0.0046164916
0.0001230340
0.0070594362
0.0157784543
0.0230190355
0.0277362890
0.0304980838
0.0314831489
0.0321415702
0.0328789067
0.0332490482
0.0334326304
0.0334758172
0.0334646285
0.0334668687
0.0334814938
0.0335013630
0.0335152585
0.0335311061
0.0335523407
0.0335758988
0.0335992937
0.0336217328
0.0336437904
0.0336663422
0.0336899251
0.0337132320
0.0337332871
0.0337495610
0.0337700300
0.0338083156
0.0338399147
0.0337638608
0.0335060345
0.0330047735
0.0322382969
0.0312889115
0.0301966339
0.0290302975
0.0278597389
0.0267641287
0.0258350194
0.0251524847
0.0247281266
0.0244058301
0.0240829731
0.0236267997
0.0229695761
0.0221991290
0.0213342237
0.0204206731
0.0195071628
0.0186505330
0.0179219755
0.0173861461
0.0170557132
0.0168141158
0.0165810975
0.0162477699
0.0157565872
0.0151575174
0.0144470105
0.0136487635
0.0127841716
0.0118763784
0.0109650762
0.0100886324
0.0092839870
0.0085793632
0.0079913352
0.0075211955
0.0072397323
0.0073573594
0.0080129541
0.0092923212
0.0111964360
0.0134767284
0.0159831719
0.0184780844
0.0206900495
0.0223695386
0.0234469491
0.0243250934
0.0252468574
0.0265059104
0.0282040172
0.0299681819
0.0316314260
0.0329479243
0.0337865776
0.0343006868
0.0345370062
0.0346798108
0.0348070423
0.0348598495
0.0349013585
0.0349827645
0.0350229111
0.0346618745
0.0336381484
0.0317150281
0.0288028014
0.0252025644
0.0210696380
0.0166681187
0.0122531284
0.0081078663
0.0045876957
0.0020000101
0.0003628901
-0.0009808695
-0.0024231207
-0.0042719753
-0.0065188473
-0.0083435032
-0.0095158386
-0.0101897268
-0.0104147350
-0.0105644859
-0.0107368333
-0.0108159610
-0.0108487640
-0.0108497206
-0.0108387535
-0.0108288357
-0.0108238571
-0.0108353227
-0.0108396735
-0.0107437874
-0.0104813011
-0.0099922118
-0.0092554570
-0.0083606354
-0.0073492475
-0.0062627597
-0.0051232826
-0.0040063216
-0.0031490885
-0.0028321729
-0.0025833862
-0.0004491158
0.0046373756
0.0127334455
0.0229780651
0.0316931382
0.0374129291
0.0408121941
0.0420413498
0.0428517825
0.0437514223
0.0441819063
0.0443881794
0.0444500662
0.0444246472
0.0441939968
0.0436168054
0.0426051934
0.0411595996
0.0395746480
0.0380587267
0.0368677954
0.0361041476
0.0355065917
0.0349294274
0.0341080508
0.0329263684
0.0315241712
0.0299029020
0.0281329517
0.0262834568
0.0244273428
0.0226399685
0.0210076701
0.0196762731
0.0187912531
0.0182166889
0.0172175843
0.0153138504
0.0121275250
0.0075903476
0.0026540623
-0.0019459970
-0.0053412729
-0.0076637256
-0.0109536646
-0.0156398421
-0.0206342243
-0.0251292379
-0.0274184453
-0.0272190268
-0.0262223653
-0.0247467577
-0.0226892198
-0.0202962146
-0.0177764814
-0.0154730185
-0.0136943247
-0.0125769416
-0.0119283627
-0.0116345010
-0.0114761914
-0.0113395729
-0.0112921381
-0.0112845589
-0.0112985185
-0.0113214210
-0.0113437690
-0.0113668415
-0.0113873510
-0.0114057108
-0.0114237016
-0.0114420880
-0.0114609445
-0.0114800320
-0.0114993372
-0.0115189848
-0.0115390618
-0.0115592914
-0.0115792587
-0.0115988375
-0.0116198584
-0.0116442150
-0.0116712665
-0.0116930835
-0.0117056505
-0.0117297163
-0.0118013978
-0.0118504155
-0.0115920550
-0.0108230200
-0.0093616548
-0.0071383451
-0.0043850708
-0.0012199226
0.0021519686
0.0055265630
0.0086865996
0.0113797517
0.0133955677
0.0146564090
0.0154361802
0.0159231283
0.0163955664
0.0170011226
0.0176341262
0.0183367428
0.0191023611
0.0198984702
0.0206692942
0.0213569507
0.0219852643
0.0226659893
0.0234169661
0.0235898220
0.0217618935
0.0184328768
0.0167467137
0.0173308268
0.0185496594
0.0201915375
0.0222306081
0.0245056655
0.0268924632
0.0290818762
0.0307761202
0.0318320810
0.0324345762
0.0326959871
0.0328311146
0.0329483005
0.0329820102
0.0329765676
0.0329424117
0.0329010592
0.0328844518
0.0328621563
0.0327023117
0.0323055614
0.0315796622
0.0304825516
0.0291017089
0.0274734918
0.0256744653
0.0237831392
0.0218865914
0.0200790129
0.0184479585
0.0170802792
0.0160399760
0.0153771851
0.0150968999
0.0152052993
0.0156529771
0.0163900527
0.0173271344
0.0183735660
0.0194204354
0.0203592346
0.0210952740
0.0215483038
0.0216965095
0.0215131841
0.0210152028
0.0202124028
0.0191339911
0.0178226735
0.0163300174
0.0147057929
0.0130147452
0.0113230581
0.0096915767
0.0081781160
0.0068411613
0.0057434347
0.0049287345
0.0043994337
0.0040641342
0.0038834151
0.0038461232
0.0039546643
0.0042825107
0.0048332158
0.0055488298
0.0064049716
0.0073517929
0.0083477284
0.0093474704
0.0103062847
0.0111751238
0.0118779618
0.0123445711
0.0126304023
0.0130482256
0.0138110117
0.0151213964
0.0170478558
0.0193107818
0.0217709605
0.0242000459
0.0263572847
0.0280226107
0.0290666594
0.0296636606
0.0299135764
0.0300331899
0.0301398383
0.0301658798
0.0301465305
0.0300990670
0.0300564349
0.0300545279
0.0300310107
0.0297633456
0.0291123327
0.0279934943
0.0264069202
0.0246645489
0.0230037500
0.0217132411
0.0208580205
0.0199926975
0.0189068780
0.0174053855
0.0154899054
0.0137786837
0.0127211935
0.0128874218
0.0143513961
0.0161083369
0.0176544655
0.0185486586
0.0186681382
0.0187662837
0.0189561917
0.0190503634
0.0190938880
0.0190790896
0.0190342843
0.0189456366
0.0187800789
0.0184951225
0.0180685387
0.0175229986
0.0168585917
0.0160802624
0.0151960915
0.0142182733
0.0131631962
0.0120505753
0.0109000505
0.0097275986
0.0085523915
0.0073939047
0.0062772002
0.0052306394
0.0042630129
0.0033612467
0.0025126709
0.0017681561
0.0013002453
0.0012482474
0.0010306617
-0.0010300657
-0.0051626877
-0.0096664622
-0.0137816131
-0.0169779569
-0.0194614194
-0.0230359755
-0.0276840979
-0.0315680371
-0.0341158554
-0.0352794906
-0.0350082837
-0.0339039895
-0.0321081792
-0.0296169875
-0.0266263316
-0.0233599288
-0.0200643163
-0.0169896066
-0.0143738687
-0.0124095951
-0.0111842622
-0.0104886722
-0.0101851351
-0.0100400174
-0.0099200503
-0.0098904221
-0.0099044297
-0.0099451859
-0.0099922821
-0.0100064178
-0.0099700990
-0.0098610928
-0.0096696467
-0.0094036630
-0.0090609187
-0.0086486838
-0.0081765228
-0.0076538799
-0.0070926442
-0.0065045833
-0.0059008299
-0.0052947862
-0.0047034084
-0.0041367855
-0.0036042275
-0.0031225589
-0.0027048797
-0.0023534468
-0.0020726038
-0.0018687801
-0.0017596422
-0.0017841269
-0.0019725275
-0.0028993633
-0.0035303309
-0.0043148490
-0.0052307430
-0.0062385761
-0.0072929386
-0.0083480408
-0.0093556218
-0.0102713507
-0.0110501143
-0.0116556470
-0.0120574871
-0.0122470276
-0.0122164208
-0.0119728515
-0.0115295055
-0.0109156409
-0.0101628823
-0.0093142576
-0.0084110889
-0.0075049009
-0.0066582398
-0.0059155284
-0.0052884960
-0.0047692434
-0.0044813389
-0.0047803959
-0.0058809432
-0.0078747672
-0.0107099062
-0.0138306732
-0.0168361312
-0.0192467090
-0.0207848806
-0.0217015372
-0.0221106514
-0.0223698240
-0.0225949847
-0.0225465948
-0.0222009305
-0.0214864713
-0.0203786279
-0.0189873336
-0.0173563079
-0.0155655638
-0.0136932449
-0.0118160007
-0.0100086504
-0.0083724336
-0.0070862482
-0.0062924921
-0.0057238602
-0.0044309431
-0.0022063819
0.0002192804
0.0023755115
0.0034580010
0.0033009738
0.0027568222
0.0019556955
0.0007556185
-0.0007844799
-0.0026393369
-0.0047120683
-0.0068991746
-0.0091336867
-0.0113543574
-0.0134929793
-0.0154844766
-0.0172630305
-0.0187783096
-0.0199924647
-0.0208852728
-0.0213887763
-0.0213531101
-0.0206760053
-0.0192934312
-0.0172054002
-0.0146083200
-0.0116429529
-0.0085099293
-0.0053986719
-0.0025088226
-0.0000665990
0.0017447130
0.0028592790
0.0035205060
0.0038879417
0.0042067056
0.0046137075
0.0050245567
0.0054740112
0.0059612240
0.0064813401
0.0070223222
0.0075580612
0.0080659569
0.0085202361
0.0088987114
0.0091788162
0.0093468223
0.0094022001
0.0093776736
0.0092941467
0.0091850774
0.0090690450
0.0089372550
0.0087968242
0.0086548818
0.0085127763
0.0083671640
0.0082184412
0.0080702370
0.0079230329
0.0077732582
0.0076220392
0.0074716715
0.0073205114
0.0071686062
0.0070141805
0.0068582513
0.0066998148
0.0065385057
0.0063838214
0.0062493005
0.0061005462
0.0057996850
0.0052522147
0.0043740143
0.0031392615
0.0016666312
0.0000191665
-0.0017019309
-0.0034035505
-0.0049821098
-0.0062985178
-0.0072309847
-0.0078194260
-0.0084518820
-0.0093428436
-0.0105952309
-0.0121311148
-0.0133761796
-0.0141392933
-0.0145249002
-0.0145570174
-0.0144870678
-0.0143857051
-0.0141789572
-0.0138995875
-0.0135598984
-0.0131796039
-0.0127749570
-0.0123510954
-0.0119126965
-0.0114640814
-0.0110103842
-0.0105560866
-0.0101066136
-0.0096687140
-0.0092497535
-0.0088524237
-0.0084790272
-0.0081362500
-0.0078279715
-0.0075570716
-0.0073267060
-0.0071378838
-0.0069896585
-0.0068824147
-0.0068055748
-0.0067489840
-0.0067009083
-0.0066541196
-0.0066097465
-0.0065671058
-0.0065261819
-0.0064845592
-0.0064403340
-0.0063948794
-0.0063486941
-0.0063037345
-0.0062597492
-0.0062145547
-0.0061617009
-0.0061108056
-0.0061012715
-0.0061597215
-0.0063118853
-0.0065667897
-0.0068954924
-0.0072836324
-0.0077069630
-0.0081414720
-0.0085631750
-0.0089486758
-0.0092740589
-0.0095051870
-0.0096101872
-0.0096191236
-0.0096958712
-0.0099493757
-0.0104733207
-0.0112909091
-0.0122498654
-0.0132732793
-0.0142425090
-0.0150362795
-0.0155509415
-0.0157394939
-0.0157238269
-0.0155793126
-0.0154317552
-0.0153445590
-0.0152703414
-0.0152249853
-0.0152023946
-0.0151928349
-0.0151862205
-0.0151655660
-0.0151153788
-0.0150197898
-0.0148683247
-0.0146532299
-0.0143705067
-0.0140061165
-0.0135284073
-0.0129182633
-0.0121632204
-0.0112648638
-0.0102628070
-0.0091810685
-0.0080569347
-0.0069283794
-0.0058326827
-0.0048038666
-0.0038721409
-0.0030745040
-0.0024447498
-0.0019601561
-0.0014822754
-0.0009193214
-0.0001763633
0.0007856837
0.0018843782
0.0030920836
0.0043523308
0.0056091146
0.0068076482
0.0078909918
0.0088097543
0.0095146913
0.0099732357
0.0101867194
0.0102307365
0.0101570628
0.0100349448
0.0099027600
0.0097461084
0.0095787714
0.0094060963
0.0092311635
0.0090573421
0.0088850151
0.0087144465
0.0085455053
0.0083774757
0.0082102239
0.0080433265
0.0078775030
0.0077133673
0.0075504459
0.0073887029
0.0072279733
0.0070684810
0.0069101338
0.0067530790
0.0065972093
0.0064427085
0.0062894943
0.0061376829
0.0059870439
0.0058376332
0.0056895417
0.0055435466
0.0053987652
0.0052513393
0.0050983754
0.0049369460
0.0047667556
0.0045904947
0.0044086053
0.0042220994
0.0040328505
0.0038423898
0.0036519473
0.0034631835
0.0032776860
0.0030969006
0.0029219470
0.0027536012
0.0025927772
0.0024404667
0.0022973590
0.0021638727
0.0020403559
0.0019269435
0.0018237742
0.0017306279
0.0016473836
0.0015735629
0.0015086168
0.0014522212
0.0014040344
0.0013632880
0.0013287093
0.0012981603
0.0012697635
0.0012415952
0.0012126539
0.0011833970
0.0011537184
0.0011232791
0.0010918878
0.0010595703
0.0010263525
0.0009922829
0.0009573421
0.0009215573
0.0008849104
0.0008474360
0.0008091224
0.0007700018
0.0007300624
0.0006893339
0.0006478095
0.0006055151
0.0005624465
0.0005186321
0.0004740703
0.0004287832
0.0003827615
0.0003360225
0.0002885631
0.0002404345
0.0001916525
0.0001420787
0.0000919334
0.0000422665
-0.0000063644
-0.0000536033
-0.0000996212
-0.0001454032
-0.0001914516
-0.0002383639
-0.0002866485
-0.0003367160
-0.0003888578
-0.0004432713
-0.0005000733
-0.0005592798
-0.0006208092
-0.0006844517
-0.0007499788
-0.0008171211
-0.0008854924
-0.0009544382
-0.0010235295
-0.0010923908
-0.0011608417
-0.0012289358
-0.0012966369
-0.0013639296
-0.0014307966
-0.0014972270
-0.0015632915
-0.0016291682
-0.0016949093
-0.0017604961
-0.0018258406
-0.0018907360
-0.0019551064
-0.0020188961
-0.0020820976
-0.0021447546
-0.0022069564
-0.0022688738
-0.0023305972
-0.0023921966
-0.0024536877
-0.0025150361
-0.0025762413
-0.0026373008
-0.0026982151
-0.0027589887
-0.0028196286
-0.0028801426
-0.0029405380
-0.0030008232
-0.0030610033
-0.0031210836
-0.0031810629
-0.0032409415
-0.0033007118
-0.0033603667
-0.0034198974
-0.0034792940
-0.0035385467
-0.0035976481
-0.0036565870
-0.0037153547
-0.0037739439
-0.0038323433
-0.0038905469
-0.0039485460
