-0.0007043114
-0.0006893665
-0.0006744398
-0.0006597410
-0.0006448946
-0.0006300991
-0.0006152351
-0.0005985858
-0.0005816373
-0.0005676605
-0.0005536398
-0.0005361289
-0.0005202215
-0.0005073796
-0.0004925320
-0.0004781573
-0.0004647716
-0.0004474079
-0.0004302539
-0.0004152648
-0.0003953502
-0.0003761812
-0.0003638678
-0.0003558012
-0.0003434063
-0.0003289941
-0.0003122586
-0.0002954551
-0.0002799182
-0.0002744005
-0.0002665393
-0.0002331872
-0.0001726270
-0.0001405210
-0.0001564747
-0.0001568110
-0.0001148980
-0.0000770984
-0.0000838249
-0.0000996775
-0.0000890505
-0.0000799718
-0.0000766109
-0.0000521636
-0.0000247134
-0.0000225784
-0.0000488237
-0.0000435858
0.0000390539
0.0001193353
0.0001078556
0.0001176321
0.0001320677
0.0000966188
0.0000813591
0.0000887303
0.0001284480
0.0002157688
0.0002195365
0.0001680555
0.0002044058
0.0002853508
0.0003078868
0.0002784386
0.0002764925
0.0003293618
0.0003660190
0.0003265358
0.0002877988
0.0002768594
0.0002826555
0.0002849981
0.0004084678
0.0006015456
0.0005641660
0.0004072171
0.0003958391
0.0005080923
0.0005239366
0.0005116815
0.0005071748
0.0004960949
0.0004636803
0.0004367707
0.0004351332
0.0003590829
0.0002882511
0.0003333283
0.0004223498
0.0004922997
0.0005188036
0.0004842020
0.0005217872
0.0005763526
0.0006441961
0.0006121993
0.0005625803
0.0006018250
0.0005857679
0.0005270723
0.0004619077
0.0005730382
0.0007772274
0.0007494614
0.0006712809
0.0007848445
0.0009364379
0.0009120825
0.0007277199
0.0006634211
0.0007809949
0.0009592863
0.0009852272
0.0007737943
0.0006022149
0.0005972435
0.0005363235
0.0004413785
0.0004270388
0.0005344762
0.0006934703
0.0007623352
0.0008731063
0.0010586872
0.0010384685
0.0010198083
0.0011273301
0.0010544315
0.0008804155
0.0007933507
0.0007115450
0.0006055691
0.0005825325
0.0006250800
0.0007802460
0.0007983761
0.0006622378
0.0007456087
0.0008983149
0.0008835956
0.0008299273
0.0007942376
0.0006691344
0.0005158773
0.0005858537
0.0007285742
0.0007843055
0.0008084927
0.0005469308
0.0002754193
0.0002398834
0.0004503706
0.0007706870
0.0009208020
0.0009363211
0.0007887185
0.0006052384
0.0005730362
0.0004778184
0.0004508463
0.0004662668
0.0005166522
0.0007592953
0.0008556745
0.0007306341
0.0006800349
0.0007182614
0.0005360575
0.0001763007
0.0002595457
0.0005474462
0.0005268342
0.0006181347
0.0007047597
0.0005390907
0.0005836087
0.0008187502
0.0006993073
0.0002422679
0.0002279528
0.0004737780
0.0002213270
-0.0000994367
0.0000271920
0.0004170616
0.0006224010
0.0006851042
0.0006226093
0.0005303344
0.0006248345
0.0004869506
0.0001913290
0.0001158632
0.0000986732
0.0001756821
0.0001025892
-0.0000708090
0.0000679856
0.0004019196
0.0005245735
0.0001754437
-0.0001475602
-0.0000264535
0.0001032302
-0.0000527350
-0.0003359601
-0.0004274751
-0.0001896934
0.0001268039
0.0003925966
0.0000726453
-0.0004746729
-0.0005126131
-0.0001516110
-0.0000182756
-0.0002637414
-0.0003578649
0.0001415741
0.0005593530
0.0003027568
-0.0001863166
-0.0006279788
-0.0007533956
-0.0006104266
-0.0004674118
-0.0005525756
-0.0008590777
-0.0006998721
-0.0002819299
-0.0000528337
0.0000480744
-0.0000569443
-0.0002565561
-0.0002672205
0.0000000239
-0.0000566766
-0.0008087170
-0.0013655852
-0.0012854681
-0.0011770202
-0.0013714743
-0.0015062865
-0.0010106076
-0.0003857152
-0.0002365129
-0.0004681371
-0.0006284302
-0.0004849003
-0.0003412669
-0.0003188858
-0.0006243872
-0.0011403577
-0.0014469707
-0.0013681667
-0.0012791096
-0.0010507079
-0.0006032391
-0.0005316719
-0.0008664487
-0.0008385383
-0.0005550353
-0.0007300201
-0.0010865889
-0.0012603295
-0.0011066322
-0.0010114890
-0.0011629442
-0.0011608378
-0.0011227838
-0.0010285065
-0.0012157109
-0.0017327183
-0.0022150698
-0.0026004931
-0.0022305732
-0.0012311781
-0.0000225909
0.0010022235
0.0010512992
0.0000817586
-0.0012290322
-0.0015531246
-0.0008442880
-0.0003226491
-0.0006735811
-0.0013681904
-0.0015536682
-0.0009997118
-0.0004142071
-0.0005772105
-0.0013781948
-0.0020890311
-0.0019942006
-0.0015222599
-0.0013473087
-0.0012105125
-0.0001721349
0.0012693122
0.0011612729
-0.0009044845
-0.0033276919
-0.0039853945
-0.0021995990
-0.0001220013
0.0001111625
-0.0014067156
-0.0027080366
-0.0026428052
-0.0018880378
-0.0016347824
-0.0029026333
-0.0039913242
-0.0022867362
0.0007952519
0.0018477632
0.0002790727
-0.0014200390
-0.0009174396
0.0008236643
0.0010402214
-0.0012556387
-0.0041525948
-0.0048535491
-0.0027126688
0.0002679224
0.0011094218
-0.0006797217
-0.0024422418
-0.0026182594
-0.0022340225
-0.0025110696
-0.0030185823
-0.0023191536
-0.0007527709
0.0003750282
0.0001640189
-0.0014258546
-0.0030766143
-0.0029200691
-0.0006942436
0.0007043164
-0.0006977588
-0.0028461524
-0.0035197625
-0.0020811880
0.0002985234
0.0013434316
0.0000274002
-0.0024124924
-0.0036283932
-0.0025471396
0.0000040421
0.0015399289
0.0008532586
-0.0006870617
-0.0015806252
-0.0015203870
-0.0012968692
-0.0012690527
-0.0015822064
-0.0014831852
-0.0001191793
0.0023029569
0.0036555794
0.0026544589
0.0002391233
-0.0022425519
-0.0042333946
-0.0058375551
-0.0061523554
-0.0044669915
-0.0008496306
0.0026165743
0.0032808294
0.0009899728
-0.0017577484
-0.0018864750
0.0012781300
0.0047254493
0.0050399981
0.0022177286
-0.0013170964
-0.0031234506
-0.0026672892
-0.0011646621
-0.0002040114
-0.0000241761
0.0007346273
0.0020718154
0.0025257733
0.0012585310
-0.0011204260
-0.0031245620
-0.0040830421
-0.0037569530
-0.0025504594
-0.0011087304
0.0004258015
0.0027307551
0.0066334031
0.0107308313
0.0116579165
0.0081999823
0.0025818703
-0.0014331991
-0.0014894042
0.0005090799
0.0009381338
-0.0015098097
-0.0037826044
-0.0023025585
0.0019751182
0.0049514548
0.0037926755
0.0003905967
0.0002931613
0.0056178492
0.0122345411
0.0137930298
0.0080735415
-0.0004312107
-0.0048425394
-0.0024986339
0.0024622360
0.0042830620
0.0003544037
-0.0061148546
-0.0081801305
-0.0030312292
0.0043106912
0.0074997502
0.0045310614
-0.0004358009
-0.0016592122
0.0026002639
0.0093494430
0.0138795540
0.0143179389
0.0124007099
0.0112654818
0.0124390618
0.0145106907
0.0149738592
0.0130376046
0.0105216837
0.0093833145
0.0093163547
0.0074852043
0.0016504584
-0.0073897855
-0.0171396162
-0.0251146789
-0.0286629217
-0.0251787572
-0.0142021496
0.0014516265
0.0175541415
0.0306632455
0.0395050702
0.0446899062
0.0461170281
0.0423210942
0.0333002193
0.0229562488
0.0157799369
0.0112719768
0.0044519119
-0.0074910102
-0.0216701621
-0.0323429684
-0.0364071747
-0.0363252325
-0.0373297539
-0.0410939178
-0.0429276409
-0.0371990882
-0.0238834932
-0.0090172155
0.0011599518
0.0038065540
0.0006440573
-0.0027812453
0.0005943336
0.0141092827
0.0330995559
0.0477291354
0.0516980594
0.0463759561
0.0399396046
0.0419408308
0.0537669133
0.0660122705
0.0674618878
0.0552395868
0.0384418632
0.0300786969
0.0339139949
0.0403415857
0.0365265258
0.0191914428
-0.0029180376
-0.0173508768
-0.0179277632
-0.0096326109
-0.0023580505
-0.0015476489
-0.0033785112
0.0001439406
0.0111697994
0.0240613356
0.0316194213
0.0312360959
0.0269795192
0.0250405177
0.0276682912
0.0313304949
0.0296863625
0.0180777152
-0.0033799436
-0.0283796730
-0.0471500727
-0.0516772374
-0.0418004475
-0.0272348387
-0.0195385531
-0.0221397624
-0.0293118167
-0.0333334326
-0.0327969610
-0.0321670882
-0.0350271238
-0.0374885923
-0.0305520543
-0.0105268628
0.0169651687
0.0420375844
0.0570827018
0.0609817930
0.0583886370
0.0541438928
0.0509114857
0.0490943238
0.0469502216
0.0430959708
0.0397282075
0.0409924166
0.0461484521
0.0487185391
0.0429340878
0.0282088154
0.0090532815
-0.0078104908
-0.0188985681
-0.0257604816
-0.0298765920
-0.0297182477
-0.0226714887
-0.0092827542
0.0035485371
0.0062436358
-0.0048785942
-0.0242330044
-0.0427145475
-0.0545668204
-0.0594673102
-0.0598398613
-0.0566109893
-0.0483986012
-0.0347764862
-0.0170593116
0.0018874750
0.0177703044
0.0284991783
0.0359989512
0.0433368140
0.0519247366
0.0592353076
0.0604350830
0.0519489112
0.0325629887
0.0044426016
-0.0235197204
-0.0405696156
-0.0437514671
-0.0384679416
-0.0318486850
-0.0283106167
-0.0283446061
-0.0297949090
-0.0314839137
-0.0339770439
-0.0368588905
-0.0382258288
-0.0368509262
-0.0333638288
-0.0305705008
-0.0321510564
-0.0381376195
-0.0449144062
-0.0491898095
-0.0510406036
-0.0524937400
-0.0540615018
-0.0533413399
-0.0461389961
-0.0302770107
-0.0078349325
0.0160982906
0.0361496794
0.0493172741
0.0561277704
0.0577666356
0.0539730350
0.0442133229
0.0302662885
0.0171379447
0.0110773806
0.0154254629
0.0280317571
0.0421006910
0.0519275792
0.0569189729
0.0603046431
0.0643174831
0.0685279672
0.0717131480
0.0729251702
0.0710461296
0.0654522745
0.0565114713
0.0444820544
0.0299712046
0.0155026585
0.0036390164
-0.0045705501
-0.0091797859
-0.0103125419
-0.0077224201
-0.0019125279
0.0055717929
0.0126775475
0.0171251120
0.0176688666
0.0150878042
0.0116737341
0.0091292831
0.0095048958
0.0146966117
0.0226300212
0.0271745865
0.0230960918
0.0097951294
-0.0087703170
-0.0264333376
-0.0374647504
-0.0417608796
-0.0449580884
-0.0515339667
-0.0592655580
-0.0600965282
-0.0481453923
-0.0252739860
0.0000553392
0.0194619450
0.0318757675
0.0412494859
0.0504443765
0.0581473363
0.0609256746
0.0570892180
0.0480267794
0.0374742064
0.0278753533
0.0179107428
0.0048439288
-0.0126143293
-0.0310282928
-0.0438269606
-0.0474905121
-0.0446135331
-0.0417164917
-0.0442586284
-0.0501526962
-0.0499938424
-0.0359047991
-0.0093845204
0.0199311306
0.0416790726
0.0505073621
0.0469582186
0.0353833768
0.0216548100
0.0101755032
0.0007310973
-0.0095806621
-0.0208865790
-0.0290365864
-0.0302849921
-0.0236434945
-0.0104363605
0.0045037175
0.0146849483
0.0181647317
0.0194641361
0.0256045863
0.0390205582
0.0573358200
0.0779827697
0.0995314561
0.1218026202
0.1433022092
0.1585072504
0.1659020813
0.1774386095
0.1982265556
0.2017384323
0.1696372546
0.1178704802
0.0383277469
-0.0759378959
-0.1982634344
-0.3205373065
-0.3806080141
-0.4092856835
-0.4152570549
-0.2744427801
-0.1552890154
-0.2053192101
-0.1866329848
-0.1204038286
-0.1034774431
-0.0950145815
-0.0731543240
-0.0445225740
-0.0140415588
0.0138920535
0.0411323303
0.0707428225
0.1018421397
0.1299328071
0.1517316129
0.1689994354
0.1830143961
0.1911155167
0.1912121929
0.1812209872
0.1584200566
0.1232116006
0.0804648680
0.0367263644
-0.0034751063
-0.0365091390
-0.0597570150
-0.0729134011
-0.0778536522
-0.0768262058
-0.0715419372
-0.0628776413
-0.0518739961
-0.0405858267
-0.0311155050
-0.0250889550
-0.0231376604
-0.0249190341
-0.0287600156
-0.0332425352
-0.0377906440
-0.0416244334
-0.0434725217
-0.0427357707
-0.0401651914
-0.0382028634
-0.0393520332
-0.0425203993
-0.0451887768
-0.0471358389
-0.0510132439
-0.0578966319
-0.0637358361
-0.0637035238
-0.0581863175
-0.0509972704
-0.0449812650
-0.0431020579
-0.0477720896
-0.0558076071
-0.0611182244
-0.0599188085
-0.0522900204
-0.0400385925
-0.0262595723
-0.0125685657
0.0013129713
0.0153023420
0.0280492908
0.0380447154
0.0453583935
0.0524011000
0.0623727279
0.0759793615
0.0891883151
0.0942356400
0.0853106080
0.0649599220
0.0399798512
0.0135100466
-0.0145131523
-0.0440440728
-0.0728214338
-0.0961476074
-0.1103783068
-0.1157422628
-0.1156173575
-0.1140448877
-0.1129874342
-0.1111608655
-0.1037999412
-0.0858209311
-0.0577170814
-0.0292241244
-0.0108268384
-0.0020761437
0.0031778677
0.0072769878
0.0122189375
0.0204858821
0.0313797776
0.0431726594
0.0557870956
0.0694061086
0.0827580190
0.0936447713
0.1001505034
0.1019941215
0.1009302499
0.0990972079
0.0980208062
0.0978739885
0.0967224223
0.0929394377
0.0870190974
0.0797677764
0.0716962604
0.0598922221
0.0390607670
0.0106096844
-0.0169732547
-0.0389971147
-0.0571959305
-0.0731212306
-0.0872209217
-0.1002830718
-0.1097556678
-0.1128197377
-0.1116692046
-0.1096521840
-0.1089965212
-0.1090749924
-0.1091195406
-0.1075388191
-0.1017418406
-0.0926196139
-0.0820394088
-0.0726001280
-0.0657519616
-0.0609874518
-0.0577033638
-0.0565771805
-0.0569309288
-0.0588620073
-0.0652633715
-0.0786649844
-0.0977317700
-0.1188532057
-0.1397781412
-0.1586163257
-0.1707179732
-0.1721840153
-0.1641918831
-0.1503742201
-0.1326897389
-0.1113143060
-0.0858653957
-0.0563088850
-0.0242869524
0.0073816019
0.0369939520
0.0643682666
0.0903666651
0.1155153479
0.1391133508
0.1592449770
0.1745388698
0.1847659910
0.1898775713
0.1912418106
0.1910957959
0.1877246256
0.1755639424
0.1509051388
0.1164820341
0.0790102136
0.0457968823
0.0211691508
0.0041631113
-0.0085226948
-0.0210532464
-0.0345552415
-0.0447033015
-0.0466082943
-0.0391766970
-0.0241856534
-0.0035890737
0.0228728709
0.0546275916
0.0845105921
0.1010728639
0.0998076366
0.0873521028
0.0719990190
0.0553914219
0.0360203088
0.0134025637
-0.0128543602
-0.0435354317
-0.0771824361
-0.1094298189
-0.1348263014
-0.1490676760
-0.1501184260
-0.1389572510
-0.1184666101
-0.0912926069
-0.0593692002
-0.0261685292
0.0048250466
0.0337782469
0.0624010479
0.0901307673
0.1145920925
0.1348843427
0.1508069520
0.1617739771
0.1660790617
0.1620109647
0.1486616896
0.1258154692
0.0951007350
0.0612876184
0.0304614352
0.0058483416
-0.0124064870
-0.0238952868
-0.0288542215
-0.0290025270
-0.0267977223
-0.0228209222
-0.0143354810
0.0014125031
0.0222629472
0.0428429043
0.0591164121
0.0699349980
0.0769435538
0.0814454911
0.0807041571
0.0725461533
0.0603049963
0.0481208834
0.0379495783
0.0297697108
0.0221724951
0.0136762407
0.0039807437
-0.0059697975
-0.0153931027
-0.0239457653
-0.0298925463
-0.0301269066
-0.0235525386
-0.0133178964
-0.0043602955
0.0010501310
0.0043801344
0.0066570330
0.0084145490
0.0114849836
0.0165702786
0.0227646893
0.0289239477
0.0335725784
0.0369046411
0.0408760779
0.0462105040
0.0512408344
0.0537698568
0.0527226621
0.0492940524
0.0467612428
0.0469563624
0.0495621825
0.0530940944
0.0547876076
0.0520656448
0.0437720391
0.0307728833
0.0149085827
-0.0016581036
-0.0167354018
-0.0273815734
-0.0329484105
-0.0368069730
-0.0434281849
-0.0542277362
-0.0683103135
-0.0840607720
-0.0997177003
-0.1130037830
-0.1208929697
-0.1214678728
-0.1161513151
-0.1080425855
-0.0982113046
-0.0867072021
-0.0743698096
-0.0626182635
-0.0535774396
-0.0483718790
-0.0487358672
-0.0547581911
-0.0628075837
-0.0681688720
-0.0684979898
-0.0651415518
-0.0621921484
-0.0634394763
-0.0693662738
-0.0770024608
-0.0828720624
-0.0854137371
-0.0847535156
-0.0816635345
-0.0769130286
-0.0716081075
-0.0663390259
-0.0606045907
-0.0527637477
-0.0422028485
-0.0291499316
-0.0153327287
-0.0031030330
0.0067586798
0.0148846513
0.0214505951
0.0260464857
0.0289129443
0.0306872163
0.0320478619
0.0326447827
0.0315342367
0.0290305342
0.0260665994
0.0226999117
0.0203169254
0.0221322932
0.0288868037
0.0384150022
0.0481023806
0.0567624732
0.0650296147
0.0741981683
0.0839754218
0.0918701027
0.0952266143
0.0941431734
0.0899379111
0.0838716012
0.0776077861
0.0712672265
0.0638701753
0.0554435087
0.0476418340
0.0418711256
0.0381765656
0.0355559785
0.0333190339
0.0311961010
0.0280897894
0.0217466963
0.0112333512
-0.0021534305
-0.0163109310
-0.0291166627
-0.0405021090
-0.0523703884
-0.0643561368
-0.0739014393
-0.0803008762
-0.0848683317
-0.0892946007
-0.0941731177
-0.0986129236
-0.1012576975
-0.0997304792
-0.0905856666
-0.0728833173
-0.0509771012
-0.0306049201
-0.0145669803
-0.0026357581
0.0059724583
0.0123545314
0.0195067788
0.0303797769
0.0449618744
0.0615842356
0.0779658553
0.0916901207
0.1022487275
0.1096269266
0.1121795355
0.1078132998
0.0967319036
0.0824130064
0.0706791343
0.0643209977
0.0621540789
0.0627181078
0.0657027769
0.0703769596
0.0753745251
0.0790512047
0.0787005812
0.0726033638
0.0631588163
0.0539243540
0.0449586635
0.0347244716
0.0224059129
0.0081227767
-0.0077523857
-0.0234678633
-0.0364264613
-0.0456369652
-0.0523045387
-0.0584593141
-0.0658440657
-0.0754812348
-0.0864253432
-0.0971801548
-0.1061377794
-0.1100167203
-0.1058840029
-0.0949295350
-0.0814017688
-0.0682822438
-0.0567332794
-0.0483751591
-0.0442229698
-0.0440930322
-0.0478590073
-0.0547902930
-0.0626194938
-0.0681342640
-0.0695494345
-0.0675768067
-0.0638148451
-0.0589361313
-0.0526904037
-0.0446042764
-0.0351215130
-0.0251618832
-0.0154349669
-0.0070328652
0.0002687068
0.0084499976
0.0184242845
0.0286419673
0.0373112795
0.0426998504
0.0423082249
0.0357742419
0.0273931074
0.0219850964
0.0206097129
0.0216558912
0.0238023593
0.0273799811
0.0329373580
0.0408349047
0.0500522875
0.0583847429
0.0643741140
0.0674002067
0.0670930004
0.0632471855
0.0581152533
0.0548622175
0.0532435138
0.0508773018
0.0456543206
0.0363932456
0.0239419774
0.0109537608
-0.0004614764
-0.0104127240
-0.0189118820
-0.0245366858
-0.0256322353
-0.0227656832
-0.0194634850
-0.0186711197
-0.0201444306
-0.0227559540
-0.0257140697
-0.0282420155
-0.0302089206
-0.0321639887
-0.0337301962
-0.0335045485
-0.0315870646
-0.0293833174
-0.0282549058
-0.0283230055
-0.0287506646
-0.0291634769
-0.0306310855
-0.0341136618
-0.0397896015
-0.0464936519
-0.0523787925
-0.0564166269
-0.0585810667
-0.0593046737
-0.0592049829
-0.0590464965
-0.0599935950
-0.0626752511
-0.0667205992
-0.0710372333
-0.0741831183
-0.0751313806
-0.0731612965
-0.0694790080
-0.0657783812
-0.0629490448
-0.0614204083
-0.0609639800
-0.0601780605
-0.0569553297
-0.0511381516
-0.0444145798
-0.0382690997
-0.0346824099
-0.0346682295
-0.0359925772
-0.0360590878
-0.0339821499
-0.0299060351
-0.0237395967
-0.0156623276
-0.0060930691
0.0045505015
0.0164194844
0.0298035558
0.0442232428
0.0588017294
0.0731722794
0.0867613992
0.0992997876
0.1092857818
0.1146880753
0.1152067450
0.1114046732
0.1043064729
0.0952526770
0.0861345103
0.0784506615
0.0734708621
0.0724038694
0.0750778616
0.0791911028
0.0827561874
0.0870056089
0.0937272438
0.1010740977
0.1064786332
0.1100256739
0.1115872921
0.1099399731
0.1050002095
0.0982285120
0.0913292289
0.0841773849
0.0761338802
0.0693765213
0.0668851279
0.0682138046
0.0696752369
0.0668413532
0.0581764670
0.0467160535
0.0359280917
0.0270584649
0.0197561089
0.0130465163
0.0068155630
0.0010157950
-0.0051870585
-0.0123188517
-0.0197490134
-0.0262939901
-0.0305816610
-0.0324404682
-0.0335015590
-0.0351881271
-0.0372343629
-0.0385758279
-0.0384341511
-0.0374050443
-0.0367924795
-0.0374587977
-0.0402738845
-0.0456702861
-0.0528465158
-0.0606484369
-0.0671929532
-0.0708572740
-0.0721445265
-0.0724700396
-0.0728180124
-0.0732397501
-0.0722563247
-0.0689581860
-0.0644137392
-0.0593770310
-0.0540358277
-0.0488875878
-0.0438945152
-0.0384365657
-0.0325436752
-0.0252865271
-0.0150677132
-0.0027031902
0.0090401719
0.0186282382
0.0264282727
0.0338012200
0.0420635668
0.0509924977
0.0591514259
0.0652505261
0.0687244722
0.0686694936
0.0651442257
0.0593574056
0.0528583327
0.0473451778
0.0437361783
0.0421235706
0.0423456364
0.0431517554
0.0423709171
0.0394045430
0.0352835681
0.0304648551
0.0247346419
0.0178245585
0.0095316183
0.0007189234
-0.0069710282
-0.0129765998
-0.0174762778
-0.0206956554
-0.0230021637
-0.0246402516
-0.0244663399
-0.0213441253
-0.0155664878
-0.0088824201
-0.0036435676
-0.0006924274
0.0006817348
0.0006448631
-0.0006723323
-0.0020265434
-0.0029675700
-0.0051453153
-0.0097055101
-0.0159466916
-0.0223451924
-0.0271372554
-0.0295405238
-0.0298701168
-0.0287653661
-0.0269348375
-0.0246547424
-0.0212553503
-0.0170434124
-0.0127841282
-0.0084687616
-0.0042029161
-0.0002099844
0.0039597824
0.0080410980
0.0108604068
0.0122597770
0.0123493611
0.0109299963
0.0077816603
0.0036362269
-0.0003259231
-0.0036139419
-0.0074391021
-0.0122591730
-0.0160678962
-0.0173498501
-0.0163526880
-0.0137644543
-0.0103081853
-0.0070735302
-0.0040056336
-0.0010641418
0.0008292873
0.0012455417
-0.0003044818
-0.0045700370
-0.0106524114
-0.0172018320
-0.0229045724
-0.0267394711
-0.0285212161
-0.0284774320
-0.0265370582
-0.0236437252
-0.0216831716
-0.0213778593
-0.0223661983
-0.0243473871
-0.0271774597
-0.0299945522
-0.0314148810
-0.0303320478
-0.0270128537
-0.0221746858
-0.0170168969
-0.0126624956
-0.0092454087
-0.0062149292
-0.0033357511
-0.0019589187
-0.0026748290
-0.0038990864
-0.0043094737
-0.0039225234
-0.0035206674
-0.0041964990
-0.0060192124
-0.0078483925
-0.0085308607
-0.0077481763
-0.0061201787
-0.0040654029
-0.0016509858
0.0010469323
0.0032270091
0.0046399271
0.0060356001
0.0069967848
0.0068945754
0.0065597372
0.0069348900
0.0082494010
0.0098083431
0.0111488734
0.0131401621
0.0162258615
0.0201259890
0.0247278260
0.0302779499
0.0354223021
0.0385302206
0.0393580417
0.0380080036
0.0342008610
0.0285670662
0.0224977619
0.0173364744
0.0134397103
0.0104943092
0.0079538779
0.0049647014
0.0014552598
-0.0016083413
-0.0035721518
-0.0046074137
-0.0054081078
-0.0068477040
-0.0097411926
-0.0137885352
-0.0174764799
-0.0190308135
-0.0171580188
-0.0120537751
-0.0055791377
0.0002024443
0.0050879734
0.0100888411
0.0152628206
0.0193454352
0.0206192118
0.0178066650
0.0114532505
0.0041310125
-0.0017704561
-0.0057961584
-0.0083759151
-0.0098749322
-0.0116451482
-0.0148463426
-0.0182343717
-0.0191673084
-0.0169556620
-0.0138737917
-0.0116676988
-0.0110088769
-0.0112657018
-0.0105929853
-0.0081972267
-0.0053524220
-0.0041731785
-0.0055275885
-0.0088217010
-0.0122403788
-0.0139155864
-0.0137681165
-0.0128581223
-0.0119906256
-0.0118986437
-0.0119107030
-0.0110376789
-0.0094007521
-0.0080251240
-0.0081107725
-0.0097756784
-0.0111163300
-0.0114316686
-0.0121838198
-0.0137662040
-0.0152072208
-0.0168111296
-0.0193808584
-0.0226438159
-0.0262066063
-0.0297596299
-0.0315892219
-0.0292933603
-0.0213480741
-0.0086667195
0.0059256661
0.0197347140
0.0309960165
0.0391660167
0.0446825301
0.0486019219
0.0506912635
0.0501731775
0.0473624760
0.0431642063
0.0387215833
0.0345760867
0.0297956095
0.0235271707
0.0162713235
0.0090604219
0.0021390278
-0.0047687598
-0.0101495583
-0.0121322040
-0.0103449121
-0.0060594825
-0.0012335046
0.0032756170
0.0078925506
0.0121834837
0.0149166090
0.0153293449
0.0132838591
0.0100931908
0.0073022764
0.0051887639
0.0036972365
0.0034994090
0.0049318076
0.0075765280
0.0102750195
0.0120381145
0.0142692627
0.0192065984
0.0270786452
0.0362247901
0.0446953305
0.0507246848
0.0529221576
0.0501296534
0.0434602554
0.0359550231
0.0297469521
0.0248360591
0.0206473978
0.0169791848
0.0138132146
0.0118911992
0.0120772182
0.0147417854
0.0190873414
0.0229743544
0.0244405240
0.0223933699
0.0171264474
0.0114501807
0.0083096489
0.0083053470
0.0105964938
0.0137705688
0.0160288198
0.0170282951
0.0182202103
0.0202245778
0.0231663856
0.0265934276
0.0291723660
0.0292111792
0.0251683843
0.0174810429
0.0083706548
-0.0004337140
-0.0080653707
-0.0147276488
-0.0203659194
-0.0240728696
-0.0246337412
-0.0213928913
-0.0155417557
-0.0090636916
-0.0037307729
-0.0007881172
0.0002806841
0.0006409389
0.0012076881
0.0025284116
0.0036832015
0.0032990580
0.0006369334
-0.0030900739
-0.0059759996
-0.0076035994
-0.0082496242
-0.0087603355
-0.0099025942
-0.0117905896
-0.0146613427
-0.0180898092
-0.0209777464
-0.0220004886
-0.0200086555
-0.0147249848
-0.0079619819
-0.0021460429
0.0016312583
0.0034141229
0.0037848007
0.0033355567
0.0023523194
0.0002718583
-0.0032827432
-0.0083745719
-0.0147937956
-0.0216326636
-0.0276363993
-0.0314958484
-0.0318116920
-0.0287032217
-0.0240765878
-0.0201251294
-0.0182481720
-0.0180256028
-0.0186736701
-0.0208102298
-0.0251568044
-0.0305477656
-0.0348966237
-0.0369301051
-0.0368125296
-0.0349601804
-0.0314922067
-0.0266196719
-0.0204327431
-0.0134432211
-0.0067897598
-0.0009574318
0.0037292267
0.0067489893
0.0077311688
0.0073855773
0.0071061357
0.0080480231
0.0100699240
0.0118625334
0.0123693729
0.0119190920
0.0115072278
0.0120115509
0.0133116112
0.0146276907
0.0147717079
0.0122984327
0.0070992621
0.0005000948
-0.0053430144
-0.0089302492
-0.0102164655
-0.0100030054
-0.0094001794
-0.0092240395
-0.0096541937
-0.0095330301
-0.0082726256
-0.0068572104
-0.0059182095
-0.0050126858
-0.0042507997
-0.0044902893
-0.0064578888
-0.0097119320
-0.0130421775
-0.0155007260
-0.0170832105
-0.0183955680
-0.0196630768
-0.0206069957
-0.0202611013
-0.0191488620
-0.0184025455
-0.0185459051
-0.0196683233
-0.0217445309
-0.0240061662
-0.0255753811
-0.0259113359
-0.0243309332
-0.0206769659
-0.0156888510
-0.0108009929
-0.0068754368
-0.0038779114
-0.0014560688
0.0004673963
0.0020831026
0.0037630076
0.0053961204
0.0071045588
0.0096172466
0.0124738963
0.0151489729
0.0172730786
0.0186642047
0.0198228333
0.0208817210
0.0217248472
0.0230159412
0.0244875548
0.0253465929
0.0251082684
0.0238453170
0.0217784639
0.0191068448
0.0160376855
0.0128798470
0.0102564279
0.0085973372
0.0080826846
0.0091963225
0.0109696926
0.0113172271
0.0095936866
0.0065941682
0.0033855373
-0.0000664515
-0.0037169731
-0.0063872851
-0.0072918025
-0.0064075015
-0.0044601917
-0.0017706528
0.0013990191
0.0047129571
0.0083049683
0.0120025343
0.0150486163
0.0169964439
0.0181235682
0.0181854330
0.0164719162
0.0137441084
0.0114676667
0.0100423148
0.0089087270
0.0069432450
0.0035380616
-0.0005441200
-0.0044512720
-0.0075269375
-0.0099068947
-0.0118455942
-0.0130778934
-0.0131658880
-0.0115123913
-0.0079557608
-0.0033167281
0.0016754389
0.0059417114
0.0081661970
0.0079818619
0.0051761819
-0.0002293698
-0.0068808902
-0.0134840197
-0.0193644533
-0.0232212462
-0.0250815157
-0.0261098004
-0.0266490691
-0.0273538696
-0.0279044081
-0.0263218370
-0.0221255385
-0.0164163038
-0.0109824663
-0.0070929224
-0.0040192354
-0.0010212700
0.0017990367
0.0038252718
0.0050393125
0.0053700627
0.0046561212
0.0033562400
0.0023586967
0.0025188559
0.0032215034
0.0033046470
0.0027720016
0.0016647389
0.0001308044
-0.0008656696
-0.0003855316
0.0015406100
0.0040090035
0.0068730000
0.0101888991
0.0135841837
0.0170553498
0.0202500153
0.0216743925
0.0201152592
0.0155412816
0.0088611456
0.0013158504
-0.0053938106
-0.0107494093
-0.0145713133
-0.0161172930
-0.0156711285
-0.0139639220
-0.0116113113
-0.0094350186
-0.0082168379
-0.0080003404
-0.0086719115
-0.0095530033
-0.0093107418
-0.0075152462
-0.0053285890
-0.0039031603
-0.0034290351
-0.0036177227
-0.0039572825
-0.0041299295
-0.0037454643
-0.0027783001
-0.0018991889
-0.0010570960
0.0006705396
0.0029749827
0.0046386750
0.0056888168
0.0062611665
0.0058169053
0.0044771319
0.0034264485
0.0035630410
0.0049126333
0.0064420169
0.0070549398
0.0065373653
0.0055314972
0.0044191390
0.0029710646
0.0005733821
-0.0030079576
-0.0062736324
-0.0077609370
-0.0078304647
-0.0073971378
-0.0066762079
-0.0054861672
-0.0034264507
-0.0006334465
0.0018867835
0.0033270539
0.0040047219
0.0049730681
0.0065595069
0.0082074334
0.0088481400
0.0079252346
0.0059239758
0.0029228059
-0.0011117121
-0.0057956079
-0.0108211928
-0.0149965020
-0.0172503502
-0.0179775455
-0.0181445147
-0.0175223310
-0.0151316747
-0.0111021869
-0.0058744567
-0.0003865158
0.0046242554
0.0091088494
0.0125505987
0.0147249389
0.0154813689
0.0144095797
0.0116203784
0.0079963229
0.0042678795
0.0008039870
-0.0021068889
-0.0039026674
-0.0044013833
-0.0039941768
-0.0039575259
-0.0046736018
-0.0050260153
-0.0040928313
-0.0016612843
0.0020096299
0.0057018996
0.0077194653
0.0070297849
0.0044869825
0.0016399812
-0.0004782979
-0.0019638654
-0.0036901982
-0.0059425241
-0.0082127825
-0.0100202451
-0.0109970357
-0.0114719293
-0.0118058911
-0.0119989641
-0.0120019349
-0.0114310467
-0.0096753282
-0.0065927393
-0.0029175938
0.0005067033
0.0031699848
0.0047363072
0.0056190823
0.0064420157
0.0078551974
0.0101320848
0.0121356083
0.0126172295
0.0113832827
0.0087111148
0.0055470565
0.0035139476
0.0027972154
0.0023622372
0.0021979743
0.0023468162
0.0023382572
0.0019523334
0.0007974057
-0.0013055281
-0.0030322813
-0.0036926467
-0.0036546257
-0.0032124192
-0.0026762762
-0.0019048153
-0.0005759835
0.0008432859
0.0016228749
0.0016552902
0.0009082483
-0.0002451089
-0.0015782022
-0.0028655230
-0.0037463639
-0.0041597944
-0.0042309489
-0.0033011529
-0.0009543381
0.0015816902
0.0035025620
0.0048915810
0.0058726729
0.0058867530
0.0042984837
0.0011294040
-0.0024977128
-0.0052072349
-0.0065398243
-0.0069196844
-0.0071718251
-0.0076435625
-0.0085252101
-0.0099606240
-0.0114632180
-0.0125331001
-0.0132857308
-0.0140089488
-0.0146360551
-0.0141792470
-0.0120981544
-0.0093455663
-0.0066127319
-0.0037058398
-0.0009970717
0.0005722256
0.0010914645
0.0009911720
0.0005512084
-0.0002083455
-0.0015347480
-0.0028587808
-0.0032054975
-0.0019258992
0.0008119140
0.0038844311
0.0068131563
0.0092787129
0.0111294497
0.0127104047
0.0135596699
0.0125931633
0.0100642545
0.0064153928
0.0025638667
-0.0003011552
-0.0020183573
-0.0030986413
-0.0034865702
-0.0035050086
-0.0041324001
-0.0053924285
-0.0066307139
-0.0077029819
-0.0086490163
-0.0093204253
-0.0093314572
-0.0092997625
-0.0102434772
-0.0114581643
-0.0120226708
-0.0119262672
-0.0110685266
-0.0094330675
-0.0074690780
-0.0045099030
-0.0007098002
0.0035096218
0.0075931475
0.0109093962
0.0138311644
0.0168048360
0.0196156350
0.0221163918
0.0239373406
0.0244872368
0.0237128728
0.0218373340
0.0192400664
0.0167693827
0.0149546063
0.0134508960
0.0116799592
0.0094116292
0.0075576428
0.0065476521
0.0061415578
0.0062513638
0.0070989778
0.0086587566
0.0110414770
0.0143712553
0.0174358809
0.0189228526
0.0188026149
0.0175700481
0.0156460759
0.0132341231
0.0102097148
0.0065914163
0.0026568786
-0.0009513914
-0.0034362619
-0.0049448291
-0.0059563795
-0.0054567589
-0.0035350003
-0.0009962202
0.0022972812
0.0058102803
0.0087507227
0.0112399105
0.0131949183
0.0139207545
0.0137373988
0.0128889636
0.0114850368
0.0096195004
0.0071455036
0.0041749360
0.0016268177
-0.0005490028
-0.0025694739
-0.0036633110
-0.0044630000
-0.0062984298
-0.0086388222
-0.0106018888
-0.0122686444
-0.0129194931
-0.0122368101
-0.0108492763
-0.0091722484
-0.0074194083
-0.0056783494
-0.0038964886
-0.0026939220
-0.0022604434
-0.0020204269
-0.0024191234
-0.0040004681
-0.0059992116
-0.0075606983
-0.0091082499
-0.0109125570
-0.0128876949
-0.0149599961
-0.0168795023
-0.0180719750
-0.0180765589
-0.0163639000
-0.0139493882
-0.0119559701
-0.0100575694
-0.0081428506
-0.0065870489
-0.0053468449
-0.0048323613
-0.0053439608
-0.0066365621
-0.0084180988
-0.0108837587
-0.0134873953
-0.0152278937
-0.0157166043
-0.0149255567
-0.0136179713
-0.0126578337
-0.0122442781
-0.0122357153
-0.0122056266
-0.0112563780
-0.0093078141
-0.0071139787
-0.0050553672
-0.0031775011
-0.0017530679
-0.0005987454
0.0007213025
0.0023533389
0.0036799588
0.0042051273
0.0044703311
0.0046539024
0.0046411093
0.0048888192
0.0052884876
0.0048399563
0.0037311684
0.0031080780
0.0036472538
0.0046652411
0.0053492336
0.0053788412
0.0046990831
0.0034037344
0.0016832260
0.0002320790
-0.0008492209
-0.0011762321
-0.0001195026
0.0014709877
0.0028177136
0.0040461455
0.0048707250
0.0048358551
0.0043210811
0.0033405923
0.0014821784
-0.0004536976
-0.0016519701
-0.0022764125
-0.0030256814
-0.0041847779
-0.0054174538
-0.0057015298
-0.0052065889
-0.0046652672
-0.0036887169
-0.0018676138
0.0008075518
0.0039694761
0.0066909968
0.0083631369
0.0092121461
0.0096859130
0.0104068543
0.0111533200
0.0114139559
0.0114021658
0.0114227827
0.0111215199
0.0105292956
0.0097370754
0.0085867588
0.0069141413
0.0045386553
0.0020472344
-0.0000200108
-0.0018077295
-0.0031491731
-0.0036713149
-0.0036493154
-0.0035859280
-0.0036379070
-0.0036042428
-0.0032311025
-0.0025841822
-0.0019390914
-0.0010004692
0.0006974095
0.0026219593
0.0042141459
0.0051120150
0.0050058118
0.0043590664
0.0036019992
0.0024987819
0.0013110427
0.0005033815
0.0002323834
0.0005772721
0.0014764225
0.0023117061
0.0028069471
0.0029380212
0.0029087933
0.0029244917
0.0028774528
0.0024903930
0.0015862924
0.0003758811
-0.0004784325
-0.0008739028
-0.0011086027
-0.0008812948
-0.0000966528
0.0006113392
0.0008297247
0.0002219764
-0.0013754017
-0.0036726912
-0.0065573562
-0.0093520333
-0.0110089218
-0.0114809797
-0.0111538486
-0.0107943492
-0.0107482448
-0.0103697892
-0.0090320037
-0.0066742672
-0.0038416667
-0.0012867586
0.0007522994
0.0018556443
0.0016507563
0.0008820306
0.0000067279
-0.0007960883
-0.0009108628
-0.0007600915
-0.0009808363
-0.0009658197
-0.0004930832
0.0006609591
0.0026368055
0.0050808401
0.0072833907
0.0091885784
0.0108477944
0.0120264632
0.0128730985
0.0131597111
0.0126464914
0.0109500387
0.0079860002
0.0044628513
0.0009688365
-0.0024459948
-0.0051267461
-0.0069039045
-0.0082265533
-0.0088987037
-0.0084250035
-0.0072584687
-0.0055097133
-0.0032966148
-0.0011650374
0.0008345348
0.0025375405
0.0032904027
0.0031805466
0.0024882463
0.0012861481
0.0000510731
-0.0013370413
-0.0031691100
-0.0046661075
-0.0047827607
-0.0038966813
-0.0028383542
-0.0014092217
0.0001713869
0.0015280148
0.0029306926
0.0043174400
0.0054534444
0.0062497740
0.0065660322
0.0066832441
0.0064910426
0.0057011593
0.0041449646
0.0022769836
0.0001598858
-0.0020366859
-0.0037696770
-0.0051875640
-0.0059724434
-0.0053246734
-0.0034295904
-0.0011475672
0.0011295098
0.0037561923
0.0061033195
0.0077663966
0.0090622515
0.0096983694
0.0095887566
0.0086829679
0.0067329020
0.0041009667
0.0015698649
-0.0000954186
-0.0004022782
0.0001117667
0.0007456388
0.0015274308
0.0028989776
0.0047766981
0.0065074349
0.0076381451
0.0072814763
0.0054430235
0.0029025218
0.0002243636
-0.0021439295
-0.0039506961
-0.0055827442
-0.0071393696
-0.0085872993
-0.0097244557
-0.0102138038
-0.0100680906
-0.0096250538
-0.0090151233
-0.0075466695
-0.0053846907
-0.0029887095
-0.0003011543
0.0025318576
0.0049360687
0.0063104021
0.0065823160
0.0063172337
0.0056390445
0.0046731191
0.0036617002
0.0032738801
0.0035169952
0.0038974837
0.0043103627
0.0042683151
0.0038623483
0.0036531917
0.0033938719
0.0029266397
0.0021299980
0.0007808105
-0.0006766116
-0.0021517620
-0.0036895327
-0.0048630534
-0.0055866216
-0.0065091512
-0.0074932537
-0.0080275100
-0.0085775581
-0.0089307346
-0.0078212431
-0.0056634217
-0.0037725699
-0.0025529794
-0.0016861527
-0.0013872809
-0.0017570616
-0.0021291964
-0.0023051802
-0.0021871820
-0.0019218136
-0.0016344931
-0.0013559959
-0.0011899545
-0.0012727625
-0.0009343925
-0.0002045852
-0.0000669731
-0.0006402164
-0.0014168132
-0.0022949147
-0.0037472616
-0.0059567666
-0.0081155351
-0.0093667037
-0.0099035151
-0.0098171207
-0.0089493251
-0.0076768972
-0.0066798666
-0.0060993438
-0.0056575742
-0.0048497478
-0.0039659752
-0.0036492715
-0.0034740924
-0.0027555412
-0.0017404933
-0.0007535722
0.0006515107
0.0021520582
0.0033151937
0.0043802058
0.0051605008
0.0055191530
0.0051815830
0.0039568918
0.0021217744
0.0001389632
-0.0013808238
-0.0015643777
-0.0003920192
0.0015446828
0.0040026634
0.0065418192
0.0090169277
0.0107048715
0.0115131960
0.0117810141
0.0117675485
0.0112569607
0.0102787027
0.0090945842
0.0079967555
0.0075762936
0.0078295372
0.0078644390
0.0071106838
0.0057304856
0.0042303333
0.0033191703
0.0030196193
0.0030753813
0.0029874644
0.0026803487
0.0025253794
0.0019204306
0.0005090379
-0.0006030260
-0.0004140693
0.0007748690
0.0022221591
0.0035962822
0.0042772885
0.0043078551
0.0040366242
0.0031891692
0.0019893609
0.0009215554
0.0002635532
0.0000691115
0.0002400762
0.0003272007
-0.0002758958
-0.0012158936
-0.0013600120
-0.0009568728
-0.0010511822
-0.0015223041
-0.0019662113
-0.0025178342
-0.0032661141
-0.0036950595
-0.0037268124
-0.0032514825
-0.0021466967
-0.0005104126
0.0017440291
0.0040764246
0.0057937171
0.0067296731
0.0065028098
0.0049594402
0.0025747681
0.0000051503
-0.0022184259
-0.0036846963
-0.0042820938
-0.0048401743
-0.0058825219
-0.0058945929
-0.0046943270
-0.0032830971
-0.0017296600
0.0000865725
0.0019734718
0.0035289594
0.0041013875
0.0036112093
0.0023526423
0.0008859472
-0.0005884913
-0.0020944180
-0.0032623777
-0.0035909652
-0.0030567054
-0.0023451486
-0.0019612309
-0.0018246168
-0.0015028573
-0.0011447198
-0.0012077130
-0.0011271722
-0.0009321515
-0.0011710416
-0.0014045150
-0.0011871925
-0.0007301552
-0.0000518874
0.0008507551
0.0011842988
0.0007621151
0.0000448646
-0.0009741077
-0.0017505602
-0.0015139128
-0.0005997864
0.0004359502
0.0013114861
0.0016521560
0.0012190727
0.0000086730
-0.0016111317
-0.0029275021
-0.0040168677
-0.0052611085
-0.0064537088
-0.0073884357
-0.0081668788
-0.0085380954
-0.0077680441
-0.0066258702
-0.0060697037
-0.0059200747
-0.0054227689
-0.0043114226
-0.0034623362
-0.0031970450
-0.0033563191
-0.0036160517
-0.0041798859
-0.0053148745
-0.0062460736
-0.0067502227
-0.0075182447
-0.0083447615
-0.0092461932
-0.0101282772
-0.0106458122
-0.0106842298
-0.0099720806
-0.0083918258
-0.0065001451
-0.0045739841
-0.0027980356
-0.0014836213
-0.0003039449
0.0009244220
0.0016661719
0.0015845488
0.0017097609
0.0019910037
0.0012599477
-0.0005987865
-0.0023499463
-0.0031554883
-0.0037645459
-0.0046939889
-0.0052759697
-0.0050188031
-0.0040978568
-0.0024221075
0.0000311223
0.0020759991
0.0032044435
0.0040613416
0.0046568226
0.0049150705
0.0050511606
0.0056571801
0.0071203587
0.0083181948
0.0084932379
0.0082665680
0.0081090989
0.0082310780
0.0088218624
0.0098673907
0.0106302979
0.0105841924
0.0103446386
0.0100595008
0.0092792383
0.0080841472
0.0069606042
0.0064221554
0.0065097921
0.0067620049
0.0071312886
0.0076385301
0.0077433900
0.0071188761
0.0063288354
0.0057919095
0.0059158956
0.0068873552
0.0080300077
0.0087642698
0.0090814889
0.0091775170
0.0093332008
0.0095245236
0.0094266657
0.0091488513
0.0087670274
0.0079033766
0.0067019535
0.0058153523
0.0051020103
0.0042996166
0.0039556245
0.0040555246
0.0042926911
0.0044024885
0.0047288192
0.0055547784
0.0061904343
0.0054683211
0.0037861669
0.0020062350
0.0000287038
-0.0020574964
-0.0034683726
-0.0039051338
-0.0038878766
-0.0038403969
-0.0036479076
-0.0031916072
-0.0027455082
-0.0023641495
-0.0020221970
-0.0019299266
-0.0021868384
-0.0026858195
-0.0032140879
-0.0034150829
-0.0029170017
-0.0021565874
-0.0018993226
-0.0020491115
-0.0021100650
-0.0019215903
-0.0014381338
-0.0010331335
-0.0011905898
-0.0017296094
-0.0025910263
-0.0033918230
-0.0037816484
-0.0037870926
-0.0038778971
-0.0045068820
-0.0053454238
-0.0056507946
-0.0054279738
-0.0053801455
-0.0055054638
-0.0049520371
-0.0040928744
-0.0037677643
-0.0037301495
-0.0034045769
-0.0028276861
-0.0025653726
-0.0030512488
-0.0037501637
-0.0042535762
-0.0044257671
-0.0041020067
-0.0038687532
-0.0038653133
-0.0035807628
-0.0030122722
-0.0029769415
-0.0037864819
-0.0050025236
-0.0059930335
-0.0063438568
-0.0064017330
-0.0067653813
-0.0073038135
-0.0078932010
-0.0085187494
-0.0091349132
-0.0091132401
-0.0082609435
-0.0073108265
-0.0067084149
-0.0062497703
-0.0058963475
-0.0052639404
-0.0042486615
-0.0036945389
-0.0037063445
-0.0035881033
-0.0027552428
-0.0014671285
-0.0002244693
0.0005614633
0.0010422643
0.0014774632
0.0017931687
0.0016014263
0.0005327470
-0.0008871806
-0.0019115333
-0.0026490017
-0.0037395706
-0.0047485803
-0.0050280373
-0.0046924514
-0.0039636474
-0.0026996261
-0.0009212075
0.0006715572
0.0017095537
0.0021956076
0.0024156845
0.0025148454
0.0025445361
0.0027248603
0.0030943666
0.0035221602
0.0033983923
0.0024653250
0.0013859381
0.0005292715
0.0000069033
-0.0002638487
-0.0003517093
-0.0001038757
0.0002295817
0.0005665893
0.0011263930
0.0015396006
0.0016005434
0.0016326954
0.0019841305
0.0027390356
0.0037843050
0.0046766208
0.0050876782
0.0053226140
0.0056525587
0.0058818199
0.0061512006
0.0065392803
0.0066737795
0.0066661631
0.0071214480
0.0080321857
0.0086515269
0.0089727637
0.0088849704
0.0081478816
0.0072098110
0.0063678658
0.0055864142
0.0052409870
0.0055198128
0.0062130581
0.0069338884
0.0075428224
0.0078814896
0.0077457919
0.0067603544
0.0053178494
0.0040496806
0.0031407936
0.0029214588
0.0033416875
0.0035090266
0.0030330134
0.0023618278
0.0017377255
0.0014615692
0.0015564206
0.0018194304
0.0017166494
0.0007435787
-0.0006366856
-0.0019582662
-0.0030708810
-0.0038065806
-0.0039346834
-0.0033648536
-0.0024389953
-0.0018508091
-0.0017776341
-0.0019689448
-0.0022777123
-0.0028206926
-0.0033312749
-0.0036574132
-0.0038027867
-0.0037098105
-0.0035853687
-0.0035999422
-0.0034221919
-0.0029522870
-0.0023432134
-0.0017792884
-0.0013206141
-0.0010592845
-0.0009526224
-0.0012158977
-0.0020534385
-0.0028523449
-0.0033152944
-0.0037010051
-0.0038947322
-0.0038152797
-0.0037151004
-0.0041064675
-0.0051069906
-0.0057936171
-0.0055608972
-0.0048087810
-0.0040902865
-0.0039035652
-0.0036741619
-0.0024773299
-0.0005696048
0.0009377467
0.0014968629
0.0014811797
0.0006807501
-0.0008755603
-0.0024190113
-0.0035629812
-0.0038483099
-0.0034620595
-0.0028650436
-0.0020720698
-0.0010388593
0.0002028529
0.0013186227
0.0020095953
0.0024788387
0.0032387753
0.0042972908
0.0050778283
0.0053135718
0.0052281577
0.0047410279
0.0042041637
0.0038890906
0.0035653879
0.0027352220
0.0013743886
-0.0002001829
-0.0015538373
-0.0022095725
-0.0022031066
-0.0019246893
-0.0014615649
-0.0007615342
-0.0003309433
-0.0001949280
-0.0001842760
-0.0001272239
-0.0000525893
0.0000554200
0.0002673941
0.0006223423
0.0010752920
0.0011910839
0.0009630946
0.0001514138
-0.0009665715
-0.0015013665
-0.0016079325
-0.0017547086
-0.0018938453
-0.0020647698
-0.0022564898
-0.0020600328
-0.0013319485
-0.0008423466
-0.0012108580
-0.0019085091
-0.0020983062
-0.0017756476
-0.0018248790
-0.0020267596
-0.0024942294
-0.0033008633
-0.0038347334
-0.0039555263
-0.0038676934
-0.0035699886
-0.0032945988
-0.0035814830
-0.0043114418
-0.0047554360
-0.0042974999
-0.0037929066
-0.0037345477
-0.0038256524
-0.0038559239
-0.0038431037
-0.0038410289
-0.0038073914
-0.0037599358
-0.0039176460
-0.0044195875
-0.0048534142
-0.0046986138
-0.0041660151
-0.0038373552
-0.0034254661
-0.0027913396
-0.0026904753
-0.0031444889
-0.0032749148
-0.0025207783
-0.0016509403
-0.0014284260
-0.0014485893
-0.0011625817
-0.0003966824
0.0004900776
0.0009879495
0.0012683363
0.0015864236
0.0020709856
0.0028007278
0.0036988631
0.0044879165
0.0051739018
0.0060256905
0.0068823332
0.0072786590
0.0072770172
0.0073459969
0.0076473604
0.0077318556
0.0073354927
0.0069944289
0.0067401485
0.0062987101
0.0056404794
0.0046454601
0.0038182876
0.0037581809
0.0044265765
0.0054343677
0.0063257975
0.0066715815
0.0067479968
0.0064428417
0.0054022318
0.0044052906
0.0037622906
0.0033068144
0.0036810899
0.0043719747
0.0043990505
0.0037696345
0.0030193898
0.0025231316
0.0023377027
0.0024689626
0.0028232905
0.0034811616
0.0042306448
0.0046627183
0.0045967501
0.0040383805
0.0033732416
0.0029882777
0.0023445883
0.0012228343
0.0000909924
-0.0006283977
-0.0007683963
-0.0005356549
0.0001181739
0.0011715481
0.0021766546
0.0028367381
0.0029589834
0.0025948173
0.0022989103
0.0022539025
0.0019702534
0.0010561525
0.0003282176
-0.0002193410
-0.0010810038
-0.0018379780
-0.0023799357
-0.0029725789
-0.0034449278
-0.0035836550
-0.0035960364
-0.0037138252
-0.0038841550
-0.0039152680
-0.0034914359
-0.0027012821
-0.0022781896
-0.0022225517
-0.0019885822
-0.0016832701
-0.0017263714
-0.0022080689
-0.0029508530
-0.0038717953
-0.0044497721
-0.0044586383
-0.0043445387
-0.0040410829
-0.0038496701
-0.0037784059
-0.0034153053
-0.0027817691
-0.0024047843
-0.0023595391
-0.0022068718
-0.0020490591
-0.0020657909
-0.0025610509
-0.0034447710
-0.0039074657
-0.0038751754
-0.0037691326
-0.0037784252
-0.0038548520
-0.0037766690
-0.0033196237
-0.0025147025
-0.0017662252
-0.0014709502
-0.0014440974
-0.0017199554
-0.0021135421
-0.0025553182
-0.0028191075
-0.0024133339
-0.0017726923
-0.0014257220
-0.0012437286
-0.0006483744
0.0000540230
0.0003740715
0.0004421874
0.0002004813
-0.0005410779
-0.0013122130
-0.0016681341
-0.0013643724
-0.0010652661
-0.0017864935
-0.0026886830
-0.0030165998
-0.0032337383
-0.0041139323
-0.0054897146
-0.0062922347
-0.0062212668
-0.0053735957
-0.0042900011
-0.0036163735
-0.0028479188
-0.0018732616
-0.0012523488
-0.0007929000
-0.0008995231
-0.0017564848
-0.0028523804
-0.0036676878
-0.0039000041
-0.0037203872
-0.0033734701
-0.0029074084
-0.0021716366
-0.0012436459
-0.0004855680
0.0001099647
0.0009292957
0.0013750066
0.0012336688
0.0008582609
0.0005157483
0.0004097077
0.0002934660
0.0002716604
0.0005740926
0.0007207498
0.0008231701
0.0010850358
0.0013391641
0.0014035588
0.0015202305
0.0020245895
0.0025596561
0.0031019977
0.0036028391
0.0038180630
0.0039288829
0.0041353474
0.0043469693
0.0046779257
0.0049780772
0.0050316080
0.0052918457
0.0053047562
0.0046525259
0.0035615430
0.0026748694
0.0022636694
0.0024983727
0.0030046633
0.0034308823
0.0044177655
0.0054829870
0.0059739916
0.0062750575
0.0066947971
0.0068322840
0.0066642385
0.0063429156
0.0058724745
0.0056684763
0.0060330951
0.0064969213
0.0066673772
0.0064548836
0.0059745368
0.0056722729
0.0053510702
0.0048274438
0.0043447473
0.0037676719
0.0031377973
0.0022717454
0.0015888244
0.0016132903
0.0020685747
0.0022265412
0.0022273235
0.0023222899
0.0022275429
0.0021969712
0.0023034668
0.0020691101
0.0015780910
0.0008412027
-0.0001157839
-0.0006047991
-0.0007326620
-0.0009588434
-0.0012155923
-0.0014488271
-0.0015910538
-0.0012808821
-0.0009347980
-0.0010285755
-0.0011379938
-0.0011575094
-0.0013399405
-0.0017687874
-0.0024075911
-0.0030215039
-0.0030992674
-0.0026639439
-0.0021022421
-0.0018463929
-0.0019692598
-0.0020646870
-0.0022023956
-0.0025552311
-0.0025841253
-0.0021117800
-0.0016527065
-0.0016501977
-0.0022335641
-0.0028709114
-0.0033140031
-0.0035477092
-0.0031815468
-0.0024392175
-0.0018746797
-0.0016006605
-0.0016568550
-0.0018033793
-0.0018277445
-0.0013865789
-0.0004253429
0.0005030939
0.0005232101
-0.0004465757
-0.0017700149
-0.0031355526
-0.0037765796
-0.0038066927
-0.0041547740
-0.0050304212
-0.0059240614
-0.0069542207
-0.0078326152
-0.0084582444
-0.0092862894
-0.0101538219
-0.0105923781
-0.0103108520
-0.0094195161
-0.0079689067
-0.0061230689
-0.0039943072
-0.0022872066
-0.0015522824
-0.0016320475
-0.0016994442
-0.0015630465
-0.0019368660
-0.0023401033
-0.0019552501
-0.0013388521
-0.0012410439
-0.0014109504
-0.0015667153
-0.0019081580
-0.0022313172
-0.0021497468
-0.0016220145
-0.0007046707
0.0001473673
0.0008013594
0.0012248103
0.0011858249
0.0014255911
0.0020904530
0.0024871468
0.0024597340
0.0024519852
0.0022486975
0.0014336678
0.0003339064
-0.0005181501
-0.0010072093
-0.0011916816
-0.0011489520
-0.0010800034
-0.0006501763
-0.0002803193
-0.0002782231
-0.0001331975
0.0001801204
0.0004030580
0.0009203215
0.0016198490
0.0018670441
0.0020359382
0.0023756288
0.0023902557
0.0019965241
0.0015159329
0.0007590418
0.0000511256
-0.0005163924
-0.0007709636
-0.0004416664
0.0003660025
0.0013988963
0.0026920564
0.0040009427
0.0047740511
0.0052043546
0.0055911028
0.0059407946
0.0062240576
0.0062107298
0.0055915267
0.0049384881
0.0045609024
0.0037289336
0.0027140152
0.0023094079
0.0026843800
0.0033933920
0.0039603411
0.0039348686
0.0037022473
0.0035733671
0.0032528794
0.0027482231
0.0021224934
0.0013134305
0.0009357306
0.0012378542
0.0012081882
0.0005374639
0.0001470189
0.0000891407
-0.0000121840
-0.0001847932
-0.0004296999
-0.0004661885
-0.0001755313
0.0003771500
0.0012675001
0.0021516343
0.0025272817
0.0026627505
0.0027914965
0.0026471641
0.0024242363
0.0024914366
0.0026763524
0.0027057810
0.0024139049
0.0020717491
0.0017229499
0.0012627433
0.0007481530
0.0006213481
0.0011015720
0.0017290200
0.0026418167
0.0041372888
0.0054338615
0.0060944992
0.0064277002
0.0061960400
0.0053479605
0.0043830261
0.0032731389
0.0022892991
0.0016127519
0.0004211129
-0.0012098063
-0.0027192245
-0.0039481809
-0.0047308654
-0.0047198713
-0.0041314970
-0.0034376764
-0.0026115408
-0.0018121932
-0.0011711532
-0.0007229437
-0.0005954641
-0.0007973018
-0.0006964830
-0.0006272931
-0.0011924045
-0.0022993350
-0.0034009384
-0.0038291809
-0.0035851334
-0.0033310022
-0.0035126520
-0.0035318711
-0.0029970741
-0.0021805924
-0.0015484076
-0.0014087812
-0.0017353845
-0.0021871215
-0.0023792546
-0.0020549523
-0.0019232442
-0.0023858853
-0.0026237947
-0.0026319140
-0.0029091476
-0.0034984066
-0.0038795406
-0.0038899197
-0.0035389475
-0.0029018705
-0.0023387549
-0.0018244935
-0.0012057163
-0.0004772764
0.0003316251
0.0007748366
0.0005701498
0.0006530030
0.0011036632
0.0009282409
0.0003389008
-0.0000681865
-0.0003533124
-0.0004959283
-0.0006933065
-0.0011430679
-0.0016825422
-0.0022697293
-0.0027240390
-0.0028594001
-0.0029566076
-0.0030998603
-0.0031681284
-0.0031038417
-0.0027505783
-0.0024115252
-0.0023320975
-0.0018983334
-0.0013918193
-0.0015447891
-0.0017587179
-0.0016280815
-0.0013944685
-0.0011441588
-0.0010222769
-0.0009838813
-0.0006965497
-0.0000034937
0.0005772479
0.0009818615
0.0014557437
0.0019505767
0.0023072912
0.0023534686
0.0025801016
0.0028563162
0.0025587473
0.0022830661
0.0022831693
0.0020867889
0.0016842609
0.0013492976
0.0009737123
0.0006322496
0.0002692149
-0.0001240700
-0.0002896450
-0.0004182700
-0.0004573466
-0.0003209911
-0.0000888601
0.0003580127
0.0009778815
0.0012471862
0.0011776511
0.0007085595
-0.0001386999
-0.0003289699
0.0000756553
-0.0000665859
-0.0006503132
-0.0006471481
-0.0002979340
0.0000676879
0.0004013387
0.0006572590
0.0011961515
0.0017782738
0.0019080181
0.0014994808
0.0009605964
0.0004559812
0.0001605761
-0.0000808046
-0.0000540161
0.0001737448
0.0002727230
0.0005279103
0.0009219374
0.0010571756
0.0008708789
0.0008828034
0.0009889289
0.0008973468
0.0008949493
0.0007460027
0.0002301932
-0.0000925112
-0.0001511715
-0.0004713700
-0.0008515053
-0.0007683756
-0.0006711860
-0.0007970104
-0.0008521436
-0.0010109735
-0.0014036027
-0.0019207276
-0.0025531871
-0.0026770897
-0.0023687762
-0.0020644565
-0.0015159471
-0.0004722556
0.0007560119
0.0018428238
0.0027879139
0.0030479604
0.0026447630
0.0021658238
0.0016455800
0.0013690298
0.0017145885
0.0022484399
0.0021338703
0.0016835215
0.0014466155
0.0013733065
0.0013100041
0.0015002608
0.0018115243
0.0019893835
0.0023643855
0.0027889744
0.0030397834
0.0029242882
0.0022358477
0.0017492952
0.0013900133
0.0012166984
0.0015809202
0.0023057322
0.0028458798
0.0027495885
0.0023641761
0.0022467350
0.0024897751
0.0030040834
0.0032201459
0.0024672944
0.0013056504
0.0005431879
-0.0000755966
-0.0011109624
-0.0023054700
-0.0029069653
-0.0027759733
-0.0024153129
-0.0021313775
-0.0018225000
-0.0013501874
-0.0008392926
-0.0004601780
-0.0002851875
-0.0003880523
-0.0008319340
-0.0014347852
-0.0017440267
-0.0018361493
-0.0017302134
-0.0016735839
-0.0016746313
-0.0015430348
-0.0014449834
-0.0015586365
-0.0021441194
-0.0030100820
-0.0033090058
-0.0029925127
-0.0025148831
-0.0018981235
-0.0015876552
-0.0014114817
-0.0011564237
-0.0009555332
-0.0008529165
-0.0006137112
-0.0007983932
-0.0016853436
-0.0025028837
-0.0029848412
-0.0035272494
-0.0041084602
-0.0043718763
-0.0040528184
-0.0037806274
-0.0037800367
-0.0035370544
-0.0028522908
-0.0022535827
-0.0019360037
-0.0016266342
-0.0014434877
-0.0015596346
-0.0017795784
-0.0019476053
-0.0021296009
-0.0021915281
-0.0018821869
-0.0011794122
-0.0007422055
-0.0011070779
-0.0012402650
-0.0007973173
-0.0004914004
-0.0004418106
-0.0003535866
-0.0003358767
-0.0006475634
-0.0010379475
-0.0013841471
-0.0014073304
-0.0009049471
0.0001138959
0.0014094073
0.0024395607
0.0025783103
0.0024748180
0.0027299945
0.0030538763
0.0030826360
0.0031355450
0.0029400590
0.0023517725
0.0018283426
0.0015272822
0.0012418295
0.0010301384
0.0009105267
0.0007905819
0.0007035929
0.0004986433
0.0004884072
0.0005870293
0.0006770328
0.0007410902
0.0007796310
0.0012406976
0.0019470967
0.0024081938
0.0024217633
0.0025016726
0.0025539508
0.0019468327
0.0010986735
0.0006353864
0.0007919173
0.0012419034
0.0016094911
0.0020575375
0.0022094644
0.0019760784
0.0018732600
0.0019416309
0.0019526804
0.0015062767
0.0010649532
0.0014425154
0.0024947542
0.0033183060
0.0034522960
0.0037559781
0.0040290808
0.0038928801
0.0035647770
0.0032044978
0.0027905710
0.0022605232
0.0016992755
0.0012785214
0.0007773022
0.0002699339
0.0001606716
0.0003067965
0.0002808450
0.0001653197
0.0004420249
0.0010397559
0.0012774871
0.0008765645
0.0004716219
0.0006390659
0.0007325142
0.0003890765
0.0001813820
0.0001818657
0.0001561121
0.0000388085
-0.0000705600
0.0001152302
0.0003075596
0.0000945580
-0.0002502694
-0.0008269484
-0.0015937070
-0.0019109476
-0.0016352803
-0.0010769796
-0.0006313514
-0.0001170839
0.0005968809
0.0013902406
0.0015884083
0.0012209921
0.0009952368
0.0007960248
0.0003997405
0.0000376562
-0.0004234430
-0.0011517769
-0.0020052284
-0.0027774000
-0.0031835433
-0.0031656530
-0.0028814486
-0.0025565750
-0.0025919319
-0.0027754545
-0.0027881369
-0.0025932016
-0.0021175697
-0.0015118823
-0.0013381282
-0.0017822298
-0.0021187414
-0.0023045519
-0.0024878664
-0.0026836989
-0.0029085763
-0.0028493105
-0.0026513073
-0.0027326288
-0.0028672667
-0.0028516121
-0.0026096211
-0.0020286332
-0.0014363921
-0.0010568609
-0.0007266530
-0.0005022917
-0.0006197124
-0.0007160570
-0.0004476873
0.0000050905
0.0003265030
0.0002669401
0.0002199045
0.0006641132
0.0014176425
0.0016603381
0.0013970556
0.0012815438
0.0014692868
0.0016599017
0.0016905916
0.0014488281
0.0010265437
0.0009144516
0.0010524016
0.0011145504
0.0011015205
0.0011874269
0.0013156203
0.0013097684
0.0012447618
0.0009471528
0.0004686514
0.0001786829
0.0001593862
0.0001307273
0.0000025999
-0.0000229251
0.0002929440
0.0007541089
0.0009923063
0.0010112003
0.0008975285
0.0007080341
0.0005487903
0.0006116356
0.0007135074
0.0005071745
0.0002409818
0.0001325177
0.0000031316
-0.0001548256
-0.0001070733
0.0003373886
0.0009002816
0.0011442261
0.0009692148
0.0007768769
0.0007345348
0.0005173404
0.0001675253
-0.0000423552
-0.0001764414
-0.0002505548
-0.0002780657
-0.0003587376
-0.0003772325
-0.0002415838
-0.0001371518
-0.0001234406
-0.0000233381
0.0001197144
0.0001895437
0.0002225734
0.0000404372
-0.0002057304
-0.0003534901
-0.0005158825
-0.0005797305
-0.0006100250
-0.0007782010
-0.0009338126
-0.0009856413
-0.0012529660
-0.0016505444
-0.0016272057
-0.0014804893
-0.0015960368
-0.0016032578
-0.0013429975
-0.0011482846
-0.0013006039
-0.0015939469
-0.0016864125
-0.0016110640
-0.0015422998
-0.0015226030
-0.0014683924
-0.0013378504
-0.0012053545
-0.0010058056
-0.0008516989
-0.0008834299
-0.0008810487
-0.0008569485
-0.0007940319
-0.0006944939
-0.0006636748
-0.0006753839
-0.0006699888
-0.0006483738
-0.0006497845
-0.0005872493
-0.0004057629
-0.0002472258
-0.0002705205
-0.0003868015
-0.0004155133
-0.0004557013
-0.0005598034
-0.0005380833
-0.0003969399
-0.0002738702
-0.0001171255
0.0000556489
0.0001793656
0.0001900134
0.0001468718
0.0002056921
0.0003036003
0.0003246038
0.0003015229
0.0002816455
0.0002499383
0.0002083081
0.0002534231
0.0003470709
0.0003765184
0.0003862793
0.0004358831
0.0005076982
0.0005744251
0.0006082252
0.0006326488
0.0006409095
0.0006460149
0.0006746630
0.0007103125
0.0007169888
0.0007203356
0.0007711517
0.0007810023
0.0007428073
0.0007412030
0.0007683939
0.0007802781
0.0007420394
0.0006655917
0.0006332602
0.0006324724
0.0006330527
0.0006445502
0.0006732042
0.0007184457
0.0007306249
0.0006752102
0.0006153143
0.0005718034
0.0005155014
0.0004591364
0.0004603160
0.0004808350
0.0004498692
0.0004122445
0.0004004259
0.0003875225
0.0003598370
0.0003375078
0.0003419870
0.0003703487
0.0003945793
0.0003843923
0.0003403662
0.0003075625
0.0002805231
0.0002290982
0.0001849829
0.0001641128
0.0001553024
0.0001467859
0.0001471846
0.0001438337
0.0001236569
0.0001107134
0.0001051626
0.0001053886
0.0000994450
0.0000782044
0.0000596081
0.0000459488
0.0000312019
0.0000125674
-0.0000040009
-0.0000100716
-0.0000088167
-0.0000082432
-0.0000120929
-0.0000163103
-0.0000193004
-0.0000235573
-0.0000253927
-0.0000249068
-0.0000255087
-0.0000240348
-0.0000239780
-0.0000246810
-0.0000265620
-0.0000337254
-0.0000393390
-0.0000402929
-0.0000387201
-0.0000378907
-0.0000383618
-0.0000384338
-0.0000356776
-0.0000310504
-0.0000284394
-0.0000278313
-0.0000283369
-0.0000298420
-0.0000308183
-0.0000309560
-0.0000319507
-0.0000324323
-0.0000327570
-0.0000342236
-0.0000355999
-0.0000357852
-0.0000350950
-0.0000343674
-0.0000338913
-0.0000343092
-0.0000351638
-0.0000360997
-0.0000372364
-0.0000381967
-0.0000391317
-0.0000403048
-0.0000414655
-0.0000423162
-0.0000429044
-0.0000434068
-0.0000438833
-0.0000443520
-0.0000448974
-0.0000454859
-0.0000460546
-0.0000466408
-0.0000472917
-0.0000479787
-0.0000486574
-0.0000493210
-0.0000499671
-0.0000505986
-0.0000512261
-0.0000518505
-0.0000524593
-0.0000530481
-0.0000536217
-0.0000541853
-0.0000547387
-0.0000552797
-0.0000558071
-0.0000563207
-0.0000568206
-0.0000573071
-0.0000577799
