-0.0009778002
-0.0009803908
-0.0009831234
-0.0009859842
-0.0009889600
-0.0009920132
-0.0009951020
-0.0009981421
-0.0010010763
-0.0010039083
-0.0010066981
-0.0010094352
-0.0010121489
-0.0010148594
-0.0010174815
-0.0010198622
-0.0010219513
-0.0010238284
-0.0010258206
-0.0010286623
-0.0010332236
-0.0010397800
-0.0010477914
-0.0010560684
-0.0010633848
-0.0010690681
-0.0010731742
-0.0010763330
-0.0010793577
-0.0010831237
-0.0010883753
-0.0010949916
-0.0011018709
-0.0011076522
-0.0011116351
-0.0011145156
-0.0011179168
-0.0011232269
-0.0011307666
-0.0011401280
-0.0011518066
-0.0011661150
-0.0011811727
-0.0011946832
-0.0012058853
-0.0012144451
-0.0012197757
-0.0012213535
-0.0012190250
-0.0012131579
-0.0012047403
-0.0011947121
-0.0011827259
-0.0011685453
-0.0011555969
-0.0011486540
-0.0011493196
-0.0011554723
-0.0011634437
-0.0011721467
-0.0011835399
-0.0011996649
-0.0012219964
-0.0012512335
-0.0012866939
-0.0013257923
-0.0013642171
-0.0013978027
-0.0014255101
-0.0014478938
-0.0014646808
-0.0014750475
-0.0014784174
-0.0014753034
-0.0014696029
-0.0014692937
-0.0014781227
-0.0014906379
-0.0015021350
-0.0015133732
-0.0015261978
-0.0015421373
-0.0015627504
-0.0015891710
-0.0016215287
-0.0016582540
-0.0016956236
-0.0017276970
-0.0017471813
-0.0017480646
-0.0017307460
-0.0017018224
-0.0016650580
-0.0016204452
-0.0015712375
-0.0015250900
-0.0014928798
-0.0014863545
-0.0015104157
-0.0015510951
-0.0015867064
-0.0016149001
-0.0016462656
-0.0016877355
-0.0017366400
-0.0017841031
-0.0018278510
-0.0018718083
-0.0019175223
-0.0019629765
-0.0020033383
-0.0020312805
-0.0020383771
-0.0020181153
-0.0019729213
-0.0019189711
-0.0018746607
-0.0018501870
-0.0018520566
-0.0018812181
-0.0019249155
-0.0019664003
-0.0020000538
-0.0020266003
-0.0020467537
-0.0020618448
-0.0020742775
-0.0020870015
-0.0021026956
-0.0021229756
-0.0021476535
-0.0021743136
-0.0021982631
-0.0022129457
-0.0022109795
-0.0021857260
-0.0021333269
-0.0020549128
-0.0019585863
-0.0018604100
-0.0017832704
-0.0017507269
-0.0017740629
-0.0018462767
-0.0019501255
-0.0020621666
-0.0021559941
-0.0022134837
-0.0022335286
-0.0022247532
-0.0021994525
-0.0021736207
-0.0021649523
-0.0021863098
-0.0022340675
-0.0022886212
-0.0023381534
-0.0023849585
-0.0024315111
-0.0024781757
-0.0025248467
-0.0025704323
-0.0026124766
-0.0026468965
-0.0026691475
-0.0026785467
-0.0026882939
-0.0027247126
-0.0027999425
-0.0028999562
-0.0029984761
-0.0030633170
-0.0030633493
-0.0029861778
-0.0028481577
-0.0026832528
-0.0025275223
-0.0024038281
-0.0023262839
-0.0023062019
-0.0023381603
-0.0024031268
-0.0024988889
-0.0026411484
-0.0028423427
-0.0031052262
-0.0034200663
-0.0037613464
-0.0040949025
-0.0043957492
-0.0046535360
-0.0048679966
-0.0050365025
-0.0051442539
-0.0051682890
-0.0050925065
-0.0049250782
-0.0046818841
-0.0043658057
-0.0039855206
-0.0035723285
-0.0031770781
-0.0028451426
-0.0025843491
-0.0023855792
-0.0022513954
-0.0021923881
-0.0022111175
-0.0022822795
-0.0023608339
-0.0024083232
-0.0024124139
-0.0023917247
-0.0023769872
-0.0023894162
-0.0024253664
-0.0024782119
-0.0025629920
-0.0026962513
-0.0028685550
-0.0030288569
-0.0031097852
-0.0030748103
-0.0029283263
-0.0026992319
-0.0024078785
-0.0020663461
-0.0016964035
-0.0013164325
-0.0009343079
-0.0005654093
-0.0002298305
0.0000653689
0.0003144991
0.0005063285
0.0006439808
0.0007440678
0.0008136934
0.0008481566
0.0008351530
0.0007578660
0.0006004342
0.0003549002
0.0000290477
-0.0003480876
-0.0007264597
-0.0010582727
-0.0013327655
-0.0015401389
-0.0016327310
-0.0015762222
-0.0013889143
-0.0011296415
-0.0008538225
-0.0005779272
-0.0003271648
-0.0001536739
-0.0000860033
-0.0001128079
-0.0002046902
-0.0003622042
-0.0006101270
-0.0009133651
-0.0011929336
-0.0014113970
-0.0015967271
-0.0018166733
-0.0021112723
-0.0024731399
-0.0028668623
-0.0032324701
-0.0035064186
-0.0036686948
-0.0037420991
-0.0037498142
-0.0037125520
-0.0036539598
-0.0035982058
-0.0035659019
-0.0035652798
-0.0035759657
-0.0035509102
-0.0034596597
-0.0033052723
-0.0031044587
-0.0028838702
-0.0026733166
-0.0024841980
-0.0023069557
-0.0021328136
-0.0019573511
-0.0017713611
-0.0015457925
-0.0012382434
-0.0008289100
-0.0003484964
0.0001212952
0.0005017545
0.0007449796
0.0008040215
0.0006458003
0.0002833289
-0.0002298522
-0.0008203363
-0.0014156511
-0.0019533631
-0.0023847887
-0.0026794104
-0.0028203163
-0.0027888076
-0.0025650076
-0.0021450597
-0.0015674787
-0.0009168772
-0.0002827455
0.0002750878
0.0007420786
0.0011221609
0.0014135156
0.0016274011
0.0017877400
0.0019048426
0.0019740581
0.0019896996
0.0019653721
0.0019201075
0.0018380938
0.0016868008
0.0014551297
0.0011769795
0.0009135407
0.0007027484
0.0005501603
0.0004399843
0.0003539603
0.0002810187
0.0002180650
0.0001717741
0.0001593234
0.0002066657
0.0003435335
0.0005955931
0.0009743932
0.0014669683
0.0020277574
0.0025778790
0.0030234597
0.0033027955
0.0034190418
0.0034268238
0.0034098544
0.0034494438
0.0035948504
0.0038508056
0.0041930721
0.0045860045
0.0049944217
0.0053709628
0.0056564391
0.0058073928
0.0057993236
0.0056208067
0.0052955111
0.0048787018
0.0044089112
0.0038843209
0.0032780154
0.0026101772
0.0019702235
0.0014477340
0.0010840478
0.0008584874
0.0007294628
0.0006674098
0.0006529912
0.0006752403
0.0007313924
0.0008251710
0.0009624582
0.0011457458
0.0013677905
0.0016072847
0.0018284417
0.0019946669
0.0020915793
0.0021198662
0.0020788638
0.0019694703
0.0017996164
0.0015868992
0.0013585618
0.0011425626
0.0009476432
0.0007652839
0.0005952018
0.0004508878
0.0003561896
0.0003406918
0.0004209008
0.0005750314
0.0007543427
0.0009126875
0.0010298263
0.0011107660
0.0011641841
0.0012010304
0.0012375517
0.0012941816
0.0013946705
0.0015685342
0.0018600742
0.0023160804
0.0029366467
0.0036727130
0.0044681198
0.0052625189
0.0059876244
0.0065734479
0.0069589860
0.0071052878
0.0070026698
0.0066698164
0.0061453717
0.0054861992
0.0047586928
0.0040040440
0.0032171764
0.0023759798
0.0014635965
0.0004807125
-0.0005304699
-0.0014849623
-0.0023019930
-0.0029458185
-0.0034372192
-0.0037996544
-0.0040235301
-0.0041256522
-0.0041504726
-0.0041065713
-0.0039901656
-0.0038141127
-0.0035769473
-0.0032701501
-0.0029236921
-0.0025837354
-0.0022717794
-0.0019826579
-0.0016990763
-0.0014112872
-0.0011099821
-0.0007867414
-0.0004735991
-0.0002411032
-0.0001432793
-0.0001975337
-0.0003870352
-0.0006734017
-0.0010160376
-0.0013895610
-0.0017737578
-0.0021416379
-0.0024778021
-0.0027820735
-0.0030506143
-0.0032847342
-0.0035049373
-0.0037333982
-0.0039871887
-0.0042892355
-0.0046405090
-0.0049896298
-0.0052687764
-0.0054292235
-0.0054454691
-0.0053059310
-0.0050012856
-0.0045364566
-0.0039407091
-0.0032614461
-0.0025348143
-0.0017527057
-0.0008834101
0.0000910169
0.0011487525
0.0022416981
0.0033278058
0.0043569286
0.0052660936
0.0060064858
0.0065486780
0.0068715652
0.0069734383
0.0068853458
0.0066737985
0.0064148486
0.0061488012
0.0058774714
0.0055898162
0.0053021572
0.0050481407
0.0048306007
0.0046172276
0.0043579681
0.0040116391
0.0035633759
0.0030313511
0.0024688808
0.0019451517
0.0015021700
0.0011554878
0.0009303213
0.0008437497
0.0008851453
0.0010308359
0.0012509980
0.0015064923
0.0017495954
0.0019357175
0.0020465950
0.0020906905
0.0020800906
0.0020277554
0.0019500684
0.0018658387
0.0017951499
0.0017570920
0.0017654093
0.0018162504
0.0018699976
0.0018714285
0.0017979439
0.0016543024
0.0014557888
0.0012278099
0.0009933842
0.0007542651
0.0005051246
0.0002510565
0.0000053556
-0.0002254547
-0.0004573078
-0.0007109408
-0.0009917503
-0.0012899249
-0.0015936269
-0.0019035290
-0.0022155006
-0.0025048435
-0.0027348763
-0.0028895202
-0.0029995302
-0.0030931528
-0.0031584159
-0.0031660600
-0.0030854782
-0.0028971169
-0.0026167989
-0.0022944699
-0.0019758699
-0.0017011157
-0.0015170910
-0.0014545422
-0.0015154140
-0.0016880120
-0.0019481947
-0.0022541441
-0.0025475497
-0.0027685714
-0.0028816312
-0.0028746790
-0.0027517035
-0.0025506596
-0.0023259374
-0.0020941874
-0.0018751035
-0.0017395695
-0.0017329492
-0.0018350769
-0.0020039339
-0.0021889210
-0.0023365055
-0.0024122127
-0.0024081603
-0.0023300170
-0.0021937776
-0.0020247514
-0.0018532538
-0.0016987316
-0.0015476914
-0.0013666591
-0.0011274923
-0.0008164319
-0.0004429662
-0.0000444656
0.0003340655
0.0006578021
0.0008846948
0.0009711041
0.0009023375
0.0006900900
0.0003606346
-0.0000417573
-0.0004632863
-0.0008596705
-0.0011854413
-0.0013886803
-0.0014366080
-0.0013209240
-0.0010415335
-0.0006119524
-0.0000693791
0.0005228528
0.0010884602
0.0015656231
0.0019164756
0.0021323005
0.0022376490
0.0022790638
0.0023010173
0.0023395054
0.0024190051
0.0025467508
0.0027086332
0.0028678214
0.0029672112
0.0029375415
0.0027125134
0.0022578136
0.0015978709
0.0007971392
-0.0000580634
-0.0008483580
-0.0014621908
-0.0018680750
-0.0020985404
-0.0022079521
-0.0022485854
-0.0022490480
-0.0022023060
-0.0020985524
-0.0019518867
-0.0017816315
-0.0015944721
-0.0013810714
-0.0011522822
-0.0009543950
-0.0008271285
-0.0007915750
-0.0008620284
-0.0010261843
-0.0012420177
-0.0014758320
-0.0017062790
-0.0019009938
-0.0020189140
-0.0020289193
-0.0019357331
-0.0017789616
-0.0016098559
-0.0014831997
-0.0014419011
-0.0014879672
-0.0015808441
-0.0016587813
-0.0016456253
-0.0014596439
-0.0010336229
-0.0003476674
0.0005426029
0.0015301776
0.0024987487
0.0033501091
0.0040096147
0.0044251540
0.0045954235
0.0045784951
0.0044515210
0.0042802595
0.0041083848
0.0039852672
0.0039735668
0.0041024569
0.0043554510
0.0046916904
0.0050494474
0.0053568874
0.0055580664
0.0056173001
0.0055110494
0.0052495158
0.0048805915
0.0044522183
0.0040073377
0.0036000753
0.0032758934
0.0030481217
0.0028958680
0.0027789114
0.0026631415
0.0025279600
0.0023690178
0.0022019880
0.0020611680
0.0019886332
0.0020091930
0.0021162691
0.0022857618
0.0024835791
0.0026711251
0.0028253147
0.0029479968
0.0030479331
0.0031317291
0.0032047346
0.0032700684
0.0033283299
0.0033798676
0.0034371556
0.0035337879
0.0036897195
0.0038813698
0.0040594439
0.0041751569
0.0042035888
0.0041397761
0.0039823851
0.0037353610
0.0034047147
0.0029838414
0.0024620239
0.0018550947
0.0012139457
0.0006108057
0.0001018121
-0.0002967443
-0.0005929258
-0.0008006365
-0.0009244627
-0.0009721173
-0.0009621825
-0.0008933680
-0.0007404381
-0.0004987957
-0.0001835847
0.0002065629
0.0006714584
0.0011799231
0.0016670068
0.0020488840
0.0022539773
0.0022445694
0.0020314963
0.0016834424
0.0013083934
0.0009964622
0.0008000778
0.0007651440
0.0009204968
0.0012492763
0.0017006752
0.0022237372
0.0028052055
0.0034633819
0.0041971879
0.0049695810
0.0057193513
0.0063935970
0.0069713038
0.0074489585
0.0078330582
0.0081408525
0.0083881006
0.0085715937
0.0086727849
0.0086758799
0.0085951505
0.0084771553
0.0083756247
0.0083325564
0.0083664541
0.0084862404
0.0087110292
0.0090801101
0.0096245315
0.0103177685
0.0110927742
0.0118770941
0.0125968841
0.0131886000
0.0136234294
0.0138940308
0.0139760713
0.0138335725
0.0134432305
0.0128242139
0.0120392245
0.0111568211
0.0102323729
0.0093050609
0.0084265723
0.0076671065
0.0070567602
0.0065809752
0.0062410197
0.0060501747
0.0060003365
0.0060557237
0.0061674045
0.0063066494
0.0064576371
0.0065767508
0.0066144559
0.0065563437
0.0064137004
0.0062095438
0.0059788873
0.0057574734
0.0055607686
0.0053946465
0.0052745568
0.0052231317
0.0052560443
0.0053613440
0.0055111852
0.0056983988
0.0059138319
0.0061148098
0.0062567725
0.0063207206
0.0063003797
0.0062044126
0.0060715986
0.0059344464
0.0057713685
0.0055492410
0.0052617766
0.0048991981
0.0044409421
0.0038843180
0.0032456885
0.0025447911
0.0018100585
0.0010905641
0.0004631155
0.0000011868
-0.0002948577
-0.0004805030
-0.0005891141
-0.0006256828
-0.0005783209
-0.0004191567
-0.0001104565
0.0003841627
0.0010847255
0.0019821926
0.0030379513
0.0041903601
0.0053517678
0.0064181753
0.0073005167
0.0079561991
0.0084086780
0.0087017058
0.0088376079
0.0088090866
0.0086335129
0.0083410835
0.0079701177
0.0075711073
0.0071971481
0.0068879482
0.0066761236
0.0065818545
0.0065765539
0.0065910713
0.0065770499
0.0065139420
0.0063855125
0.0061784638
0.0058777770
0.0054497673
0.0048361415
0.0039685897
0.0028014597
0.0013524245
-0.0002914672
-0.0019942622
-0.0036054273
-0.0049902017
-0.0060435379
-0.0066946454
-0.0069014811
-0.0066539424
-0.0059718298
-0.0049040771
-0.0035238644
-0.0019189728
-0.0001703661
0.0016790166
0.0036071740
0.0055794028
0.0075431540
0.0094502080
0.0113062059
0.0131475758
0.0149481391
0.0166112370
0.0180155518
0.0190624058
0.0197026222
0.0199082583
0.0196739608
0.0190532967
0.0181306809
0.0169519025
0.0155419761
0.0139351356
0.0121680298
0.0102714407
0.0082692742
0.0062140906
0.0042230670
0.0024317872
0.0009428924
-0.0001707268
-0.0008621783
-0.0011119405
-0.0009439461
-0.0004169328
0.0004302494
0.0015761800
0.0029420430
0.0044021017
0.0058529158
0.0072352030
0.0085331894
0.0097526760
0.0108974309
0.0119497877
0.0128842513
0.0136830514
0.0143270899
0.0148043165
0.0151376188
0.0153712890
0.0155417583
0.0156910419
0.0158638925
0.0160662089
0.0162725925
0.0164693275
0.0166453313
0.0167739125
0.0168195628
0.0167571369
0.0165939157
0.0163497121
0.0160277123
0.0156341201
0.0151989371
0.0147745590
0.0144191823
0.0141696111
0.0140339460
0.0139975784
0.0140397094
0.0141419602
0.0142878660
0.0144643379
0.0146699902
0.0149310936
0.0152973667
0.0158093276
0.0164779363
0.0172785558
0.0181575748
0.0190422009
0.0198436849
0.0204756577
0.0208850938
0.0210516944
0.0209721255
0.0206513747
0.0201027510
0.0193545917
0.0184458934
0.0174143283
0.0163026025
0.0151661758
0.0140718225
0.0130724744
0.0121726213
0.0113676857
0.0106808450
0.0101239885
0.0096784060
0.0093191190
0.0090329247
0.0088271243
0.0087121897
0.0087005100
0.0088359048
0.0091700365
0.0097034886
0.0103840181
0.0111351224
0.0118898928
0.0125968452
0.0131940281
0.0135966067
0.0137065543
0.0134634921
0.0128717404
0.0119738109
0.0108367703
0.0095443906
0.0081983391
0.0069013278
0.0057143140
0.0046570936
0.0037520551
0.0030239313
0.0024778336
0.0020716706
0.0017096435
0.0012692794
0.0006349496
-0.0002578165
-0.0013867499
-0.0026637649
-0.0040139041
-0.0053724308
-0.0066521666
-0.0077771828
-0.0086890481
-0.0092929799
-0.0094645980
-0.0091071563
-0.0082008387
-0.0068176862
-0.0050839904
-0.0031537718
-0.0011838740
0.0007039869
0.0024515726
0.0040508575
0.0055182221
0.0068659123
0.0080843257
0.0091535522
0.0101005260
0.0110022888
0.0119140195
0.0128479266
0.0137691005
0.0145831298
0.0151676668
0.0154531681
0.0154345408
0.0151390597
0.0146211380
0.0139619895
0.0132663522
0.0126326424
0.0121125930
0.0117316644
0.0115060561
0.0114168986
0.0114078523
0.0114092379
0.0113444745
0.0111349811
0.0107119761
0.0100313559
0.0090898994
0.0079375469
0.0066704413
0.0053957961
0.0042155411
0.0032316319
0.0025096320
0.0020449998
0.0018028871
0.0017409477
0.0017854674
0.0018394837
0.0018193336
0.0016842333
0.0014475681
0.0011622604
0.0009112184
0.0007964824
0.0009113413
0.0013264314
0.0021074252
0.0032973606
0.0048755091
0.0067636245
0.0088437025
0.0109518559
0.0128980811
0.0145138477
0.0156464240
0.0161531992
0.0159512110
0.0150452603
0.0135094105
0.0114741707
0.0090994733
0.0065482795
0.0039720706
0.0015081537
-0.0007355271
-0.0027024410
-0.0043794453
-0.0057871597
-0.0069778107
-0.0080011834
-0.0088607285
-0.0095649091
-0.0101713360
-0.0107520308
-0.0113586940
-0.0119990022
-0.0126330036
-0.0131843635
-0.0135662144
-0.0137063791
-0.0135617711
-0.0131219510
-0.0124051584
-0.0114654407
-0.0103745276
-0.0091673487
-0.0078472570
-0.0064393978
-0.0049909837
-0.0035554956
-0.0021972632
-0.0009912127
-0.0000123981
0.0006907161
0.0011179292
0.0012967204
0.0012541401
0.0010090848
0.0005889144
0.0000521146
-0.0005360476
-0.0011356130
-0.0017292445
-0.0023044120
-0.0028330136
-0.0032797036
-0.0036197863
-0.0038292940
-0.0038885724
-0.0038113876
-0.0036474376
-0.0034573487
-0.0032947943
-0.0031980655
-0.0032021320
-0.0033312990
-0.0035728569
-0.0038851249
-0.0042252923
-0.0045679320
-0.0048980119
-0.0051789918
-0.0053844346
-0.0055568255
-0.0057758219
-0.0061017110
-0.0065426561
-0.0070496877
-0.0075402390
-0.0079210283
-0.0081152294
-0.0080794312
-0.0078081341
-0.0073244539
-0.0066718785
-0.0059034418
-0.0050851507
-0.0042994504
-0.0036423737
-0.0032141104
-0.0030998047
-0.0033373285
-0.0039043300
-0.0047532141
-0.0058107237
-0.0069372739
-0.0079739183
-0.0088233390
-0.0094356510
-0.0097878318
-0.0098989731
-0.0098420074
-0.0097375341
-0.0097176572
-0.0098909303
-0.0103440903
-0.0111360223
-0.0122755040
-0.0137042687
-0.0153050560
-0.0169493948
-0.0185256829
-0.0199191341
-0.0209972737
-0.0216125635
-0.0216457380
-0.0210623288
-0.0199499502
-0.0184704076
-0.0167345815
-0.0148282581
-0.0128616940
-0.0109235195
-0.0090636378
-0.0073412818
-0.0058387931
-0.0046436374
-0.0038111286
-0.0033270488
-0.0030888892
-0.0029322873
-0.0026994708
-0.0022593628
-0.0015162563
-0.0004262567
0.0009984120
0.0026984628
0.0045915542
0.0065989170
0.0086261680
0.0105494796
0.0122391774
0.0135787309
0.0144775555
0.0148743574
0.0147370652
0.0140695577
0.0129197582
0.0113805214
0.0095893112
0.0077026189
0.0058484780
0.0041077470
0.0025514221
0.0012433907
0.0002190508
-0.0004945433
-0.0008641688
-0.0008821278
-0.0005731802
0.0000338502
0.0008915805
0.0019089987
0.0029486406
0.0038622133
0.0045645275
0.0050533859
0.0053839269
0.0056365797
0.0058865112
0.0061956797
0.0066093675
0.0071569571
0.0078737659
0.0088055000
0.0099431022
0.0112034545
0.0124943882
0.0137365819
0.0148567177
0.0157793444
0.0164341333
0.0167908994
0.0168723241
0.0167379717
0.0164724748
0.0161659680
0.0158937672
0.0157135256
0.0156778604
0.0158191300
0.0161250128
0.0165477521
0.0170178074
0.0174478590
0.0177520366
0.0178801235
0.0178290859
0.0176326464
0.0173282778
0.0169486336
0.0165404495
0.0161518158
0.0157998047
0.0154543865
0.0150626872
0.0146188475
0.0141640488
0.0137349386
0.0133570876
0.0130471209
0.0128039753
0.0126019650
0.0123868881
0.0120821788
0.0116121940
0.0109508969
0.0101306584
0.0091946927
0.0082060596
0.0072775889
0.0065159101
0.0059668752
0.0056235108
0.0054555359
0.0054442370
0.0055684577
0.0057883361
0.0060644700
0.0063699696
0.0066905782
0.0070241136
0.0073872856
0.0078277747
0.0084089611
0.0091644078
0.0101148676
0.0113074367
0.0127705812
0.0144725141
0.0163338912
0.0182567808
0.0201571631
0.0219442458
0.0235221312
0.0248624352
0.0260245975
0.0271065601
0.0282177925
0.0294543378
0.0308786508
0.0324933455
0.0342172185
0.0359230613
0.0375021798
0.0388696393
0.0399757515
0.0408390287
0.0415254662
0.0420932112
0.0426043241
0.0431408356
0.0437920405
0.0446126895
0.0455740108
0.0465829696
0.0475230315
0.0482665144
0.0487022131
0.0487726045
0.0484703710
0.0478095251
0.0468231251
0.0455672528
0.0441270769
0.0425968112
0.0410575683
0.0396044390
0.0383462498
0.0373326851
0.0365584454
0.0360112225
0.0356469837
0.0353502212
0.0349300522
0.0341403024
0.0327338187
0.0305147459
0.0273808089
0.0233174396
0.0184031319
0.0128161311
0.0068105684
0.0006313673
-0.0055747063
-0.0117726144
-0.0179252573
-0.0239403570
-0.0296730278
-0.0349851820
-0.0398011367
-0.0441215078
-0.0479941195
-0.0514625461
-0.0545672517
-0.0573512423
-0.0598375868
-0.0620555375
-0.0640939310
-0.0660854641
-0.0681348769
-0.0702573743
-0.0723580990
-0.0742846358
-0.0758705453
-0.0769805856
-0.0775454868
-0.0775759343
-0.0771436262
-0.0763607991
-0.0753435555
-0.0741950842
-0.0729934707
-0.0717885852
-0.0706082559
-0.0694704590
-0.0683828441
-0.0673341338
-0.0662801398
-0.0651620746
-0.0639582631
-0.0626956995
-0.0614174372
-0.0601110363
-0.0586939471
-0.0571023185
-0.0553227109
-0.0533710425
-0.0512853076
-0.0491194025
-0.0469427565
-0.0448161111
-0.0427504147
-0.0407302506
-0.0387582143
-0.0368604540
-0.0350849285
-0.0334953913
-0.0321493856
-0.0310722296
-0.0302631886
-0.0297204865
-0.0294724896
-0.0295767553
-0.0300922227
-0.0310378404
-0.0323673947
-0.0339875543
-0.0357797661
-0.0376288527
-0.0394704480
-0.0413208077
-0.0432157545
-0.0451435012
-0.0470167338
-0.0486923426
-0.0500216532
-0.0508717929
-0.0511404619
-0.0507641076
-0.0497098467
-0.0479500267
-0.0455072845
-0.0424705305
-0.0389326772
-0.0349640404
-0.0306531754
-0.0261474507
-0.0216608420
-0.0174059626
-0.0135349433
-0.0101238348
-0.0071792253
-0.0046682562
-0.0025804817
-0.0009554264
0.0001669359
0.0007655035
0.0008077819
0.0002597749
-0.0009014337
-0.0026718219
-0.0050194106
-0.0078983101
-0.0112429471
-0.0149633489
-0.0189474033
-0.0230779841
-0.0272676225
-0.0314603316
-0.0356105564
-0.0396436411
-0.0434437408
-0.0468989976
-0.0499279005
-0.0524754844
-0.0545364464
-0.0561631027
-0.0574443458
-0.0584687712
-0.0592827401
-0.0598726097
-0.0601738756
-0.0601201018
-0.0596780255
-0.0588265186
-0.0575567085
-0.0558824736
-0.0538739301
-0.0516492639
-0.0493011416
-0.0468640424
-0.0443418666
-0.0417122203
-0.0389361403
-0.0359639766
-0.0327504516
-0.0292683137
-0.0255278803
-0.0215795140
-0.0174905270
-0.0132890469
-0.0089149189
-0.0042527182
0.0007553234
0.0060956571
0.0117035492
0.0174892801
0.0233382324
0.0291188817
0.0347435505
0.0402528531
0.0457628760
0.0514110957
0.0573550540
0.0637270700
0.0705549555
0.0778113741
0.0854683473
0.0934625531
0.1016899126
0.1100665064
0.1185241669
0.1269826429
0.1353169635
0.1433580994
0.1509202732
0.1578359214
0.1639858024
0.1693373894
0.1739460635
0.1779076537
0.1813236420
0.1842868950
0.1868445986
0.1889711131
0.1906113243
0.1916952882
0.1920860178
0.1916102197
0.1901377318
0.1876357910
0.1842093665
0.1801316772
0.1757485393
0.1712632452
0.1667194244
0.1620694368
0.1572517342
0.1522364523
0.1470149606
0.1415749515
0.1358666603
0.1297935141
0.1232373399
0.1161171301
0.1084246923
0.1002080035
0.0915340884
0.0824587535
0.0730847579
0.0635938771
0.0542180338
0.0451709994
0.0365907836
0.0285959160
0.0213220344
0.0148538275
0.0092140935
0.0044137888
0.0004633715
-0.0026144490
-0.0047638228
-0.0059138171
-0.0060136585
-0.0050319046
-0.0029265459
0.0003295720
0.0047024615
0.0100541188
0.0161936618
0.0229879870
0.0302670524
0.0377800446
0.0453609780
0.0529771603
0.0606250227
0.0683023247
0.0759828861
0.0835417755
0.0907593384
0.0974487062
0.1035123901
0.1089358756
0.1137662352
0.1180665254
0.1218676547
0.1251331296
0.1277350448
0.1294838451
0.1301867425
0.1297141564
0.1280446778
0.1252585335
0.1215000232
0.1168917260
0.1115482784
0.1055859286
0.0991053353
0.0922208516
0.0851253169
0.0780454049
0.0711664668
0.0646496587
0.0586338133
0.0531679680
0.0482112700
0.0436909017
0.0395428178
0.0357175887
0.0321351836
0.0286725451
0.0252291141
0.0217297852
0.0181042726
0.0142530116
0.0100772979
0.0055867931
0.0009481945
-0.0035713969
-0.0077501995
-0.0115286605
-0.0149157602
-0.0178983565
-0.0204057809
-0.0223800843
-0.0238523884
-0.0249053143
-0.0256228459
-0.0261121826
-0.0265063394
-0.0269440144
-0.0275470651
-0.0284090361
-0.0295987116
-0.0311720940
-0.0331673630
-0.0355787313
-0.0383376099
-0.0413671053
-0.0446169782
-0.0480397781
-0.0515885755
-0.0552514609
-0.0590114162
-0.0628083495
-0.0665537776
-0.0701768396
-0.0736704604
-0.0770717063
-0.0803991868
-0.0836567859
-0.0868357649
-0.0899084322
-0.0928237281
-0.0955164446
-0.0979608452
-0.1002084312
-0.1023376711
-0.1044221277
-0.1065374600
-0.1087553251
-0.1111198535
-0.1136417879
-0.1162935565
-0.1190026389
-0.1216373643
-0.1239894627
-0.1257914613
-0.1267565704
-0.1266345093
-0.1252681163
-0.1226346424
-0.1188392668
-0.1140399818
-0.1083748662
-0.1019632396
-0.0950427693
-0.0879682164
-0.0810489297
-0.0745753624
-0.0688726698
-0.0642282932
-0.0608229313
-0.0587191318
-0.0578309321
-0.0579252539
-0.0586674290
-0.0597014768
-0.0607135072
-0.0614597986
-0.0617729862
-0.0615420107
-0.0606948749
-0.0592153269
-0.0571625106
-0.0546732833
-0.0518984262
-0.0489211149
-0.0457848009
-0.0425235922
-0.0391410757
-0.0356467870
-0.0321379631
-0.0287604051
-0.0256388700
-0.0228530205
-0.0204585259
-0.0185404711
-0.0171788214
-0.0163915968
-0.0161447809
-0.0163875636
-0.0170870031
-0.0181854806
-0.0195085582
-0.0207432245
-0.0214753932
-0.0212964896
-0.0199221726
-0.0172755042
-0.0134713805
-0.0087161894
-0.0032550072
0.0026456317
0.0086930828
0.0145447613
0.0198288943
0.0241873865
0.0273714372
0.0293426446
0.0302496455
0.0302830097
0.0297031991
0.0288942505
0.0283223139
0.0284563809
0.0296862414
0.0322901869
0.0364400517
0.0421973083
0.0495277894
0.0583212873
0.0683655977
0.0792886589
0.0906512491
0.1020909525
0.1134127969
0.1245961374
0.1357121211
0.1468437920
0.1579933535
0.1690153459
0.1795612935
0.1890441642
0.1966456237
0.2013684804
0.2021039350
0.1977544729
0.1874461450
0.1707275824
0.1476611644
0.1188704359
0.0853923546
0.0484283149
0.0091355160
-0.0313623144
-0.0718542421
-0.1109164821
-0.1469380429
-0.1782903875
-0.2035658503
-0.2218270708
-0.2328885123
-0.2377993305
-0.2390596011
-0.2401120028
-0.2436080313
-0.2488066660
-0.2515376449
-0.2491040019
-0.2435785739
-0.2376810762
-0.2327536112
-0.2324361805
-0.2364611779
-0.2413766058
-0.2452446937
-0.2663199918
-0.2823647409
-0.2931905410
-0.2705595147
-0.2420828265
-0.1934597477
-0.1473791754
-0.1077875585
-0.0803542180
-0.0622316935
-0.0570747207
-0.0652347590
-0.0811308156
-0.0986568960
-0.1151307045
-0.1307100437
-0.1465111644
-0.1625900377
-0.1770321675
-0.1869359868
-0.1901756436
-0.1865557872
-0.1778811819
-0.1672501173
-0.1580585108
-0.1530374770
-0.1536175745
-0.1596762964
-0.1697131423
-0.1813218981
-0.1917576072
-0.1984662237
-0.1995201097
-0.1938832274
-0.1814901320
-0.1631710291
-0.1404608013
-0.1153722491
-0.0900807001
-0.0665327392
-0.0462028368
-0.0299715091
-0.0180789174
-0.0101745767
-0.0054614297
-0.0028642470
-0.0012198164
0.0004924544
0.0029987883
0.0067568405
0.0119419407
0.0183937803
0.0257324066
0.0335029490
0.0412274315
0.0484553515
0.0548143573
0.0600400611
0.0639871519
0.0666355714
0.0680642781
0.0683975163
0.0677662843
0.0662867029
0.0640437461
0.0610883747
0.0574422800
0.0531020544
0.0480370733
0.0422010608
0.0355436129
0.0280185208
0.0195763690
0.0101522985
-0.0002623787
-0.0115614845
-0.0235449655
-0.0359993380
-0.0488001452
-0.0618278967
-0.0748831857
-0.0877636316
-0.1002986822
-0.1123152886
-0.1236554959
-0.1342014959
-0.1438589559
-0.1525389627
-0.1601516417
-0.1666166067
-0.1718608033
-0.1757824818
-0.1782504176
-0.1791583074
-0.1784431591
-0.1760571039
-0.1719577657
-0.1661200562
-0.1585864578
-0.1494903145
-0.1390293285
-0.1274170115
-0.1148607127
-0.1015976881
-0.0878979049
-0.0740296562
-0.0603178380
-0.0471315896
-0.0347190970
-0.0231760701
-0.0125680541
-0.0029301419
0.0057358421
0.0134353854
0.0202056259
0.0261685392
0.0314728171
0.0362005057
0.0403470736
0.0438422425
0.0465883213
0.0484905337
0.0494723411
0.0494790527
0.0484984549
0.0465996489
0.0439391564
0.0407228175
0.0371475958
0.0333729491
0.0295434751
0.0258323193
0.0224550332
0.0195844606
0.0173047295
0.0156653201
0.0146871483
0.0143480319
0.0146287237
0.0155517180
0.0171705673
0.0195481394
0.0227291523
0.0266871191
0.0313038515
0.0364141830
0.0418408945
0.0474172076
0.0529687052
0.0583172948
0.0633385741
0.0679559198
0.0720809001
0.0756522846
0.0786775091
0.0811910734
0.0832208982
0.0847845369
0.0858921213
0.0865449975
0.0867078394
0.0863151176
0.0853215477
0.0837305512
0.0815925453
0.0789577801
0.0758525710
0.0723084595
0.0683757845
0.0641194912
0.0595844009
0.0547914924
0.0497797444
0.0445991009
0.0392796425
0.0338562515
0.0283871312
0.0229404837
0.0175813026
0.0123595266
0.0073136032
0.0024616085
-0.0022271680
-0.0068176189
-0.0113695509
-0.0159362846
-0.0205609983
-0.0252412570
-0.0299152782
-0.0344889346
-0.0388520580
-0.0429081360
-0.0465977946
-0.0498684447
-0.0526125744
-0.0547181003
-0.0561214274
-0.0567525792
-0.0565317165
-0.0554416187
-0.0535319963
-0.0508891880
-0.0476451557
-0.0439668459
-0.0400084597
-0.0358972913
-0.0317274315
-0.0275562414
-0.0234117265
-0.0193132219
-0.0152938092
-0.0114068713
-0.0077068293
-0.0042284303
-0.0009926297
0.0019955497
0.0047493864
0.0072600754
0.0094683030
0.0112983643
0.0126805767
0.0135552262
0.0138848598
0.0136635331
0.0129106070
0.0116704609
0.0100145045
0.0080175144
0.0057222003
0.0031392056
0.0002487909
-0.0030032669
-0.0066735887
-0.0107768486
-0.0152736055
-0.0200838389
-0.0251192136
-0.0303245574
-0.0357131794
-0.0413180959
-0.0471274873
-0.0530650032
-0.0590206722
-0.0649224395
-0.0707173601
-0.0763526308
-0.0818012990
-0.0870493929
-0.0920430918
-0.0967057313
-0.1009734969
-0.1047954476
-0.1081267281
-0.1109236276
-0.1131189944
-0.1146060952
-0.1152715001
-0.1150284436
-0.1138212026
-0.1116275120
-0.1084513045
-0.1043374319
-0.0993654450
-0.0936135992
-0.0871579202
-0.0800831020
-0.0724865024
-0.0644572492
-0.0560381729
-0.0472447546
-0.0381314908
-0.0288305084
-0.0195354847
-0.0104090429
-0.0015622537
0.0068878460
0.0148341289
0.0222010988
0.0289099810
0.0348715307
0.0400172954
0.0443236743
0.0478177379
0.0505799195
0.0527036605
0.0542135887
0.0550866523
0.0553235868
0.0549982899
0.0542836895
0.0534437969
0.0527580877
0.0523983268
0.0523999285
0.0527045156
0.0532527055
0.0540376324
0.0551023468
0.0564834155
0.0581710778
0.0601595004
0.0624417465
0.0649412167
0.0675290304
0.0700949018
0.0725866363
0.0750178318
0.0774420515
0.0799320029
0.0825625509
0.0853862434
0.0884263289
0.0916913091
0.0951782852
0.0988706276
0.1027273199
0.1066820789
0.1106585371
0.1145504814
0.1181933234
0.1213956189
0.1239985771
0.1258887761
0.1270077565
0.1273553860
0.1269597053
0.1258340398
0.1240009413
0.1215007967
0.1183618191
0.1145990938
0.1102302472
0.1052773241
0.0997705465
0.0937601889
0.0873055214
0.0804367707
0.0731584109
0.0654565877
0.0572943430
0.0486221367
0.0393982510
0.0295944568
0.0191982789
0.0082524258
-0.0031238669
-0.0147539398
-0.0264349840
-0.0379797849
-0.0492151388
-0.0599710456
-0.0700861202
-0.0794270206
-0.0879155296
-0.0955118810
-0.1021984056
-0.1079935112
-0.1129550038
-0.1171506603
-0.1206160724
-0.1233286559
-0.1252595590
-0.1264057782
-0.1267756584
-0.1263800512
-0.1252210761
-0.1232844415
-0.1205429268
-0.1169736416
-0.1125782962
-0.1073921501
-0.1014685529
-0.0948608350
-0.0876227643
-0.0798351570
-0.0716300668
-0.0631583523
-0.0545589635
-0.0459902062
-0.0376070922
-0.0294867146
-0.0216455005
-0.0140887047
-0.0068021248
0.0002476778
0.0070924449
0.0137468423
0.0202088170
0.0264954974
0.0326541706
0.0387175440
0.0446944581
0.0505830523
0.0563606342
0.0619690689
0.0673147625
0.0723057201
0.0769082725
0.0811167322
0.0849149242
0.0882727397
0.0911521231
0.0935226386
0.0954007566
0.0968549480
0.0979471292
0.0987167513
0.0992057923
0.0994564696
0.0995032718
0.0993652115
0.0990394713
0.0984954380
0.0976750884
0.0965060547
0.0949339214
0.0929386412
0.0905271267
0.0876919763
0.0843907124
0.0805853315
0.0762779212
0.0715170601
0.0663728638
0.0609237094
0.0552886164
0.0496094113
0.0439865486
0.0384756335
0.0331078295
0.0279149661
0.0229414032
0.0182434209
0.0138824155
0.0099040335
0.0063044355
0.0030247502
-0.0000198791
-0.0029034609
-0.0056661790
-0.0083266617
-0.0108826099
-0.0132993516
-0.0155120158
-0.0174394323
-0.0190062715
-0.0201569868
-0.0208582793
-0.0211006966
-0.0209032302
-0.0203260340
-0.0194577075
-0.0183809934
-0.0171776074
-0.0159472654
-0.0148192716
-0.0139126515
-0.0132709590
-0.0128931193
-0.0127705804
-0.0128726419
-0.0131269265
-0.0134107645
-0.0135510553
-0.0133561339
-0.0126779322
-0.0114440073
-0.0096505376
-0.0073512423
-0.0046316044
-0.0015845620
0.0016923825
0.0050956583
0.0085431894
0.0119951024
0.0154407812
0.0188562476
0.0221650116
0.0252680690
0.0281023056
0.0306700717
0.0330314568
0.0352596726
0.0374213706
0.0395553924
0.0416580381
0.0437168196
0.0457655439
0.0478398265
0.0499337367
0.0520187958
0.0540570468
0.0559997852
0.0577916441
0.0593757484
0.0607019798
0.0617224188
0.0623750799
0.0625800514
0.0622405460
0.0612551937
0.0595607853
0.0571749664
0.0541594972
0.0505709634
0.0464926074
0.0420623903
0.0374632581
0.0329007462
0.0285627231
0.0245942174
0.0210974840
0.0181560126
0.0158091037
0.0140360392
0.0128051687
0.0120891356
0.0118221781
0.0118985213
0.0122033224
0.0126258666
0.0130833602
0.0135557444
0.0140633925
0.0146221458
0.0152489535
0.0159718672
0.0168235499
0.0178432296
0.0190800816
0.0205635760
0.0222816979
0.0241925077
0.0262492106
0.0284273825
0.0307012792
0.0330136570
0.0352749296
0.0373989997
0.0393532409
0.0411020251
0.0425570452
0.0436296360
0.0442857591
0.0445652149
0.0445314868
0.0442084706
0.0435863562
0.0426413379
0.0413519012
0.0397178832
0.0377665059
0.0355368421
0.0330849727
0.0305087040
0.0279140879
0.0253634380
0.0228902800
0.0205287094
0.0183309762
0.0163571479
0.0146618758
0.0133183948
0.0124203674
0.0120413263
0.0122238053
0.0129894574
0.0143116500
0.0161091350
0.0182837389
0.0207224484
0.0232907257
0.0258561145
0.0283060936
0.0305292165
0.0324126624
0.0338578656
0.0348005468
0.0352185925
0.0351222262
0.0345738354
0.0337108336
0.0326812238
0.0315723765
0.0304337930
0.0293123578
0.0282689868
0.0273512353
0.0265627770
0.0258800260
0.0252676188
0.0246833118
0.0240968350
0.0235114269
0.0229626848
0.0224920962
0.0221016753
0.0217568756
0.0214323657
0.0211157963
0.0207970201
0.0204540911
0.0200543724
0.0195791035
0.0190271510
0.0184051654
0.0177564966
0.0171661090
0.0166849271
0.0162864101
0.0159053597
0.0154701317
0.0149296230
0.0142627347
0.0134714506
0.0125529028
0.0114927034
0.0102925477
0.0089838712
0.0076188422
0.0062398842
0.0048512017
0.0034364739
0.0019759545
0.0004530005
-0.0011394387
-0.0027904010
-0.0044680612
-0.0061317150
-0.0077649485
-0.0093665499
-0.0108914090
-0.0122578403
-0.0133995160
-0.0142666493
-0.0148202963
-0.0150461144
-0.0149522153
-0.0145429724
-0.0138254760
-0.0128305986
-0.0116281989
-0.0103223051
-0.0090162208
-0.0077786866
-0.0066247921
-0.0055372965
-0.0045108521
-0.0035545687
-0.0026711270
-0.0018230045
-0.0009454622
-0.0000146095
0.0009450576
0.0018920357
0.0027896863
0.0036185441
0.0043683785
0.0050447545
0.0056915904
0.0063703452
0.0071183666
0.0079549366
0.0088956883
0.0099500612
0.0111353955
0.0125025399
0.0140904868
0.0158546822
0.0176803970
0.0194240328
0.0209439118
0.0221242753
0.0228899633
0.0232131005
0.0231034917
0.0225929982
0.0217239175
0.0205596907
0.0191760471
0.0176271546
0.0159469968
0.0141651925
0.0123165416
0.0104423073
0.0085769719
0.0067449700
0.0049665568
0.0032735208
0.0017192254
0.0003573375
-0.0007775692
-0.0016641283
-0.0022991023
-0.0027086814
-0.0029457233
-0.0030704770
-0.0031348218
-0.0031708094
-0.0031909145
-0.0031913541
-0.0031600623
-0.0030941924
-0.0030089728
-0.0029055621
-0.0027554787
-0.0025247760
-0.0021896051
-0.0017416778
-0.0011944113
-0.0005807424
0.0000619351
0.0007028410
0.0013157944
0.0018686480
0.0023159389
0.0026339466
0.0028460227
0.0029903180
0.0030950558
0.0031792915
0.0032532070
0.0033176111
0.0033644284
0.0033796063
0.0033473035
0.0032558565
0.0031033696
0.0029032969
0.0026865104
0.0024975373
0.0023716268
0.0022938488
0.0022131541
0.0021110869
0.0019994391
0.0018902864
0.0017777841
0.0016361650
0.0014408386
0.0011801746
0.0008529909
0.0004578587
-0.0000145575
-0.0005608461
-0.0011566502
-0.0017751430
-0.0023955295
-0.0030018184
-0.0035840011
-0.0041386272
-0.0046702061
-0.0051893909
-0.0057089807
-0.0062288509
-0.0067231674
-0.0071685961
-0.0075650252
-0.0079000944
-0.0081288696
-0.0081879947
-0.0080356051
-0.0076893629
-0.0071918256
-0.0065677411
-0.0058319104
-0.0050116033
-0.0041712855
-0.0034025342
-0.0027900304
-0.0023812963
-0.0021728586
-0.0021288057
-0.0022109689
-0.0024118994
-0.0027403014
-0.0031835195
-0.0036849355
-0.0041568363
-0.0045416866
-0.0048295270
-0.0050315375
-0.0051624284
-0.0052264631
-0.0052188818
-0.0051401446
-0.0050156602
-0.0048800673
-0.0047359858
-0.0045670609
-0.0043643683
-0.0041326141
-0.0038933905
-0.0036881205
-0.0035753452
-0.0036177806
-0.0038538592
-0.0042786765
-0.0048533829
-0.0055221962
-0.0062326224
-0.0069414864
-0.0076236180
-0.0082909850
-0.0089805570
-0.0097073948
-0.0104589781
-0.0112144232
-0.0119452323
-0.0126228709
-0.0132382761
-0.0137870972
-0.0142292549
-0.0145052199
-0.0145677159
-0.0143928687
-0.0139795895
-0.0133360398
-0.0124719374
-0.0113921353
-0.0101081035
-0.0086518913
-0.0070832825
-0.0054718651
-0.0038667692
-0.0023220214
-0.0009067505
0.0003546255
0.0014854362
0.0024895857
0.0033401831
0.0040010269
0.0044541120
0.0047153899
0.0048227842
0.0048243978
0.0047641685
0.0046836610
0.0046248293
0.0046281351
0.0047269901
0.0049370177
0.0052355323
0.0055549629
0.0058208875
0.0059854412
0.0060323941
0.0059691951
0.0058107786
0.0055791790
0.0052973651
0.0049712562
0.0045966031
0.0041889722
0.0037914697
0.0034675030
0.0032816324
0.0032921142
0.0035586562
0.0041209144
0.0049724327
0.0060809855
0.0074164869
0.0089601439
0.0106871017
0.0125431491
0.0144670348
0.0164232363
0.0183990903
0.0203952260
0.0224111907
0.0244138533
0.0263223863
0.0280778238
0.0296784476
0.0311243657
0.0323969692
0.0334718190
0.0343279585
0.0349514390
0.0353301692
0.0354690228
0.0354150349
0.0352285329
0.0349435450
0.0345988223
0.0342386669
0.0338514795
0.0333775949
0.0327651628
0.0319862631
0.0310347372
0.0299163415
0.0286360094
0.0271887224
0.0255772137
0.0238266849
0.0219588341
0.0199938238
0.0179881314
0.0159986670
0.0140205711
0.0120502665
0.0101373131
0.0083446622
0.0067206755
0.0052987002
0.0041023966
0.0031508207
0.0024444331
0.0019527518
0.0016141793
0.0013741178
0.0012294987
0.0011953960
0.0012720940
0.0014574382
0.0017479524
0.0021333838
0.0026018459
0.0031411228
0.0037149846
0.0042600249
0.0047106086
0.0050113514
0.0051242111
0.0050393123
0.0047737805
0.0043592497
0.0038368800
0.0032498006
0.0026124269
0.0018988156
0.0010862717
0.0001777321
-0.0008121244
-0.0018510876
-0.0028807192
-0.0038163639
-0.0045644259
-0.0050538406
-0.0052452461
-0.0051200286
-0.0046820219
-0.0039690995
-0.0030785665
-0.0021327256
-0.0011911481
-0.0002638735
0.0006501769
0.0015739110
0.0025379512
0.0035326214
0.0045163133
0.0054583643
0.0063429782
0.0071582134
0.0078795869
0.0084674943
0.0088760148
0.0090654174
0.0090155478
0.0087393894
0.0082830429
0.0077083072
0.0070753452
0.0064243264
0.0057710048
0.0051089154
0.0044124915
0.0036542735
0.0028232765
0.0019044158
0.0008656507
-0.0003002936
-0.0015795773
-0.0029877085
-0.0045344183
-0.0061711415
-0.0078353207
-0.0094836152
-0.0110711807
-0.0125435743
-0.0138464481
-0.0149375909
-0.0158084097
-0.0165100757
-0.0171322123
-0.0177319378
-0.0183212649
-0.0188864823
-0.0194246906
-0.0199498762
-0.0204551295
-0.0209141543
-0.0213052819
-0.0216035986
-0.0217786713
-0.0218202504
-0.0217451771
-0.0215788464
-0.0213533496
-0.0211035639
-0.0208497448
-0.0205942229
-0.0203407217
-0.0200904371
-0.0198266664
-0.0195331874
-0.0192166468
-0.0189075851
-0.0186446844
-0.0184463063
-0.0183002863
-0.0181682612
-0.0180026015
-0.0177628649
-0.0174217271
-0.0169691609
-0.0164076243
-0.0157266680
-0.0148938549
-0.0139005510
-0.0127822311
-0.0115973448
-0.0104082677
-0.0092622417
-0.0081848088
-0.0071773597
-0.0062155453
-0.0052626494
-0.0042902635
-0.0032731908
-0.0021934137
-0.0010799125
0.0000017384
0.0010148831
0.0019463116
0.0027740235
0.0034882711
0.0041046260
0.0046443852
0.0051151787
0.0055018143
0.0057989994
0.0060362410
0.0062440965
0.0064310451
0.0065900892
0.0067166480
0.0068242873
0.0069289738
0.0070316670
0.0071164515
0.0071527209
0.0071005241
0.0069288696
0.0066216198
0.0061478993
0.0054557413
0.0045031362
0.0032632608
0.0017122416
-0.0001708901
-0.0023871271
-0.0048848710
-0.0075826835
-0.0104392668
-0.0134088984
-0.0163943256
-0.0192962209
-0.0220477881
-0.0245996760
-0.0269311808
-0.0290607051
-0.0310024562
-0.0327318787
-0.0342110828
-0.0354019783
-0.0362642693
-0.0367853737
-0.0369997040
-0.0369518199
-0.0366734643
-0.0361970287
-0.0355688833
-0.0348504632
-0.0341042272
-0.0333697333
-0.0326444890
-0.0318917399
-0.0310749904
-0.0301848778
-0.0292488872
-0.0283025823
-0.0273732214
-0.0264966535
-0.0257074715
-0.0250138849
-0.0244055713
-0.0238692162
-0.0233893736
-0.0229578213
-0.0225887583
-0.0222953281
-0.0220649659
-0.0219039451
-0.0218599829
-0.0219748809
-0.0222656246
-0.0227383083
-0.0233804519
-0.0241561101
-0.0250192111
-0.0259308600
-0.0268716171
-0.0278161380
-0.0286977088
-0.0294380438
-0.0299798110
-0.0302777574
-0.0302985183
-0.0300331393
-0.0294979787
-0.0287286551
-0.0277840258
-0.0267255021
-0.0255642398
-0.0242840978
-0.0229122523
-0.0215016878
-0.0200857542
-0.0186640250
-0.0172186499
-0.0157570648
-0.0142989848
-0.0128468539
-0.0114154215
-0.0100481036
-0.0087770238
-0.0076216921
-0.0066224821
-0.0058129568
-0.0051910039
-0.0047628137
-0.0045645118
-0.0046282911
-0.0049586925
-0.0055306129
-0.0063091537
-0.0072712012
-0.0083973722
-0.0096695144
-0.0110780381
-0.0125998592
-0.0141717175
-0.0157007740
-0.0170900336
-0.0182625210
-0.0191561735
-0.0197019996
-0.0198678503
-0.0196958155
-0.0192617032
-0.0186346360
-0.0178621387
-0.0169723125
-0.0159807157
-0.0148990336
-0.0137435845
-0.0125424327
-0.0113284815
-0.0101193320
-0.0089134245
-0.0076936508
-0.0064310157
-0.0051009427
-0.0037095617
-0.0022951178
-0.0009068450
0.0003983102
0.0015582560
0.0025131511
0.0032079664
0.0035896360
0.0036338415
0.0033738655
0.0028822127
0.0022388967
0.0015150026
0.0007671627
0.0000368647
-0.0006523412
-0.0013036545
-0.0019613931
-0.0026964060
-0.0035548644
-0.0045469885
-0.0056669938
-0.0069033989
-0.0082371649
-0.0096207068
-0.0109801735
-0.0122491828
-0.0133948423
-0.0144281629
-0.0153754843
-0.0162634102
-0.0171366804
-0.0180478656
-0.0190209573
-0.0200301559
-0.0210116269
-0.0219245846
-0.0227678190
-0.0235436607
-0.0242656536
-0.0249697255
-0.0256777205
-0.0263759386
-0.0270367703
-0.0276414604
-0.0281925244
-0.0286862881
-0.0290898020
-0.0293649399
-0.0294895961
-0.0294615950
-0.0292912406
-0.0289882618
-0.0285650415
-0.0280332029
-0.0273902699
-0.0266309376
-0.0257732724
-0.0248489014
-0.0238792839
-0.0228589780
-0.0217626115
-0.0205727382
-0.0192925279
-0.0179427167
-0.0165485419
-0.0151268560
-0.0136871028
-0.0122319880
-0.0107592410
-0.0092620059
-0.0077331966
-0.0061691670
-0.0045750632
-0.0029681672
-0.0013808065
0.0001414256
0.0015455307
0.0027904546
0.0038741631
0.0048255758
0.0056623607
0.0063924978
0.0070314758
0.0076221752
0.0082244463
0.0088723204
0.0095706959
0.0103107252
0.0110555623
0.0117458189
0.0123450605
0.0128533732
0.0132823303
0.0136403289
0.0139261304
0.0141462111
0.0143174368
0.0144447010
0.0145145915
0.0145002832
0.0143674733
0.0140841707
0.0136321827
0.0130191464
0.0122842329
0.0114872716
0.0106837915
0.0099038453
0.0091496879
0.0084163504
0.0077001671
0.0069995357
0.0063176977
0.0056647231
0.0050578686
0.0045192614
0.0040712344
0.0037295111
0.0034961253
0.0033542408
0.0032749191
0.0032371775
0.0032346219
0.0032735852
0.0033707623
0.0035486056
0.0038279528
0.0042184597
0.0047087198
0.0052593126
0.0058063650
0.0062818874
0.0066338004
0.0068355112
0.0068924410
0.0068373552
0.0067005286
0.0064866966
0.0061943679
0.0058307790
0.0054097857
0.0049387358
0.0044029395
0.0037712132
0.0030155018
0.0021362585
0.0011519396
0.0000644347
-0.0011237331
-0.0023906918
-0.0037074364
-0.0050361294
-0.0063139497
-0.0074813206
-0.0085233908
-0.0094606847
-0.0103242007
-0.0111349591
-0.0118957066
-0.0125917926
-0.0131952689
-0.0136790054
-0.0140414060
-0.0143024302
-0.0144676951
-0.0145348345
-0.0145082992
-0.0143723936
-0.0140869012
-0.0136341739
-0.0130240344
-0.0122605590
-0.0113625832
-0.0103852146
-0.0094030322
-0.0084823200
-0.0076529837
-0.0068989004
-0.0061704498
-0.0054210199
-0.0046335006
-0.0038067072
-0.0029506838
-0.0020903133
-0.0012635845
-0.0005083757
0.0001603815
0.0007475969
0.0012422138
0.0016267712
0.0019087085
0.0021282860
0.0023498128
0.0026409646
0.0030589506
0.0036482691
0.0044437018
0.0054695048
0.0067100685
0.0081072467
0.0095942424
0.0110961104
0.0125259008
0.0138382736
0.0150549722
0.0162089266
0.0173110312
0.0183570150
0.0193447124
0.0202940463
0.0212453925
0.0222361820
0.0232600809
0.0242826931
0.0252882075
0.0262833343
0.0272746831
0.0282325228
0.0290976042
0.0298313416
0.0304171008
0.0308474556
0.0311332320
0.0313141409
0.0314606778
0.0316580552
0.0319712439
0.0324181513
0.0329649834
0.0335619892
0.0341658869
0.0347427348
0.0352711814
0.0357411886
0.0361433199
0.0364789138
0.0367964357
0.0371627138
0.0375917775
0.0380510782
0.0385011440
0.0389347178
0.0393758601
0.0398379986
0.0403268517
0.0408531667
0.0414103459
0.0419548495
0.0424105007
0.0427010913
0.0427959459
0.0426945355
0.0424063461
0.0419695431
0.0414305394
0.0407755136
0.0399307114
0.0387954034
0.0372625017
0.0352422846
0.0326938083
0.0296294771
0.0260962950
0.0221749212
0.0179625098
0.0135288235
0.0089223370
0.0042247062
-0.0004415698
-0.0049501600
-0.0092087118
-0.0131758569
-0.0168298349
-0.0201645578
-0.0231981364
-0.0259534467
-0.0284315135
-0.0306262959
-0.0325435944
-0.0342163685
-0.0357043996
-0.0370782600
-0.0384016783
-0.0397085953
-0.0409794091
-0.0421468526
-0.0431248314
-0.0438227921
-0.0441525771
-0.0440331099
-0.0434039992
-0.0422474580
-0.0405851482
-0.0384467155
-0.0358540963
-0.0328283563
-0.0294319730
-0.0257530691
-0.0218360228
-0.0177168278
-0.0134735597
-0.0092033959
-0.0050043950
-0.0009772066
0.0027773509
0.0061709651
0.0091415674
0.0116549512
0.0136829441
0.0151976357
0.0161755063
0.0166238582
0.0165967036
0.0161812138
0.0154711348
0.0145386995
0.0134345166
0.0121953455
0.0108388331
0.0093700482
0.0078099175
0.0061893179
0.0045158120
0.0027938005
0.0010525778
-0.0006495702
-0.0022393288
-0.0036515516
-0.0048258045
-0.0056975428
-0.0062115667
-0.0063301427
-0.0060279164
-0.0052939917
-0.0041378301
-0.0026083423
-0.0007949379
0.0012052325
0.0033077242
0.0054614189
0.0076568562
0.0099055606
0.0121753500
0.0144063221
0.0165901407
0.0187325986
0.0207987845
0.0227355718
0.0244954907
0.0260499410
0.0274011230
0.0285878838
0.0296736764
0.0307269980
0.0318000145
0.0329322486
0.0341575137
0.0354796564
0.0368481043
0.0381604619
0.0392953111
0.0401601295
0.0406821452
0.0408021637
0.0405141484
0.0398716213
0.0389449480
0.0377940408
0.0364550982
0.0349665297
0.0333842585
0.0317692363
0.0301909212
0.0287338838
0.0274963508
0.0265796045
0.0260693395
0.0260105401
0.0263866692
0.0271162751
0.0280800455
0.0291725087
0.0303103347
0.0314107155
0.0324064733
0.0332678261
0.0340011963
0.0346228680
0.0351198502
0.0354715957
0.0356793184
0.0357348924
0.0356002200
0.0352198588
0.0345408833
0.0335331954
0.0322097445
0.0306238897
0.0288395698
0.0269138164
0.0248963263
0.0228606158
0.0209022209
0.0190602957
0.0173247778
0.0157179516
0.0142616370
0.0129358065
0.0117322819
0.0106783789
0.0098099803
0.0091664283
0.0087898467
0.0086907654
0.0088366985
0.0091799003
0.0096610205
0.0102053242
0.0107390047
0.0112056366
0.0115715261
0.0118267330
0.0119824776
0.0120539006
0.0120441266
0.0119438298
0.0117364458
0.0114043915
0.0109393591
0.0103518100
0.0096774206
0.0089591986
0.0082137418
0.0074567741
0.0067379298
0.0061191518
0.0056425504
0.0053075695
0.0050913047
0.0049850734
0.0049917188
0.0051059725
0.0052942120
0.0055126851
0.0057439848
0.0059831315
0.0062268409
0.0064895001
0.0067930235
0.0071353607
0.0074810463
0.0077623096
0.0078882733
0.0077832075
0.0074420739
0.0069158158
0.0062647984
0.0055260984
0.0047237876
0.0039147283
0.0031823889
0.0026080631
0.0022587237
0.0021654699
0.0022989859
0.0025988431
0.0030230705
0.0035331016
0.0040843265
0.0046483006
0.0052185764
0.0058002291
0.0063909225
0.0069826847
0.0075963465
0.0082673386
0.0089978446
0.0097654999
0.0105507251
0.0113525315
0.0121693087
0.0129579818
0.0136591050
0.0142236165
0.0145858644
0.0146750311
0.0144715992
0.0140024871
0.0133125327
0.0124686469
0.0115488728
0.0106023379
0.0096227164
0.0085491290
0.0073315720
0.0059753621
0.0045210629
0.0030142180
0.0014829737
-0.0000321401
-0.0014668754
-0.0027814431
-0.0039719316
-0.0050460802
-0.0060088790
-0.0068626744
-0.0076269783
-0.0083286369
-0.0089662503
-0.0095422704
-0.0100990519
-0.0107009062
-0.0114035012
-0.0122247445
-0.0131373323
-0.0140903106
-0.0150603437
-0.0160559256
-0.0170549659
-0.0180132225
-0.0189051225
-0.0197115252
-0.0204039344
-0.0209497115
-0.0213211676
-0.0215054889
-0.0215142190
-0.0213827526
-0.0211542831
-0.0208612503
-0.0205093247
-0.0200927581
-0.0196108414
-0.0190559268
-0.0184191843
-0.0177161256
-0.0169794806
-0.0162297474
-0.0154549564
-0.0146104011
-0.0136454860
-0.0125200848
-0.0112157902
-0.0097474647
-0.0081637054
-0.0065287547
-0.0049018368
-0.0033167474
-0.0017917737
-0.0003353221
0.0010707202
0.0024564105
0.0038162789
0.0051172695
0.0063309981
0.0074560795
0.0085090030
0.0094838912
0.0103464346
0.0110536603
0.0115824002
0.0119462387
0.0121854447
0.0123661591
0.0125770703
0.0129076741
0.0134204387
0.0141357977
0.0150214490
0.0159952831
0.0169585899
0.0178382780
0.0185976813
0.0192315463
0.0197499799
0.0201777851
0.0205557691
0.0209349073
0.0213572417
0.0218250857
0.0222911564
0.0226738246
0.0228979461
0.0229152672
0.0226771753
0.0221328838
0.0212503490
0.0200331085
0.0185195528
0.0167583568
0.0148116826
0.0127736169
0.0107299460
0.0087095251
0.0067035749
0.0046988809
0.0027041522
0.0007475261
-0.0011322903
-0.0028700157
-0.0043757611
-0.0055712222
-0.0064139444
-0.0068970764
-0.0070171175
-0.0067566048
-0.0061192300
-0.0051354167
-0.0038325845
-0.0022471309
-0.0004378441
0.0015221564
0.0035580975
0.0056110337
0.0076381488
0.0096102466
0.0115116746
0.0133400340
0.0151018648
0.0167981663
0.0184113428
0.0199234288
0.0213248492
0.0225980821
0.0237168669
0.0246566057
0.0254030216
0.0259517105
0.0262962528
0.0264281231
0.0263414771
0.0260261166
0.0254622718
0.0246308007
0.0235171995
0.0221035399
0.0203821514
0.0183592944
0.0160374666
0.0134259098
0.0105813247
0.0076105040
0.0046413109
0.0017822503
-0.0008949680
-0.0033456419
-0.0055540492
-0.0075394500
-0.0093430436
-0.0110094838
-0.0125699065
-0.0140521976
-0.0154930812
-0.0169113407
-0.0182971910
-0.0196538596
-0.0209920775
-0.0222891211
-0.0235003418
-0.0245773184
-0.0254589706
-0.0260980114
-0.0265075412
-0.0267300044
-0.0267861419
-0.0266788700
-0.0264055853
-0.0259671356
-0.0253776344
-0.0246678802
-0.0238757372
-0.0230401882
-0.0222020630
-0.0213937114
-0.0206326083
-0.0199521907
-0.0194057467
-0.0190178062
-0.0187741465
-0.0186458495
-0.0186046245
-0.0186311307
-0.0187098633
-0.0188125318
-0.0188853908
-0.0188818186
-0.0187927691
-0.0186317702
-0.0184237108
-0.0182006612
-0.0179849088
-0.0177760087
-0.0175655218
-0.0173376425
-0.0170528148
-0.0166666438
-0.0161679622
-0.0156008505
-0.0150329022
-0.0144730441
-0.0138889123
-0.0132682579
-0.0126087365
-0.0119021994
-0.0111438325
-0.0103510794
-0.0095753183
-0.0088653639
-0.0082305948
-0.0076395653
-0.0070498158
-0.0064524449
-0.0058674180
-0.0053340079
-0.0049267970
-0.0047334263
-0.0048013086
-0.0051446596
-0.0057677080
-0.0066508605
-0.0077454071
-0.0089867297
-0.0102957778
-0.0115911760
-0.0128266327
-0.0139958407
-0.0150913798
-0.0161040776
-0.0170390726
-0.0178976405
-0.0186607256
-0.0192916797
-0.0197461981
-0.0199891206
-0.0200203246
-0.0198665199
-0.0195221330
-0.0189661879
-0.0182257846
-0.0173188737
-0.0162065590
-0.0148600602
-0.0132887054
-0.0115052897
-0.0095343161
-0.0074297444
-0.0052810588
-0.0031905629
-0.0012273785
0.0005753517
0.0022037203
0.0036655141
0.0049742424
0.0061156433
0.0070690960
0.0078471918
0.0084709965
0.0089473706
0.0092772543
0.0094667643
0.0095287819
0.0094731333
0.0092980780
0.0089973479
0.0085684904
0.0080157538
0.0073429118
0.0065544295
0.0056812450
0.0047826170
0.0039119365
0.0030812351
0.0022521358
0.0013951315
0.0005232566
-0.0003221396
-0.0010647019
-0.0016001527
-0.0018617869
-0.0018448505
-0.0015571483
-0.0010136615
-0.0002547979
0.0006491284
0.0016243541
0.0026493771
0.0037324506
0.0048480833
0.0059589214
0.0070495362
0.0081203557
0.0091670692
0.0101543229
0.0110159467
0.0116741565
0.0120734571
0.0122053216
0.0121079278
0.0118284079
0.0113829567
0.0107765557
0.0100135533
0.0090816866
0.0079578807
0.0066254509
0.0050890356
0.0033798999
0.0015464792
-0.0003438789
-0.0022079203
-0.0039679847
-0.0055740981
-0.0070109439
-0.0082914876
-0.0094400739
-0.0104919479
-0.0114859205
-0.0124424871
-0.0133549318
-0.0141980843
-0.0149502335
-0.0156114372
-0.0161929561
-0.0167092852
-0.0171780543
-0.0176076268
-0.0179837450
-0.0182857347
-0.0184955281
-0.0185841719
-0.0185246437
-0.0183187378
-0.0179893552
-0.0175576929
-0.0170260145
-0.0163742527
-0.0155723775
-0.0146046012
-0.0134836935
-0.0122269254
-0.0108535155
-0.0094137826
-0.0079801893
-0.0066097334
-0.0053239298
-0.0041136926
-0.0029757372
-0.0019121704
-0.0009029068
0.0000974791
0.0011450684
0.0022808929
0.0035128304
0.0048146552
0.0061381322
0.0074325621
0.0086498680
0.0097489807
0.0107002023
0.0114799347
0.0120642686
0.0124516681
0.0126683741
0.0127358996
0.0126712667
0.0125077663
0.0122709109
0.0119558085
0.0115521426
0.0110659758
0.0105221979
0.0099539097
0.0093863914
0.0088383117
0.0083329036
0.0079106815
0.0076032843
0.0073953402
0.0072513468
0.0071497055
0.0070841737
0.0070620166
0.0071034911
0.0072381096
0.0074975478
0.0079054132
0.0084664542
0.0091598534
0.0099467522
0.0107861074
0.0116373558
0.0124698760
0.0132814824
0.0140793827
0.0148467061
0.0155714633
0.0162732567
0.0169819150
0.0177212357
0.0185001145
0.0192953488
0.0200482922
0.0207051684
0.0212372764
0.0216263473
0.0218648452
0.0219582781
0.0219121278
0.0217231694
0.0213836189
0.0208883358
0.0202356044
0.0194188701
0.0184195685
0.0172185652
0.0158091630
0.0142058196
0.0124361155
0.0105248242
0.0084815643
0.0063110682
0.0040353865
0.0016792029
-0.0007487557
-0.0032147186
-0.0056514491
-0.0080027148
-0.0102396701
-0.0123471848
-0.0142970423
-0.0160479509
-0.0175947473
-0.0189647712
-0.0201811727
-0.0212615402
-0.0222202908
-0.0230553464
-0.0237620224
-0.0243603555
-0.0248901809
-0.0253953495
-0.0259232423
-0.0265095416
-0.0271539635
-0.0278259989
-0.0284764432
-0.0290252174
-0.0293840267
-0.0295150695
-0.0294432532
-0.0292364958
-0.0289892470
-0.0287960515
-0.0287199147
-0.0287772062
-0.0289446618
-0.0291900682
-0.0294898287
-0.0298093923
-0.0301005306
-0.0303222496
-0.0304810515
-0.0306327019
-0.0308121342
-0.0310116611
-0.0312144194
-0.0314123790
-0.0316116145
-0.0318156518
-0.0320261175
-0.0322575396
-0.0325095338
-0.0327441617
-0.0329251941
-0.0330469227
-0.0331280338
-0.0331824114
-0.0331964060
-0.0331634754
-0.0331021105
-0.0330286072
-0.0329343443
-0.0327807447
-0.0325339328
-0.0321791772
-0.0316860479
-0.0310130075
-0.0301363805
-0.0290478571
-0.0277473225
-0.0262519747
-0.0245921720
-0.0227904896
-0.0208504852
-0.0187618598
-0.0165311841
-0.0142054381
-0.0118676280
-0.0096054767
-0.0074697426
-0.0054679073
-0.0035840082
-0.0018162273
-0.0001680586
0.0013702714
0.0028084581
0.0041448117
0.0053727562
0.0064890822
0.0075021521
0.0084369395
0.0093286657
0.0102008849
0.0110558489
0.0118681544
0.0125743473
0.0130953278
0.0134065632
0.0135364992
0.0135041626
0.0133184225
0.0129914881
0.0125414837
0.0119851937
0.0113262631
0.0105746162
0.0097544088
0.0088737818
0.0079378419
0.0069937304
0.0061069571
0.0053289268
0.0047083428
0.0042823733
0.0040514025
0.0039990923
0.0041213099
0.0044186028
0.0048826433
0.0054855003
0.0061707800
0.0068567919
0.0074582257
0.0079132154
0.0082046582
0.0083367952
0.0083026444
0.0080874928
0.0076805537
0.0070836623
0.0063211803
0.0054398848
0.0044940251
0.0035225214
0.0025275095
0.0014752278
0.0003216195
-0.0009418104
-0.0022772278
-0.0036415964
-0.0049958648
-0.0063045367
-0.0075398222
-0.0086888809
-0.0097594528
-0.0107828902
-0.0118053843
-0.0128649487
-0.0139718346
-0.0151076853
-0.0162375065
-0.0173247787
-0.0183209465
-0.0191719188
-0.0198530226
-0.0203876403
-0.0208386295
-0.0212755758
-0.0217530999
-0.0223224242
-0.0230161390
-0.0238223779
-0.0246937249
-0.0255633248
-0.0263520799
-0.0269916996
-0.0274517696
-0.0277346550
-0.0278575168
-0.0278404233
-0.0277167933
-0.0275466033
-0.0273831546
-0.0272494022
-0.0271567922
-0.0271158950
-0.0271345158
-0.0272165709
-0.0273604413
-0.0275565981
-0.0277847848
-0.0280129566
-0.0282012011
-0.0283231459
-0.0284030282
-0.0284826935
-0.0285454733
-0.0285685151
-0.0285705152
-0.0285519863
-0.0284757968
-0.0283037018
-0.0280222832
-0.0276445492
-0.0271749331
-0.0265925081
-0.0258637308
-0.0249668248
-0.0239130095
-0.0227365263
-0.0214757752
-0.0201552832
-0.0187841166
-0.0173656481
-0.0159165372
-0.0144663555
-0.0130223384
-0.0115632529
-0.0100731112
-0.0085645267
-0.0070849745
-0.0056835307
-0.0043989417
-0.0032881244
-0.0024034051
-0.0017399835
-0.0012504730
-0.0008728910
-0.0005304713
-0.0001435364
0.0003392163
0.0009286704
0.0015967813
0.0022920643
0.0029549815
0.0035247648
0.0039480389
0.0041905573
0.0042473010
0.0041427061
0.0039147380
0.0035957162
0.0031961198
0.0027196576
0.0021897737
0.0016529139
0.0011581824
0.0007192244
0.0003232754
-0.0000258893
-0.0003181509
-0.0005520954
-0.0007198521
-0.0008093388
-0.0008283745
-0.0007995075
-0.0007395543
-0.0006564521
-0.0005422014
-0.0003578519
-0.0000578272
0.0003581417
0.0008495743
0.0013692765
0.0018979896
0.0024423973
0.0029913882
0.0035151874
0.0039821059
0.0043450956
0.0045400542
0.0045163930
0.0042589039
0.0037899334
0.0031474475
0.0023571534
0.0014367162
0.0004043609
-0.0007181722
-0.0019130946
-0.0031736540
-0.0044824908
-0.0057979302
-0.0070719130
-0.0082614140
-0.0093324486
-0.0102666674
-0.0110688778
-0.0117693529
-0.0124043232
-0.0129749184
-0.0134509662
-0.0138006324
-0.0140023355
-0.0140529835
-0.0139761058
-0.0138061917
-0.0135568870
-0.0132478427
-0.0129325548
-0.0126607359
-0.0124456098
-0.0122631570
-0.0120676864
-0.0118170265
-0.0114818493
-0.0110517389
-0.0105412962
-0.0099820976
-0.0094006959
-0.0088152961
-0.0082428475
-0.0077117866
-0.0072501069
-0.0068435929
-0.0064479303
-0.0060383237
-0.0056169332
-0.0052018667
-0.0048072886
-0.0044325634
-0.0040654434
-0.0036979656
-0.0033453614
-0.0030449853
-0.0028389184
-0.0027453519
-0.0027443488
-0.0027852640
-0.0028183370
-0.0028212724
-0.0027846452
-0.0027019005
-0.0025722339
-0.0024011217
-0.0021930667
-0.0019368542
-0.0016140817
-0.0012405293
-0.0008568698
-0.0004800023
-0.0000971173
0.0003206038
0.0007984969
0.0013535398
0.0020073039
0.0027687827
0.0036121525
0.0044898357
0.0053579836
0.0061971793
0.0070080054
0.0077868366
0.0085220957
0.0091948551
0.0097765727
0.0102211613
0.0104575854
0.0104270039
0.0101297862
0.0096092438
0.0089217957
0.0081241301
0.0072703602
0.0064094435
0.0055717689
0.0047685264
0.0040268426
0.0033912851
0.0028782176
0.0024741855
0.0021625206
0.0019376112
0.0018030924
0.0017477486
0.0017434204
0.0017660486
0.0017962142
0.0018151506
0.0018047015
0.0017483150
0.0016332662
0.0014538188
0.0012143939
0.0009310591
0.0006239686
0.0002995602
-0.0000450668
-0.0004002321
-0.0007526781
-0.0010962025
-0.0014120264
-0.0016566770
-0.0017732762
-0.0017280162
-0.0015449854
-0.0012677573
-0.0009222883
-0.0005362827
-0.0001405782
0.0002520421
0.0006371857
0.0010054408
0.0013583009
0.0017114033
0.0020741831
0.0024538750
0.0028722025
0.0033497550
0.0038938304
0.0045143360
0.0052304879
0.0060598433
0.0069970034
0.0080009226
0.0090243425
0.0100330065
0.0109889750
0.0118568464
0.0126288218
0.0133160988
0.0139317901
0.0144914203
0.0150142125
0.0155187097
0.0160079776
0.0164547198
0.0168199942
0.0170769792
0.0172174537
0.0172456184
0.0171608400
0.0169592827
0.0166402184
0.0162087077
0.0156685291
0.0150056042
0.0141882253
0.0131840831
0.0119850356
0.0106118789
0.0090712565
0.0073553854
0.0054925328
0.0035415052
0.0015582783
-0.0003905206
-0.0022315399
-0.0039282905
-0.0054831445
-0.0068984225
-0.0081880301
-0.0093872737
-0.0105185215
-0.0115744595
-0.0125406082
-0.0133954381
-0.0141014315
-0.0146301306
-0.0149849439
-0.0151917167
-0.0152835184
-0.0152835662
-0.0152055639
-0.0150587559
-0.0148521918
-0.0145993956
-0.0143231786
-0.0140575491
-0.0138425470
-0.0137036535
-0.0136304890
-0.0135755994
-0.0134807451
-0.0133242753
-0.0131264315
-0.0129290792
-0.0127915235
-0.0127765313
-0.0129199156
-0.0132197133
-0.0136489336
-0.0141550304
-0.0146706089
-0.0151504100
-0.0155817431
-0.0159480654
-0.0162279371
-0.0164178227
-0.0165220173
-0.0165433226
-0.0165001120
-0.0164167323
-0.0162825929
-0.0160605188
-0.0157244743
-0.0152841580
-0.0147766916
-0.0142143486
-0.0135865226
-0.0129106108
-0.0122286687
-0.0115921076
-0.0110705118
-0.0107262416
-0.0105475035
-0.0104706860
-0.0104591999
-0.0104832419
-0.0104945666
-0.0104663467
-0.0104123281
-0.0103651261
-0.0103625644
-0.0104360710
-0.0105854929
-0.0107639195
-0.0108975763
-0.0109259232
-0.0108460259
-0.0106922572
-0.0104784736
-0.0102102156
-0.0099077509
-0.0096032255
-0.0093241627
-0.0090678606
-0.0087953291
-0.0084473103
-0.0079830411
-0.0074059671
-0.0067356331
-0.0059896002
-0.0051885793
-0.0043602892
-0.0035387489
-0.0027614391
-0.0020577870
-0.0014298636
-0.0008620717
-0.0003621745
0.0000434203
0.0003377811
0.0005204460
0.0006024776
0.0005931711
0.0004951914
0.0003110408
0.0000493717
-0.0002700818
-0.0006146565
-0.0009470700
-0.0012476387
-0.0015266297
-0.0018212576
-0.0021772149
-0.0026217377
-0.0031543281
-0.0037505597
-0.0043772260
-0.0050014685
-0.0055920066
-0.0061226516
-0.0065768294
-0.0069506454
-0.0072473291
-0.0074622421
-0.0075883188
-0.0076401757
-0.0076476950
-0.0076363318
-0.0076260953
-0.0076333858
-0.0076697011
-0.0077402917
-0.0078422816
-0.0079636082
-0.0080828848
-0.0081725086
-0.0082102644
-0.0081996773
-0.0081574057
-0.0080755979
-0.0079426556
-0.0077743035
-0.0075828417
-0.0073563235
-0.0070810190
-0.0067560415
-0.0063921451
-0.0060010865
-0.0055863482
-0.0051612699
-0.0047566520
-0.0044021129
-0.0041260627
-0.0039715649
-0.0039776622
-0.0041559320
-0.0044959472
-0.0049726803
-0.0055433370
-0.0061670645
-0.0068400005
-0.0075672263
-0.0083235035
-0.0090656153
-0.0097446254
-0.0103062095
-0.0106949408
-0.0108637453
-0.0107848201
-0.0104517485
-0.0098699130
-0.0090647580
-0.0080853998
-0.0069912808
-0.0058314751
-0.0046246887
-0.0033603365
-0.0020172379
-0.0005938103
0.0008699943
0.0022969263
0.0036053531
0.0047479666
0.0057064668
0.0064870142
0.0071211174
0.0076418112
0.0080567184
0.0083703847
0.0086035784
0.0087930650
0.0089773034
0.0091791531
0.0094059247
0.0096618766
0.0099605170
0.0102976192
0.0106262885
0.0108968020
0.0110889496
0.0112125881
0.0112930457
0.0113529121
0.0114083499
0.0114682502
0.0115303015
0.0115791539
0.0115865182
0.0115147449
0.0113234350
0.0109793130
0.0104680208
0.0098051932
0.0090416673
0.0082430182
0.0074467059
0.0066668793
0.0059165897
0.0052091069
0.0045573487
0.0039789511
0.0035076687
0.0031896229
0.0030362900
0.0030032619
0.0030219143
0.0030499637
0.0031013723
0.0031898414
0.0032864021
0.0033343364
0.0032997521
0.0032092838
0.0031010998
0.0030063130
0.0029805597
0.0030646164
0.0032391435
0.0034731356
0.0037519221
0.0040573572
0.0043764776
0.0047156649
0.0050808292
0.0054624348
0.0058384996
0.0061923069
0.0065322109
0.0068919945
0.0073131043
0.0078158439
0.0083877679
0.0089902987
0.0095763062
0.0101056178
0.0105502306
0.0109013003
0.0111739818
0.0114068634
0.0116361435
0.0118544239
0.0120297270
0.0121414049
0.0121677010
0.0120787594
0.0118513461
0.0114948853
0.0110640543
0.0106257831
0.0102282430
0.0098958598
0.0096265804
0.0093960356
0.0091766165
0.0089553854
0.0087382118
0.0085500445
0.0084264568
0.0083913270
0.0084444372
0.0085751070
0.0087652327
0.0089846922
0.0091919213
0.0093474644
0.0094380475
0.0094769349
0.0094820041
0.0094736801
0.0094760523
0.0095141414
0.0096097522
0.0097774439
0.0100196879
0.0103240318
0.0106627671
0.0110060376
0.0113427724
0.0116722484
0.0119926235
0.0123191474
0.0126836860
0.0131112191
0.0136221886
0.0142388726
0.0149602313
0.0157523559
0.0165670959
0.0173493986
0.0180397788
0.0185850256
0.0189596307
0.0191928376
0.0193514233
0.0194965293
0.0196746855
0.0199163702
0.0202283321
0.0205907144
0.0209631286
0.0213073127
0.0216080851
0.0218773340
0.0221404034
0.0224119782
0.0226893247
0.0229527761
0.0231688407
0.0233182632
0.0234308939
0.0235424403
0.0236462111
0.0237110892
0.0236997516
0.0235788069
0.0233425979
0.0230297557
0.0227043448
0.0224165310
0.0221601086
0.0218933382
0.0215821581
0.0212075875
0.0207682277
0.0202821619
0.0197742750
0.0192563548
0.0187241218
0.0181591544
0.0175348470
0.0168359601
0.0160785979
0.0152983836
0.0145355784
0.0138297948
0.0132036959
0.0126492662
0.0121570125
0.0117340898
0.0113804925
0.0110773665
0.0107941697
0.0105068241
0.0102153768
0.0099432722
0.0097232036
0.0095727963
0.0094939369
0.0094850670
0.0095250660
0.0095659348
0.0095688922
0.0095261488
0.0094449137
0.0093390041
0.0092266489
0.0091165924
0.0090001933
0.0088809771
0.0087872783
0.0087332740
0.0087072498
0.0086947607
0.0086867691
0.0086841058
0.0087102367
0.0088012694
0.0089520768
0.0091189419
0.0092977542
0.0095137782
0.0097561050
0.0099989110
0.0102375187
0.0104748717
0.0107154023
0.0109834256
0.0113167809
0.0117368494
0.0122377684
0.0127880461
0.0133425978
0.0138590349
0.0143078129
0.0146776393
0.0149748988
0.0152146562
0.0154077868
0.0155683266
0.0157112772
0.0158209294
0.0158524519
0.0157800148
0.0156098919
0.0153686621
0.0151181160
0.0149529868
0.0149417615
0.0150912362
0.0153736287
0.0157381449
0.0161094115
0.0164051427
0.0165647401
0.0165615138
0.0164019752
0.0161119906
0.0157195744
0.0152377493
0.0146750900
0.0140556689
0.0134081385
0.0127496166
0.0120877226
0.0114244036
0.0107589946
0.0100913635
0.0094292038
0.0088017601
0.0082610949
0.0078411223
0.0075296940
0.0072819070
0.0070395723
0.0067507544
0.0063701592
0.0058692468
0.0052973879
0.0047767770
0.0043612031
0.0040078783
0.0036950221
0.0034284240
0.0031934676
0.0029679904
0.0027461728
0.0025393886
0.0023640385
0.0022198512
0.0020932165
0.0019792584
0.0018837351
0.0018187681
0.0017993667
0.0018324166
0.0019001180
0.0019714786
0.0020360953
0.0020975018
0.0021563393
0.0022099800
0.0022539982
0.0022823933
0.0022886933
0.0022682458
0.0022227413
0.0021701268
0.0021607223
0.0022648180
0.0025228834
0.0029316463
0.0034632366
0.0040746045
0.0047104969
0.0052887534
0.0057152354
0.0059400007
0.0059623627
0.0058023437
0.0055293799
0.0052635751
0.0050812944
0.0049843869
0.0049781009
0.0050705728
0.0052248844
0.0053879860
0.0055285073
0.0056217966
0.0056372040
0.0055426289
0.0053111759
0.0049279415
0.0043982685
0.0037540093
0.0030529859
0.0023466555
0.0016230851
0.0008487659
0.0000626874
-0.0006507729
-0.0012242634
-0.0016401491
-0.0019293437
-0.0021351379
-0.0023053865
-0.0024940652
-0.0027413088
-0.0030676964
-0.0035090939
-0.0041206802
-0.0049359993
-0.0059541593
-0.0071374628
-0.0083822163
-0.0095375783
-0.0105218487
-0.0113468683
-0.0120249634
-0.0125761379
-0.0130706515
-0.0135734186
-0.0140922908
-0.0146040501
-0.0150790885
-0.0154874653
-0.0127744482
-0.0129391751
-0.0129039595
-0.0125910905
-0.0118968006
-0.0107302872
-0.0090886688
-0.0070693488
-0.0048330039
-0.0025694333
-0.0004558739
0.0013739946
0.0028554235
0.0040063729
0.0049094150
0.0056573153
0.0062978397
0.0068238745
0.0072497458
0.0076372500
0.0080554390
0.0085584466
0.0091742217
0.0099131475
0.0107694992
0.0116983877
0.0126272791
0.0134984357
0.0142639607
0.0148752238
0.0153037364
0.0155751595
0.0157898838
0.0160438198
0.0163484553
0.0166546274
0.0168886570
0.0169763376
0.0168514147
0.0164630683
0.0157923763
0.0148552117
0.0136895199
0.0123629546
0.0109749301
0.0096386860
0.0084513729
0.0074570030
0.0066421769
0.0059700550
0.0054471903
0.0051056057
0.0049125240
0.0047976653
0.0047086923
0.0046120324
0.0044895027
0.0043397809
0.0041795735
0.0040417589
0.0039698126
0.0039985755
0.0041292833
0.0043395429
0.0046110856
0.0049520430
0.0054115050
0.0060707341
0.0069710208
0.0080609954
0.0092482778
0.0104240840
0.0114606697
0.0122784038
0.0128884051
0.0133168413
0.0135734118
0.0136785010
0.0136562929
0.0135187187
0.0132699950
0.0129346856
0.0125991398
0.0124121203
0.0125400246
0.0130779351
0.0139706470
0.0149965055
0.0159218989
0.0166508700
0.0171730242
0.0175017385
0.0176493242
0.0176431523
0.0175382704
0.0173950768
0.0172647355
0.0171856352
0.0171807200
0.0172542223
0.0173902966
0.0175537687
0.0176977974
0.0177829395
0.0177906268
0.0177122060
0.0175534292
0.0173495670
0.0171378156
0.0169295049
0.0167252581
0.0165265638
0.0163354330
0.0161553913
0.0159930827
0.0158591245
0.0157672369
0.0157316995
0.0157629291
0.0158621505
0.0160160300
0.0161938997
0.0163520635
0.0164520650
0.0164805969
0.0164535375
0.0164043473
0.0163614105
0.0163412916
0.0163460702
0.0163587821
0.0163434512
0.0162524816
0.0160477179
0.0157146919
0.0152540215
0.0146782924
0.0140129815
0.0132841090
0.0125060388
0.0116819008
0.0108081654
0.0098790394
0.0088932887
0.0078608131
0.0068087198
0.0057817666
0.0048307932
0.0039809110
0.0032271086
0.0025776048
0.0020481634
0.0016273150
0.0012967863
0.0010469981
0.0008586929
0.0007039178
0.0005641371
0.0004310740
0.0003041384
0.0001887836
0.0000943596
0.0000306595
0.0000044824
0.0000148786
0.0000500941
0.0000852591
0.0000834253
0.0000005284
-0.0001984055
-0.0005163059
-0.0009248137
-0.0013839566
-0.0018569348
-0.0023172183
-0.0027439149
-0.0031164021
-0.0034188719
-0.0036691225
-0.0039183166
-0.0042077849
-0.0045402019
-0.0048763169
-0.0051709091
-0.0053996699
-0.0055574295
-0.0056526640
-0.0056993548
-0.0057128198
-0.0057000975
-0.0056502000
-0.0055561000
-0.0054382307
-0.0053289673
-0.0052433067
-0.0051545728
-0.0050250430
-0.0048386379
-0.0045803290
-0.0042323336
-0.0037951739
-0.0032840106
-0.0027240335
-0.0021675331
-0.0016778053
-0.0012856411
-0.0010113698
-0.0008883874
-0.0009349690
-0.0011476104
-0.0015229950
-0.0020529837
-0.0027141377
-0.0034632869
-0.0042495971
-0.0050374224
-0.0057984616
-0.0065075686
-0.0071627445
-0.0077823365
-0.0083831292
-0.0089751055
-0.0095615998
-0.0101373083
-0.0106894131
-0.0112027322
-0.0116731493
-0.0121129427
-0.0125389657
-0.0129572594
-0.0133538294
-0.0137103541
-0.0140204691
-0.0142708447
-0.0144338881
-0.0144866344
-0.0144222810
-0.0142488217
-0.0139767830
-0.0136164485
-0.0132025388
-0.0127879790
-0.0124057851
-0.0120742351
-0.0118071747
-0.0115840555
-0.0113505896
-0.0110713538
-0.0107451231
-0.0103870201
-0.0100119774
-0.0096285955
-0.0092582182
-0.0089326479
-0.0086688858
-0.0084759755
-0.0083707176
-0.0083639659
-0.0084462584
-0.0085853221
-0.0087345731
-0.0088530369
-0.0089269512
-0.0089788365
-0.0090454395
-0.0091497189
-0.0092819964
-0.0094230483
-0.0095781983
-0.0097600308
-0.0099686825
-0.0101909398
-0.0104027138
-0.0105759685
-0.0106972952
-0.0107789618
-0.0108424387
-0.0109053393
-0.0109805382
-0.0110742352
-0.0111839231
-0.0112977921
-0.0114000273
-0.0114812301
-0.0115388304
-0.0115698883
-0.0115778175
-0.0115745586
-0.0115648920
-0.0115450969
-0.0115203441
-0.0114976986
-0.0114726325
-0.0114427707
-0.0114182705
-0.0114114261
-0.0114256723
-0.0114491886
-0.0114670466
-0.0114739162
-0.0114678711
-0.0114450745
-0.0114015472
-0.0113354683
-0.0112511589
-0.0111652932
-0.0111040539
-0.0110844844
-0.0111049590
-0.0111475311
-0.0111904282
-0.0112225372
-0.0112452822
-0.0112678867
-0.0112992625
-0.0113441055
-0.0114018718
-0.0114654638
-0.0115240794
-0.0115704417
-0.0116046557
-0.0116327470
-0.0116612479
-0.0116905642
-0.0117151761
-0.0117278486
-0.0117272676
-0.0117202976
-0.0117195919
-0.0117370386
-0.0117772387
-0.0118357328
-0.0119018722
-0.0119646756
-0.0120145757
-0.0120435675
-0.0120467008
-0.0120230573
-0.0119762195
-0.0119113001
-0.0118305204
-0.0117366713
-0.0116365913
-0.0115364695
-0.0114386749
-0.0113427323
-0.0112491267
-0.0111628656
-0.0110893571
-0.0110292923
-0.0109782331
-0.0109291611
-0.0108773163
-0.0108206775
-0.0107578565
-0.0106845631
-0.0105935203
-0.0104796410
-0.0103428564
-0.0101877675
-0.0100210491
-0.0098483892
-0.0096744892
-0.0095032746
-0.0093377742
-0.0091798819
-0.0090302150
-0.0088879393
-0.0087506987
-0.0086146808
-0.0084750911
-0.0083274214
-0.0081704603
-0.0080085183
-0.0078484422
-0.0076953018
-0.0075493416
-0.0074083224
-0.0072724975
-0.0071408708
-0.0070082313
-0.0068705516
-0.0067274944
-0.0065798309
-0.0064288211
-0.0062765975
-0.0061259245
-0.0059789987
-0.0058353660
-0.0056937056
-0.0055561706
-0.0054257852
-0.0053024176
-0.0051843893
-0.0050701144
-0.0049580192
-0.0048464262
-0.0047337051
-0.0046184792
-0.0044999073
-0.0043779501
-0.0042535734
-0.0041285999
-0.0040047102
-0.0038823415
-0.0037620217
-0.0036450770
-0.0035323456
-0.0034243634
-0.0033227830
-0.0032293067
-0.0031440190
-0.0030652072
-0.0029901747
-0.0029166541
-0.0028434143
-0.0027702705
-0.0026980791
-0.0026281766
-0.0025613307
-0.0024975668
-0.0024370975
-0.0023797976
-0.0023244740
-0.0022697686
-0.0022151557
-0.0021610706
-0.0021088405
-0.0020601580
-0.0020157383
-0.0019744246
-0.0019346202
-0.0018954428
-0.0018568207
-0.0018194572
-0.0017846422
-0.0017535437
-0.0017265799
-0.0017033032
-0.0016827407
-0.0016639932
-0.0016463722
-0.0016293653
-0.0016127051
-0.0015963737
-0.0015806118
-0.0015658330
-0.0015524461
-0.0015404952
-0.0015296391
-0.0015197982
-0.0015111705
-0.0015035064
-0.0014964383
-0.0014901066
-0.0014848792
-0.0014809742
-0.0014783889
-0.0014768603
-0.0014758967
-0.0014749625
-0.0014737096
-0.0014719909
-0.0014698347
-0.0014673917
-0.0014647885
-0.0014619696
-0.0014588550
-0.0014555019
-0.0014520951
-0.0014488338
-0.0014457791
-0.0014428623
-0.0014399922
-0.0014371917
-0.0014346382
-0.0014325429
-0.0014311025
-0.0014304711
-0.0014306832
-0.0014316262
-0.0014331434
-0.0014351412
-0.0014376477
-0.0014407118
-0.0014442929
-0.0014483127
-0.0014527224
-0.0014575015
-0.0014626588
-0.0014682213
-0.0014742153
-0.0014806462
-0.0014875390
-0.0014949431
-0.0015028956
-0.0015114053
-0.0015204609
-0.0015300261
-0.0015400458
-0.0015504469
-0.0015611570
-0.0015721250
-0.0015833217
-0.0015947301
-0.0016063323
-0.0016181125
-0.0016300655
-0.0016421996
-0.0016545299
-0.0016670682
-0.0016798149
-0.0016927555
-0.0017058693
-0.0017191385
-0.0017325499
-0.0017460889
-0.0017597416
-0.0017734967
-0.0017873467
-0.0018012872
-0.0018153137
-0.0018294218
-0.0018436076
-0.0018578684
-0.0018721997
-0.0018865982
-0.0019010621
-0.0019155886
-0.0019301766
-0.0019448253
-0.0019595340
-0.0019743020
-0.0019891293
-0.0020040135
-0.0020189549
-0.0020339520
-0.0020490040
-0.0020641092
-0.0020792669
-0.0020944754
-0.0021097340
-0.0021250411
