0.0002210462
0.0021125384
0.0023064374
0.0001525402
-0.0013485293
-0.0033647713
-0.0028391965
-0.0006946703
-0.0003945593
-0.0005231049
-0.0027713528
-0.0040272554
-0.0029025811
-0.0017818375
-0.0003661403
-0.0032527772
-0.0062875431
-0.0039974771
-0.0010414779
-0.0005578137
0.0000490750
-0.0008410702
-0.0029804922
-0.0037644544
-0.0029727292
-0.0004729154
0.0018853203
0.0023388370
0.0004196423
-0.0005203192
0.0002596039
-0.0031461422
-0.0063119962
-0.0009505235
0.0000653521
-0.0002781660
-0.0005010852
0.0009250908
0.0026816084
-0.0036094235
-0.0034521970
0.0030418625
0.0021556137
-0.0007284322
0.0007737511
0.0035094765
0.0012939709
-0.0037451935
-0.0023898476
0.0024747428
0.0020367818
0.0001017833
0.0033959125
0.0008657594
-0.0036975876
-0.0013420724
-0.0004324712
-0.0000118383
0.0025743764
-0.0010254985
0.0004608680
0.0017584604
-0.0036190002
-0.0020356489
-0.0006096105
-0.0003279855
-0.0006415112
0.0043737173
0.0074697992
-0.0001060734
0.0025442901
0.0039388125
-0.0044196826
-0.0049534944
-0.0029586092
0.0029230539
0.0030630139
-0.0004649007
0.0058126224
0.0052184591
-0.0007267615
0.0010150594
0.0015770713
-0.0001379404
-0.0007741001
0.0017817434
0.0013343319
-0.0004252905
-0.0015176813
-0.0040704107
-0.0037693470
-0.0051357452
0.0091996694
0.0165991581
0.0016073542
-0.0064800159
-0.0021532807
0.0036835854
-0.0015526363
-0.0054281685
0.0077902757
0.0053776708
-0.0121678468
-0.0073365057
0.0104228048
0.0025031046
-0.0081602999
0.0062994618
0.0141693742
0.0039424543
-0.0044072880
0.0084583767
0.0089007359
-0.0022622184
-0.0025684082
-0.0004756869
0.0016511013
-0.0021565200
-0.0031890059
0.0052168904
0.0037439112
-0.0066798320
-0.0079588339
-0.0026440839
0.0068392737
0.0058053534
-0.0039407516
-0.0131795628
-0.0129511439
-0.0068001700
0.0031143546
-0.0027489978
-0.0058136231
0.0064040697
0.0029264706
-0.0054591166
-0.0045033340
0.0065462681
-0.0004026538
-0.0050024866
-0.0006922345
0.0019793831
-0.0081393650
-0.0218709590
-0.0086506862
0.0026858020
-0.0057105430
-0.0071539628
0.0029790464
0.0065693839
0.0066281579
0.0123604279
0.0023187456
-0.0139890128
-0.0103975182
0.0030190598
0.0151574849
0.0165229966
0.0080620559
-0.0083533938
-0.0091234212
0.0016292271
0.0150940744
0.0138677405
-0.0037552142
-0.0153926970
-0.0063391443
0.0075187733
0.0000629120
-0.0126365460
-0.0136258814
-0.0074958099
0.0016544985
0.0206259463
0.0056780933
-0.0186046274
-0.0131538305
0.0046376254
0.0138400941
-0.0002152695
-0.0051967129
-0.0009325091
0.0026014794
0.0051338958
0.0026455563
0.0072621812
-0.0089722455
-0.0162140338
-0.0030125634
0.0032096738
-0.0009608716
-0.0042400714
0.0096139828
0.0028136147
-0.0045334571
-0.0051190280
0.0046094091
0.0147900368
0.0123742709
0.0176625230
0.0088875080
-0.0073544054
-0.0146770987
-0.0079091287
0.0140545929
0.0107547965
0.0025338486
0.0040055358
-0.0030292099
-0.0053081293
0.0091057284
0.0147221235
-0.0032444299
-0.0090958430
-0.0049819640
-0.0090703985
-0.0234494074
-0.0218631558
0.0005346422
0.0113965430
0.0037669578
0.0075787171
0.0143779039
0.0125408559
0.0076598318
0.0078872442
0.0103155437
-0.0078791559
-0.0156733573
-0.0066135789
-0.0007760593
0.0082546820
0.0093321573
-0.0047417206
-0.0192928796
-0.0057793130
0.0214407852
0.0079327783
-0.0092183016
-0.0085650041
0.0021308993
-0.0016468346
-0.0088932943
0.0043270335
0.0069644393
0.0066142106
-0.0041957189
0.0038526740
0.0120202389
-0.0077224539
-0.0104394487
-0.0048127596
-0.0136977323
-0.0051755507
0.0213397628
0.0161996044
-0.0015212710
-0.0043584544
-0.0040299740
0.0095042653
0.0177515627
0.0068689128
-0.0134417716
-0.0187245684
-0.0035275003
0.0059159475
0.0065251768
0.0020912780
0.0050401624
0.0086010893
0.0072578400
0.0034866821
0.0076790292
0.0077170248
-0.0000331132
-0.0009589103
-0.0027579066
0.0018990772
-0.0013107278
-0.0032727147
0.0006575942
0.0070771322
-0.0039042139
-0.0171351856
0.0026352974
0.0340882760
0.0323271171
-0.0019376613
-0.0079660573
-0.0175418667
-0.0212856764
0.0090495177
0.0070449488
-0.0101424813
-0.0124567219
-0.0062555762
0.0068066080
0.0118040592
-0.0059674666
-0.0147726572
-0.0083035287
-0.0062981196
0.0055388062
0.0137903140
-0.0047974748
-0.0138827783
0.0015244362
0.0131482656
0.0050037666
-0.0020790600
0.0002095140
-0.0042662369
0.0127629975
0.0233648195
0.0233325746
0.0019615383
-0.0118169577
-0.0094900063
-0.0140859895
-0.0040578266
-0.0017037330
0.0096272005
0.0019343954
-0.0197312899
-0.0176359291
-0.0001233282
0.0075050611
0.0063110565
-0.0007125811
0.0020101316
-0.0028009394
-0.0116195017
-0.0013935714
-0.0033629367
-0.0114280290
-0.0172647048
-0.0054070905
0.0095244680
0.0095078820
-0.0076788031
-0.0043095198
0.0096700232
0.0016868694
-0.0125768180
-0.0139506001
-0.0125217599
0.0052747794
0.0205281459
0.0067321739
-0.0052653022
0.0098017919
0.0276072998
0.0085178136
-0.0017074667
0.0125388990
0.0220332870
0.0007912512
-0.0255593305
-0.0139006784
0.0085937722
0.0071343656
0.0059686141
0.0063012271
0.0015174658
-0.0155099596
-0.0031786905
0.0320905449
0.0334156876
-0.0016166120
-0.0236015768
-0.0033155655
0.0174227762
0.0140356135
0.0059489781
0.0075695771
-0.0080846182
-0.0004324192
0.0183978396
0.0063213912
-0.0078326879
0.0103110381
0.0112612873
0.0005696803
-0.0038924324
-0.0123198223
0.0001249236
0.0003720250
0.0051995539
-0.0033280608
-0.0193052623
0.0025185285
0.0156211932
-0.0118413803
-0.0016917058
0.0084804875
-0.0104671544
-0.0079395682
0.0005383995
0.0141933375
-0.0217358255
-0.0377182113
-0.0090606246
0.0211100182
0.0266166142
0.0173589728
0.0116581071
-0.0141095119
-0.0104394880
0.0223050885
0.0452904423
0.0113128180
-0.0252639343
-0.0055441993
0.0071089238
0.0027798798
0.0011175824
-0.0003306290
0.0022682902
-0.0069080796
0.0045401950
-0.0150686633
-0.0192701992
0.0049514055
0.0072776998
0.0225678470
0.0097281040
-0.0051037021
-0.0207962635
-0.0167162057
-0.0045645037
-0.0063168806
-0.0057681297
-0.0165318285
-0.0178670767
-0.0067889929
0.0093824406
0.0146386459
-0.0038696894
0.0048365796
0.0247528185
0.0216045480
0.0197087455
0.0129108063
0.0203156001
0.0055840189
-0.0039361925
0.0247828115
0.0163229991
-0.0049108384
-0.0143840843
0.0044991167
-0.0004346125
-0.0057006959
0.0100434475
0.0037272633
-0.0140415465
-0.0243429009
-0.0146984720
0.0115987894
0.0329493803
0.0074192783
-0.0242726812
-0.0262960199
0.0035660301
0.0118711218
0.0065121239
-0.0021824744
-0.0039484191
-0.0052523243
-0.0027225907
-0.0041681831
0.0096901308
0.0153114171
0.0113323259
-0.0035580150
-0.0054791634
0.0073569278
-0.0004647132
-0.0182092276
-0.0282674689
0.0066370191
0.0274775060
0.0214898627
-0.0133302740
-0.0320246513
-0.0379727759
-0.0385641249
-0.0224149525
-0.0047224112
0.0010205186
0.0038602650
0.0101755973
0.0067055560
0.0096291136
0.0213648389
0.0297974973
0.0304805356
0.0220440595
0.0132002164
0.0034115228
-0.0009340738
-0.0122861092
-0.0109314335
-0.0087257635
-0.0070756962
-0.0078702399
-0.0357567385
-0.0408650893
-0.0353721456
-0.0035839551
0.0427066773
0.0187206458
-0.0261438432
0.0003735070
0.0415439750
0.0706267263
0.0368365988
-0.0266045673
-0.0532295238
-0.0724651103
-0.0785290086
-0.0664162963
-0.0181376608
-0.0020861179
-0.0220908065
-0.0141082673
0.0118619947
-0.0123396991
-0.0367737510
-0.0047468910
0.0415761441
0.0327601420
0.0204685414
0.0362779879
-0.0052382167
-0.0545730933
-0.0677148797
-0.0501418288
-0.0322704913
-0.0165050771
-0.0049364745
0.0028573870
0.0179980719
-0.0133382488
-0.0079350526
0.0230100101
0.0037983451
-0.0101902823
-0.0099867899
0.0019980650
-0.0304059978
-0.0381007773
-0.0014360583
0.0298464545
0.0440562549
0.0258821186
-0.0094644341
-0.0165545704
0.0021446095
0.0131346124
0.0516206562
0.0610653753
0.0392665123
0.0268209058
0.0086480871
-0.0083920760
-0.0140550089
-0.0357658395
-0.0413225901
-0.0115522328
0.0095229596
0.0134031713
-0.0143300720
-0.0300700923
-0.0014444853
-0.0037992167
-0.0291693405
0.0060352676
0.0564434204
0.0674421845
0.0639751484
0.0524158340
0.0338483411
0.0389002809
0.0131487834
0.0038710582
0.0390467078
0.0263091963
0.0052906466
-0.0086676284
0.0027540476
0.0107017119
0.0050094281
0.0067707133
-0.0342856901
-0.0542107045
-0.0202635345
0.0059558280
0.0129469948
-0.0042163479
-0.0162908713
0.0214247202
0.0228103406
0.0100658766
0.0291747201
0.0341246954
0.0271666278
0.0096730281
0.0260751852
0.0015568017
-0.0539337888
-0.0911713736
-0.1045072783
-0.0940555437
-0.0961552669
-0.0650826421
-0.0146923751
0.0391275781
0.0890978950
0.0711148802
0.0185380491
0.0102960703
0.0345726409
0.0434744881
0.0418637503
0.0692585558
0.0459267513
0.0017868060
0.0018391790
0.0069669908
0.0262861764
0.0046018251
-0.0266955492
-0.0312274816
-0.0378571464
-0.0259105293
-0.0197020786
-0.0304897209
-0.0489806453
-0.0590929004
-0.0395376757
-0.0242682824
-0.0081918626
-0.0116873331
-0.0332679111
-0.0306938119
-0.0472985804
-0.0531514197
-0.0390399594
-0.0137409923
0.0176916768
0.0395284821
0.0619194287
0.0588706284
0.0465108423
0.0571802929
0.0583271643
0.0434398579
0.0254137212
0.0118184091
0.0006163065
0.0025551264
0.0175167913
0.0217101530
0.0320108597
0.0355998016
-0.0157270327
-0.0624638528
-0.0776306514
-0.0771543263
-0.0250237034
0.0106437542
0.0153854382
-0.0198424250
-0.0425739362
-0.0171695450
-0.0029074870
-0.0064812447
-0.0055556035
0.0447153683
0.0799062873
0.0774654525
0.0577353187
0.0253598862
-0.0314931516
-0.0822366715
-0.0771976598
-0.0901780113
-0.0686914906
-0.0138219410
0.0058525489
-0.0138382665
-0.0422144406
-0.0121967487
-0.0113985210
-0.0388144226
-0.0313684824
0.0035776567
0.0282224510
0.0101728600
-0.0017303228
-0.0166193119
-0.0581071694
-0.0838403838
-0.1101648353
-0.1253959818
-0.0803341695
-0.0038276342
0.0515771155
0.0463990117
-0.0074235975
-0.0811257704
-0.1282613456
-0.1387751786
-0.0796120425
0.0562567783
0.1526833930
0.1195042906
0.0419510892
0.0254278219
0.0661949150
0.1217825610
0.1180043312
0.0588418848
0.0279005317
0.0437921922
0.0735399231
0.0769936436
0.0424754668
-0.0262375327
-0.0697152174
-0.0391358971
-0.0079337186
-0.0323551198
-0.0887264417
-0.1058869661
-0.0677406620
-0.0085788284
-0.0078547865
-0.0192621312
-0.1595626840
-0.2096800657
-0.1457547541
-0.0948218858
-0.0054143268
0.0279720483
0.0793429629
0.1541407784
0.2177686263
0.2653320394
0.1975373061
0.2352499724
0.2565597878
0.1718277117
0.0930589897
-0.0266147318
-0.1500277492
-0.2133757257
-0.1643618671
-0.0758685240
-0.0525566733
-0.0666658760
-0.0853241734
-0.0720530373
-0.0107337819
0.0522877415
0.0892356712
0.0802942446
0.0702229824
0.0638434628
0.0392251353
0.0260536356
0.0362657911
0.0330759752
-0.0080935669
-0.0136653338
0.0242938097
0.0006841864
-0.0623710782
-0.0964011845
-0.0929456745
-0.0680509106
-0.0559092101
-0.0640305193
-0.0736656876
-0.0678351661
-0.0766078005
-0.0832792550
-0.0834250253
-0.0464811687
0.0318753833
0.0812167194
0.0590122635
0.0018157198
-0.0184046873
0.0010948635
0.0139499098
-0.0041294594
-0.0390516273
-0.0653879426
-0.0773266273
-0.0901627847
-0.0904985164
-0.0216799792
0.1110214635
0.1583249070
0.1598803585
0.2360587238
0.2620213741
0.2340999844
0.1247848021
0.0035168647
-0.0681166243
-0.1646152360
-0.2090706343
-0.1405749227
-0.0271964127
0.0381072743
0.0629457235
0.0957438877
0.1098334896
0.0735924102
0.0240852273
-0.0100998433
-0.0248697928
-0.0019506332
0.0299164240
0.0394651926
0.0577877155
0.0856429212
0.1059703706
0.0898035036
0.0488023583
0.0012174769
-0.0698512665
-0.1235982291
-0.1384668038
-0.1364236444
-0.1182755914
-0.0838346549
-0.0724759733
-0.0843072148
-0.1017092047
-0.1127049006
-0.0920276565
-0.0448127339
-0.0040497369
0.0002147467
-0.0194423584
-0.0380676788
-0.0404764539
-0.0116004513
0.0345594730
0.0597931855
0.0801890856
0.0951119368
0.0605013327
0.0399593608
0.0534461141
0.0414251272
0.0267319257
0.0070495924
0.0168122503
0.0508116351
0.0654034564
0.0718765734
0.0792501255
0.0943268326
0.1050933467
0.0905024097
0.0317408376
-0.0222403267
-0.0462453687
-0.0198742682
0.0520690488
0.1062610086
0.1394433345
0.1378327940
0.1130614991
0.0723802929
0.0210820164
-0.0196065744
-0.0744333257
-0.1109029204
-0.1184984638
-0.0942109768
-0.0365576286
0.0089900465
0.0461458154
0.0648235221
0.0555112569
0.0421974709
0.0519507378
0.0570729971
0.0239228485
-0.0369848584
-0.0945126960
-0.1116671918
-0.0802980251
-0.0340538870
-0.0115215987
-0.0033040276
0.0028410745
0.0185273427
0.0352338545
0.0604059579
0.0967963524
0.1194291786
0.0978377198
0.0434165549
0.0155633885
0.0000576927
-0.0025918160
-0.0015221521
-0.0253075064
-0.0500787147
-0.0669509756
-0.0635317964
-0.0599811728
-0.0777440338
-0.0939229270
-0.1023128040
-0.0923666163
-0.0856608731
-0.1032050299
-0.1014385610
-0.0586805315
-0.0082920673
0.0015211591
-0.0281703947
-0.0503658814
-0.0270037285
0.0372403330
0.0862166529
0.0951522278
0.0800759682
0.0858798288
0.1214871498
0.1496925940
0.1662542842
0.1590873213
0.1234292552
0.0740827443
0.0318887106
0.0157282103
0.0347336265
0.0436024304
0.0329121660
0.0315403997
0.0008990382
-0.0310293495
-0.0532616018
-0.0686058840
-0.0766831816
-0.0882199078
-0.0724075421
-0.0661560408
-0.0721505810
-0.0690774627
-0.0547042738
-0.0629160836
-0.0953961308
-0.1019476359
-0.0809953451
-0.0409620898
0.0034219770
0.0199449550
0.0035928075
-0.0234718809
-0.0408808362
-0.0577127771
-0.0718844550
-0.0480996923
-0.0231380222
-0.0276014228
-0.0250153405
0.0039567868
0.0226831087
0.0099778176
-0.0159306854
-0.0439899349
-0.0557228482
-0.0530551248
-0.0348430715
0.0139861526
0.0573935918
0.0928267317
0.1223562188
0.1204405176
0.1049932766
0.0821771379
0.0396543032
-0.0130198056
-0.0415674124
-0.0290234013
0.0037345856
0.0375169566
0.0281128572
0.0008574143
-0.0019919070
-0.0059198428
0.0125770578
0.0363034459
0.0353886864
0.0239984746
-0.0002438583
-0.0370611124
-0.0696589021
-0.0673495729
-0.0284054249
0.0056236972
0.0099199015
-0.0227817504
-0.0594151011
-0.0785061153
-0.0857479507
-0.0809307088
-0.0623433080
-0.0392444610
-0.0082876501
0.0270519584
0.0427832766
0.0005047397
-0.0372684545
-0.0150190219
-0.0002612806
-0.0233105249
-0.0447874001
-0.0245935876
-0.0054059470
-0.0033567953
-0.0036144412
-0.0197310181
-0.0393327100
-0.0183470458
0.0187960090
0.0412800477
0.0299735306
-0.0038666115
-0.0038895238
0.0012364213
-0.0273763955
-0.0743104840
-0.0973993058
-0.0837212858
-0.0568993517
-0.0463108884
-0.0497851061
-0.0360161963
0.0031850503
0.0530356035
0.0890533068
0.0954814392
0.0924583177
0.0969353531
0.0746247730
0.0486059299
0.0380756311
0.0299975795
0.0274856834
0.0107862903
-0.0286092860
-0.0645112061
-0.0672129481
-0.0659562650
-0.0677136436
-0.0551143140
-0.0312385084
0.0030205050
0.0328184012
0.0391092765
0.0188130078
-0.0031068661
-0.0013465305
-0.0020488150
-0.0197089070
-0.0275363890
-0.0252293869
-0.0199229829
-0.0167610297
0.0029805004
0.0322690507
0.0473769101
0.0598781600
0.0563444885
0.0322059639
0.0177542776
0.0255583283
0.0415373869
0.0362887735
0.0264771550
0.0316578480
0.0424722529
0.0398156628
0.0347118584
0.0263200843
0.0085600626
0.0167350362
0.0293682250
0.0362377756
0.0380186811
0.0336455796
0.0351374942
0.0418791237
0.0454371176
0.0446729138
0.0451122650
0.0224000791
-0.0047906288
0.0082743631
0.0248714609
0.0100264326
-0.0235256433
-0.0251039446
0.0088323301
0.0249270687
0.0215213841
0.0055673080
-0.0147471032
-0.0306649705
-0.0360734787
-0.0359197629
-0.0332093867
-0.0075169366
0.0099079839
0.0011018762
-0.0029053031
0.0048186105
-0.0189983369
-0.0433475855
-0.0332679426
-0.0186895952
-0.0190592531
-0.0261492438
-0.0032041289
0.0119027894
0.0009735183
-0.0098884098
-0.0121426329
-0.0039513448
-0.0007594809
0.0135961570
0.0137523781
0.0046366537
0.0238476239
0.0151556902
-0.0177127683
-0.0387573884
-0.0423342068
-0.0303094575
-0.0273864702
-0.0148836010
-0.0050680284
-0.0172950639
-0.0383392994
-0.0257924430
0.0198614334
0.0395860397
0.0048493187
-0.0580895820
-0.0843502151
-0.0644463828
-0.0342277306
-0.0304995524
-0.0208430993
-0.0079609577
-0.0262962641
-0.0065445232
0.0494751985
0.0495987149
0.0062419096
-0.0290519200
-0.0017951755
0.0433296897
0.0242878521
0.0377421508
0.0758540929
0.0710965267
0.0551857577
0.0683694176
0.0373171246
-0.0164979328
-0.0034258960
-0.0339357793
-0.0936540918
-0.0603473740
-0.0118879460
-0.0278863803
-0.0244709279
0.0325894264
0.0190210074
-0.0256137145
0.0066040682
0.0121691810
-0.0229409826
-0.0300895991
-0.0423569113
-0.0540378689
-0.0543188506
-0.0643758537
-0.0701599526
-0.0731090281
-0.0497436115
-0.0181576770
-0.0288661608
-0.0503707979
-0.0645457276
-0.0605247708
-0.0415246202
-0.0303676025
-0.0106110217
-0.0078182718
-0.0164873486
-0.0032073874
0.0376035905
0.0602928109
0.0434746106
0.0272256998
0.0254836198
0.0306821083
0.0151864564
-0.0109748605
-0.0047324850
0.0292207363
0.0575490043
0.0518795103
0.0462233544
0.0741721095
0.0929396767
0.0812949716
0.0330440060
-0.0020780874
0.0061747586
0.0067224157
-0.0083765512
-0.0157962700
-0.0175005592
-0.0137110754
0.0016336086
0.0186243318
0.0292186333
0.0131172416
-0.0029929584
-0.0029803665
-0.0092181079
-0.0180411581
-0.0198894205
-0.0118883375
-0.0034608008
0.0108986997
0.0383290321
0.0622275396
0.0572925597
0.0422079622
0.0301099153
0.0300551594
0.0553673470
0.0705959198
0.0644972014
0.0687145621
0.0692895180
0.0308161288
0.0112958552
0.0125323935
-0.0022041152
0.0034306779
0.0067937827
-0.0096557763
-0.0303721173
-0.0224767609
0.0112710461
0.0138202616
-0.0061586629
-0.0270108819
-0.0365762851
-0.0388278029
-0.0419502003
-0.0386295505
-0.0366467401
-0.0252873086
-0.0020415399
0.0014569043
-0.0005628197
0.0054232467
0.0018985854
-0.0072110558
-0.0013433865
0.0172806975
0.0262238094
0.0268687821
0.0267675293
0.0316459347
0.0426876981
0.0462818303
0.0338826481
0.0205247446
0.0202307104
0.0182858423
0.0010319597
-0.0121455255
-0.0143042234
-0.0056579179
-0.0055214202
-0.0169506639
-0.0100039339
0.0035452238
0.0128526173
0.0190672762
0.0137934426
0.0098743338
0.0203692064
0.0481673806
0.0653245128
0.0649673246
0.0513203284
0.0266559238
0.0099942207
-0.0107863540
-0.0252485061
-0.0163836736
0.0010890874
0.0054686547
-0.0006214055
-0.0021803316
-0.0130864271
-0.0377129299
-0.0427753658
-0.0299901013
-0.0300731470
-0.0543709697
-0.0846027049
-0.1024823229
-0.0991334205
-0.0813264293
-0.0819249443
-0.0968753402
-0.0977295709
-0.0745349104
-0.0446442367
-0.0320932554
-0.0430500177
-0.0533891042
-0.0570855937
-0.0396118340
-0.0253077621
-0.0262312624
-0.0343229599
-0.0444175873
-0.0408203750
-0.0369811799
-0.0299029584
-0.0083834512
0.0190722090
0.0402534177
0.0404515189
0.0110893042
-0.0208639380
-0.0173601180
0.0016948431
0.0084095196
0.0167587120
0.0207855347
0.0310033949
0.0345227506
0.0340014055
0.0320528750
0.0182684171
0.0009130541
-0.0211327710
-0.0234183574
0.0026412585
0.0251546797
0.0381413980
0.0402088357
0.0339676941
0.0281554138
0.0224443776
0.0365002293
0.0549193258
0.0499070040
0.0358682783
0.0366433776
0.0290792011
0.0276878685
0.0215024122
-0.0002533660
-0.0082168999
-0.0064552206
0.0105950233
0.0315756360
0.0439230656
0.0415476443
0.0298738870
0.0202641144
0.0244864836
0.0165078399
-0.0056204480
-0.0243243878
-0.0524127926
-0.0604710761
-0.0250953050
0.0058150675
0.0035112420
-0.0113718355
-0.0210635572
-0.0211970441
-0.0200160856
-0.0155144389
-0.0173026860
-0.0161916783
-0.0011383139
0.0158070074
0.0301254033
0.0341143273
0.0033291311
-0.0369640643
-0.0426741897
-0.0392285575
-0.0377966056
-0.0399002955
-0.0476167527
-0.0530124788
-0.0572521825
-0.0568502304
-0.0567506743
-0.0507557077
-0.0317768705
-0.0222411462
-0.0199211372
-0.0174148624
-0.0179998082
-0.0064380770
-0.0024974610
-0.0147190520
-0.0178949093
-0.0094114556
0.0082560630
0.0314880455
0.0449703548
0.0406445682
0.0241036180
0.0013269976
-0.0075065751
0.0018697478
0.0158511031
0.0185919063
-0.0011473986
-0.0181575953
-0.0386847319
-0.0542226546
-0.0228000498
0.0014801022
-0.0017565467
-0.0248502519
-0.0273420639
0.0017733722
0.0044236112
-0.0107046724
-0.0452550684
-0.0530753528
-0.0108808011
0.0387158233
0.0527134225
0.0376975491
0.0318774079
0.0533018113
0.0860936360
0.0916041711
0.0691650541
0.0254645461
-0.0405681357
-0.1111689283
-0.1364856005
-0.1053384898
-0.0361106586
0.0784100321
0.1491852860
0.1507593926
0.1188414764
0.0936295089
0.0802635572
0.0298177747
-0.0410338041
-0.0318600842
0.0376668320
0.0485361224
0.0270009393
-0.0097460518
-0.0242073878
-0.0217525445
0.0101665675
0.0170412431
-0.0161044134
-0.0145890674
-0.0289274713
-0.0562180675
-0.0461835043
0.0065282917
0.0338257485
0.0286405839
0.0288825516
0.0114225655
0.0238671352
0.0697428277
0.0911217562
0.0377328839
-0.0603885958
-0.0887116099
-0.0623940687
0.0006858501
0.0435722265
0.0300550403
-0.0069947216
0.0025176407
0.0417366909
0.0710758649
0.0847496567
0.0711820351
0.0386802416
0.0189283444
0.0190033802
0.0132833554
0.0055556846
-0.0228033565
-0.0375916100
-0.0360816412
-0.0302045905
-0.0233409139
-0.0072948785
-0.0063206563
-0.0173511020
-0.0035927225
0.0121889144
0.0301398038
0.0366414370
0.0237461431
-0.0082064598
-0.0339017453
-0.0446144717
-0.0518949712
-0.0624314811
-0.0545656507
-0.0182312539
0.0230647038
0.0292509077
0.0093449235
0.0062455934
-0.0021210556
0.0153420375
0.0497079711
0.0535386336
0.0188708669
-0.0215042289
-0.0511723083
-0.0662405412
-0.0455764705
-0.0125114969
0.0031630222
-0.0053668578
-0.0026007848
0.0140427316
0.0101848013
-0.0075447967
-0.0116493929
-0.0010636596
-0.0068965586
-0.0155870918
-0.0133433915
-0.0129307851
-0.0114991605
0.0037906862
0.0304917950
0.0502588511
0.0512932141
0.0372307565
0.0220765456
0.0167105728
0.0251595919
0.0245181926
0.0224247469
0.0294566910
0.0279235059
0.0154969784
0.0158779847
0.0283468547
0.0311113876
0.0272849787
0.0233788634
0.0263840339
0.0418232785
0.0615324336
0.0616008697
0.0558675920
0.0440480732
0.0145618442
-0.0136253209
-0.0256599160
-0.0132993118
0.0089210906
0.0102396325
-0.0089612947
-0.0260653807
-0.0264121578
-0.0095276562
-0.0056337361
-0.0192221909
-0.0188914788
-0.0059650631
-0.0004270448
-0.0079099449
-0.0299458797
-0.0457491769
-0.0254759555
0.0082820851
0.0026503083
-0.0209919651
-0.0394983915
-0.0265018447
-0.0034944081
-0.0099025304
-0.0250405554
-0.0382656034
-0.0434088330
-0.0437097315
-0.0260832714
-0.0017299823
0.0177288059
0.0135811522
-0.0090699712
-0.0310387258
-0.0270108449
-0.0129677165
-0.0314571450
-0.0557897492
-0.0576768550
-0.0303270021
0.0160253993
0.0321510285
0.0087016968
0.0075760329
0.0130117361
0.0178813500
0.0272329356
0.0283350187
0.0188554652
0.0173969646
0.0337321716
0.0384014222
0.0329633580
0.0319793434
0.0258785735
0.0016020244
-0.0140556930
-0.0275388442
-0.0369911338
-0.0267263854
-0.0185708062
-0.0138325608
-0.0071709855
-0.0112871767
-0.0143292819
0.0061058834
0.0348501405
0.0404291416
0.0245838237
0.0083396366
-0.0231098478
-0.0383950036
-0.0237265448
-0.0087528085
-0.0044341074
-0.0066752200
-0.0115775758
-0.0060624640
-0.0038614868
-0.0159520865
-0.0091557481
0.0093922689
0.0104275643
-0.0075168434
-0.0030301525
0.0160824616
0.0128078764
-0.0005369713
0.0007251952
0.0037120667
-0.0184078417
-0.0387798967
-0.0418217844
-0.0363468739
-0.0401559529
-0.0560768291
-0.0682585238
-0.0607556226
-0.0306293472
-0.0048593582
0.0012101646
-0.0093129010
-0.0087100400
-0.0010399830
0.0057399642
0.0107067358
-0.0049222658
-0.0277696006
-0.0397740171
-0.0469788478
-0.0506807121
-0.0420784269
-0.0143620309
-0.0010654563
0.0034087059
0.0145944239
0.0135794558
0.0109583627
0.0109862709
0.0095482882
0.0155387985
0.0239541421
0.0124646975
-0.0055938651
0.0005975064
0.0126195591
0.0081820202
0.0011161200
-0.0035743998
-0.0096097708
-0.0143878061
-0.0101846669
-0.0045968813
-0.0050243376
0.0049440509
0.0241652668
0.0324818138
0.0185047908
0.0117305295
0.0133690386
0.0133291221
0.0117065149
0.0136294280
0.0227277282
0.0213463364
0.0221668153
0.0239817849
0.0213851032
0.0184182030
0.0253845944
0.0378023011
0.0469210170
0.0420713477
0.0369559033
0.0383072749
0.0325222538
0.0230194842
0.0200827508
0.0223367734
0.0120516031
-0.0050063236
-0.0108937391
-0.0086992937
-0.0106629257
-0.0052896563
-0.0013508266
-0.0068076608
-0.0010177863
0.0115825551
0.0124113296
0.0072834532
0.0058193522
0.0012848207
-0.0001027682
0.0064254356
0.0061978160
-0.0094101054
-0.0189588816
-0.0084417892
0.0003265668
0.0035130517
0.0074150892
0.0029848568
-0.0002003486
0.0041543196
0.0058894494
-0.0029061815
-0.0078285259
0.0009777023
0.0118521846
0.0085465079
0.0026581735
0.0032559935
0.0047530597
0.0054178017
0.0065756576
0.0146016230
0.0187557334
0.0103535428
-0.0020302620
-0.0074521840
-0.0089480388
-0.0128649317
-0.0201871062
-0.0267182051
-0.0270125043
-0.0259253381
-0.0317582838
-0.0298802534
-0.0236888058
-0.0123198101
-0.0059205731
-0.0071978088
-0.0141665598
-0.0137648598
0.0062420899
0.0165365303
0.0132267128
0.0097966912
0.0037272021
-0.0053786976
-0.0083642003
-0.0127928892
-0.0115201849
-0.0090880823
-0.0179983118
-0.0314917023
-0.0353698329
-0.0272991260
-0.0286455438
-0.0319106396
-0.0302763414
-0.0349636617
-0.0361054226
-0.0314795208
-0.0302384577
-0.0325066684
-0.0335176349
-0.0283239991
-0.0236505404
-0.0228307676
-0.0203116988
-0.0225481157
-0.0273835442
-0.0235758158
-0.0134766150
-0.0011261075
0.0098537199
0.0160335689
0.0187151313
0.0213079914
0.0222469360
0.0229017726
0.0253816810
0.0191863703
0.0102659077
0.0039843766
0.0015673752
0.0069697730
0.0127115524
0.0088232998
0.0067358760
0.0081166278
0.0111419996
0.0271903957
0.0265622191
0.0075164967
0.0097939983
0.0217355713
0.0228125865
0.0236562020
0.0242925402
0.0197872942
0.0188826455
0.0226376831
0.0188977258
0.0072064515
0.0007997877
0.0050089989
0.0039800771
0.0056883583
0.0106108827
0.0036919871
-0.0105183498
-0.0146601437
-0.0034361885
0.0036146020
0.0037995643
0.0061139152
0.0100174688
0.0044357404
0.0013973533
0.0056961338
0.0106871032
0.0080014576
0.0001665110
-0.0041476000
-0.0116304205
-0.0144651889
-0.0176582670
-0.0220604932
-0.0186805356
-0.0187554080
-0.0209756061
-0.0187867064
-0.0165252094
-0.0144507240
-0.0101866564
0.0018447780
0.0059548191
-0.0000300304
-0.0004643548
0.0097524759
0.0110934318
0.0023367270
-0.0071317051
-0.0120473614
-0.0037151462
0.0026297686
-0.0008674834
-0.0024246549
0.0014950146
0.0036344278
0.0070086168
0.0038099152
0.0003318895
0.0002515742
0.0007531738
0.0028355806
-0.0001513473
0.0020474714
0.0079087829
0.0039500993
0.0039108489
0.0106133784
0.0042986707
-0.0064810317
-0.0079574580
-0.0001332172
0.0027056376
0.0012787955
0.0035223904
0.0067307613
0.0127037758
0.0106292412
0.0127023700
0.0137228898
0.0159888108
0.0207887392
0.0177706257
0.0178594257
0.0202883181
0.0188646632
0.0075256293
0.0049894267
0.0122641508
0.0199179955
0.0248533269
0.0235085134
0.0206840568
0.0177262549
0.0152263470
0.0139001183
0.0053146423
-0.0075189368
-0.0153090200
-0.0117554237
-0.0095593480
-0.0111485146
-0.0031937769
0.0007961823
-0.0009561703
-0.0083420020
-0.0121588392
-0.0059295698
-0.0062919435
-0.0111393435
-0.0125133330
-0.0122281570
-0.0127993669
-0.0111240864
-0.0132559458
-0.0232586978
-0.0232950405
-0.0198218446
-0.0212195818
-0.0221654397
-0.0170737091
-0.0167153454
-0.0211683603
-0.0200786884
-0.0106544666
0.0012198257
0.0057457141
0.0047701257
0.0049987577
0.0098788081
0.0031200528
-0.0081982772
-0.0118040498
-0.0119133660
-0.0106220990
-0.0086169132
-0.0063663302
-0.0041879635
-0.0015384376
0.0038871284
0.0036148386
-0.0002124589
0.0055715393
0.0115013474
0.0100601074
0.0053202426
0.0000350003
0.0022453978
0.0086880665
0.0134857322
0.0143127069
0.0121658575
0.0115102451
0.0136640445
0.0170650015
0.0139162093
0.0113411846
0.0105649899
0.0169123805
0.0247691878
0.0225418671
0.0163992702
0.0140940978
0.0152529284
0.0124154832
0.0115153747
0.0121772396
0.0108041950
0.0044751269
0.0028517624
0.0097202539
0.0136662622
0.0145361829
0.0089279303
0.0026938231
0.0014699718
-0.0003733902
-0.0019437094
-0.0035367393
-0.0032093746
-0.0050949165
-0.0077862152
-0.0047478228
-0.0032617303
-0.0052929210
-0.0100292874
-0.0123440263
-0.0098740041
-0.0065321555
-0.0033076980
-0.0036647608
-0.0041155595
-0.0025247139
-0.0052304716
-0.0070531154
-0.0068733737
-0.0054286365
-0.0033399334
-0.0029287402
-0.0024549511
-0.0032959284
-0.0047522102
-0.0075073017
-0.0076198711
-0.0072273634
-0.0074653296
-0.0073025400
-0.0083341535
-0.0082043527
-0.0083774428
-0.0079407446
-0.0063116605
-0.0043346136
-0.0023135154
0.0006461550
0.0036452124
0.0047348955
0.0035632650
0.0005015849
0.0007552709
0.0032157462
0.0032219700
0.0024609601
0.0036270665
0.0054317210
0.0045851119
0.0033865943
0.0016560518
0.0010006503
0.0025912666
0.0041700698
0.0047974807
0.0037861953
0.0022154185
0.0010220363
0.0015079147
0.0025534537
0.0017040216
0.0010112490
0.0013002008
0.0010227981
0.0001412930
-0.0004658084
-0.0012967270
-0.0022164215
-0.0018564357
-0.0015568078
-0.0011743632
-0.0006258240
-0.0005688344
-0.0010997084
-0.0011611516
-0.0004542479
0.0005005417
0.0005345155
-0.0005622986
-0.0007539336
-0.0008844582
-0.0008815388
-0.0006880181
-0.0006706049
-0.0008613371
-0.0009752771
-0.0005705432
-0.0001786168
-0.0000239619
-0.0002474970
-0.0005911826
-0.0006504213
-0.0005987821
-0.0005362223
-0.0004458249
-0.0006564853
-0.0008676166
-0.0007922055
-0.0006166171
-0.0005575949
-0.0005709781
-0.0005312893
-0.0004366293
-0.0004671647
-0.0005265421
-0.0004745966
-0.0004040970
-0.0003370452
-0.0003223041
-0.0003642800
-0.0004291390
-0.0004402704
-0.0004806490
-0.0005644818
-0.0005768882
-0.0005835485
-0.0006042563
-0.0006492522
-0.0006871206
-0.0006677944
-0.0006457461
-0.0006452051
-0.0006735955
-0.0007067312
-0.0006977939
-0.0006770449
-0.0006698866
-0.0006703502
-0.0006705395
-0.0006566220
-0.0006352880
-0.0006123294
-0.0005989142
-0.0005940664
-0.0005792843
-0.0005608831
-0.0005457001
-0.0005293574
-0.0005115762
-0.0004926151
-0.0004723406
-0.0004533676
-0.0004353115
-0.0004165183
-0.0003968385
-0.0003764658
-0.0003555935
-0.0003339205
-0.0003119651
-0.0002899774
-0.0002676457
-0.0002450106
-0.0002221751
-0.0001992609
-0.0001763009
-0.0001532825
-0.0001302042
-0.0001070378
-0.0000837523
-0.0000603170
