0.0019314702
0.0019769776
0.0020210893
0.0020604975
0.0020983766
0.0021382282
0.0021753623
0.0022148586
0.0022568998
0.0022933003
0.0023309986
0.0023689954
0.0023983176
0.0024192751
0.0024773155
0.0024967756
0.0024399571
0.0024443298
0.0024888016
0.0024409077
0.0023598845
0.0024088834
0.0025422533
0.0026421728
0.0027905827
0.0028283042
0.0029352950
0.0033613680
0.0035017723
0.0029853527
0.0021926384
0.0016351450
0.0017583082
0.0018886330
0.0017739807
0.0025063645
0.0030297569
0.0026486430
0.0032381405
0.0038807278
0.0034532876
0.0034549526
0.0032672573
0.0025094882
0.0038465847
0.0042454628
0.0009116909
-0.0002635749
0.0025011050
0.0032008322
0.0002601889
-0.0003502412
0.0027401589
0.0049755081
0.0040839248
0.0033123379
0.0052873090
0.0064759110
0.0044326706
0.0015267200
0.0001830459
-0.0006918688
-0.0005372661
-0.0004051858
-0.0012046350
0.0005605002
0.0036986011
0.0027863905
0.0058727006
0.0114221652
0.0055126348
-0.0058145456
-0.0030201263
0.0050296170
0.0012861273
-0.0056730200
-0.0040266326
0.0026845089
0.0077010412
0.0066973857
-0.0023129047
-0.0139682653
-0.0130366684
-0.0036450109
-0.0037025675
-0.0063621367
-0.0019553654
0.0054279368
0.0112687474
0.0089040534
-0.0011898806
-0.0059158805
-0.0033451756
-0.0004343731
0.0014054735
-0.0078169262
-0.0207826213
-0.0163480641
0.0040536398
0.0213729217
0.0293061186
0.0217355999
0.0058698246
-0.0032787970
-0.0049537311
-0.0129898631
-0.0224619492
-0.0075347994
0.0194493534
0.0214737050
0.0035899063
0.0037308985
0.0093781047
0.0057842203
0.0033461656
-0.0064645470
-0.0216053674
-0.0164334727
-0.0022964760
-0.0089116214
-0.0064198902
0.0232380133
0.0376510396
0.0232145888
0.0154182185
0.0087774242
-0.0097889973
-0.0187939137
-0.0083110922
-0.0070931177
-0.0241969612
-0.0301878971
-0.0145152214
-0.0069567729
-0.0129141353
-0.0016508395
0.0147004177
0.0136775714
0.0178805129
0.0351739962
0.0415133679
0.0368855068
0.0318653669
0.0161190376
-0.0047582303
-0.0224569395
-0.0494659534
-0.0792912936
-0.0623153652
0.0006245306
0.0646481353
0.0992817700
0.0847191989
0.0422531421
0.0157645811
0.0040561238
-0.0112631023
-0.0387413813
-0.0754612160
-0.0923598403
-0.0621633120
-0.0121241240
0.0125358209
0.0202692946
0.0226563097
0.0106431502
0.0036591018
0.0012178177
-0.0270388995
-0.0684741743
-0.0648954254
-0.0079465221
0.0607677798
0.0976798013
0.0784248553
0.0187078367
-0.0341539237
-0.0493754932
-0.0685988315
-0.1077608567
-0.1011206608
-0.0498295126
0.0112957954
0.0650331890
0.0947085185
0.0832614692
0.0405181491
-0.0154572604
-0.0638872295
-0.0910644251
-0.0773557507
-0.0535991257
-0.0415119913
-0.0284050722
-0.0266882600
-0.0480735420
-0.0624169325
-0.0434174990
-0.0205294422
-0.0213686712
-0.0363759605
-0.0464376438
-0.0438580560
-0.0334089446
-0.0357701058
-0.0516576120
-0.0426755255
-0.0139420566
0.0031931434
-0.0084815363
-0.0242849567
-0.0197661074
-0.0190481871
-0.0417120108
-0.0660575992
-0.0556054303
0.0008625718
0.0601139768
0.0634277053
0.0164855938
-0.0216085104
-0.0190365086
-0.0108837501
-0.0307757254
-0.0537826878
-0.0401664932
-0.0174727873
-0.0206043734
-0.0429314867
-0.0697077026
-0.0811539745
-0.0746083521
-0.0846782860
-0.0964767474
-0.0716042651
-0.0165111092
0.0389865772
0.0618655985
0.0579085424
0.0447993521
0.0148161386
-0.0465402581
-0.1251910998
-0.1429107043
-0.0878165147
-0.0427286441
-0.0512560308
-0.0556586063
-0.0159478886
0.0224672033
0.0366776980
0.0445370079
0.0626164666
0.0583129310
0.0356803541
0.0400765769
0.0430902392
0.0139074112
-0.0176464669
-0.0187750978
-0.0046981312
-0.0234418510
-0.0861797394
-0.1167060636
-0.0900981686
-0.0538632230
-0.0282613610
-0.0115708678
-0.0201674930
-0.0387236398
-0.0158089856
0.0317924335
0.0482375406
0.0183263580
-0.0338341618
-0.0848078618
-0.1204358235
-0.1219686556
-0.0947660042
-0.0355287291
0.0282254966
0.0468527060
0.0210753299
-0.0059382558
-0.0171931600
-0.0247405776
-0.0275085308
-0.0264771515
-0.0343613656
-0.0585497369
-0.0661403340
-0.0320429781
0.0052298129
0.0064238382
0.0017247051
0.0219331782
0.0416298681
0.0437225920
0.0249379321
-0.0274863386
-0.0691472322
-0.0359100585
0.0316522846
0.0548021064
0.0080824647
-0.0514227868
-0.0646513403
-0.0500565375
-0.0390640993
-0.0421245368
-0.0562350078
-0.0568626361
-0.0237864645
0.0258850926
0.0493858641
0.0321728087
0.0241889048
0.0652729533
0.1093530488
0.1024714842
0.0668348513
0.0386154237
0.0185626905
0.0105816526
0.0131592191
-0.0008264874
-0.0276901002
-0.0344164354
-0.0343240477
-0.0578396822
-0.0828893530
-0.0995769525
-0.1294479892
-0.1741570275
-0.2039585402
-0.1959682698
-0.1691647010
-0.1512046984
-0.1529898014
-0.1653312965
-0.1676188907
-0.1460573795
-0.1104018280
-0.0649008864
-0.0107287038
0.0416170960
0.0786425860
0.0850768297
0.0881626103
0.1258913465
0.1742957638
0.1813859963
0.1589981562
0.1591150706
0.1870060709
0.1976330937
0.1521709995
0.0383313854
-0.1067566838
-0.1933949219
-0.2165303095
-0.2373200655
-0.2777389113
-0.3098298328
-0.3228732539
-0.3226056614
-0.3052522025
-0.2676354923
-0.2306257623
-0.2104110567
-0.1981487220
-0.1777282243
-0.1316187115
-0.0470357658
0.0479811165
0.1276614027
0.2068427147
0.2858581525
0.3428360346
0.3673232567
0.3645964929
0.3637138761
0.3784667757
0.3959325121
0.4013593013
0.3987718981
0.3996116915
0.3947623702
0.3695276511
0.3318142020
0.3057002107
0.2975353320
0.2972188975
0.2792917996
0.2475060200
0.2348374703
0.2401431336
0.2243001803
0.1740054289
0.1192143976
0.0975460643
0.0951130775
0.0906733151
0.0774929168
0.0408043866
-0.0066764735
-0.0495640330
-0.0894786956
-0.1311951375
-0.1910149817
-0.2843393152
-0.3533794935
-0.3498644703
-0.3046338546
-0.2607154260
-0.2104080921
-0.1646382836
-0.1527813263
-0.1584223388
-0.1243248868
-0.0726488580
-0.0462466364
-0.0226988135
0.0359308651
0.1307993002
0.2068008351
0.2130593702
0.1972536482
0.2051656798
0.2223653878
0.2266209134
0.2277143669
0.2346336946
0.2375755863
0.2389670430
0.2533227188
0.2956292404
0.3435865576
0.3255463321
0.2108599912
0.0617043059
-0.0432433013
-0.1001943816
-0.1435672459
-0.1829580571
-0.1867929993
-0.1148411531
0.0047114805
0.0843621080
0.1501878096
0.2539939583
0.3403337008
0.3615039217
0.3382233348
0.3011911376
0.2753342715
0.2660332693
0.2453416088
0.1061617536
-0.1058100651
-0.2639766941
-0.3976226946
-0.5238723597
-0.5380069271
-0.4491515302
-0.3711001252
-0.2969976351
-0.1821883853
-0.0877630878
-0.0357945236
0.0127647035
0.0550993897
0.0693702114
0.0818531469
0.1193603234
0.1750442519
0.2272552744
0.2466539669
0.2327907581
0.2159194099
0.2068699768
0.1968756385
0.1779253519
0.1681945079
0.1944016322
0.2578786428
0.3137300375
0.3155677417
0.2732542380
0.2291925316
0.2327924548
0.2785655832
0.2943145323
0.2691678364
0.2491283333
0.2377501963
0.1967845732
0.0457237042
-0.1604730890
-0.3164304439
-0.4129617171
-0.4515830356
-0.4406601677
-0.3832813811
-0.3013304721
-0.2404473775
-0.2168700702
-0.2165703954
-0.1993609172
-0.1627120586
-0.1221261273
-0.0748198065
-0.0221818859
0.0272125402
0.0499744319
0.0737838044
0.1550402615
0.2887711358
0.3784416420
0.4035925841
0.3859012805
0.3319340430
0.2880635950
0.2842975211
0.2830885966
0.2411451162
0.1541632231
0.0256197315
-0.1246704874
-0.2789167275
-0.4356035829
-0.4871781346
-0.4274304209
-0.4368763971
-0.4999594092
-0.5055959902
-0.4642502543
-0.4217878904
-0.3709782836
-0.3069389591
-0.2529788938
-0.2107559400
-0.1739794113
-0.1468207972
-0.1160351184
-0.0803376776
-0.0437192269
0.0010086922
0.0546994252
0.1131736424
0.1601361149
0.1852869509
0.1941468650
0.1968700367
0.1871868645
0.1595943106
0.1174424300
0.0838385344
0.0763962076
0.0784891350
0.0693498188
0.0475644254
0.0281757265
0.0298632929
0.0627168559
0.1256299509
0.1786725127
0.1901050438
0.1564610577
0.0974631926
0.0364671919
0.0019215500
-0.0121873947
-0.0116171607
0.0012775988
0.0314694614
0.0689951634
0.0731908466
0.0425963432
-0.0180099651
-0.1061802852
-0.2273071262
-0.3397969857
-0.3786749612
-0.3455698277
-0.2923114427
-0.2465787806
-0.2106303780
-0.1755917649
-0.1701457982
-0.2457131011
-0.3868169247
-0.4369498293
-0.3562155089
-0.2408444687
-0.1430764817
-0.0430666820
0.0622028605
0.1331942068
0.1581713357
0.1686252614
0.1877490030
0.2054972089
0.2232105036
0.2504326277
0.2668587374
0.2646181370
0.2457193759
0.2271227095
0.2192034391
0.2136465456
0.1857156954
0.1253611614
0.0667223594
0.0262837745
-0.0319467249
-0.1468036542
-0.2651590423
-0.3141863891
-0.3163438520
-0.3333210313
-0.3677509808
-0.3791636364
-0.3458995477
-0.3057812500
-0.3032992928
-0.3361807489
-0.3635924252
-0.3738950985
-0.3830139392
-0.3748396963
-0.3361875492
-0.2941657839
-0.2902358666
-0.3285671029
-0.3544766125
-0.3330858771
-0.3081777855
-0.3012166013
-0.2823355794
-0.2370993882
-0.1547192423
-0.0348223551
0.0885514880
0.1723876729
0.1980883881
0.2052756971
0.2239548654
0.2485688204
0.2713621156
0.2909502397
0.3240287869
0.3570927479
0.3542137564
0.3038357043
0.2132021339
0.0911124167
-0.0155169345
-0.0803200621
-0.1316922919
-0.1805282532
-0.2172483290
-0.2276812742
-0.1987981102
-0.1022962833
0.0245584964
0.1162034814
0.1713827476
0.2080274265
0.2149223552
0.1876123326
0.1557399220
0.1670269440
0.1941210593
0.1831168888
0.1568993022
0.1456746793
0.1260853306
0.0837339539
0.0450497162
0.0220016421
0.0085539504
-0.0010121578
-0.0078862269
-0.0023722292
0.0209350958
0.0562764302
0.0832212420
0.0952617249
0.1037335205
0.1011532491
0.0850235507
0.0914046581
0.1395517530
0.1755590454
0.1544200472
0.0875405941
0.0277228865
0.0000462321
0.0096163822
0.0354396674
0.0609035947
0.0940447766
0.1414633438
0.1921779382
0.2409067308
0.2851326185
0.3227497894
0.3499608300
0.3317914159
0.2652244745
0.2040129853
0.1696392977
0.1445467430
0.1134927257
0.0719309780
-0.0052953083
-0.1096976728
-0.1559507067
-0.1643163496
-0.1894573953
-0.2006058447
-0.1582338702
-0.0742645070
0.0058425458
0.0592068105
0.0720995396
0.0580112430
0.0333384553
-0.0014414257
-0.0429063051
-0.1018461939
-0.1811129062
-0.2423894927
-0.2708358369
-0.2730905465
-0.2669187427
-0.2743041208
-0.3031037181
-0.3717746280
-0.4646351405
-0.4905785900
-0.4587484736
-0.4291896073
-0.4112121399
-0.3787524531
-0.3281718825
-0.2792962332
-0.2493886744
-0.2285946686
-0.2082513409
-0.1934163473
-0.1898506000
-0.1982410813
-0.2004818508
-0.1932532531
-0.2002599839
-0.2314279351
-0.2623296678
-0.2700057749
-0.2520735183
-0.2081359028
-0.1475348972
-0.0902737836
-0.0306171747
0.0261229566
0.0525515996
0.0430797589
0.0428572585
0.0554596183
0.0476619888
0.0250642300
0.0125995837
0.0212154799
0.0497100735
0.0795638548
0.0944758226
0.1131546163
0.1665907456
0.2113954881
0.1837952729
0.0895557781
-0.0107109902
-0.0903188845
-0.1674057993
-0.2345948577
-0.2405160038
-0.1421802121
-0.0078715188
0.0560604254
0.0615667927
0.0578476424
0.0693307874
0.0964212613
0.1274167431
0.1512853618
0.1596203163
0.1531021773
0.1572858755
0.1756673524
0.1935648683
0.2083920205
0.2227044628
0.2353683057
0.2228188608
0.1795068327
0.1452709926
0.1821849065
0.2701244694
0.3371918694
0.3659705221
0.4025338675
0.4681080886
0.5544211270
0.6242834196
0.6478940208
0.6345356741
0.5909831780
0.5154871078
0.4188881596
0.3290591869
0.2755267090
0.2627502575
0.2910067423
0.3079253720
0.2960785162
0.2948025690
0.3218850962
0.3540987003
0.3770954827
0.4018441854
0.4374950322
0.4736345608
0.4886599678
0.4797623649
0.4732754114
0.4854801081
0.4911525221
0.4687998006
0.4105391893
0.3397697957
0.2864166466
0.2476939477
0.2063606294
0.1619887925
0.1214966875
0.0817329846
0.0162263641
-0.0731809395
-0.1419975151
-0.1870718221
-0.2238387748
-0.2457511847
-0.2476784745
-0.2351849574
-0.2153765873
-0.2087519590
-0.2291766541
-0.2686876943
-0.3048295451
-0.3403191652
-0.3863432158
-0.4295890990
-0.4647442862
-0.4932593699
-0.5173445415
-0.5316797184
-0.5451052647
-0.5640382408
-0.5820393471
-0.5904449418
-0.5774323480
-0.5408653934
-0.4971713474
-0.4705703305
-0.4676330266
-0.4808825347
-0.5044670027
-0.5252616279
-0.5270027310
-0.5037168711
-0.4628376132
-0.4208374760
-0.3883931016
-0.3629112961
-0.3318799147
-0.2823606624
-0.2205004466
-0.1640897995
-0.1310431730
-0.1191893312
-0.1118439716
-0.1048700006
-0.1075804977
-0.1183835776
-0.1182614616
-0.1098941824
-0.1081170452
-0.1206547194
-0.1430690721
-0.1748669059
-0.2180561895
-0.2697459129
-0.3264272196
-0.3879075083
-0.4482756738
-0.5035092587
-0.5300744704
-0.4956038951
-0.4141847214
-0.3092033280
-0.2124567790
-0.1461066457
-0.0891780622
-0.0231898618
0.0419926721
0.0948100472
0.1369664765
0.1796513538
0.2257272584
0.2550904376
0.2547098326
0.2588667420
0.2700646203
0.2958803428
0.3311662944
0.3626027088
0.3796655404
0.3852513743
0.3904632760
0.4010098278
0.4297620314
0.4868034070
0.5557213882
0.6142639190
0.6610195772
0.7203760184
0.7652000682
0.8017627974
0.8363225017
0.8429682903
0.8531555682
0.8513525281
0.8600145888
0.8544156006
0.8320350470
0.8586360982
0.8269511934
0.6965029360
0.5584454431
0.4314784022
0.2711591834
0.0862932262
-0.0622505351
-0.1596884345
-0.2273297458
-0.2767333589
-0.3069533276
-0.3180525513
-0.3209510211
-0.3134129835
-0.2991793064
-0.2955774919
-0.3079989799
-0.3451706770
-0.4151051523
-0.4655069411
-0.4802285776
-0.4763041556
-0.4642721696
-0.4398990222
-0.3942135023
-0.3364117486
-0.2988138083
-0.2812858753
-0.2537771082
-0.2492758400
-0.3362517101
-0.4088095227
-0.3708131329
-0.3113642578
-0.2734309011
-0.2163143092
-0.1314068812
-0.0641669346
-0.0384504218
-0.0389490321
-0.0503797880
-0.0713000472
-0.0987309885
-0.1195794494
-0.1207613817
-0.1008569775
-0.0744996500
-0.0532298639
-0.0262322283
0.0198732680
0.0632815534
0.0754761473
0.0631593059
0.0573285476
0.0741916577
0.0881013345
0.0841820821
0.0720251916
0.0651926378
0.0669353291
0.0728241995
0.0830594701
0.1002677161
0.1202484568
0.1378351521
0.1514682592
0.1615656271
0.1662208920
0.1623366325
0.1499263581
0.1380507860
0.1257735298
0.1131984197
0.1012828568
0.1000782842
0.1172891285
0.1325526683
0.1311086204
0.1340174002
0.1460744946
0.1501885778
0.1370199987
0.1258490889
0.1239310958
0.1235236186
0.1261552014
0.1304424723
0.1226836551
0.0873063629
0.0343542417
-0.0138065651
-0.0488613099
-0.0885766278
-0.1475622731
-0.2272756096
-0.3061786759
-0.3651691792
-0.4126877250
-0.4524403625
-0.4681209077
-0.4322227553
-0.3577201464
-0.2993271388
-0.2687175521
-0.2495638675
-0.2354279179
-0.2284810654
-0.2367724105
-0.2626128522
-0.2919133680
-0.2983737116
-0.2756590856
-0.2298384588
-0.1757983772
-0.1335920303
-0.1140904564
-0.1174971440
-0.1253014343
-0.1308137302
-0.1318365897
-0.1162991269
-0.0731211104
-0.0016072105
0.0996597168
0.2002411174
0.2743923548
0.3343074770
0.3951005991
0.4552241164
0.5049828542
0.5335316023
0.5416809377
0.5313868706
0.5029528588
0.4667271247
0.4331373702
0.4038086195
0.3736697431
0.3394754249
0.3091438592
0.2903638558
0.2755450732
0.2582439294
0.2329562791
0.2009025952
0.1623025496
0.1164319517
0.0653738719
0.0142586490
-0.0338059109
-0.0852395882
-0.1461642772
-0.1989983576
-0.2162535498
-0.1994489314
-0.1841820476
-0.1878327866
-0.2011622149
-0.2137437870
-0.2237576934
-0.2366061510
-0.2492588246
-0.2535741206
-0.2447485818
-0.2317898046
-0.2139463597
-0.1905587166
-0.1618717649
-0.1273081908
-0.0898397917
-0.0562859652
-0.0313360052
-0.0128631472
0.0023843219
0.0158558380
0.0270554620
0.0334662997
0.0318394451
0.0177572326
-0.0064815246
-0.0307355989
-0.0565908580
-0.0778199228
-0.0840171004
-0.0804360772
-0.0711359663
-0.0582139778
-0.0540991214
-0.0602269422
-0.0709424534
-0.0808067653
-0.0876783345
-0.0855950519
-0.0710331575
-0.0579177335
-0.0619100285
-0.0753097467
-0.0706622428
-0.0289325378
0.0415687491
0.1185518761
0.1784101635
0.2151816619
0.2431975941
0.2621099395
0.2652482412
0.2581704480
0.2565243131
0.2652863793
0.2724621903
0.2685346455
0.2515291695
0.2128209150
0.1650212935
0.1181389073
0.0730157533
0.0270963148
-0.0086220129
-0.0273418745
-0.0346786837
-0.0399241110
-0.0468256453
-0.0521719253
-0.0571454460
-0.0626312855
-0.0702553971
-0.0829562457
-0.1018040747
-0.1297434508
-0.1601595597
-0.1774002309
-0.1740848861
-0.1597129710
-0.1412806366
-0.1193621876
-0.0948363121
-0.0759157519
-0.0665321192
-0.0616166526
-0.0562944381
-0.0480700189
-0.0381689455
-0.0274445604
-0.0145364896
-0.0018916157
0.0152146902
0.0453354669
0.0804059850
0.1146499947
0.1459237744
0.1636272278
0.1673575544
0.1626762614
0.1464754726
0.1058245053
0.0490772920
-0.0076177887
-0.0589069752
-0.0986557367
-0.1114567959
-0.1049936537
-0.0954816429
-0.0898330555
-0.0909934276
-0.0964689097
-0.1009999387
-0.0974575354
-0.0774749149
-0.0389939963
0.0037046781
0.0448481364
0.0799208872
0.0959635367
0.0924649147
0.0746835183
0.0484963376
0.0266333787
0.0204510884
0.0271178728
0.0350682508
0.0388222939
0.0416763548
0.0455315652
0.0468307890
0.0451002022
0.0393991262
0.0261507190
0.0030569040
-0.0256722634
-0.0520327471
-0.0686718416
-0.0720924059
-0.0575758967
-0.0260993764
0.0076692831
0.0380719453
0.0657774297
0.0859271988
0.0991789282
0.1094270827
0.1159609733
0.1098786713
0.0860027996
0.0469291937
0.0065707404
-0.0112094345
-0.0080227611
0.0041605590
0.0253680030
0.0463818753
0.0550665718
0.0495824479
0.0372486839
0.0249085628
0.0118577671
-0.0029242660
-0.0173475920
-0.0353420055
-0.0545908829
-0.0661290241
-0.0697321641
-0.0690042006
-0.0648357671
-0.0583618130
-0.0497345723
-0.0395656810
-0.0270443874
-0.0165930598
-0.0140826582
-0.0182889854
-0.0258722620
-0.0335547182
-0.0359314845
-0.0327119435
-0.0312225629
-0.0356490975
-0.0418770534
-0.0476181066
-0.0583946775
-0.0728113084
-0.0876578078
-0.0986226061
-0.1047170172
-0.1091891177
-0.1054077115
-0.0958244789
-0.0862576382
-0.0799568419
-0.0757606167
-0.0663248170
-0.0551016927
-0.0442127995
-0.0350403307
-0.0290966696
-0.0261417645
-0.0268113966
-0.0296986525
-0.0375134357
-0.0482687571
-0.0586281702
-0.0701081137
-0.0784667754
-0.0816750559
-0.0814999592
-0.0834579398
-0.0879040703
-0.0914095316
-0.0907102480
-0.0897364041
-0.0928144814
-0.0966510336
-0.0974755410
-0.0983250475
-0.1029891982
-0.1082037537
-0.1093480978
-0.1029641678
-0.0939244999
-0.0860628078
-0.0839562061
-0.0874736873
-0.0947701982
-0.1009123558
-0.1028442812
-0.1023045628
-0.1000924744
-0.0951645380
-0.0875232705
-0.0788603340
-0.0699003005
-0.0573316222
-0.0375059947
-0.0084729004
0.0257582840
0.0604796380
0.0925431770
0.1196651854
0.1489081835
0.1701629322
0.1807434848
0.1852787857
0.1876038828
0.1901072149
0.1936001565
0.1976053913
0.1996096598
0.1984138872
0.1946612133
0.1889262769
0.1791254178
0.1694349846
0.1597103709
0.1510717692
0.1440450973
0.1330901720
0.1090864052
0.0735565020
0.0341866272
-0.0034125155
-0.0412648709
-0.0791579848
-0.1055857553
-0.1185335793
-0.1220223835
-0.1202685493
-0.1133132662
-0.1018672279
-0.0876765096
-0.0744027264
-0.0627487630
-0.0511860809
-0.0348387616
-0.0122199616
0.0108050376
0.0341419465
0.0536835833
0.0649677306
0.0714147244
0.0691118271
0.0574445252
0.0454322158
0.0377403728
0.0379762534
0.0446156149
0.0462575913
0.0408718177
0.0347633450
0.0292736478
0.0241094020
0.0201828597
0.0186807354
0.0212775426
0.0293488298
0.0399940542
0.0498999281
0.0520035821
0.0485357486
0.0517269322
0.0604393814
0.0626519017
0.0520387456
0.0353312627
0.0139083838
-0.0107723986
-0.0356986891
-0.0579588811
-0.0731150080
-0.0809755662
-0.0816519568
-0.0755587150
-0.0641418964
-0.0514121291
-0.0389687915
-0.0289840836
-0.0170912674
0.0019978186
0.0245123792
0.0451477191
0.0621655236
0.0764589823
0.0864359496
0.0924499148
0.0965638114
0.0946902371
0.0908560868
0.0906432139
0.0912575971
0.0904729542
0.0899696555
0.0913554718
0.0931396213
0.0930442154
0.0926277883
0.0934326089
0.0945876877
0.0992782360
0.1040316323
0.1036038879
0.0999222141
0.0911814049
0.0764363713
0.0603633181
0.0476427175
0.0405859546
0.0358518165
0.0305568253
0.0253350974
0.0179771971
0.0081434636
-0.0003890390
-0.0119313062
-0.0211426786
-0.0252089011
-0.0271657428
-0.0242884604
-0.0146327481
-0.0040697897
0.0005340396
-0.0015171486
-0.0036694398
-0.0022308221
-0.0018454531
-0.0030733174
-0.0024577688
0.0010366302
0.0028390512
0.0027967845
0.0051963621
0.0094029990
0.0146584110
0.0263196724
0.0456409365
0.0689150633
0.0863025427
0.0927593723
0.0925140458
0.0854302298
0.0683742787
0.0434216994
0.0178251849
-0.0052907128
-0.0295268264
-0.0550912130
-0.0799045831
-0.1027149745
-0.1220522817
-0.1370833859
-0.1476814363
-0.1527843482
-0.1532789241
-0.1512032020
-0.1456225594
-0.1396096126
-0.1331723783
-0.1241221390
-0.1129744081
-0.1046841868
-0.1020080252
-0.1025086884
-0.1054371487
-0.1123509857
-0.1212091830
-0.1308013330
-0.1385892380
-0.1432219987
-0.1436542541
-0.1398295628
-0.1326428856
-0.1228122195
-0.1100847560
-0.0982946691
-0.0868373163
-0.0785922830
-0.0709385240
-0.0638789263
-0.0617793085
-0.0573377659
-0.0451760248
-0.0313823936
-0.0196354206
-0.0112218094
-0.0062904123
-0.0059139608
-0.0103589171
-0.0209879089
-0.0352164021
-0.0473448738
-0.0513878388
-0.0506115958
-0.0498362089
-0.0503148939
-0.0509956174
-0.0504087620
-0.0473546603
-0.0407255689
-0.0309907884
-0.0208140499
-0.0120084609
-0.0065648712
-0.0019658520
0.0044733919
0.0136917371
0.0275689385
0.0460438228
0.0658516475
0.0830864120
0.0950598525
0.0994270376
0.0984553169
0.0947278593
0.0861422144
0.0723454419
0.0551049254
0.0374515584
0.0218655128
0.0149655809
0.0155543961
0.0179078245
0.0228995780
0.0297204335
0.0381070117
0.0496870580
0.0583979808
0.0654599750
0.0736767841
0.0832007214
0.0944390900
0.1052566055
0.1138598283
0.1208656504
0.1270184413
0.1332043851
0.1427503224
0.1549852536
0.1712868347
0.1903171927
0.2076850844
0.2210627172
0.2310547419
0.2387287739
0.2420975381
0.2406046698
0.2353717275
0.2266616888
0.2128969460
0.1927804161
0.1688940388
0.1461975044
0.1266528139
0.1091883301
0.0936007700
0.0780460830
0.0605147137
0.0367234880
0.0100506053
-0.0187194835
-0.0434087681
-0.0573632048
-0.0624883838
-0.0635745566
-0.0603274583
-0.0554591610
-0.0546905259
-0.0548226364
-0.0517064007
-0.0515439901
-0.0546644798
-0.0619349967
-0.0708006919
-0.0799778956
-0.0915984564
-0.1032485578
-0.1138273630
-0.1237360751
-0.1283266257
-0.1333910256
-0.1315340949
-0.1157818184
-0.0971042490
-0.0804984913
-0.0642422508
-0.0490876650
-0.0409119303
-0.0398199954
-0.0393839035
-0.0367446061
-0.0303824511
-0.0229915769
-0.0097473053
0.0065444441
0.0180664207
0.0213222597
0.0186130973
0.0113666389
-0.0023511797
-0.0218101286
-0.0412915884
-0.0551496283
-0.0596118892
-0.0613885283
-0.0634695109
-0.0651339781
-0.0645089176
-0.0630907336
-0.0631408010
-0.0643749318
-0.0665672805
-0.0661424277
-0.0667387527
-0.0646008274
-0.0599398356
-0.0551126234
-0.0497032732
-0.0436463428
-0.0333097998
-0.0248377444
-0.0244614559
-0.0283215142
-0.0302145677
-0.0330744479
-0.0436328906
-0.0573256343
-0.0642346183
-0.0686672428
-0.0743211201
-0.0766174601
-0.0744961905
-0.0641418527
-0.0455668406
-0.0220073708
0.0012677823
0.0238715655
0.0492574966
0.0735548931
0.0937769221
0.1111730894
0.1249971148
0.1356291580
0.1433228344
0.1464955110
0.1457242486
0.1418931041
0.1363185338
0.1295553919
0.1233486625
0.1185612454
0.1099207637
0.0978070826
0.0870986715
0.0739035925
0.0641999306
0.0605858935
0.0590332458
0.0584967632
0.0609360733
0.0636692945
0.0654852007
0.0677507759
0.0695887005
0.0688236039
0.0669856441
0.0631914770
0.0591567791
0.0572438610
0.0573294056
0.0566849659
0.0579051597
0.0588731598
0.0586874592
0.0592511427
0.0618975153
0.0649108634
0.0631102927
0.0567297322
0.0476875601
0.0336894921
0.0126754585
-0.0142347637
-0.0432750161
-0.0729883426
-0.0987909640
-0.1176465268
-0.1312320856
-0.1357380410
-0.1338690773
-0.1296716791
-0.1246536355
-0.1201576898
-0.1143095761
-0.1070578756
-0.0968071322
-0.0837740783
-0.0705774750
-0.0584648577
-0.0491686016
-0.0418640618
-0.0392199112
-0.0391996866
-0.0400222924
-0.0430115144
-0.0444400039
-0.0442061301
-0.0430865912
-0.0387777281
-0.0333075364
-0.0268218033
-0.0174416601
-0.0088716148
-0.0039159188
-0.0012920603
-0.0025148493
-0.0066955881
-0.0117624037
-0.0167523286
-0.0251638982
-0.0382375484
-0.0538556134
-0.0719004604
-0.0855771979
-0.0964492222
-0.1113300671
-0.1280297901
-0.1411390557
-0.1491116644
-0.1551072265
-0.1578862296
-0.1563324905
-0.1503655510
-0.1414324162
-0.1305757011
-0.1193198869
-0.1078706416
-0.0967760209
-0.0838848865
-0.0672385304
-0.0493374498
-0.0312427003
-0.0139342112
0.0007242365
0.0122319808
0.0244997716
0.0362113416
0.0440302097
0.0484563639
0.0500004660
0.0488426751
0.0465727103
0.0412054140
0.0327065252
0.0206368663
0.0057625071
-0.0109121351
-0.0246293561
-0.0345839494
-0.0441087821
-0.0541552127
-0.0660070663
-0.0781961333
-0.0880358256
-0.0950507904
-0.0988858956
-0.0990018695
-0.0961086471
-0.0896117831
-0.0802123848
-0.0704179276
-0.0619528007
-0.0530067487
-0.0422451172
-0.0293100307
-0.0152594227
-0.0025243846
0.0080703691
0.0175012649
0.0262292588
0.0354754579
0.0444114304
0.0509692649
0.0537479547
0.0508281907
0.0413647725
0.0268720905
0.0104597254
-0.0064080686
-0.0207807127
-0.0310460024
-0.0363590690
-0.0384745314
-0.0387029216
-0.0382245726
-0.0370410356
-0.0348510709
-0.0306126468
-0.0280946602
-0.0287125974
-0.0305017134
-0.0367323246
-0.0425995971
-0.0437461783
-0.0404361281
-0.0352046591
-0.0249337344
-0.0123693561
-0.0041332926
0.0012450575
0.0067563169
0.0093845077
0.0097422229
0.0098102884
0.0083811768
0.0015336223
-0.0087328790
-0.0204200026
-0.0315553545
-0.0431601947
-0.0548562644
-0.0630574532
-0.0690345476
-0.0742509793
-0.0763955575
-0.0755116512
-0.0718054251
-0.0628067566
-0.0533837692
-0.0416302661
-0.0302651888
-0.0174846210
-0.0069471195
-0.0019990211
-0.0002865121
-0.0051836358
-0.0129915886
-0.0226398522
-0.0351311282
-0.0468733820
-0.0537419714
-0.0595672696
-0.0693307989
-0.0788142460
-0.0862076977
-0.0952632368
-0.1027766661
-0.1037198103
-0.1017756571
-0.0983464141
-0.0932788711
-0.0879194041
-0.0814948793
-0.0748650321
-0.0678914244
-0.0613595875
-0.0502816765
-0.0361380793
-0.0247204072
-0.0158244696
-0.0104230101
-0.0070983185
-0.0032664259
-0.0022708327
-0.0050699149
-0.0096626800
-0.0118046966
-0.0103239969
-0.0080065808
-0.0054866216
-0.0019573286
-0.0027356992
-0.0049187807
-0.0042138564
0.0000510592
0.0099387616
0.0270047390
0.0430120149
0.0541397691
0.0617328461
0.0672315253
0.0722759658
0.0727833228
0.0696924470
0.0696409070
0.0730482093
0.0792785401
0.0874923318
0.0965432572
0.1098453070
0.1270311961
0.1436585148
0.1534757292
0.1590845236
0.1629874092
0.1643552673
0.1626348397
0.1634908450
0.1652474032
0.1691216443
0.1730444373
0.1741387309
0.1750647218
0.1743037498
0.1746733907
0.1758259694
0.1772292323
0.1778814401
0.1774707955
0.1778811293
0.1791086468
0.1808820312
0.1820455009
0.1835379927
0.1864641879
0.1888599627
0.1898382738
0.1901251333
0.1902268734
0.1908234232
0.1923197625
0.1944359892
0.1968318176
0.1982257346
0.1987336492
0.1990667796
0.1990282402
0.1991651881
0.1989696320
0.1975258830
0.1967592301
0.1955621094
0.1916070124
0.1891396504
0.1886128656
0.1871985268
0.1836243320
0.1777901127
0.1714636578
0.1639062087
0.1536857929
0.1424571822
0.1295183482
0.1136802940
0.0972599724
0.0811856806
0.0649270619
0.0490054803
0.0375766151
0.0283213891
0.0175404514
0.0085371377
0.0042071692
0.0011348591
-0.0028979779
-0.0059682017
-0.0085122107
-0.0103747286
-0.0128704255
-0.0158022995
-0.0196026976
-0.0238788965
-0.0263814669
-0.0274622829
-0.0284530128
-0.0286069290
-0.0274342868
-0.0276196810
-0.0295529496
-0.0318812687
-0.0357547562
-0.0413855015
-0.0447680923
-0.0483363674
-0.0530459627
-0.0590090767
-0.0660533158
-0.0715261546
-0.0721171633
-0.0691667989
-0.0634735376
-0.0560734308
-0.0445128870
-0.0355160080
-0.0329752263
-0.0323926666
-0.0343715283
-0.0355069113
-0.0367689009
-0.0407099460
-0.0458336291
-0.0509969950
-0.0583036841
-0.0671304969
-0.0776232871
-0.0918422724
-0.1066973760
-0.1171943851
-0.1244667751
-0.1295968171
-0.1337739227
-0.1365869860
-0.1378868101
-0.1372409969
-0.1347091718
-0.1312284485
-0.1261790997
-0.1207066349
-0.1144711345
-0.1082992691
-0.1010758418
-0.0926260846
-0.0844888266
-0.0833364966
-0.0857005792
-0.0853641654
-0.0879518723
-0.0945523082
-0.1019798272
-0.1065738112
-0.1095102738
-0.1155915001
-0.1196008924
-0.1231786279
-0.1294486886
-0.1375204724
-0.1440885289
-0.1493280709
-0.1552932313
-0.1588674116
-0.1604168402
-0.1606853183
-0.1589489951
-0.1547490593
-0.1504735441
-0.1491430046
-0.1464934905
-0.1444698810
-0.1427247056
-0.1402374805
-0.1362809551
-0.1266099322
-0.1161996503
-0.1085415340
-0.1023571987
-0.0990565117
-0.0974351852
-0.0964361831
-0.0962879422
-0.0957432073
-0.0950144093
-0.0927302376
-0.0912169802
-0.0884197166
-0.0831788973
-0.0807512849
-0.0818994059
-0.0866514899
-0.0919725802
-0.0969871844
-0.1004715924
-0.1019859892
-0.1019668980
-0.1005632110
-0.0969705100
-0.0912175064
-0.0871097478
-0.0823036058
-0.0747639796
-0.0693259709
-0.0658453486
-0.0626320990
-0.0611610611
-0.0608044934
-0.0597712771
-0.0566761907
-0.0528588226
-0.0476529776
-0.0397926640
-0.0316865582
-0.0258534267
-0.0203457126
-0.0161196421
-0.0130658893
-0.0079286510
0.0001478898
0.0079714275
0.0165749230
0.0276755750
0.0392227718
0.0475312125
0.0526475832
0.0560526923
0.0588781065
0.0609763813
0.0617375648
0.0636923759
0.0690581899
0.0742294864
0.0768959054
0.0794888963
0.0789907154
0.0759339521
0.0720139237
0.0726594639
0.0741525889
0.0785383761
0.0843036906
0.0912406044
0.1006795173
0.1075891436
0.1124601425
0.1162542484
0.1183683026
0.1216692896
0.1269468415
0.1296716286
0.1309816501
0.1331074737
0.1340005571
0.1352578660
0.1362004565
0.1345574321
0.1325381733
0.1327254791
0.1347234469
0.1354662335
0.1365335574
0.1367678483
0.1352892503
0.1341021113
0.1325570334
0.1304939090
0.1263327112
0.1199103290
0.1127294633
0.1087896159
0.1072285274
0.1059400658
0.1072039491
0.1092446939
0.1139194697
0.1219451314
0.1267394449
0.1280225528
0.1290518928
0.1299757030
0.1285493102
0.1235294127
0.1203201876
0.1170876784
0.1105099875
0.1043487181
0.0979644141
0.0918477046
0.0853526530
0.0786674313
0.0725469642
0.0673071006
0.0628617394
0.0593016833
0.0564185791
0.0561991858
0.0592799622
0.0634339434
0.0657781290
0.0663400164
0.0662167761
0.0669067609
0.0676102687
0.0689693274
0.0697024089
0.0715590054
0.0736649985
0.0730219949
0.0681510380
0.0643487547
0.0591005225
0.0521371256
0.0460207168
0.0396225990
0.0334408562
0.0283929592
0.0239332607
0.0204763862
0.0174387778
0.0125375873
0.0042101426
-0.0044906858
-0.0120308552
-0.0185181285
-0.0243355440
-0.0298246128
-0.0343637739
-0.0363431877
-0.0379330832
-0.0407396780
-0.0445701057
-0.0487750883
-0.0517932599
-0.0540151451
-0.0556386532
-0.0560845590
-0.0584653707
-0.0624387894
-0.0669052151
-0.0699943659
-0.0726629508
-0.0784198945
-0.0854505930
-0.0912676861
-0.0964454463
-0.0993402927
-0.1018182842
-0.1048544673
-0.1068774782
-0.1103629984
-0.1144281654
-0.1161628897
-0.1177565586
-0.1189434693
-0.1187355861
-0.1160617851
-0.1137459614
-0.1124457314
-0.1108287657
-0.1113446791
-0.1129111862
-0.1128980796
-0.1104164160
-0.1099914130
-0.1084176658
-0.1042396958
-0.0986069229
-0.0932775809
-0.0877385828
-0.0846881281
-0.0857433482
-0.0874533091
-0.0882592226
-0.0887184899
-0.0919883646
-0.0979665909
-0.1022138101
-0.1067707234
-0.1139042008
-0.1206369323
-0.1251139691
-0.1268845060
-0.1266272700
-0.1247407927
-0.1216007358
-0.1192871335
-0.1173649245
-0.1151039952
-0.1137225172
-0.1125613272
-0.1119170398
-0.1105143995
-0.1093765706
-0.1100796105
-0.1086522186
-0.1055165199
-0.1031199375
-0.0990082062
-0.0945092498
-0.0904441524
-0.0842181024
-0.0791896944
-0.0759864701
-0.0720693460
-0.0671320310
-0.0619438509
-0.0578323893
-0.0527408167
-0.0464301546
-0.0413156174
-0.0373511273
-0.0322556585
-0.0299328705
-0.0304133626
-0.0284681906
-0.0242349769
-0.0203057972
-0.0162289640
-0.0130048593
-0.0112826182
-0.0114760452
-0.0124470340
-0.0121515893
-0.0107992710
-0.0058587315
-0.0000306491
0.0055792917
0.0097627485
0.0119731743
0.0145633114
0.0196094640
0.0248554004
0.0301263645
0.0353478891
0.0408858800
0.0490023299
0.0552491572
0.0603496122
0.0665409314
0.0739805170
0.0782610612
0.0818356894
0.0870394039
0.0940291949
0.1003487035
0.1060245180
0.1088403585
0.1098667623
0.1104500633
0.1109582917
0.1106928610
0.1097977005
0.1103942007
0.1140655063
0.1193063608
0.1229906866
0.1271493286
0.1342121103
0.1410960276
0.1473919310
0.1529173886
0.1570796719
0.1608334690
0.1622547686
0.1607985265
0.1589336759
0.1563264941
0.1512448650
0.1446875670
0.1388290840
0.1361444469
0.1356963969
0.1352505091
0.1341783728
0.1328497154
0.1310962747
0.1275376337
0.1207922519
0.1111632827
0.1047536535
0.1003776601
0.0918064298
0.0826099326
0.0739115647
0.0659487167
0.0613864782
0.0587047420
0.0576337186
0.0592588438
0.0616665560
0.0644998117
0.0651512363
0.0643260922
0.0637036349
0.0621335292
0.0599110701
0.0575123419
0.0558142864
0.0535744099
0.0495475890
0.0434558095
0.0339630450
0.0237160063
0.0172994526
0.0144041026
0.0125050651
0.0076746892
0.0001411430
-0.0055098604
-0.0083804916
-0.0099790699
-0.0129541371
-0.0167305333
-0.0193483994
-0.0220491277
-0.0227321781
-0.0233604626
-0.0253101393
-0.0268737392
-0.0275394335
-0.0257228795
-0.0250103830
-0.0265173140
-0.0292790479
-0.0315982947
-0.0344445664
-0.0376684688
-0.0398493597
-0.0423784269
-0.0427935336
-0.0418911100
-0.0411138633
-0.0407729380
-0.0402965326
-0.0395550269
-0.0386678520
-0.0378335084
-0.0392664551
-0.0427920348
-0.0468497967
-0.0521630906
-0.0592040675
-0.0643533827
-0.0683466119
-0.0750827023
-0.0799764212
-0.0822601565
-0.0844246298
-0.0861470770
-0.0872542134
-0.0890422088
-0.0890065411
-0.0879711645
-0.0894308413
-0.0926475194
-0.0958218276
-0.0989090089
-0.0993498811
-0.0976419687
-0.0942504531
-0.0932921829
-0.0981659735
-0.1101879404
-0.1272555544
-0.1421254588
-0.1499794068
-0.1536956598
-0.1566029945
-0.1562568971
-0.1504199455
-0.1427950158
-0.1388125988
-0.1344354710
-0.1282227315
-0.1219535767
-0.1164545534
-0.1119880743
-0.1097305540
-0.1085516197
-0.1081269822
-0.1081599062
-0.1094530744
-0.1073060707
-0.1026641592
-0.0983934971
-0.0903757704
-0.0768464524
-0.0642993757
-0.0532810512
-0.0448525368
-0.0404526161
-0.0380878885
-0.0329235097
-0.0270329571
-0.0191328563
-0.0102502673
0.0004837499
0.0100098247
0.0167238644
0.0209566475
0.0236392575
0.0259589187
0.0270186507
0.0276800694
0.0284529384
0.0300789966
0.0333546379
0.0388678800
0.0467426732
0.0514467856
0.0519766647
0.0480174870
0.0416801458
0.0358688166
0.0351485964
0.0366270749
0.0423719958
0.0516246493
0.0626539584
0.0731462365
0.0814988991
0.0857721624
0.0858663739
0.0854980057
0.0831187051
0.0767678394
0.0686232758
0.0631016837
0.0592205598
0.0570227116
0.0584755052
0.0625104390
0.0673000426
0.0722942265
0.0749195122
0.0754079360
0.0747216695
0.0747634111
0.0763342104
0.0768167578
0.0780002523
0.0789700199
0.0805480198
0.0815897986
0.0811465597
0.0805214677
0.0784267022
0.0762978611
0.0750096093
0.0771634426
0.0801013878
0.0814868731
0.0810098705
0.0805815054
0.0807314930
0.0805469266
0.0783405588
0.0749232881
0.0733865110
0.0713499371
0.0687418437
0.0686348952
0.0711048051
0.0728809076
0.0734891744
0.0734840637
0.0717870696
0.0693523290
0.0654108128
0.0617236566
0.0567585668
0.0531640968
0.0534567612
0.0542354713
0.0526229760
0.0510996709
0.0495823309
0.0483869970
0.0486571240
0.0476070243
0.0471128990
0.0502847778
0.0503848476
0.0487565171
0.0498583259
0.0496748948
0.0488558711
0.0476159828
0.0431212894
0.0358575225
0.0274546392
0.0177220071
0.0108174648
0.0083055953
0.0047999542
0.0008825992
-0.0014789752
-0.0024365679
-0.0042304077
-0.0069948666
-0.0112531319
-0.0138842377
-0.0137058934
-0.0133426963
-0.0143784776
-0.0152450176
-0.0175804571
-0.0195264103
-0.0228717177
-0.0293556504
-0.0333865122
-0.0346385978
-0.0365906800
-0.0403242761
-0.0433379691
-0.0454875782
-0.0479396641
-0.0480339956
-0.0454300287
-0.0437198495
-0.0425093311
-0.0420056158
-0.0410726424
-0.0395060877
-0.0393655700
-0.0384809143
-0.0361717481
-0.0341261786
-0.0302519732
-0.0260281510
-0.0221481875
-0.0192128096
-0.0181311968
-0.0196562485
-0.0207985814
-0.0197013666
-0.0175441895
-0.0148268447
-0.0110439450
-0.0097384631
-0.0066374371
-0.0039993093
-0.0029367544
-0.0037917591
-0.0117254294
-0.0201525830
-0.0233329578
-0.0244675386
-0.0261768582
-0.0255650119
-0.0247734482
-0.0244162324
-0.0247341161
-0.0224525362
-0.0205662350
-0.0223893174
-0.0211297831
-0.0174951102
-0.0136705819
-0.0101065347
-0.0090638465
-0.0079845777
-0.0086020844
-0.0112978182
-0.0143320364
-0.0143675962
-0.0124339917
-0.0094931787
-0.0057598857
-0.0053601923
-0.0073899899
-0.0097108771
-0.0104696249
-0.0102286694
-0.0106400204
-0.0116967427
-0.0156580522
-0.0176864892
-0.0173917212
-0.0180876136
-0.0181334099
-0.0176141071
-0.0183352042
-0.0186852222
-0.0162781241
-0.0136578625
-0.0123634000
-0.0103309119
-0.0100602583
-0.0121369943
-0.0115550736
-0.0149267206
-0.0185125125
-0.0242827530
-0.0325630349
-0.0427911236
-0.0522250270
-0.0607988325
-0.0683090420
-0.0753911828
-0.0806872307
-0.0841508624
-0.0845044615
-0.0836533479
-0.0821437744
-0.0810994871
-0.0821790257
-0.0867500837
-0.0898678450
-0.0919633703
-0.0936196835
-0.0923222801
-0.0884639524
-0.0853835017
-0.0786004702
-0.0707352183
-0.0667474691
-0.0641668600
-0.0606622735
-0.0567900273
-0.0533327682
-0.0508611915
-0.0475127692
-0.0412257402
-0.0362102708
-0.0322154413
-0.0271280846
-0.0233654118
-0.0229268343
-0.0221142559
-0.0217382497
-0.0255345744
-0.0288905767
-0.0288111724
-0.0241883540
-0.0182890782
-0.0133033998
-0.0074666942
-0.0005467726
0.0063343407
0.0121431921
0.0178674928
0.0255787519
0.0313768085
0.0358867100
0.0384988639
0.0384387236
0.0366343296
0.0367844167
0.0388318028
0.0397393305
0.0390629828
0.0391277515
0.0392378150
0.0380633628
0.0351416875
0.0322782280
0.0302088497
0.0285996147
0.0269236052
0.0246302273
0.0230779911
0.0214496966
0.0179069187
0.0167986978
0.0182669429
0.0192733541
0.0190460222
0.0181775050
0.0181502306
0.0177996682
0.0182924699
0.0209617177
0.0237265415
0.0270611755
0.0327476885
0.0379164175
0.0410251620
0.0436186323
0.0466411513
0.0484323641
0.0474540617
0.0456602696
0.0432669571
0.0390637391
0.0338861035
0.0286691401
0.0226626687
0.0155258330
0.0102562977
0.0060139948
0.0034357995
0.0026574647
0.0026195389
0.0020856338
0.0040423851
0.0072007809
0.0109264581
0.0146204104
0.0207785411
0.0281800834
0.0328052326
0.0351563596
0.0362716403
0.0361205317
0.0351615575
0.0340410864
0.0324269743
0.0297204242
0.0264273104
0.0235539027
0.0205595833
0.0187423014
0.0178516274
0.0173895502
0.0177411964
0.0186888109
0.0199601068
0.0206021205
0.0210899826
0.0231494313
0.0230999924
0.0219304900
0.0215807355
0.0209214570
0.0193961674
0.0167277891
0.0138735479
0.0114717449
0.0085901369
0.0052060850
0.0016088584
-0.0021397113
-0.0049487415
-0.0065245542
-0.0087185193
-0.0110857330
-0.0136222570
-0.0172852306
-0.0204977207
-0.0216626179
-0.0235831775
-0.0247630737
-0.0236078968
-0.0209649927
-0.0192095952
-0.0177402257
-0.0151623789
-0.0131031251
-0.0118711915
-0.0106692890
-0.0104511776
-0.0102472449
-0.0093663640
-0.0083256830
-0.0077365871
-0.0068483973
-0.0063203630
-0.0067710723
-0.0071163998
-0.0068098198
-0.0064329136
-0.0061754552
-0.0056763933
-0.0043373742
-0.0029880651
-0.0024358372
-0.0021626132
-0.0020608704
-0.0020351753
-0.0013901124
-0.0007717078
-0.0003824319
0.0000877935
0.0008937439
0.0022644510
0.0029933968
0.0034555007
0.0037802324
0.0038000323
0.0035590586
0.0033726394
0.0028569645
0.0021872727
0.0017325126
0.0011472537
0.0003748501
-0.0002741075
0.0000247954
0.0004496241
0.0004258307
0.0004826344
0.0007925574
0.0011747490
0.0013220965
0.0013444952
0.0015336833
0.0021554835
0.0027238218
0.0025825638
0.0022210137
0.0021558133
0.0022741650
0.0020480971
0.0018963133
0.0020357064
0.0021743458
0.0021376950
0.0020753830
0.0021868481
0.0021468005
0.0019807352
0.0018106489
0.0015619723
0.0012566387
0.0009553413
0.0006670353
0.0003500564
0.0000724052
-0.0001669974
-0.0003570176
-0.0003997462
-0.0004396638
-0.0005013653
-0.0005976707
-0.0006856260
-0.0007957102
-0.0008633048
-0.0008746960
-0.0008779886
-0.0008755419
-0.0008684187
-0.0008892851
-0.0009186608
-0.0009114360
-0.0009279883
-0.0009462420
-0.0009687614
-0.0009868796
-0.0009578711
-0.0009088519
-0.0008727805
-0.0008211388
-0.0007635059
-0.0006852005
-0.0006215892
-0.0005887022
-0.0005470441
-0.0004949418
-0.0004509393
-0.0004082504
-0.0003611338
-0.0003144755
-0.0002722878
-0.0002341885
-0.0002017783
-0.0001721990
-0.0001407599
-0.0001109276
-0.0000832039
-0.0000552062
-0.0000244332
0.0000077144
0.0000376773
0.0000661251
0.0000922107
0.0001154942
0.0001354951
0.0001533525
0.0001693940
0.0001835801
0.0001965511
0.0002090338
0.0002211795
0.0002324915
0.0002429972
0.0002528936
0.0002622764
0.0002711899
0.0002796929
0.0002878847
0.0002957903
0.0003034434
0.0003108627
0.0003180813
0.0003251092
0.0003319548
0.0003386304
0.0003451481
0.0003515157
