-0.0005791909
-0.0005836838
-0.0005878727
-0.0005915311
-0.0005948093
-0.0005976577
-0.0006000985
-0.0006021238
-0.0006038292
-0.0006051187
-0.0006061091
-0.0006067639
-0.0006070745
-0.0006071363
-0.0006069192
-0.0006065038
-0.0006058261
-0.0006046607
-0.0006036096
-0.0006024614
-0.0006011338
-0.0005997989
-0.0005983395
-0.0005969179
-0.0005954223
-0.0005940119
-0.0005926089
-0.0005913054
-0.0005900991
-0.0005890154
-0.0005880676
-0.0005864950
-0.0005859312
-0.0005855731
-0.0005854685
-0.0005855836
-0.0005860766
-0.0005868022
-0.0005878329
-0.0005892111
-0.0005909694
-0.0005930565
-0.0005955276
-0.0005983546
-0.0006015949
-0.0006051884
-0.0006080598
-0.0006124784
-0.0006173134
-0.0006224945
-0.0006278885
-0.0006332944
-0.0006386551
-0.0006440376
-0.0006493479
-0.0006546771
-0.0006599858
-0.0006652642
-0.0006705484
-0.0006758069
-0.0006798991
-0.0006851383
-0.0006903496
-0.0006955379
-0.0007007414
-0.0007059000
-0.0007110074
-0.0007161865
-0.0007212253
-0.0007263811
-0.0007313885
-0.0007364877
-0.0007414474
-0.0007465325
-0.0007504233
-0.0007554014
-0.0007603683
-0.0007653001
-0.0007702372
-0.0007751577
-0.0007800277
-0.0007848554
-0.0007897213
-0.0007945271
-0.0007993536
-0.0008041070
-0.0008088658
-0.0008136210
-0.0008171994
-0.0008218641
-0.0008265498
-0.0008311866
-0.0008358335
-0.0008403903
-0.0008450280
-0.0008495518
-0.0008540871
-0.0008585551
-0.0008630685
-0.0008675184
-0.0008719741
-0.0008763094
-0.0008795810
-0.0008839396
-0.0008882591
-0.0008925642
-0.0008968501
-0.0009010924
-0.0009053544
-0.0009095308
-0.0009137279
-0.0010319333
-0.0010360448
-0.0010401332
-0.0010441819
-0.0010482320
-0.0010522423
-0.0011702954
-0.0011741968
-0.0011781676
-0.0011832075
-0.0011870564
-0.0011908508
-0.0011946691
-0.0010843259
-0.0010880831
-0.0010917785
-0.0010954545
-0.0010990938
-0.0011027429
-0.0009922206
-0.0009957274
-0.0009992559
-0.0010027530
-0.0010061719
-0.0010096395
-0.0010129806
-0.0010163418
-0.0010196888
-0.0010229802
-0.0010262184
-0.0010283165
-0.0010314926
-0.0010346457
-0.0010377949
-0.0010409091
-0.0010439635
-0.0010469549
-0.0010499437
-0.0010528843
-0.0010557728
-0.0010586523
-0.0010615047
-0.0010642929
-0.0010670447
-0.0010686152
-0.0010712705
-0.0010739396
-0.0010765519
-0.0010791805
-0.0010816865
-0.0010842457
-0.0010867164
-0.0010891336
-0.0010915503
-0.0010938756
-0.0010961907
-0.0010984920
-0.0011007426
-0.0011018261
-0.0011040294
-0.0011061832
-0.0011082876
-0.0011103273
-0.0011123598
-0.0011143379
-0.0011162362
-0.0011181777
-0.0011200433
-0.0011218668
-0.0011236267
-0.0011253782
-0.0011271128
-0.0011287324
-0.0011292682
-0.0011308318
-0.0011324034
-0.0011338595
-0.0011353595
-0.0011367639
-0.0011381401
-0.0011394727
-0.0011408022
-0.0011420455
-0.0011432701
-0.0011444441
-0.0011455569
-0.0011466508
-0.0011465401
-0.0011475832
-0.0011485390
-0.0011494755
-0.0011503629
-0.0011512307
-0.0011520536
-0.0011528227
-0.0011535041
-0.0011541954
-0.0011548200
-0.0011554416
-0.0011559199
-0.0011564629
-0.0011558001
-0.0011562048
-0.0011565680
-0.0011568639
-0.0011571649
-0.0011573857
-0.0011575946
-0.0011577061
-0.0011578777
-0.0011579777
-0.0011579844
-0.0012720790
-0.0012719930
-0.0012719243
-0.0012717794
-0.0012716092
-0.0012713754
-0.0013852464
-0.0013849215
-0.0013846138
-0.0013842022
-0.0013849710
-0.0013844899
-0.0013839902
-0.0012693378
-0.0012688010
-0.0012681177
-0.0012674387
-0.0012666875
-0.0012659152
-0.0011510595
-0.0011501598
-0.0011492559
-0.0011483224
-0.0011473762
-0.0011462942
-0.0011452634
-0.0011441350
-0.0011430026
-0.0011406210
-0.0011394084
-0.0011380985
-0.0011368272
-0.0011355223
-0.0011341202
-0.0011326548
-0.0011311348
-0.0011295836
-0.0011280034
-0.0011263920
-0.0011247879
-0.0011230317
-0.0011213062
-0.0011183514
-0.0011165346
-0.0011146872
-0.0011127731
-0.0011108178
-0.0011088726
-0.0011068269
-0.0011047702
-0.0011026674
-0.0011005431
-0.0010983706
-0.0010961117
-0.0010938303
-0.0010915631
-0.0010880824
-0.0010857007
-0.0010832770
-0.0010807945
-0.0010782661
-0.0010757492
-0.0010731675
-0.0010705508
-0.0010678994
-0.0010652048
-0.0010624587
-0.0010596867
-0.0010568847
-0.0010540020
-0.0010499655
-0.0010470470
-0.0010440631
-0.0010411137
-0.0010381353
-0.0010351132
-0.0010319775
-0.0010289184
-0.0010257694
-0.0010225923
-0.0010193373
-0.0010160546
-0.0010127427
-0.0010094512
-0.0010049260
-0.0010015070
-0.0009980947
-0.0009946011
-0.0009911198
-0.0009875970
-0.0009840104
-0.0009803730
-0.0009767043
-0.0009729938
-0.0009692783
-0.0009654731
-0.0009617473
-0.0009579157
-0.0009529072
-0.0009490337
-0.0009450791
-0.0009411605
-0.0009371792
-0.0009331419
-0.0009291274
-0.0009250404
-0.0009209958
-0.0009168781
-0.0009127863
-0.0009086155
-0.0009044403
-0.0009002249
-0.0008947774
-0.0008905226
-0.0008862261
-0.0008818331
-0.0008775009
-0.0008730429
-0.0008686676
-0.0008641924
-0.0008596814
-0.0008551647
-0.0008506488
-0.0008460447
-0.0008415143
-0.0008368815
-0.0008311392
-0.0008264680
-0.0008218205
-0.0008171238
-0.0008124151
-0.0008076477
-0.0008028815
-0.0007981121
-0.0007933223
-0.0007885151
-0.0007836701
-0.0007788099
-0.0007739305
-0.0007690610
-0.0007630031
-0.0007580372
-0.0007530542
-0.0007480887
-0.0007430472
-0.0007380066
-0.0007329523
-0.0007279463
-0.0007228761
-0.0007177824
-0.0007126443
-0.0007075046
-0.0007023826
-0.0006972086
-0.0006908587
-0.0006856345
-0.0006803718
-0.0006751347
-0.0006698554
-0.0006646235
-0.0006592990
-0.0006540437
-0.0006487177
-0.0006433721
-0.0006380456
-0.0006326916
-0.0006273275
-0.0006219450
-0.0006154287
-0.0006100634
-0.0006046784
-0.0005992293
-0.0005938402
-0.0005883751
-0.0005829207
-0.0005774504
-0.0005719932
-0.0005664652
-0.0005609726
-0.0005554756
-0.0005499296
-0.0005443945
-0.0005376847
-0.0005321274
-0.0005265350
-0.0005209714
-0.0005153359
-0.0005097510
-0.0005041240
-0.0004984907
-0.0004928550
-0.0004872645
-0.0004816418
-0.0004760191
-0.0004703794
-0.0004647180
-0.0004579404
-0.0004522463
-0.0004466139
-0.0004408945
-0.0004352031
-0.0004295059
-0.0004238586
-0.0004181632
-0.0004124415
-0.0004067809
-0.0004010494
-0.0003953771
-0.0003895911
-0.0003838490
-0.0003769691
-0.0003712854
-0.0003655380
-0.0003597848
-0.0003540896
-0.0003483502
-0.0003425873
-0.0003368875
-0.0003311667
-0.0003254297
-0.0003196582
-0.0003138975
-0.0003081534
-0.0003023629
-0.0002955207
-0.0002897116
-0.0002839412
-0.0002781311
-0.0002723524
-0.0002665667
-0.0002607496
-0.0002549529
-0.0002491809
-0.0002433696
-0.0002376197
-0.0002318393
-0.0002260733
-0.0002202833
-0.0002133516
-0.0002075776
-0.0002018139
-0.0001959736
-0.0001901625
-0.0001843769
-0.0001785934
-0.0001727736
-0.0001670090
-0.0001611466
-0.0001553162
-0.0001494892
-0.0001436249
-0.0001377640
-0.0001307950
-0.0001249939
-0.0001191187
-0.0001132766
-0.0001074145
-0.0001015737
-0.0000957077
-0.0000898578
-0.0000840379
-0.0000782447
-0.0000723619
-0.0000665690
-0.0000607101
-0.0000549189
-0.0000478916
-0.0000420910
-0.0000362458
-0.0000303912
-0.0000245412
-0.0000186879
-0.0000128078
-0.0000068967
-0.0000010227
0.0000048570
0.0000107477
0.0000167237
0.0000225642
0.0000284903
0.0000355028
0.0000414260
0.0000473688
0.0000533348
0.0000593366
0.0000652603
0.0000711749
0.0000770636
0.0000830446
0.0000890127
0.0000949160
0.0001008653
0.0001068097
0.0001127969
0.0001199034
0.0001259066
0.0001319009
0.0001379013
0.0001438484
0.0001499418
0.0001559395
0.0001619990
0.0001680179
0.0001741369
0.0001801563
0.0001862247
0.0001922827
0.0001984113
0.0002056496
0.0002117174
0.0002178008
0.0002239325
0.0002300457
0.0002361736
0.0002423159
0.0002484378
0.0002546678
0.0002608084
0.0002670263
0.0002731973
0.0002794543
0.0002856697
0.0002930930
0.0002993572
0.0003056583
0.0003119222
0.0003182391
0.0003245229
0.0003308374
0.0003371283
0.0003434732
0.0003497637
0.0003561006
0.0003624754
0.0003688338
0.0003751864
0.0003827507
0.0003891446
0.0003955368
0.0004019863
0.0004084255
0.0004149007
0.0004213609
0.0004278016
0.0004343249
0.0004408112
0.0004473372
0.0004538835
0.0004603968
0.0004670001
0.0004746377
0.0004812866
0.0004878532
0.0004944906
0.0005010917
0.0005077227
0.0005143499
0.0005210135
0.0005276524
0.0005344015
0.0005410806
0.0005477226
0.0005544124
0.0005611796
0.0005690430
0.0005757323
0.0005824471
0.0005892196
0.0005959603
0.0006027408
0.0006095193
0.0006163155
0.0006230663
0.0006298134
0.0006365816
0.0006433515
0.0006501327
0.0006580923
0.0006648710
0.0006716442
0.0006784660
0.0006852311
0.0006920488
0.0006988961
0.0007056699
0.0007124141
0.0007192415
0.0007260488
0.0007329149
0.0007396495
0.0007464763
0.0007544282
0.0007611756
0.0007679822
0.0007747454
0.0007815131
0.0007882554
0.0007950188
0.0008017696
0.0008085116
0.0008152274
0.0008219833
0.0008286742
0.0008353451
0.0008420343
0.0008498557
0.0008565593
0.0008631716
0.0008697496
0.0008763726
0.0008829014
0.0008894930
0.0008959653
0.0009024962
0.0009089668
0.0009154400
0.0009218161
0.0009282482
0.0009346267
0.0009422197
0.0009485120
0.0009548688
0.0009611189
0.0009673597
0.0009735800
0.0009797647
0.0009859291
0.0009920229
0.0009980663
0.0010040781
0.0010100979
0.0010159471
0.0010218867
0.0010288214
0.0010346277
0.0010403358
0.0010460102
0.0010516327
0.0010572992
0.0010628182
0.0010683313
0.0010737135
0.0010791825
0.0010845060
0.0010898104
0.0010950496
0.0011002580
0.0011065181
0.0011115569
0.0011165181
0.0011214113
0.0011262486
0.0011309896
0.0011357173
0.0011403274
0.0011449136
0.0011493228
0.0011536994
0.0011579849
0.0011621820
0.0011674378
0.0011714903
0.0011754418
0.0011793964
0.0011831443
0.0011869181
0.0011905083
0.0011940972
0.0011975383
0.0012009239
0.0012041732
0.0012073948
0.0012105067
0.0012134718
0.0012175389
0.0012203544
0.0012231438
0.0012257271
0.0012282841
0.0012307438
0.0012330472
0.0012352860
0.0012374469
0.0012395254
0.0012414735
0.0012433506
0.0012450785
0.0012467632
0.0012494595
0.0012508810
0.0012521808
0.0012534033
0.0012545321
0.0012554980
0.0012564330
0.0012572173
0.0012579163
0.0012584600
0.0012589307
0.0012592758
0.0012595326
0.0012596351
0.0012608139
0.0012607529
0.0012606551
0.0012604059
0.0012600311
0.0012596182
0.0012590691
0.0012584127
0.0012576241
0.0012567532
0.0012557865
0.0012547094
0.0012535013
0.0012533794
0.0012519910
0.0012505671
0.0012489835
0.0012473282
0.0012455931
0.0012438156
0.0012418866
0.0012398910
0.0012378392
0.0012357040
0.0012334649
0.0012312054
0.0012287872
0.0012275096
0.0012249997
0.0012223924
0.0012197444
0.0012170235
0.0012143005
0.0012114329
0.0012084840
0.0012055598
0.0012025731
0.0011995909
0.0011965346
0.0011934267
0.0011902877
0.0011882433
0.0011850286
0.0011818514
0.0011786874
0.0011754285
0.0011722203
0.0011689449
0.0011657618
0.0011624451
0.0011592756
0.0011560661
0.0011529176
0.0011497452
0.0011465798
0.0011446380
0.0011415879
0.0011385438
0.0011355738
0.0011326505
0.0011298157
0.0011270128
0.0011243337
0.0011217245
0.0011192381
0.0011168370
0.0011145168
0.0011123610
0.0011114009
0.0011094404
0.0011076194
0.0011059121
0.0011044054
0.0011029730
0.0011016561
0.0011005792
0.0010996930
0.0010989680
0.0010984325
0.0010981477
0.0010980348
0.0010981183
0.0010995603
0.0011000688
0.0011008257
0.0011017866
0.0011030820
0.0011046284
0.0011064039
0.0011084923
0.0011109044
0.0011135907
0.0011165850
0.0011199216
0.0011236046
0.0011276395
0.0011331266
0.0011378616
0.0011428683
0.0011483365
0.0011542140
0.0011605163
0.0011671686
0.0011743080
0.0011818507
0.0011898330
0.0011982916
0.0012071779
0.0012165432
0.0012264077
0.0012379545
0.0012487909
0.0012601397
0.0012720311
0.0012844370
0.0012973941
0.0013108931
0.0013249500
0.0013395720
0.0013548031
0.0013706437
0.0013870772
0.0014041836
0.0014230302
0.0014414114
0.0014605302
0.0014802683
0.0015005934
0.0015217370
0.0015434168
0.0015659904
0.0015891664
0.0016130987
0.0016377287
0.0016631363
0.0016893016
0.0017162351
0.0017450266
0.0016594662
0.0016887701
0.0017177724
0.0017486478
0.0017804168
0.0018129937
0.0017323979
0.0017666705
0.0018018270
0.0018378497
0.0018747800
0.0019125205
0.0019501358
0.0018756703
0.0019162425
0.0019577234
0.0020001492
0.0020424315
0.0020867795
0.0020178964
0.0020629679
0.0021101212
0.0021583067
0.0022063287
0.0022564905
0.0023076517
0.0023586954
0.0024118678
0.0024661413
0.0025202725
0.0025765134
0.0026338427
0.0028050963
0.0028644847
0.0029248543
0.0029863191
0.0030476769
0.0031112141
0.0032898807
0.0033555600
0.0034222198
0.0034900092
0.0035576193
0.0035134535
0.0035843331
0.0036563718
0.0036141704
0.0036883241
0.0037635198
0.0038386700
0.0038019059
0.0038803279
0.0039586153
0.0039250204
0.0040054169
0.0040879545
0.0040563432
0.0041398557
0.0043396331
0.0044251593
0.0045129332
0.0047145495
0.0048042636
0.0050079080
0.0050995494
0.0053050926
0.0053986871
0.0056073653
0.0057028756
0.0059134063
0.0060107854
0.0062231389
0.0063223156
0.0064223656
0.0065232995
0.0066251509
0.0067277432
0.0068312040
0.0069355096
0.0070405758
0.0071464634
0.0072531086
0.0073616661
0.0074697221
0.0075785199
0.0076880071
0.0077981373
0.0079089215
0.0080203548
0.0081323391
0.0082449527
0.0083580309
0.0084717578
0.0085859517
0.0087006781
0.0088158172
0.0089313567
0.0090484351
0.0091648598
0.0092815774
0.0093986447
0.0095160088
0.0096336508
0.0097514536
0.0098695158
0.0099876885
0.0101060076
0.0102244005
0.0103429414
0.0104614200
0.0105799657
0.0106996010
0.0108180270
0.0109363959
0.0110545697
0.0111725430
0.0112903081
0.0114078447
0.0115250372
0.0116419609
0.0117584830
0.0118745947
0.0121043550
0.0122206689
0.0124494601
0.0126774963
0.0127920594
0.0130188813
0.0131308865
0.0133572752
0.0134688604
0.0136925334
0.0138023474
0.0140251881
0.0141319056
0.0143527455
0.0158284890
0.0153637626
0.0151248852
0.0147718311
0.0145291687
0.0141723822
0.0139269723
0.0135650134
0.0133167853
0.0127236134
0.0121276685
0.0115290286
0.0109285053
0.0103263401
0.0092637608
0.0080840806
0.0070163952
0.0095962310
0.0122928224
0.0148745585
0.0175715883
0.0153620535
0.0131454861
0.0109268310
0.0087008277
0.0064716036
0.0089173635
0.0113627911
0.0138090666
0.0163679716
0.0188134022
0.0212572418
0.0194785532
0.0178098302
0.0160206770
0.0193645011
0.0225947083
0.0258235351
0.0290552878
0.0266926593
0.0243235843
0.0219500653
0.0195697428
0.0171838053
0.0168467016
0.0165048390
0.0161595427
0.0158105822
0.0154568901
0.0149864544
0.0146240610
0.0142590086
0.0138889447
0.0135149430
0.0131357926
0.0127538442
0.0123654199
0.0119741505
0.0115775587
0.0111766520
0.0112277803
0.0112746414
0.0112031640
0.0138662671
0.0165283847
0.0190741649
0.0147694313
0.0103425705
0.0059053511
0.0015742031
-0.0028820704
0.0022409011
0.0072524578
0.0123768519
0.0119099048
0.0115509148
0.0111882100
0.0107053049
0.0103315241
0.0098387026
0.0094538120
0.0100917524
0.0106105948
0.0112395207
0.0118645258
0.0089466587
0.0061343657
0.0032004298
0.0003719195
-0.0025767253
-0.0002843874
0.0018909943
0.0040645767
0.0098857868
0.0157108989
0.0215334420
0.0273616629
0.0261113928
0.0248545870
0.0235925097
0.0223227873
0.0184226909
0.0145118396
0.0107073161
0.0067789648
0.0028417587
0.0039177940
0.0049897165
0.0061726633
0.0072375785
0.0082982535
0.0099253558
0.0115507460
0.0131709983
0.0147903080
0.0165194838
0.0181317283
0.0197411405
0.0213466563
0.0229506243
0.0188421447
0.0146134073
0.0104885728
0.0031604237
-0.0041819220
-0.0115346585
-0.0189014024
-0.0242234070
-0.0295570259
-0.0348985445
-0.0402514448
-0.0456122935
-0.0453911148
-0.0451730081
-0.0450733041
-0.0448614938
-0.0446539305
-0.0427380475
-0.0408237166
-0.0390254140
-0.0371133504
-0.0300681439
-0.0230150820
-0.0159613644
-0.0089006106
-0.0060611912
-0.0031052495
-0.0001499628
0.0026924015
0.0056479238
0.0086050707
0.0114474853
0.0076705201
0.0038883244
-0.0000151902
-0.0038093716
-0.0076107139
-0.0114164110
-0.0153428496
-0.0140237734
-0.0128194140
-0.0116146700
-0.0102963679
-0.0090915390
-0.0078862649
-0.0065668909
-0.0021627304
0.0022425205
0.0066538171
0.0112957572
0.0159448973
0.0102110949
0.0044698989
-0.0013890401
-0.0070280957
-0.0127833810
-0.0184330020
-0.0241991413
-0.0299730158
-0.0356356471
-0.0324004078
-0.0290466760
-0.0256873217
-0.0223234726
-0.0190672325
-0.0218556594
-0.0246455274
-0.0275498765
-0.0255456552
-0.0235381457
-0.0215251544
-0.0248699566
-0.0282180721
-0.0316786348
-0.0350269496
-0.0383730979
-0.0417206663
-0.0450670267
-0.0485274451
-0.0518717179
-0.0610387657
-0.0703213862
-0.0794981695
-0.0886774570
-0.0859911366
-0.0832964780
-0.0764841315
-0.0697749777
-0.0720695135
-0.0744738397
-0.0767604511
-0.0791579167
-0.0657968217
-0.0525333429
-0.0392452137
-0.0398638361
-0.0404758365
-0.0498686930
-0.0591530615
-0.0565678172
-0.0539706861
-0.0458855316
-0.0376669832
-0.0294346929
-0.0239216350
-0.0183981590
-0.0128558795
-0.0074156546
-0.0018454894
-0.0105265479
-0.0192099824
-0.0277768097
-0.0364596692
-0.0360087036
-0.0354326948
-0.0349606580
-0.0450945793
-0.0552248822
-0.0654728447
-0.0756032518
-0.0667864959
-0.0578375863
-0.0430432646
-0.0282262019
-0.0133775294
-0.0077512034
-0.0021051092
-0.0059147789
-0.0096040717
-0.0133976795
-0.0266595803
-0.0400330982
-0.0534125072
-0.0667883563
-0.0800570610
-0.0838484794
-0.0875186601
-0.0912930896
-0.0839848788
-0.0765458005
-0.0691958619
-0.0636530302
-0.0582028260
-0.0663157064
-0.0745402815
-0.0826431816
-0.0919993865
-0.1013473608
-0.0947130615
-0.0879434873
-0.0706489744
-0.0532139578
-0.0358541884
-0.0264569652
-0.0170312694
-0.0075839151
0.0018899161
0.0035115734
0.0051481597
-0.0064358436
-0.0180219683
-0.0296010910
-0.0402683444
-0.0510437338
-0.0618190264
-0.0644834336
-0.0672513585
-0.0700072645
-0.0777744589
-0.0855319274
-0.0932866127
-0.1010306653
-0.0942745269
-0.0874962113
-0.0706496717
-0.0536616797
-0.0367486411
-0.0196967583
-0.0024902656
0.0148545083
0.0322387173
0.0356126631
0.0390062244
0.0260966570
0.0132965899
0.0003881662
-0.0124111187
-0.0151631428
-0.0177911565
-0.0204056857
-0.0230121376
-0.0256062127
-0.0281896445
-0.0348714282
-0.0415485240
-0.0482171530
-0.0548840944
-0.0615407172
-0.0563216530
-0.0510879701
-0.0458330767
-0.0405638250
-0.0352747059
-0.0300838054
-0.0229338283
-0.0157668067
-0.0085795459
-0.0014892728
0.0057352617
0.0012211388
-0.0034036117
-0.0079063313
-0.0124053591
-0.0168978810
-0.0213876605
-0.0173109580
-0.0132204583
-0.0091175721
-0.0015766827
0.0060935726
0.0137815315
0.0214844521
0.0189289915
0.0163811547
0.0077845649
-0.0006956060
-0.0092964451
-0.0095649298
-0.0098295419
-0.0100870505
-0.0040610333
0.0018595257
0.0141864889
0.0264131988
0.0387743474
0.0510348150
0.0508721910
0.0507119652
0.0505548191
0.0449212707
0.0392833571
0.0336432194
0.0162381636
-0.0010643998
-0.0219290721
-0.0428077042
-0.0519573565
-0.0443370519
-0.0174132450
0.0095283407
0.0410724000
0.0725237143
0.0953400131
0.1011661643
0.1071107824
0.0998203088
0.0925139546
0.0853133290
0.0855167133
0.0857195260
0.0916224593
0.0976380601
0.0899567795
0.0823793061
0.0638249922
0.0452496246
0.0266405691
0.0217052734
0.0167546978
0.0119065810
0.0056723947
-0.0006906811
-0.0069579607
-0.0167771938
-0.0266207800
-0.0232443441
-0.0197608420
-0.0086411130
0.0024824905
0.0042432596
0.0059919245
-0.0041396512
-0.0144141105
-0.0245948753
-0.0213346496
-0.0179733898
-0.0012665066
0.0155496647
0.0322591661
0.0489643621
0.0656743793
0.0824933461
0.0992027949
0.1159055213
0.1191426425
0.1224752199
0.1256787047
0.1238431840
0.1218682478
0.1199874587
0.1118038376
0.1035913538
0.0953461826
0.0991690193
0.1029756548
0.1184006374
0.1339383566
0.1493481252
0.1505998178
0.1518286384
0.1399047196
0.1279458504
0.1159459521
0.1064218985
0.0968582265
0.1030094048
0.1091432451
0.1240405343
0.1389321047
0.1433065111
0.1321324322
0.1209209168
0.1096672320
0.0983754169
0.0870383528
0.0756647211
0.0770306270
0.0784809196
0.0797891946
0.0879165783
0.0960228070
0.1041044152
0.1198158767
0.1353909823
0.1510715044
0.1667306500
0.1677682605
0.1687735048
0.1586743890
0.1485349856
0.1382359597
0.1280102338
0.1177374986
0.1074246750
0.0970642619
0.0866637468
0.0762137999
0.0657257614
0.0550735042
0.0444947967
0.0338680501
0.0356399584
0.0373807864
0.0390890018
0.0407667451
0.0424122205
0.0350064491
0.0275640531
0.0200760035
0.0215659465
0.0230239154
0.0320956597
0.0411484717
0.0501736774
0.0591788486
0.0727212483
0.0861370972
0.0995291501
0.1129081763
0.1181617199
0.1233899120
0.1285896194
0.1248604380
0.1210971936
0.1171839879
0.1133501682
0.1094809004
0.1055786387
0.1015270807
0.0975550332
0.0935495625
0.0895111683
0.0727677518
0.0559842174
0.0391484999
0.0222722056
0.0183606909
0.0144192565
0.0105588351
0.0138599325
0.0171404824
0.0205114232
0.0191829782
0.0179434363
0.0166783627
0.0153889920
0.0211525466
0.0270135399
0.0327457436
0.0385749646
0.0442792400
0.0500799204
0.0558705359
0.0615318522
0.0672973643
0.0729348200
0.0687467417
0.0645378806
0.0603090095
0.0517243620
0.0431150911
0.0344845148
0.0258307835
0.0120221974
-0.0018152103
-0.0156749679
-0.0213435755
-0.0270247651
-0.0221048711
-0.0170752234
-0.0121586748
-0.0072460530
-0.0144314671
-0.0217407000
-0.0452743565
-0.0687124190
-0.0922986187
-0.1159041938
-0.1243569820
-0.1114770579
-0.0986890933
-0.0678593294
-0.0368674037
-0.0059651101
0.0251007559
0.0560778872
0.0726134827
0.0750085858
0.0548215179
0.0130500259
-0.0440614705
-0.1012012150
-0.1585222117
-0.2073100454
-0.2439370712
-0.2648304814
-0.2857334797
-0.2946429756
-0.3034466784
-0.3002431434
-0.2817227341
-0.2452516326
-0.2087079953
-0.1657254368
-0.1226569584
-0.0795363248
-0.0450036912
-0.0104227038
0.0120236220
0.0194367763
0.0079508459
-0.0252012900
-0.0584816832
-0.0916424451
-0.1249305329
-0.1433732168
-0.1619205683
-0.1804477193
-0.1942832694
-0.2080923353
-0.2219982369
-0.2221809060
-0.2075972924
-0.1742496154
-0.1408130980
-0.1073134637
-0.0737232794
-0.0399548831
-0.0197915006
0.0005355842
0.0208276387
0.0290809273
0.0373893293
0.0215585755
0.0057506093
-0.0101247379
-0.0167359010
-0.0067571098
0.0031676448
0.0131526747
0.0104207410
-0.0090416853
-0.0445737822
-0.0800855196
-0.1155909044
-0.1510701608
-0.1642830897
-0.1774531155
-0.1778001921
-0.1779805697
-0.1782202959
-0.1782913660
-0.1784225357
-0.1625215511
-0.1466565545
-0.1306104731
-0.1144860430
-0.1166690741
-0.1186833443
-0.1309152555
-0.1431073237
-0.1553668329
-0.1579964828
-0.1605713152
-0.1630945137
-0.1656768868
-0.1680932251
-0.1704532516
-0.1804099828
-0.1902037118
-0.2146813471
-0.2536140377
-0.2925447882
-0.3314539839
-0.3704679646
-0.4093454080
-0.4262985847
-0.4432071576
-0.4506159751
-0.4579799155
-0.4652886633
-0.4725553106
-0.4704135442
-0.4682295693
-0.4504541325
-0.4197237067
-0.3759925033
-0.3321864859
-0.2882706277
-0.2583104427
-0.2282569494
-0.1981355476
-0.1735185290
-0.1488353497
-0.1329767595
-0.1350922627
-0.1372812506
-0.1486695873
-0.1601446582
-0.1573189240
-0.1545621864
-0.1516463216
-0.1594174377
-0.1671528451
-0.1796556528
-0.1922407463
-0.1868847243
-0.1815996977
-0.1643982751
-0.1471496289
-0.1299567642
-0.1181952163
-0.1063848053
-0.0946466754
-0.0929077749
-0.0912505452
-0.1079411042
-0.1428747473
-0.1778292403
-0.2128927217
-0.2356539803
-0.2384343618
-0.2218960698
-0.1895767336
-0.1570790596
-0.1128924007
-0.0685097274
-0.0241901053
0.0202105587
0.0479978338
0.0576888685
0.0505137185
0.0265608812
0.0027212748
-0.0212558266
-0.0442076567
-0.0672964372
-0.0818315249
-0.0845040165
-0.0731328304
-0.0441598346
-0.0152706349
0.0167449039
0.0487877394
0.0807651118
0.1116259556
0.1424221137
0.1732358994
0.1926680716
0.2121258267
0.2099103019
0.2076947659
0.1939448956
0.1801713709
0.1662704794
0.1574771715
0.1486671922
0.1398433452
0.1309968210
0.1045587449
0.0779581870
0.0348945169
-0.0081295872
-0.0513147763
-0.0826993160
-0.0976922071
-0.0907959994
-0.0839264410
-0.0650715031
-0.0462239264
-0.0159638450
0.0142982581
0.0609025210
0.1222354882
0.2022355531
0.2821548569
0.3546152531
0.4010855017
0.4158502741
0.4021822720
0.3679072976
0.3186389707
0.2691498568
0.2259952473
0.1961037240
0.1823660008
0.1684646677
0.1731234903
0.1777559049
0.1966226795
0.2155929870
0.2345377573
0.2397658284
0.2449511840
0.2335379679
0.2220611545
0.2106205913
0.1989939708
0.1951577237
0.1912447728
0.1873633071
0.1998366064
0.2123614012
0.2454735864
0.2786729382
0.3117127456
0.3328690415
0.3538581567
0.3572574683
0.3606234689
0.3639656571
0.3677616193
0.3715402268
0.3754458611
0.3792424388
0.3647919016
0.3322719728
0.2822698382
0.2322913843
0.1821301629
0.1318406172
0.0815558231
0.0419324731
0.0022710541
-0.0244865450
-0.0513280779
-0.0609471940
-0.0706908536
-0.0633333920
-0.0563348164
-0.0313012877
0.0099662660
0.0632927841
0.1164838535
0.1696139432
0.2388949488
0.3081164345
0.3775146019
0.4344969514
0.4547796090
0.4225907180
0.3462903970
0.2427819478
0.1394040348
0.0424589660
-0.0390862591
-0.0969953032
-0.1261169125
-0.1312957920
-0.1172502392
-0.0859860363
-0.0548103341
-0.0240061878
0.0041638804
0.0318301533
0.0506988928
0.0690934797
0.0869730690
0.1154542393
0.1433666975
0.1709011906
0.1999285158
0.2288462615
0.2574990289
0.2828095257
0.3081686032
0.3401999265
0.3723617710
0.3978862768
0.4079199760
0.3997417537
0.3791826151
0.3589786488
0.3544223237
0.3500612874
0.3525442102
0.3552032441
0.3346239983
0.2909189719
0.2470378302
0.2029504219
0.1694377509
0.1524581069
0.1348504952
0.1312792489
0.1271260287
0.1223801576
0.1124880189
0.1019296469
0.1076504018
0.1129672543
0.1246881990
0.1362010129
0.1302489421
0.1242780395
0.1003677410
0.0766321460
0.0443948230
0.0125077783
-0.0189384558
-0.0499069666
-0.0803441463
-0.1102551979
-0.1396359210
-0.1685436905
-0.1909621102
-0.1990034750
-0.1879457625
-0.1520702866
-0.1160435381
-0.0802067429
-0.0473572814
-0.0148686094
0.0028372223
0.0198087111
0.0253335504
0.0300802394
0.0339055971
0.0370706668
0.0345862792
0.0314519966
0.0278098063
0.0410600248
0.0541644505
0.0745170580
0.0951586704
0.1053411295
0.1162187769
0.1132443841
0.0950745711
0.0778912526
0.0496641657
0.0225749911
-0.0033833254
-0.0283191021
-0.0616279096
-0.0943724139
-0.1377204865
-0.1808797773
-0.2240712619
-0.2675797121
-0.3116064275
-0.3562818004
-0.3937340468
-0.4321241214
-0.4715715399
-0.5031061917
-0.5357751592
-0.5570474052
-0.5790469213
-0.5894931176
-0.6002377299
-0.5929795400
-0.5685910776
-0.5295188788
-0.4897092921
-0.4487974958
-0.4068826323
-0.3768347946
-0.3455002120
-0.3271191008
-0.3073790416
-0.3026849728
-0.3115897207
-0.3367944890
-0.3747220884
-0.4122562778
-0.4494636183
-0.4832540406
-0.5171929925
-0.5369638800
-0.5571365993
-0.5593317042
-0.5619111682
-0.5514369409
-0.5414140604
-0.5099950543
-0.4787507033
-0.4476549001
-0.4135226976
-0.3792752648
-0.3446897292
-0.2966048237
-0.2479360832
-0.1986734329
-0.1496955652
-0.0998960042
-0.0695942268
-0.0585660778
-0.0669699664
-0.0899747088
-0.1123323982
-0.1343582838
-0.1566712696
-0.1786848102
-0.2004508337
-0.2105286013
-0.2204828506
-0.2130276682
-0.2056457821
-0.1841002851
-0.1625587677
-0.1410187382
-0.1194882455
-0.0979474758
-0.0763829818
-0.0475661611
-0.0186604440
0.0105016002
0.0397147416
0.0691445343
0.0989234364
0.1136917581
0.1287301599
0.1302434010
0.1319000610
0.1339056804
0.1361118265
0.1383387540
0.1407490159
0.1526100768
0.1644845447
0.1887209625
0.2127954831
0.2453255785
0.2775776777
0.3093336156
0.3408344724
0.3719219665
0.3862589900
0.4006810307
0.3932097445
0.3861753566
0.3639483399
0.3424324743
0.3124431166
0.2835191661
0.2554647996
0.2242693731
0.1936310212
0.1634185359
0.1459899642
0.1279286263
0.1269103050
0.1240837350
0.1362089268
0.1629355112
0.1864258896
0.2159042893
0.2421534652
0.2652619751
0.2830367759
0.2990419930
0.3143915389
0.3444372524
0.3761573701
0.4109382241
0.4359640799
0.4414121221
0.4244576899
0.3925775991
0.3663428560
0.3686712102
0.3747423978
0.3877972239
0.4014376086
0.4133655237
0.4215911285
0.4241908156
0.4334438174
0.4339494642
0.4416584059
0.4570986337
0.4782214148
0.4911851199
0.5125944704
0.5301194723
0.5463294560
0.5640546538
0.5725901527
0.5701669210
0.5771050216
0.5744787886
0.5837139419
0.5833046057
0.5734165473
0.5722981032
0.5646444901
0.5600631716
0.5695032598
0.5752254373
0.5864073907
0.5874337407
0.5760361665
0.5507907518
0.5228151128
0.4812080409
0.4499735177
0.4275714465
0.4193061892
0.4086417548
0.4100967781
0.4170564819
0.4210510103
0.4366355141
0.4471363414
0.4593953993
0.4680233195
0.4898775783
0.5133777743
0.5451124423
0.5747706517
0.5935205306
0.5917417307
0.5840802638
0.5738502214
0.5725556001
0.5593904362
0.5425707602
0.5140292586
0.4662600816
0.4102511709
0.3374704552
0.2613032958
0.1840101796
0.1017569813
0.0225250347
-0.0603043068
-0.1382164425
-0.2110659431
-0.2788132978
-0.3449200048
-0.4067952544
-0.4663244262
-0.5101546239
-0.5543420561
-0.5959059100
-0.6323445116
-0.6601853991
-0.6898559159
-0.7213258009
-0.7508466050
-0.7765305551
-0.7942082190
-0.8106282899
-0.8140785570
-0.8223739423
-0.8296107066
-0.8220560655
-0.7685826833
-0.6664345704
-0.5728265169
-0.5082199324
-0.4685700785
-0.4396732022
-0.4064119283
-0.3938726455
-0.4164621047
-0.4388002946
-0.4643275164
-0.4948428975
-0.5164062744
-0.5115119912
-0.5319174538
-0.5739960827
-0.5895770639
-0.5877546241
-0.5888891204
-0.5741204678
-0.5568712755
-0.5349828155
-0.5131773403
-0.5156673557
-0.5247347462
-0.5268261858
-0.4942462228
-0.4563649218
-0.4061212867
-0.3354857155
-0.2625270245
-0.1999050123
-0.1365374379
-0.0772955564
-0.0184803915
0.0391319279
0.0417395485
0.0305549472
0.0313533777
0.0697599100
0.1059474785
0.1282889371
0.1491325464
0.1903607880
0.1986255705
0.1991665869
0.1995120810
0.2154267476
0.2485237108
0.3043169321
0.3359285862
0.3264762626
0.3162767631
0.3052984684
0.3081246908
0.3099758441
0.3155480933
0.3206039296
0.3345011982
0.3483570014
0.3538459708
0.3596948351
0.3660596157
0.3483237565
0.3311582610
0.3145167857
0.2989119598
0.2835401770
0.2376363423
0.1918260663
0.1460750022
0.0782139797
-0.0049364456
-0.0882031375
-0.1466755787
-0.2052813827
-0.2642138594
-0.2985162395
-0.3010515581
-0.2813755696
-0.2480346008
-0.2319025794
-0.2552693455
-0.2964835356
-0.3379510759
-0.3794525342
-0.3910343437
-0.3547565635
-0.3183533132
-0.3261157212
-0.3338594998
-0.3282391763
-0.3095602337
-0.2769924926
-0.2301582858
-0.1831895967
-0.1359665640
-0.0886977387
-0.0318132112
0.0252504200
0.0436503978
0.0620588053
0.0806805138
0.0992940735
0.1181038375
0.1306069598
0.1722675975
0.2141425946
0.2232035502
0.2096852423
0.1961698574
0.2075185356
0.2480910080
0.2659612166
0.2568806019
0.2598530144
0.2840676715
0.3250103405
0.3469384277
0.3516882208
0.3560634763
0.3741292312
0.3573668236
0.3006396238
0.2702637099
0.2575789050
0.2423536765
0.2297513691
0.2482041656
0.2710024393
0.2687212384
0.2504590551
0.2253056312
0.2148370937
0.2086432174
0.1824199570
0.0926487937
-0.1049245189
-0.3071444946
-0.3737617860
-0.2948058565
-0.1970209859
-0.1815806462
-0.2155769499
-0.2188819585
-0.1885959001
-0.1418114841
-0.1121381850
-0.0986725330
-0.1029028009
-0.1038252537
-0.0969978171
-0.0870610442
-0.0792952868
-0.0540307362
-0.0296641451
-0.0044256474
0.0040677412
0.0132412503
0.0224244911
0.0318037947
0.0330062446
0.0569929342
0.0818058385
0.0669847023
0.0527796874
0.0258139117
-0.0005092531
-0.0046568046
-0.0083892818
-0.0119252795
-0.0151503676
0.0017913587
0.0325273888
0.0631267333
0.0733057936
0.0497118261
0.0098173418
-0.0005311554
0.0128499430
0.0258143792
0.0186478267
0.0112372204
-0.0105244588
-0.0641703292
-0.1476811172
-0.2313622288
-0.2941786927
-0.3419603720
-0.3903554745
-0.4166504705
-0.4169958831
-0.4309115965
-0.4641577902
-0.4632980971
-0.4636125469
-0.4928846542
-0.5397685787
-0.5699356809
-0.5648872000
-0.5594875913
-0.5625863921
-0.5635852351
-0.5618473500
-0.5564182571
-0.5465060508
-0.5314626591
-0.5156012218
-0.4940245374
-0.4931369082
-0.4991448670
-0.5005012008
-0.5145266462
-0.5685563289
-0.6092026865
-0.5821825518
-0.5236845852
-0.4676872559
-0.4231016049
-0.3826964094
-0.3254492419
-0.2562365531
-0.1655008891
-0.0485606171
0.0656152110
0.1562788603
0.2184642926
0.2577543368
0.2993280399
0.3324881030
0.3553292242
0.3530604415
0.3539416183
0.3630691012
0.3733396966
0.3532046028
0.3042620994
0.2391797622
0.1686450880
0.1053105698
0.0562421155
-0.0017142815
-0.0684320240
-0.1467336455
-0.2128337725
-0.2709539772
-0.3334265256
-0.3982463377
-0.4632920275
-0.5151590749
-0.5631934846
-0.6057644799
-0.6216326041
-0.6001414200
-0.5550023088
-0.5020286832
-0.4418292214
-0.3606192448
-0.2741944108
-0.1836694337
-0.0906233328
-0.0317524857
-0.0015858993
0.0057638065
0.0118326970
0.0084540684
0.0036151306
-0.0024611233
-0.0015791365
-0.0009490085
-0.0363712150
-0.1423797718
-0.2698444061
-0.3381486017
-0.3374997888
-0.3087997661
-0.2782272783
-0.2459931258
-0.2127946181
-0.1688003155
-0.1248922490
-0.0817684481
-0.0331230307
0.0137698557
0.0586830117
0.1015575735
0.1363808219
0.1514579790
0.1488492606
0.1442484870
0.1380956369
0.1303366754
0.1191660723
0.1066884801
0.0930093728
0.0804440201
0.0663862590
0.0429592210
0.0178849460
0.0167621663
0.0142306451
0.0106018900
0.0063470891
0.0301665233
0.1043049780
0.1619938826
0.1679721863
0.1540896033
0.1428772907
0.1410871604
0.1418481166
0.1446088589
0.1469879327
0.1496238241
0.1515048052
0.1500685315
0.1461233761
0.1601490042
0.1909546780
0.2188109964
0.2568060742
0.2933220935
0.3294028746
0.3663562365
0.3939673319
0.4110247756
0.4144227595
0.4214244950
0.4201725633
0.4218436478
0.4252795296
0.4248864481
0.4241088619
0.4145571379
0.3812053014
0.3207553422
0.2563943332
0.2166455560
0.1832508568
0.1472072195
0.0978194577
0.0477180392
0.0073011173
-0.0320280421
-0.0693315497
-0.1044482364
-0.1436955603
-0.1805103284
-0.2236420111
-0.2651837858
-0.2966705305
-0.3068440292
-0.3170948008
-0.3280966651
-0.3400075225
-0.3613438972
-0.3837640843
-0.4073240141
-0.4108370419
-0.3970280773
-0.3703318107
-0.3177132417
-0.2436510705
-0.1691515032
-0.0829520384
0.0039471909
0.0663435321
0.1115184623
0.1432346479
0.1756897296
0.2011095353
0.2065746604
0.1783993740
0.1231431074
0.0682475981
0.0225864354
-0.0078828643
-0.0387196359
-0.0582652576
-0.0786873291
-0.1000683238
-0.1113392716
-0.1234683046
-0.1125894381
-0.0783864403
-0.0185110775
0.0419698154
0.1033568839
0.1658005335
0.2088074452
0.2531946779
0.2805730551
0.3092727640
0.3188129264
0.3290614076
0.3302811061
0.3061213519
0.2454710628
0.1841470227
0.1517246182
0.1184311515
0.0843829096
0.0549687667
0.0391350811
0.0401835761
0.0411981697
0.0421134773
0.0519444018
0.0619596841
0.0720518624
0.0823912018
0.0927902643
0.1030388492
0.1067849172
0.1104747812
0.1138692013
0.1077559905
0.1015527457
0.0866933857
0.0719476695
0.0574310412
0.0432093056
0.0293257830
0.0303597263
0.0317430673
0.0332214120
0.0393965143
0.0452596601
0.0505859541
0.0551698278
0.0696840374
0.0833196840
0.1132722036
0.1424073044
0.1891073249
0.2353919395
0.2926683327
0.3499346298
0.4076839204
0.4557943019
0.4826387485
0.4818083786
0.4822916330
0.4757018368
0.4843629560
0.5134028076
0.5147710020
0.4576547593
0.4223575856
0.4293614233
0.4359408350
0.4312816328
0.4251579211
0.4265660555
0.4260001615
0.4076272952
0.3683911491
0.3388506692
0.3296751681
0.3380774730
0.3450324004
0.3451000658
0.3447731580
0.3445676813
0.3299712816
0.3167891267
0.3058350872
0.3030495872
0.3031927107
0.2978233085
0.2791911751
0.2293485270
0.1419984611
0.0243293869
-0.0932113131
-0.1403535747
-0.1318321564
-0.1155199999
-0.1032043045
-0.0992409145
-0.1004270559
-0.1011543878
-0.1103926568
-0.1249174295
-0.1422621794
-0.1609987852
-0.1791455962
-0.2137917092
-0.2442025830
-0.2690055812
-0.2868094079
-0.3178086282
-0.3408466344
-0.3560286603
-0.3644390412
-0.3742636619
-0.3804801877
-0.3692827975
-0.3589834467
-0.3773743610
-0.4006511822
-0.4305517029
-0.4682154461
-0.5068091132
-0.5246666895
-0.5497078258
-0.5803062236
-0.5813284896
-0.5565678258
-0.5313677954
-0.5421636690
-0.5719064279
-0.5955522376
-0.6043204525
-0.5833470353
-0.5547573384
-0.5194700407
-0.5000872803
-0.4860550491
-0.4695582270
-0.4180895675
-0.3494609688
-0.2836237392
-0.2083510009
-0.1059210064
-0.0087599588
0.0250966316
0.0070872596
-0.0151796180
-0.0173106862
-0.0046366883
0.0071902948
-0.0067095725
-0.0363159210
-0.0439446862
-0.0487432067
-0.0403500547
-0.0288474334
-0.0144218539
-0.0088557881
0.0181363342
0.0608517153
0.0714076644
0.0975720487
0.1542280626
0.2101915974
0.2307630058
0.2502179646
0.2949821491
0.3386837093
0.3541558587
0.3687722815
0.3689380638
0.3687346265
0.4031810821
0.4377351494
0.4458278578
0.4541471991
0.4590821946
0.4642845519
0.4944781745
0.5248522341
0.5444405287
0.5455958087
0.5465427026
0.5608757578
0.5604145445
0.5241672945
0.4442729520
0.3285922595
0.1960509694
0.0826101557
0.0166659867
-0.0117135429
-0.0408050662
-0.0703945237
-0.0769332272
-0.0567256589
-0.0370367550
0.0031654456
0.0427598430
0.0571308539
0.0542276385
0.0507012369
0.0704030240
0.0896312519
0.0895432868
0.0704710052
0.0508970829
0.0228319729
-0.0145066905
-0.0522263612
-0.0682853929
-0.0847736601
-0.1016733740
-0.1189898551
-0.1309672044
-0.1431993776
-0.1844051729
-0.2258637948
-0.2071627690
-0.1659868551
-0.2444184316
-0.3758063318
-0.3785631327
-0.3449839509
-0.3834771734
-0.3669264739
-0.2166557757
-0.0424475000
0.0519901475
0.0631320890
0.0350479253
0.0068657049
0.0103529836
0.0242114193
0.0379670261
0.0343057270
0.0305903050
0.0269399377
0.0233965783
0.0201047261
0.0064870065
-0.0295492964
-0.0654816203
-0.0889617058
-0.1008395679
-0.1264109347
-0.1754517762
-0.2239841025
-0.2520857335
-0.2796615795
-0.3066714873
-0.3330649232
-0.3632285492
-0.3925651874
-0.4212298840
-0.4442821565
-0.4664441256
-0.4876758488
-0.5079156652
-0.5268984051
-0.5446805548
-0.5614601900
-0.5837999048
-0.6049527902
-0.6248671669
-0.6349657988
-0.6437713703
-0.6512728531
-0.6505853333
-0.6485572098
-0.6451855584
-0.6293966625
-0.6122538577
-0.5937857437
-0.5739012026
-0.5489808913
-0.5227004492
-0.4866515367
-0.4495797269
-0.4006646461
-0.3507243247
-0.2999204599
-0.2481235891
-0.2077290959
-0.1833026382
-0.1756449503
-0.1814413821
-0.1869072995
-0.1921343607
-0.1972463811
-0.2023591607
-0.1998366147
-0.1974310982
-0.1955056924
-0.1873277068
-0.1797398304
-0.1670558671
-0.1432243644
-0.1037764850
-0.0522256770
-0.0017087931
0.0474651584
0.0954223792
0.1418440252
0.1784060026
0.2133822495
0.2378959210
0.2606697330
0.2688630142
0.2589918833
0.2473518608
0.2491859214
0.2811693967
0.3111633704
0.3482839811
0.3835692131
0.4353942885
0.4856000413
0.5340744139
0.5809249617
0.6091773701
0.6212077861
0.6136490448
0.5916099471
0.5487954509
0.5049201671
0.4396971427
0.3736281766
0.3066636983
0.2391249639
0.1709598110
0.1167770073
0.0841800342
0.0514096133
0.0187350995
-0.0057142669
-0.0297733741
-0.0309255408
-0.0315054507
-0.0263415088
-0.0202278920
-0.0258065751
-0.0302058385
-0.0194928217
0.0111088778
0.0843457412
0.1593096012
0.1457224242
0.0789395540
0.0138069424
-0.0115731908
-0.0165653834
-0.0197220460
-0.0269678930
-0.0322697053
-0.0140686974
-0.0068305833
-0.0370934090
-0.0655471953
-0.0649932681
-0.0474395838
-0.0551813166
-0.0699402895
-0.0835072527
-0.0843144722
-0.0841156156
-0.0828935337
-0.0807799959
-0.0355411571
0.0102884316
0.0506316773
0.0748614664
0.0993770805
0.1239313514
0.1486212765
0.1843900898
0.2200448825
0.2467894144
0.2730514195
0.3135544938
0.3533517361
0.3923461748
0.4304226410
0.4512907158
0.4710367185
0.4894689196
0.5067528419
0.5226948716
0.5537787299
0.5614152326
0.5325091432
0.4821609833
0.4302201237
0.3516248152
0.2712838980
0.1971081018
0.1391268152
0.0796252055
0.0370398652
0.0314786684
0.0460290482
0.0591848907
0.0709957298
0.0815178235
0.0797362771
0.0767945141
0.0825496066
0.0872882910
0.0680324114
0.0478944635
0.0270595752
0.0169271391
0.0062795960
-0.0140380500
-0.0348049706
-0.0559565752
-0.0773971922
-0.0871663839
-0.0912295267
-0.0951983672
-0.1220626956
-0.1488273844
-0.1752967716
-0.2127171017
-0.2497073931
-0.2686580349
-0.2662845354
-0.2633850393
-0.1994479874
-0.0442836406
0.0832191479
0.1065608484
0.0749405516
0.0439137888
0.0238967303
0.0045316435
-0.0261339943
-0.0560268520
-0.0852270104
-0.0935389224
-0.1010250306
-0.0902167867
-0.0786887007
-0.0606088112
-0.0418145152
-0.0345338199
-0.0264464936
-0.0340184818
-0.0408515749
-0.0469518549
-0.0523398871
-0.0570469888
-0.0519474666
-0.0462126807
-0.0486274316
-0.0503397867
-0.0515917846
-0.0521788998
-0.0523654161
-0.0432655409
-0.0336772830
-0.0236361364
-0.0047225606
0.0147460780
0.0345872377
0.0567635232
0.0792918062
0.0891457969
0.0992869780
0.0931643846
0.0667565433
0.0404180132
0.0142806404
-0.0098733516
-0.0338602829
-0.0577230266
-0.0756310045
-0.0933232908
-0.1110196467
-0.1285295139
-0.1344360138
-0.1203005488
-0.0863507384
-0.0524256438
-0.0184391204
0.0156077502
0.0396455426
0.0503488240
0.0611555428
0.0833556682
0.1055255295
0.1276629631
0.1351359890
0.1425255470
0.1497083940
0.1550678690
0.1603041345
0.1655126902
0.1689736073
0.1722616448
0.1753679438
0.1681127894
0.1445487854
0.0777927235
0.0229625388
0.0335448174
0.0623443009
0.0644191239
0.0524999074
0.0524687524
0.0761749466
0.0995804405
0.1227630212
0.1499470217
0.1768846831
0.2034662568
0.2295545311
0.2415631017
0.2531582138
0.2518933956
0.2503016266
0.2481436538
0.2378852173
0.2272639953
0.2240479972
0.2203589719
0.2161974302
0.2056254120
0.1945779884
0.1929830146
0.1909234957
0.1884035600
0.1813181337
0.1887284981
0.1956997834
0.2602580244
0.2929675495
0.2595862378
0.2667483552
0.2918397112
0.3164089354
0.3156955943
0.2910651450
0.2903840686
0.3138322742
0.3241901197
0.3500758847
0.3347135316
0.3294115722
0.3320059107
0.3346904792
0.3318382590
0.3330751598
0.3570480630
0.3788539678
0.3846650336
0.3818689899
0.3840284416
0.3914861745
0.3950623949
0.3981586705
0.4249875899
0.4422714582
0.3704913201
0.1318801532
-0.1742376974
-0.3403856510
-0.3350400928
-0.2709097446
-0.2366291458
-0.2389357065
-0.2605459159
-0.2845269448
-0.3063333232
-0.3277645243
-0.3362250750
-0.3211298352
-0.2963456127
-0.2807817637
-0.2982776857
-0.3191072853
-0.3381371031
-0.3390621839
-0.3365152537
-0.3161220951
-0.2961996986
-0.2768811365
-0.2570360910
-0.2482367911
-0.2367255449
-0.2220503253
-0.2109126139
-0.2109964379
-0.2298525856
-0.2640301913
-0.2962429613
-0.3268334489
-0.3439057716
-0.3605272611
-0.3680665748
-0.3764707104
-0.3867231372
-0.3993603471
-0.4203139986
-0.4445340803
-0.4598852367
-0.4472487863
-0.3875323991
-0.2972604488
-0.2094830235
-0.1237696792
-0.0463516972
0.0311379938
0.0997930657
0.1461464135
0.1583917449
0.1393580798
0.0965462077
0.0591886353
0.0276254758
0.0087995286
-0.0043697391
-0.0000329285
0.0086045925
0.0207807940
0.0092431875
-0.0374618364
-0.1131861991
-0.1909622715
-0.2403205588
-0.2487626158
-0.2626501980
-0.2824254931
-0.3086293987
-0.3219167724
-0.3414618372
-0.3530163850
-0.3694291791
-0.3775722426
-0.3735698503
-0.3518656501
-0.3300882687
-0.2989460326
-0.2649085052
-0.2270669763
-0.1795978857
-0.1268485834
-0.0684472940
-0.0151330632
0.0437169478
0.0919361124
0.1301629502
0.1470791964
0.1371403519
0.1078218519
0.0784886801
0.0479991761
0.0098695112
-0.0312047965
-0.0648364175
-0.0825006556
-0.0803326729
-0.0822690156
-0.0718106242
-0.0650100243
-0.0613458813
-0.0601167729
-0.0659578044
-0.0729183952
-0.0802709804
-0.0928314210
-0.1045253640
-0.1148657992
-0.1235612706
-0.1327628813
-0.1398432366
-0.1448873887
-0.1420913936
-0.1375782819
-0.1220243613
-0.1053547407
-0.0753647520
-0.0448668057
-0.0016493066
0.0413910442
0.0891313114
0.1360593912
0.1821513284
0.2152635556
0.2473690695
0.2634720995
0.2619408847
0.2382750414
0.1900587147
0.1411728097
0.0917717398
0.0411175387
-0.0096359702
-0.0604276740
-0.1016984113
-0.1427756416
-0.1702706037
-0.1975556983
-0.2089874815
-0.2200648045
-0.2143622095
-0.2083245927
-0.2020024164
-0.1954293369
-0.1811124600
-0.1667680173
-0.1521893437
-0.1254472459
-0.0986427367
-0.0608684860
-0.0231765659
0.0145061600
0.0522048193
0.0900083859
0.1277193011
0.1515122896
0.1753336570
0.1813772608
0.1873418923
0.1934687081
0.1960983004
0.1820318304
0.1680034161
0.1475517290
0.1272647716
0.1070547605
0.0911297634
0.0751675651
0.0632680143
0.0515592256
0.0237064593
-0.0040880228
-0.0388090613
-0.0484924073
-0.0120025266
0.0565273325
0.1253289164
0.1842925056
0.2265020741
0.2687807748
0.2939133000
0.3029149715
0.2932560963
0.2689193452
0.2281505119
0.1874174997
0.1434779801
0.0995694341
0.0556386188
0.0147919069
-0.0259852889
-0.0669116697
-0.0978736007
-0.1092648269
-0.0930970113
-0.0586903285
-0.0241322305
0.0196041702
0.0466901565
0.0458379921
0.0317812308
0.0376293902
0.0736686676
0.1098468960
0.1144840973
0.1190524498
0.1234374052
0.1275354081
0.1312775525
0.1331671159
0.1347368465
0.1227562664
0.1108461697
0.0840438082
0.0575756367
0.0316130558
0.0149961867
-0.0009635351
-0.0333225324
-0.0917805126
-0.1612048582
-0.2311027830
-0.3018042453
-0.3030098186
-0.1550895748
0.0386302705
0.1449026622
0.1785150354
0.2124022648
0.2708364401
0.3300610547
0.3654745556
0.3735808630
0.3572275368
0.3222032144
0.2871951176
0.2517142901
0.2155015279
0.1474247860
0.0784137172
0.0163120008
-0.0197602071
-0.0559853125
-0.0921556317
-0.1191172804
-0.1455840152
-0.1583763470
-0.1707578121
-0.1759049685
-0.1808410976
-0.1858989072
-0.1910346457
-0.1964885151
-0.2024563580
-0.2087022789
-0.2070807696
-0.1935949616
-0.1585390612
-0.1234453466
-0.0809731568
-0.0383001709
0.0045246968
0.0329294988
0.0613312831
0.0713223423
0.0629411654
0.0543874651
0.0359386113
0.0172633624
-0.0015152527
-0.0203981911
-0.0392395417
-0.0582678886
-0.0547229263
-0.0335061714
0.0053020833
0.0440506089
0.0610279649
0.0507395852
0.0314184225
0.0121714437
0.0045359032
0.0088563733
0.0303925538
0.0815094283
0.1326427368
0.1679637047
0.1892563143
0.2104559614
0.2730777148
0.3623852035
0.3874893779
0.2744993067
0.1220327445
0.0335059178
0.0064206787
-0.0207070513
-0.0478637294
-0.0750616207
-0.0682823368
-0.0346698243
0.0128820545
0.0604977972
0.1080267197
0.1557319302
0.2034702561
0.2512675234
0.2884729759
0.3081633140
0.3075316223
0.2886440729
0.2697407100
0.2635874892
0.2574325288
0.2512631733
0.2598081204
0.2807054195
0.3016015255
0.3155714449
0.3296541887
0.3339460838
0.2693113053
0.1069810131
-0.0769217229
-0.1777425528
-0.1947547770
-0.1962769225
-0.2194611501
-0.2560492060
-0.2926498649
-0.3122985356
-0.3157472335
-0.3059618389
-0.2759726610
-0.2460514929
-0.2004662843
-0.1447711923
-0.0890377649
-0.0332235176
0.0115632673
0.0338107960
0.0230947744
-0.0098947788
-0.0427904511
-0.0599749368
-0.0582261106
-0.0563551166
-0.0237831272
0.0088395893
0.0212880173
0.0144639965
0.0075240281
0.0131360844
0.0187542770
0.0243845966
0.0299065845
0.0436585224
0.0574230274
0.0710952098
0.0848936580
0.1040783117
0.1233932556
0.1427425772
0.1646147149
0.1865129141
0.1931504067
0.1999188337
0.1944744895
0.1891510349
0.1837230801
0.1758988631
0.1679730291
0.1601520448
0.1435627728
0.1268524017
0.1018223599
0.0767667966
0.0515954135
0.0265169704
-0.0059854198
-0.0386391685
-0.0804382722
-0.1223016880
-0.1721949333
-0.2220764825
-0.2504842024
-0.2541101604
-0.2410119814
-0.2143288443
-0.1727633995
-0.1311804299
-0.0893536818
-0.0604559735
-0.0316739421
-0.0181468129
-0.0264352917
-0.0351465114
-0.0437721158
-0.0518642604
-0.0585675296
-0.0634884285
-0.0686784842
-0.0736884307
-0.0803752470
-0.1016318997
-0.1460636204
-0.2090969152
-0.2713942208
-0.3287937299
-0.3478469148
-0.3346222877
-0.3176692918
-0.3123945644
-0.3176265214
-0.3277593130
-0.3502568580
-0.3775050594
-0.3985102004
-0.3687363382
-0.2431963595
-0.0627565914
0.1200372989
0.2495287545
0.3201186676
0.3436466497
0.3311154509
0.2922460358
0.2424176418
0.1970901195
0.1696367524
0.1689178045
0.1937292830
0.2195037127
0.2324989496
0.2222313914
0.1872602752
0.0918748277
-0.0622452039
-0.1700059311
-0.1852538915
-0.1619798411
-0.1422063057
-0.1282984704
-0.1077199763
-0.0752965447
-0.0258818389
0.0223766073
0.0702094213
0.1165095886
0.1620531760
0.1968938711
0.2310265512
0.2493631371
0.2562000617
0.2460810921
0.2380406379
0.2105238110
0.1861019714
0.1554146099
0.1281392947
0.1042233678
0.0879481441
0.0744876870
0.0482054748
0.0015735451
-0.0660015825
-0.1335136848
-0.1912590409
-0.2339577361
-0.2638459521
-0.2827595403
-0.2856302914
-0.2674341829
-0.2534403746
-0.2433661768
-0.2370942996
-0.2342577397
-0.2340520013
-0.2358251610
-0.2389208800
-0.2577928901
-0.2934928903
-0.3280085390
-0.3453145395
-0.3604719755
-0.3918900822
-0.4205745861
-0.3946304867
-0.2181934165
0.0063743853
0.1400939792
0.1877688230
0.2224257357
0.2598882216
0.2849242839
0.2831583583
0.2581478146
0.2175472566
0.1784224386
0.1399203573
0.1011787542
0.0432296360
-0.0176563036
-0.0827766286
-0.1399787908
-0.2037849317
-0.2477094662
-0.2670866871
-0.2703052282
-0.2590715846
-0.2198311165
-0.1642331221
-0.1091760078
-0.0670174865
-0.0210207946
0.0190384550
0.0520684435
0.0713898650
0.0798563294
0.0797602339
0.0696717216
0.0646404908
0.0629917176
0.0621811075
0.0612731576
0.0587824069
0.0536285696
0.0448112613
0.0371787922
0.0257297110
0.0273114678
0.0259241195
0.0219819670
0.0220841836
0.0208916690
0.0190907670
0.0246341070
0.0297958958
0.0347075719
0.0420331145
0.0488304229
0.0552452452
0.0610570250
0.0665891700
0.0718325114
0.0693379849
0.0673649861
0.0543687960
0.0427176538
0.0249006894
0.0090292586
-0.0047688100
-0.0166429834
-0.0265301949
-0.0348546691
-0.0315157750
-0.0274807397
-0.0136564444
-0.0002180206
0.0126277853
0.0189360617
0.0238095836
0.0273266112
0.0351527787
0.0414173775
0.0549279499
0.0673435061
0.0788949841
0.0975032840
0.1157866981
0.1338734858
0.1522162811
0.1571919722
0.1624925355
0.1493897987
0.1160997642
0.0834796399
0.0463972564
0.0098029645
-0.0262296974
-0.0620341971
-0.0975583337
-0.1329193731
-0.1602960501
-0.1876684226
-0.2150737295
-0.2341650487
-0.2532710760
-0.2725755179
-0.2843308356
-0.2962825431
-0.3001225232
-0.3042483036
-0.3084385162
-0.3078773815
-0.3074216464
-0.2963188426
-0.2545780230
-0.1969452169
-0.1563901509
-0.1157786147
-0.0751129540
-0.0189388017
0.0373173111
0.0937012323
0.1393300361
0.1628031505
0.1648912719
0.1561533570
0.1475559754
0.1538093869
0.1601993321
0.1791553378
0.1981213065
0.2320615251
0.2337173038
0.1439223351
0.0351012003
-0.0067605302
0.0103331467
0.0274356939
0.0352903427
0.0431442719
0.0685653594
0.0941258925
0.1195789234
0.1399279348
0.1602826739
0.1595503149
0.1589169229
0.1453777086
0.1319379945
0.1183727616
0.1049048831
0.0913002637
0.0777971328
0.0609602671
0.0441103908
0.0272313530
0.0103371193
-0.0065836250
-0.0175875842
-0.0284960192
-0.0395314061
-0.0505867291
-0.0616527756
-0.0727402912
-0.0833841301
-0.0939316498
-0.1046035522
-0.1152982848
-0.1259969534
-0.1366085964
-0.1426610390
-0.1486153617
-0.1382595124
-0.1280098469
-0.1058794944
-0.0838392396
-0.0616739868
-0.0371972379
-0.0125943216
0.0120421032
0.0274477713
0.0429836877
0.0410685848
0.0390337908
0.0159940381
-0.0071942485
-0.0422698474
-0.0772854413
-0.1124462701
-0.1476446818
-0.1828803400
-0.2181764655
-0.2382000173
-0.2435214632
-0.2281973401
-0.1925353855
-0.1423647594
-0.0922267968
-0.0419482788
0.0083986473
0.0587782836
0.1092263698
0.1451042263
0.1810220547
0.2052090322
0.2294282552
0.2439713434
0.2584102332
0.2625793062
0.2548934579
0.2336075277
0.1952873808
0.1569421443
0.1132791385
0.0694740155
0.0256081938
-0.0181775862
-0.0621402260
-0.1061336007
-0.1347752925
-0.1407348817
-0.1468209380
-0.1527829985
-0.1486046672
-0.1444274930
-0.1304172684
-0.1162941264
-0.1022590821
-0.0881023780
-0.0740404310
-0.0599699678
-0.0457652301
-0.0316665699
-0.0174334637
-0.0033057839
0.0109554214
0.0251129758
0.0392890156
0.0535885498
0.0677947129
0.0821232928
0.0948754269
0.1076349084
0.1205238402
0.1333139808
0.1410957377
0.1489914089
0.1567848553
0.1563758903
0.1560808597
0.1428836966
0.1296638852
0.1092537604
0.0889264831
0.0685864033
0.0482177276
0.0278348819
0.0073095714
-0.0131147699
-0.0335677249
-0.0540333025
-0.0708741301
-0.0876115308
-0.1043726922
-0.1211443222
-0.1307418741
-0.1403502019
-0.1387894146
-0.1372161780
-0.1238799673
-0.1104234931
-0.0969476520
-0.0777532519
-0.0585312677
-0.0391808220
-0.0199167472
-0.0068006360
0.0063364155
0.0194822147
0.0326485277
0.0422871342
0.0520561112
0.0617176119
0.0715074885
0.0811920682
0.0871247858
0.0931763058
0.0991233348
0.1051912491
0.1081862242
0.1111824517
0.1143006935
0.1173055832
0.1117546621
0.1062086446
0.0915177322
0.0767043823
0.0619843826
0.0465739168
0.0311406136
0.0157000346
0.0050326324
-0.0057544450
-0.0164398950
-0.0271330902
-0.0379517688
-0.0429572309
-0.0479672512
-0.0529799398
-0.0466947571
-0.0404032849
-0.0269105670
-0.0135192023
0.0000060168
0.0134285274
0.0268699498
0.0404387181
0.0422687556
0.0441018635
0.0337240960
0.0234541284
0.0131729515
0.0016289836
-0.0099282668
-0.0214922192
-0.0329567121
-0.0406602852
-0.0484891558
-0.0562065510
-0.0639328414
-0.0657285225
-0.0676392253
-0.0694350803
-0.0713468108
-0.0731428600
-0.0750550015
-0.0768512115
-0.0787646678
-0.0805623434
-0.0767664821
-0.0729675338
-0.0690459495
-0.0620393193
-0.0550219960
-0.0479973773
-0.0408479804
-0.0409948066
-0.0411402997
-0.0412852233
-0.0448522456
-0.0483071606
-0.0518793635
-0.0554534158
-0.0590294781
-0.0626075628
-0.0661891544
-0.0696583022
-0.0703888899
-0.0711195791
-0.0718500642
-0.0725791954
-0.0733080024
-0.0740379485
-0.0746514532
-0.0753788047
-0.0761046817
-0.0768307309
-0.0723065908
-0.0676625719
-0.0631243999
-0.0585817855
-0.0523198627
-0.0461662080
-0.0398879063
-0.0386271109
-0.0373617381
-0.0360953299
-0.0348254046
-0.0341249757
-0.0335352707
-0.0328316234
-0.0321245390
-0.0314177310
-0.0307087526
-0.0299976327
-0.0386459149
-0.0471849569
-0.0558488484
-0.0685124710
-0.0813072985
-0.0939965957
-0.1067022191
-0.1195303506
-0.1249514114
-0.1304975143
-0.1245206300
-0.1186434858
-0.0991766696
-0.0796950686
-0.0533364568
-0.0270734237
-0.0006570934
0.0257759429
0.0522484794
0.0786251043
0.0948790887
0.1110283425
0.1161357105
0.1212316431
0.1263512601
0.1254134385
0.1244880871
0.1234370364
0.1225006387
0.1215646819
0.1205154101
0.1195803989
0.1185202891
0.1212365320
0.1239541597
0.1266711026
0.1293989809
0.1321166734
0.1348458397
0.1375870347
0.1306084197
0.1235278349
0.1070663450
0.0904819778
0.0739883812
0.0565704785
0.0391282656
0.0216740144
0.0094454925
-0.0027898478
-0.0150437286
-0.0227389666
-0.0303329172
-0.0379309938
-0.0456548893
-0.0532688337
-0.0610086121
-0.0686385115
-0.0762803038
-0.0840414206
-0.0916989598
-0.0960525642
-0.1004123162
-0.1047740410
-0.1091417550
-0.1106608579
-0.1121829159
-0.1137045177
-0.1123748961
-0.1110447038
-0.1097124114
-0.1084943586
-0.1071587424
-0.1066209504
-0.1060845797
-0.1055472101
-0.1050096956
-0.0960263420
-0.0869173504
-0.0778020475
-0.0642214023
-0.0505158763
-0.0367930798
-0.0231758413
-0.0094247807
0.0043357187
0.0190270258
0.0337303114
0.0485673303
0.0632985270
0.0780518024
0.0929274266
0.1077105206
0.1196513181
0.1317201369
0.1436855908
0.1501864210
0.1566867754
0.1525895183
0.1484795670
0.1308953178
0.1132923171
0.0956690424
0.0781472932
0.0607148009
0.0432686023
0.0256835912
0.0082003174
-0.0031440755
-0.0144963352
-0.0258647137
-0.0289110600
-0.0319614902
-0.0239463760
-0.0160332230
0.0058067955
0.0275639277
0.0493343881
0.0733054474
0.0971765729
0.1210818305
0.1390713854
0.1569698977
0.1598087528
0.1626584358
0.1453155961
0.1279378342
0.0998226761
0.0716684288
0.0434927051
0.0152769998
-0.0129570584
-0.0336981611
-0.0545681291
-0.0753548632
-0.0842851811
-0.0932310720
-0.0900858140
-0.0869356635
-0.0727152785
-0.0584757070
-0.0442253682
-0.0298418869
-0.0189874109
-0.0081173300
0.0027600649
0.0062314594
0.0095906892
0.0129538544
0.0068468005
0.0008451006
-0.0052753548
-0.0167710564
-0.0281602372
-0.0396802631
-0.0510956117
-0.0626403767
-0.0657504364
-0.0688645913
-0.0614814702
-0.0540884092
-0.0406439328
-0.0270654042
-0.0135919361
-0.0000993571
0.0135150147
0.0270332220
0.0337147275
0.0402899614
0.0468690601
0.0535723700
0.0567407115
0.0600273022
0.0632016773
0.0664943632
0.0623712709
0.0582408222
0.0542218580
0.0483692142
0.0425126323
0.0366486128
0.0307774774
0.0280967578
0.0252981775
0.0226085672
0.0241408241
0.0256738159
0.0270945935
0.0286289607
0.0310791176
0.0336440561
0.0360980464
0.0330744770
0.0300483878
0.0270184129
0.0188499365
0.0106688620
0.0024830023
-0.0057159198
-0.0147181337
-0.0236211457
-0.0326429031
-0.0416802392
-0.0453580832
-0.0489280071
-0.0526145427
-0.0563073590
-0.0563509105
-0.0563948389
-0.0564391297
-0.0498626133
-0.0432817192
-0.0368047418
-0.0261027705
-0.0153850389
-0.0047746628
0.0001420199
0.0050617199
0.0010839114
-0.0028976129
-0.0068846755
-0.0138426311
-0.0206959338
-0.0275541334
-0.0344228967
-0.0412954104
-0.0482928488
-0.0479914801
-0.0478039534
-0.0475031413
-0.0380690176
-0.0286274707
-0.0191744593
-0.0038939876
0.0115221188
0.0269482590
0.0422799393
0.0577377032
0.0732161991
0.0811749611
0.0891416945
0.0971160368
0.0957392934
0.0943596569
0.0929794912
0.0886298547
0.0841613343
0.0796868159
0.0753215468
0.0708386216
0.0663498422
0.0619702962
0.0574716405
0.0529684380
0.0485733232
0.0440594134
0.0395405410
0.0351323069
0.0306017247
0.0260698597
0.0216446804
0.0210972502
0.0206612214
0.0201122663
0.0196746822
0.0192382456
0.0183439635
0.0175626209
0.0163233967
0.0150825015
0.0138411967
0.0125975469
0.0113523204
0.0101061384
0.0088571260
0.0076083239
0.0023615900
-0.0030026097
-0.0082616497
-0.0136380303
-0.0189076556
-0.0260070092
-0.0331172678
-0.0403447996
-0.0474711258
-0.0546009033
-0.0617402912
-0.0690004489
-0.0761549920
-0.0833162779
-0.0904877278
-0.0977772614
-0.1049623960
-0.1019963746
-0.0990268795
-0.0814474139
-0.0637284988
-0.0461128181
-0.0263031948
-0.0064791288
0.0133717587
0.0255905611
0.0377118042
0.0391135810
0.0405187853
0.0420377919
0.0378505596
0.0337758538
0.0296930344
0.0256078291
0.0214038303
0.0173093384
0.0146945168
0.0121902933
0.0095695259
0.0113966600
0.0132259546
0.0149433508
0.0167769368
0.0186110233
0.0204486400
0.0222861394
0.0241257808
0.0170665681
0.0099975546
0.0029216522
-0.0041624310
-0.0112529807
-0.0183524469
-0.0254576038
-0.0325734363
-0.0396925627
-0.0468232989
-0.0539586740
-0.0611046310
-0.0682551004
-0.0754149187
-0.0825804802
-0.0911258031
-0.0995636768
-0.1080127683
-0.1164634714
-0.1188793654
-0.1211929307
-0.1236088286
-0.1178115557
-0.1120141695
-0.1062091174
-0.0928604367
-0.0795010888
-0.0661243426
-0.0457778298
-0.0254022018
-0.0050126480
0.0196296668
0.0442882581
0.0688684333
0.0935780602
0.1183236496
0.1429761187
0.1545222097
0.1662047471
0.1651106363
0.1640159609
0.1517294560
0.1395458590
0.1273508608
0.1149148273
0.1024626931
0.0900023871
0.0895105567
0.0889054293
0.0882976641
0.0899728127
0.0916502068
0.0933274625
0.0950079341
0.0965755556
0.0982584215
0.0990295378
0.0996862078
0.1003453310
0.1011184222
0.1017784942
0.1024383395
0.1032123249
0.1038734974
0.1045355507
0.1051967854
0.1059739299
0.0997870737
0.0937100359
0.0875103420
0.0759435819
0.0642450854
0.0526519025
0.0343077337
0.0160654648
-0.0022039117
-0.0244794954
-0.0466720472
-0.0688800498
-0.0912351299
-0.1134868899
-0.1288117709
-0.1441481539
-0.1503702161
-0.1564776055
-0.1485534253
-0.1407431907
-0.1328080149
-0.1221231142
-0.1115407498
-0.1009506730
-0.0949114940
-0.0888677277
-0.0828161109
-0.0768740787
-0.0746916743
-0.0725064948
-0.0703183802
-0.0681288243
-0.0659368685
-0.0659116321
-0.0660002895
-0.0660881883
-0.0661783970
-0.0661535255
-0.0662413251
-0.0663307601
-0.0664212254
-0.0663956045
-0.0664850031
-0.0575601755
-0.0486203591
-0.0396762887
-0.0270651541
-0.0143314619
-0.0015803994
0.0110644178
0.0204168673
0.0297769279
0.0391488099
0.0485269808
0.0579179437
0.0673165314
0.0767268741
0.0861459379
0.0955754458
0.0966813574
0.0977900137
0.0988969436
0.0931562289
0.0874124996
0.0817735975
0.0760171215
0.0689964065
0.0618560198
0.0548204739
0.0477802629
0.0439260713
0.0400686076
0.0360923764
0.0322267959
0.0283564051
0.0244827104
0.0233434136
0.0222029819
0.0211763755
0.0200335615
0.0188883024
0.0177430974
0.0167106024
0.0130530359
0.0095035501
0.0059518965
0.0022812894
-0.0012784731
-0.0048431267
-0.0066975790
-0.0086697316
-0.0105285088
-0.0123921299
-0.0142544682
-0.0161202573
-0.0179872834
-0.0198566408
-0.0217271539
-0.0236023128
-0.0254763786
-0.0273551344
-0.0292338450
-0.0311160236
-0.0377908153
-0.0443630920
-0.0510528129
-0.0576377014
-0.0643411964
-0.0709412835
-0.0776575000
-0.0782210756
-0.0787838343
-0.0793466083
-0.0742054552
-0.0691701490
-0.0640165078
-0.0588559540
-0.0536932098
-0.0485210417
-0.0434599417
-0.0382788714
-0.0346917653
-0.0310975708
-0.0276166203
-0.0240168714
-0.0167622126
-0.0094957280
-0.0022266163
0.0050535493
0.0123378882
0.0196328354
0.0269329751
0.0342437817
0.0415587419
0.0500261651
0.0584990098
0.0669848290
0.0754748735
0.0765578270
0.0776405239
0.0787248817
0.0760440835
0.0733585478
0.0706719715
0.0680961781
0.0654038497
0.0627070037
0.0600077629
0.0644981920
0.0689917608
0.0733770011
0.0778786426
0.0822721055
0.0867840133
0.0913018254
0.0957088034
0.1002362591
0.1046524602
0.1035931087
0.1026486475
0.1015887472
0.0929952009
0.0845050251
0.0758943815
0.0631605902
0.0503049524
0.0375446112
0.0247768714
0.0114179260
-0.0018341628
-0.0151051256
-0.0284992570
-0.0417992050
-0.0552219060
-0.0615842960
-0.0679521960
-0.0744425613
-0.0708945771
-0.0674561997
-0.0567561540
-0.0461525714
-0.0354236542
-0.0246766268
-0.0139249955
-0.0118324046
-0.0096239974
-0.0075263351
-0.0168254303
-0.0262437475
-0.0355421999
-0.0481443907
-0.0607368151
-0.0733265226
-0.0857866085
-0.0912975404
-0.0967923828
-0.0939740335
-0.0912619455
-0.0805850573
-0.0700229964
-0.0594559083
-0.0487806742
-0.0368559893
-0.0249424518
-0.0130342541
-0.0011405997
0.0036157992
0.0084761846
0.0034989273
-0.0014698363
-0.0064325113
-0.0143163366
-0.0221880336
-0.0300406507
-0.0378783057
-0.0456938106
-0.0534901766
-0.0613745709
-0.0632900723
-0.0651936085
-0.0584629567
-0.0516288565
-0.0449152374
-0.0345313926
-0.0241648639
-0.0138283822
-0.0035132525
0.0067693845
0.0170243917
0.0234706577
0.0298955958
0.0362930577
0.0426701057
0.0490171689
0.0524690723
0.0558997764
0.0593146438
0.0625968214
0.0601463193
0.0577002203
0.0552533570
0.0498559289
0.0443626394
0.0389991308
0.0336501016
0.0325664512
0.0314832949
0.0304030861
0.0293216614
0.0282412916
0.0271622509
0.0260858862
0.0250102358
0.0239385629
0.0228667042
0.0217983905
0.0207314322
0.0196683623
0.0147645832
0.0097806476
0.0049281985
0.0001031690
-0.0046947820
-0.0094633639
-0.0142048428
-0.0190187655
-0.0236991418
-0.0283444918
-0.0302311572
-0.0322060831
-0.0340591082
-0.0359995601
-0.0379240007
-0.0397240522
-0.0382921727
-0.0369691654
-0.0355456905
-0.0342310869
-0.0292178665
-0.0242372646
-0.0192876836
-0.0143726024
-0.0070431781
0.0002294492
0.0074499002
0.0146104976
0.0216148165
0.0306762850
0.0395620353
0.0483674395
0.0571962894
0.0658408204
0.0744057710
0.0794055800
0.0842518732
0.0891398897
0.0899254199
0.0906892221
0.0913321029
0.0842188267
0.0772508045
0.0702359120
0.0597722785
0.0494968970
0.0393033187
0.0291070780
0.0228454645
0.0165453336
0.0103003233
0.0095494651
0.0087096002
0.0079691181
0.0132853217
0.0186357204
0.0239277193
0.0290640071
0.0342348035
0.0392466381
0.0359285151
0.0327328695
0.0294700070
0.0215431232
0.0136949216
0.0059336723
-0.0017450284
-0.0122448493
-0.0226269317
-0.0328819019
-0.0431064221
-0.0531108547
-0.0626320137
-0.0721146908
-0.0814733019
-0.0856523551
-0.0898539935
-0.0938960177
-0.0912966565
-0.0887118716
-0.0861422330
-0.0794252435
-0.0727771666
-0.0661152476
-0.0577231897
-0.0493467794
-0.0410692503
-0.0328963635
-0.0248240004
-0.0168595647
-0.0089978898
-0.0013295947
0.0016515403
0.0045891676
0.0074847694
0.0045736513
0.0017826631
-0.0009676591
-0.0057135879
-0.0103063664
-0.0149111790
-0.0194440825
-0.0238245786
-0.0244656990
-0.0250109507
-0.0255425748
-0.0261376219
-0.0237386320
-0.0213694225
-0.0190337007
-0.0167285235
-0.0145351851
-0.0123715459
-0.0103175483
-0.0082924865
-0.0063004972
-0.0043385138
-0.0024093748
-0.0005109808
0.0013541240
0.0031880614
0.0050626013
0.0068309254
0.0085649838
0.0102668093
0.0119349861
0.0103314421
0.0088249181
0.0072720823
0.0058150618
0.0041007817
0.0024167005
0.0008315444
0.0025433690
0.0042222062
0.0058672130
0.0074792082
0.0084444925
0.0093875230
0.0103080967
0.0087256515
0.0071709473
0.0055778431
0.0040805371
0.0012968622
-0.0014301317
-0.0041029075
-0.0067185974
-0.0092803242
-0.0118484509
-0.0100410745
-0.0082057664
-0.0064685104
-0.0027069088
0.0010385181
0.0047000489
0.0082810249
0.0089729916
0.0097064658
0.0104181002
0.0087116812
0.0070984880
0.0055182614
0.0039122062
0.0023982343
0.0002203605
-0.0018509805
-0.0039312195
-0.0059054805
-0.0055626782
-0.0052261237
-0.0048963614
-0.0022926415
0.0003015137
0.0027757308
0.0051825640
0.0078499228
0.0103870260
0.0128508444
0.0152390951
0.0176055215
0.0178615566
0.0180972728
0.0183131035
0.0158114126
0.0133693961
0.0110349451
0.0087097497
0.0056557913
0.0026381652
-0.0002458709
-0.0030927069
-0.0058061659
-0.0084334775
-0.0110231597
-0.0134789874
-0.0158955229
-0.0181786392
-0.0189865402
-0.0197552708
-0.0204864169
-0.0211795566
-0.0192931863
-0.0174591055
-0.0156769838
-0.0122379903
-0.0089535108
-0.0057420416
-0.0026841945
0.0002999940
0.0031325961
0.0032791961
0.0033759349
0.0034630192
0.0035781000
0.0023063129
0.0010789597
-0.0001037077
-0.0012067330
-0.0022673281
-0.0032862352
-0.0042281160
-0.0041779164
-0.0040957952
-0.0040161437
-0.0039715495
-0.0038963466
-0.0038238449
-0.0037850644
-0.0037166048
-0.0036812249
-0.0053871093
-0.0070425643
-0.0086164652
-0.0101104268
-0.0115243831
-0.0128610245
-0.0141190373
-0.0152741885
-0.0163817737
-0.0174149385
-0.0164710575
-0.0155531598
-0.0146356688
-0.0127654590
-0.0109500916
-0.0092363597
-0.0075765206
-0.0060156857
-0.0045072237
-0.0030948585
-0.0026222905
-0.0021928439
-0.0017841658
-0.0019910923
-0.0021631447
-0.0023421036
-0.0025067187
-0.0026574849
-0.0027950775
-0.0029191913
-0.0023124555
-0.0017376781
-0.0011941406
-0.0006981682
0.0001657845
0.0009763132
0.0017336366
0.0024393616
0.0030946299
0.0037006309
0.0042580715
0.0047687437
0.0052333474
0.0050408443
0.0048605460
0.0046659280
0.0044836304
0.0039275066
0.0033976431
0.0028930048
0.0024248236
0.0019687862
0.0015366689
0.0011382936
0.0002913947
-0.0004877301
-0.0012112179
-0.0018810888
-0.0025078788
-0.0030741837
-0.0036000250
-0.0034514146
-0.0033165365
-0.0031860521
-0.0028358879
-0.0025168483
-0.0022200101
-0.0019372583
-0.0016830744
-0.0014488891
-0.0012273868
-0.0010317548
-0.0008478644
-0.0007984388
-0.0007554487
-0.0007184723
-0.0006874086
-0.0006565128
-0.0006367929
-0.0006221336
-0.0006123401
-0.0006071254
-0.0008028192
-0.0009824085
-0.0011464364
-0.0012955032
-0.0014302427
-0.0015513047
-0.0016592173
-0.0017581996
-0.0016872267
-0.0016256156
-0.0015663420
-0.0015157325
-0.0014524937
-0.0013961052
-0.0013489452
-0.0013050414
-0.0012670320
-0.0012369201
-0.0012989334
-0.0013544767
-0.0014038326
-0.0014473708
-0.0014873046
-0.0015217614
-0.0015493060
-0.0015739144
-0.0015460419
-0.0015191606
-0.0014963814
-0.0014744979
-0.0014562824
-0.0014388350
-0.0014234745
-0.0014111971
-0.0013995043
-0.0013905222
-0.0014136095
-0.0014320896
-0.0014481365
-0.0014739244
-0.0014937844
-0.0015097470
-0.0015206542
-0.0014965575
-0.0014746645
-0.0014548245
-0.0014369291
-0.0014134778
-0.0013927319
-0.0013754052
-0.0013603704
-0.0013482480
-0.0013380298
-0.0013386323
-0.0013392462
-0.0013395846
-0.0013402472
-0.0013406735
-0.0013413745
-0.0013384614
-0.0013366203
-0.0013353534
-0.0013349333
-0.0013349314
-0.0013355799
-0.0013365128
-0.0013379178
-0.0013394912
-0.0013413862
-0.0013433494
-0.0013474385
-0.0013508848
-0.0013538213
-0.0013563442
-0.0013584717
-0.0013602275
-0.0013615668
-0.0013626079
-0.0013633216
-0.0013638000
-0.0013640437
-0.0013640024
-0.0013638198
-0.0013635121
-0.0013631034
-0.0013625841
-0.0013619155
-0.0013612030
-0.0013604581
-0.0013596683
-0.0013588409
-0.0013579678
-0.0013570421
-0.0013560815
-0.0013550813
-0.0013540407
-0.0013529457
-0.0013518172
-0.0013506478
-0.0013494329
-0.0013481699
-0.0013468578
-0.0013454974
-0.0013440896
-0.0013426363
-0.0013411393
-0.0013395998
