0.0003732914
0.0003727842
0.0003722878
0.0003717933
0.0003713120
0.0003708253
0.0003703493
0.0003698716
0.0003693999
0.0003689364
0.0003684790
0.0003680283
0.0003675894
0.0003671660
0.0003667591
0.0003663124
0.0003658266
0.0003653173
0.0003648652
0.0003645105
0.0003642263
0.0003638957
0.0003634657
0.0003629156
0.0003623348
0.0003618361
0.0003614854
0.0003612279
0.0003610194
0.0003608326
0.0003605856
0.0003599597
0.0003586769
0.0003569204
0.0003554108
0.0003548088
0.0003552391
0.0003561790
0.0003572776
0.0003587665
0.0003607869
0.0003621293
0.0003608616
0.0003565024
0.0003508318
0.0003462960
0.0003441696
0.0003444577
0.0003468708
0.0003511092
0.0003566677
0.0003621385
0.0003647765
0.0003615887
0.0003525457
0.0003420264
0.0003364346
0.0003401410
0.0003523428
0.0003658728
0.0003703422
0.0003598741
0.0003385242
0.0003172621
0.0003058361
0.0003077855
0.0003218726
0.0003444594
0.0003691665
0.0003858440
0.0003833913
0.0003575573
0.0003174837
0.0002818978
0.0002668715
0.0002752504
0.0002964324
0.0003173558
0.0003370596
0.0003649966
0.0004000199
0.0004202056
0.0004031675
0.0003536778
0.0003023561
0.0002768456
0.0002807479
0.0003002392
0.0003233023
0.0003487220
0.0003805410
0.0004161491
0.0004433054
0.0004461526
0.0004162057
0.0003638402
0.0003175945
0.0003042957
0.0003282078
0.0003682109
0.0003940327
0.0003897381
0.0003650166
0.0003404338
0.0003203604
0.0002862075
0.0002250645
0.0001609885
0.0001417861
0.0001827569
0.0002380661
0.0002495589
0.0002147854
0.0001842366
0.0001982599
0.0002513045
0.0003207305
0.0003991083
0.0004735168
0.0005009974
0.0004393289
0.0002991039
0.0001574556
0.0001139941
0.0002159504
0.0004175074
0.0005961783
0.0006223678
0.0004505482
0.0001630116
-0.0000956849
-0.0002141915
-0.0001340849
0.0001561053
0.0005634951
0.0008489022
0.0007652206
0.0002866802
-0.0003387991
-0.0007920168
-0.0009301603
-0.0008271167
-0.0006321438
-0.0004376932
-0.0002685851
-0.0001335206
-0.0000411816
0.0000231851
0.0001084554
0.0002581827
0.0004379810
0.0005315029
0.0004451457
0.0002338034
0.0000717197
0.0000765558
0.0002210127
0.0004117734
0.0006158718
0.0008303688
0.0009512588
0.0007927485
0.0002868976
-0.0003880264
-0.0009127759
-0.0010433847
-0.0007320940
-0.0001291682
0.0004655503
0.0007415346
0.0005993230
0.0002010872
-0.0001933847
-0.0003850063
-0.0002820869
0.0000730336
0.0004440173
0.0005190342
0.0002031723
-0.0002653586
-0.0005192934
-0.0003771966
0.0000061646
0.0003079615
0.0003416354
0.0001603413
-0.0001174287
-0.0004845423
-0.0009792360
-0.0015108641
-0.0018456292
-0.0017809260
-0.0013040180
-0.0006158873
-0.0000365757
0.0001491398
-0.0001003123
-0.0005271459
-0.0007763489
-0.0007057511
-0.0004958606
-0.0004835415
-0.0007948039
-0.0011668660
-0.0012204805
-0.0008984430
-0.0005338473
-0.0004495755
-0.0005965989
-0.0006448198
-0.0003442714
0.0002811931
0.0010418611
0.0016888790
0.0019895287
0.0018948534
0.0016795346
0.0017991209
0.0024786159
0.0033519565
0.0036831175
0.0030249729
0.0015932846
0.0000033478
-0.0011451908
-0.0014030551
-0.0007562296
0.0000648946
0.0000272948
-0.0011658767
-0.0027150093
-0.0035246180
-0.0031872586
-0.0020250957
-0.0006382527
0.0003001538
0.0002874001
-0.0005047656
-0.0011818002
-0.0009836887
-0.0001925777
0.0002215658
-0.0002297097
-0.0009887222
-0.0012124708
-0.0008149732
-0.0004912719
-0.0007629178
-0.0012155602
-0.0009793710
0.0001518359
0.0013663177
0.0016478421
0.0007508802
-0.0006321680
-0.0015211182
-0.0012948893
0.0001004896
0.0021279862
0.0036502556
0.0034585159
0.0012803834
-0.0018116488
-0.0042316915
-0.0050579771
-0.0045220456
-0.0035013555
-0.0028185632
-0.0028749868
-0.0035876147
-0.0044180596
-0.0046120784
-0.0035955932
-0.0013222641
0.0016739580
0.0047080603
0.0072983354
0.0090254836
0.0093027230
0.0077535600
0.0049576278
0.0024661680
0.0015866957
0.0023007371
0.0035881881
0.0045153403
0.0046166593
0.0035526419
0.0011608840
-0.0019868440
-0.0045722277
-0.0054445971
-0.0045596734
-0.0029509660
-0.0019222056
-0.0022192805
-0.0037191696
-0.0055351287
-0.0063799110
-0.0053424690
-0.0027881262
-0.0002111628
0.0011023936
0.0011045434
0.0006104227
0.0002780367
0.0001485101
-0.0000576464
-0.0003202321
-0.0001318498
0.0011934639
0.0038507277
0.0069919894
0.0088744368
0.0080899144
0.0049203665
0.0011880229
-0.0011370135
-0.0011923004
0.0005965524
0.0030590268
0.0046367859
0.0039158540
0.0006009005
-0.0039370928
-0.0076152487
-0.0091694773
-0.0086310573
-0.0064886280
-0.0032057128
0.0002662707
0.0023452172
0.0018759402
-0.0006200361
-0.0031507349
-0.0038005876
-0.0021809954
0.0003966723
0.0022215692
0.0025640670
0.0020817299
0.0020668279
0.0032371613
0.0051418665
0.0065837708
0.0064603718
0.0044798989
0.0014893785
-0.0008511205
-0.0010045452
0.0014220706
0.0051159824
0.0077971254
0.0079280590
0.0057801515
0.0027831931
0.0002264397
-0.0012726061
-0.0015165163
-0.0008173258
-0.0001713680
-0.0007501726
-0.0028516174
-0.0055326837
-0.0074349865
-0.0078270932
-0.0070215519
-0.0060246180
-0.0056473105
-0.0060003008
-0.0066400005
-0.0070309439
-0.0068297305
-0.0060558107
-0.0049966358
-0.0039248537
-0.0029581179
-0.0020543071
-0.0011708636
-0.0001977230
0.0012632888
0.0035867282
0.0062103587
0.0075278741
0.0063068154
0.0030473216
-0.0001917220
-0.0014417667
-0.0004789580
0.0009789625
0.0008839280
-0.0012981931
-0.0041170451
-0.0053827632
-0.0041940281
-0.0020133061
-0.0013764430
-0.0033645898
-0.0066060844
-0.0089246977
-0.0092497253
-0.0080761375
-0.0064982396
-0.0051901960
-0.0042561027
-0.0037124118
-0.0039635123
-0.0053123351
-0.0069706462
-0.0069518776
-0.0035328729
0.0025710512
0.0077647010
0.0086370586
0.0056375994
0.0025275456
0.0020236311
0.0035220325
0.0048700212
0.0049486023
0.0042839941
0.0039911402
0.0046243359
0.0059469822
0.0073419367
0.0081447874
0.0078501081
0.0062937394
0.0037672723
0.0009391950
-0.0013761775
-0.0025052402
-0.0023735591
-0.0017354675
-0.0016430543
-0.0024828085
-0.0037453097
-0.0046267313
-0.0045667946
-0.0033348156
-0.0008550714
0.0026612326
0.0061794802
0.0082577999
0.0083336925
0.0073027212
0.0065293402
0.0064963635
0.0066561210
0.0063267887
0.0054516098
0.0047938173
0.0052987373
0.0066799269
0.0068859683
0.0040816948
-0.0010152617
-0.0055188595
-0.0069898904
-0.0054685185
-0.0031253083
-0.0022493396
-0.0036482261
-0.0065859379
-0.0096778553
-0.0117735182
-0.0123314431
-0.0113365126
-0.0090171589
-0.0058384308
-0.0026265937
-0.0004048785
0.0003002006
-0.0000683851
-0.0004641076
-0.0001291201
0.0008637655
0.0020537126
0.0033548273
0.0052127608
0.0079429068
0.0111416951
0.0138039350
0.0150237035
0.0145757940
0.0130671905
0.0114192763
0.0101610237
0.0090683214
0.0075365025
0.0053863262
0.0030650411
0.0009348393
-0.0012714256
-0.0038607959
-0.0064298284
-0.0081393141
-0.0085723466
-0.0079446117
-0.0066587034
-0.0052222826
-0.0046146986
-0.0057963929
-0.0084018271
-0.0104944592
-0.0102647660
-0.0077762977
-0.0047467558
-0.0026637855
-0.0014349879
0.0000666037
0.0024918067
0.0053730958
0.0079038696
0.0098919833
0.0115099708
0.0124725235
0.0121335765
0.0104860346
0.0085588412
0.0072018918
0.0059364766
0.0036028443
0.0000140087
-0.0034009026
-0.0048336264
-0.0038987961
-0.0022346837
-0.0020317426
-0.0039418781
-0.0065268007
-0.0077121220
-0.0065093473
-0.0034623627
0.0000434587
0.0025237998
0.0031497266
0.0023281989
0.0014046318
0.0014224933
0.0021099939
0.0023160019
0.0015029122
0.0003772306
-0.0001324603
-0.0000653071
-0.0002538513
-0.0011165877
-0.0019779120
-0.0017599939
-0.0000862044
0.0023383690
0.0042584722
0.0049270518
0.0045448973
0.0037413561
0.0028979011
0.0017703707
-0.0002457183
-0.0031899183
-0.0059454834
-0.0069272554
-0.0054836118
-0.0025852532
0.0000413931
0.0014708853
0.0020956199
0.0027044921
0.0035278447
0.0042621436
0.0045051934
0.0039681146
0.0026219996
0.0008225746
-0.0006569699
-0.0009359633
0.0003240604
0.0022986203
0.0034352135
0.0028041112
0.0009009582
-0.0010162883
-0.0023790542
-0.0036041999
-0.0051841952
-0.0068279659
-0.0075372765
-0.0065522681
-0.0041460758
-0.0013439802
0.0010580012
0.0030364393
0.0048456403
0.0063356481
0.0070181689
0.0066795988
0.0057793670
0.0051423934
0.0052501926
0.0059762091
0.0068325926
0.0073046954
0.0069570636
0.0055110591
0.0031763944
0.0006726075
-0.0012330325
-0.0022085613
-0.0026347029
-0.0034084184
-0.0052138073
-0.0079009701
-0.0105521862
-0.0121820253
-0.0124973795
-0.0117648294
-0.0103447221
-0.0086882288
-0.0076534175
-0.0080221075
-0.0094805131
-0.0104745823
-0.0094086541
-0.0058860206
-0.0008508206
0.0042966627
0.0084525552
0.0109723122
0.0117352614
0.0112264796
0.0101823501
0.0089138122
0.0071630054
0.0046528883
0.0016376953
-0.0011152505
-0.0029790552
-0.0041554122
-0.0054486522
-0.0073372374
-0.0094388736
-0.0109258497
-0.0112622668
-0.0105946998
-0.0095432460
-0.0086992063
-0.0080927670
-0.0072133231
-0.0055623053
-0.0030948085
-0.0000931285
0.0029791356
0.0054871612
0.0069623085
0.0074256689
0.0073199678
0.0070740134
0.0069329138
0.0070047526
0.0073683719
0.0080647123
0.0089437083
0.0097417584
0.0105278833
0.0117735531
0.0134856160
0.0144730331
0.0132304380
0.0096457029
0.0053885395
0.0025622442
0.0021747176
0.0038038636
0.0061938770
0.0077389795
0.0070488567
0.0038198607
-0.0006876719
-0.0042753765
-0.0053809011
-0.0041031974
-0.0017699782
0.0001429535
0.0006858232
-0.0002564852
-0.0019966800
-0.0035513147
-0.0043893787
-0.0048013885
-0.0054627818
-0.0065086031
-0.0073825843
-0.0076464749
-0.0075875513
-0.0077128080
-0.0079438481
-0.0077204962
-0.0067110928
-0.0049765255
-0.0027904879
-0.0006477272
0.0008507596
0.0014256395
0.0016735205
0.0029743548
0.0063303913
0.0108624901
0.0141279162
0.0144403292
0.0126362403
0.0110541751
0.0110104195
0.0117385002
0.0115812520
0.0098390075
0.0074459264
0.0061437436
0.0068396497
0.0085017005
0.0089838159
0.0070916288
0.0037976644
0.0014270889
0.0014578367
0.0032186140
0.0045884318
0.0038451760
0.0010947327
-0.0020205349
-0.0038299787
-0.0038531132
-0.0029806318
-0.0025156965
-0.0030709675
-0.0042274531
-0.0050174137
-0.0047579668
-0.0035785951
-0.0023200164
-0.0018848790
-0.0025627459
-0.0037647003
-0.0045128060
-0.0043600040
-0.0038529555
-0.0038433437
-0.0044815542
-0.0050180477
-0.0047523889
-0.0039376238
-0.0033076003
-0.0031263123
-0.0029834113
-0.0026330870
-0.0025375820
-0.0033340208
-0.0049595790
-0.0066465446
-0.0077563601
-0.0083002481
-0.0085491160
-0.0082152782
-0.0065348008
-0.0034164495
-0.0001966708
0.0013640919
0.0007615609
-0.0007743078
-0.0013217053
0.0003932363
0.0040482259
0.0076294686
0.0088677364
0.0073588830
0.0051770224
0.0049745135
0.0073134270
0.0101213957
0.0107678808
0.0083542110
0.0041104195
0.0000429905
-0.0025875878
-0.0036385687
-0.0035097185
-0.0025130989
-0.0009581031
0.0002392662
-0.0001572499
-0.0022570303
-0.0047669513
-0.0064260343
-0.0073874976
-0.0086411447
-0.0103833137
-0.0116192194
-0.0113810855
-0.0100060115
-0.0088620868
-0.0087526935
-0.0088359401
-0.0075379152
-0.0044701252
-0.0008988129
0.0017107168
0.0032527211
0.0048752757
0.0074516817
0.0106285886
0.0132795048
0.0146993345
0.0149296742
0.0142959246
0.0131080799
0.0116845538
0.0102240732
0.0084801099
0.0059219898
0.0024233457
-0.0014755995
-0.0049268522
-0.0072045787
-0.0078895496
-0.0071507505
-0.0058286225
-0.0048823824
-0.0045800479
-0.0044151506
-0.0037328946
-0.0024529274
-0.0012396826
-0.0010393242
-0.0021898208
-0.0039528747
-0.0049528278
-0.0042794319
-0.0023495958
-0.0005165966
0.0004042770
0.0008120359
0.0012021464
0.0009417510
-0.0010310492
-0.0044165465
-0.0072087654
-0.0075787823
-0.0057642796
-0.0035598030
-0.0022782181
-0.0017790702
-0.0012157131
-0.0002506477
0.0006106640
0.0006245696
-0.0002872425
-0.0011454551
-0.0006832071
0.0013461247
0.0034798628
0.0036479721
0.0011165108
-0.0027176938
-0.0055823838
-0.0063073812
-0.0053215581
-0.0036820007
-0.0021147601
-0.0007789811
0.0005312164
0.0021918294
0.0042945366
0.0061948033
0.0068720902
0.0056336885
0.0025524866
-0.0015852067
-0.0055514641
-0.0080400245
-0.0083480622
-0.0070134682
-0.0055601624
-0.0052069444
-0.0057629123
-0.0059682272
-0.0049135827
-0.0028583593
-0.0007078939
0.0009236207
0.0020387015
0.0030101131
0.0041912805
0.0056479265
0.0072025346
0.0088176364
0.0106176781
0.0123860228
0.0134546339
0.0132569867
0.0118812090
0.0101067131
0.0089931225
0.0092864192
0.0107183619
0.0119071041
0.0111924116
0.0078363725
0.0026066210
-0.0027635732
-0.0067025475
-0.0086254132
-0.0089648769
-0.0086075802
-0.0082435375
-0.0080969081
-0.0081868174
-0.0085629440
-0.0091995190
-0.0098168184
-0.0099022091
-0.0090741844
-0.0074937145
-0.0057764432
-0.0044318262
-0.0033111015
-0.0017270267
0.0007664349
0.0037919271
0.0066544183
0.0092446382
0.0118402561
0.0139226928
0.0139910353
0.0111739401
0.0066383860
0.0028479996
0.0015844227
0.0024983246
0.0036068342
0.0031823845
0.0011705956
-0.0010408426
-0.0021582447
-0.0023134144
-0.0027403930
-0.0043755929
-0.0069051620
-0.0090918236
-0.0099598101
-0.0097228875
-0.0094708237
-0.0100965608
-0.0114548479
-0.0124191831
-0.0115888596
-0.0081756064
-0.0024783894
0.0041404169
0.0097014281
0.0123433214
0.0114865649
0.0084702288
0.0055350207
0.0040133243
0.0036972723
0.0037982791
0.0038552632
0.0037693130
0.0034525749
0.0028362040
0.0020102017
0.0010119439
-0.0005228004
-0.0030576298
-0.0064322426
-0.0095470766
-0.0111462648
-0.0106619585
-0.0083001969
-0.0046607191
-0.0006773353
0.0022698397
0.0030691721
0.0020051918
0.0007757971
0.0011733488
0.0036344375
0.0071262341
0.0101344186
0.0116173602
0.0114548311
0.0103574996
0.0092145828
0.0082937384
0.0072624105
0.0058971180
0.0045449715
0.0036352446
0.0029713886
0.0019448845
0.0003358046
-0.0012384977
-0.0017196127
-0.0006148057
0.0009609281
0.0007322332
-0.0024978563
-0.0073542665
-0.0110793632
-0.0119649677
-0.0102775160
-0.0072627689
-0.0039379039
-0.0009165929
0.0012238958
0.0020174589
0.0016976484
0.0013346835
0.0019522283
0.0035422664
0.0053496573
0.0067583614
0.0075598845
0.0076638556
0.0072396220
0.0070739743
0.0080563340
0.0098967651
0.0110286137
0.0101403539
0.0075161509
0.0045427843
0.0023181960
0.0009845199
0.0001900730
-0.0001915479
0.0002536265
0.0018188630
0.0038877047
0.0050630128
0.0043165439
0.0019745519
-0.0004254557
-0.0011923420
0.0003979127
0.0034787183
0.0060611089
0.0065920420
0.0053785974
0.0043171164
0.0051143568
0.0073885467
0.0089103313
0.0077923701
0.0044173661
0.0009446710
-0.0008712844
-0.0008154897
0.0004320766
0.0021643341
0.0035984117
0.0037244221
0.0020213053
-0.0007452658
-0.0029572929
-0.0035958988
-0.0029140095
-0.0015630210
0.0002987684
0.0027938317
0.0056961109
0.0080459532
0.0084200414
0.0059706709
0.0015074951
-0.0027309351
-0.0046754283
-0.0038767016
-0.0018529354
-0.0010089950
-0.0028383115
-0.0066792051
-0.0101669331
-0.0109942098
-0.0087373424
-0.0053371653
-0.0035029991
-0.0045050029
-0.0072822520
-0.0095056503
-0.0095402770
-0.0075668172
-0.0051958701
-0.0039999847
-0.0041679552
-0.0046726627
-0.0044831269
-0.0036717710
-0.0033066091
-0.0042811179
-0.0060303161
-0.0067290515
-0.0049492397
-0.0011284559
0.0026464476
0.0043912041
0.0038918574
0.0026978230
0.0024742068
0.0033512312
0.0042280007
0.0043068601
0.0039572025
0.0037822062
0.0033793407
0.0016701060
-0.0015819987
-0.0050370779
-0.0066287114
-0.0052136888
-0.0015705321
0.0020749971
0.0036510225
0.0026438632
0.0000908232
-0.0024534754
-0.0039324780
-0.0040672906
-0.0032545531
-0.0022595636
-0.0016235828
-0.0011740191
-0.0002630931
0.0013567354
0.0032073134
0.0046808097
0.0055590277
0.0059790666
0.0064296401
0.0075843624
0.0093817862
0.0105018884
0.0095188248
0.0067073185
0.0041392066
0.0038760509
0.0061919918
0.0093406522
0.0108643944
0.0095311125
0.0063051046
0.0032593495
0.0015482313
0.0006934827
-0.0003389651
-0.0018672531
-0.0032727991
-0.0038687070
-0.0036789807
-0.0033109986
-0.0031952658
-0.0030899750
-0.0023897332
-0.0008164619
0.0012100290
0.0027861993
0.0031895011
0.0024970375
0.0015385059
0.0013458319
0.0025030101
0.0049647130
0.0080828791
0.0108531149
0.0124418818
0.0128197398
0.0128135234
0.0131993110
0.0135022748
0.0122326353
0.0083886626
0.0026367911
-0.0031103886
-0.0069894159
-0.0081777545
-0.0075681747
-0.0074258303
-0.0096331467
-0.0140155167
-0.0184748827
-0.0207791657
-0.0200715434
-0.0169543113
-0.0126889432
-0.0087081918
-0.0063092659
-0.0059855252
-0.0068654501
-0.0072696161
-0.0058937420
-0.0025024550
0.0019225093
0.0054527064
0.0063908300
0.0048886447
0.0031036608
0.0032828555
0.0057814897
0.0090617332
0.0116432259
0.0134479514
0.0149300241
0.0155927467
0.0142107655
0.0103732423
0.0052196842
0.0006510290
-0.0020307136
-0.0026033903
-0.0016010175
0.0001791886
0.0018059075
0.0022416024
0.0007999090
-0.0020640145
-0.0046430472
-0.0050843688
-0.0028847912
0.0005714357
0.0030166639
0.0031665326
0.0015073799
-0.0006456629
-0.0025536552
-0.0041660700
-0.0052478819
-0.0051108293
-0.0032356400
-0.0000614865
0.0029618540
0.0040757872
0.0023081200
-0.0017264269
-0.0060839720
-0.0087728728
-0.0091469400
-0.0081453119
-0.0071410724
-0.0066863389
-0.0065370623
-0.0064988902
-0.0066718781
-0.0068943336
-0.0065152085
-0.0050852959
-0.0029481739
-0.0008755583
0.0006728652
0.0018313822
0.0029603012
0.0040486075
0.0047508234
0.0049469481
0.0051520384
0.0061966167
0.0083143095
0.0104812935
0.0111059042
0.0096228808
0.0070978831
0.0052318719
0.0047575874
0.0047888952
0.0039012379
0.0016849701
-0.0009251700
-0.0025730062
-0.0024450159
-0.0001639375
0.0042683524
0.0095478637
0.0130344273
0.0127311778
0.0092151114
0.0053097525
0.0038176435
0.0055046539
0.0089985072
0.0120405482
0.0130100806
0.0117835064
0.0094241744
0.0072077854
0.0059426383
0.0057626602
0.0061193753
0.0063792057
0.0063778276
0.0059558358
0.0043803219
0.0009724905
-0.0037020882
-0.0080069594
-0.0106562169
-0.0117648253
-0.0122468198
-0.0126422095
-0.0126961611
-0.0119590859
-0.0105443633
-0.0090411095
-0.0078203414
-0.0067167559
-0.0055852726
-0.0047468055
-0.0045612046
-0.0047740608
-0.0047744079
-0.0042954866
-0.0035863047
-0.0028899780
-0.0019295834
-0.0000920179
0.0029571947
0.0068522733
0.0105409445
0.0128724457
0.0134498643
0.0130038307
0.0125932883
0.0124521097
0.0120833447
0.0114692283
0.0114081477
0.0121426413
0.0122372423
0.0097385425
0.0044544154
-0.0014896421
-0.0054170438
-0.0060727976
-0.0042791645
-0.0022431895
-0.0021738799
-0.0048089822
-0.0089339248
-0.0124000671
-0.0138425778
-0.0135736237
-0.0129640141
-0.0130535610
-0.0137199962
-0.0140718879
-0.0133401867
-0.0113340851
-0.0085248424
-0.0057286686
-0.0033990746
-0.0012482406
0.0011818515
0.0038058782
0.0061190862
0.0077096677
0.0086744955
0.0094784981
0.0104115696
0.0112184257
0.0113020604
0.0101085930
0.0074787806
0.0040439776
0.0012538838
0.0006669883
0.0027127751
0.0060633110
0.0083856679
0.0081719771
0.0059735318
0.0038441076
0.0034052656
0.0044003372
0.0050706159
0.0038943802
0.0009666407
-0.0021602793
-0.0038872622
-0.0039879389
-0.0035604722
-0.0037585793
-0.0047276609
-0.0058133516
-0.0063879444
-0.0061627970
-0.0050830977
-0.0034422097
-0.0019783656
-0.0014133516
-0.0016646996
-0.0017065565
-0.0005114718
0.0019432406
0.0046468163
0.0063986020
0.0065771420
0.0054815419
0.0039786170
0.0027430023
0.0018245045
0.0008271508
-0.0004304952
-0.0013522845
-0.0010208711
0.0005901111
0.0021038107
0.0019121038
-0.0002734619
-0.0033481682
-0.0062144047
-0.0087046365
-0.0110925868
-0.0133151627
-0.0152152399
-0.0168521201
-0.0180611863
-0.0182723634
-0.0171279281
-0.0148728745
-0.0119521871
-0.0086773532
-0.0053681796
-0.0024184895
0.0000946386
0.0024393650
0.0048040190
0.0072797892
0.0100847476
0.0132587279
0.0162210749
0.0179490434
0.0179320221
0.0170001007
0.0167976860
0.0179735265
0.0191893822
0.0185131605
0.0155008516
0.0116866358
0.0089130029
0.0076963654
0.0071821937
0.0063432340
0.0046887379
0.0020451255
-0.0017680803
-0.0066472435
-0.0116798597
-0.0152679655
-0.0159594300
-0.0135471854
-0.0094782717
-0.0058564035
-0.0038690930
-0.0030840272
-0.0022098808
-0.0005552691
0.0012906271
0.0020236665
0.0009310580
-0.0012463502
-0.0026686558
-0.0019271313
0.0007402290
0.0038820776
0.0065152989
0.0091815077
0.0131530438
0.0184819253
0.0232099535
0.0251628041
0.0241673502
0.0217519108
0.0189325984
0.0154328966
0.0111003626
0.0068217058
0.0034085780
0.0004224489
-0.0029414923
-0.0061974437
-0.0078092560
-0.0073855027
-0.0067532923
-0.0081939977
-0.0120255694
-0.0163921578
-0.0193243893
-0.0203182791
-0.0200659723
-0.0192761398
-0.0179899814
-0.0159495411
-0.0132099384
-0.0101928084
-0.0071192177
-0.0038401028
-0.0003866752
0.0027005622
0.0048461441
0.0061983924
0.0073883345
0.0084985774
0.0088319254
0.0079445368
0.0062596417
0.0043922925
0.0023698008
0.0000662999
-0.0019354430
-0.0023982720
-0.0008546523
0.0013913868
0.0023144312
0.0011014073
-0.0013797003
-0.0038681402
-0.0057934697
-0.0069853707
-0.0070697455
-0.0057239142
-0.0033734264
-0.0011930554
-0.0001393522
-0.0000551502
0.0000165718
0.0007978364
0.0023740682
0.0043808062
0.0062857374
0.0076905703
0.0085707646
0.0090559996
0.0090567446
0.0082672232
0.0066276643
0.0046345736
0.0031204006
0.0027956307
0.0036515925
0.0046946020
0.0045858776
0.0028938132
0.0006005954
-0.0006875505
-0.0000319297
0.0021682395
0.0046648052
0.0063839383
0.0071278515
0.0072522984
0.0070340292
0.0065161093
0.0057311496
0.0046928941
0.0031433800
0.0006253103
-0.0027925803
-0.0060136877
-0.0076030121
-0.0070476187
-0.0051418694
-0.0032938450
-0.0025031479
-0.0029725536
-0.0043947671
-0.0063797441
-0.0086851654
-0.0112242581
-0.0136276726
-0.0149281027
-0.0142574134
-0.0120317156
-0.0097753513
-0.0082341047
-0.0062006410
-0.0018400053
0.0050659620
0.0125650459
0.0182516167
0.0212059258
0.0223837789
0.0233357550
0.0247198760
0.0260858304
0.0266335031
0.0259053852
0.0239475077
0.0211884613
0.0182042783
0.0156356787
0.0141893402
0.0144230544
0.0161688874
0.0181069838
0.0182530498
0.0151275897
0.0089741340
0.0019651262
-0.0031685127
-0.0050985078
-0.0048684930
-0.0051684509
-0.0082573075
-0.0141971819
-0.0210055514
-0.0264930300
-0.0298662445
-0.0316589826
-0.0323618101
-0.0317041638
-0.0291518247
-0.0246840735
-0.0187349069
-0.0118384555
-0.0045294096
0.0025101135
0.0084443226
0.0128040890
0.0157284678
0.0176345974
0.0186968912
0.0188218703
0.0181291962
0.0172023093
0.0166637490
0.0165626757
0.0162910214
0.0151937954
0.0131627387
0.0105482196
0.0078007012
0.0054039185
0.0037310410
0.0023761285
0.0000750977
-0.0040676407
-0.0092773655
-0.0135384740
-0.0153538693
-0.0149223700
-0.0138451081
-0.0138177710
-0.0153272357
-0.0173997992
-0.0184698616
-0.0176373622
-0.0150480466
-0.0112905867
-0.0068140062
-0.0018825304
0.0033209868
0.0084909885
0.0130491579
0.0163684304
0.0182028310
0.0188008007
0.0186136062
0.0180244861
0.0173564209
0.0167369133
0.0159241221
0.0147162019
0.0133426069
0.0119029885
0.0098868189
0.0069674140
0.0040356203
0.0024471218
0.0020780874
0.0013276704
-0.0007332883
-0.0031667140
-0.0047071776
-0.0057189159
-0.0077817966
-0.0113402576
-0.0146127664
-0.0151955209
-0.0122315495
-0.0068557621
-0.0011001939
0.0034216558
0.0061514459
0.0074775878
0.0082875487
0.0094503175
0.0114039555
0.0140775911
0.0169986640
0.0194871608
0.0210047442
0.0217470712
0.0225413785
0.0237096954
0.0243088463
0.0230294048
0.0197969450
0.0158237786
0.0123391823
0.0097973294
0.0081556414
0.0072603941
0.0067240146
0.0058983914
0.0042155698
0.0014419158
-0.0021619735
-0.0059623032
-0.0093116245
-0.0118011100
-0.0132233373
-0.0136469429
-0.0135362664
-0.0133107588
-0.0127871001
-0.0113953963
-0.0089344297
-0.0059605193
-0.0035068102
-0.0022849025
-0.0019843068
-0.0012281997
0.0013913527
0.0058125666
0.0103392769
0.0135000442
0.0159722793
0.0198360569
0.0257295633
0.0314676897
0.0338605037
0.0316551845
0.0263963833
0.0207935698
0.0165264336
0.0137842227
0.0122562980
0.0117508582
0.0118376260
0.0116605848
0.0104268172
0.0080978726
0.0054889349
0.0035037660
0.0024411080
0.0022569659
0.0028606376
0.0036948830
0.0036797832
0.0021022904
-0.0007338282
-0.0041053668
-0.0075807953
-0.0108432052
-0.0133332040
-0.0145609312
-0.0144835393
-0.0133684880
-0.0115176720
-0.0093395414
-0.0073064454
-0.0055875333
-0.0039819722
-0.0023890627
-0.0013964563
-0.0022431268
-0.0056582649
-0.0107978664
-0.0156626423
-0.0183847491
-0.0183708346
-0.0166404486
-0.0148560106
-0.0138065803
-0.0127924667
-0.0106146335
-0.0070887612
-0.0034976721
-0.0014908647
-0.0015457012
-0.0026713712
-0.0033722478
-0.0027075960
-0.0007563348
0.0014785883
0.0027221431
0.0023883481
0.0011477026
0.0004130928
0.0012285079
0.0032685965
0.0049542961
0.0047152887
0.0023729930
-0.0007364604
-0.0029644252
-0.0037040996
-0.0037588974
-0.0042617881
-0.0052951090
-0.0058822970
-0.0050941115
-0.0028927108
0.0002560767
0.0041113125
0.0086169040
0.0133143150
0.0171920899
0.0194291775
0.0201460824
0.0201243230
0.0196498995
0.0181009152
0.0149005724
0.0106817864
0.0069986115
0.0049729559
0.0045387859
0.0047627299
0.0045763921
0.0034976381
0.0018214428
0.0004322280
0.0000713380
0.0003862393
-0.0001329493
-0.0028398259
-0.0073505435
-0.0115976765
-0.0134213727
-0.0118301807
-0.0072881927
-0.0015411022
0.0029036819
0.0043179771
0.0031937905
0.0017870403
0.0020738580
0.0043551130
0.0075353753
0.0100955587
0.0109725524
0.0101596223
0.0087276939
0.0081228922
0.0093486204
0.0126967168
0.0177309711
0.0229742537
0.0261728029
0.0258611462
0.0228590708
0.0196440648
0.0180903275
0.0177854680
0.0166432425
0.0131568407
0.0077483308
0.0017796304
-0.0037507738
-0.0083635605
-0.0116150132
-0.0131494615
-0.0131391710
-0.0121396048
-0.0104701030
-0.0082485159
-0.0060181227
-0.0046513172
-0.0046210529
-0.0055853313
-0.0067086779
-0.0072028300
-0.0068487526
-0.0061210477
-0.0057366080
-0.0058592580
-0.0056799762
-0.0038711037
0.0000617937
0.0048006896
0.0079853802
0.0082094079
0.0061272218
0.0034971393
0.0015608616
0.0005243363
0.0001036604
0.0000374862
0.0000156011
-0.0004361312
-0.0015774161
-0.0028507833
-0.0030377195
-0.0012818192
0.0021259835
0.0057270136
0.0076530522
0.0066918368
0.0029869681
-0.0021363471
-0.0069276809
-0.0100892365
-0.0112277358
-0.0107694362
-0.0094449125
-0.0077250561
-0.0056400729
-0.0031454138
-0.0004753841
0.0019237266
0.0038919900
0.0060326038
0.0091016724
0.0128536357
0.0159253887
0.0172021719
0.0169694094
0.0165140686
0.0166289412
0.0169189151
0.0163712244
0.0142640085
0.0108718351
0.0076006542
0.0063027123
0.0077543116
0.0105838259
0.0119732688
0.0095805656
0.0029121917
-0.0065549931
-0.0162136168
-0.0235921015
-0.0274281950
-0.0281485194
-0.0274565468
-0.0269672724
-0.0269769078
-0.0264744114
-0.0243597112
-0.0206746667
-0.0167065616
-0.0139149817
-0.0127225468
-0.0122256612
-0.0110795958
-0.0086863915
-0.0055987377
-0.0027974024
-0.0005946507
0.0018788053
0.0060758788
0.0128092714
0.0210958313
0.0281472778
0.0313269845
0.0301315936
0.0261397852
0.0211955858
0.0160912038
0.0108383282
0.0056540552
0.0013275814
-0.0017509958
-0.0043711171
-0.0076965087
-0.0118887673
-0.0161839481
-0.0200648547
-0.0235276756
-0.0263618921
-0.0280573483
-0.0284986283
-0.0282622625
-0.0279970338
-0.0277885704
-0.0272564948
-0.0259347871
-0.0234446948
-0.0197869617
-0.0158189252
-0.0130283586
-0.0122815059
-0.0128899329
-0.0131369540
-0.0119684318
-0.0097629149
-0.0074421311
-0.0055074280
-0.0039342984
-0.0026532450
-0.0016140223
-0.0006674837
0.0004137426
0.0017866815
0.0033519714
0.0045679566
0.0047960614
0.0039946317
0.0028182082
0.0019550208
0.0012312778
-0.0005662667
-0.0045182844
-0.0099590229
-0.0144461910
-0.0156676403
-0.0134046490
-0.0095960763
-0.0066831555
-0.0060115012
-0.0074397126
-0.0098917920
-0.0120653086
-0.0130890104
-0.0129298610
-0.0122588243
-0.0118192960
-0.0118895609
-0.0122131261
-0.0123426840
-0.0117241582
-0.0097197869
-0.0059850020
-0.0011163683
0.0032834700
0.0057446633
0.0062260333
0.0060863745
0.0065126851
0.0073454182
0.0075733206
0.0065974034
0.0048455694
0.0033081899
0.0025644906
0.0023439348
0.0017964196
-0.0000205343
-0.0037244776
-0.0093068485
-0.0161166076
-0.0230301016
-0.0287372993
-0.0320932985
-0.0326359235
-0.0308735497
-0.0279361898
-0.0248437991
-0.0220991800
-0.0198530203
-0.0181008994
-0.0165703779
-0.0147891037
-0.0125320124
-0.0102095912
-0.0084302562
-0.0073572025
-0.0065751390
-0.0055277886
-0.0039019258
-0.0016563032
0.0011975391
0.0046374999
0.0082002793
0.0105748364
0.0103035917
0.0070172949
0.0017560988
-0.0038726024
-0.0087075118
-0.0122314694
-0.0141569839
-0.0142109976
-0.0126665246
-0.0110524261
-0.0115699553
-0.0152569082
-0.0208711121
-0.0257102620
-0.0275774333
-0.0262700134
-0.0233566143
-0.0206333714
-0.0189351852
-0.0182192098
-0.0182920278
-0.0191359306
-0.0206230854
-0.0222139244
-0.0230469155
-0.0225451733
-0.0211779311
-0.0204577549
-0.0218226175
-0.0251474062
-0.0285680946
-0.0299348604
-0.0284016137
-0.0245648630
-0.0195420309
-0.0142142491
-0.0092087046
-0.0050779859
-0.0021495929
-0.0001090654
0.0018991522
0.0042996896
0.0066801958
0.0084046179
0.0092610413
0.0093216741
0.0082556194
0.0054375725
0.0008196338
-0.0047755108
-0.0103704587
-0.0153530826
-0.0193755994
-0.0221372892
-0.0235777795
-0.0241338663
-0.0246910677
-0.0259407783
-0.0277360821
-0.0290533334
-0.0286134756
-0.0258197394
-0.0213087313
-0.0165644882
-0.0130716543
-0.0117293960
-0.0127183705
-0.0154577964
-0.0185835925
-0.0204326699
-0.0198299857
-0.0166923439
-0.0118064089
-0.0061703211
-0.0005074852
0.0048123889
0.0097072169
0.0139028277
0.0166878468
0.0175120744
0.0165969174
0.0145724128
0.0117523564
0.0082354837
0.0043662944
0.0007141456
-0.0026029151
-0.0059023227
-0.0090662485
-0.0111164417
-0.0111560245
-0.0096505676
-0.0082081739
-0.0080896136
-0.0092478025
-0.0108103383
-0.0121437055
-0.0132155574
-0.0142172689
-0.0150656024
-0.0152268402
-0.0138857411
-0.0104054295
-0.0049889876
0.0011453827
0.0064212034
0.0097102611
0.0107872390
0.0102273133
0.0090106250
0.0081674695
0.0084535516
0.0099939417
0.0121496918
0.0138057680
0.0140153465
0.0124793531
0.0096091654
0.0062054368
0.0029581974
0.0000609664
-0.0028500784
-0.0065068154
-0.0114781055
-0.0174348058
-0.0230414478
-0.0267534875
-0.0278078234
-0.0264576906
-0.0237111046
-0.0210109132
-0.0195194221
-0.0193675259
-0.0197577973
-0.0198815370
-0.0196968863
-0.0198435340
-0.0209449621
-0.0230633155
-0.0256902968
-0.0279387982
-0.0289966482
-0.0284553703
-0.0265183768
-0.0238464798
-0.0210348044
-0.0182364886
-0.0154636073
-0.0129451400
-0.0109909885
-0.0095607141
-0.0084036455
-0.0077989697
-0.0085644544
-0.0110549023
-0.0145600764
-0.0178627179
-0.0201529762
-0.0212671825
-0.0213773956
-0.0209348141
-0.0206880838
-0.0212931184
-0.0228430144
-0.0249402849
-0.0271669397
-0.0291927374
-0.0307104918
-0.0314944825
-0.0315235660
-0.0309826799
-0.0300871229
-0.0289586555
-0.0277474193
-0.0268092999
-0.0264411044
-0.0266523271
-0.0273558612
-0.0283590860
-0.0290806525
-0.0285636329
-0.0262952298
-0.0230484385
-0.0205520907
-0.0199639984
-0.0208266337
-0.0215745929
-0.0210833766
-0.0196589276
-0.0186113620
-0.0190174112
-0.0206773416
-0.0221295846
-0.0216670244
-0.0185613946
-0.0137526491
-0.0089992354
-0.0054550212
-0.0030037739
-0.0007827970
0.0017357314
0.0042285422
0.0059002279
0.0060377260
0.0042383231
0.0003328232
-0.0055495179
-0.0128285548
-0.0204978545
-0.0273437040
-0.0322889860
-0.0347912717
-0.0348753128
-0.0327277761
-0.0284578702
-0.0224890653
-0.0161029352
-0.0110164719
-0.0080332394
-0.0064714946
-0.0051115440
-0.0035006822
-0.0019586259
-0.0006865716
0.0005137014
0.0017745564
0.0029535402
0.0040104821
0.0053095384
0.0074793450
0.0108033083
0.0143915123
0.0161267737
0.0140424559
0.0082840377
0.0012395000
-0.0046988537
-0.0090780929
-0.0129419684
-0.0170312585
-0.0209207271
-0.0236754396
-0.0249561371
-0.0251810555
-0.0247483488
-0.0236361368
-0.0218865954
-0.0201880135
-0.0195101070
-0.0200661563
-0.0209611688
-0.0209643283
-0.0192572095
-0.0154535175
-0.0095211723
-0.0021454603
0.0051888557
0.0111808813
0.0157147314
0.0196140602
0.0234486096
0.0269809060
0.0296066049
0.0309786863
0.0313266631
0.0311768747
0.0307385590
0.0300266860
0.0292194583
0.0282531724
0.0266332578
0.0241546713
0.0213782234
0.0190745848
0.0174008768
0.0159302796
0.0141764733
0.0118155404
0.0086555624
0.0045776808
-0.0003929194
-0.0057430369
-0.0103963236
-0.0133364638
-0.0143154276
-0.0138239468
-0.0126746633
-0.0114965610
-0.0105009791
-0.0094502402
-0.0079224852
-0.0059057008
-0.0040806665
-0.0031769933
-0.0033170103
-0.0044138477
-0.0066142527
-0.0098355523
-0.0130811089
-0.0148566465
-0.0144547695
-0.0123150276
-0.0090440368
-0.0047963934
-0.0000370124
0.0039010253
0.0059594792
0.0068593168
0.0087637287
0.0131285180
0.0191492206
0.0244614300
0.0271517519
0.0270527107
0.0252429768
0.0226984267
0.0193936582
0.0148477887
0.0091805711
0.0035722719
-0.0003323471
-0.0017197658
-0.0012429296
-0.0002801932
0.0002655922
0.0004503825
0.0010509256
0.0029344994
0.0064114018
0.0111637605
0.0166720688
0.0222922558
0.0270859170
0.0302565477
0.0319350205
0.0332094826
0.0351613834
0.0379393423
0.0407687899
0.0428408961
0.0439252469
0.0441114369
0.0435546930
0.0425983533
0.0415678827
0.0404386169
0.0390773510
0.0375633581
0.0359504067
0.0339164943
0.0309786780
0.0272034062
0.0235244329
0.0210081732
0.0199574092
0.0200331489
0.0208051550
0.0217245627
0.0220964198
0.0214275043
0.0195764736
0.0166509957
0.0130106028
0.0091383648
0.0052220465
0.0009564967
-0.0038645673
-0.0087279318
-0.0128152515
-0.0160912284
-0.0192060714
-0.0220867314
-0.0233200478
-0.0216533430
-0.0176358616
-0.0132033409
-0.0096928512
-0.0069923229
-0.0045794618
-0.0025280651
-0.0012299825
-0.0007912678
-0.0009464403
-0.0013463987
-0.0012234703
0.0007283357
0.0050794934
0.0102292040
0.0131026292
0.0117889548
0.0070917838
0.0016186758
-0.0024730391
-0.0048376843
-0.0066716055
-0.0096963897
-0.0149425139
-0.0217650495
-0.0280073046
-0.0317038641
-0.0328811400
-0.0331973860
-0.0338564584
-0.0345117845
-0.0342540524
-0.0329413323
-0.0309353428
-0.0279853964
-0.0234614297
-0.0175586546
-0.0115115658
-0.0061937812
-0.0010148661
0.0053803667
0.0133779316
0.0218242783
0.0291154952
0.0345618936
0.0384473538
0.0410286710
0.0419747219
0.0409216871
0.0383527958
0.0354351416
0.0331243024
0.0316815207
0.0310198481
0.0311049700
0.0317921710
0.0328559736
0.0342699409
0.0361081425
0.0382752048
0.0404076150
0.0420453011
0.0428638253
0.0428765236
0.0423996307
0.0419852220
0.0423251714
0.0440431263
0.0471713070
0.0509841445
0.0543618708
0.0564644960
0.0573411631
0.0577396413
0.0581254545
0.0582000182
0.0575203093
0.0564389234
0.0558984032
0.0560243023
0.0556841729
0.0538907458
0.0511611376
0.0491114157
0.0490358521
0.0511323853
0.0545765698
0.0580080431
0.0603402209
0.0614995806
0.0624027089
0.0638512063
0.0655013892
0.0664277154
0.0662765415
0.0652551941
0.0632705441
0.0598288125
0.0546453164
0.0480186277
0.0405796517
0.0331599154
0.0268922771
0.0228847889
0.0215229730
0.0219505868
0.0226387333
0.0229071711
0.0232980038
0.0244007145
0.0260252782
0.0278878850
0.0304469335
0.0344782205
0.0400788553
0.0464860389
0.0523531955
0.0561604494
0.0570973595
0.0558758702
0.0542584861
0.0536679947
0.0544574073
0.0562777571
0.0585385139
0.0603771329
0.0608599964
0.0597086870
0.0575835989
0.0556035433
0.0545270325
0.0542351509
0.0541821184
0.0542573006
0.0548738353
0.0560315368
0.0568545667
0.0564882884
0.0548683039
0.0521126636
0.0480561498
0.0429316909
0.0378822081
0.0341001095
0.0314279606
0.0285235404
0.0244049756
0.0196452890
0.0159194424
0.0144689133
0.0149624410
0.0158663699
0.0159678713
0.0155382334
0.0158174835
0.0175149377
0.0200928513
0.0223341592
0.0232176951
0.0222210665
0.0193676914
0.0154253696
0.0118644386
0.0098958474
0.0093990271
0.0090811883
0.0079825792
0.0065420726
0.0059649548
0.0066663576
0.0077437489
0.0080986495
0.0076952492
0.0075741753
0.0085904475
0.0103877900
0.0116921000
0.0115812752
0.0105061110
0.0101507606
0.0121628298
0.0167555828
0.0221680594
0.0259567172
0.0269753732
0.0261032886
0.0251380269
0.0250855767
0.0254706028
0.0250424014
0.0231487738
0.0205004707
0.0186155070
0.0184082356
0.0192257957
0.0195453555
0.0185074197
0.0166942127
0.0156998358
0.0170298109
0.0210823377
0.0269644431
0.0331991910
0.0385057745
0.0420839058
0.0436072775
0.0431846760
0.0415817923
0.0402092702
0.0403842878
0.0424549895
0.0454973214
0.0480775320
0.0495515715
0.0503977712
0.0512558654
0.0521034440
0.0527758184
0.0537790031
0.0558398981
0.0587783611
0.0612672447
0.0616794332
0.0592763422
0.0547941762
0.0501408727
0.0471873951
0.0465226388
0.0471797864
0.0477685984
0.0475869844
0.0466392798
0.0450909467
0.0431393787
0.0413575173
0.0405851624
0.0410881379
0.0419815903
0.0418821925
0.0400805088
0.0370093661
0.0335860585
0.0303151017
0.0270417014
0.0234239795
0.0193757655
0.0151837441
0.0113700373
0.0083144590
0.0055942717
0.0019492277
-0.0035352212
-0.0100130564
-0.0152098151
-0.0175296930
-0.0172681215
-0.0157373854
-0.0136673691
-0.0108413879
-0.0071204499
-0.0031567402
0.0004470420
0.0041229670
0.0088699909
0.0149942509
0.0217394506
0.0280310179
0.0335280194
0.0387635879
0.0442225581
0.0495483544
0.0539356704
0.0569215411
0.0585668704
0.0591300863
0.0586378624
0.0569198005
0.0540562796
0.0506167936
0.0472656383
0.0441229122
0.0408584090
0.0375168335
0.0348667626
0.0336953660
0.0340437951
0.0350655253
0.0356601314
0.0351468345
0.0334869545
0.0312634897
0.0293509324
0.0286068508
0.0294624241
0.0315096102
0.0337264927
0.0352362284
0.0357086447
0.0353280307
0.0347903099
0.0350271080
0.0365175013
0.0390177297
0.0418302742
0.0442188957
0.0455595257
0.0455698228
0.0447611632
0.0444900943
0.0460913241
0.0497918173
0.0545545916
0.0588186992
0.0612586661
0.0611962867
0.0588944361
0.0552734463
0.0506869324
0.0443829568
0.0356536999
0.0252962153
0.0155724152
0.0084439632
0.0040005470
0.0007160117
-0.0029454751
-0.0074749505
-0.0122565326
-0.0161154633
-0.0180521932
-0.0177240821
-0.0153939871
-0.0117237479
-0.0075006681
-0.0033025453
0.0007305437
0.0047143184
0.0089327852
0.0137019520
0.0190744400
0.0248699050
0.0308384001
0.0366798488
0.0418200356
0.0454554400
0.0471426304
0.0470720896
0.0456455936
0.0431285440
0.0399888969
0.0372611277
0.0363049316
0.0377409427
0.0406055686
0.0431216345
0.0441955830
0.0436418926
0.0414016607
0.0373178613
0.0317487197
0.0258310367
0.0208533943
0.0171837852
0.0140110550
0.0103333136
0.0058537770
0.0009749711
-0.0037032554
-0.0075287503
-0.0100129572
-0.0111653085
-0.0115043191
-0.0115533242
-0.0114303933
-0.0108782756
-0.0095495399
-0.0073664049
-0.0047948105
-0.0027692763
-0.0019124924
-0.0020313665
-0.0027259567
-0.0043937192
-0.0081207036
-0.0143933749
-0.0222246885
-0.0299802939
-0.0366808481
-0.0423096451
-0.0467702819
-0.0493929823
-0.0499837671
-0.0497088624
-0.0502306142
-0.0521676804
-0.0546325884
-0.0560528038
-0.0555431764
-0.0536292472
-0.0513308711
-0.0489196522
-0.0458193453
-0.0415700635
-0.0365563928
-0.0316729890
-0.0275109642
-0.0239725419
-0.0206301994
-0.0172668374
-0.0142018849
-0.0121901927
-0.0116687944
-0.0122021353
-0.0129221406
-0.0133716609
-0.0139808345
-0.0157138461
-0.0189651227
-0.0228136178
-0.0256835623
-0.0266012932
-0.0260758626
-0.0258095489
-0.0273938447
-0.0311412260
-0.0363883521
-0.0425295592
-0.0492852998
-0.0562269480
-0.0623474613
-0.0662373481
-0.0664811586
-0.0622809222
-0.0542596379
-0.0445666859
-0.0356652861
-0.0286123180
-0.0225560917
-0.0159659265
-0.0082964414
-0.0004588412
0.0059140337
0.0097124116
0.0111341711
0.0114344496
0.0118678906
0.0125585923
0.0125636093
0.0112336155
0.0092904676
0.0082972398
0.0090381236
0.0108111719
0.0122631312
0.0124550227
0.0109993536
0.0074680573
0.0013823597
-0.0068303914
-0.0154972076
-0.0228435043
-0.0283042411
-0.0326128899
-0.0366197477
-0.0403573595
-0.0430845663
-0.0441341965
-0.0438544947
-0.0436530178
-0.0449621532
-0.0483201023
-0.0533955280
-0.0593622069
-0.0650779033
-0.0693265582
-0.0717734523
-0.0734512272
-0.0759034969
-0.0797023018
-0.0839757297
-0.0874853348
-0.0900238478
-0.0923850732
-0.0950189763
-0.0972458008
-0.0979802300
-0.0967805390
-0.0938691038
-0.0896377381
-0.0848451868
-0.0807938149
-0.0786376195
-0.0784816264
-0.0794884392
-0.0807285139
-0.0816307222
-0.0818315399
-0.0811153842
-0.0797075173
-0.0782160620
-0.0767410101
-0.0742569592
-0.0693326041
-0.0612996951
-0.0508202413
-0.0397800547
-0.0308159503
-0.0259707420
-0.0250424777
-0.0257436660
-0.0258401118
-0.0247733695
-0.0232248513
-0.0217623139
-0.0204968972
-0.0197830326
-0.0204876291
-0.0235047196
-0.0289627251
-0.0359548592
-0.0433306905
-0.0505107126
-0.0573317561
-0.0632670806
-0.0674801484
-0.0695540507
-0.0701975368
-0.0709991346
-0.0732127467
-0.0767944059
-0.0804081723
-0.0825563426
-0.0830425698
-0.0831356736
-0.0842426547
-0.0866011763
-0.0891953362
-0.0905975824
-0.0900723276
-0.0881895175
-0.0862878043
-0.0853569101
-0.0857320674
-0.0875741973
-0.0909391524
-0.0952238367
-0.0992599597
-0.1024096115
-0.1054261233
-0.1096855473
-0.1154793136
-0.1213730397
-0.1255080122
-0.1273954303
-0.1281248100
-0.1290556653
-0.1306587805
-0.1325845443
-0.1344248436
-0.1361112036
-0.1374549692
-0.1379620694
-0.1374163446
-0.1361179805
-0.1343745637
-0.1324121113
-0.1307713692
-0.1302546014
-0.1312050031
-0.1331488451
-0.1352364386
-0.1367995719
-0.1375274901
-0.1372773147
-0.1358549513
-0.1330712440
-0.1290163611
-0.1240580972
-0.1185216009
-0.1124310203
-0.1057391749
-0.0985569627
-0.0908753094
-0.0824006009
-0.0729802906
-0.0631069530
-0.0539337447
-0.0467607869
-0.0421212393
-0.0393169947
-0.0369468028
-0.0341827166
-0.0314431003
-0.0297183699
-0.0293689172
-0.0297569993
-0.0298389664
-0.0289453420
-0.0272020545
-0.0253155942
-0.0238189246
-0.0225626225
-0.0210403995
-0.0189953996
-0.0165580721
-0.0140396878
-0.0116609382
-0.0095002468
-0.0076933270
-0.0064312568
-0.0057291458
-0.0054094060
-0.0055240359
-0.0065901671
-0.0091646500
-0.0132990019
-0.0186069898
-0.0247678397
-0.0317767555
-0.0397741394
-0.0486713741
-0.0579978627
-0.0671061298
-0.0755547784
-0.0831321052
-0.0900200279
-0.0970581956
-0.1054198823
-0.1155595858
-0.1263459184
-0.1358694885
-0.1430238663
-0.1479347952
-0.1511598194
-0.1529776221
-0.1534771824
-0.1530349088
-0.1521173085
-0.1506247825
-0.1477234823
-0.1424169142
-0.1344107292
-0.1246869277
-0.1152970076
-0.1081944031
-0.1039003486
-0.1012655244
-0.0986409595
-0.0954022774
-0.0923270633
-0.0905022404
-0.0901635536
-0.0906926384
-0.0913755097
-0.0917655991
-0.0913128560
-0.0894116658
-0.0861655677
-0.0826089820
-0.0796362038
-0.0768478058
-0.0730331695
-0.0676867089
-0.0617168322
-0.0564396148
-0.0522094248
-0.0484607027
-0.0445559642
-0.0402710736
-0.0358010917
-0.0314847351
-0.0273833266
-0.0230943602
-0.0181670683
-0.0127103939
-0.0074859587
-0.0032074313
0.0002700185
0.0037195183
0.0076385159
0.0117519213
0.0154674227
0.0184839648
0.0207591305
0.0223791556
0.0235425097
0.0245796507
0.0255641620
0.0260895713
0.0255522908
0.0235548009
0.0199161606
0.0147154976
0.0085157357
0.0023001383
-0.0030332998
-0.0071445511
-0.0101256543
-0.0122042161
-0.0137075690
-0.0152154908
-0.0174160708
-0.0206129667
-0.0245425361
-0.0287618649
-0.0330230728
-0.0373011540
-0.0416500813
-0.0459158542
-0.0496372286
-0.0523441778
-0.0542400186
-0.0562082874
-0.0588408262
-0.0616564114
-0.0634333733
-0.0632781179
-0.0614985755
-0.0594814764
-0.0588879373
-0.0609907012
-0.0662713895
-0.0742650479
-0.0836282216
-0.0927635259
-0.1007612427
-0.1075618206
-0.1132525458
-0.1177674490
-0.1213233933
-0.1247287746
-0.1287691092
-0.1332442687
-0.1367854358
-0.1377519003
-0.1356525508
-0.1312777246
-0.1257184170
-0.1196272540
-0.1132911188
-0.1070792432
-0.1016108677
-0.0975500841
-0.0951629951
-0.0941004527
-0.0937918569
-0.0939351819
-0.0943695359
-0.0948024898
-0.0950413336
-0.0955590237
-0.0975548883
-0.1023105414
-0.1104571562
-0.1215489059
-0.1340578188
-0.1462169700
-0.1570088154
-0.1665998326
-0.1757992054
-0.1850665291
-0.1941057613
-0.2020868627
-0.2083222961
-0.2130285521
-0.2172391097
-0.2218818812
-0.2269245676
-0.2313867634
-0.2344763404
-0.2364015332
-0.2377805071
-0.2388219564
-0.2393616351
-0.2394736352
-0.2394300912
-0.2392758795
-0.2388450920
-0.2382414480
-0.2379518063
-0.2382304935
-0.2387295441
-0.2388515273
-0.2382892753
-0.2368761467
-0.2341992296
-0.2297862662
-0.2237605897
-0.2169367107
-0.2101673219
-0.2038119047
-0.1977841143
-0.1917059990
-0.1851857815
-0.1781477716
-0.1709950609
-0.1642908133
-0.1581085582
-0.1518126643
-0.1446867295
-0.1367050125
-0.1284448029
-0.1203970935
-0.1125584087
-0.1046643518
-0.0965553447
-0.0883051990
-0.0799664872
-0.0715849217
-0.0636575977
-0.0574084096
-0.0542408260
-0.0547214605
-0.0580441641
-0.0624275054
-0.0662432385
-0.0688446194
-0.0703400474
-0.0708772632
-0.0702499721
-0.0681756896
-0.0647556557
-0.0604982305
-0.0558891963
-0.0509441079
-0.0453994831
-0.0394157863
-0.0337208498
-0.0289698605
-0.0252000477
-0.0220469685
-0.0192265023
-0.0166393821
-0.0142655023
-0.0121098591
-0.0101803109
-0.0084434633
-0.0067016565
-0.0045269743
-0.0012688705
0.0035584589
0.0098771313
0.0171289802
0.0249001796
0.0331333871
0.0417429039
0.0503356016
0.0585329954
0.0663006647
0.0736470493
0.0803267038
0.0858499314
0.0900390380
0.0932407167
0.0958487080
0.0978570902
0.0990741686
0.0993952784
0.0987732418
0.0970521533
0.0941280022
0.0903812478
0.0866198277
0.0834056170
0.0805380788
0.0772660337
0.0728153151
0.0669082404
0.0600411568
0.0532295139
0.0473863178
0.0429507550
0.0399339872
0.0381751552
0.0375749969
0.0379772911
0.0388042849
0.0392592005
0.0389028214
0.0377366631
0.0353117640
0.0301058821
0.0206637907
0.0075448929
-0.0067427946
-0.0199660347
-0.0318432843
-0.0438452076
-0.0572692195
-0.0716723302
-0.0849854985
-0.0949435840
-0.1008185359
-0.1038331543
-0.1062277653
-0.1096752334
-0.1143743208
-0.1195406534
-0.1244426733
-0.1288975519
-0.1330254476
-0.1370130136
-0.1409408894
-0.1447208822
-0.1480970967
-0.1507823257
-0.1527993304
-0.1546940572
-0.1572793892
-0.1612797800
-0.1671945840
-0.1750522183
-0.1841567437
-0.1930697495
-0.2004600377
-0.2059165377
-0.2100164906
-0.2136490232
-0.2172512212
-0.2205814309
-0.2230437517
-0.2241608138
-0.2239021226
-0.2226840608
-0.2209945460
-0.2189742990
-0.2164847297
-0.2135346778
-0.2105023601
-0.2077565396
-0.2053429293
-0.2030663418
-0.2007572917
-0.1982971544
-0.1953890644
-0.1915594842
-0.1865742341
-0.1806968508
-0.1745969974
-0.1690390955
-0.1644915794
-0.1606943255
-0.1565700111
-0.1509448380
-0.1434749509
-0.1347067852
-0.1253936463
-0.1161094773
-0.1074124991
-0.0999132303
-0.0937084597
-0.0878683039
-0.0810027805
-0.0725305379
-0.0633548736
-0.0552455063
-0.0496699255
-0.0468013008
-0.0451976270
-0.0425973434
-0.0373026921
-0.0290389477
-0.0188831762
-0.0084312434
0.0011609403
0.0097517581
0.0180477479
0.0269012953
0.0365195550
0.0460842947
0.0543430487
0.0607020552
0.0657683631
0.0709332693
0.0773937322
0.0853031140
0.0938189079
0.1018619185
0.1086716102
0.1140269748
0.1182665184
0.1220482083
0.1259533739
0.1302196336
0.1347149038
0.1392815170
0.1439313930
0.1485590466
0.1525023996
0.1545686651
0.1535879525
0.1490304831
0.1412762642
0.1315184464
0.1214446153
0.1126711640
0.1063122275
0.1025855688
0.1006449216
0.0987525326
0.0947690932
0.0869781536
0.0749792015
0.0596684084
0.0422799082
0.0235676259
0.0041438075
-0.0149861143
-0.0322931121
-0.0461999491
-0.0561341869
-0.0626050690
-0.0665173864
-0.0685190253
-0.0687582103
-0.0672100705
-0.0642487651
-0.0609521442
-0.0584708767
-0.0570611838
-0.0559955953
-0.0547403432
-0.0538895728
-0.0545651263
-0.0571513459
-0.0607955873
-0.0641628328
-0.0664738992
-0.0677732833
-0.0685714337
-0.0693181147
-0.0700628643
-0.0704327882
-0.0699018664
-0.0680366277
-0.0648094664
-0.0608885902
-0.0572285731
-0.0544583711
-0.0527563102
-0.0518659279
-0.0509321399
-0.0488229787
-0.0450321796
-0.0399559604
-0.0341026859
-0.0274971922
-0.0201513927
-0.0126760977
-0.0061467579
-0.0013194315
0.0017096946
0.0033491540
0.0041274439
0.0045150914
0.0048951108
0.0054738136
0.0061857657
0.0067556144
0.0069547940
0.0068737851
0.0070580510
0.0083766809
0.0114533817
0.0161494756
0.0215554348
0.0263523199
0.0294637465
0.0304980388
0.0297410759
0.0279761179
0.0263177148
0.0257677614
0.0263269415
0.0266226386
0.0249306223
0.0207163311
0.0150698653
0.0098013990
0.0062337813
0.0044233281
0.0030146484
-0.0001957539
-0.0069644108
-0.0172416135
-0.0290798403
-0.0403395029
-0.0501415727
-0.0589303675
-0.0672509076
-0.0749084709
-0.0813322983
-0.0861936240
-0.0896742849
-0.0921345892
-0.0938045273
-0.0946701372
-0.0944407453
-0.0928829962
-0.0904077530
-0.0880808853
-0.0867048667
-0.0860824733
-0.0854063881
-0.0841682173
-0.0824718990
-0.0806030417
-0.0787747097
-0.0771598466
-0.0756186468
-0.0730981261
-0.0682872968
-0.0613061229
-0.0542844556
-0.0496461839
-0.0481229410
-0.0485489148
-0.0492173432
-0.0492505612
-0.0487631431
-0.0482901953
-0.0481460926
-0.0480492228
-0.0470796003
-0.0441242523
-0.0386088347
-0.0308232236
-0.0213341841
-0.0105501862
0.0010151365
0.0126437494
0.0236432763
0.0338079006
0.0434478679
0.0528127190
0.0618544121
0.0702345110
0.0777458410
0.0845978178
0.0911073243
0.0972937791
0.1027708766
0.1071758691
0.1106571574
0.1138672638
0.1174938432
0.1218286535
0.1267078193
0.1317911341
0.1367442914
0.1412205637
0.1450822971
0.1486614041
0.1525703131
0.1570662060
0.1618997140
0.1668905418
0.1725585898
0.1798986042
0.1897432696
0.2020359833
0.2153660883
0.2269485459
0.2334727364
0.2325549276
0.2240922238
0.2105194769
0.1952327904
0.1804831762
0.1664176911
0.1526489509
0.1398007933
0.1294195246
0.1226632409
0.1195266564
0.1189181693
0.1192737303
0.1194318973
0.1193681073
0.1200454194
0.1222589767
0.1257136044
0.1295595618
0.1334774945
0.1379030991
0.1433678839
0.1499274638
0.1570971981
0.1641343929
0.1704706479
0.1761150617
0.1818694615
0.1888644510
0.1977036276
0.2080726467
0.2192306452
0.2304992381
0.2410201358
0.2496423988
0.2555827554
0.2592233039
0.2622493567
0.2668051536
0.2741715725
0.2837013773
0.2931320030
0.3003234388
0.3047262150
0.3072333368
0.3089547079
0.3104098832
0.3116042850
0.3122924672
0.3120791365
0.3106435320
0.3080676551
0.3051695091
0.3033348022
0.3037435869
0.3062987188
0.3094770724
0.3115639055
0.3120876582
0.3120735122
0.3129526352
0.3153841019
0.3191329926
0.3234739784
0.3275002800
0.3305753463
0.3324949928
0.3331009638
0.3319003338
0.3284712042
0.3233453781
0.3181532039
0.3148792611
0.3149319818
0.3185350802
0.3246246611
0.3314095217
0.3374684548
0.3425704100
0.3473440143
0.3520227610
0.3557915639
0.3575681671
0.3571966779
0.3557445480
0.3546273468
0.3546878444
0.3561832883
0.3592990924
0.3643552683
0.3712340281
0.3788080310
0.3854934139
0.3903764371
0.3937752411
0.3967118526
0.4000011423
0.4036995279
0.4071282752
0.4092339601
0.4094002770
0.4084495705
0.4085363356
0.4113275844
0.4158843975
0.4199869052
0.4236420263
0.4277965969
0.4355292324
0.4437762913
0.4484767933
0.4565156833
0.4615554497
0.4673718704
0.4653652143
0.4658273678
0.4683848164
0.4689782375
0.4732043602
0.4593843128
0.4372757496
0.4252754724
0.4227092277
0.4280932385
0.4351292330
0.4353876948
0.4323000452
0.4312530642
0.4345085686
0.4398118295
0.4421656601
0.4388072527
0.4318697717
0.4271799197
0.4298172079
0.4394957132
0.4494527514
0.4505121230
0.4376660784
0.4142247202
0.3901421691
0.3754839134
0.3742098175
0.3827825421
0.3935211321
0.3995144618
0.3980411119
0.3910828771
0.3831362294
0.3779362328
0.3762809324
0.3763846363
0.3759907718
0.3741565550
0.3715528418
0.3696150209
0.3694368546
0.3712190480
0.3746561808
0.3793325693
0.3846870769
0.3899127942
0.3941942185
0.3971749413
0.3992411063
0.4013863784
0.4046132679
0.4091928904
0.4146026862
0.4200932984
0.4252847295
0.4299822527
0.4338405093
0.4364174258
0.4372795530
0.4360381486
0.4324615759
0.4265724114
0.4186448674
0.4091142522
0.3986712332
0.3879718685
0.3774235647
0.3671884317
0.3571471199
0.3472508159
0.3380200302
0.3302963905
0.3246382139
0.3209448432
0.3187963886
0.3179471056
0.3182469287
0.3192766637
0.3204884033
0.3216591741
0.3229611981
0.3244561411
0.3260484508
0.3278864778
0.3304907798
0.3343914815
0.3397817631
0.3464349317
0.3538307560
0.3612889011
0.3679083888
0.3727713162
0.3755517811
0.3770207828
0.3785951741
0.3812468518
0.3847967782
0.3884121552
0.3913771782
0.3935466155
0.3952548557
0.3968920455
0.3987198819
0.4008864766
0.4036947082
0.4076785753
0.4130642040
0.4191670764
0.4246447886
0.4284543732
0.4304598350
0.4311990420
0.4311836957
0.4304360506
0.4284837810
0.4248702919
0.4197080957
0.4136571323
0.4073711277
0.4008260054
0.3932321335
0.3835956618
0.3714146131
0.3570247507
0.3412119069
0.3246839035
0.3080003164
0.2917099386
0.2761820580
0.2615644440
0.2479685118
0.2355422161
0.2242038183
0.2135529641
0.2033416326
0.1940115513
0.1864920442
0.1814316887
0.1788267243
0.1782819308
0.1794240116
0.1819433807
0.1853338994
0.1887195585
0.1911031736
0.1920151303
0.1918106867
0.1913050793
0.1910030252
0.1907359596
0.1902924226
0.1901018826
0.1909619602
0.1930655069
0.1953129657
0.1961174243
0.1948288319
0.1922454833
0.1897462780
0.1877790950
0.1852466257
0.1805614049
0.1732688825
0.1644141722
0.1554589271
0.1467578341
0.1372290371
0.1256761749
0.1124490658
0.0994044738
0.0882285599
0.0791658949
0.0709611904
0.0621089439
0.0520430366
0.0410474020
0.0293841742
0.0169788631
0.0038478606
-0.0096586599
-0.0234024530
-0.0376432983
-0.0525625463
-0.0676561015
-0.0820030054
-0.0950986452
-0.1070668488
-0.1181880394
-0.1286468839
-0.1386718439
-0.1485724422
-0.1584383830
-0.1679462839
-0.1767718051
-0.1849196141
-0.1925438154
-0.1998008744
-0.2070652392
-0.2148949601
-0.2235443159
-0.2328176592
-0.2427868070
-0.2536710315
-0.2639571112
-0.2697202470
-0.2679216629
-0.2619558826
-0.2622135495
-0.2698563154
-0.2850396747
-0.2932277940
-0.2870384006
-0.2978731453
-0.2929554794
-0.3031712776
-0.3092948731
-0.2991168730
-0.3069988795
-0.3071710749
-0.3082985670
-0.3142687176
-0.3299963882
-0.3415488816
-0.3529435372
-0.3369934605
-0.3176138591
-0.3382641819
-0.3590019409
-0.3615984594
-0.3180174269
-0.2365396701
-0.1702070453
-0.1378949947
-0.1363889284
-0.1502832446
-0.1646699849
-0.1705802295
-0.1629514022
-0.1437898461
-0.1216750079
-0.1050167645
-0.0958099259
-0.0900708632
-0.0827262177
-0.0713267998
-0.0563998557
-0.0401421106
-0.0247500258
-0.0113363328
0.0002073431
0.0107070364
0.0211854837
0.0324812903
0.0447508911
0.0570111847
0.0676169819
0.0753999883
0.0801256882
0.0821173745
0.0815829892
0.0785856561
0.0734940838
0.0672544720
0.0609808614
0.0552143497
0.0495799357
0.0432843707
0.0360558771
0.0285484048
0.0217265240
0.0159948768
0.0109993384
0.0060785663
0.0007171161
-0.0055815224
-0.0136178118
-0.0245082920
-0.0392457623
-0.0577526089
-0.0782491510
-0.0978011494
-0.1136814483
-0.1245141598
-0.1303078451
-0.1319466709
-0.1310102900
-0.1295963661
-0.1295664551
-0.1316368639
-0.1353353639
-0.1397585921
-0.1440758758
-0.1478493561
-0.1509892705
-0.1535371923
-0.1554771236
-0.1565848874
-0.1563053036
-0.1540743491
-0.1498047233
-0.1439400362
-0.1368580504
-0.1286880429
-0.1199062280
-0.1115905043
-0.1045796418
-0.0985421756
-0.0924227968
-0.0856907194
-0.0789504727
-0.0734017511
-0.0697496621
-0.0675175492
-0.0654379836
-0.0626797401
-0.0595506395
-0.0567210099
-0.0540491731
-0.0507982397
-0.0468261715
-0.0429702981
-0.0400081238
-0.0374935509
-0.0341779522
-0.0293929962
-0.0236878485
-0.0181253135
-0.0132145728
-0.0085487386
-0.0034573349
0.0022690838
0.0082913528
0.0141021896
0.0191381128
0.0227215033
0.0245247187
0.0252529185
0.0265563022
0.0298122002
0.0347666542
0.0397168772
0.0432438674
0.0456005163
0.0485040848
0.0534801248
0.0602544698
0.0667870209
0.0707419361
0.0710567019
0.0685921088
0.0654258905
0.0633694658
0.0629332288
0.0634207185
0.0636913427
0.0632323404
0.0626512502
0.0628049706
0.0634778480
0.0634012594
0.0619314090
0.0601057567
0.0594731739
0.0601610328
0.0607476964
0.0597009636
0.0567157301
0.0527886146
0.0493283795
0.0471965756
0.0461942112
0.0451991322
0.0429556802
0.0391378903
0.0345915779
0.0304549245
0.0267664699
0.0222155877
0.0156120099
0.0075414911
-0.0000679975
-0.0060665951
-0.0111106922
-0.0163705716
-0.0222231912
-0.0285523288
-0.0352756742
-0.0420321717
-0.0479605442
-0.0523369552
-0.0557312494
-0.0599521915
-0.0663772307
-0.0742774542
-0.0814969735
-0.0867825755
-0.0908396581
-0.0953606351
-0.1012818274
-0.1079210910
-0.1135879325
-0.1169407394
-0.1180112287
-0.1180338555
-0.1181960407
-0.1188324023
-0.1196694392
-0.1205119080
-0.1214827270
-0.1227348663
-0.1241241462
-0.1252338634
-0.1257316454
-0.1256973607
-0.1257375336
-0.1266293659
-0.1285346878
-0.1305842169
-0.1314850674
-0.1307389412
-0.1291439944
-0.1279194640
-0.1276900710
-0.1283759950
-0.1296688333
-0.1313267282
-0.1330726042
-0.1348633552
-0.1372232435
-0.1407720263
-0.1454072877
-0.1502850013
-0.1546273315
-0.1583334669
-0.1617685130
-0.1654557993
-0.1699733792
-0.1757169338
-0.1825106035
-0.1896404684
-0.1964429558
-0.2029829795
-0.2104858272
-0.2206807528
-0.2343577170
-0.2505424437
-0.2673841561
-0.2834370118
-0.2980973409
-0.3113782130
-0.3233425166
-0.3335749174
-0.3409777540
-0.3444038531
-0.3437602452
-0.3405355134
-0.3371067379
-0.3352964607
-0.3355773816
-0.3372124305
-0.3391267370
-0.3407263923
-0.3421140932
-0.3436653464
-0.3453855946
-0.3466235926
-0.3464782469
-0.3448122472
-0.3429898902
-0.3431525667
-0.3463797914
-0.3515595065
-0.3564544392
-0.3596520091
-0.3611588853
-0.3616442736
-0.3615938537
-0.3609869815
-0.3593182086
-0.3560095279
-0.3513304630
-0.3468023632
-0.3442246736
-0.3439052481
-0.3441971024
-0.3428606849
-0.3388709030
-0.3327191063
-0.3251847404
-0.3162068085
-0.3051441118
-0.2915916813
-0.2757283156
-0.2584885799
-0.2412148844
-0.2249711693
-0.2101648600
-0.1969104123
-0.1856904989
-0.1771285613
-0.1712398071
-0.1670172713
-0.1630489802
-0.1584335016
-0.1530014889
-0.1469778586
-0.1406900296
-0.1343166002
-0.1278498076
-0.1215238121
-0.1157736193
-0.1104747912
-0.1046250454
-0.0969960807
-0.0872138642
-0.0762726797
-0.0658729005
-0.0570497873
-0.0495152255
-0.0421544995
-0.0340642593
-0.0251849663
-0.0162994793
-0.0084802021
-0.0024128978
0.0019900790
0.0055011696
0.0090987722
0.0132397943
0.0175521266
0.0210255731
0.0226341985
0.0219987574
0.0197472872
0.0171559013
0.0150979354
0.0133408925
0.0110566527
0.0079215503
0.0043812756
0.0007992998
-0.0030277117
-0.0073738770
-0.0121929293
-0.0172889985
-0.0222580208
-0.0263471384
-0.0290179121
-0.0309340857
-0.0338388592
-0.0389114794
-0.0454488482
-0.0516759994
-0.0566508053
-0.0608013267
-0.0649175933
-0.0692948497
-0.0740333489
-0.0795149291
-0.0859662930
-0.0929397186
-0.0995850834
-0.1054196378
-0.1106733265
-0.1157703408
-0.1206879627
-0.1252416421
-0.1295105333
-0.1336586415
-0.1375282457
-0.1407435906
-0.1431591094
-0.1448342086
-0.1456884957
-0.1456436251
-0.1450777797
-0.1448564839
-0.1456967412
-0.1475608403
-0.1499685541
-0.1527936159
-0.1563470542
-0.1606224877
-0.1648694818
-0.1681553652
-0.1703295089
-0.1723326632
-0.1754355086
-0.1799908601
-0.1850162444
-0.1889035203
-0.1906174273
-0.1904787343
-0.1898520707
-0.1899603683
-0.1909342276
-0.1919331600
-0.1919859766
-0.1909875730
-0.1900284828
-0.1907104351
-0.1938672700
-0.1988485149
-0.2041430099
-0.2085854748
-0.2119894056
-0.2148126945
-0.2175222257
-0.2201916632
-0.2224445155
-0.2236872188
-0.2235462614
-0.2223658355
-0.2213369685
-0.2218339294
-0.2243774205
-0.2282159096
-0.2318213223
-0.2338542769
-0.2339051370
-0.2325516140
-0.2306113499
-0.2283599283
-0.2253806434
-0.2211627081
-0.2158518079
-0.2104857414
-0.2063395865
-0.2038291197
-0.2019117819
-0.1987323654
-0.1931261138
-0.1856058498
-0.1780192652
-0.1719713452
-0.1676013266
-0.1639582547
-0.1603768993
-0.1570817473
-0.1545192005
-0.1524799272
-0.1502926826
-0.1477311266
-0.1453198291
-0.1440273405
-0.1447162497
-0.1474270019
-0.1512715664
-0.1553758355
-0.1595842057
-0.1640350159
-0.1687120889
-0.1736195067
-0.1787474411
-0.1835543289
-0.1869643943
-0.1881989408
-0.1876544620
-0.1865884879
-0.1858653673
-0.1853108460
-0.1843743862
-0.1828462016
-0.1806870371
-0.1778672773
-0.1747207094
-0.1720943292
-0.1706148703
-0.1700047941
-0.1692977037
-0.1676686309
-0.1651298672
-0.1626226698
-0.1613251191
-0.1617544237
-0.1636500635
-0.1665963063
-0.1703744899
-0.1746906091
-0.1789574907
-0.1824909417
-0.1849690168
-0.1863971748
-0.1868462357
-0.1863473234
-0.1848808809
-0.1824481193
-0.1792648669
-0.1758905129
-0.1728598733
-0.1702925366
-0.1679091117
-0.1653938355
-0.1626172858
-0.1595236297
-0.1562322161
-0.1532921512
-0.1516140184
-0.1518779160
-0.1539387789
-0.1569162092
-0.1598838567
-0.1624520161
-0.1646603710
-0.1663913959
-0.1672130119
-0.1670309754
-0.1666715557
-0.1671569462
-0.1685120162
-0.1698527719
-0.1703189594
-0.1696295470
-0.1678760259
-0.1652951228
-0.1626033982
-0.1609008447
-0.1606578995
-0.1609390611
-0.1600286335
-0.1570227838
-0.1525294659
-0.1476986776
-0.1429540156
-0.1379697492
-0.1324457110
-0.1266772366
-0.1213961549
-0.1170930362
-0.1135731870
-0.1100062973
-0.1053377781
-0.0991031612
-0.0922122418
-0.0864515567
-0.0829202158
-0.0810660987
-0.0795158981
-0.0774643390
-0.0748210931
-0.0714764739
-0.0673229473
-0.0629431150
-0.0593496550
-0.0567062724
-0.0539397155
-0.0497550562
-0.0439686812
-0.0377514485
-0.0326647863
-0.0297057098
-0.0289458485
-0.0294891446
-0.0297550203
-0.0283591875
-0.0254387274
-0.0228694021
-0.0227188197
-0.0253916925
-0.0290717578
-0.0310757205
-0.0300078941
-0.0268319709
-0.0237065129
-0.0219793277
-0.0214639248
-0.0209499066
-0.0192446316
-0.0162279961
-0.0130542223
-0.0110958792
-0.0107363093
-0.0111272866
-0.0110276924
-0.0098243558
-0.0079321362
-0.0063544366
-0.0058288354
-0.0063811361
-0.0074178990
-0.0081372652
-0.0080442782
-0.0071511014
-0.0058033662
-0.0045553379
-0.0040150821
-0.0045883055
-0.0060511883
-0.0075688277
-0.0084444670
-0.0087248285
-0.0088818063
-0.0093760118
-0.0105550616
-0.0124859362
-0.0146325323
-0.0160540736
-0.0160142406
-0.0147464499
-0.0137109465
-0.0147783540
-0.0186119543
-0.0239348698
-0.0283989537
-0.0304189000
-0.0302590399
-0.0294150232
-0.0290787238
-0.0294235365
-0.0301693797
-0.0313548950
-0.0333088021
-0.0359657538
-0.0385455108
-0.0402727400
-0.0409570756
-0.0406663170
-0.0389947587
-0.0350565290
-0.0283310029
-0.0193734948
-0.0097831113
-0.0014438833
0.0043803324
0.0077646450
0.0099382926
0.0123679462
0.0157937901
0.0200264135
0.0246416214
0.0295011146
0.0344324330
0.0387630469
0.0417888907
0.0436075826
0.0450800300
0.0468964934
0.0489525781
0.0508157519
0.0523294352
0.0534946870
0.0541420437
0.0539472860
0.0526263044
0.0500173657
0.0459644250
0.0403060528
0.0329513236
0.0236811620
0.0120714329
-0.0018834697
-0.0168762896
-0.0306150159
-0.0413071611
-0.0486398080
-0.0535242209
-0.0571639007
-0.0604125622
-0.0637346498
-0.0671864394
-0.0702523237
-0.0720051852
-0.0718597800
-0.0700697052
-0.0673869645
-0.0645320445
-0.0620678181
-0.0603549325
-0.0593663144
-0.0587565218
-0.0581198495
-0.0571193795
-0.0555353832
-0.0534251895
-0.0512554487
-0.0495374571
-0.0483131762
-0.0472146531
-0.0459617415
-0.0447379264
-0.0440662924
-0.0442822841
-0.0451991643
-0.0462866279
-0.0471409303
-0.0478197897
-0.0487810030
-0.0505098101
-0.0530606204
-0.0559178767
-0.0582314796
-0.0593166448
-0.0591654347
-0.0586845906
-0.0592286546
-0.0616487006
-0.0657998792
-0.0708968427
-0.0762121359
-0.0814732062
-0.0866786724
-0.0916261033
-0.0960787469
-0.1002799389
-0.1049191255
-0.1101625642
-0.1150973676
-0.1186906673
-0.1208940606
-0.1223958181
-0.1237951213
-0.1256094827
-0.1284692006
-0.1324425405
-0.1364650942
-0.1392701124
-0.1409357087
-0.1427759459
-0.1457915562
-0.1497816210
-0.1538965379
-0.1574162104
-0.1599789127
-0.1615314526
-0.1624858117
-0.1637141059
-0.1659502651
-0.1691233177
-0.1724604306
-0.1751769787
-0.1770676649
-0.1787134867
-0.1810575192
-0.1844999605
-0.1884432663
-0.1917404328
-0.1935567414
-0.1939028481
-0.1935471310
-0.1934200447
-0.1939388265
-0.1948025404
-0.1955456816
-0.1962425505
-0.1974513388
-0.1993915090
-0.2014822656
-0.2027487783
-0.2026750323
-0.2016817858
-0.2007593445
-0.2006025971
-0.2011013852
-0.2014864646
-0.2010369541
-0.1996539431
-0.1981826610
-0.1981643237
-0.2007983557
-0.2057876818
-0.2111983203
-0.2147310039
-0.2152097792
-0.2133530058
-0.2112212146
-0.2107126319
-0.2122779221
-0.2148104245
-0.2166674000
-0.2169639476
-0.2161646059
-0.2153856175
-0.2153870300
-0.2161129184
-0.2170353755
-0.2178474862
-0.2184116933
-0.2183438908
-0.2170281078
-0.2139789736
-0.2091032000
-0.2028286679
-0.1959489208
-0.1890299981
-0.1819197184
-0.1740895455
-0.1656528127
-0.1576790924
-0.1511674118
-0.1458201468
-0.1402951040
-0.1338338410
-0.1273896932
-0.1226828914
-0.1201493105
-0.1184836915
-0.1161467921
-0.1127735004
-0.1088512814
-0.1046744872
-0.1005016708
-0.0974773922
-0.0971998815
-0.1001836871
-0.1051196721
-0.1099444652
-0.1135279715
-0.1161871426
-0.1190270718
-0.1229839773
-0.1283252623
-0.1345021213
-0.1401764821
-0.1440025780
-0.1456807158
-0.1460169314
-0.1462548811
-0.1471011678
-0.1482096323
-0.1485820332
-0.1475471304
-0.1450565373
-0.1413602887
-0.1369226604
-0.1323874270
-0.1281523035
-0.1238065543
-0.1183893413
-0.1115082154
-0.1041073106
-0.0976519207
-0.0927574242
-0.0889470957
-0.0854748414
-0.0819897876
-0.0783731442
-0.0743233406
-0.0693410704
-0.0633401337
-0.0569770014
-0.0510764036
-0.0458553684
-0.0407167202
-0.0346461965
-0.0269979241
-0.0182273284
-0.0098000872
-0.0033574065
0.0004530576
0.0024561858
0.0042087444
0.0067912676
0.0101751529
0.0132795735
0.0147720494
0.0141813363
0.0123334485
0.0104528127
0.0087277698
0.0061839668
0.0019063040
-0.0037283271
-0.0090890186
-0.0125751706
-0.0141975350
-0.0155184867
-0.0177903610
-0.0206322892
-0.0228077947
-0.0236697517
-0.0234749450
-0.0228057542
-0.0220979379
-0.0217210891
-0.0222398082
-0.0239879423
-0.0263565665
-0.0280756267
-0.0283684100
-0.0277136075
-0.0273067014
-0.0277396713
-0.0282148180
-0.0269604345
-0.0230593467
-0.0178736447
-0.0141197848
-0.0134729712
-0.0152416446
-0.0174366924
-0.0186347374
-0.0186824571
-0.0179438313
-0.0163885687
-0.0135788487
-0.0091690342
-0.0034903712
0.0025047684
0.0078065513
0.0119008243
0.0148013883
0.0170377192
0.0196491664
0.0234263795
0.0278257648
0.0312453337
0.0325769495
0.0322520377
0.0315126647
0.0311266664
0.0310455173
0.0309761817
0.0307987587
0.0305400150
0.0299552893
0.0283823867
0.0252230091
0.0206483254
0.0157149531
0.0116730794
0.0093947364
0.0091361565
0.0103266489
0.0116971313
0.0121826827
0.0117205883
0.0110920772
0.0110173395
0.0112622525
0.0107434262
0.0086738186
0.0054360594
0.0021567418
-0.0004623558
-0.0025470735
-0.0043806185
-0.0059124755
-0.0071474540
-0.0086400258
-0.0109858263
-0.0140073612
-0.0168256266
-0.0187648462
-0.0199134350
-0.0211442559
-0.0235876628
-0.0276440031
-0.0324982940
-0.0367474504
-0.0396343529
-0.0415937298
-0.0435155637
-0.0457275630
-0.0476907108
-0.0486862814
-0.0485202503
-0.0475635543
-0.0461513726
-0.0440251954
-0.0405948488
-0.0357871561
-0.0303800406
-0.0252238713
-0.0203525528
-0.0152857506
-0.0099187156
-0.0047353827
-0.0004206416
0.0028089819
0.0056246556
0.0092670194
0.0146478153
0.0218476827
0.0303289787
0.0392376599
0.0475862784
0.0546944527
0.0606893923
0.0663249309
0.0720855088
0.0776199065
0.0821991678
0.0854253966
0.0874032698
0.0882323448
0.0877634979
0.0857199458
0.0820982025
0.0774694677
0.0727425638
0.0684504395
0.0644696805
0.0607160307
0.0578763038
0.0569422744
0.0578352768
0.0586875443
0.0571726249
0.0527318873
0.0470991232
0.0425461912
0.0398904964
0.0382929294
0.0366617680
0.0346834919
0.0326751422
0.0309820612
0.0299840904
0.0302470860
0.0319942048
0.0343800100
0.0357551793
0.0349807206
0.0324198138
0.0295266892
0.0275202969
0.0266527013
0.0265419617
0.0266434151
0.0261724347
0.0242150349
0.0204401173
0.0158846497
0.0126559855
0.0121899102
0.0135192465
0.0140354146
0.0119504941
0.0078660725
0.0039904301
0.0020086408
0.0018423065
0.0023599536
0.0028083001
0.0034017324
0.0048385461
0.0076002199
0.0115748087
0.0160165847
0.0196279061
0.0209070155
0.0191800397
0.0154513050
0.0119113224
0.0103352255
0.0109370866
0.0126847479
0.0143636886
0.0153316560
0.0155801504
0.0154269666
0.0152098939
0.0150081516
0.0147107195
0.0143455468
0.0142526140
0.0146742691
0.0153910374
0.0158414441
0.0156595827
0.0150756578
0.0148393723
0.0157738691
0.0182954374
0.0220783775
0.0259589572
0.0285474944
0.0292706208
0.0289660495
0.0292120253
0.0310005679
0.0340595651
0.0373674950
0.0401524230
0.0423318498
0.0444302644
0.0469447608
0.0496598019
0.0517696264
0.0527892638
0.0530996111
0.0532817851
0.0534956244
0.0536525926
0.0537825477
0.0540667088
0.0546421675
0.0555595688
0.0568359322
0.0583696775
0.0597256307
0.0604546666
0.0606670213
0.0608539007
0.0612894456
0.0620635907
0.0635435989
0.0660829940
0.0691196218
0.0711880057
0.0714163237
0.0707178457
0.0707868738
0.0721050326
0.0737257575
0.0749782382
0.0763982809
0.0787921209
0.0818133704
0.0840494745
0.0842710706
0.0825969758
0.0804558101
0.0795143733
0.0803394896
0.0821107376
0.0837202621
0.0848993241
0.0861138887
0.0875091356
0.0884466619
0.0883817349
0.0876792523
0.0871133679
0.0870111445
0.0872084187
0.0875484353
0.0879648009
0.0882455466
0.0881822490
0.0878879806
0.0876663515
0.0875343281
0.0870753639
0.0858349217
0.0837236750
0.0810338654
0.0783583539
0.0764738656
0.0759577974
0.0767517315
0.0782491718
0.0798688327
0.0813545956
0.0827229775
0.0839947813
0.0851377136
0.0859776434
0.0863012631
0.0861760606
0.0859875593
0.0859061206
0.0856789190
0.0851599132
0.0846924120
0.0848146117
0.0858315346
0.0875166790
0.0891245791
0.0898345671
0.0894430393
0.0887697201
0.0891743845
0.0913145276
0.0943303614
0.0966685798
0.0978127089
0.0988714764
0.1012160547
0.1048789291
0.1086563852
0.1115419288
0.1135943262
0.1151801452
0.1159997319
0.1154592687
0.1136181736
0.1114593156
0.1103477529
0.1111717627
0.1136282909
0.1162450923
0.1173717060
0.1164220032
0.1139726051
0.1108156222
0.1072045473
0.1029423238
0.0979028396
0.0922645231
0.0863401318
0.0803353337
0.0743027320
0.0682485947
0.0623171717
0.0567954185
0.0517377305
0.0467303611
0.0412803903
0.0352903426
0.0293079764
0.0241479310
0.0203646561
0.0178701763
0.0159200700
0.0137915793
0.0113793345
0.0091549124
0.0077830674
0.0077592657
0.0092989532
0.0125102732
0.0177278256
0.0254896178
0.0357952831
0.0473385540
0.0580218333
0.0664889000
0.0728977079
0.0783382923
0.0837240993
0.0891770765
0.0940263608
0.0972961475
0.0984281463
0.0977668532
0.0964248253
0.0956432175
0.0960966379
0.0978040519
0.1005746358
0.1042836517
0.1086062658
0.1130944931
0.1176946539
0.1225864328
0.1274320483
0.1314443785
0.1344298687
0.1371563947
0.1403263834
0.1436224450
0.1461168568
0.1472784993
0.1471898359
0.1459480052
0.1433723871
0.1394056983
0.1345047304
0.1295939329
0.1257624056
0.1237183413
0.1232459223
0.1233508736
0.1228898205
0.1211645212
0.1181393026
0.1144372674
0.1110736505
0.1090460513
0.1087640100
0.1096414195
0.1103511799
0.1096495023
0.1072661073
0.1039644772
0.1008390113
0.0989167048
0.0993832161
0.1031860083
0.1100005370
0.1181362143
0.1258808184
0.1326113900
0.1385140396
0.1435659537
0.1473498211
0.1497467929
0.1513296760
0.1528267273
0.1543986786
0.1555751561
0.1557802585
0.1548898503
0.1533711195
0.1520274797
0.1514097010
0.1512087871
0.1502784291
0.1476134216
0.1434403512
0.1390968751
0.1357926582
0.1336196854
0.1316360218
0.1287298179
0.1245891979
0.1200879553
0.1166081967
0.1148619638
0.1144195519
0.1145033000
0.1150724654
0.1169849225
0.1210245113
0.1269134440
0.1334520102
0.1395620068
0.1450943127
0.1505466546
0.1558543099
0.1598706918
0.1615784502
0.1614418905
0.1609452466
0.1612253199
0.1624632496
0.1640910518
0.1654103016
0.1660484627
0.1659661804
0.1652334238
0.1640140675
0.1625139438
0.1607117473
0.1585525320
0.1563928465
0.1550044715
0.1547684016
0.1549225685
0.1542490571
0.1525725625
0.1511952503
0.1514154853
0.1528082976
0.1535396339
0.1523109496
0.1496950664
0.1475395056
0.1473641918
0.1492352144
0.1517809730
0.1531914221
0.1525375266
0.1503326411
0.1479844647
0.1466794036
0.1468199543
0.1482432075
0.1503639779
0.1520940952
0.1522160803
0.1504177219
0.1481056471
0.1476145598
0.1499980200
0.1537858851
0.1563714658
0.1565177813
0.1552912433
0.1548141637
0.1566725137
0.1610333296
0.1665547718
0.1711600820
0.1735416600
0.1742239022
0.1748161949
0.1762490560
0.1781803003
0.1798605399
0.1809354644
0.1813058683
0.1809486383
0.1800227974
0.1789114921
0.1781531768
0.1781138721
0.1786234292
0.1791150941
0.1793066815
0.1795779352
0.1804269197
0.1817685475
0.1827941368
0.1827176937
0.1815278050
0.1798688177
0.1784184430
0.1774508182
0.1769640221
0.1769066716
0.1770717943
0.1770352456
0.1765840899
0.1759496076
0.1754051073
0.1748592330
0.1739955892
0.1728481398
0.1720908037
0.1726191256
0.1745712793
0.1767946202
0.1774927716
0.1757330740
0.1723019560
0.1690960768
0.1676327167
0.1681745059
0.1697517125
0.1709348363
0.1707667752
0.1693511531
0.1677611093
0.1672928392
0.1684811328
0.1705899993
0.1720372647
0.1715586036
0.1691616455
0.1661402831
0.1642185880
0.1643130091
0.1659332766
0.1677400917
0.1684267554
0.1671708814
0.1637271755
0.1586340649
0.1532751899
0.1491151877
0.1464031208
0.1440495592
0.1409600840
0.1369108252
0.1322857517
0.1275511165
0.1230187501
0.1190633835
0.1161806979
0.1146418600
0.1140812153
0.1136666345
0.1129833979
0.1125634814
0.1136024079
0.1172127118
0.1235834739
0.1318456137
0.1408543352
0.1499025030
0.1583656571
0.1650095975
0.1685684273
0.1692230847
0.1689319608
0.1700445162
0.1735208087
0.1783005420
0.1823546818
0.1844157158
0.1848731002
0.1849851074
0.1853851679
0.1856344642
0.1851067788
0.1837809105
0.1821200949
0.1804523987
0.1788133883
0.1771482237
0.1753544822
0.1732735206
0.1707501423
0.1677640910
0.1644839784
0.1612211407
0.1583835154
0.1564486206
0.1557720491
0.1564208055
0.1581014148
0.1602095713
0.1621554486
0.1639668439
0.1663877235
0.1699142437
0.1737806226
0.1765052539
0.1773742595
0.1770946524
0.1771050653
0.1784495532
0.1811597175
0.1846124824
0.1883186325
0.1922315237
0.1964387918
0.2006737013
0.2042074049
0.2064179656
0.2076412030
0.2092263176
0.2123068543
0.2165278544
0.2202852524
0.2223393017
0.2228540146
0.2230184769
0.2237296242
0.2246909636
0.2248178465
0.2234096221
0.2206878720
0.2173056340
0.2136628826
0.2096311614
0.2048179077
0.1992485046
0.1937554726
0.1895946585
0.1873126550
0.1859134974
0.1836967272
0.1798767405
0.1750714686
0.1703170621
0.1661518535
0.1626742342
0.1599472301
0.1578413433
0.1557267614
0.1529962948
0.1499910301
0.1480364103
0.1482447807
0.1505059373
0.1537067851
0.1568782375
0.1599328132
0.1636193516
0.1687926881
0.1755189052
0.1827332610
0.1888154940
0.1929457338
0.1956666272
0.1979889033
0.2004333940
0.2029805616
0.2052794740
0.2068952964
0.2075780079
0.2073385292
0.2064598744
0.2056250341
0.2054302370
0.2057475880
0.2059386710
0.2055913061
0.2049759803
0.2047865669
0.2052964543
0.2060810129
0.2063832139
0.2058434532
0.2048648093
0.2043149765
0.2047240744
0.2056423568
0.2058421216
0.2044528070
0.2018418792
0.1991426525
0.1968616163
0.1944070916
0.1909339267
0.1862835907
0.1810670836
0.1760438404
0.1717702246
0.1686436879
0.1668735833
0.1663420641
0.1666008948
0.1668871455
0.1661918643
0.1638129284
0.1602643617
0.1573767636
0.1566107095
0.1570728256
0.1557760984
0.1503548637
0.1413317415
0.1314363842
0.1232467058
0.1176928903
0.1143097765
0.1119337745
0.1092983402
0.1056438366
0.1011787345
0.0967090404
0.0928036215
0.0896028797
0.0871017320
0.0853455868
0.0843125595
0.0839878130
0.0844966584
0.0857849615
0.0870073273
0.0869819954
0.0855724765
0.0842826382
0.0849841644
0.0880625701
0.0924588950
0.0971426202
0.1019073879
0.1067057823
0.1111272429
0.1147933095
0.1176922577
0.1198897359
0.1212752455
0.1216414162
0.1210345075
0.1196998316
0.1177407058
0.1152329936
0.1125399314
0.1100947158
0.1076851105
0.1045809025
0.1003979815
0.0955860892
0.0909806385
0.0871111658
0.0840339061
0.0815588522
0.0793173725
0.0768146023
0.0737910686
0.0706098081
0.0678236515
0.0652302896
0.0617412492
0.0564744036
0.0499283475
0.0436968118
0.0392064252
0.0370501823
0.0369048278
0.0373607695
0.0363002447
0.0323446183
0.0261908481
0.0205544755
0.0187796789
0.0230655577
0.0328996468
0.0447159006
0.0539102932
0.0579158756
0.0575173117
0.0554111872
0.0538113913
0.0531183516
0.0523692348
0.0505218496
0.0472918361
0.0431512413
0.0388402861
0.0350242197
0.0321358198
0.0302047389
0.0288145648
0.0275386310
0.0261928337
0.0244992906
0.0218910859
0.0182104276
0.0144403665
0.0119520563
0.0109073649
0.0100177451
0.0080455982
0.0050306456
0.0018972098
-0.0006511691
-0.0023534385
-0.0030849195
-0.0031145058
-0.0034586858
-0.0052545247
-0.0084135411
-0.0113030947
-0.0122071653
-0.0109740153
-0.0089092193
-0.0072693106
-0.0061630290
-0.0048790079
-0.0027462191
0.0003061535
0.0037288066
0.0067571977
0.0087812508
0.0096700580
0.0097869750
0.0097255494
0.0100065954
0.0110035940
0.0127659319
0.0147261125
0.0158890467
0.0155864004
0.0141645144
0.0125406176
0.0109188753
0.0084436311
0.0044828105
-0.0002916516
-0.0046473135
-0.0082352573
-0.0117587380
-0.0158469225
-0.0202001452
-0.0237834395
-0.0258377786
-0.0266276260
-0.0270938602
-0.0277709646
-0.0281132074
-0.0270616821
-0.0244068925
-0.0214149079
-0.0197452452
-0.0199257741
-0.0209397965
-0.0211469303
-0.0196482377
-0.0170679124
-0.0151027944
-0.0152140339
-0.0177639679
-0.0221470850
-0.0273131114
-0.0320478785
-0.0354796974
-0.0379019561
-0.0407809375
-0.0455602843
-0.0523562199
-0.0597721766
-0.0657687628
-0.0690294652
-0.0697430633
-0.0692526605
-0.0689503933
-0.0694428561
-0.0705516634
-0.0718197948
-0.0729478839
-0.0738454079
-0.0745973673
-0.0755389753
-0.0771648708
-0.0796686278
-0.0826632388
-0.0855078899
-0.0878573422
-0.0898169196
-0.0916530819
-0.0934576908
-0.0950896260
-0.0963194889
-0.0970106428
-0.0971996977
-0.0972383608
-0.0975968324
-0.0983348090
-0.0989464639
-0.0989148340
-0.0983477133
-0.0980549940
-0.0988013757
-0.1003573089
-0.1016235967
-0.1017862954
-0.1010888267
-0.1003822277
-0.1001547520
-0.1002978403
-0.1006102814
-0.1009989377
-0.1011900528
-0.1006673080
-0.0990662795
-0.0965697024
-0.0939946054
-0.0925356665
-0.0931789610
-0.0959551067
-0.0999668630
-0.1042455973
-0.1082119232
-0.1113133607
-0.1130591270
-0.1137663649
-0.1148316642
-0.1178263243
-0.1231620435
-0.1297293250
-0.1357258929
-0.1399369773
-0.1424565986
-0.1445181692
-0.1475135332
-0.1518170546
-0.1563743166
-0.1596233003
-0.1611380273
-0.1622222378
-0.1645721434
-0.1685281077
-0.1728169899
-0.1756795558
-0.1763526266
-0.1754019294
-0.1739165130
-0.1724553770
-0.1708428468
-0.1689258521
-0.1672389660
-0.1667431388
-0.1680851803
-0.1711384403
-0.1750391091
-0.1785958040
-0.1807697599
-0.1811320363
-0.1799311780
-0.1777931563
-0.1754379445
-0.1736943579
-0.1731863831
-0.1738670873
-0.1750100311
-0.1757905855
-0.1759300706
-0.1758211416
-0.1761095010
-0.1771765281
-0.1789166300
-0.1808141943
-0.1822627246
-0.1828682383
-0.1827243814
-0.1825997758
-0.1835430322
-0.1859322337
-0.1889691146
-0.1913065479
-0.1922408117
-0.1921640849
-0.1918773508
-0.1917584059
-0.1917267504
-0.1918477078
-0.1925998594
-0.1946910558
-0.1985212117
-0.2036958450
-0.2089925326
-0.2130812132
-0.2155716368
-0.2171419936
-0.2187974154
-0.2210852252
-0.2238958853
-0.2266641499
-0.2288874810
-0.2305799346
-0.2323407775
-0.2348279228
-0.2380205952
-0.2409919888
-0.2427871215
-0.2436846763
-0.2451577521
-0.2482331694
-0.2519195150
-0.2538765326
-0.2527290586
-0.2492130886
-0.2451610844
-0.2418557741
-0.2394340604
-0.2375052890
-0.2357192948
-0.2338230325
-0.2316432260
-0.2294376286
-0.2280243384
-0.2281615445
-0.2296347435
-0.2311459295
-0.2311627914
-0.2289967336
-0.2252614971
-0.2214105306
-0.2188369163
-0.2182766289
-0.2194255973
-0.2212592185
-0.2227525293
-0.2232489422
-0.2224453147
-0.2204206435
-0.2178874130
-0.2160915010
-0.2159393372
-0.2171913889
-0.2187365107
-0.2195043191
-0.2192306034
-0.2186304876
-0.2187517670
-0.2198796214
-0.2210634782
-0.2208813435
-0.2186483857
-0.2147417646
-0.2101072432
-0.2059089901
-0.2032231626
-0.2024794748
-0.2030314195
-0.2034992841
-0.2026914321
-0.2005532548
-0.1986095862
-0.1991605991
-0.2034468436
-0.2104488007
-0.2177682030
-0.2235232175
-0.2274264248
-0.2302899476
-0.2328790962
-0.2350838720
-0.2361359656
-0.2356559588
-0.2344077863
-0.2337950452
-0.2344003602
-0.2353364487
-0.2354585958
-0.2349396910
-0.2351841951
-0.2372679913
-0.2407869090
-0.2441291835
-0.2456259517
-0.2446263843
-0.2418775307
-0.2387525745
-0.2359873367
-0.2329893593
-0.2284344112
-0.2217890782
-0.2140805961
-0.2070604914
-0.2020467287
-0.1997525643
-0.2004268262
-0.2033825062
-0.2066889709
-0.2082171823
-0.2072096378
-0.2046865100
-0.2023377409
-0.2013760648
-0.2020957841
-0.2038591808
-0.2054015256
-0.2053935081
-0.2033852018
-0.2002903248
-0.1976961019
-0.1965094055
-0.1962900599
-0.1960045792
-0.1951290785
-0.1938700447
-0.1924974015
-0.1909268342
-0.1891138318
-0.1875614220
-0.1870639475
-0.1879274913
-0.1895169060
-0.1906510900
-0.1903786683
-0.1886433450
-0.1862131196
-0.1838971856
-0.1818913861
-0.1799518219
-0.1779936388
-0.1762018673
-0.1745654594
-0.1727227938
-0.1705590430
-0.1686612919
-0.1677562926
-0.1681645210
-0.1697396115
-0.1718600458
-0.1735362743
-0.1740710793
-0.1738547247
-0.1740752963
-0.1754927824
-0.1775815354
-0.1790539305
-0.1790400242
-0.1777283959
-0.1760260389
-0.1747726718
-0.1743847059
-0.1749009703
-0.1761228204
-0.1775762197
-0.1786187201
-0.1788641626
-0.1784609207
-0.1779717021
-0.1782016027
-0.1798437847
-0.1828420522
-0.1860711434
-0.1878280470
-0.1869833079
-0.1837833478
-0.1797330783
-0.1765350912
-0.1749243533
-0.1742982056
-0.1734242576
-0.1717003317
-0.1698213443
-0.1690412755
-0.1697806654
-0.1711852095
-0.1721406820
-0.1725204175
-0.1729945253
-0.1736442637
-0.1733098186
-0.1706527372
-0.1658365157
-0.1605829767
-0.1565945284
-0.1541808473
-0.1523714045
-0.1498504590
-0.1458354638
-0.1405621860
-0.1350623730
-0.1305390380
-0.1278763696
-0.1273106387
-0.1281881592
-0.1291911746
-0.1291480705
-0.1278006966
-0.1259354513
-0.1247329680
-0.1247792519
-0.1257919255
-0.1272465010
-0.1290313385
-0.1312058518
-0.1331626920
-0.1336942722
-0.1323589231
-0.1303654730
-0.1296097608
-0.1310327220
-0.1338990003
-0.1364926598
-0.1374495621
-0.1364957537
-0.1343275972
-0.1319776226
-0.1302246102
-0.1292888257
-0.1288253887
-0.1283882382
-0.1279243444
-0.1277343268
-0.1279326138
-0.1281519393
-0.1277436769
-0.1261389693
-0.1231712342
-0.1192312548
-0.1150839912
-0.1112621380
-0.1077156350
-0.1042625501
-0.1012703582
-0.0995648964
-0.0995169701
-0.1004262449
-0.1010126530
-0.1004008887
-0.0986340986
-0.0965868109
-0.0953899983
-0.0955845314
-0.0965619542
-0.0969780214
-0.0958592095
-0.0933638229
-0.0904200938
-0.0876899451
-0.0850804418
-0.0822128612
-0.0791674305
-0.0767178130
-0.0758460099
-0.0769023225
-0.0790329678
-0.0804775073
-0.0797098041
-0.0764703053
-0.0719767405
-0.0680961249
-0.0659634751
-0.0651505445
-0.0642737243
-0.0622483474
-0.0587800035
-0.0540776150
-0.0488599691
-0.0445552348
-0.0426416882
-0.0433769141
-0.0453097221
-0.0463090233
-0.0450023730
-0.0414240632
-0.0367556801
-0.0327572380
-0.0308348854
-0.0309431574
-0.0315413810
-0.0310083319
-0.0291134243
-0.0267959101
-0.0248404621
-0.0232160699
-0.0216391167
-0.0202331889
-0.0194724350
-0.0196098405
-0.0203111043
-0.0208951244
-0.0209336699
-0.0206029179
-0.0202862640
-0.0200091996
-0.0192938986
-0.0177019287
-0.0154667938
-0.0131483490
-0.0107955669
-0.0078853650
-0.0040921898
0.0002959625
0.0044794080
0.0075965191
0.0093870980
0.0104132195
0.0116380120
0.0138036281
0.0168630836
0.0198824643
0.0218613208
0.0227529827
0.0233551205
0.0241997875
0.0247383870
0.0237229862
0.0205481125
0.0162897659
0.0131541851
0.0124760736
0.0133021244
0.0133058869
0.0112495422
0.0083729041
0.0070259421
0.0082024907
0.0107816287
0.0130212501
0.0140961862
0.0141082478
0.0133889917
0.0122313295
0.0111716465
0.0109537984
0.0120145994
0.0141158099
0.0165383611
0.0184697601
0.0192601491
0.0186115296
0.0168090526
0.0147570248
0.0135459365
0.0138429703
0.0157777312
0.0192323698
0.0240806256
0.0300079614
0.0362346075
0.0416176094
0.0452340196
0.0470910584
0.0482189866
0.0497463999
0.0520588374
0.0549173905
0.0578551345
0.0601619568
0.0612054861
0.0611884371
0.0611078977
0.0615825012
0.0622248547
0.0624617412
0.0626245014
0.0638440795
0.0666219289
0.0698637347
0.0716912687
0.0712742581
0.0696344651
0.0682737346
0.0674847228
0.0663945697
0.0643070212
0.0616603595
0.0597311603
0.0595846021
0.0611708970
0.0630880412
0.0633093046
0.0606340083
0.0557890675
0.0510458962
0.0484829434
0.0484884034
0.0498504904
0.0510532807
0.0514128250
0.0512019741
0.0509004250
0.0505903553
0.0501364514
0.0496586074
0.0496529766
0.0506493299
0.0528441428
0.0559408649
0.0593797786
0.0629114984
0.0667603603
0.0707096601
0.0733210917
0.0730043987
0.0700073336
0.0667654915
0.0659255351
0.0679918536
0.0711674249
0.0733758002
0.0741627586
0.0746511582
0.0760201854
0.0782933017
0.0801264752
0.0798032843
0.0767354457
0.0723968414
0.0693879565
0.0694236284
0.0720453499
0.0753679524
0.0778026129
0.0788979338
0.0790225356
0.0787878333
0.0788065823
0.0797662153
0.0823083175
0.0863564995
0.0906220445
0.0935482286
0.0949138463
0.0959774703
0.0978317337
0.1001601318
0.1019966299
0.1030546950
0.1038743222
0.1049520756
0.1062255180
0.1072514528
0.1075185720
0.1067026632
0.1049933694
0.1031289078
0.1016803696
0.1001071798
0.0970809989
0.0921134659
0.0863902362
0.0818626837
0.0796142464
0.0792859471
0.0798610625
0.0805119214
0.0804118183
0.0784698572
0.0741138830
0.0683073493
0.0633283648
0.0612497420
0.0625222138
0.0658235500
0.0691683292
0.0714619848
0.0729836047
0.0745683225
0.0765267117
0.0786334808
0.0808368532
0.0832198898
0.0852048228
0.0857004651
0.0842877870
0.0818445594
0.0798616021
0.0792538558
0.0800218194
0.0816999837
0.0837217187
0.0853380083
0.0855506549
0.0837185955
0.0802358616
0.0764830076
0.0738904841
0.0731341698
0.0739202034
0.0753644599
0.0765137691
0.0768876694
0.0765036749
0.0754262775
0.0735787432
0.0710500872
0.0683239766
0.0658276699
0.0634926763
0.0610097196
0.0585387821
0.0568275083
0.0565389978
0.0576675802
0.0596783819
0.0620196647
0.0641508519
0.0653650620
0.0651166143
0.0635469683
0.0615021025
0.0599649665
0.0595472557
0.0602998080
0.0616464996
0.0625871416
0.0623667365
0.0611011915
0.0594792817
0.0579052971
0.0561593234
0.0538912946
0.0511597232
0.0483229356
0.0455506846
0.0428726768
0.0404956852
0.0386401409
0.0370642617
0.0351068578
0.0322875032
0.0286437502
0.0244932541
0.0203471265
0.0169167532
0.0147668735
0.0136561731
0.0126068408
0.0109794711
0.0093492348
0.0088177358
0.0094969145
0.0101268674
0.0093859888
0.0073085340
0.0054021215
0.0054666535
0.0081303116
0.0122077105
0.0154542211
0.0162770508
0.0151914188
0.0145585553
0.0165136480
0.0209249257
0.0257010736
0.0290706238
0.0310442199
0.0329137426
0.0357507473
0.0397662808
0.0442366476
0.0474703584
0.0474684576
0.0435073416
0.0370440920
0.0306214839
0.0259684459
0.0230943491
0.0210150947
0.0191129651
0.0175839596
0.0168408809
0.0166014947
0.0156294233
0.0126268303
0.0076270683
0.0023389208
-0.0011225403
-0.0020409495
-0.0015377094
-0.0013006268
-0.0022384148
-0.0044034036
-0.0074515343
-0.0107135576
-0.0130823349
-0.0135030119
-0.0118743862
-0.0092871129
-0.0071289204
-0.0059570844
-0.0054148780
-0.0050766039
-0.0051496437
-0.0062551467
-0.0086253333
-0.0116922282
-0.0143235187
-0.0155006525
-0.0148282955
-0.0128657929
-0.0109048031
-0.0100697289
-0.0104756149
-0.0113157403
-0.0117242441
-0.0114239706
-0.0106771569
-0.0100187509
-0.0101211224
-0.0114132342
-0.0134922318
-0.0150174373
-0.0147491508
-0.0130885055
-0.0120593690
-0.0133045260
-0.0163232982
-0.0188787761
-0.0190001064
-0.0165298935
-0.0128694872
-0.0098871627
-0.0091109302
-0.0111429877
-0.0152422382
-0.0196579833
-0.0229780027
-0.0253848946
-0.0283935249
-0.0331831541
-0.0393325363
-0.0451256471
-0.0487880441
-0.0495741340
-0.0479942283
-0.0453416200
-0.0430419840
-0.0421408458
-0.0430803279
-0.0455818902
-0.0488636056
-0.0521149334
-0.0548124188
-0.0567000599
-0.0575991265
-0.0574011494
-0.0562514158
-0.0544968893
-0.0521724169
-0.0495123999
-0.0468821873
-0.0455399393
-0.0462818384
-0.0482560150
-0.0495970009
-0.0491096192
-0.0470562072
-0.0446079751
-0.0429639577
-0.0428843220
-0.0442737378
-0.0460085998
-0.0464408867
-0.0445979443
-0.0412657362
-0.0384968578
-0.0379252612
-0.0394473937
-0.0414106099
-0.0422289749
-0.0420450328
-0.0425503797
-0.0450684298
-0.0490921319
-0.0528093728
-0.0547103859
-0.0544288113
-0.0526024693
-0.0503827712
-0.0491208490
-0.0500287709
-0.0535109092
-0.0586238342
-0.0633475606
-0.0657916443
-0.0654896182
-0.0638536720
-0.0630972784
-0.0645355753
-0.0678765481
-0.0719531297
-0.0758764309
-0.0794862873
-0.0829992756
-0.0864062962
-0.0893506931
-0.0915141522
-0.0931109309
-0.0947095810
-0.0965093588
-0.0980762570
-0.0988671265
-0.0989488176
-0.0990897270
-0.1001003601
-0.1019124173
-0.1033372005
-0.1030140477
-0.1006170064
-0.0971146982
-0.0937563661
-0.0909964356
-0.0886489492
-0.0866362751
-0.0851278640
-0.0840547380
-0.0830558703
-0.0818567500
-0.0804606833
-0.0790901857
-0.0781431655
-0.0778751104
-0.0781161775
-0.0783193605
-0.0779063129
-0.0765242613
-0.0742193761
-0.0714007040
-0.0685386543
-0.0660126594
-0.0640759569
-0.0627094099
-0.0617636586
-0.0611989263
-0.0609171226
-0.0606080410
-0.0601311965
-0.0598495606
-0.0603801208
-0.0619039141
-0.0637659124
-0.0647168513
-0.0637366275
-0.0612020304
-0.0591235693
-0.0594926714
-0.0622602999
-0.0651836390
-0.0659221716
-0.0641888033
-0.0616622579
-0.0601546983
-0.0603400814
-0.0621815466
-0.0655250031
-0.0699150871
-0.0744477420
-0.0785130886
-0.0822050445
-0.0856749281
-0.0884910181
-0.0900350009
-0.0903848676
-0.0904874924
-0.0914277621
-0.0934878804
-0.0958987097
-0.0974690573
-0.0974490875
-0.0960151695
-0.0940693570
-0.0925738005
-0.0920431397
-0.0924219399
-0.0933533125
-0.0944201059
-0.0952034480
-0.0952464461
-0.0942880472
-0.0924351231
-0.0899758997
-0.0871468312
-0.0841958790
-0.0815842005
-0.0797890158
-0.0788932935
-0.0785402063
-0.0782975338
-0.0779287752
-0.0772799374
-0.0761350312
-0.0742515586
-0.0716826702
-0.0687747218
-0.0659376869
-0.0634358740
-0.0613207751
-0.0593767270
-0.0571235668
-0.0539943847
-0.0498284361
-0.0453750427
-0.0420490219
-0.0409176381
-0.0417529522
-0.0431705606
-0.0436844465
-0.0426987077
-0.0409152720
-0.0397312880
-0.0399618964
-0.0409755428
-0.0411848136
-0.0395319495
-0.0364738217
-0.0333446920
-0.0311906869
-0.0302462926
-0.0302413850
-0.0308714901
-0.0318923330
-0.0330348797
-0.0340064975
-0.0344798691
-0.0340549077
-0.0326095593
-0.0306925474
-0.0292303427
-0.0285889319
-0.0282741803
-0.0277623645
-0.0273476323
-0.0278715333
-0.0296132741
-0.0317579364
-0.0331499920
-0.0331977272
-0.0319830043
-0.0298782000
-0.0272807273
-0.0247239285
-0.0228351316
-0.0218552049
-0.0213098376
-0.0202898280
-0.0180923216
-0.0146704678
-0.0106874020
-0.0071065708
-0.0044255263
-0.0022553447
-0.0000166619
0.0021166505
0.0033588487
0.0031987326
0.0019059649
0.0001847126
-0.0014242241
-0.0027541255
-0.0038058296
-0.0045775244
-0.0050958045
-0.0054347733
-0.0057443742
-0.0061518691
-0.0066595382
-0.0069952282
-0.0066682900
-0.0053444112
-0.0031319296
-0.0003674231
0.0028573915
0.0067038908
0.0111269543
0.0155756104
0.0192777000
0.0219183616
0.0239389347
0.0261806855
0.0294108950
0.0340284846
0.0395756346
0.0446580273
0.0479132294
0.0493264951
0.0502978198
0.0523740679
0.0557506243
0.0592281185
0.0615948306
0.0627298914
0.0632829613
0.0636541990
0.0637167347
0.0631162531
0.0615808978
0.0591689669
0.0565253530
0.0546205028
0.0540655666
0.0547109192
0.0560490241
0.0577960894
0.0597571881
0.0613297617
0.0615816290
0.0600274539
0.0572124268
0.0544256383
0.0528574414
0.0528723020
0.0539501726
0.0554130263
0.0571862096
0.0597974429
0.0635005723
0.0675187871
0.0704877774
0.0716841432
0.0715195873
0.0709456755
0.0706623474
0.0708445428
0.0712660084
0.0715256738
0.0713449052
0.0708588324
0.0706661535
0.0715199952
0.0737701806
0.0771976855
0.0812474875
0.0853976635
0.0892705830
0.0925108682
0.0947843222
0.0960517733
0.0967450172
0.0974599840
0.0985760941
0.1001939615
0.1023097254
0.1047193912
0.1068236738
0.1079359762
0.1079571337
0.1075587868
0.1076366284
0.1086565328
0.1104800225
0.1126285016
0.1146077815
0.1162161311
0.1177333645
0.1197044559
0.1222324322
0.1246242159
0.1258833874
0.1257133669
0.1248172472
0.1242894849
0.1248542482
0.1265282198
0.1286467431
0.1303319269
0.1311854014
0.1315351635
0.1320355664
0.1330412271
0.1343870074
0.1357084982
0.1369103768
0.1382595929
0.1400551630
0.1422312307
0.1443544837
0.1459079551
0.1466349374
0.1466758709
0.1464761143
0.1465648133
0.1472408631
0.1484579534
0.1500808897
0.1519928895
0.1538622475
0.1551034816
0.1554035743
0.1551777270
0.1552547556
0.1561666480
0.1578453289
0.1599211450
0.1620623716
0.1639713932
0.1653503185
0.1660400139
0.1660416014
0.1654526727
0.1644724320
0.1634870912
0.1630038355
0.1633542046
0.1644516774
0.1657552327
0.1664503635
0.1659455118
0.1643473493
0.1624254973
0.1610472146
0.1606098444
0.1609740668
0.1617937533
0.1628102121
0.1638649407
0.1647618067
0.1652601513
0.1652951032
0.1651027415
0.1650662206
0.1654279645
0.1661483755
0.1669443437
0.1674106185
0.1672183370
0.1663437750
0.1652024952
0.1645337768
0.1650090526
0.1667579541
0.1692242637
0.1715549378
0.1732480735
0.1744904416
0.1758542441
0.1776861708
0.1796669039
0.1809526306
0.1808901138
0.1796626638
0.1781606118
0.1772985239
0.1774262266
0.1783249408
0.1796131370
0.1810758416
0.1826412268
0.1841638806
0.1854071208
0.1862320448
0.1866908510
0.1869783072
0.1873109632
0.1878467719
0.1886463920
0.1896287108
0.1906153499
0.1914095686
0.1918893303
0.1920758588
0.1921118940
0.1921570376
0.1922591528
0.1923412563
0.1923009478
0.1920925416
0.1917554666
0.1914158673
0.1912802830
0.1915685921
0.1923665526
0.1935303188
0.1947998195
0.1959741669
0.1969459232
0.1976291413
0.1979290247
0.1978332518
0.1974976499
0.1971657415
0.1969984792
0.1970036589
0.1970563178
0.1969162083
0.1963150473
0.1951724442
0.1937682322
0.1926231820
0.1921048984
0.1921603517
0.1924044351
0.1924552885
0.1921853357
0.1917039671
0.1911970567
0.1907921335
0.1905263841
0.1903767203
0.1902606082
0.1900744384
0.1897986328
0.1895346091
0.1893928883
0.1893975639
0.1894794862
0.1895142970
0.1894171431
0.1892339279
0.1890898209
0.1889951248
0.1887663678
0.1881968783
0.1872751467
0.1862046351
0.1852450339
0.1845537610
0.1840761396
0.1835553938
0.1827261119
0.1815803482
0.1804014086
0.1794713324
0.1787346059
0.1778896209
0.1767820248
0.1756068798
0.1746991860
0.1742228501
0.1740762098
0.1739921768
0.1737017460
0.1730814713
0.1722051325
0.1712722741
0.1704501606
0.1697416721
0.1690159898
0.1681803608
0.1672913199
0.1664936609
0.1658612172
0.1653463441
0.1648349293
0.1641935730
0.1633119955
0.1621728000
0.1609063107
0.1597199530
0.1587338954
0.1579020500
0.1570887835
0.1561933982
0.1551983869
0.1541431794
0.1530853183
0.1520897463
0.1512019664
0.1503928458
0.1495365925
0.1485072612
0.1473001930
0.1460295957
0.1448249428
0.1437389447
0.1427482039
0.1417958388
0.1408333165
0.1398342791
0.1387854611
0.1376766637
0.1365105104
0.1353205532
0.1341542253
0.1330177547
0.1318623895
0.1306498951
0.1294167713
0.1282542359
0.1272269006
0.1263208265
0.1254612122
0.1245649802
0.1235759456
0.1224787206
0.1213080990
0.1201331190
0.1190106198
0.1179348312
0.1168367841
0.1156525749
0.1143925629
0.1131298226
0.1119165789
0.1107317911
0.1095206750
0.1082657791
0.1070029489
0.1057784761
0.1046061003
0.1034537047
0.1022668976
0.1010143733
0.0997099756
0.0983919384
0.0970903706
0.0958121268
0.0945454307
0.0932728014
0.0919854241
0.0906929225
0.0894152084
0.0881616171
0.0869189368
0.0856656273
0.0843952485
0.0831208835
0.0818564306
0.0805989614
0.0793306547
0.0780387125
0.0767316479
0.0754316192
0.0741491129
0.0728695027
0.0715687454
0.0702406477
0.0689024565
0.0675744291
0.0662581538
0.0649378433
0.0635991574
0.0622446071
0.0608897133
0.0595464284
0.0582135859
0.0568838729
0.0555551687
0.0542320622
0.0529174193
0.0516056804
0.0502873087
0.0489589658
0.0476267501
0.0462984658
0.0449749697
0.0436519103
0.0423276032
0.0410050643
0.0396873978
0.0383743706
0.0370643164
0.0357571887
0.0344535998
0.0331520117
0.0318484709
0.0305393839
0.0292244979
0.0279074566
0.0265936251
0.0252870357
0.0239881657
0.0226942907
0.0214017015
0.0201077064
0.0188114448
0.0175140029
0.0162178431
0.0149255226
0.0136379047
0.0123537135
0.0110710580
0.0097892321
0.0085089082
0.0072311134
0.0059565873
0.0046858367
0.0034190093
0.0021558351
0.0008957645
-0.0003615433
-0.0016159709
-0.0028670296
-0.0041141988
-0.0053571883
-0.0065960755
-0.0078311104
-0.0090623380
-0.0102893595
-0.0115115203
-0.0127284236
-0.0139402766
-0.0151476740
-0.0163510952
-0.0175506246
-0.0187460373
-0.0199369653
-0.0211230305
-0.0223039531
-0.0234796404
-0.0246501630
-0.0258156305
-0.0269761052
-0.0281315913
-0.0292820227
-0.0304272441
-0.0315670530
-0.0327012967
-0.0338299135
-0.0349528973
-0.0360702293
-0.0371818554
-0.0382876974
-0.0393876738
-0.0404816964
-0.0415696730
-0.0426515253
-0.0437271975
-0.0447966489
-0.0458598360
-0.0469167057
-0.0479671936
-0.0490112325
-0.0500487602
-0.0510797225
-0.0521040671
-0.0531217361
-0.0541326694
-0.0551368098
-0.0561341048
-0.0571245010
-0.0581079426
-0.0590843734
-0.0600537408
-0.0610159959
-0.0619710917
-0.0629189810
-0.0638596153
-0.0647929462
-0.0657189264
-0.0666375101
-0.0675486532
-0.0684523126
-0.0693484452
-0.0702370088
-0.0711179618
-0.0719912638
-0.0728568752
-0.0737147570
-0.0745648708
-0.0754071792
-0.0762416455
-0.0770682338
-0.0778869093
-0.0786976379
-0.0795003860
-0.0802951211
-0.0810818115
-0.0818604261
-0.0826309351
-0.0833933088
-0.0841475192
-0.0848935382
-0.0856313394
-0.0863608965
-0.0870821846
-0.0877951792
