0.0485488720
0.0496254420
0.0507012999
0.0517827132
0.0528697965
0.0539363745
0.0549832840
0.0560301640
0.0570952326
0.0582223804
0.0594144876
0.0606338422
0.0618265009
0.0628996083
0.0639162338
0.0649524068
0.0660053734
0.0670233688
0.0681367392
0.0693440064
0.0705222770
0.0717357528
0.0727487859
0.0736692064
0.0744974953
0.0751411526
0.0758227818
0.0768311446
0.0783079581
0.0800280966
0.0813738820
0.0824215063
0.0834344090
0.0841956714
0.0845854070
0.0849627889
0.0861019751
0.0880080598
0.0904736220
0.0930774795
0.0951285441
0.0967520514
0.0977441901
0.0980786052
0.0983761436
0.0986861494
0.0988363767
0.0989282900
0.0989535849
0.0994201626
0.1012376392
0.1039535748
0.1060804840
0.1069110557
0.1070858674
0.1069915087
0.1067948324
0.1075052505
0.1087005409
0.1088366334
0.1081676632
0.1081532852
0.1078593410
0.1072446513
0.1082174987
0.1120934369
0.1177234163
0.1232677450
0.1264473936
0.1255805458
0.1232120809
0.1223087686
0.1232950219
0.1257952469
0.1277639121
0.1269249380
0.1227789091
0.1178391402
0.1152961609
0.1165123043
0.1204442989
0.1267256568
0.1328868441
0.1375019890
0.1394995462
0.1393309590
0.1367427448
0.1319222953
0.1260025414
0.1200775296
0.1154163574
0.1132735447
0.1134680164
0.1166069136
0.1233118943
0.1312707875
0.1357046368
0.1350909276
0.1315489818
0.1282602359
0.1267006505
0.1248749875
0.1224772232
0.1208881713
0.1207509524
0.1225241295
0.1249141322
0.1274229715
0.1290961503
0.1274866693
0.1219540294
0.1147654483
0.1080085873
0.1032318406
0.1031308827
0.1088266312
0.1189935127
0.1286022762
0.1345290168
0.1372219871
0.1344228228
0.1262362574
0.1175115922
0.1107078319
0.1057114282
0.1013039894
0.0992778208
0.1016505690
0.1070175551
0.1123425878
0.1156129566
0.1162238154
0.1130253600
0.1067758005
0.0991335728
0.0927619971
0.0907373781
0.0935758559
0.0994702616
0.1056441513
0.1107483403
0.1143572802
0.1156743878
0.1131826021
0.1077076594
0.1035205330
0.1012771803
0.0987400897
0.0967022756
0.0972498842
0.0993924438
0.1004770360
0.0973369440
0.0901317022
0.0804839805
0.0717370900
0.0667699822
0.0664387132
0.0680047073
0.0695216031
0.0712505748
0.0725545691
0.0724134524
0.0697988516
0.0661966352
0.0632287709
0.0598488969
0.0562760352
0.0540580669
0.0548549860
0.0590435133
0.0651898484
0.0705012411
0.0725097608
0.0707741850
0.0661577682
0.0604207761
0.0537542175
0.0463640514
0.0375148646
0.0277171683
0.0169290065
0.0060868745
-0.0024587330
-0.0073836924
-0.0078189509
-0.0037220638
0.0012359683
0.0046329243
0.0068603751
0.0074443564
0.0069178726
0.0068636155
0.0066715912
0.0061459310
0.0040894341
-0.0000734027
-0.0046406311
-0.0083797807
-0.0099688542
-0.0104593154
-0.0135537192
-0.0210337021
-0.0314240718
-0.0430000215
-0.0513576062
-0.0517221064
-0.0428143082
-0.0282401163
-0.0134577174
-0.0021308566
0.0012680282
-0.0032494430
-0.0159197978
-0.0388933357
-0.0655248260
-0.0906446811
-0.1103580968
-0.1190997903
-0.1167783843
-0.1041752720
-0.0868531998
-0.0720171776
-0.0640633387
-0.0658451373
-0.0789069094
-0.1005207814
-0.1226477730
-0.1378464164
-0.1442364676
-0.1425435658
-0.1326028090
-0.1133507664
-0.0967311162
-0.0908495464
-0.0910561911
-0.0966254821
-0.1083644238
-0.1229637977
-0.1347361569
-0.1406299401
-0.1434781222
-0.1476748905
-0.1542987597
-0.1634037958
-0.1755338460
-0.1897216598
-0.2020577867
-0.2071269895
-0.2024995773
-0.1887567665
-0.1729529431
-0.1610326267
-0.1545588372
-0.1496828766
-0.1454760133
-0.1437098082
-0.1453207458
-0.1535119136
-0.1696102873
-0.1872494412
-0.1998839588
-0.2043699799
-0.2005946169
-0.1941387159
-0.1923964631
-0.1973962130
-0.2042150819
-0.2069196310
-0.2025258172
-0.1940931989
-0.1880136183
-0.1909825165
-0.2024655527
-0.2194957576
-0.2381474578
-0.2561228903
-0.2721384528
-0.2819155098
-0.2850331681
-0.2824625388
-0.2724774046
-0.2484669957
-0.2182843967
-0.1929422821
-0.1798108720
-0.1773530704
-0.1823652335
-0.1926710223
-0.2082785911
-0.2273077013
-0.2459329488
-0.2593475364
-0.2649711438
-0.2641804200
-0.2571270981
-0.2469280299
-0.2389693658
-0.2349487577
-0.2352572454
-0.2378939749
-0.2410158247
-0.2454139400
-0.2516781998
-0.2593246982
-0.2658279050
-0.2704937363
-0.2743720538
-0.2795003704
-0.2866287133
-0.2940295820
-0.2988577564
-0.2996749118
-0.2968730066
-0.2883366373
-0.2740753059
-0.2583283243
-0.2468495393
-0.2418689962
-0.2431937583
-0.2491756832
-0.2566042260
-0.2649168691
-0.2738565719
-0.2797917853
-0.2794462547
-0.2715320365
-0.2582740645
-0.2456289483
-0.2388696297
-0.2382723085
-0.2411609581
-0.2432665780
-0.2418994535
-0.2370383972
-0.2300117661
-0.2243351913
-0.2225726321
-0.2260183815
-0.2365879475
-0.2514086153
-0.2634555721
-0.2687621807
-0.2665648249
-0.2543372885
-0.2351740361
-0.2199792226
-0.2113751586
-0.2090748477
-0.2137816911
-0.2217851851
-0.2280188695
-0.2315597243
-0.2317518550
-0.2295934729
-0.2270996432
-0.2251440584
-0.2243183930
-0.2264231703
-0.2323263457
-0.2414447595
-0.2514518280
-0.2591582672
-0.2642051807
-0.2675051965
-0.2692883381
-0.2712982893
-0.2743715110
-0.2770880725
-0.2766444275
-0.2732189319
-0.2678065208
-0.2616029886
-0.2564579631
-0.2541703052
-0.2554343780
-0.2608062071
-0.2675530322
-0.2715596024
-0.2695386939
-0.2565510755
-0.2283120575
-0.1906076160
-0.1606226067
-0.1435738290
-0.1347013826
-0.1321807994
-0.1345924210
-0.1399640320
-0.1440630421
-0.1404150161
-0.1278873091
-0.1120992276
-0.0994714472
-0.0899368977
-0.0810449501
-0.0730976269
-0.0656250194
-0.0551939323
-0.0379603725
-0.0118511997
0.0198373335
0.0436346313
0.0470046609
0.0109992954
-0.0675523360
-0.1219237196
-0.1404200463
-0.1463421791
-0.1475689115
-0.1403889482
-0.1193221233
-0.0919052281
-0.0713294454
-0.0638997038
-0.0682802939
-0.0787899259
-0.0903832366
-0.0974824423
-0.0967000527
-0.0817918834
-0.0175765094
0.0755353462
0.1357180858
0.1664402665
0.1841544811
0.1865650614
0.1708142791
0.1342537260
0.0792910701
0.0219443351
-0.0034342345
0.0022358025
0.0208458690
0.0413854234
0.0518820984
0.0354093785
-0.0019485980
-0.0288725171
-0.0357284476
-0.0395825775
-0.0439290207
-0.0405568963
-0.0298431467
-0.0135270668
0.0031819838
0.0196732724
0.0386654281
0.0644275828
0.0944993672
0.1189809464
0.1281289196
0.1268919674
0.1270608205
0.1332107835
0.1448575098
0.1639124545
0.1888581616
0.2047533942
0.2211982244
0.2550353459
0.2896523925
0.3116853383
0.3409961687
0.3750815565
0.3910463152
0.4188542457
0.4608916465
0.4872037635
0.5151442137
0.5226882296
0.5385791686
0.5283483248
0.4388063744
0.4244833928
0.4544360346
0.4246940830
0.4656704740
0.5063786379
0.4653146188
0.4258896393
0.4390060214
0.4458273126
0.4088120105
0.3929347243
0.4126727977
0.4277718611
0.4380788067
0.4519829627
0.4583056533
0.4526376570
0.4390037724
0.4204200554
0.4022025403
0.3878461210
0.3709682837
0.3340156190
0.2444328916
0.1411450351
0.1145538619
0.1442329296
0.1523373798
0.1332124638
0.1201498887
0.1316751638
0.1544027457
0.1776359000
0.1969073732
0.2087661303
0.2172630129
0.2201396745
0.2107555035
0.1987940155
0.2076675225
0.2528024763
0.2904153489
0.3047868397
0.3068322949
0.3148531332
0.3382584029
0.3579502983
0.3833551831
0.4143746616
0.4286890660
0.4293338776
0.4272252884
0.4357468818
0.4540522706
0.4754636704
0.4970485237
0.5066521324
0.4996959674
0.4763940266
0.4494936658
0.4243189993
0.4069023391
0.3962627525
0.3796703269
0.3495201441
0.3067482285
0.2557466295
0.2051949315
0.1611551569
0.1278176477
0.1074731292
0.0894400867
0.0709014579
0.0639814231
0.0663580333
0.0740489226
0.0847771007
0.0923773146
0.0911465458
0.0770372651
0.0590243981
0.0396386037
0.0183615919
-0.0041644903
-0.0283745201
-0.0531003841
-0.0784938506
-0.1032624006
-0.1255373763
-0.1439340978
-0.1577198029
-0.1603897456
-0.1515241249
-0.1358914054
-0.1168266409
-0.0973077113
-0.0801645077
-0.0679559957
-0.0607976224
-0.0553252776
-0.0433108128
-0.0184618619
0.0128877244
0.0418391157
0.0634488682
0.0790295139
0.0852040459
0.0796620679
0.0634607936
0.0349221094
-0.0104833559
-0.0682768606
-0.1262320347
-0.1728548900
-0.2055279209
-0.2311340393
-0.2492356932
-0.2519918058
-0.2309109803
-0.1985397099
-0.1636904773
-0.1263838665
-0.0965775811
-0.0744272243
-0.0550819894
-0.0413957526
-0.0373665999
-0.0487358148
-0.0843897941
-0.1313107382
-0.1657372031
-0.1832260911
-0.1973039542
-0.2098936285
-0.2181015813
-0.2193657363
-0.2112212519
-0.1965894882
-0.1789319345
-0.1612738727
-0.1439785223
-0.1237585520
-0.0994567271
-0.0727288009
-0.0447742462
-0.0174393783
0.0039339886
0.0135808755
0.0120080208
0.0033251859
-0.0074571781
-0.0157650044
-0.0222901817
-0.0313107348
-0.0441024483
-0.0562340423
-0.0687152659
-0.0832814018
-0.0971523571
-0.1074944779
-0.1164077882
-0.1223868175
-0.1206361987
-0.1082262531
-0.0814121208
-0.0444448503
-0.0070146265
0.0266362045
0.0562319748
0.0840376260
0.1130757853
0.1358702271
0.1490817681
0.1579434966
0.1655893417
0.1771829084
0.1939756785
0.2136094540
0.2267956006
0.2329049501
0.2361968194
0.2355199016
0.2302391931
0.2190515134
0.2107397174
0.2111666596
0.2173547625
0.2229454812
0.2232913217
0.2187942398
0.2165222791
0.2185530072
0.2246816714
0.2360389273
0.2523542519
0.2723659105
0.2929001060
0.3102868821
0.3231981958
0.3230129806
0.3154387261
0.3039847810
0.2886234961
0.2734531031
0.2706015175
0.2745836179
0.2737760402
0.2721815928
0.2762292074
0.2826024629
0.2899748785
0.3001680526
0.3127366941
0.3262854797
0.3355046006
0.3372555617
0.3341130808
0.3295377772
0.3278642422
0.3387835327
0.3699671652
0.4002855391
0.4144602163
0.4197393192
0.4157878250
0.3972656997
0.3640206423
0.3130367123
0.2375989846
0.1526519850
0.0872847142
0.0460626044
0.0241792061
0.0239422678
0.0510795757
0.0849646114
0.1103640671
0.1273956670
0.1319288952
0.1232592417
0.1101779615
0.0954028456
0.0721920108
0.0452066750
0.0231928691
0.0082668670
-0.0007076710
-0.0058176679
-0.0115486442
-0.0220612010
-0.0373131857
-0.0605425323
-0.0938515153
-0.1310024960
-0.1661507115
-0.1942142464
-0.2152346345
-0.2344444419
-0.2516261397
-0.2624941713
-0.2687906036
-0.2771928153
-0.2924729155
-0.3102199304
-0.3260096472
-0.3407606794
-0.3558418406
-0.3714370330
-0.3847752743
-0.3840297006
-0.3728697722
-0.3569045299
-0.3122022037
-0.2498270098
-0.2046688515
-0.1790708458
-0.1537520334
-0.1277583984
-0.1016792703
-0.0801125274
-0.0683422291
-0.0692253906
-0.0763107030
-0.0720736724
-0.0448020423
-0.0000652536
0.0635977643
0.1337084887
0.1798266419
0.2335339210
0.2869962326
0.3256180717
0.3659042374
0.3662472085
0.3705835644
0.3564856350
0.2280789251
0.1109651840
0.0674656684
0.0530796781
0.0526109523
0.0630238075
0.0793591429
0.0899461708
0.0898607818
0.0851898079
0.0833828787
0.0860363379
0.0909646389
0.0947982637
0.0956524139
0.0918045731
0.0845807285
0.0772827187
0.0721658636
0.0696210449
0.0685397226
0.0663692804
0.0618418703
0.0554271258
0.0454585237
0.0323140460
0.0171888753
-0.0009425523
-0.0175824355
-0.0309973730
-0.0407346212
-0.0444243691
-0.0390301037
-0.0294425175
-0.0258743601
-0.0319020771
-0.0437517337
-0.0603145234
-0.0820189388
-0.1072782078
-0.1338756633
-0.1599798660
-0.1841159974
-0.2038916423
-0.2181212253
-0.2273297883
-0.2317121298
-0.2347725464
-0.2386383188
-0.2449517255
-0.2537242733
-0.2625407466
-0.2690754554
-0.2722475830
-0.2714477974
-0.2682857732
-0.2646320918
-0.2610746510
-0.2586342533
-0.2578453177
-0.2595881598
-0.2613234712
-0.2661227756
-0.2712877272
-0.2694377102
-0.2607657843
-0.2467456739
-0.2274865227
-0.2032164321
-0.1837719421
-0.1727949318
-0.1686410175
-0.1691410584
-0.1717600662
-0.1723116388
-0.1689717482
-0.1588978311
-0.1415378235
-0.1194475193
-0.0982259770
-0.0818936084
-0.0695726026
-0.0621733023
-0.0584164990
-0.0591479961
-0.0641562467
-0.0735077212
-0.0878615768
-0.1077968195
-0.1314311884
-0.1572797352
-0.1884321685
-0.2334544036
-0.2855218863
-0.3276423186
-0.3551941394
-0.3767291896
-0.3968756992
-0.4154491353
-0.4283832368
-0.4322646880
-0.4226152812
-0.3952560800
-0.3552987309
-0.3191669316
-0.2967125292
-0.2834044675
-0.2746078386
-0.2685335429
-0.2660520761
-0.2667913453
-0.2747602036
-0.2987477397
-0.3321689617
-0.3633280600
-0.3835046108
-0.3960465717
-0.4075538285
-0.4175826015
-0.4179566970
-0.4030168682
-0.3834373177
-0.3715003040
-0.3659597056
-0.3669393222
-0.3756071475
-0.3884674080
-0.3979782772
-0.3981839412
-0.3841854529
-0.3547655462
-0.3087252727
-0.2571718789
-0.2111065130
-0.1745392828
-0.1503004343
-0.1375685039
-0.1329379641
-0.1332824658
-0.1355381307
-0.1388501740
-0.1426997897
-0.1471198587
-0.1529605581
-0.1624122634
-0.1771997172
-0.1982599587
-0.2264975338
-0.2615482555
-0.2974139317
-0.3294780879
-0.3506752750
-0.3617804792
-0.3661198190
-0.3625048160
-0.3517071732
-0.3355719375
-0.3234168419
-0.3180205722
-0.3178182126
-0.3212454439
-0.3258746313
-0.3299035425
-0.3329127524
-0.3339610548
-0.3332933340
-0.3311887032
-0.3279557781
-0.3243556283
-0.3200066147
-0.3153261829
-0.3088101748
-0.2995782854
-0.2854408248
-0.2671403741
-0.2456849530
-0.2207974731
-0.1926551704
-0.1610479937
-0.1236166579
-0.0794701484
-0.0309092385
0.0241353165
0.0844521966
0.1422372512
0.1920011836
0.2264704330
0.2472843023
0.2600896203
0.2679794501
0.2742821684
0.2794770866
0.2820815222
0.2808754947
0.2758362132
0.2671643748
0.2574175976
0.2479880020
0.2404277487
0.2360780475
0.2338026132
0.2305847636
0.2252086687
0.2172751534
0.2073753471
0.1993314239
0.1949823867
0.1937021573
0.1956192303
0.2006871011
0.2073905326
0.2116702069
0.2081265310
0.1980838859
0.1839760321
0.1670094483
0.1486786458
0.1291490943
0.1073977444
0.0845344036
0.0587399013
0.0274214524
-0.0083335724
-0.0463778970
-0.0823658906
-0.1135609921
-0.1390130142
-0.1589000368
-0.1707119143
-0.1774881903
-0.1842910725
-0.1933583182
-0.2059988256
-0.2196730646
-0.2300114937
-0.2326056975
-0.2278851447
-0.2177836308
-0.2024040473
-0.1795494518
-0.1519217371
-0.1259442299
-0.1047633332
-0.0916583958
-0.0868921010
-0.0852557957
-0.0830885090
-0.0797869927
-0.0731836612
-0.0606377996
-0.0440055002
-0.0249372369
-0.0029943841
0.0231541867
0.0514415383
0.0775932129
0.0986830894
0.1121471594
0.1198853433
0.1244008104
0.1274580483
0.1296275107
0.1310821167
0.1318249489
0.1310899160
0.1298464133
0.1291306745
0.1314194438
0.1373919056
0.1434476343
0.1475741538
0.1504190062
0.1527278808
0.1541049635
0.1535085782
0.1510156546
0.1457673874
0.1379432542
0.1288986940
0.1197470526
0.1111107000
0.1008660507
0.0838497462
0.0632158470
0.0444946333
0.0292070520
0.0221314506
0.0241751158
0.0298623214
0.0368487968
0.0443312192
0.0515988853
0.0591731391
0.0681977152
0.0807335785
0.0975050363
0.1174664801
0.1377885741
0.1566982642
0.1716810068
0.1821304778
0.1881463553
0.1890883115
0.1870358474
0.1836884606
0.1798804573
0.1781637965
0.1819380870
0.1936150605
0.2146687548
0.2391496839
0.2605434478
0.2772005129
0.2839755222
0.2807763195
0.2714660345
0.2573370972
0.2414541812
0.2287552925
0.2208992589
0.2171996929
0.2174745925
0.2198662043
0.2203968959
0.2186705478
0.2162633831
0.2120157784
0.2071866641
0.2012053316
0.1945014331
0.1888321277
0.1841476759
0.1782258960
0.1701856409
0.1574334340
0.1375367984
0.1116475179
0.0862364981
0.0675387372
0.0561394446
0.0493207316
0.0461997441
0.0470489411
0.0500916713
0.0521826079
0.0505652362
0.0442445065
0.0346109790
0.0260612469
0.0200393726
0.0168044144
0.0162520225
0.0189192980
0.0247545525
0.0318215304
0.0381660693
0.0433717288
0.0470869702
0.0493676428
0.0513950638
0.0547212268
0.0581186259
0.0602671500
0.0628078849
0.0649901941
0.0661123776
0.0657626298
0.0636932417
0.0604248990
0.0568428352
0.0550346345
0.0573729473
0.0674135244
0.0872319295
0.1108700315
0.1314256107
0.1441472949
0.1469975412
0.1419324021
0.1303931059
0.1156473319
0.1041509904
0.1000579763
0.1035715425
0.1118911316
0.1205414853
0.1266913529
0.1277025629
0.1232799405
0.1143450461
0.1030837954
0.0902172570
0.0792042860
0.0701066397
0.0615349187
0.0532386160
0.0450333800
0.0373123706
0.0311564248
0.0288654238
0.0308353283
0.0346854935
0.0403293859
0.0473293757
0.0530425896
0.0563046428
0.0556106194
0.0520009473
0.0459303201
0.0389767666
0.0340353174
0.0312866697
0.0304143965
0.0317692243
0.0339543478
0.0361256995
0.0379705587
0.0396826087
0.0423589942
0.0464669464
0.0525342802
0.0607825745
0.0694443082
0.0769771682
0.0824954768
0.0861721888
0.0872917335
0.0849607694
0.0802346372
0.0749929669
0.0699612830
0.0663496130
0.0659619219
0.0690515816
0.0746425002
0.0809338400
0.0865151416
0.0906350568
0.0929860949
0.0936397494
0.0918245136
0.0876586261
0.0826967303
0.0778030645
0.0742202736
0.0730176791
0.0724683312
0.0711528580
0.0703353933
0.0701649954
0.0700309983
0.0701512456
0.0711836917
0.0740172560
0.0770592484
0.0799232327
0.0828673923
0.0836475590
0.0812808444
0.0777418411
0.0726338943
0.0646308665
0.0541029493
0.0438529884
0.0358174476
0.0294442500
0.0250943988
0.0227714403
0.0220199925
0.0219960180
0.0215811909
0.0215784268
0.0229824406
0.0267344338
0.0339524528
0.0445640978
0.0568548289
0.0681916954
0.0782343120
0.0870138966
0.0940790180
0.0982422807
0.1006379271
0.1029366036
0.1043453789
0.1047077791
0.1043456502
0.1017516358
0.0961908066
0.0892788848
0.0822234954
0.0757119473
0.0703492811
0.0664319912
0.0651386295
0.0658957736
0.0678998424
0.0706744107
0.0740774038
0.0778413729
0.0806747485
0.0816697751
0.0812870992
0.0784783137
0.0720538373
0.0633942701
0.0535481399
0.0433940394
0.0344311464
0.0267795013
0.0207203437
0.0162055583
0.0140575855
0.0151974716
0.0178762997
0.0203069882
0.0211763409
0.0212188783
0.0202484591
0.0190487793
0.0192360226
0.0202836977
0.0200941944
0.0177581879
0.0136285426
0.0091083062
0.0053216870
0.0019544258
-0.0002072110
0.0001765973
0.0037915891
0.0096164468
0.0176974118
0.0275991275
0.0353673469
0.0387123103
0.0383977341
0.0372326947
0.0364336381
0.0362563958
0.0378464890
0.0408579859
0.0452618826
0.0498635196
0.0528993753
0.0540936116
0.0530440559
0.0502609405
0.0476705952
0.0444168238
0.0402318721
0.0348348187
0.0287678221
0.0229372724
0.0183318798
0.0148642577
0.0110939062
0.0054484619
-0.0020217162
-0.0088228910
-0.0146332570
-0.0199406740
-0.0249923960
-0.0287332352
-0.0304468328
-0.0313220097
-0.0311461824
-0.0288958922
-0.0243097700
-0.0188465867
-0.0138048097
-0.0094897860
-0.0063140687
-0.0030277611
-0.0008221075
0.0001341025
-0.0006828695
-0.0034945898
-0.0064666547
-0.0092141578
-0.0108551114
-0.0105204660
-0.0085539781
-0.0056917622
-0.0029837875
-0.0019400534
-0.0026430122
-0.0035610731
-0.0036495348
-0.0035401731
-0.0036689684
-0.0025796475
-0.0020755592
-0.0020583784
-0.0027104721
-0.0069633758
-0.0158973796
-0.0262055408
-0.0343477822
-0.0382481653
-0.0369295457
-0.0325306632
-0.0273038264
-0.0221762027
-0.0180710488
-0.0148633719
-0.0141335706
-0.0159301115
-0.0196375717
-0.0234283654
-0.0278140917
-0.0334606659
-0.0393039857
-0.0436425071
-0.0456745601
-0.0457966641
-0.0448109928
-0.0437850271
-0.0442762973
-0.0467211593
-0.0502799428
-0.0551179513
-0.0611048224
-0.0670902631
-0.0730665981
-0.0782558485
-0.0808309630
-0.0807616651
-0.0784543949
-0.0756503724
-0.0739527750
-0.0755315426
-0.0803627954
-0.0857543409
-0.0902185969
-0.0939311833
-0.0963418471
-0.0978016060
-0.0971707041
-0.0935769955
-0.0858792158
-0.0757125328
-0.0667139345
-0.0615817392
-0.0603527604
-0.0614520482
-0.0641763640
-0.0686716202
-0.0738253591
-0.0772578120
-0.0774383390
-0.0748533784
-0.0706684327
-0.0662877690
-0.0630674763
-0.0622532928
-0.0634274169
-0.0669244326
-0.0729383809
-0.0796257056
-0.0861252482
-0.0929359110
-0.0988684157
-0.1030393003
-0.1045793237
-0.1032965866
-0.0994858308
-0.0945118672
-0.0886487719
-0.0824449249
-0.0768109234
-0.0716824765
-0.0670126792
-0.0624096002
-0.0585345279
-0.0560616118
-0.0555944210
-0.0568578733
-0.0593612888
-0.0612932046
-0.0617648749
-0.0612376783
-0.0606771567
-0.0615029056
-0.0641918342
-0.0683808575
-0.0731433247
-0.0764900434
-0.0777949832
-0.0768510811
-0.0738982743
-0.0701018631
-0.0670904349
-0.0649746987
-0.0643288926
-0.0643464442
-0.0645939668
-0.0643842430
-0.0633724443
-0.0621814502
-0.0615440776
-0.0619871500
-0.0623952004
-0.0623747050
-0.0618182864
-0.0607939189
-0.0600913878
-0.0597637795
-0.0593537686
-0.0590343441
-0.0594300414
-0.0608721847
-0.0620335090
-0.0635287106
-0.0658785860
-0.0700660995
-0.0745593140
-0.0775951007
-0.0783422950
-0.0752916405
-0.0701916041
-0.0654363892
-0.0626702447
-0.0615099163
-0.0606639920
-0.0605943049
-0.0601614522
-0.0587860037
-0.0571405122
-0.0572292094
-0.0586137853
-0.0610249304
-0.0642323295
-0.0664882489
-0.0667083013
-0.0661327421
-0.0647729951
-0.0636681973
-0.0618520336
-0.0591730821
-0.0577873131
-0.0570904816
-0.0571554382
-0.0592431213
-0.0629313110
-0.0668707125
-0.0705863603
-0.0732937054
-0.0737917291
-0.0717669463
-0.0676625602
-0.0634351141
-0.0598752796
-0.0572580087
-0.0546188804
-0.0519321078
-0.0498791338
-0.0497596351
-0.0510959592
-0.0517642055
-0.0521307304
-0.0531645769
-0.0542805905
-0.0545327297
-0.0528588607
-0.0503384532
-0.0491669752
-0.0484221547
-0.0476070391
-0.0484966899
-0.0508150559
-0.0529423452
-0.0555911699
-0.0578846757
-0.0577262739
-0.0552124448
-0.0506428411
-0.0438796873
-0.0369387358
-0.0321627275
-0.0290766117
-0.0274807005
-0.0273958083
-0.0293684839
-0.0324291015
-0.0355023803
-0.0379125848
-0.0389680235
-0.0383657270
-0.0350529871
-0.0290604911
-0.0218665878
-0.0141514504
-0.0074815835
-0.0025003135
0.0005679991
0.0009418961
-0.0004165411
-0.0022677610
-0.0041678906
-0.0053613634
-0.0065495839
-0.0080435850
-0.0106624126
-0.0141634576
-0.0174308784
-0.0200482985
-0.0211842217
-0.0209859267
-0.0198645591
-0.0189544340
-0.0186225284
-0.0193438352
-0.0195535162
-0.0176691302
-0.0151082371
-0.0114051162
-0.0071569001
-0.0035357750
-0.0012567282
-0.0013943360
-0.0030728293
-0.0050037154
-0.0062742791
-0.0074695054
-0.0075510301
-0.0063912136
-0.0041913561
-0.0025968352
-0.0018529556
-0.0023243542
-0.0032389478
-0.0039317544
-0.0036681537
-0.0021292674
0.0005050073
0.0037303184
0.0063115124
0.0083718606
0.0097227275
0.0114257057
0.0138303865
0.0157729113
0.0182131011
0.0209391836
0.0227237737
0.0229876239
0.0226787703
0.0215920957
0.0205695349
0.0200580949
0.0193335642
0.0201808213
0.0230099013
0.0262389739
0.0293002238
0.0325182252
0.0348317532
0.0364332524
0.0375605715
0.0362625039
0.0327245035
0.0290195865
0.0266186187
0.0252410601
0.0254876804
0.0283754853
0.0328644014
0.0368846337
0.0390786052
0.0380481350
0.0328707076
0.0240854191
0.0152490615
0.0087407620
0.0045120636
0.0017130225
-0.0000662340
-0.0003848418
0.0009421582
0.0040175021
0.0079687248
0.0110546237
0.0137433114
0.0151608462
0.0141767271
0.0117286237
0.0087225035
0.0055164445
0.0031503551
0.0017463241
0.0016342516
0.0028415661
0.0053826861
0.0089321024
0.0127781889
0.0160995176
0.0193520579
0.0225887558
0.0250150099
0.0270015228
0.0278202586
0.0280423619
0.0288416675
0.0302875001
0.0313914337
0.0322883543
0.0336471009
0.0346309862
0.0345746935
0.0332844683
0.0320544976
0.0314979423
0.0308310603
0.0288679611
0.0260939581
0.0233891817
0.0208311630
0.0187571141
0.0179264472
0.0178860955
0.0181944480
0.0186101390
0.0194567731
0.0201919288
0.0197766983
0.0179160760
0.0146832525
0.0107409936
0.0064558586
0.0037765258
0.0033910979
0.0049294773
0.0092319550
0.0160608407
0.0230518221
0.0278059866
0.0294682053
0.0299391540
0.0292550875
0.0272313308
0.0243357714
0.0222100114
0.0213530408
0.0209160427
0.0205883770
0.0197119769
0.0185904992
0.0181120319
0.0183150045
0.0183343829
0.0170767851
0.0142411301
0.0110114701
0.0078949661
0.0045386035
0.0009215665
-0.0025632612
-0.0050708166
-0.0054780894
-0.0040786425
-0.0020903164
0.0002799216
0.0028348345
0.0046740621
0.0066159857
0.0090972836
0.0126650315
0.0171561500
0.0228004525
0.0280514997
0.0330391318
0.0365917339
0.0381091734
0.0375868863
0.0353172671
0.0316562637
0.0276727388
0.0240965218
0.0214821868
0.0208981691
0.0232133697
0.0276476392
0.0330261478
0.0384025833
0.0428841074
0.0460421178
0.0482723415
0.0497174846
0.0506554238
0.0506110826
0.0489745003
0.0464900995
0.0436987941
0.0406041331
0.0371561440
0.0345922573
0.0329761944
0.0324937757
0.0326918570
0.0340114889
0.0356302688
0.0356967153
0.0336548985
0.0320954215
0.0319829216
0.0320827609
0.0319358863
0.0318189465
0.0322288380
0.0328975561
0.0321790806
0.0299695828
0.0273304136
0.0246446041
0.0216191318
0.0188699241
0.0164081001
0.0142205771
0.0131897158
0.0129807159
0.0120815567
0.0104356387
0.0091373823
0.0081247614
0.0066239597
0.0055020060
0.0052523198
0.0043499320
0.0020971107
-0.0012732715
-0.0041583129
-0.0073785187
-0.0098898827
-0.0114480891
-0.0132267820
-0.0142984721
-0.0145019973
-0.0148431356
-0.0150039069
-0.0146846987
-0.0141677753
-0.0131410413
-0.0116395706
-0.0105367071
-0.0087485623
-0.0068495054
-0.0047086201
-0.0021541147
0.0000622539
0.0023480316
0.0050490978
0.0069604771
0.0084504480
0.0088321293
0.0077731054
0.0056072598
0.0033343162
0.0013671603
0.0000799570
-0.0004394081
-0.0004523583
0.0001919641
0.0015602008
0.0031776182
0.0047906299
0.0059888758
0.0057883948
0.0048449613
0.0040127079
0.0035472896
0.0035433954
0.0033357773
0.0033120172
0.0043217505
0.0059757075
0.0065228157
0.0060518290
0.0043412191
0.0021389038
0.0008114806
0.0005182164
0.0011619922
0.0034294110
0.0069846866
0.0107750443
0.0137914757
0.0162719953
0.0182252886
0.0187276707
0.0188446158
0.0193061987
0.0190193234
0.0180091974
0.0171722343
0.0165610885
0.0148532748
0.0133311276
0.0128342189
0.0126185272
0.0130247536
0.0140134421
0.0149503678
0.0152542198
0.0158449813
0.0165848465
0.0163410297
0.0157449366
0.0152293337
0.0140559613
0.0120827861
0.0100006962
0.0080876207
0.0068491484
0.0064076260
0.0062388799
0.0064202969
0.0061635113
0.0055731851
0.0045716214
0.0039237834
0.0035528229
0.0032767198
0.0040917006
0.0058815925
0.0070489604
0.0075929862
0.0079629077
0.0078838278
0.0068356912
0.0053564464
0.0047263416
0.0046502861
0.0050017432
0.0059418303
0.0067587813
0.0069318898
0.0066719164
0.0060172675
0.0052162365
0.0044753784
0.0033774176
0.0022011238
0.0011328655
0.0001610586
-0.0010836893
-0.0024282717
-0.0032773470
-0.0037350686
-0.0040470550
-0.0040341597
-0.0039431212
-0.0041481385
-0.0043879709
-0.0044907169
-0.0046518917
-0.0049073340
-0.0051547724
-0.0051766947
-0.0048676366
-0.0043689893
-0.0037771308
-0.0034125797
-0.0030809061
-0.0026091344
-0.0023673487
-0.0021611907
-0.0017833960
-0.0014840122
-0.0012513080
-0.0011830512
-0.0012528029
-0.0014063193
-0.0015558090
-0.0015969353
-0.0015220941
-0.0013833088
-0.0013528371
-0.0013474723
-0.0013065211
-0.0012984102
-0.0013532322
-0.0014336419
-0.0015053050
-0.0015662980
-0.0016444143
-0.0017228618
-0.0018081080
-0.0019171011
-0.0020166412
-0.0020709668
-0.0021014909
-0.0021256925
-0.0021496246
-0.0021742548
-0.0022260574
-0.0023102103
-0.0024121585
-0.0025050361
-0.0025789372
-0.0026392223
-0.0026858474
-0.0027221036
-0.0027640758
-0.0028078242
-0.0028553865
-0.0029080546
-0.0029606957
-0.0030136483
-0.0030683174
-0.0031224658
-0.0031749223
-0.0032258112
-0.0032767276
-0.0033270547
-0.0033764464
-0.0034255533
-0.0034737189
-0.0035207970
-0.0035665994
-0.0036113073
-0.0036551341
-0.0036982531
-0.0037407838
-0.0037827976
-0.0038243144
-0.0038653459
-0.0039058980
-0.0039459734
