-0.0007682537
-0.0007877933
-0.0008073874
-0.0008270034
-0.0008466496
-0.0008663016
-0.0008859608
-0.0009056487
-0.0009253480
-0.0009450704
-0.0009648287
-0.0009846114
-0.0010044488
-0.0010243531
-0.0010443314
-0.0010643527
-0.0010843634
-0.0011044235
-0.0011244077
-0.0011443852
-0.0011643688
-0.0011845764
-0.0012049794
-0.0012256452
-0.0012462992
-0.0012669611
-0.0012873994
-0.0013077678
-0.0013279868
-0.0013483093
-0.0013684075
-0.0013879694
-0.0014060868
-0.0014225839
-0.0014375083
-0.0014519130
-0.0014658543
-0.0014802492
-0.0014962055
-0.0015154742
-0.0015378545
-0.0015627324
-0.0015895651
-0.0016204887
-0.0016582289
-0.0017045548
-0.0017533626
-0.0017914503
-0.0018109564
-0.0018204725
-0.0018282365
-0.0018338441
-0.0018320890
-0.0018236282
-0.0018135121
-0.0018121653
-0.0018259221
-0.0018536978
-0.0018911810
-0.0019373621
-0.0019893884
-0.0020502755
-0.0021191154
-0.0021839375
-0.0022308513
-0.0022566407
-0.0022542391
-0.0022259049
-0.0021796054
-0.0021228194
-0.0020582787
-0.0020000404
-0.0019724586
-0.0019956140
-0.0020503834
-0.0021109371
-0.0021756267
-0.0022678614
-0.0024131487
-0.0026277394
-0.0028890711
-0.0031166528
-0.0031678439
-0.0030254810
-0.0028455056
-0.0027136420
-0.0025683716
-0.0023708534
-0.0021922377
-0.0021368885
-0.0021851001
-0.0022333109
-0.0022577013
-0.0022916397
-0.0023399938
-0.0024095672
-0.0025154882
-0.0026614105
-0.0027999774
-0.0028801720
-0.0028941009
-0.0028854672
-0.0029002215
-0.0029412724
-0.0029675561
-0.0029709220
-0.0029712310
-0.0029897158
-0.0030383323
-0.0031202096
-0.0032129428
-0.0033038175
-0.0033873908
-0.0034927807
-0.0036611334
-0.0039013122
-0.0041652010
-0.0043934828
-0.0045652014
-0.0047261211
-0.0049165577
-0.0051190354
-0.0052366100
-0.0051418843
-0.0048076552
-0.0043565133
-0.0039137516
-0.0035278536
-0.0032374815
-0.0031121767
-0.0031671894
-0.0033334961
-0.0035047305
-0.0036620712
-0.0038133044
-0.0039490231
-0.0040909133
-0.0043165027
-0.0045790242
-0.0047017718
-0.0045914626
-0.0043400939
-0.0040801363
-0.0039194605
-0.0038807964
-0.0039271506
-0.0040034964
-0.0040964728
-0.0041946106
-0.0043058873
-0.0044007598
-0.0044024368
-0.0042157743
-0.0038511600
-0.0034003678
-0.0029879829
-0.0027770178
-0.0028683883
-0.0031793868
-0.0036307056
-0.0042126391
-0.0049379307
-0.0057841109
-0.0066159235
-0.0072657191
-0.0076055819
-0.0073191507
-0.0062355263
-0.0046825169
-0.0031593504
-0.0019673293
-0.0012263066
-0.0010783936
-0.0016961614
-0.0027688311
-0.0037118073
-0.0043776379
-0.0050893848
-0.0061334172
-0.0074170610
-0.0084031960
-0.0083284149
-0.0071177286
-0.0056507901
-0.0045613380
-0.0038654216
-0.0033811987
-0.0030626247
-0.0029522058
-0.0031399207
-0.0034586542
-0.0036113773
-0.0035573337
-0.0034833331
-0.0034707848
-0.0034693233
-0.0033800684
-0.0032611364
-0.0032831186
-0.0035643122
-0.0041290843
-0.0048939902
-0.0056689253
-0.0063869607
-0.0070898719
-0.0078084230
-0.0084142850
-0.0086450783
-0.0083470685
-0.0076698477
-0.0067962353
-0.0058490718
-0.0049069692
-0.0041168901
-0.0035283239
-0.0032744877
-0.0035359175
-0.0043135804
-0.0053605007
-0.0064977548
-0.0078331481
-0.0096206050
-0.0116625276
-0.0133159386
-0.0139233542
-0.0134266236
-0.0121570827
-0.0102810219
-0.0078567222
-0.0050805415
-0.0022172224
0.0003478405
0.0019362126
0.0022807379
0.0019913582
0.0017755937
0.0018837260
0.0020656510
0.0020053380
0.0016121611
0.0009548909
-0.0000507486
-0.0014406421
-0.0029688176
-0.0043100915
-0.0057385832
-0.0076421488
-0.0095410400
-0.0097638533
-0.0078587035
-0.0055119145
-0.0038469795
-0.0027091897
-0.0017006252
-0.0007233380
0.0002523928
0.0012888074
0.0022754830
0.0028455493
0.0029119027
0.0026546871
0.0020769170
0.0011022535
-0.0004222130
-0.0027139285
-0.0057399727
-0.0086662417
-0.0104825795
-0.0105575555
-0.0091407062
-0.0075833165
-0.0067898172
-0.0065361102
-0.0062402412
-0.0057976268
-0.0054423810
-0.0052745697
-0.0052288682
-0.0052574356
-0.0052043909
-0.0048945429
-0.0042908634
-0.0033852620
-0.0022021195
-0.0009080003
0.0001130262
0.0004781260
0.0001300568
-0.0005578285
-0.0010484785
-0.0010510451
-0.0006903713
-0.0001986354
0.0002232356
0.0005493599
0.0008397644
0.0011102008
0.0013832563
0.0016312231
0.0017213928
0.0016137090
0.0012798445
0.0007229271
0.0000007623
-0.0008615972
-0.0020168752
-0.0035246529
-0.0052175188
-0.0066526354
-0.0076509185
-0.0082584580
-0.0082531677
-0.0072598815
-0.0050621550
-0.0019153186
0.0016035863
0.0051776146
0.0083786602
0.0107640325
0.0125310038
0.0139756794
0.0146740108
0.0143934613
0.0138600702
0.0134122619
0.0124120610
0.0101717422
0.0065266613
0.0017891227
-0.0032971231
-0.0072800155
-0.0088965818
-0.0090005286
-0.0089414988
-0.0084363556
-0.0068613635
-0.0041128325
-0.0003430220
0.0038153285
0.0073176204
0.0096262029
0.0104524519
0.0094525604
0.0073540175
0.0055692031
0.0046544387
0.0041788647
0.0036864289
0.0033732336
0.0036074280
0.0041484484
0.0044930772
0.0045011438
0.0042813859
0.0040765671
0.0039994287
0.0039675679
0.0038609509
0.0036391396
0.0032883060
0.0028863630
0.0026195478
0.0027121579
0.0033825671
0.0048134896
0.0070238370
0.0098909654
0.0131546632
0.0165609853
0.0194363100
0.0208894686
0.0206908310
0.0195796362
0.0183595547
0.0171970868
0.0158800810
0.0141330910
0.0117974689
0.0092049295
0.0071370359
0.0066409050
0.0077294300
0.0092339527
0.0105395118
0.0118190601
0.0134377757
0.0154923329
0.0177348233
0.0198725659
0.0216672226
0.0228323660
0.0231369314
0.0226038971
0.0216179617
0.0205311678
0.0192108903
0.0170378195
0.0134562500
0.0088466388
0.0048967416
0.0029949360
0.0027402574
0.0031152363
0.0035950937
0.0041726552
0.0050262772
0.0063391398
0.0080369463
0.0098505071
0.0119957903
0.0150248221
0.0187731380
0.0228154596
0.0268155035
0.0301035453
0.0318338578
0.0323977306
0.0326946149
0.0328017900
0.0322477276
0.0301212430
0.0255956385
0.0186541076
0.0111125189
0.0064375206
0.0070272523
0.0112051957
0.0154059238
0.0183597244
0.0213229106
0.0257252128
0.0312595062
0.0364115310
0.0409641625
0.0454012252
0.0477980787
0.0473111867
0.0462757781
0.0463173023
0.0469889714
0.0473419379
0.0467308385
0.0446567862
0.0407721551
0.0356236507
0.0311451665
0.0297112834
0.0312621873
0.0334135671
0.0348607647
0.0360476048
0.0376169593
0.0397947043
0.0425071427
0.0453049158
0.0476661610
0.0495196465
0.0505818628
0.0506707650
0.0502436758
0.0495907921
0.0487164569
0.0476054074
0.0463709577
0.0453837584
0.0451889231
0.0462782370
0.0486916832
0.0520767625
0.0561285115
0.0602644998
0.0633175579
0.0642110350
0.0634880515
0.0629115103
0.0630364562
0.0633224108
0.0633909798
0.0629413725
0.0612354211
0.0573693588
0.0505035299
0.0406646170
0.0299987550
0.0217046363
0.0150666448
0.0082847404
0.0026969219
-0.0022956793
-0.0091080381
-0.0173675404
-0.0241368924
-0.0297090283
-0.0366274424
-0.0438759335
-0.0505449638
-0.0582435159
-0.0666498161
-0.0735272691
-0.0786629152
-0.0829438234
-0.0862333845
-0.0877884989
-0.0880616212
-0.0879521765
-0.0871040627
-0.0844374808
-0.0789247948
-0.0704598775
-0.0606244702
-0.0513137592
-0.0430603961
-0.0370895077
-0.0339315078
-0.0316008077
-0.0288571268
-0.0255109879
-0.0212864045
-0.0170017831
-0.0139767268
-0.0119334659
-0.0093757070
-0.0055189643
-0.0004214272
0.0053839608
0.0111946303
0.0163138236
0.0203767292
0.0238308419
0.0268375898
0.0293598164
0.0318879885
0.0352341422
0.0389037715
0.0419845705
0.0450478324
0.0492766214
0.0548481403
0.0602691205
0.0644349462
0.0678790212
0.0708357761
0.0729811409
0.0735888600
0.0729901367
0.0719326044
0.0693874034
0.0628909387
0.0511484587
0.0360747734
0.0233253865
0.0158295672
0.0094982588
-0.0003960224
-0.0121896016
-0.0220016868
-0.0293677761
-0.0346978599
-0.0382263515
-0.0414857905
-0.0453860291
-0.0484479153
-0.0501251709
-0.0515342663
-0.0536271399
-0.0562646767
-0.0591258030
-0.0618408374
-0.0639168884
-0.0647450240
-0.0643808517
-0.0634330246
-0.0620429424
-0.0598469269
-0.0565292079
-0.0521128133
-0.0475105151
-0.0441959406
-0.0428220958
-0.0424042994
-0.0414551232
-0.0393888895
-0.0361411320
-0.0312314143
-0.0240956119
-0.0146310130
-0.0039860563
0.0045960676
0.0090333587
0.0112332776
0.0136228056
0.0164231666
0.0186854965
0.0204856577
0.0226352220
0.0253517699
0.0288350105
0.0334505001
0.0395777144
0.0471389452
0.0549234614
0.0608615901
0.0638677626
0.0644676661
0.0635743062
0.0625218801
0.0615660397
0.0583576112
0.0499420203
0.0358309685
0.0201451277
0.0098901705
0.0087488997
0.0135211854
0.0177750827
0.0184519601
0.0173017036
0.0169648098
0.0184714713
0.0213195737
0.0243458855
0.0266204446
0.0278313717
0.0286589977
0.0304963400
0.0341967403
0.0394830631
0.0458142350
0.0527307324
0.0606631138
0.0703205005
0.0819013869
0.0951069755
0.1091408274
0.1226662284
0.1332200858
0.1418021773
0.1522299020
0.1635366936
0.1719813189
0.1774811280
0.1822101214
0.1869214823
0.1908011708
0.1933062199
0.1943292682
0.1944649116
0.1943697009
0.1932453908
0.1891333264
0.1807026165
0.1689503580
0.1582636644
0.1534613497
0.1527442209
0.1499416449
0.1443820252
0.1399366731
0.1373714781
0.1345723455
0.1314721878
0.1291416550
0.1272753997
0.1249295868
0.1217809762
0.1179531234
0.1133605235
0.1072871108
0.0993508378
0.0899683060
0.0801545057
0.0703461052
0.0593920162
0.0477024758
0.0362129943
0.0244642837
0.0134879128
0.0050808846
-0.0010861206
-0.0074059340
-0.0132248128
-0.0160497738
-0.0164506974
-0.0161135437
-0.0153992845
-0.0131005430
-0.0075612062
0.0012687994
0.0109913859
0.0182994993
0.0218385708
0.0226138695
0.0223023811
0.0220696221
0.0218109606
0.0204278688
0.0160229344
0.0070700989
-0.0054409520
-0.0164871444
-0.0212871500
-0.0209553607
-0.0201562938
-0.0205518318
-0.0209036259
-0.0206830011
-0.0184186987
-0.0109168958
0.0038231012
0.0238134994
0.0426509367
0.0575708994
0.0714266756
0.0833539359
0.0930358419
0.1048812203
0.1186753557
0.1293222353
0.1360566634
0.1399381607
0.1400499380
0.1378402039
0.1363082462
0.1346250495
0.1290375529
0.1178437237
0.1045670451
0.0967353170
0.0963946711
0.0977336746
0.0975595387
0.0969241500
0.0966440491
0.0961189229
0.0950580563
0.0935316796
0.0913569592
0.0874153901
0.0801509391
0.0685864952
0.0541060698
0.0404429878
0.0297023817
0.0200759860
0.0107128196
0.0035084889
0.0004369103
0.0010757379
0.0021214527
0.0008138770
-0.0027924715
-0.0077032475
-0.0125103161
-0.0155756805
-0.0153049163
-0.0116968923
-0.0068867791
-0.0037688219
-0.0041588601
-0.0075186632
-0.0109164152
-0.0116936172
-0.0080670080
0.0009307208
0.0152548738
0.0318971743
0.0446726882
0.0488104714
0.0473875343
0.0449790866
0.0422549210
0.0377970138
0.0278924986
0.0090585976
-0.0149477108
-0.0380639049
-0.0564817348
-0.0700343875
-0.0816002716
-0.0886594715
-0.0892463410
-0.0867240841
-0.0852215076
-0.0857241705
-0.0850708719
-0.0796284953
-0.0699311413
-0.0597842635
-0.0526189069
-0.0522150551
-0.0572766719
-0.0608544678
-0.0602806635
-0.0584941638
-0.0582145559
-0.0598185180
-0.0633779097
-0.0692547800
-0.0763074249
-0.0813382740
-0.0809707706
-0.0760094463
-0.0704197982
-0.0653162471
-0.0592511041
-0.0518953592
-0.0437272593
-0.0363503109
-0.0328126224
-0.0330537680
-0.0333041898
-0.0308998137
-0.0255319818
-0.0172667066
-0.0061139792
0.0065722017
0.0182606532
0.0273100872
0.0345459332
0.0409563858
0.0468923060
0.0529459332
0.0594495303
0.0675562618
0.0766652489
0.0856826517
0.0947122594
0.1020582821
0.1048276854
0.1041323930
0.1036069231
0.1041700504
0.1040112266
0.1006594430
0.0924653032
0.0800421805
0.0677920609
0.0610585173
0.0599915287
0.0603026965
0.0583030427
0.0525951628
0.0448586901
0.0374223827
0.0312069334
0.0267882523
0.0245937038
0.0243674039
0.0249484015
0.0251181563
0.0240512861
0.0212842339
0.0166291552
0.0095511155
-0.0007300509
-0.0136112010
-0.0243295373
-0.0293969503
-0.0314002959
-0.0333223735
-0.0367695130
-0.0416018403
-0.0465863763
-0.0513852602
-0.0561288925
-0.0607501298
-0.0657811271
-0.0712052486
-0.0776179619
-0.0864000943
-0.0981012447
-0.1114738046
-0.1231038536
-0.1314904280
-0.1372504431
-0.1393047272
-0.1378043996
-0.1336333686
-0.1237350451
-0.1032929338
-0.0725534461
-0.0392773600
-0.0186973030
-0.0135099634
-0.0095855932
-0.0026299841
0.0004186491
-0.0010983249
-0.0008218135
0.0026989325
0.0067677405
0.0088034093
0.0075434442
0.0015516502
-0.0096470743
-0.0243504232
-0.0368009055
-0.0447762595
-0.0518337116
-0.0583623485
-0.0625297978
-0.0665155980
-0.0718986956
-0.0735544883
-0.0636901831
-0.0387494676
-0.0021937103
0.0341107695
0.0560963771
0.0606443184
0.0615220919
0.0723980047
0.0884281281
0.0946887638
0.0906510056
0.0859951630
0.0812227106
0.0699615462
0.0505513787
0.0304885522
0.0230273042
0.0294394563
0.0357649748
0.0352671933
0.0314589518
0.0276499461
0.0237966199
0.0202747673
0.0181023711
0.0174994065
0.0178953830
0.0192096477
0.0215173898
0.0251116597
0.0303895191
0.0371237105
0.0437232594
0.0482430650
0.0497867839
0.0486596535
0.0461789331
0.0440514439
0.0420102964
0.0385117834
0.0329166529
0.0267205445
0.0229478368
0.0237277731
0.0275581727
0.0315080241
0.0347479452
0.0380905369
0.0414712910
0.0436823783
0.0436814633
0.0420428753
0.0398297028
0.0370862575
0.0327253963
0.0256622083
0.0163744310
0.0083155151
0.0040120877
0.0027246041
0.0020807749
-0.0007083354
-0.0061003169
-0.0135520621
-0.0233155403
-0.0347313272
-0.0468657938
-0.0601669360
-0.0735844582
-0.0854109325
-0.0947479890
-0.1012084382
-0.1044218818
-0.1034542110
-0.1013878147
-0.1024216628
-0.1034866324
-0.0981252740
-0.0844817950
-0.0674191985
-0.0536560705
-0.0485457233
-0.0513755866
-0.0554770875
-0.0561486902
-0.0529354109
-0.0478989266
-0.0448558958
-0.0485132051
-0.0617207070
-0.0819283621
-0.1025510818
-0.1155897910
-0.1184576158
-0.1182413202
-0.1208747189
-0.1251833446
-0.1278050288
-0.1286035532
-0.1288867719
-0.1286612593
-0.1265723966
-0.1210946213
-0.1119200726
-0.1003480368
-0.0891183986
-0.0798313290
-0.0711668813
-0.0611847707
-0.0499933919
-0.0393759239
-0.0304678879
-0.0244683077
-0.0213423295
-0.0195303447
-0.0180821526
-0.0166840119
-0.0145645626
-0.0115835130
-0.0090058793
-0.0083232929
-0.0106353520
-0.0174879083
-0.0301202919
-0.0470186999
-0.0616964626
-0.0684912606
-0.0699421598
-0.0702852335
-0.0695785906
-0.0680113536
-0.0657209893
-0.0597294188
-0.0462546341
-0.0265310302
-0.0074021170
0.0044085179
0.0094520010
0.0116719174
0.0128537698
0.0144046833
0.0162088490
0.0159874913
0.0107253619
-0.0011314345
-0.0169601986
-0.0287726737
-0.0307857722
-0.0261037344
-0.0212973132
-0.0198828664
-0.0223987652
-0.0278342133
-0.0350838158
-0.0437322802
-0.0535062580
-0.0635113420
-0.0725779048
-0.0808369270
-0.0901608084
-0.0997012629
-0.1088540403
-0.1192729682
-0.1285308402
-0.1327087142
-0.1336007571
-0.1347965363
-0.1341852159
-0.1262585997
-0.1068515013
-0.0797401328
-0.0557374697
-0.0457739421
-0.0474898692
-0.0502797383
-0.0498263811
-0.0463272157
-0.0429265339
-0.0407015969
-0.0384779285
-0.0355712530
-0.0322035563
-0.0285986006
-0.0246427610
-0.0204476173
-0.0173434826
-0.0175227420
-0.0217794838
-0.0298287790
-0.0424641215
-0.0595207322
-0.0766278333
-0.0902590654
-0.1023143509
-0.1140499961
-0.1237579996
-0.1308954439
-0.1365284296
-0.1403233969
-0.1426470536
-0.1431951560
-0.1380090156
-0.1199973034
-0.0861391063
-0.0449536637
-0.0126034079
0.0041465973
0.0141096361
0.0247319090
0.0352786228
0.0448021066
0.0531307244
0.0611696139
0.0679146282
0.0728536430
0.0765934465
0.0782651656
0.0717239389
0.0496672343
0.0114355887
-0.0287966021
-0.0602345495
-0.0876123112
-0.1162063128
-0.1451614472
-0.1699968489
-0.1873223791
-0.1967898512
-0.2035963915
-0.2156097592
-0.2326660577
-0.2455409866
-0.2469649324
-0.2402846026
-0.2313829956
-0.2198051514
-0.2064619081
-0.1968044475
-0.1946228344
-0.2006835408
-0.2087078775
-0.2103577340
-0.2055941148
-0.1989399910
-0.1914830313
-0.1802851979
-0.1623186976
-0.1386531901
-0.1122309019
-0.0837187996
-0.0514328164
-0.0170912253
0.0144223441
0.0427551673
0.0729742223
0.1103376077
0.1564042153
0.2069389317
0.2566317341
0.3041661344
0.3479000767
0.3787689048
0.3822087507
0.3481327947
0.2854249634
0.2113841061
0.1409337580
0.0886604052
0.0551841782
0.0308283926
0.0138767395
0.0120501124
0.0258975945
0.0369405808
0.0304089397
0.0170765899
0.0124638813
0.0200208627
0.0341659121
0.0480514475
0.0581830103
0.0626351138
0.0621564589
0.0611786340
0.0614016309
0.0591429705
0.0489321168
0.0287354680
0.0040140311
-0.0139266445
-0.0214309769
-0.0267052020
-0.0371839911
-0.0512912781
-0.0636546806
-0.0741290408
-0.0878975110
-0.1076407142
-0.1269498909
-0.1391592198
-0.1482325707
-0.1595329493
-0.1708338390
-0.1793415738
-0.1868925866
-0.1932276374
-0.1930140302
-0.1848701160
-0.1672233695
-0.1359070417
-0.0939017092
-0.0597549643
-0.0417792185
-0.0280608141
-0.0088778167
0.0102660547
0.0246696984
0.0411423270
0.0568580165
0.0642898373
0.0670140162
0.0755972141
0.0883649640
0.0911104907
0.0741565799
0.0402503275
0.0008674651
-0.0259235929
-0.0332757278
-0.0343438107
-0.0419021556
-0.0526856966
-0.0580657865
-0.0592375409
-0.0612454302
-0.0630441284
-0.0614903171
-0.0550149069
-0.0450780837
-0.0348107440
-0.0271208468
-0.0251282618
-0.0279805680
-0.0303848919
-0.0299884982
-0.0289736154
-0.0293324296
-0.0303127724
-0.0312889319
-0.0325150558
-0.0342636804
-0.0363283568
-0.0388000006
-0.0419129054
-0.0454115310
-0.0490213115
-0.0532341378
-0.0581904011
-0.0626611812
-0.0647776658
-0.0649217887
-0.0650052374
-0.0664169961
-0.0692407893
-0.0732616019
-0.0785743838
-0.0854647689
-0.0943341056
-0.1050725211
-0.1166335738
-0.1282730299
-0.1405998939
-0.1513521034
-0.1576374429
-0.1591977865
-0.1591061007
-0.1616909379
-0.1649718001
-0.1629708084
-0.1514638702
-0.1286315232
-0.0978092984
-0.0691845063
-0.0575421452
-0.0623369016
-0.0662737085
-0.0616546469
-0.0523947829
-0.0431291847
-0.0353586161
-0.0295942806
-0.0254027257
-0.0219486065
-0.0193941311
-0.0184573646
-0.0204065615
-0.0278182383
-0.0423954606
-0.0609159792
-0.0764271778
-0.0840006479
-0.0862373262
-0.0896376450
-0.0967858901
-0.1041693469
-0.1079907298
-0.1091776782
-0.1106701018
-0.1153733490
-0.1218809513
-0.1251410288
-0.1236070599
-0.1216179158
-0.1212861247
-0.1214567089
-0.1206799546
-0.1188798726
-0.1161137085
-0.1125205367
-0.1079059377
-0.1022973748
-0.0963229732
-0.0914852745
-0.0869437953
-0.0803130169
-0.0718996938
-0.0621597786
-0.0491994671
-0.0348942760
-0.0221479172
-0.0100604477
0.0024111305
0.0128076862
0.0198313370
0.0246721222
0.0284336130
0.0321887528
0.0364343073
0.0388762367
0.0345982257
0.0185100080
-0.0093663345
-0.0410296127
-0.0623341891
-0.0690792834
-0.0706795444
-0.0724761751
-0.0763234316
-0.0824907339
-0.0880408953
-0.0896352603
-0.0877579975
-0.0866662100
-0.0878021770
-0.0897855435
-0.0913224465
-0.0921329680
-0.0917640319
-0.0891856214
-0.0829446449
-0.0718856611
-0.0561018260
-0.0382851997
-0.0231648944
-0.0121446022
-0.0016007546
0.0101350146
0.0203983890
0.0270350951
0.0320691675
0.0364896909
0.0399407116
0.0430467090
0.0452162029
0.0441421373
0.0366992999
0.0208276309
0.0003997481
-0.0143843447
-0.0195743622
-0.0219638800
-0.0260813438
-0.0314741389
-0.0371861868
-0.0441118226
-0.0511930778
-0.0579101264
-0.0664106217
-0.0762679317
-0.0855051323
-0.0943989071
-0.1018798412
-0.1063033272
-0.1093610958
-0.1121433414
-0.1110005883
-0.1006591946
-0.0783997610
-0.0480699090
-0.0213400012
-0.0120855169
-0.0179930133
-0.0222856452
-0.0166234979
-0.0048959294
0.0072761582
0.0184422200
0.0287728744
0.0363545642
0.0397986173
0.0410360189
0.0423725707
0.0433868727
0.0416242782
0.0345382057
0.0212386265
0.0049805075
-0.0065342091
-0.0106158504
-0.0131562432
-0.0186369159
-0.0257491275
-0.0307965664
-0.0322825879
-0.0317082509
-0.0311573664
-0.0309323095
-0.0302497580
-0.0278239518
-0.0225353649
-0.0143376315
-0.0047752372
0.0038074367
0.0098480243
0.0132362754
0.0150192929
0.0162892667
0.0175771656
0.0193458993
0.0211057195
0.0216842863
0.0209215688
0.0196836471
0.0182088599
0.0157468213
0.0115937141
0.0063306111
0.0015785379
-0.0010956831
-0.0015579352
-0.0010749806
-0.0006773262
-0.0006037777
-0.0006084264
-0.0004620265
0.0003328326
0.0021876700
0.0050472884
0.0086132650
0.0126279281
0.0163838753
0.0189326155
0.0197728833
0.0190941121
0.0169827799
0.0129986992
0.0063443278
-0.0031432162
-0.0132133883
-0.0193144423
-0.0209257297
-0.0216233555
-0.0231381108
-0.0243276275
-0.0237037864
-0.0221211850
-0.0206763518
-0.0192061624
-0.0170028743
-0.0139989581
-0.0109275962
-0.0089028137
-0.0081188929
-0.0082882634
-0.0093208110
-0.0107671605
-0.0121528462
-0.0133408301
-0.0142771563
-0.0149949142
-0.0153109058
-0.0148032536
-0.0128545120
-0.0083283675
0.0001117822
0.0133671674
0.0302553065
0.0477870856
0.0631596786
0.0744439695
0.0827778576
0.0907494746
0.0987028621
0.1061071212
0.1124442216
0.1161403410
0.1182755627
0.1218355247
0.1257747382
0.1265318807
0.1213789571
0.1094265015
0.0934044659
0.0796943802
0.0711191691
0.0650376789
0.0600020664
0.0543490227
0.0452050094
0.0348755965
0.0268771819
0.0190734739
0.0091502238
-0.0013393853
-0.0113484784
-0.0206763646
-0.0266178434
-0.0288641851
-0.0299225502
-0.0299104479
-0.0287922203
-0.0277999175
-0.0277141314
-0.0281253783
-0.0287185339
-0.0295176797
-0.0304999212
-0.0315520253
-0.0330485276
-0.0357303287
-0.0400936583
-0.0454463020
-0.0496699833
-0.0513810209
-0.0514187549
-0.0507718453
-0.0502775919
-0.0504136315
-0.0509906130
-0.0514810283
-0.0516960507
-0.0516624412
-0.0514204240
-0.0507604815
-0.0494660439
-0.0469970138
-0.0421013696
-0.0329259031
-0.0187213397
-0.0005767419
0.0193379509
0.0397815733
0.0602885384
0.0791598187
0.0942674121
0.1070879451
0.1188442348
0.1294322272
0.1390993833
0.1481642111
0.1556636391
0.1594173020
0.1606888795
0.1626192225
0.1652695211
0.1658132295
0.1621611375
0.1539283390
0.1419582959
0.1281421607
0.1146846473
0.1036015521
0.0944936380
0.0872822990
0.0839314427
0.0838820034
0.0853824391
0.0868999833
0.0874133829
0.0876930200
0.0900169177
0.0955272208
0.1029331244
0.1099159551
0.1149561543
0.1173449409
0.1175634929
0.1168895390
0.1161994145
0.1153759671
0.1128652578
0.1064212869
0.0949138256
0.0804467439
0.0673188228
0.0573560753
0.0497518178
0.0448344241
0.0416406599
0.0386986525
0.0364537387
0.0349258779
0.0340311926
0.0334159976
0.0328681411
0.0324951120
0.0323447934
0.0322313371
0.0320466151
0.0318346292
0.0317691479
0.0319662749
0.0323894830
0.0327157097
0.0328027849
0.0330953175
0.0339831485
0.0351395966
0.0360436248
0.0365168176
0.0368266692
0.0375073816
0.0390438964
0.0416746019
0.0453438637
0.0498696412
0.0546734832
0.0592777641
0.0637780892
0.0682975239
0.0733610569
0.0794958743
0.0866244962
0.0952083482
0.1045625804
0.1128437573
0.1191407577
0.1223978787
0.1225174403
0.1216578881
0.1214205431
0.1206358475
0.1159422288
0.1050410587
0.0893307061
0.0751137605
0.0670076530
0.0635040346
0.0614850548
0.0582630601
0.0542807834
0.0539935251
0.0606441231
0.0748305619
0.0949890949
0.1161485508
0.1303096893
0.1348403954
0.1355502404
0.1377034441
0.1427802765
0.1488213343
0.1535622206
0.1566151270
0.1585540853
0.1581287609
0.1530608860
0.1419196245
0.1275372323
0.1165640112
0.1132063499
0.1138105084
0.1131817506
0.1115821802
0.1120170956
0.1164396166
0.1258259861
0.1392010235
0.1528178537
0.1613322461
0.1638973593
0.1661768274
0.1710886420
0.1760103780
0.1793857183
0.1819575426
0.1840013610
0.1852753664
0.1861498369
0.1858262487
0.1821131198
0.1724802292
0.1561862869
0.1366646805
0.1219876969
0.1149424848
0.1107749867
0.1072565955
0.1047527531
0.1024589919
0.1023509318
0.1076246338
0.1180334547
0.1309391187
0.1419666402
0.1441749025
0.1375361145
0.1311926945
0.1285543107
0.1247154884
0.1154688641
0.1029876957
0.0918553732
0.0823375777
0.0720450590
0.0590656758
0.0410116388
0.0172748672
-0.0030388865
-0.0132247427
-0.0208396380
-0.0280556661
-0.0327071563
-0.0365690398
-0.0403009492
-0.0418978873
-0.0375503645
-0.0238885177
-0.0022769907
0.0204977730
0.0336554247
0.0333645558
0.0289411276
0.0286667200
0.0323341577
0.0362272955
0.0384144802
0.0395872109
0.0409921090
0.0425949129
0.0440773886
0.0452700461
0.0462040742
0.0468090754
0.0468705244
0.0456162410
0.0417404081
0.0335403971
0.0201231243
0.0034405478
-0.0100822392
-0.0177645769
-0.0241090270
-0.0310969905
-0.0372172917
-0.0418713054
-0.0459478871
-0.0497836632
-0.0524504658
-0.0523156051
-0.0482261164
-0.0408606291
-0.0321235169
-0.0238000412
-0.0171780374
-0.0150164500
-0.0166513996
-0.0173065870
-0.0155399877
-0.0126402353
-0.0093639932
-0.0060713687
-0.0032214683
-0.0007132778
0.0013896266
0.0028784922
0.0039570744
0.0046644038
0.0048410412
0.0044774911
0.0037899700
0.0030000622
0.0018914912
-0.0003772070
-0.0048543476
-0.0120987464
-0.0213899241
-0.0299033066
-0.0353857936
-0.0391526352
-0.0423705709
-0.0455583176
-0.0495472559
-0.0517858075
-0.0473650317
-0.0363401106
-0.0242341983
-0.0170516020
-0.0153368398
-0.0136936919
-0.0096371155
-0.0054264706
-0.0036729060
-0.0034807206
-0.0029589824
-0.0024869368
-0.0032058941
-0.0062919182
-0.0129536531
-0.0228801248
-0.0321843567
-0.0367077393
-0.0372037107
-0.0368034997
-0.0367448391
-0.0369178942
-0.0373027550
-0.0376150765
-0.0375204490
-0.0372361788
-0.0373320082
-0.0380526771
-0.0392815084
-0.0408032571
-0.0424147834
-0.0440019105
-0.0457391823
-0.0477407914
-0.0492553261
-0.0484416097
-0.0434428165
-0.0333734320
-0.0189237387
-0.0035020994
0.0079253755
0.0135809441
0.0154097447
0.0154660427
0.0158217159
0.0178946100
0.0199275596
0.0191823662
0.0141002879
0.0038809797
-0.0088134403
-0.0190076393
-0.0250140893
-0.0287231787
-0.0317606627
-0.0343895935
-0.0365670852
-0.0380865532
-0.0392499591
-0.0406017675
-0.0418396643
-0.0425109893
-0.0424777800
-0.0417470990
-0.0403929815
-0.0385168731
-0.0359468093
-0.0324033287
-0.0278522996
-0.0231321240
-0.0187267574
-0.0144943032
-0.0115282661
-0.0108039471
-0.0113832667
-0.0119548522
-0.0119599578
-0.0123044335
-0.0141401621
-0.0178624407
-0.0241004917
-0.0336053135
-0.0452860383
-0.0580276927
-0.0697647055
-0.0782593035
-0.0854447829
-0.0938217063
-0.1023012751
-0.1078415771
-0.1092958226
-0.1078815201
-0.1055209913
-0.1003878696
-0.0885496826
-0.0694340870
-0.0496228550
-0.0369051558
-0.0327346251
-0.0327334811
-0.0337042263
-0.0354259046
-0.0369993874
-0.0386391490
-0.0429574980
-0.0509794298
-0.0589825409
-0.0624212190
-0.0612099222
-0.0589189183
-0.0576586490
-0.0567538272
-0.0555211281
-0.0534141862
-0.0496145018
-0.0440168630
-0.0371812102
-0.0293564983
-0.0211445870
-0.0131384561
-0.0049877520
0.0039475417
0.0136324198
0.0232598518
0.0303186078
0.0347486384
0.0396219626
0.0459455717
0.0495704490
0.0481264845
0.0458635565
0.0451885261
0.0439244903
0.0388059989
0.0286739404
0.0153080006
0.0032482824
-0.0043880498
-0.0087173226
-0.0117647236
-0.0146508922
-0.0172722678
-0.0189486226
-0.0197248249
-0.0199304774
-0.0198027291
-0.0188457652
-0.0159885782
-0.0101003862
-0.0009814975
0.0099069132
0.0197299405
0.0261299743
0.0295867367
0.0326336307
0.0344783281
0.0336015283
0.0320648231
0.0320023663
0.0331686850
0.0341593534
0.0344332881
0.0343251043
0.0341947697
0.0341342099
0.0342231106
0.0346950243
0.0356593026
0.0369692608
0.0385716416
0.0408253047
0.0440476126
0.0481087239
0.0526378563
0.0567511643
0.0594617582
0.0612376027
0.0634618178
0.0665692052
0.0698990832
0.0728236419
0.0751717166
0.0766616964
0.0762928779
0.0728457641
0.0661897545
0.0578657980
0.0494825099
0.0425787405
0.0360651960
0.0261548482
0.0135768308
0.0021393030
-0.0070072934
-0.0137724990
-0.0170157337
-0.0176778052
-0.0184992523
-0.0199901095
-0.0208872748
-0.0212215706
-0.0218606370
-0.0229517048
-0.0242003378
-0.0254598877
-0.0266382067
-0.0276436946
-0.0283850432
-0.0288831966
-0.0291204112
-0.0289593240
-0.0282674910
-0.0270755788
-0.0255023423
-0.0237275355
-0.0217679540
-0.0194816603
-0.0167845919
-0.0141178957
-0.0113516875
-0.0079709684
-0.0050844796
-0.0049964644
-0.0096624545
-0.0202073127
-0.0353574265
-0.0514563106
-0.0645766164
-0.0739888889
-0.0845902789
-0.0998914023
-0.1161223038
-0.1288824379
-0.1358614887
-0.1384531090
-0.1422704482
-0.1500664298
-0.1582499576
-0.1628514472
-0.1651890758
-0.1644889611
-0.1576242298
-0.1444196803
-0.1278254078
-0.1125809048
-0.1009549994
-0.0911109836
-0.0811958885
-0.0703840606
-0.0589376010
-0.0495471834
-0.0464732848
-0.0478164747
-0.0496778512
-0.0540604926
-0.0663997492
-0.0890132043
-0.1174032059
-0.1414444701
-0.1551702990
-0.1632744356
-0.1716750275
-0.1794055714
-0.1825966751
-0.1776595779
-0.1634086922
-0.1389317186
-0.1040084071
-0.0668450350
-0.0450253451
-0.0405735420
-0.0357757251
-0.0232237238
-0.0118554029
-0.0087197887
-0.0070284399
-0.0015064717
0.0049374948
0.0075383288
0.0023535953
-0.0120062102
-0.0301126873
-0.0430129041
-0.0465562581
-0.0443416969
-0.0421065550
-0.0412698222
-0.0393156918
-0.0325424786
-0.0191670047
-0.0006445747
0.0188547626
0.0330754323
0.0395692735
0.0439219255
0.0529580023
0.0650096788
0.0732112401
0.0780916545
0.0845993550
0.0910056685
0.0940352140
0.0934124820
0.0911187297
0.0891879597
0.0863046065
0.0809347184
0.0736352380
0.0661149493
0.0591640421
0.0515677787
0.0428843675
0.0346916307
0.0282938693
0.0234266455
0.0185971189
0.0122320245
0.0056996280
0.0012534343
-0.0017298483
-0.0051293765
-0.0092317953
-0.0141062208
-0.0205445864
-0.0289862004
-0.0386481516
-0.0482320343
-0.0573847879
-0.0661486102
-0.0730600094
-0.0775964983
-0.0815766683
-0.0856350209
-0.0888292821
-0.0908030128
-0.0922886302
-0.0944733261
-0.0972406064
-0.0995449499
-0.1011991658
-0.1024967797
-0.1033708967
-0.1033904133
-0.1023497220
-0.1002448739
-0.0966855056
-0.0911401513
-0.0837272098
-0.0753065942
-0.0675078356
-0.0626821692
-0.0615363880
-0.0611943122
-0.0586439514
-0.0550675350
-0.0526485847
-0.0514549932
-0.0506417937
-0.0498964037
-0.0494386596
-0.0498263506
-0.0518949019
-0.0567252781
-0.0647741602
-0.0746068546
-0.0827366431
-0.0875558025
-0.0901759556
-0.0922928581
-0.0943395120
-0.0934917291
-0.0876018096
-0.0763595284
-0.0593974796
-0.0387192174
-0.0182775906
0.0017013949
0.0226496958
0.0403109049
0.0526202874
0.0625912732
0.0709489361
0.0775191049
0.0830181104
0.0852498940
0.0833502741
0.0795474940
0.0726906206
0.0622501313
0.0514126120
0.0430930857
0.0376107309
0.0344149493
0.0322392316
0.0289713856
0.0254836752
0.0240403132
0.0236299110
0.0222694183
0.0200201869
0.0180139250
0.0166473605
0.0154820346
0.0140423044
0.0121065869
0.0094942836
0.0059629403
0.0010321692
-0.0060468540
-0.0141115042
-0.0213441549
-0.0273142893
-0.0315938366
-0.0348145392
-0.0385783962
-0.0429091502
-0.0462968215
-0.0462704525
-0.0401735423
-0.0287335686
-0.0158362057
-0.0046349718
0.0021048058
0.0053029847
0.0107272848
0.0217656140
0.0367850149
0.0524984950
0.0667461979
0.0797006855
0.0926212132
0.1040712614
0.1125326566
0.1192822917
0.1250485609
0.1291322229
0.1292951968
0.1223308011
0.1063047838
0.0821997704
0.0559676273
0.0350948702
0.0223565014
0.0132504258
0.0025702602
-0.0128350156
-0.0325498687
-0.0482383222
-0.0522806059
-0.0485800976
-0.0463239613
-0.0488764762
-0.0529517421
-0.0533317851
-0.0467305242
-0.0346096847
-0.0210774025
-0.0086241693
0.0006340419
0.0063611665
0.0115582021
0.0177730156
0.0223469615
0.0236913619
0.0239752078
0.0247241297
0.0259920477
0.0269982198
0.0269846099
0.0257102659
0.0235384399
0.0209521248
0.0180452790
0.0147204633
0.0117566270
0.0099071026
0.0091299721
0.0088579270
0.0088721440
0.0093282760
0.0104951708
0.0129572870
0.0180907786
0.0272423262
0.0400537349
0.0539533818
0.0666758328
0.0768990446
0.0843097703
0.0897561552
0.0928670953
0.0955015108
0.0992507430
0.1013996754
0.1014031727
0.1016123419
0.1032269696
0.1054429038
0.1075332142
0.1096011479
0.1122545033
0.1162058685
0.1222546711
0.1306324872
0.1406670423
0.1500052433
0.1558565835
0.1572983422
0.1556279626
0.1535932533
0.1529313407
0.1525097994
0.1498918354
0.1438836513
0.1360046290
0.1298483761
0.1280188603
0.1286418947
0.1285068126
0.1277941318
0.1280816433
0.1290867557
0.1301233896
0.1312791729
0.1330113674
0.1351706906
0.1372493685
0.1384014760
0.1377300968
0.1341676693
0.1267053297
0.1151839263
0.1014907976
0.0896566741
0.0812027151
0.0720652201
0.0600752354
0.0456681301
0.0274321865
0.0043604596
-0.0192876301
-0.0399171851
-0.0577083348
-0.0707374279
-0.0805661744
-0.0921518840
-0.1036549188
-0.1117107189
-0.1193946069
-0.1293070638
-0.1377598489
-0.1416692766
-0.1432926231
-0.1450195135
-0.1467300226
-0.1475682200
-0.1474590953
-0.1465595940
-0.1440862601
-0.1386585218
-0.1291500291
-0.1155688405
-0.0994837038
-0.0839837836
-0.0716986808
-0.0604965828
-0.0478888094
-0.0383989110
-0.0346528096
-0.0321564905
-0.0296022597
-0.0288361073
-0.0286717519
-0.0282375290
-0.0296793724
-0.0360092493
-0.0471717167
-0.0591709055
-0.0652879912
-0.0643026188
-0.0607249287
-0.0573460307
-0.0547462742
-0.0513064985
-0.0441096683
-0.0322025537
-0.0184921355
-0.0068425316
0.0037285660
0.0169223767
0.0331061613
0.0498884602
0.0656369113
0.0802406396
0.0945951360
0.1078792274
0.1183857337
0.1266057906
0.1335756353
0.1381574592
0.1393136589
0.1385609486
0.1355743244
0.1276900878
0.1136788387
0.0983823762
0.0881607848
0.0814304797
0.0721916499
0.0616996205
0.0551921902
0.0522690621
0.0487677914
0.0455456520
0.0456801705
0.0498973658
0.0588836263
0.0723878105
0.0878623706
0.1023491951
0.1129497121
0.1213646060
0.1326629890
0.1472923983
0.1626965430
0.1797452951
0.1993612877
0.2164122363
0.2286026771
0.2383137833
0.2436073679
0.2419724788
0.2334588595
0.2163616980
0.1869160555
0.1504528314
0.1219735530
0.1091877075
0.0970584965
0.0632788824
0.0061364860
-0.0549730262
-0.1036763691
-0.1403426062
-0.1685343751
-0.1849181421
-0.1848499605
-0.1739181346
-0.1641771024
-0.1549725224
-0.1309588424
-0.0837006360
-0.0255173212
0.0211949174
0.0458903910
0.0549261295
0.0583414223
0.0651582693
0.0781710402
0.0934127140
0.1057626275
0.1102877691
0.1076564911
0.1015958636
0.0915942598
0.0740875348
0.0520859557
0.0327136385
0.0182993529
0.0075286325
0.0003903066
-0.0040061205
-0.0096302257
-0.0167229127
-0.0215493945
-0.0233489491
-0.0242446780
-0.0257890791
-0.0273949387
-0.0282814555
-0.0285587647
-0.0288856418
-0.0298785090
-0.0322651020
-0.0369136863
-0.0449773063
-0.0566197699
-0.0694886330
-0.0792553696
-0.0856592859
-0.0911273021
-0.0950040861
-0.0960731417
-0.0957990301
-0.0954791002
-0.0944985118
-0.0928879827
-0.0908689576
-0.0883823992
-0.0856611319
-0.0832357339
-0.0804480997
-0.0763461429
-0.0720060769
-0.0688643073
-0.0666789950
-0.0651052657
-0.0644358680
-0.0645544154
-0.0649762990
-0.0653391362
-0.0657414477
-0.0663810106
-0.0669828656
-0.0670224187
-0.0657686799
-0.0625135988
-0.0570235142
-0.0488733807
-0.0377266445
-0.0244544529
-0.0109285874
0.0010132488
0.0124232939
0.0258557140
0.0409291584
0.0559977017
0.0719034886
0.0911108177
0.1118523335
0.1319070546
0.1510886584
0.1695170610
0.1848857908
0.1940119219
0.1984325203
0.2013085092
0.2037783450
0.2069647701
0.2093469804
0.2055145596
0.1914894713
0.1688095437
0.1439299822
0.1287585983
0.1262366726
0.1245551662
0.1165587566
0.1065813722
0.1003957528
0.0968872470
0.0926062325
0.0871536241
0.0818641130
0.0768817747
0.0717308288
0.0668527598
0.0631111585
0.0606928450
0.0592303591
0.0583842056
0.0579682672
0.0580791906
0.0587063141
0.0596878166
0.0607093358
0.0612836668
0.0607250785
0.0585291786
0.0549797584
0.0506573275
0.0443803822
0.0330495931
0.0140631414
-0.0113112701
-0.0361471222
-0.0570075762
-0.0796909357
-0.1047094633
-0.1269736819
-0.1476288479
-0.1719713406
-0.2004041494
-0.2281808081
-0.2520217988
-0.2709337449
-0.2840944184
-0.2921246157
-0.2969798984
-0.3021663278
-0.3082960268
-0.3103712330
-0.3024380903
-0.2825555738
-0.2551825481
-0.2321842211
-0.2223107350
-0.2188168279
-0.2114740519
-0.2009537584
-0.1937269137
-0.1880643116
-0.1788237643
-0.1686448997
-0.1620824363
-0.1591296042
-0.1574637469
-0.1555272839
-0.1536091753
-0.1539189501
-0.1594964062
-0.1701293344
-0.1816749875
-0.1890289301
-0.1899754293
-0.1876042871
-0.1854962716
-0.1839258134
-0.1819925141
-0.1785183401
-0.1718000827
-0.1606973660
-0.1466439680
-0.1335270751
-0.1231852975
-0.1126056659
-0.0977011173
-0.0791845431
-0.0609751629
-0.0435295678
-0.0259570332
-0.0109563267
-0.0012710764
0.0044612773
0.0099312440
0.0170607753
0.0243119342
0.0293579137
0.0304741076
0.0270372227
0.0200863863
0.0119078423
0.0062271002
0.0064281415
0.0104098977
0.0134121545
0.0143784380
0.0153898142
0.0175137794
0.0203478570
0.0235224787
0.0275270381
0.0333460019
0.0419364432
0.0531764658
0.0655049697
0.0768604635
0.0873933650
0.0976962348
0.1062390479
0.1125061023
0.1192205673
0.1277055355
0.1358289808
0.1423413990
0.1471809802
0.1493011781
0.1481902563
0.1461857521
0.1455705896
0.1445741178
0.1396335291
0.1287701670
0.1127861739
0.0954765647
0.0835108951
0.0791725495
0.0778684136
0.0757235012
0.0718988343
0.0673637477
0.0629977074
0.0583381921
0.0530034606
0.0469410955
0.0397334137
0.0303056692
0.0179519107
0.0033855160
-0.0112548878
-0.0252119793
-0.0387651542
-0.0525559739
-0.0687922769
-0.0873772937
-0.1050397195
-0.1215056610
-0.1403581535
-0.1605006777
-0.1772248465
-0.1903528599
-0.2017075755
-0.2106202271
-0.2165148280
-0.2180784859
-0.2150733244
-0.2084818652
-0.1970443563
-0.1817036707
-0.1670832718
-0.1587238543
-0.1578331099
-0.1599592261
-0.1604968476
-0.1573487324
-0.1522458879
-0.1487299335
-0.1480040018
-0.1484567519
-0.1489460436
-0.1497938632
-0.1519306937
-0.1557993977
-0.1613763951
-0.1679155359
-0.1738282249
-0.1777419923
-0.1801582506
-0.1816518475
-0.1830306733
-0.1851016240
-0.1871040802
-0.1883010560
-0.1887129326
-0.1885971841
-0.1876895976
-0.1858505972
-0.1838859538
-0.1825083915
-0.1814977628
-0.1803370592
-0.1791112179
-0.1782359027
-0.1776527056
-0.1769645074
-0.1760165267
-0.1746670646
-0.1731885763
-0.1719635812
-0.1709638779
-0.1703710522
-0.1703973471
-0.1703764248
-0.1696157848
-0.1684240307
-0.1672507676
-0.1657437977
-0.1628242248
-0.1583132226
-0.1532556009
-0.1479992550
-0.1419832909
-0.1349310001
-0.1276332249
-0.1207514513
-0.1138580564
-0.1067410167
-0.0998917278
-0.0934385984
-0.0875451171
-0.0815345589
-0.0739152785
-0.0640002193
-0.0537079450
-0.0443936519
-0.0353015268
-0.0258487612
-0.0169462981
-0.0091568018
-0.0010383995
0.0070861386
0.0140131493
0.0197519773
0.0246284932
0.0289359127
0.0324718406
0.0343397209
0.0347890675
0.0350832391
0.0350210449
0.0325761424
0.0253401635
0.0121965351
-0.0050483269
-0.0198233287
-0.0275319127
-0.0319611701
-0.0374290785
-0.0433549300
-0.0490675861
-0.0546991630
-0.0583295223
-0.0588789913
-0.0579897713
-0.0574592819
-0.0571015915
-0.0562056563
-0.0548670273
-0.0538107383
-0.0531421576
-0.0522275330
-0.0505350661
-0.0482897655
-0.0455084472
-0.0416332913
-0.0359771671
-0.0292066804
-0.0224497704
-0.0147319066
-0.0052279773
0.0051861027
0.0153991621
0.0235721903
0.0294015841
0.0339069153
0.0365157270
0.0360648609
0.0325425428
0.0261862900
0.0153034956
-0.0000961883
-0.0159082915
-0.0259151465
-0.0318955950
-0.0410331930
-0.0520952932
-0.0593817723
-0.0642794392
-0.0704122361
-0.0765091332
-0.0773741081
-0.0695139708
-0.0540921766
-0.0328421686
-0.0095970513
0.0069936423
0.0094686762
0.0029899899
-0.0010510528
0.0009660499
0.0057010026
0.0092899725
0.0083221202
0.0007665483
-0.0114394109
-0.0210400538
-0.0218793699
-0.0164682260
-0.0105693679
-0.0063487393
-0.0027368614
0.0027416493
0.0121693549
0.0252094428
0.0384155220
0.0485139036
0.0567571307
0.0655912382
0.0747881702
0.0822395139
0.0865159726
0.0884437024
0.0895761117
0.0911974610
0.0932389754
0.0945192787
0.0936224075
0.0901413203
0.0848056887
0.0791174023
0.0738994906
0.0688958010
0.0650258812
0.0633853957
0.0620717981
0.0606466184
0.0607972427
0.0623035214
0.0639331370
0.0650111971
0.0655458441
0.0656782897
0.0655093077
0.0649631044
0.0636676880
0.0611870492
0.0575004722
0.0533076481
0.0497817329
0.0482668898
0.0496597997
0.0529836761
0.0563022618
0.0599273813
0.0660992557
0.0764722379
0.0903669147
0.1052460102
0.1156475102
0.1177461702
0.1154779798
0.1148419650
0.1169076293
0.1193772720
0.1211625338
0.1221422756
0.1219813008
0.1204973944
0.1183536202
0.1161641802
0.1140647806
0.1125131441
0.1124994556
0.1137916533
0.1150721881
0.1156960230
0.1157388433
0.1154301926
0.1148213825
0.1138358199
0.1124243531
0.1105531848
0.1081794102
0.1049799914
0.1006963999
0.0965587168
0.0928015175
0.0883757401
0.0863782789
0.0887346117
0.0920338847
0.0936141993
0.0941177058
0.0950839585
0.0969443183
0.0992902762
0.1015545075
0.1032890138
0.1042537502
0.1045315180
0.1045464685
0.1049148937
0.1060452927
0.1077721956
0.1099478951
0.1129149741
0.1174490657
0.1241201476
0.1327507033
0.1421123581
0.1502238693
0.1556097841
0.1582525540
0.1588744171
0.1581683406
0.1574580337
0.1577929513
0.1582264072
0.1570223601
0.1530388550
0.1462558619
0.1383259149
0.1321898951
0.1295500020
0.1299982288
0.1316704818
0.1330632310
0.1345057279
0.1371177228
0.1416071506
0.1475976296
0.1533507676
0.1571623078
0.1590158327
0.1593979392
0.1585898996
0.1576766522
0.1570243684
0.1550358125
0.1486969581
0.1359393217
0.1175732138
0.1002181687
0.0907288547
0.0881718631
0.0859018794
0.0811089091
0.0766570364
0.0744893280
0.0739870449
0.0731532474
0.0718113649
0.0707988238
0.0705623392
0.0708512774
0.0714163958
0.0719591182
0.0722128338
0.0720273245
0.0714974645
0.0704289650
0.0688375075
0.0670843843
0.0653265016
0.0633552094
0.0608325620
0.0574573881
0.0536705181
0.0499774386
0.0465654267
0.0434131796
0.0413682175
0.0410635002
0.0415174338
0.0418871676
0.0420877661
0.0421014187
0.0417212744
0.0406856961
0.0389449332
0.0367717304
0.0345264768
0.0323152786
0.0301375247
0.0279848567
0.0260587496
0.0249169242
0.0252053508
0.0272339274
0.0313209539
0.0377469025
0.0462359160
0.0551797383
0.0634913434
0.0713002912
0.0788079627
0.0858145238
0.0908542923
0.0932787190
0.0946470722
0.0961716888
0.0972811237
0.0973669250
0.0966530373
0.0956835259
0.0945453527
0.0930090650
0.0909703746
0.0886244527
0.0860617737
0.0831073129
0.0796132663
0.0757918973
0.0717936684
0.0678927615
0.0643108363
0.0603982162
0.0554378867
0.0500356740
0.0456365439
0.0426230284
0.0406798482
0.0397362343
0.0393765024
0.0395356989
0.0408731701
0.0438738473
0.0483443407
0.0534678993
0.0576786316
0.0589183396
0.0571689402
0.0548426795
0.0530411376
0.0514790065
0.0499045748
0.0479373522
0.0448866585
0.0401792091
0.0338339743
0.0266876223
0.0204250713
0.0161797884
0.0136606144
0.0125332880
0.0119158010
0.0116835850
0.0131507001
0.0181805750
0.0279170143
0.0414979724
0.0551112566
0.0666122405
0.0758420359
0.0824529805
0.0869559383
0.0905391338
0.0941317229
0.0974134524
0.1001778940
0.1019701005
0.1014666519
0.0962180462
0.0828184771
0.0615444420
0.0379850979
0.0182988488
0.0017419281
-0.0153375558
-0.0316370450
-0.0436638307
-0.0509414867
-0.0536077019
-0.0520311154
-0.0500271613
-0.0469902745
-0.0369835551
-0.0178883917
0.0052960995
0.0232363971
0.0261472493
0.0172831305
0.0099596657
0.0095758014
0.0100058001
0.0010248890
-0.0218923707
-0.0528509824
-0.0794746118
-0.0963653783
-0.1089696392
-0.1197321219
-0.1271911018
-0.1336707817
-0.1418042007
-0.1501640675
-0.1534729856
-0.1494638009
-0.1384864254
-0.1197684741
-0.0975292952
-0.0850323526
-0.0882605579
-0.0959279111
-0.0960378184
-0.0881396011
-0.0785420354
-0.0700500213
-0.0620433225
-0.0542394932
-0.0461091303
-0.0368887362
-0.0269497927
-0.0168580746
-0.0055415143
0.0073045732
0.0169683979
0.0206739122
0.0216900013
0.0226658329
0.0253812893
0.0296996266
0.0304448589
0.0202850645
-0.0039475434
-0.0361710028
-0.0626337420
-0.0789547068
-0.0928240610
-0.1089220637
-0.1256872928
-0.1404905760
-0.1551554233
-0.1677507658
-0.1730164261
-0.1731213005
-0.1738081874
-0.1763361971
-0.1774393133
-0.1724687084
-0.1609319372
-0.1456611262
-0.1293995280
-0.1160224987
-0.1061332518
-0.0942140202
-0.0781865921
-0.0615289370
-0.0457718086
-0.0253967134
-0.0016104647
0.0155547789
0.0247021519
0.0291506773
0.0307572815
0.0314222370
0.0324376775
0.0355584841
0.0408595776
0.0450315547
0.0445551166
0.0389890309
0.0317061262
0.0263380431
0.0227397932
0.0174041496
0.0054783453
-0.0167883423
-0.0486195187
-0.0826513189
-0.1113658747
-0.1315777468
-0.1430612790
-0.1469728847
-0.1481889720
-0.1529657056
-0.1609331706
-0.1662240766
-0.1622741589
-0.1438051917
-0.1136437843
-0.0831109499
-0.0654126783
-0.0623683723
-0.0609523089
-0.0513020576
-0.0350488481
-0.0196454081
-0.0099472826
-0.0051818051
-0.0025616280
-0.0001478680
0.0023154607
0.0034324191
0.0010641165
-0.0074299447
-0.0214268428
-0.0358702724
-0.0418940053
-0.0380278681
-0.0333732585
-0.0322691134
-0.0324465754
-0.0322871580
-0.0323312706
-0.0325127107
-0.0323974227
-0.0320313464
-0.0321846486
-0.0340354489
-0.0394521099
-0.0499916050
-0.0651738361
-0.0809185695
-0.0940613727
-0.1045593555
-0.1121784387
-0.1175117899
-0.1209510603
-0.1224248675
-0.1213297857
-0.1160120346
-0.1053020793
-0.0887786078
-0.0693902555
-0.0524979692
-0.0452632119
-0.0473939664
-0.0495727110
-0.0476859897
-0.0449443360
-0.0433029464
-0.0418266621
-0.0402831368
-0.0395028407
-0.0403705566
-0.0441109227
-0.0522424709
-0.0655617363
-0.0822189562
-0.0985494143
-0.1115989498
-0.1208943507
-0.1284721558
-0.1358917387
-0.1420294917
-0.1465758673
-0.1501001308
-0.1517128157
-0.1496103194
-0.1413301262
-0.1251855578
-0.1044989704
-0.0866433408
-0.0808817893
-0.0864586760
-0.0909980745
-0.0883268520
-0.0810518078
-0.0725780269
-0.0635195823
-0.0537352992
-0.0433483130
-0.0321186153
-0.0197522705
-0.0068632980
0.0044482441
0.0118168453
0.0135894988
0.0120535417
0.0123138871
0.0139969899
0.0099306784
-0.0077003753
-0.0390382791
-0.0731624878
-0.0962103021
-0.1040758446
-0.1019803102
-0.0988934649
-0.1025221212
-0.1091602414
-0.1083678979
-0.0936252391
-0.0661591760
-0.0349282745
-0.0168598726
-0.0178376244
-0.0247437137
-0.0280007155
-0.0276440640
-0.0276832440
-0.0326969058
-0.0485216015
-0.0744138219
-0.1000587338
-0.1122423077
-0.1106410596
-0.1078819980
-0.1107564850
-0.1166465827
-0.1230143996
-0.1291745346
-0.1342881630
-0.1370512731
-0.1361949115
-0.1303359040
-0.1196423705
-0.1070387952
-0.0973424135
-0.0938394831
-0.0946354536
-0.0947669853
-0.0925817370
-0.0902790634
-0.0893546917
-0.0889213025
-0.0895966243
-0.0947783629
-0.1072992160
-0.1259938817
-0.1437007865
-0.1540187516
-0.1595572358
-0.1656762146
-0.1752500904
-0.1868558604
-0.1963861493
-0.2034620058
-0.2083358976
-0.2097675882
-0.2087839806
-0.2071610841
-0.2053524506
-0.2017536100
-0.1945529644
-0.1841467312
-0.1727002328
-0.1619442567
-0.1519158721
-0.1407016988
-0.1282254931
-0.1145746519
-0.0981011614
-0.0801664861
-0.0629887937
-0.0451131031
-0.0266386725
-0.0117715942
-0.0024110342
0.0056036674
0.0134773296
0.0202686432
0.0276666036
0.0356814021
0.0406539090
0.0372614836
0.0235792702
0.0057736069
-0.0061974125
-0.0126708732
-0.0227554324
-0.0375136518
-0.0504724203
-0.0603030583
-0.0691948862
-0.0758895069
-0.0802905249
-0.0849657901
-0.0889880356
-0.0896567944
-0.0883736678
-0.0877052598
-0.0877841150
-0.0878447801
-0.0881994124
-0.0892091640
-0.0909155128
-0.0932650877
-0.0962389040
-0.0992843358
-0.1015318580
-0.1020570585
-0.1004241509
-0.0960567439
-0.0879063294
-0.0754024805
-0.0604476502
-0.0476173621
-0.0394759890
-0.0342013066
-0.0283817252
-0.0188179416
-0.0046942104
0.0125151354
0.0313407913
0.0516321839
0.0723032699
0.0934437034
0.1170933206
0.1433843540
0.1696666842
0.1965903728
0.2285821376
0.2653177710
0.3039914939
0.3474217258
0.3942635035
0.4436760361
0.4988413904
0.5520172564
0.5902856061
0.6076299299
0.6049714475
0.5905536746
0.5762576752
0.5596870206
0.5239169708
0.4651861706
0.4102180888
0.3849607707
0.3763486604
0.3578604255
0.3255749437
0.2919553751
0.2660710670
0.2477024814
0.2301198357
0.2074867311
0.1735439489
0.1169305399
0.0353173704
-0.0538973227
-0.1296635578
-0.1875430325
-0.2386644236
-0.2932606697
-0.3531232869
-0.4142001649
-0.4699998866
-0.5108842940
-0.5255970989
-0.5084305126
-0.4704839182
-0.4206743313
-0.3467009938
-0.2487071827
-0.1575778422
-0.0993686697
-0.0743269500
-0.0751428505
-0.0839521801
-0.0724602516
-0.0388729474
-0.0079876089
0.0072338154
0.0162330142
0.0280709176
0.0409801377
0.0500770604
0.0550198614
0.0590054267
0.0635486534
0.0679323367
0.0718157526
0.0756924035
0.0797581239
0.0838037127
0.0885287323
0.0955684210
0.1065082975
0.1225928423
0.1449327285
0.1718568377
0.1970997349
0.2145982263
0.2249056045
0.2312045213
0.2365252698
0.2442246771
0.2561649332
0.2711682860
0.2875644881
0.3043131401
0.3206481447
0.3361050214
0.3531791097
0.3746088789
0.3971625733
0.4155414108
0.4290524875
0.4372177134
0.4444097596
0.4581174801
0.4741790622
0.4855676516
0.4971817523
0.5135916069
0.5335634468
0.5540104586
0.5739137286
0.5867459863
0.5876463250
0.5800952727
0.5609186522
0.5252432325
0.4870130597
0.4672618676
0.4669550739
0.4731443317
0.4717374308
0.4479366503
0.3924190916
0.3079745389
0.1966692288
0.0673071174
-0.0461891570
-0.1225410982
-0.1976205595
-0.3064186851
-0.3928967468
-0.3853402390
-0.3034283513
-0.2049354534
-0.0958735107
0.0072826056
0.0538496019
0.0525136260
0.0480889842
0.0428782184
0.0093460130
-0.0493945511
-0.0943730707
-0.1036986114
-0.0943865230
-0.0880715467
-0.0903386589
-0.0963877793
-0.1036260483
-0.1168826666
-0.1394726924
-0.1648751331
-0.1853565660
-0.1958961972
-0.1963422485
-0.1937050980
-0.1927375226
-0.1867690159
-0.1630802592
-0.1246594003
-0.0860578346
-0.0515968781
-0.0173425736
0.0235505604
0.0743228890
0.1266138389
0.1704293042
0.2067993776
0.2435567900
0.2885176698
0.3436172443
0.4005440948
0.4454078535
0.4706602804
0.4889565781
0.5122255412
0.5319423793
0.5325572608
0.4997007875
0.4321214612
0.3473096634
0.2655889800
0.1975061859
0.1471103016
0.1130057933
0.0934495461
0.0836645579
0.0783392844
0.0772261704
0.0799997479
0.0802524425
0.0750988649
0.0665187298
0.0512458492
0.0242852368
-0.0173058665
-0.0778809132
-0.1506504128
-0.2164971153
-0.2669634994
-0.3095896346
-0.3496591222
-0.3806601852
-0.3911550172
-0.3773766477
-0.3548145954
-0.3453260286
-0.3476755506
-0.3422415994
-0.3180359517
-0.2843663240
-0.2672367106
-0.2613010580
-0.2278207237
-0.1665605214
-0.1151519480
-0.0886696173
-0.0676868184
-0.0414830583
-0.0178977003
-0.0071844075
-0.0074926320
-0.0112532989
-0.0124990174
-0.0121233270
-0.0185980136
-0.0363666792
-0.0528530477
-0.0543668565
-0.0452685581
-0.0378037498
-0.0369588340
-0.0394737403
-0.0412537531
-0.0415847896
-0.0410216391
-0.0404186949
-0.0393439930
-0.0364205658
-0.0315243487
-0.0264923315
-0.0224071594
-0.0198396993
-0.0202669314
-0.0267885158
-0.0419649503
-0.0653283155
-0.0895088022
-0.1071980010
-0.1194427382
-0.1290936145
-0.1322673280
-0.1266882208
-0.1167441405
-0.1091122704
-0.0939842273
-0.0830068211
-0.0864012232
-0.1021869120
-0.1157004974
-0.1221445691
-0.1291511671
-0.1427474570
-0.1596613857
-0.1735383178
-0.1820145539
-0.1886711371
-0.1954750176
-0.1996735342
-0.1985751424
-0.1915293829
-0.1787041295
-0.1633934770
-0.1490632782
-0.1389633577
-0.1340863542
-0.1306873737
-0.1284152340
-0.1308151371
-0.1361562904
-0.1390493619
-0.1405344365
-0.1468080624
-0.1610473161
-0.1794675029
-0.1952378637
-0.2027223119
-0.2025355198
-0.2019912018
-0.2058049300
-0.2127552648
-0.2200319641
-0.2265359958
-0.2323806057
-0.2378905183
-0.2430754208
-0.2478500181
-0.2521393811
-0.2559817897
-0.2593849595
-0.2626494520
-0.2660125468
-0.2694913378
-0.2729196723
-0.2762420531
-0.2794393357
-0.2824009801
-0.2847674852
-0.2862113106
-0.2868479462
-0.2872022921
-0.2872542064
-0.2868683100
-0.2860221436
-0.2847413747
-0.2829486617
-0.2807486411
-0.2781484187
-0.2751661535
-0.2717916604
-0.2681436713
-0.2643786713
-0.2606364330
-0.2567572697
-0.2526452827
-0.2482862807
-0.2437824410
-0.2390897577
-0.2342336262
-0.2291161606
-0.2235215281
-0.2169888442
-0.2092342673
-0.2001179725
-0.1895502897
-0.1775688252
-0.1646815045
-0.1518228152
-0.1405275289
-0.1318787840
-0.1247736685
-0.1172137340
-0.1094233834
-0.1035938323
-0.1017238928
-0.1034554443
-0.1051320333
-0.1040578136
-0.1034648765
-0.1078892016
-0.1166637187
-0.1247568081
-0.1298537658
-0.1342309992
-0.1388949419
-0.1423204720
-0.1447014844
-0.1470812654
-0.1476109852
-0.1434110834
-0.1365096450
-0.1310107296
-0.1258372201
-0.1175432862
-0.1074854486
-0.0985934125
-0.0911371905
-0.0839261521
-0.0764484946
-0.0688711824
-0.0618196050
-0.0556303287
-0.0502141568
-0.0451465830
-0.0400007386
-0.0342248423
-0.0271873794
-0.0183178625
-0.0077165428
0.0035194073
0.0136559628
0.0222847615
0.0307648560
0.0398966747
0.0491820219
0.0586841101
0.0685515957
0.0796623136
0.0933065627
0.1072093015
0.1164696268
0.1192497630
0.1165233130
0.1114284646
0.1074225224
0.1049991774
0.1013042781
0.0939199296
0.0831123683
0.0711928098
0.0605605301
0.0514921646
0.0422597655
0.0315789089
0.0196013624
0.0074601660
-0.0035098215
-0.0117647684
-0.0164072745
-0.0184800863
-0.0212069792
-0.0270574538
-0.0346422814
-0.0414642893
-0.0475294051
-0.0531221443
-0.0572247011
-0.0589145206
-0.0587306314
-0.0567718252
-0.0537252320
-0.0506217939
-0.0454050547
-0.0373364128
-0.0287790697
-0.0196425389
-0.0080613895
0.0046904718
0.0150987008
0.0234136521
0.0291145544
0.0316177298
0.0330937836
0.0367262361
0.0446199359
0.0571181195
0.0713634835
0.0823199181
0.0848662821
0.0779092802
0.0659724229
0.0598424602
0.0635215441
0.0713918415
0.0797300172
0.0868704149
0.0915150292
0.0929536889
0.0916886389
0.0908287129
0.0971652913
0.1177736837
0.1475727734
0.1740062085
0.1942987599
0.2137019133
0.2361185645
0.2618785150
0.2894321596
0.3193041079
0.3567841664
0.4067575067
0.4627738000
0.5092954376
0.5316193388
0.5326071220
0.5365722502
0.5599154604
0.5970525235
0.6335251574
0.6593615886
0.6725393138
0.6796977849
0.6907725961
0.7069716533
0.7212015112
0.7304394061
0.7379154224
0.7479124100
0.7629500737
0.7842529996
0.8088719726
0.8278521394
0.8363878944
0.8401749773
0.8436357265
0.8464109457
0.8548316184
0.8750702370
0.8968446795
0.9082676829
0.9091074527
0.9036515354
0.9007270436
0.9070254687
0.9126383179
0.9092811102
0.9062605807
0.9081797106
0.9112768847
0.9171156501
0.9232191002
0.9180910514
0.8927947474
0.8428763488
0.7710203258
0.6894918966
0.6109296782
0.5492164486
0.5183565431
0.5130082208
0.5155957367
0.5257294418
0.5467844048
0.5585269770
0.5487417233
0.5350603664
0.5282196916
0.5187767178
0.5022286043
0.4816963464
0.4552683378
0.4246599247
0.3976901946
0.3740150738
0.3491602866
0.3257685157
0.3034982402
0.2765113734
0.2483098846
0.2246562351
0.2023435600
0.1839687894
0.1747608615
0.1649007304
0.1443132191
0.1182973071
0.0915412136
0.0614533519
0.0304975717
0.0047872728
-0.0148430362
-0.0312440784
-0.0465795770
-0.0619922952
-0.0773554658
-0.0918205219
-0.1052376429
-0.1177920005
-0.1293055015
-0.1395313351
-0.1489306436
-0.1584031495
-0.1686302631
-0.1792902057
-0.1894112159
-0.1987728500
-0.2079912533
-0.2175206923
-0.2273180835
-0.2372210012
-0.2471509466
-0.2570571485
-0.2668692360
-0.2765430646
-0.2860661655
-0.2954198516
-0.3045931582
-0.3135917852
-0.3223938215
-0.3309373236
-0.3391497828
-0.3469967972
-0.3544627910
-0.3615479169
-0.3682694999
-0.3746349624
-0.3806429487
-0.3862192167
-0.3912520744
-0.3957732196
-0.3998810653
-0.4035475099
-0.4066860047
-0.4092898548
-0.4114150082
-0.4130568632
-0.4141507577
-0.4146843931
-0.4146974450
-0.4141824575
-0.4131424157
-0.4116186377
-0.4096399313
-0.4072036334
-0.4043035013
-0.4009443327
-0.3971495607
-0.3929627320
-0.3884457080
-0.3836271992
-0.3784960167
-0.3730538605
-0.3673352451
-0.3613965906
-0.3552848833
-0.3490094543
-0.3425359864
-0.3358183881
-0.3288745969
-0.3218780653
-0.3151726290
-0.3091092876
-0.3037161935
-0.2984111309
-0.2921022507
-0.2838971598
-0.2741755935
-0.2652125125
-0.2603923489
-0.2618245171
-0.2677041383
-0.2717998539
-0.2663509778
-0.2473653819
-0.2205885061
-0.2030449958
-0.2099398599
-0.2361777653
-0.2674453965
-0.3007435487
-0.3099159362
-0.2418116882
-0.1421311521
-0.1499658306
-0.2387103464
-0.2436963723
-0.2274101199
-0.3451858452
-0.4223137651
-0.2682827582
-0.1141170520
-0.1746132490
-0.2753099441
-0.2760191309
-0.2892057272
-0.3503685370
-0.3567482044
-0.3006869500
-0.2623611512
-0.2666153146
-0.2884016817
-0.3121522661
-0.3313495309
-0.3386454498
-0.3337946853
-0.3245563899
-0.3183228034
-0.3173599967
-0.3197173579
-0.3220026996
-0.3217259965
-0.3182571595
-0.3123634525
-0.3051434570
