-0.0006654415
0.0009467048
0.0017089301
0.0000933186
-0.0010672563
-0.0002197393
0.0029385816
0.0028897030
-0.0026415798
-0.0040743534
0.0002338114
0.0022956819
0.0009600476
-0.0026855691
-0.0016714892
0.0008394341
-0.0026417083
-0.0020900036
-0.0044704388
-0.0028195115
-0.0000051112
0.0004378080
0.0010879217
-0.0026502210
0.0045187625
0.0054286391
-0.0047400243
-0.0035510134
0.0003033638
-0.0027141804
-0.0022463367
-0.0016356030
0.0026028814
0.0019642057
-0.0011932709
-0.0031894493
-0.0088479321
0.0009138423
0.0052811646
-0.0007717491
-0.0001901296
0.0005547967
0.0018253147
-0.0005965863
-0.0017019588
-0.0032447419
-0.0029309248
-0.0051585091
-0.0047882752
-0.0025606992
0.0056029670
0.0040946484
-0.0045138734
-0.0019739766
-0.0051353482
-0.0038690695
0.0039627877
0.0059898446
-0.0014677735
-0.0008246951
0.0043293058
0.0002934035
0.0030110545
0.0038003429
0.0012009387
-0.0051395759
-0.0044520845
-0.0116897867
-0.0083980585
0.0026392514
0.0001068183
0.0090761524
-0.0028890591
-0.0116925527
0.0063035073
0.0020275995
-0.0055587720
-0.0043273688
-0.0056249936
0.0053767373
0.0091192207
0.0087074878
-0.0093966070
-0.0124630339
0.0001466550
-0.0012022569
0.0041370678
-0.0015754714
-0.0000712321
-0.0037421342
-0.0017058211
0.0008337851
-0.0014111101
0.0102684075
0.0063313926
0.0054006768
-0.0084841286
-0.0222765262
0.0056066376
0.0238941654
0.0143244143
0.0033952506
-0.0030121365
-0.0137850821
-0.0184712418
-0.0034251696
0.0169426673
0.0054607914
-0.0167471402
0.0044129895
0.0135988425
-0.0024310238
-0.0083549594
-0.0082429914
-0.0100308691
0.0000109598
0.0072894281
0.0046715782
0.0028149342
-0.0166765858
-0.0201234815
0.0001472831
0.0164538203
0.0142763979
-0.0145888594
-0.0137123965
0.0040508168
-0.0006115593
0.0014084612
-0.0022411279
0.0110123018
0.0159385143
0.0101272479
0.0043771742
-0.0085789911
0.0084365375
0.0110362704
0.0096601757
-0.0074166240
-0.0234150691
0.0009564252
0.0036868739
-0.0158914349
-0.0085492421
0.0029842658
0.0029533980
0.0048412489
0.0127922362
-0.0055774154
-0.0169312649
0.0029300666
0.0166160088
0.0099705749
-0.0108170586
-0.0176163276
0.0070651335
0.0228396381
0.0030098618
0.0035950917
-0.0075636428
-0.0198897411
0.0054411414
0.0062691169
-0.0004730569
-0.0014915987
0.0043385058
0.0214730616
0.0115446015
0.0107243140
-0.0148119588
-0.0095685614
0.0118381140
-0.0025647055
-0.0040433000
-0.0085444898
-0.0116200979
-0.0050347329
0.0205404400
0.0041861609
-0.0165258317
-0.0108658851
-0.0039560649
0.0072661855
0.0093152926
0.0105696205
0.0123325160
0.0078778469
0.0085091538
0.0012540821
-0.0061325057
0.0011917059
0.0098728956
0.0112336926
0.0042134950
-0.0040778829
0.0002071393
-0.0010063028
0.0008870449
0.0106194869
0.0146375293
0.0020434580
0.0007843749
0.0043412721
0.0090914289
-0.0026717188
-0.0057708878
0.0163715979
0.0194791916
-0.0027217316
-0.0175311451
-0.0075824240
0.0092780686
0.0090496887
0.0041864999
0.0027081209
-0.0119453877
0.0013127889
0.0212137939
0.0181122452
0.0108444239
0.0181362373
0.0093223375
-0.0012033349
-0.0080085422
-0.0075678754
0.0073051668
0.0058209662
0.0181393638
0.0185523521
-0.0017570118
-0.0048112114
0.0021309676
0.0099841868
0.0054396610
0.0002599965
-0.0036352697
-0.0015833786
0.0017581876
-0.0013702758
0.0097474910
0.0166305588
0.0191377142
0.0139913540
0.0108482744
0.0068940602
-0.0013845731
-0.0056918254
0.0075848533
0.0168933479
0.0225884065
0.0277499771
0.0219222136
0.0116630385
0.0015957427
-0.0112231685
-0.0018369581
0.0174301611
0.0157704832
0.0009007833
0.0073529156
0.0098915613
-0.0146836497
-0.0237747301
-0.0151565693
-0.0186259839
-0.0222915146
-0.0148331620
0.0010340278
0.0133609914
0.0224299233
0.0270061346
0.0229241253
0.0091754907
-0.0007623135
0.0091998682
0.0355061963
0.0670372202
0.0546431614
0.0408955208
0.0326648503
0.0226760625
-0.0004752856
-0.0709893616
-0.1088290887
-0.0791073048
-0.0516483248
-0.0414937106
-0.0439632090
-0.1101391890
-0.1688268881
-0.1670154078
-0.1119440477
-0.0681558787
-0.0411115261
0.0071059289
0.0444348211
0.0747143851
0.1467561169
0.1618587103
0.1193131873
0.0968793618
0.0765510919
0.1037167128
0.1394174964
0.1771662152
0.1866823464
0.1169105280
0.0188002672
-0.0553415074
-0.1074236654
-0.2808589777
-0.2722715717
-0.3539827610
-0.2836867681
-0.1721830591
-0.0880062993
-0.0586171519
0.0122745256
0.0809746184
0.1477626698
0.1668133606
0.1622610941
0.1496225669
0.0902845705
-0.0151907623
-0.1094678427
-0.1683726889
-0.1400201968
0.0095564508
0.1486628290
0.1711257014
0.1765594331
0.1404327335
0.0896573693
0.1396261025
0.1387796792
0.0776600066
0.0319197964
0.0019025666
-0.0583922568
-0.0683942102
-0.0777129799
-0.0893288556
-0.1049123442
-0.1475717965
-0.1792829222
-0.1876326833
-0.1083032377
0.0053705973
0.0961090168
0.0887139789
0.0964666536
0.1220416883
0.0660214549
0.0810092267
0.0902484041
0.0460034583
0.0027136727
0.0664074828
0.0648362837
-0.0153366634
-0.0255677638
-0.0801151098
-0.1090006629
-0.0933178416
-0.0803066674
-0.0235283875
-0.0024898084
-0.0005720015
0.0084153939
-0.0061732937
0.0271802451
0.0094354161
-0.0042504419
0.0254321186
0.0239990455
0.0270757704
0.0289807432
0.0279229711
0.0159411799
0.0182874273
0.0585115798
0.0614643493
0.0229004600
0.0143668431
-0.0210915112
-0.0607059447
-0.0440318302
0.0163988674
0.0275895429
0.0072276394
0.0402420153
0.0280172303
-0.0201588313
-0.0028750441
-0.0114984126
-0.0599927404
-0.0541736265
-0.0134204958
0.0059295393
0.0195159803
0.0283402109
-0.0141992049
-0.0584475530
-0.0321416647
-0.0226169077
-0.0172093738
-0.0003114072
-0.0183401943
0.0101126593
0.0388663112
0.0323970556
-0.0236159598
-0.0642944635
-0.0537544435
-0.0478364786
-0.0449352778
-0.0375717476
0.0076614378
0.0145301324
-0.0287121793
-0.0421252625
0.0191711500
0.0551099125
-0.0119368717
-0.0293765615
-0.0062613951
-0.0042513483
0.0016714992
-0.0282313448
-0.0404396340
-0.0173911597
-0.0286562641
-0.0613078538
-0.0643569213
-0.0490466762
0.0751014877
0.1087510021
0.0062022045
-0.0363796584
-0.0464133096
-0.0291786784
0.0285694524
0.0325274359
0.0294304708
0.0994227756
0.1002431144
0.0275856468
-0.0495435637
-0.0587228313
-0.0035402567
0.0814368724
0.0183088229
-0.1145438137
-0.0451092454
-0.0225797067
-0.0118640912
0.0036255550
0.0736055310
0.1404266203
0.1235897763
0.1302290486
0.0938426912
0.0563709858
0.0102139080
-0.0025690246
-0.0012030574
-0.0169685994
-0.0444932820
-0.1064712950
-0.1267487040
-0.1040499916
0.0414153673
0.0959207168
0.0755330987
0.1403775271
0.1443841425
0.0328449289
-0.0994135977
-0.1020789117
0.0143151686
-0.0333810792
-0.0832165928
0.0619759315
0.0181834678
0.0522283655
0.0177227768
-0.1728739776
0.0582383068
-0.1354097243
-0.1190541684
0.0946182710
0.0463037855
0.1116414077
0.0411825688
-0.1002989912
-0.1584388857
-0.0616512615
0.0156842874
0.1133397429
0.0618758439
-0.2137794039
-0.1855570019
-0.0438614237
-0.0853058006
-0.1056588788
-0.0395223936
-0.0424628428
-0.0243913005
0.0194074513
0.0264420239
0.0378712503
-0.0266907636
-0.1635916889
-0.1291570184
0.1149450232
0.0201813273
-0.1646770039
-0.0565294698
-0.0333189794
0.0077163654
-0.0605117690
-0.0749815213
0.0582559388
0.0544879207
-0.0169365174
-0.0727338200
-0.0974909216
-0.1376421511
-0.1139662934
-0.0184318524
0.0415350602
0.0432119559
-0.0309340244
-0.0750545951
-0.0060638859
-0.0101252149
-0.0622982480
0.0295604447
0.0856400515
0.0454486810
-0.0309285489
-0.0656651668
0.0526077401
0.1904577518
0.2941612927
0.2447730323
0.0649810252
-0.0005339949
0.0141464429
-0.0286566016
-0.0027137750
0.1495094925
0.1802481370
0.1534576328
0.2289212727
0.1724277613
-0.0292942504
-0.1093719553
-0.1565984695
-0.1755028395
-0.0270925747
0.0153439543
-0.0636673543
-0.0260344692
-0.0965536090
-0.2277473469
-0.2888015869
-0.2745130860
-0.2467433348
-0.2204334535
-0.0376182364
0.0720034268
-0.0078613886
0.0522844939
0.1191499090
0.0190930674
-0.0323960990
0.0499756375
0.0533423326
0.0074011563
0.1120049695
0.1323659222
0.0909275959
0.1039828208
0.0838519090
0.0875418603
0.0482576378
0.0264865538
0.0335449126
0.0297843257
0.0416227213
0.0433834087
0.0354041157
0.0388036167
0.0698818094
0.0471572380
0.0380349739
0.0215833732
-0.0123007110
-0.0133267298
0.0039377621
0.0072057969
-0.0164267233
-0.0556159727
-0.0627156195
-0.0781467379
-0.0327100679
0.0833163775
0.1011950788
0.0822507987
-0.0006191419
-0.1121995759
-0.1617954224
-0.0918321030
-0.0152727750
0.0185549443
0.0167689453
0.0227302342
0.0171081955
-0.0056353155
-0.0042838263
0.0094119792
0.0624370424
0.0372275099
-0.0044381408
-0.0286279149
-0.0213424784
0.0548725594
0.0824763037
0.0481931568
0.0445139027
0.0585629426
0.0767911269
0.1539081891
0.1391760974
0.0198345598
-0.0163513255
-0.0128037679
-0.0483479749
-0.0446849226
0.0151929029
0.0743732323
0.0802612973
0.0494512573
0.0806792556
0.0872302020
0.0653891077
0.0705879614
0.0004267654
-0.0547658661
-0.0225932496
-0.0630214735
-0.0772401161
-0.0198517513
-0.0280707809
-0.0048621885
0.0110363409
-0.0100256136
-0.0086918149
-0.0480740828
-0.0641011499
-0.0392681757
-0.0340793699
0.0217391904
0.0543590338
0.0293604320
0.0253814162
-0.0211067978
-0.0943853937
-0.0974954131
-0.0798637180
-0.1013146471
-0.0273376909
0.0700603943
0.0618239029
0.0335441327
0.0891087894
-0.0047138113
-0.1946895659
-0.0968736931
-0.0424835516
-0.0825782552
-0.0342251957
-0.0820927839
-0.1110106349
-0.0349322305
-0.0071231393
0.0192195890
0.0605184077
-0.0169619324
-0.0529050520
0.0029246655
0.0150571564
-0.0024935920
-0.0156552299
-0.0351143121
-0.0009259542
0.0128866442
0.0036541446
0.0537318234
0.0666015766
0.0689791327
0.0692222236
0.0140033163
-0.0055615067
0.0180772634
0.0093305084
0.0367643045
0.0893595147
0.0212894743
-0.0288519946
-0.0321593262
-0.0626823268
-0.0687330737
-0.0441868823
-0.0200101743
-0.0154677120
-0.0172182355
-0.0164861974
-0.0174128778
0.0097073224
0.0234769541
0.0147373237
0.0186876163
0.0030816087
-0.0123831771
-0.0166310722
-0.0253969563
-0.0335390892
-0.0211044941
0.0147492832
0.0361257334
0.0291227747
-0.0099497634
-0.0519487251
-0.0808211611
-0.0855815336
-0.0454291494
0.0356772624
0.1352281355
0.1504903908
0.1194330659
0.1438769487
0.1177376403
0.0053887280
-0.0180219483
0.0189237751
-0.0101433875
0.0019965448
0.0366173438
0.0385728383
0.0255278133
-0.0004762162
0.0119194572
0.0418356246
0.0608801343
0.0275016913
-0.0617102235
0.0129810878
0.0458782606
-0.0742751367
-0.0264452312
0.0240788740
-0.0285517794
-0.0291452317
0.0052494481
-0.0443672068
-0.0612977526
-0.0512913886
-0.0494617169
0.0437361369
0.0648153987
0.0175443236
-0.0100813532
-0.0110747283
0.0119431037
0.0396050663
0.0543973985
0.0356045091
-0.0037972116
-0.0278571959
-0.0096859124
0.0321345896
0.0345196127
0.0279664144
-0.0016327675
-0.0239813869
-0.0050323937
-0.0106765797
-0.0264827786
-0.0305576181
-0.0144061926
-0.0023613420
-0.0152744104
-0.0191098961
-0.0006028161
0.0074149922
0.0014798466
0.0015973267
0.0014715939
0.0115594460
0.0120931030
-0.0015787111
-0.0048153234
-0.0066636996
-0.0129505450
-0.0069889497
-0.0079467399
-0.0165446488
-0.0025157521
-0.0059301335
-0.0238177442
-0.0153638300
-0.0097952360
-0.0138030210
-0.0037469637
0.0014178133
-0.0008690402
0.0003634493
-0.0095525176
-0.0219351935
-0.0181136821
-0.0095494106
-0.0111082754
0.0062268446
0.0121134807
0.0137784693
0.0219005424
0.0053168930
0.0141808827
0.0203908441
0.0074504936
-0.0059388384
-0.0081141140
0.0164411473
0.0408804233
0.0447036888
0.0415070664
0.0338832861
-0.0036406320
-0.0235430405
-0.0219450045
-0.0142785644
-0.0077688358
-0.0208014494
-0.0203202891
-0.0223537890
-0.0242866608
-0.0105850640
0.0068301407
0.0112242265
0.0160945620
0.0109431715
0.0046418040
-0.0002820059
-0.0074723239
0.0073158564
0.0071941488
-0.0049857831
-0.0041368858
-0.0119253353
-0.0074269764
-0.0002901526
0.0004863247
0.0147341808
0.0134878405
-0.0001411020
0.0110317524
0.0145241140
0.0074812592
0.0224846173
0.0273061181
0.0085035903
-0.0134357648
-0.0220874436
-0.0137814465
-0.0108315560
-0.0163570096
-0.0110168012
0.0055867896
0.0158100189
0.0012053509
-0.0219848315
-0.0264907290
-0.0139473017
-0.0027715444
-0.0076217201
-0.0220977443
-0.0216708861
-0.0102683266
-0.0010794804
-0.0122932979
-0.0203805804
-0.0089685421
-0.0065407552
-0.0120276315
-0.0103979199
-0.0019236917
-0.0027006740
-0.0065069041
0.0076118871
0.0193666391
0.0216357156
0.0182275886
0.0194867685
0.0098459929
-0.0036533331
0.0024908669
0.0111171903
0.0120400838
-0.0017489759
-0.0093365037
-0.0011732902
0.0075773504
0.0105165734
0.0027398026
-0.0018183901
0.0064002423
-0.0003051228
-0.0081825452
0.0009656847
0.0083601143
0.0014677695
-0.0168863578
-0.0227100445
-0.0232529095
-0.0298812235
-0.0275564817
-0.0200523515
-0.0102680031
0.0078126610
0.0126663531
0.0129213488
0.0082185057
0.0019631298
-0.0054511672
-0.0123940335
-0.0227878336
-0.0268262725
-0.0178926273
-0.0221387096
-0.0115398403
-0.0062069221
-0.0178135729
-0.0276649006
-0.0257735776
-0.0058808405
0.0154402053
0.0128836771
-0.0030127145
-0.0007823817
-0.0042059781
0.0028356608
0.0136978311
0.0083788010
0.0068292837
-0.0022840204
-0.0132447189
-0.0122013534
-0.0076969612
0.0038533118
0.0094512978
0.0100621543
0.0202478565
0.0316903036
0.0289022559
0.0184294161
0.0094184143
-0.0024069489
-0.0059922720
-0.0034349723
-0.0044609325
0.0021664154
-0.0012115608
-0.0003971363
0.0071223280
0.0086633997
0.0090951284
-0.0025213995
0.0076757825
0.0288240345
0.0138586291
-0.0148994614
-0.0104851467
0.0159189608
0.0191279359
0.0041462170
-0.0056696186
-0.0054159125
-0.0044130182
0.0166404151
0.0198698703
0.0064011300
0.0149573872
0.0061360193
-0.0027085390
0.0036093984
-0.0026744294
-0.0064138835
0.0033135853
0.0105068680
0.0188858815
0.0136266852
-0.0061990946
-0.0148258840
-0.0245890362
-0.0255599103
-0.0094333326
0.0051533252
0.0025154352
-0.0202155625
-0.0307714992
-0.0240115453
-0.0265169707
-0.0165373173
0.0011582924
-0.0050921999
-0.0121771685
-0.0024205192
-0.0057509886
-0.0189672823
-0.0065209098
-0.0002085927
-0.0145437148
-0.0192406798
-0.0111516009
-0.0024873719
-0.0082711596
-0.0165053274
-0.0011498861
0.0033784725
-0.0039842516
0.0019404964
-0.0012758298
-0.0010665862
0.0058400213
0.0139285082
0.0080231726
-0.0011567209
0.0154125577
0.0244868588
0.0195404114
0.0067166552
0.0066409534
0.0106324533
-0.0017354173
-0.0003938756
0.0149812110
0.0103689258
-0.0007581033
0.0017823598
0.0000490243
-0.0042545914
-0.0059405880
-0.0041276605
0.0094081012
0.0235735147
0.0203667952
0.0051551790
0.0008959774
0.0107614768
0.0068687995
-0.0093658411
-0.0075351949
0.0073903060
0.0062161517
-0.0098824770
-0.0100907385
-0.0007843354
-0.0051120583
0.0008063200
0.0105891122
0.0045248186
0.0003620848
0.0060929219
0.0039062226
-0.0014425230
0.0071678810
0.0053441655
-0.0101205408
-0.0128565296
-0.0052666633
-0.0016998098
-0.0042947075
-0.0119550902
-0.0151307589
-0.0030163979
0.0196982405
0.0238658116
0.0003799978
-0.0075560309
-0.0073134675
0.0009963833
0.0258828862
0.0200494511
0.0052944812
-0.0055338141
-0.0145074991
-0.0174718197
-0.0231867909
-0.0001167804
0.0207637338
0.0129335965
-0.0022087382
-0.0211447514
-0.0146163672
-0.0145325306
-0.0201967166
-0.0054433684
-0.0049673446
-0.0052704294
-0.0041823431
0.0011311938
-0.0021883557
-0.0054722892
0.0054858397
-0.0022900215
-0.0050829442
0.0026813826
0.0020971699
-0.0013004767
-0.0049576703
-0.0025041175
0.0017367031
-0.0063332355
-0.0071260502
0.0137148901
0.0218424741
0.0069323329
-0.0144219154
-0.0151639861
0.0043978052
0.0096030082
0.0143273419
0.0118931874
-0.0021042228
-0.0056617157
-0.0075798880
-0.0053042975
-0.0002653682
0.0091182817
0.0171516103
0.0110729387
0.0055439016
-0.0019420482
-0.0051502540
-0.0019477056
-0.0037367682
-0.0044396628
-0.0010681789
0.0160703952
0.0259162586
0.0149412451
-0.0034100216
-0.0132885070
-0.0073936241
-0.0009864170
0.0053899181
0.0053982067
-0.0052054189
-0.0047926252
-0.0006683030
0.0017933277
0.0000291797
-0.0097959425
-0.0023918325
0.0088062946
0.0139889658
0.0087027764
-0.0008503202
-0.0089743745
-0.0074798976
0.0015538224
-0.0033349539
-0.0022881651
0.0110204404
0.0096772806
-0.0013582421
-0.0016040254
-0.0059976680
-0.0067717155
0.0076396688
0.0209274479
0.0146075249
-0.0062409960
-0.0302735471
-0.0368152302
-0.0137926326
0.0019097083
-0.0027854335
0.0010219982
0.0146204365
0.0105988170
-0.0041013609
-0.0042978454
-0.0066372232
-0.0153817621
-0.0286857146
-0.0326189616
-0.0148392891
0.0064744769
0.0210448320
0.0179768029
-0.0015699133
-0.0064586737
0.0111214534
0.0141841289
-0.0062058776
-0.0080456644
0.0117874003
0.0111708261
-0.0031809148
-0.0068385947
-0.0030586809
0.0025915249
0.0076083992
0.0135343816
0.0102399799
0.0010836496
-0.0035953619
-0.0162792747
-0.0211617148
-0.0075860098
0.0091333710
0.0195228847
0.0124464731
-0.0070550342
0.0005050709
0.0186205944
0.0119896901
0.0141024675
0.0181152126
0.0069412177
0.0036384569
0.0060328728
0.0122245062
0.0081416977
-0.0088487244
-0.0035505556
0.0056117877
-0.0086901072
-0.0047584611
0.0145471338
0.0127178400
0.0080052514
0.0208246735
0.0134583026
-0.0226268187
-0.0234002362
0.0037006923
0.0197096660
0.0103992252
-0.0085921458
0.0050271088
-0.0048565744
-0.0343573498
-0.0281882731
-0.0117826199
-0.0050482847
-0.0070832022
-0.0161468516
-0.0099427237
0.0099650605
0.0096220559
0.0116510294
0.0084558776
-0.0096636058
-0.0049850191
-0.0031250057
-0.0158723264
-0.0260082781
-0.0214914242
0.0028314338
0.0170615447
0.0131823697
0.0147406905
0.0109916187
0.0063031696
0.0098939466
-0.0055571964
-0.0066744986
0.0174657439
0.0114031641
-0.0074384294
0.0060152273
-0.0043713407
-0.0260849745
-0.0240475018
-0.0002825950
0.0269590736
-0.0044840891
-0.0301219175
-0.0213010180
0.0086442811
0.0354676208
0.0251622505
0.0031117247
0.0046103393
0.0070512069
-0.0072128528
-0.0071455563
-0.0030032821
-0.0109102528
-0.0132242093
0.0015352136
-0.0041391514
-0.0167943187
-0.0005447166
0.0223179172
0.0295987933
-0.0045705345
-0.0260950718
-0.0067385524
0.0143298042
0.0214054458
-0.0008383485
-0.0187018744
-0.0125338814
-0.0069080947
0.0087587068
0.0189134635
0.0283802507
0.0250044603
-0.0072370196
-0.0137844684
0.0039907849
0.0007033243
-0.0041878077
0.0111834782
0.0189915571
0.0030610983
-0.0111934394
-0.0165262490
-0.0154180941
-0.0022655108
-0.0028496743
-0.0185142902
-0.0150928386
-0.0047248653
-0.0031479126
0.0099399851
0.0069954577
-0.0137577770
-0.0049126807
0.0147584929
0.0048985866
0.0007681466
0.0181495756
0.0203141539
-0.0022021719
-0.0104501780
0.0070496266
0.0117662462
-0.0073537590
-0.0283292552
-0.0153948132
0.0072776935
0.0011189941
0.0037313634
0.0103800652
0.0137720265
0.0096420530
-0.0107955103
-0.0089273761
0.0110911131
0.0023772872
-0.0294152020
-0.0305364759
-0.0033036803
0.0000853596
-0.0046516974
-0.0032116320
-0.0003249670
0.0194095085
0.0249332511
0.0074352168
-0.0144430460
-0.0096249241
0.0059568028
0.0031927435
0.0035799473
0.0077111747
0.0005530851
-0.0076046939
-0.0053252759
-0.0093617609
0.0027958084
0.0253276981
0.0368975209
0.0150603671
-0.0106627991
-0.0172147885
-0.0066690106
0.0034517451
-0.0092035882
-0.0104596029
-0.0170676794
-0.0248138721
0.0021885859
0.0178229259
0.0043831649
0.0024138537
0.0011837247
-0.0244656673
-0.0284604286
-0.0120130618
-0.0050309971
0.0055247053
0.0068454189
-0.0044496859
-0.0163542750
-0.0100773146
0.0213625829
0.0330021956
0.0195332657
0.0129320616
0.0054979918
-0.0114524575
-0.0046706491
0.0173176230
0.0063088798
-0.0052117946
0.0011473342
0.0063990867
0.0211736777
0.0125327735
-0.0014407915
0.0074884219
0.0153468011
0.0127031820
0.0028540846
-0.0059399995
0.0092585771
0.0082513924
-0.0082815461
-0.0230180233
-0.0160185508
0.0067122240
0.0122973079
0.0074128874
-0.0203629544
-0.0256233193
-0.0218511482
-0.0268779736
-0.0241209417
-0.0193226377
-0.0181523357
-0.0315119175
-0.0212154243
0.0005889805
0.0046526243
-0.0013693137
-0.0100624588
-0.0048325490
-0.0014484660
-0.0041025478
-0.0020749669
-0.0001097768
-0.0007854045
-0.0079244350
-0.0070928975
-0.0024980810
0.0035002166
0.0136328963
0.0231537433
0.0210612246
0.0027730130
-0.0173166827
-0.0233537285
-0.0208697824
-0.0096186182
0.0177023131
0.0339662161
0.0200866834
0.0094661900
0.0241484556
0.0173815195
-0.0019096597
-0.0106420615
-0.0092554776
0.0093764203
0.0170913590
0.0169403636
0.0291256680
0.0242709794
-0.0071869124
-0.0141095406
0.0124280621
0.0198781539
0.0094011064
0.0046939221
-0.0053129360
-0.0259747557
-0.0154347016
0.0100241291
0.0037690180
-0.0212793259
-0.0176818792
0.0151545355
0.0099456982
-0.0091415552
-0.0093090159
-0.0059455674
0.0014536761
-0.0065567572
-0.0161445618
-0.0080753840
0.0081398596
0.0130307072
0.0061209339
-0.0073145943
-0.0043099614
0.0111689579
0.0270063503
0.0177558713
-0.0300366661
-0.0412226124
-0.0131721845
-0.0056754646
0.0012475741
0.0255461891
0.0215568073
-0.0094519086
-0.0206146001
-0.0158239637
-0.0134905732
0.0081075058
0.0279693630
0.0343447455
0.0247743199
-0.0055210666
-0.0088911713
0.0044488413
-0.0073239304
-0.0054610711
0.0164983564
0.0134339275
-0.0031019523
-0.0059864301
0.0021038323
-0.0038799639
-0.0171166159
-0.0120262933
-0.0111480790
-0.0228013872
-0.0162700127
-0.0026811167
0.0010342308
0.0057118259
-0.0003002818
-0.0101064280
-0.0123922207
-0.0054647194
0.0049619011
0.0128205795
0.0147064236
0.0160051270
0.0283677409
0.0339448435
0.0320604135
0.0356821518
0.0343299753
0.0307326066
0.0320287676
0.0294753638
0.0268895265
0.0309149082
0.0231639850
-0.0020799171
-0.0049017460
0.0149071708
0.0225468203
0.0272468833
0.0264521170
0.0169938470
0.0086600696
-0.0055529855
-0.0177258577
-0.0296662640
-0.0194277113
0.0190317306
0.0303304409
0.0015936128
-0.0176831378
0.0006166168
0.0029006475
-0.0058651881
-0.0031597426
-0.0272755236
-0.0402768327
-0.0312980227
-0.0256164993
-0.0293238502
-0.0484645234
-0.0590867842
-0.0511216169
-0.0421198509
-0.0472003636
-0.0528703217
-0.0512917224
-0.0357269054
0.0132434147
0.0600880216
0.0605203075
0.0272132315
0.0057928421
-0.0014398385
-0.0010337046
0.0199015089
0.0153785832
0.0098338543
0.0305168873
0.0338548600
0.0488359493
0.0534385188
0.0379616337
0.0247927129
0.0048694209
-0.0113421578
-0.0161948758
-0.0201925117
-0.0111587027
0.0018057076
0.0091488169
0.0305757303
0.0165506301
-0.0241296368
-0.0252710477
-0.0090695612
0.0085074405
0.0397472948
0.0539003728
0.0315214752
-0.0068101330
-0.0122558107
0.0127945574
0.0201494176
0.0032817203
-0.0003879429
0.0156400354
0.0145839971
0.0088003204
0.0006254235
-0.0245302770
-0.0501071701
-0.0506430006
-0.0309956484
0.0048257571
0.0520077859
0.0309087578
-0.0072227280
0.0064896785
0.0024007628
-0.0248744703
-0.0208306922
-0.0178191723
-0.0302561850
-0.0252469786
-0.0112036559
0.0081523324
0.0077445080
-0.0070093843
-0.0140070425
0.0015540391
0.0131416332
0.0128595796
-0.0104840912
-0.0356528531
0.0004414165
0.0327363134
0.0504042588
0.0498006732
0.0100596640
-0.0283133622
-0.0338006092
-0.0362233490
-0.0344857691
-0.0194783433
-0.0018342175
0.0414548036
0.0416027200
-0.0070460493
-0.0255198202
-0.0013084889
0.0061580450
-0.0120478167
-0.0240626669
-0.0303807337
-0.0205611031
-0.0173162173
-0.0161337637
-0.0012889402
-0.0011916621
-0.0129344295
-0.0143643806
-0.0112392913
-0.0111947244
-0.0032314614
0.0063039838
0.0086462491
0.0109043045
0.0237362811
0.0392133580
0.0575215345
0.0479805827
0.0109332437
0.0077021060
0.0042706053
-0.0260559273
-0.0481400805
-0.0655277228
-0.0861584775
-0.1034685679
-0.1010367609
-0.0700119183
-0.0315359742
0.0039403204
0.0536913898
0.0608896355
0.0319455041
0.0424988317
0.0464726411
0.0596880605
0.0391157629
-0.0243481791
-0.0550391900
-0.0630493365
-0.0591867616
-0.0539712170
-0.0343920038
-0.0058874716
0.0111207243
0.0108019095
0.0098851902
0.0355342232
0.0399485081
0.0038189089
-0.0126084303
-0.0155390893
-0.0298779640
-0.0216251874
-0.0245991639
-0.0463904655
-0.0471002917
-0.0340780214
-0.0366470869
-0.0311314133
0.0020597727
0.0056898642
-0.0031642993
0.0118703447
0.0146981639
0.0022138073
-0.0036184441
-0.0019456758
0.0045031880
0.0041130904
0.0031898714
0.0057611822
-0.0036521673
-0.0095550457
-0.0067210931
-0.0056709285
-0.0083117601
-0.0269459645
-0.0433864667
-0.0383558024
-0.0100679787
0.0008614664
0.0114933017
0.0364389273
0.0257423997
0.0038520933
0.0056037478
0.0108902729
-0.0026420432
-0.0013987042
0.0106117306
0.0097547434
-0.0083112290
-0.0217931341
-0.0126886278
0.0020849751
-0.0024868254
-0.0052850839
0.0193444137
0.0169500278
-0.0116747120
-0.0146209893
-0.0105968362
-0.0130447474
-0.0076776371
-0.0109568091
-0.0103682458
-0.0013973295
0.0123269788
0.0233075084
0.0154007814
0.0029578481
0.0017086419
0.0134251990
0.0113080153
-0.0100704888
-0.0009995871
0.0201686314
0.0111084324
-0.0040638728
-0.0023430758
0.0174078067
0.0311032928
0.0281819598
0.0160034159
0.0065444075
0.0002536511
-0.0018594721
0.0116121604
0.0253019441
0.0161704245
-0.0025631677
-0.0167982978
-0.0239683357
-0.0030263290
-0.0021337621
-0.0123317843
0.0060672369
0.0107632658
0.0105394175
0.0131738001
0.0114800123
0.0071010750
0.0107297566
0.0327261469
0.0356989689
0.0185308639
0.0067941313
-0.0045871028
0.0038696307
0.0153888791
0.0052035634
-0.0067541186
-0.0003970747
0.0133071942
0.0044603110
-0.0014341579
0.0064142514
0.0162488155
0.0150011879
0.0068980759
0.0185166323
0.0222685870
0.0048274052
0.0011734316
0.0129943550
0.0194276538
0.0229347948
0.0314970251
0.0376445942
0.0238904462
-0.0013595767
-0.0120532760
-0.0004329374
0.0039284198
-0.0038049791
0.0128894090
0.0328259627
0.0323861278
0.0239599980
0.0134390943
0.0046524036
-0.0083000370
-0.0146162836
-0.0050219423
-0.0038564760
-0.0103813622
-0.0109320569
-0.0024234994
0.0002352828
-0.0062651748
-0.0038302984
0.0093727355
0.0113434969
0.0089618103
0.0310392360
0.0361651747
0.0226787227
0.0207852245
0.0275447128
0.0230042677
0.0105428967
0.0106034383
0.0159437558
0.0190272867
0.0045636172
-0.0153803034
-0.0219544319
-0.0036120208
0.0074581315
0.0142686418
0.0377433437
0.0406181825
0.0215317748
0.0093717844
0.0062789578
-0.0117489844
-0.0098782410
0.0046149677
0.0014788741
0.0187037466
0.0216537596
-0.0027007875
-0.0145331718
-0.0007630985
0.0116096706
-0.0011287081
-0.0184911348
-0.0118632047
0.0188075117
0.0189992787
0.0034170963
-0.0029793496
-0.0024396737
0.0097206790
-0.0024113435
-0.0205275870
-0.0215328842
-0.0115764000
-0.0108208519
-0.0182725425
-0.0057815840
-0.0018721955
-0.0124197602
-0.0226590060
-0.0256235649
-0.0224970696
-0.0260778344
-0.0326238466
-0.0282123406
-0.0125783077
-0.0021377387
0.0122083037
0.0140190980
-0.0069705982
-0.0292387699
-0.0293315045
-0.0100581443
0.0027550564
0.0204759460
0.0362665399
0.0261661607
0.0014615295
-0.0149540594
-0.0099574172
-0.0035952327
-0.0172937579
-0.0192497598
-0.0063470311
-0.0184808128
-0.0281349419
-0.0152047830
0.0039846169
0.0127922334
0.0028107678
-0.0007151161
0.0104022569
0.0057373975
-0.0235326255
-0.0253128042
-0.0074209974
-0.0035518633
0.0073763057
0.0089802609
-0.0106206001
-0.0212913780
-0.0097011513
0.0048757148
0.0131299368
0.0168734134
0.0137756830
0.0011510191
-0.0061325896
0.0022351273
0.0066123749
-0.0022681628
-0.0061508418
-0.0068775306
-0.0243639776
-0.0400742871
-0.0383198317
-0.0314550875
-0.0320435706
-0.0318788225
-0.0348617124
-0.0313122797
-0.0186292289
-0.0154632456
-0.0194988746
-0.0162624900
0.0058096378
0.0143302518
0.0091835960
0.0093745092
0.0140316282
0.0242057427
0.0159084906
0.0021069294
-0.0013772466
-0.0082025788
-0.0053115093
-0.0033359309
-0.0156172970
-0.0208802083
-0.0169799648
-0.0046946752
0.0083453651
0.0104120747
0.0032628499
-0.0080490886
-0.0136100621
-0.0061927558
0.0051398291
0.0122786630
0.0149344361
0.0206992841
0.0180463181
-0.0038094214
-0.0056982667
0.0109161024
0.0156604277
0.0061537360
0.0014442591
0.0073976122
0.0135868581
0.0119806950
-0.0033947092
-0.0118501715
0.0030429667
0.0230711531
0.0138653961
0.0004807688
-0.0070816821
-0.0051447282
0.0001330179
-0.0142213614
-0.0078751691
0.0111965565
0.0085020690
-0.0102853853
-0.0192829624
-0.0154444398
-0.0023915225
-0.0015755958
0.0034292076
0.0215891979
0.0085119402
-0.0047070232
0.0024735432
-0.0018304179
-0.0074519249
0.0015828306
0.0056688740
0.0024285166
-0.0011170403
-0.0041304012
-0.0209322284
-0.0179828511
0.0039735664
0.0049522654
-0.0035874235
-0.0122455336
-0.0193985805
-0.0118057026
-0.0011831166
0.0135161923
0.0171138527
0.0100074184
0.0149604780
0.0003609977
-0.0242419511
-0.0175717202
0.0148461033
0.0326529934
0.0270923562
0.0211203603
0.0192619769
0.0110722662
-0.0026600167
-0.0109564481
0.0115928984
0.0203337931
0.0098705787
0.0133171736
0.0153063554
0.0143895376
0.0055536213
0.0091073815
0.0106801407
-0.0092686038
-0.0145498498
0.0079321310
0.0196456425
0.0073625801
-0.0069057144
-0.0044898466
0.0038295117
-0.0049635533
-0.0053536327
0.0095759002
0.0120675770
0.0028920616
0.0046543195
0.0131147182
0.0100037491
0.0004518463
0.0076979815
0.0020168021
-0.0180701816
-0.0121770195
-0.0030959575
-0.0065638540
-0.0078376347
0.0088454544
0.0099699268
-0.0061638287
-0.0046030673
-0.0101652232
-0.0142202474
-0.0131202878
-0.0144556423
0.0039689441
0.0234093634
0.0334023581
0.0358233216
0.0268987873
0.0121080314
-0.0006058122
-0.0024398022
0.0121051432
0.0188784048
0.0040687801
-0.0079726488
-0.0053870940
-0.0011899328
-0.0034061719
-0.0008431855
-0.0076407969
-0.0153246386
-0.0060302977
0.0017048840
0.0016593124
-0.0107793063
-0.0243892850
-0.0138981987
-0.0101279687
-0.0143682974
-0.0028306299
-0.0012392258
-0.0020139713
0.0055894330
0.0125238497
0.0168106357
0.0093231635
-0.0197921249
-0.0268084757
-0.0024850063
0.0121272107
0.0204054002
0.0356540083
0.0278813965
-0.0178036677
-0.0380773655
-0.0225727542
-0.0085512851
-0.0110751712
-0.0268377284
-0.0224506711
-0.0097540279
-0.0080852101
-0.0231790193
-0.0257088702
-0.0035176915
-0.0037622717
-0.0175814175
-0.0134105223
-0.0057719604
-0.0116647489
-0.0091857335
0.0079140398
0.0041095858
-0.0085117778
-0.0038999512
0.0022725352
-0.0010839341
-0.0018853483
0.0084812963
-0.0097272329
-0.0305516839
-0.0154073805
0.0043005918
-0.0047125454
-0.0197853730
-0.0098704154
0.0027101714
0.0090055525
0.0143437465
0.0204270566
0.0189144398
-0.0013263544
-0.0126475659
-0.0000225824
0.0046216455
-0.0053088731
-0.0062180832
-0.0057183333
-0.0119177274
-0.0009469366
0.0204858977
0.0181133477
-0.0083879459
-0.0206242373
-0.0068631979
-0.0044386522
-0.0130786807
-0.0008248468
0.0182798747
0.0216695569
0.0137571992
0.0153750716
0.0138776921
-0.0084349580
-0.0225095754
-0.0209789341
-0.0127676509
0.0034145972
0.0052606274
0.0033424018
-0.0048648849
-0.0099937661
-0.0048808588
-0.0051584808
0.0054466494
0.0135585149
0.0065781823
-0.0046730142
-0.0085611964
-0.0073447100
-0.0098659769
-0.0069383550
0.0051944047
0.0028625677
-0.0172490114
-0.0103828232
0.0076086393
0.0075664261
0.0054358595
0.0038291248
0.0100552831
0.0166228911
0.0182433899
0.0173906893
0.0247538573
0.0224898827
-0.0036502277
-0.0143852704
0.0080314555
0.0202065801
0.0126260797
0.0154154600
0.0082599528
-0.0154994348
-0.0157506210
-0.0005458179
-0.0053796611
-0.0075679649
0.0071106586
0.0095643907
0.0016588555
0.0053814761
0.0154089648
0.0197209670
0.0174362376
0.0011359411
-0.0125475697
0.0043023085
0.0213255539
0.0218439265
0.0077443934
-0.0152585396
-0.0100763307
0.0096983409
0.0058845093
0.0099749304
0.0178114321
-0.0015309758
-0.0100657907
0.0086410300
0.0077993402
-0.0029485049
-0.0060697230
-0.0055039157
-0.0088686471
-0.0070360075
0.0073132209
-0.0006967621
-0.0093319411
0.0016229791
0.0058566539
-0.0067353849
-0.0096643510
0.0058217612
0.0101945070
0.0010179578
-0.0075029756
-0.0115763939
-0.0115486339
-0.0053238217
0.0073847380
0.0078077015
-0.0099637281
-0.0074872901
0.0148746449
0.0142304581
-0.0032817522
-0.0082101892
0.0017738010
0.0031938393
-0.0038181590
-0.0084050158
-0.0147157996
-0.0181372929
-0.0113506852
0.0005404341
0.0054906549
-0.0005554361
-0.0049584413
0.0007124214
-0.0004944974
-0.0138796615
-0.0136433840
-0.0094916417
-0.0116850143
-0.0081730342
-0.0012147743
0.0034453973
0.0060601892
0.0034656167
-0.0038475772
-0.0033087255
0.0069898087
0.0165981111
0.0097206452
0.0037848680
0.0051809467
-0.0055424250
-0.0115797046
-0.0078400352
-0.0059974935
-0.0153431394
-0.0184825998
0.0010029909
0.0130006024
0.0202250986
0.0267307445
0.0152841522
0.0030158347
-0.0074937251
-0.0159871999
-0.0073815375
-0.0024457558
0.0032715849
0.0157706625
0.0138622004
0.0049653062
0.0080571392
0.0176242336
0.0118680011
-0.0082685090
-0.0048520741
0.0036471162
0.0013104622
0.0036610645
0.0158187538
0.0247389425
0.0079437981
-0.0031098017
-0.0001827425
-0.0065897597
-0.0161345863
-0.0125612429
0.0036972616
0.0110813741
-0.0009253523
-0.0141185838
-0.0108120235
-0.0076024841
-0.0145434501
-0.0167689912
-0.0029432228
0.0078977024
0.0004130443
-0.0090564588
-0.0139216627
-0.0078561136
-0.0014184904
0.0013938954
0.0010890661
-0.0099849847
-0.0106660294
-0.0003810357
-0.0007533608
-0.0079463282
-0.0116189555
-0.0035848907
0.0037581658
-0.0015521125
-0.0081854649
-0.0084320796
0.0022627944
0.0121104941
0.0110132964
0.0062684764
0.0065449177
-0.0000937842
-0.0113973367
-0.0120174154
0.0024861311
0.0059302177
-0.0000534267
0.0067011433
0.0067700334
0.0099771885
0.0190081606
0.0135985292
-0.0028686535
-0.0009156741
0.0105078450
0.0146410017
0.0165399911
0.0108467744
0.0041435811
0.0097182610
0.0175455958
0.0149587136
0.0147663586
0.0205455337
0.0139702113
-0.0006718999
-0.0092315293
-0.0077353022
0.0007991809
0.0037000562
0.0075942757
0.0049323571
-0.0055518513
-0.0116760162
-0.0070046709
0.0024959925
0.0022049817
0.0061414123
0.0049322352
-0.0046390863
0.0074080572
0.0163795363
0.0039110831
-0.0091540885
-0.0192822053
-0.0120407458
-0.0018600107
-0.0007288472
0.0036359497
0.0008214495
-0.0014689363
-0.0000275911
-0.0042851824
-0.0090566625
-0.0121612991
-0.0119075093
-0.0029180171
0.0098864187
0.0059469990
-0.0050643261
-0.0076707490
-0.0097535153
-0.0081512228
-0.0048891142
-0.0023238611
-0.0053504265
-0.0096559517
-0.0126130058
-0.0056725844
0.0022502132
0.0041617633
0.0065383042
0.0002235888
-0.0047151254
-0.0017622039
-0.0006582364
-0.0028838161
0.0010741858
0.0052341763
-0.0001038902
-0.0044219426
0.0060949859
0.0112149220
0.0056425513
-0.0057989906
-0.0088645530
0.0016446135
-0.0080555331
-0.0142461557
-0.0028838440
0.0057261304
0.0066941516
-0.0024465604
-0.0022015322
0.0063643489
-0.0046616580
-0.0108456337
0.0016351919
0.0047191799
-0.0024842117
-0.0076313147
-0.0082983276
-0.0050981991
-0.0016157714
0.0000234880
-0.0039277019
-0.0087216546
-0.0073364130
-0.0043582543
-0.0025684064
-0.0024177727
-0.0010829641
-0.0012926889
-0.0020356638
-0.0006533760
-0.0051539731
-0.0096215086
-0.0060713713
0.0002444262
0.0076597694
0.0065628433
-0.0055276405
-0.0060650759
0.0041422305
0.0014656263
-0.0026676179
-0.0029339140
-0.0057285810
0.0007450287
0.0099036386
0.0082057635
-0.0039351593
0.0001228310
0.0112024772
0.0026527654
-0.0036805257
0.0016853635
0.0044233442
0.0021342871
0.0048694863
0.0081665612
0.0049355157
0.0024231528
0.0023607185
-0.0006032450
-0.0013156517
0.0029988738
0.0055462149
0.0040386510
0.0010709151
0.0013751184
0.0019268368
-0.0005302341
0.0000643299
0.0021361380
0.0011727722
0.0005179884
0.0010077760
-0.0002543400
-0.0008313781
-0.0020265832
-0.0028855964
-0.0009303568
0.0004845923
0.0037616025
0.0040556831
0.0001074833
-0.0005873210
-0.0014508738
-0.0027288740
-0.0013570266
0.0006892961
0.0008826775
-0.0005670005
0.0003961617
0.0013854930
-0.0009892535
-0.0022069081
-0.0013010578
-0.0013350598
0.0002276604
0.0008824017
-0.0008220236
-0.0001963171
0.0009552894
0.0003481264
0.0005840970
0.0009700285
-0.0000467654
0.0003670159
0.0008507914
-0.0008257571
-0.0016257791
-0.0006306316
0.0002127792
0.0005843441
0.0011726751
0.0008336539
0.0008442636
0.0007644126
0.0002963744
0.0002878639
-0.0003075403
-0.0003359584
0.0005857491
0.0008408584
0.0002932661
0.0001768460
-0.0001537473
0.0001588292
0.0009596213
0.0010218278
0.0010548614
0.0008764951
0.0007326322
0.0005661734
0.0001374811
0.0002473838
0.0004121928
0.0002585768
0.0003422624
0.0003284669
0.0000350416
-0.0002015338
-0.0001321587
-0.0000570990
-0.0001853494
-0.0002474641
-0.0003007156
-0.0002630427
-0.0001567594
-0.0001439392
-0.0002860559
-0.0004240074
-0.0003986124
-0.0003949997
-0.0004216709
-0.0004286077
-0.0003797453
-0.0003541925
-0.0003600897
-0.0003528584
-0.0003112925
-0.0002461666
-0.0002214649
-0.0001918941
-0.0001578919
-0.0001476110
-0.0001286906
-0.0000982722
-0.0000773889
-0.0000564707
-0.0000278545
-0.0000027834
0.0000158261
