-0.0064827468
-0.0064651014
-0.0064473936
-0.0064297091
-0.0064121295
-0.0063945571
-0.0063768703
-0.0063591050
-0.0063415141
-0.0063241075
-0.0063065067
-0.0062886617
-0.0062708753
-0.0062531954
-0.0062357793
-0.0062187703
-0.0062016305
-0.0061836824
-0.0061649258
-0.0061470903
-0.0061308811
-0.0061138196
-0.0060953795
-0.0060771510
-0.0060589286
-0.0060408200
-0.0060238932
-0.0060068748
-0.0059893622
-0.0059724434
-0.0059557337
-0.0059384402
-0.0059219155
-0.0059041951
-0.0058859304
-0.0058697437
-0.0058522474
-0.0058333500
-0.0058170882
-0.0058018540
-0.0057853819
-0.0057645733
-0.0057395219
-0.0057182796
-0.0057034982
-0.0056902502
-0.0056714920
-0.0056512584
-0.0056386093
-0.0056259951
-0.0056055052
-0.0055852752
-0.0055708543
-0.0055544854
-0.0055305694
-0.0055091906
-0.0054942761
-0.0054851326
-0.0054709684
-0.0054487488
-0.0054226740
-0.0054100173
-0.0054047055
-0.0053879586
-0.0053614525
-0.0053392345
-0.0053229683
-0.0053092127
-0.0052953376
-0.0052834609
-0.0052764041
-0.0052534487
-0.0052214230
-0.0052030480
-0.0051928441
-0.0051773536
-0.0051591569
-0.0051343385
-0.0051129827
-0.0051020911
-0.0050863571
-0.0050563499
-0.0050314469
-0.0050124013
-0.0050032379
-0.0049993021
-0.0049890551
-0.0049631618
-0.0049372953
-0.0049206833
-0.0049110680
-0.0049000727
-0.0048834853
-0.0048754985
-0.0048565016
-0.0048216967
-0.0048045204
-0.0048067103
-0.0047923228
-0.0047561853
-0.0047250655
-0.0047082805
-0.0047123220
-0.0047231604
-0.0047047485
-0.0046785322
-0.0046595291
-0.0046330921
-0.0046073845
-0.0046028756
-0.0045875592
-0.0045480156
-0.0045164361
-0.0045088408
-0.0045174388
-0.0045238289
-0.0045161953
-0.0044852507
-0.0044592693
-0.0044429435
-0.0044135860
-0.0043823493
-0.0043814684
-0.0043820517
-0.0043502875
-0.0042931616
-0.0042634307
-0.0042596759
-0.0042301549
-0.0042273193
-0.0042373388
-0.0042088935
-0.0041722422
-0.0041505181
-0.0041499738
-0.0041661700
-0.0041663213
-0.0041329470
-0.0040786181
-0.0040448771
-0.0040494994
-0.0040673052
-0.0040468909
-0.0040085943
-0.0040074574
-0.0040122370
-0.0039965878
-0.0039609700
-0.0039253129
-0.0039075933
-0.0038903325
-0.0038961957
-0.0038996284
-0.0038641433
-0.0038034469
-0.0037722864
-0.0037797298
-0.0037662378
-0.0037061884
-0.0036825350
-0.0036884213
-0.0037005165
-0.0036965301
-0.0036479149
-0.0036319894
-0.0036830195
-0.0036961295
-0.0036115611
-0.0035248149
-0.0034880037
-0.0034983321
-0.0035046852
-0.0035092251
-0.0035103695
-0.0034700290
-0.0034333466
-0.0034166930
-0.0033933642
-0.0033719121
-0.0034064960
-0.0034665722
-0.0034216111
-0.0033227733
-0.0033000104
-0.0033462110
-0.0033635293
-0.0033136825
-0.0032350490
-0.0032190067
-0.0032668547
-0.0032823394
-0.0032096834
-0.0031052258
-0.0030878736
-0.0031290278
-0.0031714626
-0.0031727229
-0.0031297281
-0.0030825821
-0.0030587582
-0.0030431288
-0.0030910848
-0.0031311694
-0.0030542432
-0.0029492333
-0.0029361984
-0.0029610110
-0.0029186222
-0.0028637454
-0.0028463654
-0.0028627082
-0.0028723991
-0.0028504415
-0.0028605868
-0.0028717335
-0.0028549139
-0.0028331518
-0.0028229715
-0.0028113515
-0.0027599694
-0.0026860546
-0.0026762409
-0.0026889659
-0.0026366752
-0.0026202551
-0.0026755039
-0.0026642026
-0.0025420313
-0.0024583090
-0.0025135236
-0.0025667207
-0.0025161093
-0.0024840135
-0.0025002996
-0.0024957984
-0.0024796875
-0.0024206363
-0.0023712418
-0.0023857471
-0.0024361171
-0.0024498112
-0.0024345646
-0.0024147818
-0.0023624617
-0.0022912831
-0.0022796844
-0.0022604572
-0.0021750387
-0.0021883296
-0.0022702844
-0.0022910133
-0.0022698041
-0.0022525769
-0.0022067278
-0.0021183022
-0.0020711486
-0.0020956793
-0.0021161653
-0.0020622308
-0.0020364650
-0.0020580701
-0.0020521262
-0.0020299041
-0.0019679376
-0.0019515852
-0.0020078033
-0.0020350280
-0.0019899852
-0.0018949570
-0.0018027954
-0.0017595680
-0.0018208993
-0.0018704367
-0.0018386918
-0.0018522465
-0.0019169827
-0.0019312017
-0.0018244130
-0.0017780324
-0.0018852065
-0.0018757536
-0.0016996788
-0.0016351673
-0.0017427492
-0.0018145868
-0.0017275558
-0.0016224171
-0.0015697740
-0.0015291399
-0.0015665579
-0.0015754942
-0.0015128618
-0.0014570689
-0.0015548883
-0.0016106123
-0.0015197088
-0.0014915053
-0.0015136449
-0.0014858280
-0.0014223137
-0.0013602380
-0.0013149926
-0.0013816574
-0.0014034332
-0.0013149421
-0.0012484100
-0.0012394584
-0.0012636155
-0.0012764166
-0.0012616334
-0.0012852386
-0.0012620041
-0.0011693741
-0.0011530007
-0.0012180508
-0.0012111968
-0.0011160373
-0.0010531530
-0.0010462632
-0.0010699780
-0.0010830443
-0.0010660904
-0.0010873049
-0.0010712577
-0.0009877718
-0.0009335116
-0.0009142110
-0.0009012408
-0.0009223969
-0.0009738403
-0.0009601773
-0.0009058750
-0.0008817801
-0.0008381839
-0.0008247808
-0.0008343210
-0.0008146997
-0.0008622757
-0.0009290812
-0.0009224559
-0.0008270966
-0.0006577896
-0.0006151145
-0.0006749367
-0.0007097727
-0.0006866099
-0.0006600241
-0.0006072432
-0.0005923665
-0.0006186213
-0.0006074651
-0.0005758488
-0.0005201498
-0.0005508587
-0.0006130882
-0.0005255088
-0.0004226415
-0.0004063431
-0.0004484779
-0.0004657089
-0.0003918405
-0.0003688929
-0.0004723168
-0.0005420505
-0.0004409075
-0.0003012800
-0.0002930544
-0.0003632985
-0.0003482161
-0.0002845511
-0.0002965568
-0.0003228293
-0.0003149112
-0.0002905051
-0.0002410720
-0.0001897569
-0.0001734297
-0.0001572411
-0.0001766709
-0.0001953387
-0.0001869722
-0.0001587765
-0.0001017723
-0.0000867655
-0.0001523803
-0.0001447046
-0.0000552031
0.0000468084
0.0000867681
0.0000566463
0.0000390578
0.0000925514
0.0001087677
0.0000922954
0.0001430404
0.0001643603
0.0001142556
0.0000881081
0.0001010754
0.0001278557
0.0001814012
0.0002254860
0.0002045872
0.0002205037
0.0002731900
0.0002608005
0.0002397381
0.0002451836
0.0002624554
0.0003188889
0.0004064076
0.0004219845
0.0003709714
0.0003480004
0.0003254263
0.0003068783
0.0003928430
0.0005139093
0.0005626054
0.0005753181
0.0005917456
0.0005688666
0.0005086436
0.0005318414
0.0006285457
0.0006426984
0.0005806567
0.0005954920
0.0006575012
0.0006389080
0.0006086384
0.0006522028
0.0007461513
0.0008053112
0.0008175631
0.0007852653
0.0007339695
0.0007591449
0.0008117449
0.0007879191
0.0007953299
0.0008856814
0.0009482261
0.0009276735
0.0008626973
0.0008400876
0.0008653623
0.0009203259
0.0009668274
0.0009748625
0.0010211820
0.0010755953
0.0011009373
0.0010801997
0.0010148156
0.0009878356
0.0010508017
0.0011767597
0.0012215672
0.0011697612
0.0011847210
0.0011619404
0.0010724117
0.0011185280
0.0012465038
0.0013035897
0.0013055303
0.0013148345
0.0013198425
0.0012765994
0.0011647144
0.0010560369
0.0011893630
0.0014732441
0.0015585279
0.0014443614
0.0013734682
0.0014071322
0.0014038228
0.0013766502
0.0013788653
0.0014341553
0.0015279774
0.0015757064
0.0015536461
0.0015223381
0.0015362537
0.0015628272
0.0016223249
0.0016264979
0.0015654020
0.0015833134
0.0016747212
0.0016910176
0.0016600391
0.0017075811
0.0017683825
0.0017622730
0.0016992254
0.0016342882
0.0016120337
0.0017051955
0.0018337308
0.0018804622
0.0018502690
0.0018218790
0.0018437980
0.0018597570
0.0018812250
0.0018939949
0.0019054055
0.0018834965
0.0019056728
0.0019575025
0.0019340499
0.0019097477
0.0019561043
0.0020185714
0.0020276067
0.0020311475
0.0020461505
0.0021091659
0.0021253761
0.0020594976
0.0020282960
0.0020898625
0.0021876050
0.0021929752
0.0021311880
0.0021465288
0.0021985041
0.0021785106
0.0021910514
0.0022715168
0.0022935314
0.0022716964
0.0022841635
0.0022661430
0.0022415443
0.0022553027
0.0023154800
0.0023650153
0.0023315313
0.0023315601
0.0024258624
0.0025249972
0.0025299453
0.0024268341
0.0024106498
0.0024708554
0.0024525120
0.0024212308
0.0024688596
0.0025596310
0.0025776280
0.0025527125
0.0025581667
0.0025364852
0.0025529412
0.0026347919
0.0026869743
0.0026979592
0.0027046243
0.0027142812
0.0027286283
0.0027577554
0.0027769283
0.0027094194
0.0026075725
0.0026665234
0.0027998790
0.0028132744
0.0027439947
0.0027515034
0.0028048629
0.0027971832
0.0028080125
0.0028157736
0.0027585554
0.0027740846
0.0028324935
0.0028470028
0.0028076810
0.0028126454
0.0029427307
0.0030347852
0.0030085900
0.0029355177
0.0029162402
0.0029419656
0.0029594604
0.0029591833
0.0029714276
0.0030337568
0.0030829149
0.0030111449
0.0029499235
0.0030396938
0.0031280075
0.0030999603
0.0031055763
0.0031848159
0.0031996097
0.0031784333
0.0032289855
0.0032390044
0.0031688199
0.0031815736
0.0033147669
0.0033678797
0.0032598491
0.0032219540
0.0033098688
0.0033795529
0.0033918623
0.0033523428
0.0032885468
0.0033070266
0.0033980948
0.0034233045
0.0033651443
0.0032932526
0.0032304127
0.0032749245
0.0034313636
0.0035577677
0.0036027038
0.0035319597
0.0034309603
0.0034052460
0.0034603996
0.0035531006
0.0036002603
0.0035738565
0.0035082055
0.0034781388
0.0034980334
0.0035598014
0.0036036376
0.0035382513
0.0034971474
0.0035772857
0.0036751995
0.0037625510
0.0037256770
0.0036269045
0.0036002274
0.0036246411
0.0036447539
0.0036463020
0.0036470167
0.0036901193
0.0037806468
0.0038317828
0.0037975193
0.0037234321
0.0037339350
0.0038286641
0.0038831845
0.0038522784
0.0037835883
0.0037622543
0.0037792461
0.0037938921
0.0038038406
0.0038142607
0.0038176495
0.0038205973
0.0038676268
0.0039562982
0.0039727483
0.0038986903
0.0038310470
0.0038458903
0.0039360429
0.0039527472
0.0039302932
0.0038922440
0.0038252045
0.0038377075
0.0039600775
0.0040457488
0.0040111448
0.0039738762
0.0039834495
0.0040019198
0.0040122325
0.0040186340
0.0040222797
0.0040295882
0.0040697129
0.0041403677
0.0041893062
0.0042378658
0.0042441711
0.0041417247
0.0040801126
0.0041025170
0.0041217889
0.0040819420
0.0040507597
0.0041382273
0.0042189609
0.0041817970
0.0041746860
0.0042614117
0.0043202135
0.0042815297
0.0042014698
0.0042166706
0.0043116753
0.0043232033
0.0042436089
0.0042135278
0.0042702275
0.0043131929
0.0042711318
0.0042841903
0.0043779351
0.0043531082
0.0041973760
0.0041628767
0.0042996606
0.0043923444
0.0043138436
0.0042312859
0.0042780918
0.0043407849
0.0043467341
0.0043062068
0.0042764604
0.0043153751
0.0043538474
0.0044018415
0.0044790598
0.0044769603
0.0044022808
0.0044098779
0.0044978458
0.0045063691
0.0044359782
0.0044312261
0.0044767772
0.0044918411
0.0045281725
0.0045328731
0.0045014530
0.0044997511
0.0045089872
0.0045589173
0.0045694824
0.0045046908
0.0044331422
0.0043979841
0.0044442008
0.0045256122
0.0045974740
0.0045959348
0.0045657291
0.0045706100
0.0045366460
0.0045090764
0.0045502456
0.0045998710
0.0045670182
0.0045229760
0.0045271222
0.0045789125
0.0046213800
0.0045818227
0.0045465412
0.0045604614
0.0045733071
0.0045298032
0.0044862161
0.0045686158
0.0046903984
0.0046891122
0.0046027749
0.0045975882
0.0046826340
0.0047335296
0.0047268564
0.0046854251
0.0046585367
0.0046761093
0.0046468902
0.0045738042
0.0045326815
0.0045862809
0.0046594256
0.0046593268
0.0046195407
0.0046599724
0.0046603777
0.0046256243
0.0046512784
0.0047302284
0.0047761991
0.0047682706
0.0047250988
0.0046981233
0.0047395224
0.0047401606
0.0047037120
0.0047363788
0.0047779563
0.0047799418
0.0047702927
0.0047767867
0.0047931612
0.0047595381
0.0046487650
0.0045796012
0.0046268984
0.0046666427
0.0046567972
0.0046806978
0.0047834737
0.0048623273
0.0048634141
0.0048286929
0.0047242007
0.0046235518
0.0045780999
0.0046196838
0.0047290335
0.0048400421
0.0048339781
0.0047593018
0.0046855869
0.0046496294
0.0046492813
0.0046985899
0.0047746468
0.0047334390
0.0046118681
0.0046094235
0.0046927201
0.0047391067
0.0046927003
0.0046445343
0.0046406741
0.0046787146
0.0047473380
0.0047848672
0.0047828934
0.0047351939
0.0046649338
0.0046698893
0.0047085873
0.0046741718
0.0046386989
0.0046345554
0.0046036187
0.0045615422
0.0045873500
0.0046317585
0.0046708452
0.0046586679
0.0045744503
0.0045756152
0.0046452439
0.0046793613
0.0046634658
0.0046985731
0.0047381156
0.0046964695
0.0046092955
0.0046097650
0.0046899138
0.0046946563
0.0046145098
0.0045623440
0.0045596802
0.0046005347
0.0046705892
0.0046735400
0.0045975494
0.0045081979
0.0044579432
0.0045364475
0.0046880533
0.0047278644
0.0045932493
0.0044674860
0.0044751203
0.0045913669
0.0046160352
0.0045718878
0.0045994927
0.0045959609
0.0045165360
0.0045047208
0.0045819212
0.0046150055
0.0045631265
0.0045216554
0.0045599703
0.0045494269
0.0044724509
0.0044978366
0.0045745449
0.0045340088
0.0044793843
0.0044687300
0.0045148121
0.0045344302
0.0044925154
0.0044862840
0.0045221658
0.0044494889
0.0043691576
0.0043537424
0.0043621310
0.0043908925
0.0044103022
0.0043964574
0.0044283287
0.0044630545
0.0044250000
0.0043310998
0.0042835834
0.0043292677
0.0044008365
0.0043549724
0.0042400204
0.0042236412
0.0042160010
0.0042152368
0.0043127427
0.0043501674
0.0042675355
0.0041678235
0.0041283722
0.0042041638
0.0042687894
0.0042269022
0.0041792868
0.0041339336
0.0040573180
0.0040391485
0.0041052245
0.0041815889
0.0042028905
0.0041099907
0.0040287047
0.0040575040
0.0040837304
0.0040779503
0.0041072625
0.0041267852
0.0040360066
0.0039888130
0.0040938857
0.0041315212
0.0040400762
0.0039754693
0.0040057022
0.0040779069
0.0040979916
0.0040778002
0.0040677881
0.0040636772
0.0040212434
0.0039427044
0.0038988674
0.0038635347
0.0038012689
0.0037282538
0.0036070276
0.0034901777
0.0035071658
0.0036342071
0.0037569914
0.0038995771
0.0040296073
0.0041424954
0.0042949375
0.0044258641
0.0044081255
0.0042895149
0.0041486942
0.0040240518
0.0038279240
0.0035938814
0.0033930182
0.0031988476
0.0030319210
0.0029124554
0.0028850611
0.0030031880
0.0032678659
0.0035297930
0.0036253003
0.0036549256
0.0037759126
0.0040868626
0.0044377672
0.0044801928
0.0042562838
0.0040850705
0.0040693065
0.0040670294
0.0039349199
0.0036574622
0.0033257338
0.0030097290
0.0026800789
0.0023714706
0.0021933547
0.0022212229
0.0023649227
0.0025920163
0.0029528527
0.0034186508
0.0038468005
0.0041525894
0.0043681055
0.0043806650
0.0041204833
0.0038297462
0.0036344585
0.0034586648
0.0032672447
0.0030301492
0.0027719404
0.0025200601
0.0022348839
0.0018938673
0.0015970959
0.0014942517
0.0017171358
0.0022474740
0.0029658692
0.0037075689
0.0041467041
0.0042441036
0.0043000421
0.0043576145
0.0042598108
0.0040503837
0.0038204286
0.0035034127
0.0030890231
0.0026345737
0.0021828844
0.0017474600
0.0014379008
0.0013408076
0.0014276919
0.0015244036
0.0015122546
0.0015139945
0.0017338797
0.0021955920
0.0027560285
0.0033194725
0.0038252632
0.0040603087
0.0039757882
0.0037680151
0.0035970729
0.0034592577
0.0032076678
0.0028382826
0.0024166613
0.0021008984
0.0020068368
0.0021792435
0.0025744283
0.0030603419
0.0033250044
0.0031329953
0.0027436324
0.0025930419
0.0028322710
0.0032539442
0.0035432283
0.0035411367
0.0031408936
0.0024397114
0.0018769982
0.0015767204
0.0013315556
0.0011280019
0.0011504737
0.0014447030
0.0018811348
0.0021923376
0.0022587235
0.0021925747
0.0020429203
0.0018875155
0.0019493305
0.0022703526
0.0023786983
0.0019209608
0.0013210181
0.0011792996
0.0017459734
0.0026519155
0.0031672102
0.0030317815
0.0024825650
0.0020296581
0.0019884848
0.0022365241
0.0023578751
0.0022686922
0.0022357095
0.0022973976
0.0021806869
0.0017027524
0.0009230080
0.0000549788
-0.0005699825
-0.0006649076
-0.0002885745
0.0001654076
0.0004099976
0.0004567863
0.0006650154
0.0012765704
0.0020578984
0.0025431430
0.0025645904
0.0022973975
0.0019437064
0.0017910853
0.0022349290
0.0031659629
0.0038439003
0.0035827173
0.0022918134
0.0004928111
-0.0008156802
-0.0009819903
0.0000267263
0.0018087618
0.0036111841
0.0046954474
0.0047896718
0.0042920417
0.0040001105
0.0044302464
0.0051849574
0.0050621992
0.0033268793
0.0006189912
-0.0015548378
-0.0023903599
-0.0025708080
-0.0029435104
-0.0035628549
-0.0039469272
-0.0037716857
-0.0031007273
-0.0021208502
-0.0009540089
0.0004161303
0.0018119468
0.0028231580
0.0031372720
0.0031079498
0.0035212122
0.0045458081
0.0056153858
0.0060464500
0.0055896346
0.0047091847
0.0039556224
0.0035384403
0.0032010354
0.0025080276
0.0009631491
-0.0012974375
-0.0031223773
-0.0034211001
-0.0023044582
-0.0009400463
-0.0003041386
-0.0000818301
0.0007836429
0.0025856730
0.0041957066
0.0042010595
0.0025419081
0.0004398312
-0.0010829595
-0.0020291316
-0.0029713520
-0.0042134934
-0.0054101643
-0.0060135296
-0.0055478850
-0.0038656727
-0.0014067861
0.0008150821
0.0018155148
0.0016279756
0.0014407956
0.0025900808
0.0051617661
0.0077731333
0.0087259567
0.0075286689
0.0052308102
0.0032987134
0.0024876721
0.0025897592
0.0026012599
0.0013598908
-0.0013884795
-0.0045050881
-0.0064328920
-0.0062944986
-0.0047556616
-0.0034677405
-0.0037567792
-0.0057067776
-0.0076823757
-0.0072849521
-0.0038368093
0.0005743428
0.0031673897
0.0031716530
0.0020883448
0.0017699524
0.0027523807
0.0043648767
0.0058312161
0.0069286670
0.0076218008
0.0079457564
0.0078419238
0.0069433052
0.0050506189
0.0026962529
0.0010799816
0.0007524306
0.0011124225
0.0009037416
-0.0006536523
-0.0030393376
-0.0050638056
-0.0060061002
-0.0057956037
-0.0048726330
-0.0040676567
-0.0037136619
-0.0036613192
-0.0034634315
-0.0026841929
-0.0011075362
0.0009653946
0.0024532557
0.0023408233
0.0006806831
-0.0014394991
-0.0030746632
-0.0039572891
-0.0044664880
-0.0049926818
-0.0052145542
-0.0042407349
-0.0016134962
0.0020105059
0.0053574958
0.0074832958
0.0083973091
0.0089112144
0.0093432591
0.0092430574
0.0081323777
0.0059446855
0.0030106277
-0.0000912544
-0.0024971705
-0.0032471996
-0.0021247274
-0.0002311508
0.0006575170
-0.0002360802
-0.0019444609
-0.0030541655
-0.0031511882
-0.0027734010
-0.0024180749
-0.0023193466
-0.0027094090
-0.0033736717
-0.0037452043
-0.0037865324
-0.0041333064
-0.0050716030
-0.0059574038
-0.0061000076
-0.0055535551
-0.0052232463
-0.0057457576
-0.0063996243
-0.0057067538
-0.0031796712
0.0000392618
0.0023159997
0.0029115843
0.0022297828
0.0011973113
0.0003960901
0.0002767691
0.0012135182
0.0030713072
0.0049712718
0.0056763741
0.0046945083
0.0028976194
0.0017883618
0.0021360366
0.0035258944
0.0051633555
0.0067349972
0.0081549352
0.0090299357
0.0087390232
0.0070202143
0.0044889841
0.0022011530
0.0005472121
-0.0010275941
-0.0029881678
-0.0048069069
-0.0052869223
-0.0038357012
-0.0013432588
0.0003962418
0.0001278781
-0.0020616582
-0.0049848978
-0.0073050036
-0.0084367459
-0.0087406763
-0.0090973629
-0.0102070247
-0.0118558975
-0.0130253854
-0.0123961202
-0.0094333052
-0.0054415044
-0.0025691961
-0.0016647415
-0.0014687191
-0.0000905944
0.0028950984
0.0061065791
0.0083005690
0.0091790755
0.0089968614
0.0080311990
0.0061324126
0.0032360677
0.0003131821
-0.0009293982
0.0004195146
0.0031282703
0.0044376180
0.0028246636
-0.0005731579
-0.0030536458
-0.0027996050
-0.0002519006
0.0029269413
0.0052979995
0.0059419132
0.0042827338
0.0006004635
-0.0034970390
-0.0054960960
-0.0038972930
-0.0002877176
0.0016305803
-0.0008119891
-0.0070999827
-0.0139282865
-0.0171732003
-0.0145731583
-0.0076049853
-0.0005702599
0.0028635082
0.0023766215
0.0006115023
0.0005338587
0.0031915390
0.0077075135
0.0123796150
0.0153729685
0.0151180463
0.0110833695
0.0043619989
-0.0027786859
-0.0081472418
-0.0104605424
-0.0098494496
-0.0077659254
-0.0056506010
-0.0040533440
-0.0028738289
-0.0021148226
-0.0023119174
-0.0034637812
-0.0046857535
-0.0051137617
-0.0044582891
-0.0028217261
-0.0005058547
0.0019665633
0.0038501690
0.0050310665
0.0063770697
0.0085636064
0.0110157660
0.0123748495
0.0117650405
0.0093143955
0.0061037808
0.0033925409
0.0019960877
0.0019014554
0.0020290283
0.0010359141
-0.0013473170
-0.0041558271
-0.0060710304
-0.0066062143
-0.0062782827
-0.0063263184
-0.0082100320
-0.0120295332
-0.0162068857
-0.0191358773
-0.0199969099
-0.0185881513
-0.0156280589
-0.0127981079
-0.0115668664
-0.0111009020
-0.0087022011
-0.0029298026
0.0046864076
0.0113649525
0.0153926471
0.0169215120
0.0170771917
0.0168282010
0.0169045471
0.0177139836
0.0188485765
0.0191938367
0.0177871663
0.0148618696
0.0116799288
0.0088983146
0.0057677926
0.0012374334
-0.0043591208
-0.0092866827
-0.0118582829
-0.0120884349
-0.0121881662
-0.0145384102
-0.0188775707
-0.0224004213
-0.0228205738
-0.0202530643
-0.0160746747
-0.0112413178
-0.0064548408
-0.0027012701
-0.0007643572
-0.0002339004
0.0001837639
0.0017363829
0.0051038774
0.0097875728
0.0136703444
0.0143029799
0.0114098960
0.0073594720
0.0047802275
0.0040065680
0.0033176635
0.0013722768
-0.0015049855
-0.0044344894
-0.0069423923
-0.0092776142
-0.0115198128
-0.0125522305
-0.0112902813
-0.0086920106
-0.0074080445
-0.0088034649
-0.0110271826
-0.0108232724
-0.0069579268
-0.0013529280
0.0028018617
0.0037673921
0.0024412132
0.0013397261
0.0023684221
0.0055269558
0.0095650655
0.0127245049
0.0135078634
0.0117370108
0.0089005927
0.0068960028
0.0064548999
0.0069949584
0.0071543164
0.0052119284
0.0003751698
-0.0061119282
-0.0113733566
-0.0128230731
-0.0103371864
-0.0062674276
-0.0032997060
-0.0025538932
-0.0033949651
-0.0047718176
-0.0057159273
-0.0050487596
-0.0022267983
0.0016254468
0.0039820025
0.0030810877
-0.0005598113
-0.0045847905
-0.0062012142
-0.0039755435
0.0006589843
0.0045186040
0.0055324113
0.0045673164
0.0043881903
0.0067789373
0.0106568367
0.0131236745
0.0121169467
0.0081008092
0.0034634606
0.0003357268
-0.0009450280
-0.0019280971
-0.0041579838
-0.0072748193
-0.0094352203
-0.0095452271
-0.0083033147
-0.0074507553
-0.0081918786
-0.0099694851
-0.0107115489
-0.0085153802
-0.0033915651
0.0022792345
0.0052005540
0.0039722807
0.0010646601
0.0008521070
0.0049703523
0.0102939922
0.0119987571
0.0082440846
0.0012788685
-0.0050767909
-0.0082407394
-0.0075634388
-0.0039065599
0.0011826284
0.0059679496
0.0090071998
0.0102275066
0.0110290683
0.0126520702
0.0144166894
0.0142815468
0.0114742422
0.0075670717
0.0042194256
0.0014430507
-0.0015682958
-0.0047289345
-0.0068128966
-0.0069638447
-0.0052288021
-0.0024262199
-0.0003272602
-0.0011032514
-0.0051727907
-0.0099065090
-0.0114469778
-0.0081309023
-0.0023108856
0.0015877760
0.0010329278
-0.0027816031
-0.0062963226
-0.0067677811
-0.0042455124
-0.0007783783
0.0015225777
0.0012744427
-0.0015359539
-0.0048106762
-0.0051980709
-0.0012490919
0.0046912833
0.0087053219
0.0088974249
0.0062070907
0.0029204439
0.0012823874
0.0025522408
0.0056702133
0.0073631341
0.0051899342
0.0000749568
-0.0046102239
-0.0061421242
-0.0041698822
-0.0000302510
0.0048410148
0.0090198096
0.0104241405
0.0077364794
0.0030410287
0.0010671367
0.0047294138
0.0120697037
0.0177710509
0.0177444878
0.0121626711
0.0045886065
-0.0009533615
-0.0025249555
-0.0015242972
-0.0021397688
-0.0080057035
-0.0182089850
-0.0273143696
-0.0298798522
-0.0246414883
-0.0145803559
-0.0038938618
0.0044257317
0.0091506690
0.0103210122
0.0090179159
0.0072117386
0.0066834695
0.0076616463
0.0085354109
0.0073125265
0.0042220049
0.0019720871
0.0024120588
0.0043050620
0.0049594299
0.0030263197
-0.0004561569
-0.0035670780
-0.0052159208
-0.0055514507
-0.0050013763
-0.0034677457
-0.0003530263
0.0047135614
0.0105650027
0.0150006810
0.0166139361
0.0153871588
0.0119776005
0.0070920430
0.0016099239
-0.0031135316
-0.0057498729
-0.0061177191
-0.0055354909
-0.0055072000
-0.0062284672
-0.0068822930
-0.0064217208
-0.0038664377
0.0008089191
0.0052398737
0.0059252146
0.0016187534
-0.0050434548
-0.0096891686
-0.0098399087
-0.0065504184
-0.0030293319
-0.0018272642
-0.0029031158
-0.0040332535
-0.0030761763
-0.0000233614
0.0030953693
0.0047067463
0.0054178389
0.0067689356
0.0090116401
0.0109621008
0.0116331495
0.0115369550
0.0117063730
0.0119378965
0.0109566008
0.0084463585
0.0057089210
0.0038578163
0.0021522982
-0.0009602496
-0.0054212741
-0.0091845010
-0.0101270389
-0.0078649136
-0.0039146693
-0.0006417296
0.0003755227
-0.0007053966
-0.0022127532
-0.0017589829
0.0022818949
0.0084619445
0.0122911468
0.0104070541
0.0041863457
-0.0018081566
-0.0036976332
-0.0006015461
0.0047773347
0.0081924299
0.0072389519
0.0032602188
-0.0002472221
-0.0010453214
0.0006313479
0.0039361490
0.0080330076
0.0109997017
0.0099989464
0.0041862205
-0.0031200475
-0.0070460200
-0.0062102460
-0.0038830764
-0.0037710035
-0.0063892715
-0.0097750663
-0.0123697001
-0.0135420847
-0.0124776866
-0.0087857442
-0.0040274574
-0.0008250858
0.0001789232
0.0009815790
0.0035337484
0.0071874568
0.0094743369
0.0089191402
0.0068512297
0.0061359836
0.0078638708
0.0099583118
0.0090426726
0.0041971023
-0.0011226525
-0.0023882359
0.0008319027
0.0044604246
0.0048131534
0.0029987842
0.0031313021
0.0067997185
0.0111739642
0.0121655255
0.0092495355
0.0057466428
0.0044909867
0.0047734797
0.0037475285
-0.0005316019
-0.0074790396
-0.0137834790
-0.0153680459
-0.0109249142
-0.0039495281
0.0002945052
-0.0002407090
-0.0028439818
-0.0031772503
0.0004083193
0.0050864211
0.0058927431
0.0010941724
-0.0056705484
-0.0095425017
-0.0093251488
-0.0076677115
-0.0075755387
-0.0096437081
-0.0115616164
-0.0096515352
-0.0026499633
0.0060660672
0.0116348954
0.0123868369
0.0105182426
0.0091547694
0.0094720108
0.0102708578
0.0096780788
0.0067813753
0.0019215513
-0.0035928242
-0.0073653404
-0.0066730157
-0.0014834968
0.0043902664
0.0062140240
0.0024400900
-0.0044466436
-0.0098287248
-0.0096041326
-0.0037929546
0.0024432377
0.0033261912
-0.0013197294
-0.0057137571
-0.0045267933
0.0017823010
0.0079378627
0.0089387582
0.0042314926
-0.0023645429
-0.0062031867
-0.0056259242
-0.0024731483
0.0001466452
-0.0000101741
-0.0029105149
-0.0061029494
-0.0063321252
-0.0021651178
0.0050396325
0.0123248474
0.0161620668
0.0136724116
0.0051689081
-0.0046036059
-0.0101378066
-0.0109148536
-0.0112114166
-0.0142861733
-0.0191870907
-0.0231482624
-0.0245861948
-0.0230697393
-0.0181187029
-0.0100268399
-0.0008324771
0.0066378564
0.0109562393
0.0131764579
0.0155103763
0.0191217214
0.0228583118
0.0241863731
0.0215150815
0.0155081356
0.0080814751
0.0011807724
-0.0036365648
-0.0055918098
-0.0047127289
-0.0014279139
0.0028763363
0.0049620792
0.0017233023
-0.0056986819
-0.0115405198
-0.0106105647
-0.0034619234
0.0040394790
0.0066031100
0.0049223034
0.0044106845
0.0085736046
0.0145553106
0.0162849565
0.0116575992
0.0051688618
0.0025289897
0.0045925770
0.0073787877
0.0061802030
-0.0008257271
-0.0108617740
-0.0172422451
-0.0136113053
-0.0003922496
0.0133981899
0.0176577554
0.0107584669
0.0002781043
-0.0047793187
-0.0017101138
0.0041820576
0.0048113711
-0.0024773546
-0.0123366146
-0.0175505803
-0.0157399734
-0.0097029166
-0.0041987680
-0.0036552429
-0.0092078086
-0.0163164200
-0.0182170295
-0.0134965448
-0.0083666587
-0.0094996850
-0.0163208663
-0.0222652439
-0.0223362112
-0.0171967359
-0.0109326149
-0.0069640410
-0.0061606333
-0.0074247717
-0.0085083282
-0.0076094629
-0.0047011607
-0.0009480183
0.0028489120
0.0060699971
0.0076084445
0.0070114681
0.0061011437
0.0069804518
0.0082829237
0.0059110226
-0.0016593921
-0.0106840984
-0.0152500757
-0.0117561867
-0.0011691798
0.0109496045
0.0172120885
0.0143310825
0.0062699421
-0.0000632742
-0.0007821864
0.0033076893
0.0083230961
0.0100608582
0.0066642660
-0.0005605696
-0.0081643060
-0.0116850271
-0.0087210883
-0.0020737623
0.0023283419
0.0015576065
-0.0012750108
-0.0017155563
0.0006161461
0.0026968429
0.0023272662
0.0005129062
0.0001771825
0.0023832474
0.0044883251
0.0033815775
-0.0004352639
-0.0035573692
-0.0037283641
-0.0019300069
-0.0008789671
-0.0030765099
-0.0090723987
-0.0169129742
-0.0237830517
-0.0277453945
-0.0281877051
-0.0261125700
-0.0237790233
-0.0227777725
-0.0219784490
-0.0182943204
-0.0102283166
0.0004698937
0.0103056173
0.0156062186
0.0145621950
0.0091703203
0.0044979541
0.0043543106
0.0070171627
0.0067956824
0.0003400079
-0.0096190203
-0.0174137395
-0.0200718390
-0.0189775015
-0.0171305744
-0.0158734268
-0.0146951439
-0.0130152134
-0.0113677654
-0.0102725217
-0.0084458499
-0.0037705225
0.0032937612
0.0090799450
0.0102850636
0.0078237309
0.0060124066
0.0082861931
0.0140581222
0.0191184881
0.0194183716
0.0148722955
0.0096460931
0.0079195259
0.0100764062
0.0132379013
0.0149003485
0.0154509175
0.0169154689
0.0195288069
0.0211428538
0.0210900906
0.0216722256
0.0241991192
0.0259153667
0.0231667676
0.0160420922
0.0072764726
-0.0019798433
-0.0114708451
-0.0182349022
-0.0179663966
-0.0109966255
-0.0038198741
-0.0028967538
-0.0088249790
-0.0170169617
-0.0222552118
-0.0210355211
-0.0121362810
0.0019295524
0.0146325036
0.0191327845
0.0136104094
0.0028808066
-0.0056586857
-0.0079289649
-0.0056082801
-0.0037855887
-0.0065803994
-0.0146926844
-0.0251400953
-0.0322180238
-0.0307561618
-0.0207201292
-0.0076876176
0.0022852773
0.0075331279
0.0105709241
0.0142733456
0.0197607601
0.0267525268
0.0340992701
0.0390283499
0.0376267543
0.0280913545
0.0137681304
0.0011589624
-0.0053400932
-0.0057922853
-0.0033484180
-0.0021118646
-0.0055879052
-0.0147590406
-0.0262506312
-0.0330529881
-0.0297189774
-0.0185884131
-0.0089274780
-0.0079208831
-0.0137669708
-0.0190190645
-0.0186384757
-0.0134029406
-0.0073929620
-0.0038333399
-0.0031560963
-0.0037136920
-0.0038918833
-0.0031344253
-0.0015210726
0.0011116086
0.0045546652
0.0081500012
0.0119629128
0.0164378774
0.0203674729
0.0212730308
0.0183789569
0.0132590177
0.0076844130
0.0028982791
0.0007951419
0.0024376074
0.0050425126
0.0042488084
-0.0011106483
-0.0084775538
-0.0142579444
-0.0152626355
-0.0101542300
-0.0018623286
0.0030776790
0.0002015039
-0.0083496971
-0.0164002550
-0.0194309035
-0.0171656470
-0.0125487676
-0.0087737946
-0.0069042034
-0.0059270547
-0.0039853559
0.0005987104
0.0076578837
0.0142751213
0.0168030902
0.0139413037
0.0076566066
0.0023439122
0.0027337774
0.0096198259
0.0175884329
0.0194722414
0.0138367818
0.0064082046
0.0038401331
0.0076506472
0.0139140987
0.0169878953
0.0141424784
0.0078371986
0.0029066926
0.0015964972
0.0027534931
0.0053866425
0.0098041786
0.0147903303
0.0168258756
0.0136983458
0.0073709376
0.0018663897
-0.0016179625
-0.0057026939
-0.0131848351
-0.0233300208
-0.0319529434
-0.0348056499
-0.0311845937
-0.0245805904
-0.0198228264
-0.0188132780
-0.0182565257
-0.0125171300
0.0001311456
0.0147305600
0.0243685424
0.0268366645
0.0251706410
0.0230281006
0.0222466043
0.0235058858
0.0259959147
0.0270678425
0.0241126911
0.0175975318
0.0121113706
0.0131248638
0.0214598144
0.0314050940
0.0352716029
0.0300505904
0.0195820089
0.0110841647
0.0095039630
0.0142016857
0.0203787797
0.0235447210
0.0227830666
0.0201779932
0.0178623508
0.0163346723
0.0150338282
0.0137607378
0.0128341502
0.0111637398
0.0064833997
-0.0007054851
-0.0057539431
-0.0046694818
0.0011391063
0.0065669719
0.0077827424
0.0041820976
-0.0019443727
-0.0066551256
-0.0068995258
-0.0035807935
-0.0016650328
-0.0052342849
-0.0129901206
-0.0194424746
-0.0204036498
-0.0172552329
-0.0151655506
-0.0161225327
-0.0162652796
-0.0117430620
-0.0038339490
0.0035935829
0.0085217194
0.0113895038
0.0139650913
0.0178573819
0.0226068715
0.0260784293
0.0275690363
0.0281781910
0.0284076610
0.0278941274
0.0271001242
0.0267108857
0.0260376287
0.0243877420
0.0230537147
0.0238045006
0.0252839097
0.0237677942
0.0178323529
0.0109248699
0.0086622932
0.0130573425
0.0196009568
0.0213212011
0.0156264561
0.0057752012
-0.0027903150
-0.0056985510
-0.0013737776
0.0076837615
0.0151462915
0.0150751615
0.0075938835
-0.0007359560
-0.0026589356
0.0037245354
0.0136940460
0.0205382989
0.0209792782
0.0161975555
0.0100530783
0.0076267722
0.0126687873
0.0236759998
0.0331478871
0.0332532288
0.0230747321
0.0096414771
0.0017811068
0.0025602696
0.0075923750
0.0107726711
0.0100086136
0.0073232628
0.0058019854
0.0068747155
0.0096913432
0.0124138139
0.0135130288
0.0121709958
0.0084797390
0.0039938107
0.0021308445
0.0058145047
0.0128278098
0.0164314576
0.0130930618
0.0076055910
0.0075041093
0.0138588446
0.0210854228
0.0250139404
0.0266638437
0.0283174607
0.0300151585
0.0303706239
0.0285491036
0.0246034406
0.0192338686
0.0141441287
0.0111306700
0.0100816090
0.0093060496
0.0084102713
0.0086223956
0.0103603167
0.0123953537
0.0132426347
0.0122294345
0.0102897207
0.0097335850
0.0119754074
0.0159791357
0.0194317521
0.0210591722
0.0215016501
0.0220845940
0.0238935370
0.0274552598
0.0319570373
0.0354290486
0.0366875848
0.0368231920
0.0374885763
0.0382749639
0.0376522402
0.0363338483
0.0368210522
0.0393900066
0.0413530949
0.0408117161
0.0388437140
0.0369911213
0.0347131111
0.0305044963
0.0239153736
0.0161233139
0.0091669731
0.0044401480
0.0013453993
-0.0018354766
-0.0055563290
-0.0086581106
-0.0103970193
-0.0115831763
-0.0129974713
-0.0138413048
-0.0126748960
-0.0091590439
-0.0043326689
-0.0008016457
-0.0019202470
-0.0081501305
-0.0147261353
-0.0156442359
-0.0099965127
-0.0019291093
0.0043281251
0.0068311596
0.0048501919
-0.0010864162
-0.0077147876
-0.0102977861
-0.0065526480
0.0009892688
0.0066332555
0.0055133903
-0.0029419911
-0.0145785319
-0.0233476555
-0.0255823307
-0.0225434217
-0.0187438201
-0.0184525691
-0.0235931892
-0.0329936656
-0.0423927243
-0.0467279687
-0.0444149646
-0.0389529898
-0.0353425429
-0.0354716109
-0.0379992048
-0.0410898260
-0.0437003895
-0.0454976132
-0.0467721594
-0.0484573648
-0.0513694044
-0.0550978440
-0.0583866938
-0.0606966423
-0.0623559309
-0.0636075805
-0.0634179906
-0.0603472621
-0.0549181709
-0.0501485160
-0.0494042346
-0.0535123276
-0.0599554343
-0.0648039014
-0.0660101935
-0.0649320322
-0.0645685783
-0.0666847144
-0.0706590964
-0.0749736595
-0.0786941966
-0.0812308949
-0.0823476213
-0.0829283142
-0.0842381092
-0.0861341954
-0.0872993614
-0.0868028540
-0.0843070842
-0.0800622284
-0.0754676065
-0.0720263952
-0.0696785866
-0.0676920140
-0.0662615065
-0.0663150152
-0.0681572294
-0.0709129799
-0.0734447253
-0.0752197466
-0.0764506808
-0.0776901583
-0.0793924637
-0.0814396686
-0.0833325576
-0.0843975735
-0.0840750382
-0.0819693847
-0.0779743088
-0.0733356104
-0.0705629043
-0.0717051935
-0.0767486056
-0.0831724344
-0.0876576846
-0.0892325789
-0.0904351064
-0.0942895384
-0.1006104402
-0.1060289523
-0.1070612857
-0.1023768918
-0.0932670087
-0.0832618323
-0.0757824048
-0.0712769908
-0.0673648389
-0.0611980209
-0.0512506347
-0.0386304344
-0.0267966653
-0.0183781321
-0.0131551508
-0.0093143115
-0.0054077048
-0.0014064178
0.0014079208
0.0014353877
-0.0016162588
-0.0068042268
-0.0135110896
-0.0212432191
-0.0281901172
-0.0317931265
-0.0309973016
-0.0277292774
-0.0252022720
-0.0248327469
-0.0251246019
-0.0233402613
-0.0187475609
-0.0144030343
-0.0142873538
-0.0186236525
-0.0231458035
-0.0227747008
-0.0161086342
-0.0066705617
0.0004429873
0.0027341162
0.0018560691
0.0016380021
0.0053137537
0.0140515462
0.0258970172
0.0365408163
0.0424999189
0.0435809965
0.0422244513
0.0414322899
0.0436174040
0.0497657778
0.0578576114
0.0627829322
0.0598185444
0.0486868588
0.0342020572
0.0225045143
0.0161913491
0.0134808290
0.0116108446
0.0097855706
0.0086960344
0.0085272518
0.0088520213
0.0098225012
0.0120600200
0.0164053276
0.0233571389
0.0316355798
0.0385726827
0.0431079687
0.0466634185
0.0504252140
0.0540492336
0.0575222691
0.0620698104
0.0665525310
0.0657185127
0.0567965102
0.0452697399
0.0394216239
0.0407660552
0.0436534797
0.0426725687
0.0371997471
0.0297017826
0.0224316944
0.0165234819
0.0125531787
0.0109113793
0.0111756303
0.0116061653
0.0106539280
0.0088560656
0.0080639262
0.0087743544
0.0096739056
0.0102896530
0.0125711543
0.0187736630
0.0284277968
0.0388254551
0.0479720542
0.0558150606
0.0637642655
0.0737032604
0.0859464258
0.0965237512
0.0991816608
0.0920353672
0.0808416055
0.0739728445
0.0732368675
0.0720446884
0.0636542318
0.0489832724
0.0347965917
0.0258669627
0.0205372146
0.0134269271
0.0018377772
-0.0107086903
-0.0182709500
-0.0196290177
-0.0189617471
-0.0195350244
-0.0205290756
-0.0205951085
-0.0208016197
-0.0224079220
-0.0246771246
-0.0268726562
-0.0300271194
-0.0348976190
-0.0394623067
-0.0396208742
-0.0324341628
-0.0198256239
-0.0087089145
-0.0054655184
-0.0100739491
-0.0162793460
-0.0167845339
-0.0086265883
0.0040045489
0.0121100719
0.0090487873
-0.0029505396
-0.0141747177
-0.0157019921
-0.0075429295
0.0012125205
0.0005982733
-0.0110220919
-0.0262550981
-0.0361826044
-0.0376126686
-0.0340984332
-0.0311555621
-0.0317691516
-0.0363044584
-0.0440767163
-0.0534649014
-0.0616715801
-0.0660068337
-0.0651347006
-0.0601038674
-0.0554946837
-0.0566747814
-0.0634324518
-0.0685771327
-0.0642997147
-0.0486644361
-0.0274244217
-0.0097330498
-0.0002638032
0.0041123182
0.0100572931
0.0218688803
0.0388644900
0.0556048316
0.0654983615
0.0661828886
0.0612060998
0.0562463933
0.0539744539
0.0535608758
0.0532805504
0.0520576346
0.0499595478
0.0475968004
0.0450924475
0.0416240569
0.0359432135
0.0269838686
0.0146400965
-0.0000135265
-0.0162102873
-0.0344471734
-0.0543474886
-0.0718664740
-0.0816470217
-0.0832270850
-0.0822978529
-0.0845446825
-0.0903102714
-0.0956694318
-0.0955948574
-0.0850679399
-0.0615243915
-0.0290422665
0.0021004615
0.0234236561
0.0353634944
0.0456890940
0.0615855422
0.0827530079
0.1004657679
0.1029061782
0.0834449558
0.0473501652
0.0101456789
-0.0143111139
-0.0251776316
-0.0324386405
-0.0448490671
-0.0610932571
-0.0721440873
-0.0713568664
-0.0602795421
-0.0460745764
-0.0363798329
-0.0342457561
-0.0364052558
-0.0372939094
-0.0339346988
-0.0265142965
-0.0164001526
-0.0048968776
0.0071209295
0.0194522322
0.0321096217
0.0430749941
0.0479484599
0.0444957810
0.0358039419
0.0272624901
0.0229030863
0.0255871159
0.0377423500
0.0586522156
0.0824811500
0.1021839602
0.1155307189
0.1259991529
0.1371038960
0.1461724115
0.1457934935
0.1317154722
0.1066460812
0.0759495936
0.0436492686
0.0140080958
-0.0074940178
-0.0193925354
-0.0285637566
-0.0446792872
-0.0693927028
-0.0938151375
-0.1075216649
-0.1093386006
-0.1075594204
-0.1096412436
-0.1155342332
-0.1220727601
-0.1286523299
-0.1359859892
-0.1435024316
-0.1508572229
-0.1600247320
-0.1738838349
-0.1933348322
-0.2158832219
-0.2388343558
-0.2591508021
-0.2832171019
-0.2979516342
-0.3267526531
-0.3238917435
-0.3463228070
-0.3271734785
-0.3369584829
-0.3224714342
-0.3218708585
-0.3108367355
-0.3014704809
-0.2904685105
-0.2779649052
-0.2607468644
-0.2401141658
-0.2211627473
-0.2069222427
-0.1948912846
-0.1807547921
-0.1639760591
-0.1482653710
-0.1377566252
-0.1332818669
-0.1313751518
-0.1265836774
-0.1152336988
-0.0981250519
-0.0794848944
-0.0627149610
-0.0477431437
-0.0325536500
-0.0156481839
0.0031301394
0.0223595917
0.0394414299
0.0523435571
0.0612459886
0.0677291480
0.0727135061
0.0761053203
0.0785913785
0.0819524100
0.0866568499
0.0904155396
0.0907676085
0.0881203919
0.0855078990
0.0862755831
0.0918623329
0.1014955761
0.1140081318
0.1289480215
0.1456830421
0.1627619687
0.1782721157
0.1910570631
0.2015792627
0.2121609556
0.2252395401
0.2408205667
0.2567820027
0.2707917447
0.2807735840
0.2852092767
0.2852142449
0.2836996163
0.2810194018
0.2743947910
0.2613565466
0.2414915947
0.2166780739
0.1918984923
0.1727813230
0.1595271234
0.1457159649
0.1258151038
0.1010257907
0.0758869310
0.0525167200
0.0298466523
0.0064060716
-0.0171152484
-0.0388221412
-0.0578434661
-0.0747406879
-0.0892763710
-0.0987705705
-0.1003409747
-0.0953712080
-0.0890502937
-0.0845811963
-0.0812525883
-0.0770754078
-0.0698362815
-0.0579398052
-0.0435259277
-0.0325518607
-0.0298722758
-0.0348885982
-0.0411620022
-0.0398299643
-0.0263491501
-0.0047530671
0.0155656383
0.0264711954
0.0258858843
0.0191144073
0.0152276707
0.0191028192
0.0261391031
0.0273048048
0.0194269784
0.0080225170
0.0010730563
0.0020849722
0.0086766209
0.0166854625
0.0259546963
0.0413830526
0.0666244780
0.0973057419
0.1240986914
0.1418369716
0.1508742050
0.1516112362
0.1437021200
0.1302518408
0.1188232857
0.1176524216
0.1304022726
0.1526269086
0.1734524223
0.1826172234
0.1769711976
0.1600217524
0.1371894885
0.1123192064
0.0870455292
0.0619804521
0.0369478537
0.0101134604
-0.0203116110
-0.0523346144
-0.0797849632
-0.0966365925
-0.1018455916
-0.1005917534
-0.1013411221
-0.1105458535
-0.1279414294
-0.1475464759
-0.1643136102
-0.1775863978
-0.1882734153
-0.1960100682
-0.1998409787
-0.1990971499
-0.1933702740
-0.1834275065
-0.1721025357
-0.1624064275
-0.1541419435
-0.1436669700
-0.1279701692
-0.1074658108
-0.0829934465
-0.0538402330
-0.0211520754
0.0111307775
0.0408248303
0.0691429638
0.0964182461
0.1202697681
0.1393391974
0.1538199520
0.1617817001
0.1600445940
0.1495291875
0.1368294382
0.1298032230
0.1316092677
0.1380516302
0.1406664640
0.1325739603
0.1115971866
0.0807396154
0.0480248269
0.0217284437
0.0027085255
-0.0146320113
-0.0326636760
-0.0481038831
-0.0602234427
-0.0741431343
-0.0944530409
-0.1199453660
-0.1451103353
-0.1638322293
-0.1725288965
-0.1709717970
-0.1615191679
-0.1489551756
-0.1384282303
-0.1314804050
-0.1255228896
-0.1178060325
-0.1078347566
-0.0960907920
-0.0828225418
-0.0687623467
-0.0563212930
-0.0474340127
-0.0401617763
-0.0310023036
-0.0204497465
-0.0127020532
-0.0101612776
-0.0122753380
-0.0193755795
-0.0325179368
-0.0487855095
-0.0612592369
-0.0657472924
-0.0635032284
-0.0576419344
-0.0519591677
-0.0520635650
-0.0620395011
-0.0783323961
-0.0899639079
-0.0866362266
-0.0677037639
-0.0438654515
-0.0280525864
-0.0231002115
-0.0210424363
-0.0145850587
-0.0052416406
0.0009379344
0.0021282531
0.0023548601
0.0073103073
0.0205143906
0.0415236728
0.0649762372
0.0831051638
0.0918595069
0.0944529213
0.0989657745
0.1117865868
0.1305700438
0.1441721419
0.1432418206
0.1304233819
0.1171757158
0.1110270405
0.1099326020
0.1091175108
0.1080355952
0.1095101875
0.1157214897
0.1261667150
0.1379816757
0.1480872861
0.1549855278
0.1587123040
0.1601730586
0.1608059062
0.1615999735
0.1610015823
0.1551517490
0.1421501961
0.1260706373
0.1148954035
0.1126101696
0.1140631574
0.1112320262
0.1034457835
0.0970422561
0.0950325424
0.0924476769
0.0828674815
0.0664176177
0.0498331665
0.0403126812
0.0402004316
0.0461417373
0.0525076289
0.0553685412
0.0545334108
0.0529639800
0.0539769409
0.0579336770
0.0610689367
0.0578429165
0.0454130469
0.0257898187
0.0043127768
-0.0142694086
-0.0291653091
-0.0442625132
-0.0641604400
-0.0878892566
-0.1087229528
-0.1212029497
-0.1262669890
-0.1290777047
-0.1340253773
-0.1422787931
-0.1521127611
-0.1600589956
-0.1630045408
-0.1612715687
-0.1591020162
-0.1596001703
-0.1597597409
-0.1531052607
-0.1364706238
-0.1123622329
-0.0864580296
-0.0639889974
-0.0464915649
-0.0299248299
-0.0077395260
0.0207393786
0.0470718598
0.0614291128
0.0614955299
0.0531363386
0.0445805947
0.0415512531
0.0455143889
0.0537197381
0.0617133098
0.0661758236
0.0649935882
0.0558646671
0.0375433922
0.0142093288
-0.0047417226
-0.0130701285
-0.0147024595
-0.0191248620
-0.0311964519
-0.0478473376
-0.0623805232
-0.0690347320
-0.0657900059
-0.0573765021
-0.0535534516
-0.0602064944
-0.0737242419
-0.0844458935
-0.0839822414
-0.0707016725
-0.0511263972
-0.0351985515
-0.0289674159
-0.0321219261
-0.0413332595
-0.0527010774
-0.0618060663
-0.0653874536
-0.0634691064
-0.0580954763
-0.0506001532
-0.0410282911
-0.0300489320
-0.0204654038
-0.0160154659
-0.0179779412
-0.0235551593
-0.0293966399
-0.0355074454
-0.0428266684
-0.0478468351
-0.0432209251
-0.0245195159
0.0041743144
0.0314900746
0.0469927815
0.0485705124
0.0418545627
0.0334149122
0.0253357274
0.0159779460
0.0036923789
-0.0108832131
-0.0249612380
-0.0344828112
-0.0354676299
-0.0275253144
-0.0167040180
-0.0126682230
-0.0211739036
-0.0393658714
-0.0585942902
-0.0714318931
-0.0765374651
-0.0778033089
-0.0795600998
-0.0823304836
-0.0833025699
-0.0800040257
-0.0724094937
-0.0616394674
-0.0480349827
-0.0318471189
-0.0145709139
0.0016286111
0.0157954529
0.0285667827
0.0403582573
0.0496877281
0.0536990543
0.0511503319
0.0458440491
0.0465582965
0.0602569725
0.0839581694
0.1058013531
0.1152971930
0.1109776037
0.0987706798
0.0855885465
0.0749218015
0.0655256447
0.0527410860
0.0329728784
0.0075176636
-0.0188551443
-0.0409636755
-0.0536083430
-0.0540864902
-0.0464832227
-0.0397791876
-0.0389141912
-0.0409129173
-0.0417722065
-0.0425075969
-0.0451801733
-0.0472014891
-0.0436119914
-0.0327617212
-0.0177544263
-0.0034600120
0.0064550376
0.0106049118
0.0106212492
0.0097808691
0.0097367430
0.0102992092
0.0128430179
0.0196157567
0.0292413559
0.0375835542
0.0433132994
0.0488872838
0.0552135470
0.0593576793
0.0591773151
0.0565996851
0.0545698573
0.0532096131
0.0507380220
0.0471084503
0.0453716005
0.0490241565
0.0584883612
0.0701269465
0.0788962860
0.0829888049
0.0858450330
0.0930781413
0.1069110475
0.1248296232
0.1439141106
0.1636599921
0.1837515325
0.2021141175
0.2169834195
0.2295456667
0.2414508811
0.2495181069
0.2460227470
0.2261395190
0.1943080433
0.1622224402
0.1404674260
0.1308841373
0.1262759050
0.1183810661
0.1057326584
0.0934212383
0.0860913821
0.0834619796
0.0823205569
0.0798740606
0.0746602891
0.0674085933
0.0608014678
0.0566378451
0.0546532854
0.0552584210
0.0600462471
0.0679123706
0.0737999332
0.0730203832
0.0656950944
0.0537761496
0.0359948214
0.0111998451
-0.0152342274
-0.0338222236
-0.0397203008
-0.0355593500
-0.0269103685
-0.0184516827
-0.0127317349
-0.0085946080
-0.0024261496
0.0070978163
0.0175109277
0.0262132866
0.0333148313
0.0396999404
0.0449413241
0.0488160923
0.0532284768
0.0608118392
0.0721185280
0.0852337450
0.0975321507
0.1070590892
0.1126120634
0.1139259720
0.1122701550
0.1105318835
0.1110109765
0.1134685042
0.1163177892
0.1179431025
0.1155208199
0.1065384910
0.0937884914
0.0843424681
0.0814159976
0.0816942665
0.0805206220
0.0743605775
0.0600509063
0.0375676911
0.0122115471
-0.0101388582
-0.0278866174
-0.0423665624
-0.0537328690
-0.0603128383
-0.0616048306
-0.0597805327
-0.0574108536
-0.0556141483
-0.0547124598
-0.0546887850
-0.0547966681
-0.0541330954
-0.0525706892
-0.0511504351
-0.0513523787
-0.0532793343
-0.0548586199
-0.0529351453
-0.0453899181
-0.0322626953
-0.0163808248
-0.0037984012
-0.0007437311
-0.0080276946
-0.0186978436
-0.0230985431
-0.0169404005
-0.0032528610
0.0125124940
0.0261497053
0.0353352654
0.0409920527
0.0475614601
0.0588808741
0.0738455080
0.0869475084
0.0922696064
0.0861498428
0.0692032722
0.0477931368
0.0307038693
0.0230635882
0.0240725999
0.0291034862
0.0338155803
0.0367063382
0.0375359596
0.0348466940
0.0270094495
0.0149415090
0.0018707322
-0.0096722756
-0.0199544848
-0.0311305740
-0.0447013813
-0.0600534031
-0.0754000650
-0.0900535466
-0.1050291443
-0.1204069769
-0.1342661642
-0.1465229440
-0.1607976256
-0.1795999150
-0.2013378288
-0.2236811517
-0.2450241090
-0.2618214839
-0.2693158770
-0.2658959316
-0.2534527791
-0.2348331157
-0.2134934508
-0.1936237946
-0.1762705230
-0.1558394487
-0.1251992145
-0.0846458694
-0.0420867446
-0.0054586654
0.0212697305
0.0368768044
0.0432170843
0.0457175105
0.0480642919
0.0471593844
0.0385866268
0.0261508498
0.0196830542
0.0232649126
0.0318359981
0.0398983303
0.0487960130
0.0638996005
0.0874944748
0.1166869690
0.1476723424
0.1790540270
0.2087989516
0.2312190308
0.2393134701
0.2302815279
0.2078430409
0.1796968417
0.1535785031
0.1341808485
0.1231109583
0.1212317138
0.1257096404
0.1238651329
0.0970144638
0.0367709931
-0.0435768477
-0.1187920980
-0.1727002009
-0.2057354553
-0.2252353698
-0.2352758634
-0.2370198980
-0.2350112058
-0.2374295158
-0.2464872706
-0.2522824144
-0.2428153092
-0.2194490774
-0.1952238702
-0.1773248937
-0.1589239454
-0.1286241649
-0.0826522681
-0.0288061690
0.0178760958
0.0452632764
0.0528427433
0.0503348339
0.0481441925
0.0514364159
0.0628011532
0.0843156506
0.1137155073
0.1434421321
0.1671386033
0.1844825095
0.1985448758
0.2091541990
0.2025588669
0.1575134323
0.0927103603
0.0727834125
0.0912874673
0.0413351516
-0.0824835308
-0.1612541277
-0.1985122176
-0.2761378084
-0.2600372871
-0.1004028508
0.0106494117
-0.0671458704
-0.1358939135
-0.0978500625
-0.0248606218
0.0221838089
0.0479364806
0.0480080758
0.0345833281
0.0303822709
0.0349371224
0.0398107207
0.0474921377
0.0629437532
0.0865810069
0.1146286618
0.1395235531
0.1534344016
0.1538208924
0.1446539932
0.1309895591
0.1137532603
0.0925348626
0.0697174867
0.0474429467
0.0239192816
-0.0027420989
-0.0282976949
-0.0454651333
-0.0537177391
-0.0608026167
-0.0738436180
-0.0936407303
-0.1163237210
-0.1360926603
-0.1470874131
-0.1470686710
-0.1406609187
-0.1356163484
-0.1346214605
-0.1326761142
-0.1227960258
-0.1030447895
-0.0776669403
-0.0530209610
-0.0326249655
-0.0166304107
-0.0043305778
0.0047682930
0.0117484304
0.0177232831
0.0223019944
0.0241379743
0.0229564609
0.0197385498
0.0154728993
0.0100416790
0.0014982313
-0.0118517523
-0.0268474831
-0.0366220033
-0.0392744539
-0.0420556877
-0.0536168557
-0.0744112981
-0.0975991672
-0.1169446842
-0.1306268246
-0.1392098155
-0.1439783807
-0.1464325696
-0.1466473230
-0.1433117758
-0.1363216187
-0.1270755157
-0.1161955450
-0.1036032691
-0.0894966962
-0.0737195424
-0.0562820007
-0.0391755768
-0.0255082433
-0.0168465742
-0.0135063524
-0.0155884069
-0.0211648533
-0.0253592904
-0.0237785942
-0.0169698005
-0.0103320382
-0.0095381081
-0.0160985275
-0.0272576239
-0.0401721427
-0.0539171421
-0.0662782248
-0.0731323620
-0.0730411004
-0.0680082144
-0.0592444280
-0.0467685012
-0.0326647670
-0.0204829553
-0.0117640629
-0.0052859726
0.0005137116
0.0060372350
0.0115505649
0.0186771652
0.0292258957
0.0436754763
0.0617747626
0.0823451985
0.1021164157
0.1165510895
0.1221614586
0.1171866289
0.1007483323
0.0747578578
0.0466256020
0.0256970810
0.0154153702
0.0114028502
0.0084013907
0.0057658485
0.0050668519
0.0060574983
0.0074182903
0.0076761711
0.0043434164
-0.0035871215
-0.0124571804
-0.0178181512
-0.0211493071
-0.0282378216
-0.0403670170
-0.0508493793
-0.0501238830
-0.0323036873
-0.0008664733
0.0302197839
0.0455653186
0.0413423995
0.0271954677
0.0158147276
0.0124783042
0.0132306062
0.0113925338
0.0049455409
-0.0025295592
-0.0062391928
-0.0035405046
0.0062608321
0.0218242046
0.0383377626
0.0484367966
0.0462585214
0.0320144524
0.0134340862
0.0006961558
-0.0015178863
0.0041155977
0.0129524008
0.0228760672
0.0338545784
0.0460398178
0.0591235112
0.0711538325
0.0782393969
0.0788261632
0.0772274060
0.0793917948
0.0857331680
0.0913058372
0.0921181592
0.0885823263
0.0846315910
0.0850318082
0.0924994187
0.1053488305
0.1171771911
0.1200254273
0.1096549445
0.0892914398
0.0689865751
0.0590621781
0.0604350234
0.0635421034
0.0598178779
0.0508745734
0.0441340957
0.0434918180
0.0471025846
0.0509299253
0.0512955074
0.0464215714
0.0386252769
0.0335575778
0.0350120818
0.0416457692
0.0495877260
0.0565489804
0.0613050179
0.0626467925
0.0625159075
0.0659834619
0.0750073351
0.0852747044
0.0919444542
0.0946574644
0.0948324517
0.0925208017
0.0882519229
0.0839668125
0.0803026802
0.0754823842
0.0677272816
0.0569826302
0.0446030879
0.0322521418
0.0204876716
0.0081308876
-0.0063321152
-0.0230312531
-0.0411592520
-0.0599931641
-0.0780353491
-0.0918217746
-0.0973254039
-0.0930510527
-0.0798172460
-0.0586141352
-0.0312873585
-0.0026940917
0.0212411515
0.0381057607
0.0493690044
0.0573621523
0.0644672916
0.0735247661
0.0863040990
0.1016767920
0.1163690880
0.1279802746
0.1359968487
0.1403670914
0.1409962579
0.1387899920
0.1351450928
0.1297313361
0.1193917112
0.1005736616
0.0737256699
0.0440860265
0.0182293442
0.0003670354
-0.0092591142
-0.0137598442
-0.0180242817
-0.0260316119
-0.0375375898
-0.0480433582
-0.0540806473
-0.0574027685
-0.0626621669
-0.0724824243
-0.0859946178
-0.1001012088
-0.1110181115
-0.1149377709
-0.1087634747
-0.0910809166
-0.0632494320
-0.0309650880
-0.0013921230
0.0221750649
0.0392615990
0.0476481456
0.0449480515
0.0340488124
0.0224774983
0.0167600525
0.0184835142
0.0248795738
0.0316828759
0.0352154778
0.0343940493
0.0316232052
0.0305688794
0.0321215132
0.0344414452
0.0363059851
0.0365072868
0.0312186262
0.0164667094
-0.0047163059
-0.0203745246
-0.0181115515
0.0046167844
0.0399315951
0.0760977379
0.1025135847
0.1119070505
0.1026008718
0.0799787791
0.0542608231
0.0348722703
0.0250477975
0.0212802156
0.0181793243
0.0136735598
0.0098775225
0.0095576046
0.0119354229
0.0126209148
0.0080011489
-0.0006050705
-0.0076306654
-0.0091714805
-0.0075571454
-0.0085808395
-0.0143701233
-0.0206537165
-0.0210182760
-0.0125948455
0.0019919540
0.0157726088
0.0211056936
0.0146004684
-0.0004686507
-0.0172860811
-0.0304061550
-0.0363545389
-0.0324422978
-0.0186703573
-0.0005678472
0.0138465006
0.0211073223
0.0238560183
0.0251707921
0.0248338389
0.0214264305
0.0147878243
0.0057216481
-0.0040524086
-0.0106311915
-0.0094114573
0.0011946776
0.0173997847
0.0312177400
0.0348971322
0.0261699894
0.0106866196
-0.0025649057
-0.0091078192
-0.0110146657
-0.0119460394
-0.0124974720
-0.0113638895
-0.0089684620
-0.0073955354
-0.0071126681
-0.0064601869
-0.0053439970
-0.0070410870
-0.0139957709
-0.0238462242
-0.0319569934
-0.0367452468
-0.0396868719
-0.0412948030
-0.0402069908
-0.0353435291
-0.0272142689
-0.0180583957
-0.0111852072
-0.0077291060
-0.0046201835
0.0008512918
0.0061239543
0.0060168332
-0.0009725708
-0.0115625383
-0.0210175980
-0.0261165849
-0.0279461224
-0.0321942142
-0.0448393960
-0.0661509095
-0.0888019571
-0.1032517473
-0.1053585217
-0.0982323401
-0.0879943726
-0.0796971686
-0.0751975579
-0.0722632743
-0.0660122089
-0.0526808862
-0.0329331206
-0.0111059262
0.0084224320
0.0240684820
0.0373658900
0.0503295098
0.0633517138
0.0755132829
0.0853489816
0.0906542411
0.0897542299
0.0837394664
0.0752012319
0.0650350541
0.0528628074
0.0396649809
0.0272096159
0.0160953501
0.0064126149
-0.0005755572
-0.0034401834
-0.0028803863
-0.0018776188
-0.0031383037
-0.0070072467
-0.0125462009
-0.0206204090
-0.0339755106
-0.0527380891
-0.0715549762
-0.0828559115
-0.0821583989
-0.0700206167
-0.0508740873
-0.0311407140
-0.0168863967
-0.0109787860
-0.0122739774
-0.0163877059
-0.0171096408
-0.0101929329
0.0026543156
0.0148504742
0.0203568959
0.0166263939
0.0041566829
-0.0123848743
-0.0235627447
-0.0213514884
-0.0070391323
0.0093252921
0.0184614479
0.0190670289
0.0154709588
0.0112272014
0.0066289446
0.0000813939
-0.0096092299
-0.0214471651
-0.0316454546
-0.0346234825
-0.0267380499
-0.0095837006
0.0110429621
0.0292011429
0.0416255009
0.0473841677
0.0472586228
0.0435748047
0.0388409502
0.0339196550
0.0279140200
0.0203438469
0.0128774361
0.0086819385
0.0100758814
0.0164690583
0.0242287903
0.0285958746
0.0264850436
0.0182648636
0.0068865944
-0.0044741471
-0.0136221009
-0.0195114430
-0.0230293042
-0.0273545782
-0.0354720625
-0.0466794004
-0.0573126531
-0.0649399422
-0.0705430249
-0.0767740664
-0.0849497896
-0.0931971553
-0.0978731884
-0.0969986665
-0.0921109255
-0.0868505693
-0.0837925695
-0.0832544066
-0.0838170799
-0.0824376062
-0.0756467775
-0.0624836375
-0.0464212548
-0.0334848696
-0.0271626192
-0.0250830653
-0.0212633874
-0.0118984981
0.0010973319
0.0125375932
0.0193556088
0.0221577588
0.0228812292
0.0237141266
0.0273888212
0.0354663473
0.0450293804
0.0498905151
0.0468219296
0.0391022903
0.0332823577
0.0329637699
0.0357820942
0.0357387596
0.0288002405
0.0165087634
0.0034989408
-0.0076553977
-0.0168129562
-0.0224096101
-0.0222513740
-0.0185335827
-0.0169104877
-0.0194297465
-0.0224282439
-0.0227498761
-0.0223535010
-0.0253611967
-0.0334293695
-0.0439541665
-0.0514846967
-0.0519767266
-0.0469593355
-0.0416244345
-0.0388262041
-0.0372066876
-0.0351897932
-0.0339550040
-0.0348847539
-0.0363037990
-0.0346001762
-0.0276681255
-0.0171983941
-0.0068996638
0.0016137279
0.0096420180
0.0189563029
0.0293891520
0.0380562326
0.0405994273
0.0348210327
0.0238061130
0.0143108125
0.0107584256
0.0115861306
0.0114785100
0.0059261288
-0.0053040792
-0.0173346745
-0.0240770435
-0.0246987475
-0.0249928618
-0.0309162715
-0.0428089667
-0.0563385692
-0.0661189396
-0.0682363841
-0.0626337957
-0.0543372036
-0.0500296960
-0.0520899715
-0.0569108130
-0.0582474355
-0.0522835061
-0.0407845612
-0.0296289054
-0.0235760791
-0.0232221204
-0.0266599560
-0.0312221953
-0.0338209144
-0.0315558536
-0.0236088576
-0.0124115305
-0.0020209846
0.0046880353
0.0074958895
0.0076945305
0.0052609154
-0.0018079370
-0.0145580444
-0.0307451335
-0.0472631712
-0.0632376891
-0.0788615947
-0.0921136928
-0.0991195651
-0.0972411267
-0.0878024842
-0.0761884071
-0.0678076560
-0.0633339736
-0.0592212369
-0.0523850756
-0.0419311233
-0.0284365709
-0.0144802840
-0.0040805977
0.0012621563
0.0051214862
0.0118650012
0.0212837148
0.0302335811
0.0366449939
0.0383581246
0.0308967533
0.0112380999
-0.0161996194
-0.0410792257
-0.0543848593
-0.0531073239
-0.0413835321
-0.0291305041
-0.0255490665
-0.0310601831
-0.0375494585
-0.0376335781
-0.0309150078
-0.0208798885
-0.0109226748
-0.0045461148
-0.0049699479
-0.0121339014
-0.0214634280
-0.0264911004
-0.0239714719
-0.0177701313
-0.0159570663
-0.0230917531
-0.0360755105
-0.0474273406
-0.0518934343
-0.0486756007
-0.0397724014
-0.0292926403
-0.0222979673
-0.0212160583
-0.0238817070
-0.0263774132
-0.0269684954
-0.0264781148
-0.0267696393
-0.0301115409
-0.0376526617
-0.0474701600
-0.0556034609
-0.0596292357
-0.0599464925
-0.0585198998
-0.0571181791
-0.0567385989
-0.0577516537
-0.0592404757
-0.0585068639
-0.0523772565
-0.0400341132
-0.0236634324
-0.0061692929
0.0098194093
0.0213912515
0.0268667766
0.0277709507
0.0263865281
0.0217246439
0.0108896243
-0.0060891838
-0.0252985808
-0.0426900454
-0.0570287392
-0.0692896886
-0.0804393514
-0.0900172260
-0.0960110976
-0.0968497008
-0.0926042425
-0.0843261006
-0.0737717535
-0.0634104118
-0.0551608056
-0.0485043268
-0.0408697093
-0.0301001351
-0.0162909768
-0.0011622993
0.0134671142
0.0251994462
0.0309199512
0.0295809258
0.0235695118
0.0158077156
0.0071641290
-0.0020095224
-0.0100689585
-0.0162587407
-0.0223151689
-0.0295455521
-0.0360952327
-0.0384067455
-0.0342882935
-0.0251973411
-0.0159898922
-0.0115911513
-0.0134814552
-0.0191224007
-0.0244045241
-0.0263010886
-0.0238632800
-0.0183114247
-0.0120332992
-0.0072607789
-0.0047686576
-0.0033259936
-0.0005673045
0.0047621857
0.0110800105
0.0152504082
0.0156946053
0.0136939296
0.0117897186
0.0111223587
0.0106572587
0.0084519535
0.0033676795
-0.0040893448
-0.0122786693
-0.0188976615
-0.0220142930
-0.0218211833
-0.0213166100
-0.0240536141
-0.0304889242
-0.0371456309
-0.0401205192
-0.0382334421
-0.0325504453
-0.0247339416
-0.0157664479
-0.0060013590
0.0034169972
0.0105869133
0.0149476204
0.0185906659
0.0241890001
0.0321536929
0.0401435495
0.0455256139
0.0475514913
0.0469459818
0.0448156174
0.0426174389
0.0417766867
0.0414789639
0.0384435251
0.0304911506
0.0193679463
0.0093767393
0.0034706771
0.0008628174
-0.0017459812
-0.0066693461
-0.0132944885
-0.0195631494
-0.0240765748
-0.0259173368
-0.0245839701
-0.0214833469
-0.0191975004
-0.0180401530
-0.0155301272
-0.0098997545
-0.0022471462
0.0053803414
0.0120381762
0.0171088792
0.0199253614
0.0210447153
0.0219171204
0.0239451427
0.0279567573
0.0339397579
0.0405119243
0.0452875621
0.0462782027
0.0434215286
0.0388964944
0.0359140527
0.0365428513
0.0399142119
0.0423304445
0.0400403596
0.0326437464
0.0237037405
0.0180873181
0.0182347219
0.0229793065
0.0293059066
0.0339427101
0.0343777330
0.0304146605
0.0243637331
0.0192969761
0.0171241387
0.0175415487
0.0181725503
0.0162989640
0.0122691192
0.0099557936
0.0123614528
0.0188263619
0.0262422199
0.0312008531
0.0320101341
0.0302776736
0.0295564472
0.0317365306
0.0353013251
0.0379019631
0.0389780152
0.0388774723
0.0376027583
0.0354283389
0.0334252783
0.0327022200
0.0334635515
0.0348667187
0.0354555241
0.0340970598
0.0315122398
0.0302687657
0.0320772667
0.0354340025
0.0371432645
0.0357709115
0.0324167378
0.0285064662
0.0247862143
0.0217303567
0.0193101489
0.0163898828
0.0119310266
0.0065988972
0.0020751911
-0.0006114492
-0.0022471615
-0.0042507399
-0.0064627918
-0.0067904568
-0.0035521760
0.0029608130
0.0115437174
0.0207210450
0.0285597279
0.0339816679
0.0378177597
0.0413929086
0.0449007735
0.0478517103
0.0497125572
0.0494256551
0.0459202734
0.0394434889
0.0316739402
0.0246670332
0.0198139354
0.0173703177
0.0157614592
0.0120574723
0.0048622784
-0.0037152214
-0.0099759204
-0.0116813612
-0.0089263089
-0.0034835205
0.0021889871
0.0057975728
0.0063363011
0.0054551199
0.0064864212
0.0110724610
0.0171704229
0.0209795603
0.0212813275
0.0207252131
0.0225097486
0.0262119727
0.0282564387
0.0259528960
0.0194094823
0.0111102902
0.0044342269
0.0014426222
0.0010202084
-0.0004768871
-0.0058039369
-0.0150483273
-0.0263430759
-0.0369253015
-0.0446688189
-0.0495929332
-0.0528400268
-0.0547591122
-0.0551395566
-0.0538952022
-0.0506250898
-0.0453317903
-0.0393863735
-0.0337147158
-0.0263200925
-0.0136795516
0.0048877815
0.0260607449
0.0449769010
0.0580521431
0.0652663912
0.0699526850
0.0753821954
0.0815187111
0.0858558853
0.0867133394
0.0844721789
0.0798209381
0.0730989180
0.0654341470
0.0580671324
0.0509274670
0.0429187831
0.0332766105
0.0227885794
0.0138433992
0.0083291107
0.0061677358
0.0060321283
0.0066018679
0.0070509344
0.0072329106
0.0077831990
0.0093195943
0.0112015539
0.0117079009
0.0101565944
0.0076666351
0.0060715671
0.0065993642
0.0087891348
0.0106311250
0.0102228311
0.0079786935
0.0067511189
0.0087500803
0.0128617979
0.0153230646
0.0128229606
0.0057790957
-0.0020291050
-0.0071060564
-0.0087132187
-0.0087116113
-0.0098194396
-0.0135038197
-0.0187019207
-0.0226503826
-0.0229501479
-0.0187862510
-0.0111213729
-0.0029163866
0.0021409334
0.0029242119
0.0022185382
0.0047318885
0.0133750931
0.0267258916
0.0395226367
0.0467005304
0.0471412303
0.0434605799
0.0386547789
0.0334298785
0.0270572709
0.0195615892
0.0122440742
0.0058850315
0.0001421702
-0.0051643355
-0.0099558052
-0.0144199038
-0.0186179290
-0.0219925543
-0.0232880467
-0.0215382098
-0.0175502700
-0.0137561727
-0.0118369140
-0.0102217601
-0.0057012665
0.0030653214
0.0148680924
0.0271686932
0.0372995105
0.0438062019
0.0471343744
0.0487848436
0.0501536572
0.0526134509
0.0567766055
0.0612756321
0.0632828269
0.0609041319
0.0557764540
0.0526019279
0.0546495722
0.0600223406
0.0630456049
0.0593428192
0.0488187338
0.0342522224
0.0182969774
0.0014521311
-0.0177841389
-0.0395767628
-0.0603120863
-0.0751039615
-0.0826341071
-0.0849930832
-0.0836082520
-0.0789539424
-0.0728354615
-0.0671221966
-0.0608114238
-0.0512503352
-0.0376475156
-0.0210389903
-0.0029298648
0.0146233638
0.0296251712
0.0424647818
0.0559489231
0.0716380555
0.0869359749
0.0974825591
0.1008570478
0.0972511433
0.0883978399
0.0766612299
0.0639246055
0.0506646636
0.0364868025
0.0211821535
0.0053776224
-0.0099264705
-0.0237515112
-0.0350253635
-0.0425504462
-0.0456898993
-0.0453904556
-0.0432502694
-0.0401962272
-0.0368602191
-0.0343002400
-0.0327563858
-0.0303286017
-0.0252813370
-0.0179932280
-0.0094028349
0.0004351066
0.0112388526
0.0218459062
0.0307422543
0.0369376917
0.0406429849
0.0432902354
0.0465359137
0.0506218251
0.0539433259
0.0541321509
0.0496861535
0.0413206684
0.0320568964
0.0258017517
0.0243938361
0.0253111819
0.0230282749
0.0136611995
-0.0008291846
-0.0139231178
-0.0202377373
-0.0193040426
-0.0143178965
-0.0091809203
-0.0065358461
-0.0064516586
-0.0065293588
-0.0040133342
0.0022484520
0.0113774287
0.0214298757
0.0303524117
0.0362019529
0.0376826894
0.0349024742
0.0302400675
0.0268974207
0.0255097323
0.0231777495
0.0165937725
0.0058957220
-0.0058012935
-0.0158162286
-0.0230338752
-0.0264631721
-0.0249394534
-0.0192660275
-0.0129561001
-0.0095225974
-0.0092281306
-0.0090631765
-0.0058175470
0.0013672601
0.0106878082
0.0195418826
0.0264735108
0.0313251453
0.0344770836
0.0365542403
0.0388350724
0.0423158611
0.0460373072
0.0475028452
0.0444314036
0.0366043917
0.0264193301
0.0175084846
0.0125202364
0.0112745740
0.0110234189
0.0087439249
0.0030440658
-0.0057055891
-0.0153614885
-0.0231136925
-0.0274271296
-0.0286176426
-0.0278674317
-0.0267868939
-0.0270797371
-0.0288997294
-0.0299395700
-0.0273480731
-0.0208155609
-0.0121853770
-0.0032036826
0.0050444072
0.0117207474
0.0163406762
0.0193224745
0.0215648595
0.0235835978
0.0256750315
0.0283001188
0.0310765403
0.0324408552
0.0316709862
0.0297282755
0.0281619853
0.0272496575
0.0259950337
0.0234151460
0.0187947206
0.0116477282
0.0021118211
-0.0090564702
-0.0209362941
-0.0321207481
-0.0403530063
-0.0435948745
-0.0421169174
-0.0385947582
-0.0353492875
-0.0326374008
-0.0299747077
-0.0273948388
-0.0245937686
-0.0206031375
-0.0149978509
-0.0082420715
-0.0009415382
0.0067154199
0.0148259297
0.0233545560
0.0312750026
0.0361433188
0.0363197663
0.0334974930
0.0311885791
0.0305312295
0.0293361830
0.0257329453
0.0207343706
0.0164464800
0.0131098982
0.0089547744
0.0026250234
-0.0047068578
-0.0103352559
-0.0128486105
-0.0125658365
-0.0108333172
-0.0099790842
-0.0119624466
-0.0164214159
-0.0211689237
-0.0245394721
-0.0265375982
-0.0280681062
-0.0298325447
-0.0322825180
-0.0353517883
-0.0376420037
-0.0369337849
-0.0325944345
-0.0269366313
-0.0234397676
-0.0236689503
-0.0258856905
-0.0267653957
-0.0240530405
-0.0177472946
-0.0101428305
-0.0049885249
-0.0041466589
-0.0053118920
-0.0048534040
-0.0019313884
0.0013002410
0.0024697977
0.0006129455
-0.0038759311
-0.0099690662
-0.0168090822
-0.0237101577
-0.0298703699
-0.0342775170
-0.0361937325
-0.0358180677
-0.0342565791
-0.0326934910
-0.0316511847
-0.0316973322
-0.0335805485
-0.0367302258
-0.0385335802
-0.0369494878
-0.0328996166
-0.0288890580
-0.0259951856
-0.0234142649
-0.0202442759
-0.0162046566
-0.0113163050
-0.0066656213
-0.0046284419
-0.0064339074
-0.0102681452
-0.0130028401
-0.0130491592
-0.0105035292
-0.0063856322
-0.0022792241
0.0005612002
0.0019443507
0.0026104567
0.0033576147
0.0045943492
0.0063065102
0.0078019035
0.0079940003
0.0064846493
0.0040517594
0.0015997699
-0.0011236550
-0.0048625668
-0.0095358733
-0.0141614649
-0.0178803779
-0.0210518821
-0.0249421383
-0.0300603901
-0.0355384525
-0.0402884653
-0.0441454400
-0.0471852114
-0.0489853252
-0.0492912989
-0.0483132114
-0.0458992563
-0.0414766429
-0.0358496630
-0.0317468008
-0.0310025011
-0.0323297314
-0.0324905950
-0.0289696354
-0.0216957722
-0.0131520398
-0.0069641959
-0.0055523251
-0.0086364358
-0.0133247594
-0.0159320495
-0.0144675003
-0.0101360096
-0.0060687361
-0.0049475803
-0.0073505251
-0.0118529768
-0.0167066533
-0.0204568792
-0.0223358238
-0.0230687180
-0.0248457232
-0.0298275148
-0.0375112550
-0.0446108770
-0.0477912680
-0.0462095993
-0.0417356266
-0.0372212279
-0.0344341268
-0.0334963152
-0.0336951944
-0.0344372705
-0.0349200558
-0.0338634406
-0.0300143085
-0.0230277342
-0.0143926074
-0.0067304030
-0.0019741969
-0.0004984084
-0.0014480568
-0.0034631972
-0.0055669017
-0.0076036184
-0.0101880072
-0.0140610591
-0.0188526622
-0.0226759228
-0.0240172574
-0.0239943003
-0.0253008760
-0.0292995032
-0.0349448088
-0.0401493540
-0.0435217691
-0.0445450484
-0.0434404891
-0.0415788626
-0.0407984208
-0.0419965174
-0.0442863043
-0.0455819009
-0.0438420899
-0.0386953451
-0.0322836413
-0.0280150709
-0.0278703250
-0.0306895608
-0.0330356927
-0.0316590600
-0.0253071955
-0.0152032147
-0.0043873764
0.0036453200
0.0066131223
0.0051738044
0.0028477042
0.0030414849
0.0061216276
0.0095623185
0.0104383181
0.0081913879
0.0057203905
0.0068072828
0.0122022089
0.0189883167
0.0235108559
0.0244581066
0.0229364983
0.0205353332
0.0180114088
0.0155362530
0.0133267439
0.0116550122
0.0107814727
0.0103448265
0.0087083880
0.0041718494
-0.0031920073
-0.0117106637
-0.0196715094
-0.0266270581
-0.0332727050
-0.0402697300
-0.0473938415
-0.0538750524
-0.0590788906
-0.0630012649
-0.0662184122
-0.0690831461
-0.0711144806
-0.0716739198
-0.0710992140
-0.0699119456
-0.0674120496
-0.0624094550
-0.0548231003
-0.0459048156
-0.0373253833
-0.0301025099
-0.0244835218
-0.0201097551
-0.0160272637
-0.0115659103
-0.0075773295
-0.0058317833
-0.0065869501
-0.0077140381
-0.0067755871
-0.0037375895
-0.0007115460
0.0000955021
-0.0020481583
-0.0059307443
-0.0094036213
-0.0110197094
-0.0110434630
-0.0110761892
-0.0127555685
-0.0162487849
-0.0200765197
-0.0225461414
-0.0232863372
-0.0230543759
-0.0222617564
-0.0208408053
-0.0192204685
-0.0184377720
-0.0189520084
-0.0200622905
-0.0206035644
-0.0195531156
-0.0161958661
-0.0110941205
-0.0061900807
-0.0030497169
-0.0014450396
-0.0001445103
0.0018178455
0.0045100526
0.0066054898
0.0058055834
0.0013519512
-0.0045179037
-0.0087076806
-0.0098532471
-0.0080867458
-0.0040128252
0.0016837595
0.0085347618
0.0160163292
0.0231492257
0.0285246370
0.0309576569
0.0304402543
0.0281771792
0.0256111906
0.0239477558
0.0237765069
0.0246948494
0.0253024831
0.0239742293
0.0203665326
0.0162326900
0.0135762216
0.0123097234
0.0104092653
0.0062476799
0.0004008349
-0.0052910527
-0.0091762226
-0.0100720673
-0.0076554768
-0.0029614285
0.0019469621
0.0052631494
0.0063494690
0.0060516049
0.0059099470
0.0065478414
0.0071792394
0.0065013761
0.0040949300
0.0004655641
-0.0033182047
-0.0055267844
-0.0048232508
-0.0018583160
0.0007575684
0.0008161064
-0.0011946626
-0.0027538094
-0.0017599154
0.0016252862
0.0051856469
0.0068968447
0.0065982192
0.0055304853
0.0049905871
0.0055057641
0.0067071632
0.0076682490
0.0074138719
0.0059387465
0.0048469164
0.0059273454
0.0095386164
0.0145253012
0.0196194966
0.0244771120
0.0294607479
0.0344720981
0.0387345310
0.0420273548
0.0451143528
0.0488237278
0.0528819458
0.0561455490
0.0574280606
0.0560646915
0.0524688573
0.0482955271
0.0452240587
0.0431487512
0.0399228027
0.0334684533
0.0239182486
0.0135941264
0.0058974688
0.0034698752
0.0063693381
0.0121736950
0.0181553849
0.0227167991
0.0255140715
0.0274571476
0.0299913773
0.0337647209
0.0380594902
0.0415070734
0.0432575970
0.0427420769
0.0396311123
0.0340986186
0.0265805649
0.0179101118
0.0101118948
0.0052922637
0.0035289648
0.0029214350
0.0020622057
0.0014568486
0.0018393528
0.0027416703
0.0031249477
0.0024030753
0.0007554047
-0.0012978840
-0.0032211422
-0.0043370774
-0.0039792960
-0.0017198421
0.0020011438
0.0058649534
0.0086338481
0.0102286528
0.0113224618
0.0124442903
0.0140315731
0.0169016045
0.0216236138
0.0273444238
0.0321583907
0.0347728946
0.0354020705
0.0353845209
0.0359048651
0.0370576422
0.0378898123
0.0370023648
0.0338421040
0.0294748843
0.0254914103
0.0226228697
0.0202566517
0.0173341191
0.0135530918
0.0095383680
0.0062015894
0.0039123681
0.0019210474
-0.0009200036
-0.0048381837
-0.0085533578
-0.0099313030
-0.0074258177
-0.0013697172
0.0059708311
0.0118991984
0.0154044359
0.0177053657
0.0205119965
0.0245416994
0.0295928374
0.0355129439
0.0420384021
0.0483543110
0.0533597500
0.0560316277
0.0558653323
0.0532792775
0.0497877956
0.0471126031
0.0458387904
0.0450014894
0.0432366062
0.0397512692
0.0343458269
0.0275584823
0.0204844281
0.0142138116
0.0094005542
0.0063350763
0.0047549947
0.0037398626
0.0025214801
0.0012852342
0.0005812491
0.0003184131
0.0006272512
0.0025299374
0.0062442227
0.0099772591
0.0115638544
0.0106336275
0.0084361959
0.0068752097
0.0075776486
0.0110556590
0.0162732795
0.0208880168
0.0227594894
0.0214891487
0.0183450588
0.0156304015
0.0155775788
0.0185825414
0.0228627924
0.0262855335
0.0278913945
0.0279261944
0.0271453853
0.0263218581
0.0256626295
0.0245757989
0.0228415588
0.0212975983
0.0210074712
0.0219364339
0.0229716162
0.0233056985
0.0235450662
0.0251063702
0.0287450605
0.0339360097
0.0385356979
0.0398279545
0.0369199508
0.0321253973
0.0290140775
0.0291278390
0.0312228434
0.0331935854
0.0336613776
0.0319761615
0.0284079695
0.0242167051
0.0205850609
0.0175148235
0.0144805465
0.0117069594
0.0098571461
0.0090163288
0.0086791920
0.0084725465
0.0085060059
0.0085170110
0.0076523434
0.0049884898
0.0003942954
-0.0050689573
-0.0093671627
-0.0105816829
-0.0085846058
-0.0054327387
-0.0033043321
-0.0022276532
-0.0009060476
0.0011109477
0.0028575388
0.0032330864
0.0023797817
0.0015250505
0.0024086928
0.0062365094
0.0129087832
0.0211177227
0.0290258130
0.0348134780
0.0373547798
0.0371948781
0.0362022539
0.0354709466
0.0342483075
0.0316381251
0.0277715228
0.0233552958
0.0192779312
0.0170639395
0.0180335562
0.0213009192
0.0235372975
0.0215923483
0.0148565515
0.0054355531
-0.0032094046
-0.0083514766
-0.0094661333
-0.0082553957
-0.0070997100
-0.0073900413
-0.0090459639
-0.0108251445
-0.0108336628
-0.0077892070
-0.0021420591
0.0041536834
0.0086772961
0.0101576349
0.0091048533
0.0077286855
0.0091141765
0.0150337762
0.0241379839
0.0323295224
0.0352499068
0.0314659381
0.0233067338
0.0146879297
0.0084900049
0.0054673672
0.0048102994
0.0052309921
0.0053957799
0.0039005415
0.0002784954
-0.0041783229
-0.0074787510
-0.0086467097
-0.0079172506
-0.0061973630
-0.0046735137
-0.0042499621
-0.0046234848
-0.0044597056
-0.0023120923
0.0021087801
0.0078230609
0.0132443436
0.0163776666
0.0156129520
0.0110720693
0.0044941069
-0.0019237445
-0.0061705340
-0.0068814074
-0.0043619414
-0.0006871225
0.0017563693
0.0019011888
0.0004635478
-0.0010603013
-0.0018400760
-0.0021901746
-0.0027171738
-0.0035942507
-0.0046802369
-0.0058307062
-0.0071630426
-0.0090427099
-0.0114976988
-0.0138950399
-0.0156103062
-0.0165059541
-0.0165233432
-0.0153496163
-0.0129402682
-0.0096666273
-0.0057141659
-0.0013599354
0.0025895117
0.0052816333
0.0067270630
0.0079595078
0.0097988781
0.0122447364
0.0144439645
0.0150625000
0.0133251109
0.0095286926
0.0050668994
0.0019262307
0.0018160739
0.0049186341
0.0096859638
0.0137909192
0.0151597336
0.0131404406
0.0088895331
0.0045086288
0.0015429953
-0.0000395917
-0.0013078461
-0.0033368477
-0.0065425409
-0.0099218308
-0.0117466049
-0.0115454354
-0.0104479424
-0.0102193631
-0.0121651340
-0.0166038987
-0.0226633864
-0.0284287343
-0.0316160869
-0.0306934309
-0.0258910175
-0.0193277276
-0.0133418729
-0.0090440822
-0.0065946451
-0.0057980569
-0.0060069166
-0.0059047115
-0.0039222283
0.0002773409
0.0047437441
0.0069392939
0.0061873741
0.0046853598
0.0055526329
0.0099736734
0.0158128528
0.0191381499
0.0174020536
0.0110651006
0.0028148802
-0.0042044285
-0.0084494306
-0.0104688205
-0.0121841357
-0.0154844487
-0.0207292449
-0.0262202194
-0.0295373548
-0.0295540447
-0.0269771411
-0.0232054921
-0.0191281241
-0.0147619198
-0.0098013884
-0.0040415050
0.0022703920
0.0080912957
0.0119282703
0.0133016245
0.0130918698
0.0129028285
0.0142548174
0.0171162055
0.0194899237
0.0192426924
0.0161346695
0.0115114189
0.0068656597
0.0029350251
-0.0002671674
-0.0032736082
-0.0064812459
-0.0061370784
-0.0081022808
-0.0090620451
-0.0097055861
-0.0102650923
-0.0106747636
-0.0109934555
-0.0108806323
-0.0097159779
-0.0076960108
-0.0057819527
-0.0046081153
-0.0041741927
-0.0040067887
-0.0034479357
-0.0022804089
-0.0012762274
-0.0014439688
-0.0027043374
-0.0039331878
-0.0043100150
-0.0037877557
-0.0023583606
0.0000907937
0.0031851927
0.0057558352
0.0066464859
0.0056643818
0.0034712711
0.0011470053
0.0001203819
0.0017936174
0.0059577607
0.0101296478
0.0115545850
0.0092821737
0.0043902618
-0.0008267140
-0.0043884470
-0.0060845077
-0.0072963587
-0.0096782000
-0.0139990546
-0.0198609150
-0.0260832641
-0.0313269591
-0.0346639444
-0.0360289117
-0.0361236618
-0.0354874836
-0.0340005532
-0.0311065404
-0.0266644608
-0.0216497056
-0.0174518999
-0.0146472114
-0.0126418288
-0.0102042655
-0.0067418500
-0.0028719065
0.0004753320
0.0031423264
0.0054501879
0.0074444673
0.0094802265
0.0122607862
0.0158213075
0.0191249338
0.0205443142
0.0193634989
0.0164724674
0.0141453726
0.0146166978
0.0180216152
0.0219887901
0.0236255607
0.0219437354
0.0186068978
0.0161038230
0.0153118151
0.0151153549
0.0136590938
0.0101027301
0.0052511251
0.0007033272
-0.0022725126
-0.0034743820
-0.0035551464
-0.0035804924
-0.0044339644
-0.0061808218
-0.0080714821
-0.0090750781
-0.0087648263
-0.0074700178
-0.0054890130
-0.0032626085
-0.0018243478
-0.0021631004
-0.0038213692
-0.0047084207
-0.0030248807
0.0007573279
0.0041452245
0.0044915525
0.0013706074
-0.0029407600
-0.0053479804
-0.0041045273
0.0004896610
0.0063889670
0.0106478091
0.0112804171
0.0088349275
0.0058056467
0.0042519352
0.0042783634
0.0047751984
0.0044266826
0.0025902306
-0.0003531597
-0.0032748277
-0.0049140772
-0.0047537092
-0.0031524683
-0.0010950266
0.0006396270
0.0018949060
0.0026487920
0.0027912486
0.0022874396
0.0014694820
0.0011783218
0.0022058292
0.0047540356
0.0084820068
0.0125546201
0.0154856237
0.0156018415
0.0124856185
0.0076465126
0.0034454115
0.0013701307
0.0012158903
0.0019402018
0.0027087837
0.0030039911
0.0025761385
0.0014859564
0.0001636394
-0.0004214071
0.0010243074
0.0046051479
0.0084864597
0.0102551404
0.0089251903
0.0054378350
0.0017644764
-0.0003798490
-0.0003090004
0.0012427292
0.0024198783
0.0016712474
-0.0010890417
-0.0047254778
-0.0080663122
-0.0101975310
-0.0101011693
-0.0078679190
-0.0052415786
-0.0040307862
-0.0044331552
-0.0049716267
-0.0038769752
-0.0003649733
0.0046912161
0.0091686238
0.0113133025
0.0110140398
0.0097276787
0.0089407550
0.0090237739
0.0094211445
0.0095183205
0.0091682563
0.0086122049
0.0079887077
0.0069691847
0.0053067183
0.0032384133
0.0015786358
0.0010301112
0.0012159196
0.0009886103
-0.0003870021
-0.0027084430
-0.0052397557
-0.0072876974
-0.0087105195
-0.0098728959
-0.0112750670
-0.0131941703
-0.0155709479
-0.0180877032
-0.0202587026
-0.0216654943
-0.0222030654
-0.0219841220
-0.0211426306
-0.0197897848
-0.0181780971
-0.0165481428
-0.0149793478
-0.0134152808
-0.0115125402
-0.0090226031
-0.0061453625
-0.0033198200
-0.0007529584
0.0016613714
0.0037977630
0.0050803434
0.0052420787
0.0048067463
0.0047094227
0.0056127876
0.0076381415
0.0104924453
0.0133982076
0.0153944037
0.0160448350
0.0155243219
0.0139973281
0.0114066448
0.0076672335
0.0027713685
-0.0029300499
-0.0085902852
-0.0131420380
-0.0159178704
-0.0170270913
-0.0174365876
-0.0182714543
-0.0200752563
-0.0224695674
-0.0244514944
-0.0253831637
-0.0255604509
-0.0256980838
-0.0260988519
-0.0262400938
-0.0250969477
-0.0222263142
-0.0182764850
-0.0146244665
-0.0123520218
-0.0113715245
-0.0108197788
-0.0100764897
-0.0090938295
-0.0079615751
-0.0065823361
-0.0048296566
-0.0027559087
-0.0005944669
0.0013269720
0.0028813672
0.0043878541
0.0061004819
0.0075069262
0.0077640611
0.0065565671
0.0043140053
0.0018343160
-0.0000557820
-0.0009316499
-0.0009058281
-0.0003325544
0.0005224043
0.0013770851
0.0017473199
0.0011418873
-0.0004999712
-0.0027055210
-0.0046333085
-0.0054358956
-0.0048889813
-0.0037871819
-0.0032519917
-0.0037548069
-0.0048396069
-0.0054909350
-0.0048983954
-0.0033954786
-0.0025272645
-0.0037294015
-0.0069015434
-0.0106223436
-0.0133599715
-0.0144027579
-0.0139925747
-0.0128792267
-0.0118736077
-0.0115844942
-0.0121480111
-0.0131919400
-0.0141045447
-0.0145915088
-0.0148550395
-0.0152715659
-0.0159560851
-0.0164677927
-0.0160519625
-0.0142770152
-0.0113180825
-0.0077796523
-0.0044507362
-0.0020287130
-0.0009519772
-0.0012133999
-0.0022111637
-0.0030750337
-0.0032799990
-0.0029813482
-0.0028109819
-0.0031496867
-0.0037728108
-0.0044172522
-0.0052531174
-0.0064804276
-0.0079802464
-0.0094624531
-0.0107710603
-0.0119419231
-0.0130604234
-0.0141211507
-0.0148591150
-0.0149031893
-0.0142247504
-0.0132702873
-0.0125553418
-0.0124343332
-0.0129376947
-0.0136449176
-0.0140327215
-0.0139469362
-0.0138270141
-0.0142061881
-0.0150605403
-0.0159223739
-0.0163268270
-0.0160810477
-0.0152623090
-0.0141766276
-0.0132237344
-0.0126022804
-0.0122329107
-0.0118989254
-0.0115461149
-0.0113450336
-0.0114592400
-0.0119236548
-0.0126264120
-0.0133675834
-0.0139280036
-0.0142129508
-0.0143345516
-0.0144837097
-0.0148539827
-0.0155595649
-0.0165563209
-0.0176813662
-0.0186735410
-0.0192085821
-0.0191415202
-0.0186881174
-0.0182093227
-0.0178377415
-0.0174608118
-0.0170426388
-0.0167980221
-0.0169714709
-0.0176232756
-0.0186477533
-0.0197737610
-0.0207301098
-0.0213610048
-0.0216556493
-0.0217577024
-0.0219145013
-0.0223007168
-0.0228606160
-0.0232968924
-0.0233150964
-0.0229047815
-0.0223533684
-0.0219884034
-0.0218674553
-0.0217477150
-0.0213254029
-0.0205658415
-0.0197629036
-0.0192713135
-0.0192192318
-0.0194914158
-0.0198731792
-0.0202222156
-0.0204767019
-0.0206587263
-0.0209000421
-0.0213069249
-0.0218189083
-0.0223533311
-0.0229495756
-0.0237142509
-0.0246419958
-0.0255878457
-0.0264024815
-0.0270359634
-0.0275603770
-0.0281189076
-0.0287008507
-0.0291005212
-0.0291831208
-0.0290285658
-0.0288409653
-0.0287598165
-0.0288170092
-0.0289417336
-0.0290109014
-0.0289422796
-0.0287448755
-0.0284733499
-0.0281309515
-0.0276975131
-0.0272235154
-0.0268159287
-0.0265608898
-0.0264860344
-0.0265618524
-0.0267318675
-0.0269778145
-0.0273386647
-0.0278356162
-0.0283866668
-0.0288516606
-0.0291685309
-0.0293895581
-0.0296245914
-0.0299641436
-0.0304028468
-0.0308468895
-0.0312090814
-0.0314749640
-0.0316764632
-0.0318272054
-0.0319163827
-0.0319498027
-0.0319497218
-0.0319177595
-0.0318309094
-0.0316688196
-0.0314441136
-0.0312084811
-0.0310347588
-0.0309697210
-0.0309951995
-0.0310622666
-0.0311564565
-0.0312886279
-0.0314376190
-0.0315569345
-0.0316331712
-0.0317133007
-0.0318627565
-0.0320995384
-0.0323865505
-0.0326750311
-0.0329376252
-0.0331725669
-0.0333860750
-0.0335733215
-0.0337349886
-0.0338911974
-0.0340556247
-0.0342144149
-0.0343426338
-0.0344309482
-0.0344876833
-0.0345298496
-0.0345794172
-0.0346511166
-0.0347409361
-0.0348374260
-0.0349340436
-0.0350239194
-0.0350942055
-0.0351319031
-0.0351373171
-0.0351329372
-0.0351471716
-0.0351919032
-0.0352563070
-0.0353224716
-0.0353866259
-0.0354525242
-0.0355179984
-0.0355798823
-0.0356375274
-0.0356923981
-0.0357452631
-0.0357927029
-0.0358317997
-0.0358646709
-0.0358978409
-0.0359401370
-0.0359966168
-0.0360640669
-0.0361375692
-0.0362142336
-0.0362910006
-0.0363624391
-0.0364223291
-0.0364701421
-0.0365119586
-0.0365552254
-0.0366035695
-0.0366553682
-0.0367044940
-0.0367451475
-0.0367768199
-0.0368025420
-0.0368252320
-0.0368463191
-0.0368660121
-0.0368831978
-0.0368959154
-0.0369024381
-0.0369019595
-0.0368948708
-0.0368835168
-0.0368712616
-0.0368598851
-0.0368485154
-0.0368356813
-0.0368212099
-0.0368055806
-0.0367885609
-0.0367699297
-0.0367500901
-0.0367295969
-0.0367083817
-0.0366857542
-0.0366613648
-0.0366355628
-0.0366087717
-0.0365808087
-0.0365508750
-0.0365182680
-0.0364827082
-0.0364441942
-0.0364028344
-0.0363588458
-0.0363125093
-0.0362640201
-0.0362134004
-0.0361604877
-0.0361050935
-0.0360471523
-0.0359867792
-0.0359241749
-0.0358594860
-0.0357927490
-0.0357239031
-0.0356528897
-0.0355797094
-0.0355043775
-0.0354268877
-0.0353472168
-0.0352653384
-0.0351812274
-0.0350948678
-0.0350062607
-0.0349154144
-0.0348223292
-0.0347269998
-0.0346294213
-0.0345295930
-0.0344275190
-0.0343232065
-0.0342166619
-0.0341078886
-0.0339968884
-0.0338836634
-0.0337682157
-0.0336505480
-0.0335306626
-0.0334085623
-0.0332842495
-0.0331577270
