0.0008196306
0.0008422435
0.0008122093
0.0008340691
0.0008022201
0.0008233633
0.0007897161
0.0008102097
0.0007750190
0.0007947076
0.0007574788
0.0007777037
0.0007407547
0.0007532517
0.0007134397
0.0007632021
0.0006913451
0.0004574503
0.0005897205
0.0010467368
0.0007391921
0.0006114712
0.0006824488
0.0006146144
0.0001984355
0.0005255170
0.0006658078
-0.0003985295
-0.0003170134
0.0000367819
0.0003487276
0.0006108107
0.0004436806
0.0005448889
0.0004500076
0.0005219580
0.0004287898
0.0004995270
0.0004106473
0.0004813290
0.0003920898
0.0004663282
0.0003745492
0.0004555804
0.0003576068
0.0004451255
0.0003453734
0.0004544819
0.0002993368
0.0004252988
0.0004658873
0.0003966983
-0.0013461582
-0.0002231221
0.0006480727
0.0003036272
0.0002524260
0.0003797600
0.0013905349
0.0006358753
-0.0014259748
-0.0001070383
-0.0001563553
-0.0015929854
-0.0008941431
-0.0013855225
-0.0011189381
0.0003447713
0.0011823616
0.0007126495
0.0001801005
0.0004134678
-0.0005756925
0.0010066514
0.0014503676
0.0014364473
0.0017019899
0.0005299183
-0.0038744475
-0.0011607870
0.0001799384
-0.0002187626
0.0007176917
-0.0011567961
-0.0042425061
-0.0066114584
-0.0051231246
-0.0046684139
-0.0050205783
-0.0016685255
-0.0000771643
-0.0004960188
-0.0040287351
-0.0070826991
-0.0027789088
0.0019826659
0.0035881528
0.0114112585
0.0071108711
-0.0120753924
-0.0168014211
-0.0150890573
-0.0025260837
0.0086403116
0.0113027492
0.0138249469
0.0026192372
-0.0136226799
-0.0042144041
0.0091065998
0.0050667262
0.0008987537
-0.0117179805
-0.0164905289
-0.0152923702
-0.0047972457
0.0098310813
0.0213190402
0.0292423210
0.0163402677
-0.0042243611
-0.0137897789
-0.0194821733
-0.0189397675
-0.0171643100
0.0045316840
0.0343205199
0.0468568560
0.0257792288
-0.0153304387
-0.0394535702
-0.0332608505
-0.0176376645
0.0112313510
0.0354133376
0.0370232331
0.0285884233
0.0084674236
-0.0109410924
-0.0355627648
-0.0341332392
-0.0115183608
0.0129159957
0.0215314629
0.0144928932
-0.0105830425
-0.0182611779
-0.0011018202
0.0102110729
0.0113852779
0.0126573174
0.0098345694
-0.0098169906
-0.0247629942
-0.0294113438
-0.0201345214
0.0110016976
0.0296881558
0.0155298532
-0.0164372966
-0.0225001118
-0.0146744748
-0.0156999130
-0.0079218502
0.0032750788
0.0112193050
0.0161866541
0.0194250639
0.0177041771
0.0101439843
-0.0102826593
-0.0165862153
-0.0149911278
-0.0163308563
0.0003806541
0.0038455388
-0.0140562052
-0.0226276781
0.0050589112
0.0356550479
0.0184005685
-0.0124385780
-0.0175949829
-0.0147240263
0.0013699440
0.0055265918
-0.0141443230
-0.0074934751
0.0203598823
0.0305718854
0.0265947854
0.0102287763
-0.0124912649
-0.0257418620
-0.0194063822
0.0131952335
0.0200821082
-0.0019773004
-0.0152872564
-0.0047870874
-0.0001465367
0.0100130351
0.0050737588
-0.0148825736
-0.0088164248
0.0051134463
-0.0103314358
-0.0202896189
-0.0002992542
0.0239246574
0.0209593023
-0.0102186715
-0.0174724961
-0.0163425783
-0.0042511572
0.0249091733
0.0250094534
-0.0094467066
-0.0182339549
-0.0132165693
-0.0149744762
-0.0162583330
-0.0164320170
0.0023746986
0.0144009066
0.0224653019
0.0245453642
0.0049264701
-0.0145572258
-0.0182943476
0.0067155111
0.0313899790
0.0209046469
-0.0113977386
-0.0171611476
-0.0044227479
-0.0126205847
-0.0185809977
-0.0161157405
-0.0158510172
-0.0037733450
0.0038674799
-0.0006392125
0.0085267157
0.0219805736
0.0149160449
-0.0127182748
-0.0189548127
0.0125244836
0.0201092074
-0.0096476079
-0.0184657773
-0.0149198349
-0.0098491213
0.0092523410
0.0123396022
0.0019259695
-0.0122137953
-0.0279035006
-0.0322374445
-0.0108275601
0.0155235401
0.0043155016
-0.0171669037
0.0059006288
0.0222793553
0.0049883578
-0.0137815923
0.0090884495
0.0122010762
0.0086161098
0.0353070607
0.0131250613
-0.0344799593
-0.0340317511
-0.0258179848
-0.0193030623
0.0218093343
0.0254675613
-0.0240642066
-0.0283196624
0.0079019384
0.0239915890
0.0124665664
0.0106574952
0.0121545320
-0.0119987502
-0.0032582290
0.0171002395
-0.0143946237
-0.0324596413
0.0020735385
0.0048993201
-0.0158777996
0.0030662187
0.0148201353
0.0117721404
0.0229141693
0.0211439429
-0.0016832226
0.0082066000
0.0126263094
-0.0125134810
-0.0050120139
0.0123039160
0.0091533524
0.0070318066
0.0257263510
0.0455078163
-0.0012904168
-0.0322194249
-0.0284621922
-0.0366100451
-0.0249907342
-0.0149577510
-0.0156036057
-0.0163597500
-0.0154805750
-0.0073587847
-0.0113930979
-0.0164023326
-0.0267551536
-0.0276466023
-0.0042924851
0.0236453731
0.0249438623
-0.0122109932
-0.0255256647
-0.0011616489
0.0262587793
0.0048626375
-0.0205501856
-0.0172555227
-0.0077304597
0.0018838458
0.0297216096
0.0517669075
0.0458877771
0.0244753402
0.0041753782
-0.0140895916
-0.0169227338
0.0071983760
0.0075640356
-0.0140229336
-0.0158300777
-0.0144312188
-0.0255570311
-0.0307110164
-0.0207310911
-0.0076682746
0.0298095655
0.0247512583
-0.0181753149
-0.0258963623
-0.0169039615
-0.0147840270
-0.0027260455
-0.0042409580
-0.0172621448
0.0114109998
0.0373009146
0.0168963965
-0.0021607693
0.0082093584
0.0273246005
0.0212724336
0.0084566113
0.0112302463
0.0078117401
-0.0238404550
-0.0495771500
-0.0235984862
0.0196544217
0.0267067170
0.0253035535
0.0321030713
0.0187149526
0.0117968447
0.0078599911
-0.0244256603
-0.0600879918
-0.0564088995
-0.0226983493
0.0262645928
0.0397621711
-0.0060390784
-0.0278521604
-0.0200115337
0.0036263061
0.0342111607
0.0232110802
-0.0038952300
-0.0160668831
-0.0181766745
0.0028526679
0.0351830749
0.0178918105
-0.0215510863
-0.0197088628
0.0029737985
0.0099601505
0.0214314014
0.0207315178
-0.0164579407
-0.0333404245
-0.0176986864
-0.0151414972
-0.0186971483
0.0054210964
0.0175858791
-0.0125504780
-0.0206506722
0.0259722208
0.0317063998
-0.0028077582
-0.0155352817
-0.0237270565
-0.0236681484
0.0087280331
0.0138322557
-0.0128501189
-0.0155509124
-0.0193414491
-0.0349358723
-0.0104659866
0.0397931043
0.0473628471
0.0210318649
-0.0118386750
-0.0182521743
-0.0033966126
0.0163695316
0.0332476524
0.0266724740
0.0119425188
0.0145280533
0.0145597615
0.0131378751
-0.0095852046
-0.0257481731
-0.0183733049
-0.0000629236
0.0103460717
-0.0033698569
-0.0262634995
-0.0325126210
-0.0199613600
0.0053969868
0.0261025645
0.0269573387
0.0106593416
0.0040976270
-0.0011466172
-0.0320268117
-0.0502699806
-0.0297042692
-0.0013209260
0.0132506741
0.0121903371
0.0110885003
-0.0095575369
-0.0199030566
-0.0161971711
0.0032073980
0.0244794395
0.0440908165
0.0546350462
0.0382516662
-0.0075653708
-0.0225767783
0.0141477346
0.0268646926
0.0256601874
0.0344246080
0.0332748603
-0.0075958023
-0.0404844969
-0.0342295943
-0.0205807725
-0.0211125656
-0.0307494100
-0.0483593011
-0.0451352982
-0.0202624442
0.0103359305
-0.0083567319
-0.0362965686
-0.0271123409
0.0076992841
0.0143471601
-0.0229297299
-0.0468551865
-0.0360594093
-0.0198539646
0.0239584557
0.0476516569
0.0164412362
-0.0149732637
-0.0301292453
-0.0200895602
0.0142459933
0.0155646700
-0.0042709947
-0.0149431357
-0.0159158685
-0.0157801433
-0.0196855767
-0.0177311276
-0.0164099502
-0.0178921684
-0.0178946126
-0.0412638690
-0.0848148246
-0.1052700389
-0.0917352623
-0.0999637613
-0.1092599541
-0.1000468798
-0.1013261873
-0.1037052114
-0.0929076863
-0.0789795384
-0.0681695541
-0.0656661435
-0.0728579969
-0.0722520876
-0.0034560268
0.1205576186
0.1904895248
0.1940863946
0.1999619581
0.2210901761
0.2284969058
0.2186550067
0.1934917799
0.1391233228
0.0506644355
-0.0204547081
-0.0149913815
0.0099175271
0.0141094235
0.0221928841
0.0376767993
0.0226325234
0.0045629834
0.0068324560
0.0235948040
0.0510392387
0.0761605720
0.1012210964
0.1172758199
0.1219790104
0.1225371529
0.1271522403
0.1358412551
0.1308994686
0.1219120694
0.1156870670
0.1049495088
0.0852152180
0.0803415912
0.0537061786
0.0121145744
-0.0202498463
-0.0290454859
-0.0446307923
-0.0780314338
-0.1154015642
-0.1446226834
-0.1583850223
-0.1552721525
-0.1253594659
-0.0791255236
-0.0401915345
-0.0271034825
-0.0263393833
0.0010420117
0.0612496629
0.1120409711
0.1379685966
0.1467417987
0.1570153685
0.1770055293
0.2008497228
0.2256206738
0.2530488726
0.2700691545
0.2741502133
0.2385326670
0.1657808673
0.0664685826
-0.0377305873
-0.0984756132
-0.1303452172
-0.1487694620
-0.1577821587
-0.1558698240
-0.1511134002
-0.1439503194
-0.1486250102
-0.1651295366
-0.1788693600
-0.1899320240
-0.2117046660
-0.2776280672
-0.3308300984
-0.2962788330
-0.2308857999
-0.1885977845
-0.1396481220
-0.0697422985
-0.0122025934
0.0105158384
0.0264412070
0.0540645734
0.0918342791
0.1225132167
0.1353923322
0.1254861348
0.1134644544
0.1119363918
0.1179591787
0.1056535163
0.0875146148
0.0676039580
0.0472841243
0.0184424747
-0.0059165292
-0.0060407338
-0.0043281116
-0.0195720019
-0.0427456447
-0.0519479419
-0.0542911820
-0.0655079614
-0.0817797019
-0.0878696802
-0.0849729209
-0.0689965916
-0.0295982834
0.0281143506
0.0679729216
0.0702179592
0.0199603915
-0.0479491357
-0.0755780537
-0.1059729526
-0.1360685791
-0.1505577184
-0.1634888894
-0.1875817916
-0.1987763797
-0.1540556116
-0.0400782340
0.0764091718
0.1441839525
0.1921675024
0.2339671456
0.2485928533
0.2255875974
0.1786884895
0.1018760387
-0.0203765530
-0.0891118135
-0.0721710528
-0.0230164220
0.0209815516
0.0620180344
0.1091175697
0.1231300133
0.0446297811
-0.0652728407
-0.1133177231
-0.1114910242
-0.1006407527
-0.0689415177
-0.0012970040
0.0697592947
0.0803002929
0.0503680222
0.0472739369
0.0645761633
0.0636979991
0.0430826682
0.0066852389
-0.0378609283
-0.0623045094
-0.0627951768
-0.0663643501
-0.0763209004
-0.0791649437
-0.0863871985
-0.0963623100
-0.1100726706
-0.1123144611
-0.0600219269
0.0414837325
0.1043698811
0.0958984414
0.0730938859
0.0531948261
0.0221556818
0.0146245063
0.0564555151
0.0994738028
0.1051963416
0.0660455987
-0.0029095565
-0.0557143537
-0.0588949734
-0.0176435159
0.0120843986
-0.0195724647
-0.0600126858
-0.0809913660
-0.1111878487
-0.1334431980
-0.1232242117
-0.0958093198
-0.0763256048
-0.0729758708
-0.0756671528
-0.0638841494
-0.0202651570
0.0416471246
0.0776135878
0.0720822243
0.0552698236
0.0346218722
0.0042885296
-0.0014062892
0.0299543779
0.0827784132
0.1273568519
0.1472027555
0.1547508993
0.1616272752
0.1658108412
0.1672092380
0.1403491779
0.0873888991
0.0576219627
0.0596259757
0.0717375026
0.0709021775
0.0373305550
-0.0167272209
-0.0549070920
-0.0778310513
-0.1051184149
-0.1362788978
-0.1616523143
-0.1619484352
-0.1517563168
-0.1406848637
-0.1483089478
-0.1671808023
-0.1669531077
-0.1389639769
-0.0869758879
-0.0217509872
0.0435008279
0.0732112194
0.0647787844
0.0553652968
0.0482205792
0.0349491036
0.0167492028
0.0130411681
0.0036004725
-0.0183697237
-0.0103150631
0.0195695569
0.0511935258
0.0526695828
0.0352664786
0.0368279835
0.0603331936
0.0814301955
0.0896244283
0.0780035352
0.0590185685
0.0347081488
0.0028268765
-0.0160977970
-0.0159431255
-0.0056318057
-0.0036609787
-0.0300697658
-0.0754227241
-0.1187101313
-0.1380721499
-0.1321400676
-0.1079340950
-0.0750558091
-0.0398837932
-0.0236188537
-0.0169165245
-0.0050459994
0.0232962900
0.0576662313
0.0780153113
0.0928725363
0.1134464365
0.1123489508
0.0690630194
0.0277909506
0.0280926104
0.0332925265
0.0359065896
0.0534613196
0.0749305732
0.0805497107
0.0580238611
0.0213684083
0.0076210097
0.0157364282
0.0120947049
-0.0158523704
-0.0586569482
-0.0923056181
-0.1079623677
-0.1143283811
-0.1052797909
-0.0850370234
-0.0649143944
-0.0385713655
-0.0069887961
0.0282822479
0.0531851816
0.0587118580
0.0511756749
0.0248652527
-0.0096562039
-0.0165650183
0.0012059890
0.0118588880
0.0152904202
-0.0047948408
-0.0526566712
-0.0862074798
-0.0681086451
-0.0320701649
-0.0179301194
-0.0169021782
0.0005216827
0.0292447609
0.0566577513
0.0685906806
0.0549248716
0.0300587912
0.0155510715
0.0162532731
0.0327384711
0.0515082564
0.0347701219
-0.0058764854
-0.0465443496
-0.0704951443
-0.0675256946
-0.0376949986
-0.0019720005
0.0255418420
0.0273933464
-0.0059210085
-0.0364381469
-0.0490675336
-0.0241389400
0.0256066487
0.0456329665
0.0308029443
0.0139939935
-0.0102799635
-0.0400880284
-0.0402961563
-0.0262026180
-0.0102925089
0.0249518047
0.0584455358
0.0646307141
0.0717895155
0.0875082750
0.0871160035
0.0581281309
0.0272346063
0.0123104137
0.0172505910
0.0150363562
-0.0110462169
-0.0204509098
-0.0141178935
-0.0187027855
-0.0420344554
-0.0697217427
-0.0684598723
-0.0524632063
-0.0350818785
-0.0197335098
0.0056051524
0.0051629020
-0.0075070495
-0.0038759930
-0.0013728941
0.0068442020
0.0160165416
0.0208153872
0.0191567778
0.0107968733
-0.0064433301
-0.0201656614
0.0041710735
0.0365613032
0.0575851783
0.0590453934
0.0437787829
0.0205781685
-0.0001474032
-0.0067381211
0.0036624866
0.0218449943
0.0177630669
-0.0134653125
-0.0433298034
-0.0583568574
-0.0547573085
-0.0423058802
-0.0255708210
-0.0054637009
0.0040421977
-0.0161620652
-0.0251417063
-0.0231561620
-0.0090488324
0.0217345172
0.0352481643
0.0307310853
0.0292289280
0.0144766921
-0.0173686738
-0.0435858179
-0.0627994698
-0.0699855390
-0.0727452388
-0.0741858058
-0.0703841078
-0.0551816524
-0.0325330948
-0.0075601708
0.0244569930
0.0525787787
0.0575468532
0.0504246522
0.0507841279
0.0389894261
0.0104360734
-0.0094806898
-0.0121735022
-0.0118641775
-0.0244720543
-0.0277027782
-0.0306364139
-0.0478308712
-0.0465719483
-0.0315389404
-0.0147553098
0.0055744923
0.0152763413
-0.0038386086
-0.0323670863
-0.0441764499
-0.0343216288
-0.0087214914
0.0144459747
0.0149158000
-0.0032784661
-0.0306744065
-0.0497575785
-0.0407387791
-0.0107758563
0.0054296107
-0.0118854603
-0.0304625432
-0.0143100113
0.0139964629
0.0373078656
0.0656787645
0.0730722257
0.0452252907
-0.0182568505
-0.0656237177
-0.0855161156
-0.0865554795
-0.0855795344
-0.0852358897
-0.0917589074
-0.0959587941
-0.0856855742
-0.0457021196
0.0171143963
0.0593867438
0.0392669503
-0.0219793627
-0.0623192367
-0.0597847938
-0.0367516885
-0.0205705517
-0.0281132370
-0.0493686796
-0.0620108365
-0.0589675489
-0.0388708058
0.0094847659
0.0474529479
0.0583217749
0.0461068087
0.0244803690
-0.0006898494
-0.0014512668
0.0251474231
0.0387301174
0.0314807216
0.0146471332
-0.0093937166
-0.0343224362
-0.0407832481
-0.0208572981
-0.0140377294
-0.0368144914
-0.0640846670
-0.0680782013
-0.0531024735
-0.0360859956
-0.0158580053
-0.0070446906
-0.0231004193
-0.0274984448
-0.0248506872
-0.0250603664
-0.0277663636
-0.0296108829
-0.0389744527
-0.0446598779
-0.0575980933
-0.0726319967
-0.0737727862
-0.0641434474
-0.0517597784
-0.0444264289
-0.0462403213
-0.0481538363
-0.0495553360
-0.0518552730
-0.0513939413
-0.0505051439
-0.0431882635
-0.0428289991
-0.0560707478
-0.0620871179
-0.0462660894
-0.0279716677
-0.0171363534
-0.0163070389
-0.0068700018
0.0203729496
0.0421443511
0.0504389059
0.0524085138
0.0588641480
0.0767508065
0.0989406777
0.1148698570
0.1143441539
0.1094891934
0.1048866810
0.0903934844
0.0623648053
0.0197580046
-0.0145529683
-0.0110872722
-0.0016785432
-0.0026402161
0.0049757762
0.0143954507
0.0249874412
0.0313357480
0.0357237049
0.0307199285
0.0205375701
0.0263103420
0.0459455598
0.0640728284
0.0793634298
0.1000180186
0.1188290254
0.1334196660
0.1367006582
0.1441951601
0.1517082359
0.1549448347
0.1598494513
0.1630367300
0.1653225147
0.1581616457
0.1452149367
0.1302029238
0.0917709462
0.0250729505
-0.0339965718
-0.0634602128
-0.0783599520
-0.0971083791
-0.1057722399
-0.1073437245
-0.1115016536
-0.1277328333
-0.1389114957
-0.1415457417
-0.1395090711
-0.1294112617
-0.1103492795
-0.0952247739
-0.0853887757
-0.0676106754
-0.0475799678
-0.0066213769
0.0441492407
0.0728247794
0.0667903241
0.0474438428
0.0304700072
0.0256714123
0.0411602733
0.0648809971
0.0807112254
0.0834553772
0.0808648770
0.0711871280
0.0662406352
0.0721573704
0.0837738170
0.1139162921
0.1442365369
0.1548316271
0.1558277942
0.1561164695
0.1456357131
0.1137249547
0.0945312068
0.0911945675
0.0988985669
0.1113552183
0.1207003377
0.1351441396
0.1499487538
0.1529000082
0.1661799425
0.1849267994
0.1900844860
0.1758514454
0.1391412140
0.0769679851
0.0160605721
0.0097862164
0.0199541165
0.0356646039
0.0576438711
0.0659218743
0.0508845174
0.0310358256
0.0333248684
0.0532360033
0.0671844124
0.0906413256
0.1204459033
0.1394676687
0.1657688497
0.1893302240
0.1899861174
0.1466175431
0.0861847723
0.0462040220
0.0230139413
0.0063980124
-0.0153604865
-0.0335975080
-0.0528907949
-0.0631247028
-0.0765499220
-0.1008068683
-0.1177815495
-0.1215888896
-0.1086146104
-0.0956750150
-0.0821816767
-0.0847122353
-0.1035748888
-0.1188565634
-0.1107977206
-0.0758522703
-0.0305517104
-0.0145379872
-0.0216600986
-0.0425249608
-0.0674927130
-0.0900980000
-0.0834195560
-0.0651722669
-0.0424266726
0.0000387682
0.0628554673
0.1102012487
0.1208174519
0.1225206241
0.1328919146
0.1430610347
0.1493629699
0.1508084591
0.1480061219
0.1378865115
0.1042740179
0.0368250943
-0.0288357284
-0.0549676571
-0.0521709950
-0.0571866913
-0.0710757661
-0.0989631633
-0.1255604566
-0.1375294942
-0.1200898918
-0.1109580202
-0.0912186399
-0.0678824177
-0.0778323685
-0.1089585676
-0.1180555660
-0.1194339006
-0.1365048648
-0.1687846806
-0.2017786556
-0.2384870441
-0.2663608169
-0.2820165008
-0.3021491625
-0.3285730014
-0.3592071384
-0.3878972340
-0.4179237543
-0.4384982766
-0.4408572677
-0.4453556175
-0.3239656890
-0.1938911763
-0.1795240447
-0.1779170979
-0.1688470461
-0.1673840894
-0.1434765578
-0.1148126488
-0.0946204872
-0.0810202165
-0.0771157381
-0.0818425667
-0.0736501907
-0.0421105735
-0.0013373004
0.0430270199
0.0849211469
0.1107697188
0.1328318471
0.1419328490
0.1508028069
0.1756531858
0.2015615126
0.2296487067
0.2419739955
0.2413019202
0.2193638952
0.1803090851
0.1421342450
0.1205192064
0.1101665614
0.0988918138
0.0821204254
0.0679063357
0.0615273960
0.0614373480
0.0672535916
0.0833714643
0.0974991347
0.1130331315
0.1268463949
0.1350710506
0.1205372385
0.0779165980
0.0323440538
0.0120704694
0.0191720197
0.0258124214
0.0273878560
0.0396528311
0.0498263783
0.0588816240
0.0705961077
0.0876527028
0.1220699116
0.1759904447
0.2225184805
0.2551842281
0.2722903920
0.2656169834
0.2511823231
0.2364230418
0.2086424332
0.1616342492
0.1038374552
0.0612151347
0.0365317237
0.0080201052
-0.0376927301
-0.0927898448
-0.1478603457
-0.1876846431
-0.2158367896
-0.2479172548
-0.2733929726
-0.2934578836
-0.3097328008
-0.3277940269
-0.3440738564
-0.3282513496
-0.2787928916
-0.2299987219
-0.2139145836
-0.2123932579
-0.2107220400
-0.2077414319
-0.1999077512
-0.1896194495
-0.1729024089
-0.1816714942
-0.2187676697
-0.2254548874
-0.2331657560
-0.2683529850
-0.2797013218
-0.2695767025
-0.2492648296
-0.2231758499
-0.2094007465
-0.2101826464
-0.2159742106
-0.2318118017
-0.2442779131
-0.2531035367
-0.2601182059
-0.2619759487
-0.2631755905
-0.2698955669
-0.2662964496
-0.2545552212
-0.2378618730
-0.2076583551
-0.1804402653
-0.1475029076
-0.1140929350
-0.0789240981
-0.0252363509
0.0144327356
0.0434309704
0.0681702143
0.0826697190
0.0927570302
0.1091810832
0.1235646282
0.1419379906
0.1667370050
0.1870099041
0.1930884841
0.1924041061
0.1826558596
0.1549881505
0.1171564232
0.1033212678
0.1128704908
0.1261020373
0.1322460431
0.1121315601
0.0705175526
0.0369908521
0.0050834711
-0.0118626118
-0.0055395658
0.0046757693
0.0073486074
0.0064398675
0.0025919300
-0.0059967385
-0.0037670457
0.0134000297
0.0342243371
0.0525713414
0.0687243764
0.0733137478
0.0737048631
0.0732449792
0.0737613020
0.0844331898
0.1014462443
0.1229065153
0.1371308354
0.1594546262
0.1822711270
0.2025342995
0.2197902244
0.2295447076
0.2384497243
0.2506759350
0.2664425434
0.2953766611
0.3293527946
0.3624023497
0.3812644860
0.3905011050
0.3979558731
0.3936665858
0.3848110059
0.3719787500
0.3527171746
0.3198769604
0.2832441690
0.2569524966
0.2294549063
0.1988296917
0.1744011680
0.1513575651
0.1233112134
0.0981086759
0.0745189133
0.0466389214
0.0167924598
-0.0125831663
-0.0355495160
-0.0500678647
-0.0483722814
-0.0412518945
-0.0388276421
-0.0324369630
-0.0209614122
-0.0113869478
0.0002809667
0.0089567912
0.0186684904
0.0423636497
0.0773923901
0.1143985425
0.1380930008
0.1512852913
0.1665214724
0.1735002364
0.1737965920
0.1659607771
0.1581198508
0.1478147155
0.1454520215
0.1478566749
0.1593232541
0.1728256904
0.1735699297
0.1625387523
0.1556769165
0.1492323910
0.1404257667
0.1351813292
0.1253465657
0.1046680532
0.0871532942
0.0689093725
0.0453871542
0.0266942049
0.0179078300
0.0036635853
-0.0140944945
-0.0195995861
-0.0188845660
-0.0011467247
0.0196259793
0.0265515099
0.0210260308
0.0166847366
0.0101543602
0.0052830193
-0.0004001385
0.0033858464
0.0016686517
0.0106955565
0.0191109200
0.0101132193
-0.0163033109
-0.0286619835
-0.0374443308
-0.0418275622
-0.0364912434
-0.0242811757
-0.0099390917
-0.0052911510
-0.0126737756
-0.0209992535
-0.0224767788
-0.0323788643
-0.0492371084
-0.0677288784
-0.0865855342
-0.0943816231
-0.0956558578
-0.0866316222
-0.0840482538
-0.0828408508
-0.0775375919
-0.0754794184
-0.0695540291
-0.0717276574
-0.0727370048
-0.0673182781
-0.0648535716
-0.0669790241
-0.0677287525
-0.0741794963
-0.0871178992
-0.1150886618
-0.1404212206
-0.1408830584
-0.1277133074
-0.1208983155
-0.1186370955
-0.1182788339
-0.1318409106
-0.1469513105
-0.1486414094
-0.1477499534
-0.1325302938
-0.1152486281
-0.1122464096
-0.1133042713
-0.0967471694
-0.0744156116
-0.0520149936
-0.0321667329
-0.0273407574
-0.0342727529
-0.0414946784
-0.0531228447
-0.0684909276
-0.0920257031
-0.1042237279
-0.1125944101
-0.1221796188
-0.1370653852
-0.1387988715
-0.1283302554
-0.1141266226
-0.0905411835
-0.0626099435
-0.0530860040
-0.0570350437
-0.0559377670
-0.0471622062
-0.0416061043
-0.0415573465
-0.0397512181
-0.0310920987
-0.0247183586
-0.0205204130
-0.0109852630
-0.0091724223
-0.0104619708
-0.0131207656
-0.0129493663
-0.0136661580
-0.0251969356
-0.0412842456
-0.0572563402
-0.0597814736
-0.0567009897
-0.0570454264
-0.0675373451
-0.0778909071
-0.0773235185
-0.0724455585
-0.0716569492
-0.0688373010
-0.0600467090
-0.0574928135
-0.0533847648
-0.0513806217
-0.0507111950
-0.0378132816
-0.0364734202
-0.0474444469
-0.0485862328
-0.0482957372
-0.0475460856
-0.0351995413
-0.0333978861
-0.0446200742
-0.0462932533
-0.0455733292
-0.0342507931
-0.0168772211
0.0007683823
0.0124879062
0.0093839434
0.0000459429
-0.0110401273
-0.0218080737
-0.0291856658
-0.0369558986
-0.0385930692
-0.0384276681
-0.0243298584
-0.0033113341
0.0044971280
0.0010348013
0.0011621062
0.0072188819
0.0126661994
0.0125182524
0.0184925624
0.0208788769
0.0211184577
0.0190604729
0.0175452098
0.0201369853
0.0215060765
0.0222007867
0.0166220885
0.0008289980
-0.0142329771
-0.0159116061
-0.0147165828
-0.0124658416
-0.0104553793
-0.0092110878
-0.0073941642
-0.0067236971
-0.0055183860
0.0044107183
0.0157133018
0.0182405899
0.0244139510
0.0402905581
0.0620578042
0.0786362609
0.0877723960
0.0901970927
0.0852217519
0.0838703267
0.0918578531
0.0959763973
0.0955160103
0.0924515907
0.0850484447
0.0787911314
0.0794707692
0.0815791370
0.0768365611
0.0623719223
0.0437795164
0.0288900125
0.0232066731
0.0124596881
0.0044320227
0.0063798392
0.0076299876
0.0109533466
0.0168909594
0.0193445828
0.0123626061
0.0033257191
0.0013517501
-0.0005605580
-0.0019724011
0.0018291392
0.0107333308
0.0178705123
0.0307902148
0.0427996788
0.0494734384
0.0487009221
0.0476415813
0.0481450017
0.0601567152
0.0793654748
0.0986248771
0.1091422921
0.1115111532
0.1097945612
0.0965212320
0.0857484266
0.0856391929
0.0846062633
0.0874634748
0.0883099010
0.0867354719
0.0812445212
0.0679640336
0.0519296194
0.0420421707
0.0378786750
0.0377869584
0.0384563692
0.0286695340
0.0089418595
0.0029276722
0.0019548001
-0.0016218610
0.0088564992
0.0213635977
0.0202850817
0.0165559638
0.0099898231
0.0077998432
0.0080785925
0.0105512717
0.0077242397
-0.0055090742
-0.0234051303
-0.0314581036
-0.0326132338
-0.0393430007
-0.0428746802
-0.0454096167
-0.0479147289
-0.0472770175
-0.0467868701
-0.0492556209
-0.0515429706
-0.0544466671
-0.0572481866
-0.0530164877
-0.0467507751
-0.0487842134
-0.0627581203
-0.0696200328
-0.0742225643
-0.0881616817
-0.1017654924
-0.1149254156
-0.1265648648
-0.1372351865
-0.1424975404
-0.1551514520
-0.1639588182
-0.1717456639
-0.1753426135
-0.1764418514
-0.1784565335
-0.1678685355
-0.1527704221
-0.1365235647
-0.1223219138
-0.1171802152
-0.1096998490
-0.1113717021
-0.1140782782
-0.1163033943
-0.1201987803
-0.1201037802
-0.1123985256
-0.1033117156
-0.0980415293
-0.0973128978
-0.0994686266
-0.0974456369
-0.1069622196
-0.1125173788
-0.1206404109
-0.1220084523
-0.1123869638
-0.0990573704
-0.0921959798
-0.0863591382
-0.0826612839
-0.0830051600
-0.0808418854
-0.0686496703
-0.0596209790
-0.0482807349
-0.0289572560
-0.0117683058
0.0069027801
0.0202539965
0.0287052363
0.0249320289
0.0193289235
0.0183371148
0.0217715040
0.0235866256
0.0251176490
0.0269675202
0.0269033452
0.0222319851
0.0208435633
0.0153891181
0.0044526345
-0.0060572231
-0.0167670585
-0.0312774657
-0.0458044957
-0.0632570968
-0.0833369963
-0.0987330108
-0.1097314276
-0.1206719855
-0.1290890229
-0.1352126419
-0.1440744909
-0.1467041066
-0.1495922521
-0.1471862745
-0.1482303749
-0.1519113408
-0.1507806505
-0.1490919102
-0.1440253863
-0.1336167658
-0.1270516757
-0.1189315678
-0.1093771815
-0.0951990211
-0.0819419220
-0.0680780607
-0.0593533001
-0.0545710928
-0.0449490862
-0.0334123029
-0.0219796842
-0.0075534015
0.0080392307
0.0180908169
0.0374351718
0.0584656935
0.0781275599
0.0961079966
0.1104927037
0.1283322346
0.1488252194
0.1729042953
0.2002152356
0.2240617409
0.2419101362
0.2569118925
0.2707427500
0.2792843556
0.2917049785
0.3021609305
0.3111826956
0.3154865726
0.3157047401
0.3101326056
0.3015599119
0.2932921341
0.2908776812
0.2861138910
0.2741747043
0.2609822470
0.2481424250
0.2298186991
0.2023351065
0.1715350618
0.1435558861
0.1168195068
0.0956003410
0.0906690460
0.0853085249
0.0739548320
0.0672875774
0.0582422524
0.0550720928
0.0540453745
0.0465770192
0.0358484251
0.0252512497
0.0199595317
0.0212888120
0.0166347785
0.0162930338
0.0170358066
0.0115665473
0.0127467564
0.0168103028
0.0180693599
0.0138176379
0.0080900829
0.0031809367
-0.0020750517
-0.0071294266
-0.0121518044
-0.0170764400
-0.0218771586
-0.0256861020
-0.0314529197
-0.0456663082
-0.0621831310
-0.0778371560
-0.0985418952
-0.1117250037
-0.1235530369
-0.1353661904
-0.1434210231
-0.1455372796
-0.1340563852
-0.1221885013
-0.1193570665
-0.1168053315
-0.1140388727
-0.1206220355
-0.1213304120
-0.1247419117
-0.1340614925
-0.1363606868
-0.1324465129
-0.1361571461
-0.1375204980
-0.1347596537
-0.1302444447
-0.1241981578
-0.1151737260
-0.1015923120
-0.0871430929
-0.0688270388
-0.0496919006
-0.0400764345
-0.0183648532
0.0058760771
0.0243926487
0.0474200488
0.0717370067
0.0893685102
0.0988985561
0.1032139420
0.1040123449
0.1032831542
0.0995109945
0.0984698070
0.0991789618
0.1066374471
0.1150353370
0.1222018770
0.1261810057
0.1212736293
0.1030559432
0.0844103744
0.0579109937
0.0398123528
0.0286658813
0.0153256075
0.0015771509
-0.0137385080
-0.0177518714
-0.0183992075
-0.0210550356
-0.0110768665
0.0043248737
0.0157218383
0.0289004946
0.0382167886
0.0468563533
0.0512699338
0.0539630065
0.0632504469
0.0632937975
0.0485441315
0.0217575169
-0.0124710940
-0.0419507276
-0.0522032249
-0.0617946526
-0.0707952218
-0.0777345071
-0.0803231067
-0.0794812086
-0.0823594720
-0.0755960858
-0.0723691365
-0.0728352084
-0.0728899383
-0.0862699882
-0.0947536360
-0.1034768580
-0.1107098692
-0.1211806582
-0.1247919188
-0.1326555946
-0.1382407199
-0.1387451428
-0.1427164338
-0.1461015295
-0.1517245885
-0.1579852979
-0.1572089957
-0.1443121292
-0.1286650593
-0.1107022012
-0.1033123771
-0.1037188009
-0.0834224425
-0.0699609434
-0.0678526779
-0.0602031915
-0.0562737634
-0.0575937475
-0.0561488209
-0.0550986076
-0.0564481898
-0.0529292274
-0.0438077772
-0.0338232018
-0.0264482417
-0.0275356027
-0.0231134891
-0.0162553962
-0.0000925594
0.0291400837
0.0552020205
0.0757511776
0.0964570284
0.1156229520
0.1362335208
0.1535005940
0.1673005644
0.1732907042
0.1810578563
0.1963895641
0.1969215168
0.1874976839
0.1726084235
0.1588141321
0.1501229754
0.1548427865
0.1578513923
0.1650585376
0.1682145806
0.1642925150
0.1697109279
0.1720544555
0.1730736084
0.1729573441
0.1731545136
0.1727817342
0.1681292742
0.1668756836
0.1594236693
0.1510303109
0.1426209781
0.1271996758
0.1145140685
0.1041805209
0.1025473625
0.1023966130
0.1057696280
0.1052381253
0.0987108946
0.0917360474
0.0801534117
0.0771290799
0.0793303549
0.0782024485
0.0731198804
0.0649675919
0.0529263975
0.0390924908
0.0292691027
0.0203232387
0.0099444356
-0.0014806841
-0.0033521906
-0.0038973818
-0.0084343259
-0.0073614545
-0.0083323491
-0.0093782009
-0.0157446078
-0.0256245773
-0.0356291510
-0.0460514630
-0.0436593370
-0.0404358448
-0.0443977303
-0.0520898459
-0.0643154754
-0.0795206818
-0.0886576235
-0.0925090594
-0.0924002498
-0.0996940812
-0.0997978637
-0.0926648977
-0.0841106637
-0.0720447191
-0.0599543172
-0.0487676031
-0.0433372085
-0.0371645026
-0.0299181167
-0.0217276189
-0.0130385544
-0.0068489830
-0.0051323662
-0.0044239661
-0.0038098347
-0.0071875219
-0.0056608527
0.0045996413
0.0155196939
0.0263770962
0.0303911863
0.0344219144
0.0376089733
0.0441406470
0.0499594504
0.0552498231
0.0609241876
0.0672276782
0.0690042881
0.0747664317
0.0768665747
0.0753346383
0.0738087968
0.0771110657
0.0837336868
0.0831772832
0.0813890875
0.0809750545
0.0817364718
0.0846944203
0.0826134307
0.0768416496
0.0716494875
0.0635209668
0.0575438085
0.0504774038
0.0450722848
0.0404447125
0.0353990766
0.0304900594
0.0197524490
0.0090498240
0.0072247627
0.0015237364
-0.0023268700
0.0000494767
-0.0040686442
-0.0096373023
-0.0168105242
-0.0237782762
-0.0278968165
-0.0352984928
-0.0344381286
-0.0323340040
-0.0349764072
-0.0414288888
-0.0489625790
-0.0488746266
-0.0597937869
-0.0694913725
-0.0772332925
-0.0865325521
-0.0912293616
-0.0925564488
-0.0945657025
-0.0982256353
-0.0879950960
-0.0837227910
-0.0867159330
-0.0910751466
-0.1045443574
-0.1135270078
-0.1237955751
-0.1337889323
-0.1372297709
-0.1377148742
-0.1364393608
-0.1359788056
-0.1260335077
-0.1131625998
-0.0991636728
-0.0919782834
-0.0762394925
-0.0590498357
-0.0545996011
-0.0502301670
-0.0413617953
-0.0325405381
-0.0289192496
-0.0271917366
-0.0279350680
-0.0240094229
-0.0197785143
-0.0100580122
-0.0063459213
-0.0034785001
0.0007713460
0.0072302208
0.0083077098
0.0107106179
0.0113196154
0.0158226160
0.0213256549
0.0298843791
0.0430073048
0.0543407033
0.0570179458
0.0577532228
0.0576431017
0.0525619872
0.0513491983
0.0563717863
0.0599238524
0.0650557662
0.0694376365
0.0734990859
0.0748382382
0.0771619930
0.0739022134
0.0706581969
0.0686409908
0.0686529026
0.0639284255
0.0604352356
0.0604108518
0.0644614558
0.0703317280
0.0729517790
0.0648058196
0.0445786232
0.0183125764
0.0004546168
-0.0022602162
-0.0050986447
-0.0148174074
-0.0254135755
-0.0290753025
-0.0241956498
-0.0211120858
-0.0173844190
-0.0145848448
-0.0133347012
-0.0136216434
-0.0093200984
0.0010902306
0.0024768597
-0.0004601845
-0.0151030217
-0.0449720720
-0.0547410129
-0.0555193051
-0.0547024645
-0.0520130366
-0.0529646401
-0.0421650139
-0.0301958949
-0.0314215546
-0.0364321652
-0.0471668703
-0.0512324981
-0.0483900557
-0.0492570755
-0.0480431569
-0.0472790329
-0.0473562631
-0.0577960363
-0.0665563585
-0.0696868588
-0.0726561948
-0.0746095983
-0.0784354252
-0.0809618716
-0.0736995146
-0.0581752555
-0.0410275070
-0.0381032915
-0.0399895974
-0.0437104316
-0.0422084795
-0.0423170255
-0.0447294520
-0.0483248076
-0.0556757624
-0.0608011041
-0.0609349353
-0.0541261697
-0.0367077475
-0.0318836113
-0.0327254491
-0.0318651741
-0.0320281183
-0.0324923434
-0.0208518074
-0.0076757526
0.0013292997
0.0025337945
0.0072496322
0.0068642347
-0.0026784742
-0.0105784682
-0.0156150967
-0.0134232758
-0.0178056797
-0.0278895514
-0.0357935794
-0.0376717303
-0.0319407112
-0.0180726253
-0.0113060292
-0.0033968875
-0.0079041645
-0.0265741752
-0.0311885776
-0.0294252377
-0.0191009282
-0.0045563045
0.0042354100
0.0100131179
0.0049160117
0.0093859917
0.0090769469
-0.0026323098
-0.0234122854
-0.0294903120
-0.0278827285
-0.0300360624
-0.0280949028
-0.0271643015
-0.0263670997
-0.0276783310
-0.0208980219
-0.0037277102
0.0146784184
0.0232528741
0.0285435878
0.0329661540
0.0410238259
0.0497747581
0.0552175429
0.0565884444
0.0536375192
0.0403718250
0.0220640468
0.0074733743
-0.0027356560
-0.0171385195
-0.0293921508
-0.0418346149
-0.0515566303
-0.0561704257
-0.0650302458
-0.0687998478
-0.0663019236
-0.0615315211
-0.0635819326
-0.0597857859
-0.0531738492
-0.0428130548
-0.0325173111
-0.0220981580
-0.0159884890
-0.0166837110
-0.0164957996
-0.0172363210
-0.0028539198
0.0114607701
0.0127678881
0.0056726167
-0.0024527559
-0.0120947609
-0.0141260045
-0.0129313266
-0.0131142284
-0.0127966658
-0.0125558630
-0.0121661112
-0.0120396315
-0.0115716644
-0.0112247754
-0.0114086420
-0.0115255222
-0.0031614673
0.0069480873
0.0142087490
0.0168833862
0.0165257212
0.0171862847
0.0208091792
0.0224221641
0.0217116554
0.0225967474
0.0259495825
0.0257557351
0.0253209021
0.0256616405
0.0147255026
-0.0032583022
-0.0073450341
-0.0048591063
-0.0057463682
-0.0050594381
-0.0061419367
-0.0066558349
-0.0051536509
-0.0035378300
-0.0051416612
-0.0045283888
0.0087609595
0.0214329817
0.0226303309
0.0308962840
0.0329277973
0.0319430069
0.0321468304
0.0358098366
0.0404442478
0.0448315489
0.0460601206
0.0461669394
0.0429614546
0.0405815112
0.0404175556
0.0370618001
0.0282937540
0.0251115812
0.0251802801
0.0189704700
0.0120226663
0.0113667897
0.0118311558
0.0115971034
0.0154583949
0.0222799104
0.0326956048
0.0483943779
0.0603832860
0.0619650581
0.0613829166
0.0653812362
0.0683075413
0.0701924703
0.0735819181
0.0767766292
0.0834446938
0.0862695809
0.0860101322
0.0822138307
0.0674150632
0.0535752110
0.0422494777
0.0346713576
0.0233129410
0.0075284024
0.0043246926
0.0060158256
0.0052286853
0.0042768473
0.0017482044
-0.0064496625
-0.0177192928
-0.0176624284
-0.0119813891
-0.0121078396
-0.0128910895
-0.0109611728
-0.0139343473
-0.0227819983
-0.0269593846
-0.0262951009
-0.0217415965
-0.0170463659
-0.0047202503
0.0043165151
0.0037922847
0.0052575016
0.0013531394
-0.0029659877
-0.0075197848
-0.0128758052
-0.0131661574
-0.0146880564
-0.0171390284
-0.0179007147
-0.0175517651
-0.0120770901
-0.0122298312
-0.0116861914
-0.0128015317
-0.0133773414
-0.0073143116
0.0034626568
0.0128838280
0.0222624809
0.0299773980
0.0317969553
0.0303021859
0.0364442227
0.0394800960
0.0363450573
0.0310600168
0.0306482324
0.0303429330
0.0338520651
0.0346777291
0.0342609110
0.0307472261
0.0306055037
0.0289424405
0.0286982636
0.0337689086
0.0401511121
0.0439174991
0.0512815714
0.0575271549
0.0639182984
0.0729121988
0.0833471476
0.0841846046
0.0839214284
0.0843389495
0.0826093788
0.0806662226
0.0798179585
0.0789014380
0.0801754763
0.0819325048
0.0900574627
0.0914657351
0.0883476654
0.0833158253
0.0784230993
0.0699229342
0.0630395880
0.0621772198
0.0622955569
0.0614268672
0.0613400074
0.0625416573
0.0632584742
0.0608328185
0.0587087851
0.0543760411
0.0525234031
0.0502834190
0.0496249628
0.0482201622
0.0495221829
0.0499835079
0.0504051420
0.0443213019
0.0421687128
0.0398446052
0.0354083997
0.0254985418
0.0220121203
0.0164134986
0.0022287487
-0.0095576445
-0.0114077483
-0.0124569995
-0.0160590378
-0.0239927972
-0.0325648694
-0.0463640281
-0.0528353419
-0.0552147665
-0.0536621109
-0.0526858224
-0.0493670989
-0.0456460846
-0.0465507518
-0.0460748813
-0.0475787431
-0.0552563693
-0.0601348106
-0.0636229891
-0.0684093447
-0.0727029127
-0.0775124074
-0.0819543724
-0.0832502330
-0.0828487420
-0.0831260473
-0.0771005654
-0.0726292144
-0.0692719944
-0.0645538155
-0.0602743152
-0.0604627134
-0.0617953401
-0.0630730403
-0.0596213198
-0.0509696947
-0.0473463117
-0.0411641026
-0.0337594325
-0.0274429432
-0.0258843887
-0.0139616042
-0.0028490696
-0.0000934733
0.0011873624
-0.0015653676
-0.0043698373
-0.0045994880
-0.0019988516
0.0040281124
0.0097785474
0.0107079043
0.0132802852
0.0141357224
0.0115561683
0.0036314752
-0.0038867031
-0.0125764111
-0.0199106215
-0.0294722455
-0.0255124625
-0.0290958923
-0.0335150423
-0.0319697612
-0.0327067804
-0.0336244034
-0.0340042945
-0.0225358589
-0.0167155909
-0.0174222354
-0.0190158276
-0.0316563114
-0.0357838082
-0.0342818568
-0.0351672834
-0.0353143565
-0.0356587785
-0.0356603922
-0.0359769740
-0.0360712338
-0.0364173506
-0.0363475426
-0.0363743972
-0.0374428215
-0.0377347523
-0.0263303278
-0.0157599689
-0.0127077689
-0.0069422084
-0.0092330753
-0.0141447211
-0.0199772848
-0.0205346266
-0.0198991714
-0.0203372508
-0.0195275712
-0.0199949696
-0.0199213190
-0.0215987598
-0.0213875972
-0.0266854766
-0.0368233292
-0.0390587575
-0.0385039900
-0.0438476464
-0.0454861151
-0.0446074014
-0.0404110918
-0.0433138585
-0.0458129419
-0.0430061151
-0.0394277705
-0.0381790084
-0.0386959323
-0.0386271439
-0.0391318799
-0.0324929642
-0.0233433351
-0.0161712674
-0.0135095084
-0.0119873093
-0.0142722525
-0.0187636878
-0.0210126664
-0.0239677895
-0.0220465696
-0.0189165147
-0.0185780228
-0.0202185983
-0.0224028269
-0.0225537385
-0.0208197005
-0.0183543394
-0.0167648137
-0.0188179975
-0.0322517616
-0.0368281052
-0.0350972661
-0.0359400856
-0.0239810432
-0.0174811884
-0.0161278772
-0.0217590505
-0.0324132669
-0.0354083261
-0.0380718991
-0.0427053818
-0.0463577028
-0.0468272696
-0.0493232144
-0.0539635924
-0.0548975446
-0.0528391145
-0.0423640359
-0.0322735046
-0.0241509341
-0.0154846491
-0.0133450603
-0.0089125323
-0.0049030965
-0.0017262393
0.0058122442
0.0112340451
0.0139052098
0.0135013626
0.0137274837
0.0157541283
0.0161422686
0.0168236980
0.0168660120
0.0150340382
0.0203196960
0.0319334243
0.0399142404
0.0384739083
0.0389428452
0.0371918137
0.0306590178
0.0231825154
0.0154707571
0.0060991690
-0.0011296002
-0.0046906404
-0.0045318326
-0.0073147113
-0.0167155482
-0.0188161609
-0.0170995292
-0.0172345777
-0.0166505930
-0.0163821186
-0.0156668949
-0.0154426282
-0.0147564349
-0.0145069224
-0.0138070928
-0.0136404179
-0.0128082589
-0.0125113798
-0.0122634996
-0.0122115610
-0.0048174871
0.0003231853
0.0002023183
-0.0075395661
-0.0099378259
-0.0086947205
-0.0089084441
-0.0009028665
0.0034433719
-0.0048111720
-0.0074731793
-0.0054538396
-0.0055091243
-0.0047041886
-0.0051256338
-0.0047798732
0.0037880105
0.0146908201
0.0160543598
0.0126277919
0.0084034485
0.0087763677
0.0015465115
-0.0013026022
0.0000485543
-0.0003839250
0.0069110525
0.0160407559
0.0195483359
0.0248251548
0.0292267552
0.0290581600
0.0263630642
0.0279425993
0.0306861601
0.0304794060
0.0344524616
0.0358805886
0.0369071740
0.0368005817
0.0364563271
0.0362183131
0.0399439653
0.0408524236
0.0353724172
0.0311761495
0.0266202181
0.0192795348
0.0105641214
0.0086592800
0.0100467227
0.0096140107
0.0102104765
0.0103864202
0.0104984496
0.0100367119
0.0172063614
0.0265836495
0.0302105652
0.0283104399
0.0276792536
0.0302066988
0.0380289975
0.0394537299
0.0446621730
0.0545978061
0.0595009495
0.0633786437
0.0634783859
0.0672685451
0.0710749806
0.0722850866
0.0731755495
0.0766586621
0.0787049764
0.0742962947
0.0766052186
0.0781055968
0.0760507878
0.0791265231
0.0789607913
0.0738876472
0.0728551757
0.0676210078
0.0632334870
0.0604036606
0.0514626728
0.0422849873
0.0409429953
0.0426095869
0.0393350190
0.0365887714
0.0343423988
0.0374943009
0.0410926884
0.0404742862
0.0404979976
0.0399528638
0.0397848458
0.0335787111
0.0298137495
0.0314868165
0.0306044267
0.0292231137
0.0262532821
0.0234012715
0.0215282372
0.0138301280
0.0115030573
0.0121161410
0.0115289255
0.0113168214
0.0112312659
0.0102732794
0.0098755632
0.0178744514
0.0251063809
0.0248186391
0.0235397473
0.0219397979
0.0242950702
0.0262959538
0.0264507309
0.0260005376
0.0231624776
0.0159744531
0.0078422693
0.0055854796
0.0065515731
0.0000762181
-0.0034915569
-0.0037492098
-0.0029615414
-0.0092881901
-0.0117314508
-0.0148422812
-0.0167995303
-0.0168025069
-0.0144537182
-0.0139504671
-0.0082668051
-0.0028882126
-0.0012782801
-0.0013318976
-0.0027875681
-0.0031572866
0.0084056363
0.0151364427
0.0192529706
0.0221216744
0.0205834736
0.0207107843
0.0228563490
0.0232568203
0.0241896675
0.0235430974
0.0179210546
0.0168220985
0.0193559308
0.0233306715
0.0267587446
0.0311501633
0.0289098421
0.0324069702
0.0373821862
0.0419095777
0.0440568091
0.0479723323
0.0556061624
0.0524882014
0.0470779399
0.0359642756
0.0238564745
0.0170029200
0.0119313563
0.0016025749
-0.0046612479
-0.0099805927
-0.0142891674
-0.0132264683
-0.0135541179
-0.0120490890
-0.0091393397
-0.0076050732
-0.0078204605
-0.0079359647
-0.0079839462
-0.0093395082
-0.0115716517
-0.0181072651
-0.0220609637
-0.0210835002
-0.0163723598
-0.0150431776
-0.0107966080
-0.0146320477
-0.0167268456
-0.0166103112
-0.0205218091
-0.0243223296
-0.0264551641
-0.0261506651
-0.0271877088
-0.0274940418
-0.0295852409
-0.0300420375
-0.0296249347
-0.0379114338
-0.0421511633
-0.0345643393
-0.0334503127
-0.0287135292
-0.0266107695
-0.0277088147
-0.0231216628
-0.0172149626
-0.0184797051
-0.0201460102
-0.0165011792
-0.0152757814
-0.0195785195
-0.0197162767
-0.0280799847
-0.0372983825
-0.0465152482
-0.0497840973
-0.0489781583
-0.0500964553
-0.0502732512
-0.0508849682
-0.0510409390
-0.0515984660
-0.0518221015
-0.0523478428
-0.0524798091
-0.0528585772
-0.0540291017
-0.0555847909
-0.0543366463
-0.0539511739
-0.0545415179
-0.0547890165
-0.0549509536
-0.0550196901
-0.0559328209
-0.0562713330
-0.0499664516
-0.0455723952
-0.0542005763
-0.0575796677
-0.0561105207
-0.0570178206
-0.0569065829
-0.0567439157
-0.0585292760
-0.0661382749
-0.0677408207
-0.0690874093
-0.0781878528
-0.0867008719
-0.0890060553
-0.0950448636
-0.0983058760
-0.0908981114
-0.0888053515
-0.0905743886
-0.0889377391
-0.0883620929
-0.0864954098
-0.0810451834
-0.0756533241
-0.0756118833
-0.0764073661
-0.0721963336
-0.0711627471
-0.0726086211
-0.0714579592
-0.0666199917
-0.0693730432
-0.0713718579
-0.0704182194
-0.0729051470
-0.0786698288
-0.0789195004
-0.0771736967
-0.0796273653
-0.0748923271
-0.0693003507
-0.0640980121
-0.0637577704
-0.0642171918
-0.0617828857
-0.0592397583
-0.0589183111
-0.0568156086
-0.0523773701
-0.0514252322
-0.0515410895
-0.0443880420
-0.0398239463
-0.0366512339
-0.0332885105
-0.0309870364
-0.0270086694
-0.0253553088
-0.0210386613
-0.0200278932
-0.0204351998
-0.0151232967
-0.0143174274
-0.0148425253
-0.0107704193
-0.0057770677
-0.0015336260
0.0035288903
0.0085946189
0.0081983524
0.0042556725
0.0063857795
0.0086063008
0.0040133948
0.0033836000
0.0087197164
0.0102853028
0.0104505780
0.0079320532
0.0077243796
0.0064243231
0.0022739862
-0.0013507435
-0.0080732029
-0.0146286957
-0.0146267177
-0.0135483260
-0.0134609427
-0.0129591620
-0.0066348802
-0.0033625613
-0.0078025367
-0.0081690505
0.0006679070
0.0016324405
0.0015649938
0.0037121180
0.0045448804
0.0065039831
-0.0001341340
-0.0040134174
-0.0025449662
-0.0001950311
0.0009903298
0.0009195602
0.0053577545
0.0117725253
0.0134362221
0.0094407821
0.0110100179
0.0113920001
0.0076391373
0.0060438646
0.0067155705
0.0059852385
0.0031687557
0.0011353776
-0.0048689497
-0.0066420042
-0.0046613728
-0.0046214428
-0.0034144209
-0.0029193491
-0.0023377141
-0.0020585258
0.0069571719
0.0153718458
0.0236042460
0.0308911133
0.0342783849
0.0394659277
0.0459582693
0.0459711766
0.0472000405
0.0470942749
0.0499311658
0.0521314872
0.0478006856
0.0422206832
0.0438849844
0.0421744674
0.0366550248
0.0364058080
0.0395731032
0.0317777887
0.0287174640
0.0308333484
0.0262140896
0.0174181927
0.0146841298
0.0166422326
0.0231015416
0.0311999925
0.0337733343
0.0398739363
0.0442233517
0.0461974951
0.0499345702
0.0519841815
0.0517692631
0.0527739394
0.0527748581
0.0536517390
0.0556352527
0.0568839567
0.0545143179
0.0553605003
0.0530450602
0.0490673798
0.0443336214
0.0381815246
0.0288952290
0.0266419621
0.0282753040
0.0281241336
0.0280217004
0.0283152114
0.0353674655
0.0396144525
0.0410653073
0.0453160857
0.0480219271
0.0518657777
0.0564307817
0.0578329323
0.0573332526
0.0561112455
0.0574658234
0.0616407086
0.0604645796
0.0648492682
0.0718706121
0.0722936215
0.0677389120
0.0706928772
0.0737189241
0.0715804343
0.0665694792
0.0649072812
0.0679943840
0.0638035539
0.0595839535
0.0579816730
0.0588472708
0.0521805716
0.0438732195
0.0349310624
0.0325415677
0.0321818409
0.0241133957
0.0181405032
0.0147190547
0.0103326546
0.0062832710
0.0023380742
-0.0021342238
-0.0006985516
-0.0023692082
-0.0011267757
0.0039308368
0.0110992163
0.0157852383
0.0220135137
0.0291728002
0.0292628156
0.0354324488
0.0418409428
0.0447566848
0.0447884319
0.0446043205
0.0446103261
0.0421781197
0.0379153698
0.0409716424
0.0415428385
0.0380827630
0.0395912619
0.0412061902
0.0347230625
0.0255320166
0.0237658409
0.0230265807
0.0223534421
0.0343503911
0.0406235192
0.0398514370
0.0469436099
0.0483681362
0.0462774063
0.0496192095
0.0515791241
0.0522650919
0.0564736631
0.0562424195
0.0592090066
0.0606021142
0.0584298972
0.0560068654
0.0548579163
0.0553984984
0.0558127227
0.0554049393
0.0545425764
0.0527110055
0.0527943158
0.0485113670
0.0470082474
0.0441756039
0.0403467339
0.0388764445
0.0337310215
0.0324686100
0.0303021826
0.0300721914
0.0284641334
0.0288719876
0.0324637972
0.0370372952
0.0340240728
0.0348081177
0.0426498915
0.0437968345
0.0364980885
0.0355313483
0.0314024437
0.0298833553
0.0307558224
0.0293681175
0.0289284807
0.0279106283
0.0276963121
0.0268870545
0.0230354462
0.0179320851
0.0149791568
0.0090253905
0.0065434949
0.0050476432
0.0031328149
0.0013948136
0.0003988388
-0.0033047738
-0.0139557068
-0.0170316883
-0.0166776053
-0.0176618789
-0.0185469678
-0.0199392513
-0.0201570235
-0.0203044441
-0.0213664139
-0.0218275743
-0.0223714663
-0.0230672590
-0.0272242901
-0.0272784153
-0.0268413650
-0.0280262946
-0.0285790618
-0.0275205655
-0.0275688280
-0.0283852248
-0.0288030416
-0.0299030550
-0.0306530697
-0.0247232024
-0.0181767836
-0.0144706149
-0.0085918299
-0.0079391099
-0.0081746642
-0.0074577386
-0.0082964924
-0.0088295818
-0.0127840401
-0.0109654917
-0.0117314866
-0.0131323138
-0.0110258597
-0.0123146509
-0.0136223584
-0.0120915163
-0.0164573034
-0.0155236520
-0.0137980846
-0.0115621623
-0.0139163825
-0.0166155936
-0.0159789579
-0.0123679368
-0.0120670395
-0.0147984308
-0.0129441122
-0.0093150300
-0.0111248095
-0.0150034182
-0.0152373834
-0.0128210083
-0.0113465250
-0.0137622661
-0.0158614121
-0.0157078339
-0.0196852987
-0.0219482094
-0.0211261186
-0.0211152075
-0.0231718291
-0.0224430652
-0.0222852742
-0.0226486453
-0.0252514643
-0.0268780458
-0.0294964217
-0.0365982212
-0.0391383794
-0.0483103204
-0.0509711438
-0.0502459680
-0.0515028763
-0.0525595437
-0.0519312458
-0.0561773124
-0.0588407239
-0.0569054289
-0.0633189865
-0.0633944365
-0.0597775492
-0.0641623315
-0.0619367576
-0.0611199869
-0.0576553451
-0.0588575862
-0.0587696544
-0.0541419575
-0.0515737190
-0.0514011110
-0.0514140381
-0.0512904762
-0.0511265166
-0.0511906783
-0.0509880957
-0.0509371432
-0.0506928699
-0.0516680661
-0.0515186729
-0.0505012945
-0.0506032932
-0.0509596496
-0.0421073609
-0.0342195214
-0.0321768701
-0.0265239530
-0.0163416768
-0.0070435571
-0.0027014416
0.0008357181
0.0099210137
0.0116207256
0.0140232716
0.0131915542
0.0108649276
0.0026268207
-0.0044540518
-0.0095843376
-0.0182705778
-0.0261974440
-0.0293240909
-0.0297920769
-0.0338383239
-0.0426974337
-0.0458521070
-0.0438533897
-0.0377015046
-0.0343676079
-0.0358125119
-0.0344934814
-0.0341866463
-0.0333528401
-0.0403335296
-0.0418417635
-0.0407501188
-0.0407669708
-0.0407237954
-0.0345697677
-0.0313907985
-0.0294814468
-0.0362038483
-0.0394674329
-0.0370808674
-0.0375737677
-0.0386460591
-0.0389330549
-0.0366496213
-0.0407367569
-0.0452627494
-0.0452586342
-0.0419707355
-0.0438244743
-0.0412262281
-0.0355103068
-0.0334545758
-0.0330447039
-0.0240988436
-0.0154537895
-0.0150405808
-0.0130255257
-0.0060131209
-0.0042470300
-0.0038701837
-0.0021003203
0.0012205586
0.0032731529
0.0025951176
0.0040602950
0.0051669227
0.0018670030
-0.0030333212
-0.0001530690
0.0001054401
0.0015750033
0.0059013342
0.0092130709
0.0094425322
0.0119109061
0.0129250035
0.0129290911
0.0115536203
0.0175717951
0.0197854042
0.0186110176
0.0147674544
0.0151602726
0.0135412414
0.0089305037
0.0099359568
0.0078182775
0.0025697293
0.0000081679
-0.0019734152
-0.0005532056
-0.0112233352
-0.0162819419
-0.0133014781
-0.0140719411
-0.0131636960
-0.0133602690
-0.0123618982
-0.0124941259
-0.0116471639
-0.0117541713
-0.0108559731
-0.0108389731
-0.0104873870
-0.0105393335
-0.0042151737
0.0004347085
0.0044530813
0.0075478113
0.0081434470
0.0065769339
0.0082502895
0.0093154385
0.0092641157
0.0096722651
0.0117288245
0.0110887599
0.0105214047
0.0091924513
0.0091334333
0.0110522910
0.0072569425
-0.0025578073
-0.0046326845
-0.0032224098
-0.0034422625
-0.0032286465
-0.0029790998
-0.0026100382
-0.0024660910
-0.0030290755
-0.0022647265
-0.0016501168
-0.0015631458
-0.0014319887
-0.0010204033
-0.0007819393
-0.0011463324
-0.0011405061
0.0074264108
0.0140792241
0.0157793425
0.0164552623
0.0166552009
0.0170761982
0.0155220410
0.0121696655
0.0096270482
0.0029976078
0.0002172095
0.0013046648
0.0067723594
0.0119299790
0.0116806080
0.0103590883
0.0110217305
0.0125154339
0.0159268447
0.0171905477
0.0161708003
0.0169708488
0.0132198302
0.0124309273
0.0126406002
0.0128841142
0.0126545668
0.0126658748
0.0126119692
0.0160495217
0.0170508591
0.0183469478
0.0207616629
0.0211849001
0.0209609510
0.0210911264
0.0210566986
0.0210529535
0.0210040371
0.0211679939
0.0208884954
0.0194384273
0.0203180699
0.0196399174
0.0184187605
0.0189780380
0.0185881180
0.0186614674
0.0185169449
0.0200632350
0.0201681615
0.0233950700
0.0286992209
0.0282460418
0.0273490412
0.0274002010
0.0306085551
0.0344282082
0.0352106271
0.0346188637
0.0351285966
0.0350959915
0.0285997761
0.0241954176
0.0182844988
0.0168736808
0.0137720084
0.0149790758
0.0124106814
0.0085314696
0.0017882541
-0.0007656176
0.0001396184
-0.0004651103
-0.0005475198
-0.0007493799
-0.0008484966
-0.0009967017
-0.0012036855
-0.0012737892
-0.0015342518
-0.0015621634
-0.0019385968
-0.0017949096
-0.0021068532
-0.0025695173
-0.0029380640
0.0037363753
0.0064765243
0.0051313713
-0.0013662759
-0.0040881124
-0.0030033297
-0.0037741564
-0.0037504139
-0.0041619851
-0.0041546719
-0.0043260076
-0.0044584127
-0.0064415414
-0.0070881036
-0.0063024223
-0.0070747512
-0.0060890286
-0.0054175092
-0.0060318385
-0.0059254990
-0.0061373884
-0.0068061228
-0.0068996163
-0.0004490578
0.0025195726
0.0023838055
0.0059791588
0.0068394322
0.0098435775
0.0108473630
0.0085033603
0.0080804195
0.0082331893
0.0050979523
0.0039359418
0.0068708888
0.0090847097
0.0073469883
0.0081448654
0.0091188235
0.0084035530
0.0066618739
0.0074844198
0.0084504020
0.0076450115
0.0061661565
0.0064851928
0.0074418454
0.0107916982
0.0142713842
0.0124318740
0.0115278916
0.0071642769
0.0100082262
0.0135559511
0.0119507561
0.0104380567
0.0138641534
0.0073984123
0.0025069732
0.0023993719
-0.0025029866
-0.0048018620
-0.0057242383
-0.0055644278
-0.0046199723
0.0004634534
0.0021781365
0.0020333686
0.0002027233
0.0006001161
-0.0028045886
-0.0064268564
-0.0131581818
-0.0155455549
-0.0151559741
-0.0161120510
-0.0092115257
-0.0011913517
-0.0010567497
-0.0017367308
-0.0006914347
-0.0045367187
-0.0063858324
-0.0067021009
-0.0080367707
-0.0068057199
-0.0079749666
-0.0065986085
-0.0068447169
-0.0150479123
-0.0177723238
-0.0165290111
-0.0173163021
-0.0170784914
-0.0172145242
-0.0185985035
-0.0231187715
-0.0245980481
-0.0239114992
-0.0235617248
-0.0257269632
-0.0246581876
-0.0241578880
-0.0209616453
-0.0183535915
-0.0178632559
-0.0181950147
-0.0189709740
-0.0186715366
-0.0064709905
-0.0042836177
-0.0040883618
-0.0003104641
-0.0003538822
0.0053995321
0.0047726211
0.0060171034
0.0080453317
0.0084046410
0.0016600607
-0.0032121078
0.0038001930
0.0010218648
-0.0010605360
-0.0005179701
-0.0003151982
-0.0021936227
-0.0016244809
-0.0023507664
0.0056684218
0.0083864130
0.0106539649
0.0139898463
0.0144178907
0.0140485523
0.0187953342
0.0204314249
0.0180703006
0.0234547030
0.0241957514
0.0244992732
0.0250139584
0.0205462436
0.0189840585
0.0209204529
0.0207837115
0.0167965631
0.0151883125
0.0126834531
0.0082908396
0.0067789487
-0.0007304593
-0.0034366618
-0.0022623131
-0.0042158402
-0.0046180517
-0.0079495865
-0.0093953736
-0.0084907910
-0.0048337062
-0.0072932112
-0.0064259288
-0.0038677369
-0.0039657089
-0.0042015883
-0.0067362654
-0.0033862073
-0.0005347948
-0.0002612015
-0.0005807980
-0.0002499449
-0.0002734331
-0.0001469740
-0.0017978685
-0.0022705334
-0.0038275435
-0.0044055191
-0.0038131896
-0.0042901137
-0.0074381503
-0.0052704113
-0.0035123149
-0.0059744555
-0.0032344457
-0.0012673196
0.0038057781
0.0090083515
0.0083929901
0.0079427693
0.0115716542
0.0127752377
0.0126816181
0.0133108599
0.0095867423
0.0114007440
0.0135865953
0.0091177073
0.0084933564
0.0089244890
0.0088480379
0.0056631192
0.0070880256
0.0030682595
0.0002987328
-0.0028479914
-0.0048396152
-0.0029153907
-0.0030496586
-0.0039168615
-0.0042879877
-0.0029415471
-0.0031044085
-0.0037602014
-0.0012548492
-0.0020399717
-0.0065451298
-0.0038379918
-0.0013515798
-0.0025445323
-0.0026592757
-0.0027359171
-0.0025276468
-0.0018370101
-0.0035702774
-0.0142867049
-0.0176796588
-0.0160443919
-0.0166649250
-0.0165478029
-0.0166441353
-0.0164430571
-0.0165130705
-0.0164804173
-0.0163473094
-0.0162877587
-0.0166899315
-0.0165900612
-0.0107689621
-0.0080051847
-0.0068302162
-0.0026184909
-0.0004779783
0.0001330194
0.0072067504
0.0077641614
0.0085298003
0.0110463404
0.0130549060
0.0151109167
0.0172878802
0.0194134981
0.0184019669
0.0190930044
0.0167959487
0.0185557461
0.0190376675
0.0183503270
0.0154437079
0.0149426791
0.0115531813
0.0109543984
0.0109815210
0.0075163489
0.0064974878
0.0112201180
0.0061907983
0.0062727730
0.0031836761
0.0017013212
0.0019998140
0.0004151285
0.0014037964
0.0007779433
-0.0004414772
-0.0012332668
-0.0006382500
-0.0041673434
-0.0052702257
-0.0069393625
-0.0056990850
-0.0008446674
-0.0002917939
-0.0013299260
-0.0007352991
-0.0010314377
-0.0006844616
-0.0009256652
-0.0008674659
-0.0018363364
0.0007666421
-0.0002252004
-0.0019431016
-0.0009373623
-0.0003699847
-0.0040796900
-0.0050208913
-0.0056934089
-0.0058286362
-0.0062334928
-0.0071154566
-0.0131696750
-0.0089537981
-0.0119390790
-0.0166692554
-0.0146564427
-0.0090053495
-0.0057595851
-0.0059069632
-0.0044095820
-0.0053921103
-0.0001524697
0.0030696899
0.0105937543
0.0120483206
0.0140660588
0.0177467167
0.0190899055
0.0180665848
0.0203237075
0.0239185608
0.0238871712
0.0245083384
0.0210409787
0.0234696385
0.0199591882
0.0183216348
0.0190554798
0.0167803105
0.0131362494
0.0079124534
0.0062292941
0.0023584263
0.0012579762
-0.0009371859
-0.0002963371
-0.0032662847
-0.0130233875
-0.0156946087
-0.0142986353
-0.0150244752
-0.0147641136
-0.0150811226
-0.0147107259
-0.0151324814
-0.0146208388
-0.0149378587
-0.0153270572
-0.0152300968
-0.0067760522
-0.0057034955
-0.0059094972
-0.0013466521
-0.0002992104
0.0008966282
0.0000398048
-0.0008992160
-0.0005024488
-0.0007711395
0.0009900266
0.0015592616
0.0028846794
0.0031508232
0.0063904022
0.0118583245
0.0122086164
0.0108259926
0.0114434145
0.0148479230
0.0170471278
0.0123609902
0.0128734133
0.0123379084
0.0112146397
0.0102490519
0.0118321378
0.0087139419
0.0092805997
0.0114631565
0.0088451299
0.0045343459
0.0031978888
0.0022602844
-0.0006056494
-0.0004260770
0.0002287430
-0.0032408608
-0.0053460606
-0.0062504604
-0.0056585067
-0.0010126634
-0.0007167880
-0.0008309357
0.0009295771
0.0030747445
0.0015400980
0.0059652985
0.0086979991
0.0074732565
0.0094561507
0.0108179882
0.0122194177
0.0128597623
0.0082499682
0.0095910352
0.0095921717
0.0075030688
0.0043964312
0.0030667483
0.0020730874
0.0027857746
0.0023941890
0.0010369328
-0.0009617812
-0.0010497980
-0.0000796420
-0.0040965319
-0.0061209722
-0.0066211892
-0.0129059107
-0.0158619645
-0.0143511674
-0.0152468683
-0.0145727920
-0.0151530668
-0.0151571861
-0.0153526397
-0.0070495355
-0.0057747998
-0.0016561928
0.0001136981
-0.0012034265
0.0012129691
0.0030246633
0.0015754938
0.0055589824
0.0108378161
0.0120730868
0.0085215806
0.0100786569
0.0118144460
0.0091634510
0.0078879231
0.0112184803
0.0134691458
0.0107212632
0.0108085738
0.0079481671
0.0072472586
0.0090752231
0.0114935368
0.0114723193
0.0117568585
0.0113871260
0.0103405592
0.0101724621
0.0100290561
0.0080356580
0.0103228479
0.0036667011
0.0007931434
0.0009857336
-0.0035278001
-0.0128487725
-0.0156226913
-0.0142339466
-0.0149244691
-0.0147504121
-0.0148417628
-0.0147483104
-0.0156834669
-0.0149385347
-0.0146231533
-0.0164075951
-0.0170348615
-0.0167066723
-0.0168548968
-0.0167600599
-0.0168214267
-0.0169543479
-0.0167801195
-0.0150116564
-0.0162279270
-0.0185930265
-0.0173131505
-0.0182779769
-0.0175945380
-0.0148477633
-0.0147189892
-0.0147822209
-0.0146808335
-0.0145440848
-0.0163927081
-0.0169496885
-0.0164720081
-0.0165769632
-0.0198700842
-0.0212268150
-0.0213877928
-0.0210876191
-0.0205989307
-0.0216847722
-0.0217324365
-0.0212859465
-0.0207699585
-0.0175338666
-0.0163943581
-0.0187137285
-0.0156293250
-0.0142309153
-0.0147759883
-0.0146591337
-0.0146071842
-0.0146032955
-0.0146799328
-0.0145387866
-0.0144098203
-0.0151433002
-0.0150334028
-0.0067572189
-0.0007480346
0.0007698390
0.0090122660
0.0120195175
0.0116790094
0.0150352935
0.0144869343
0.0137285014
0.0175394540
0.0133402480
0.0112932682
0.0135550560
0.0100738244
0.0030035180
0.0016010178
0.0008425592
-0.0037042333
-0.0053361054
-0.0045194161
-0.0048952719
-0.0055587214
-0.0047432152
-0.0050460228
-0.0006822709
-0.0023917012
-0.0034304200
-0.0044421296
-0.0049716178
-0.0004458303
-0.0033995337
-0.0045873870
-0.0037232218
-0.0063300077
-0.0132904313
-0.0149138707
-0.0141610877
-0.0144382018
-0.0144987603
-0.0144692617
-0.0144566477
-0.0144396996
-0.0144711457
-0.0144809172
-0.0143887489
-0.0143358976
-0.0148690257
-0.0145710473
-0.0084136531
-0.0057404166
-0.0020964358
0.0022462537
0.0015394728
0.0021394443
0.0016634015
0.0022479062
0.0003657950
0.0001404556
-0.0050795488
-0.0051630376
-0.0050809763
-0.0043196769
-0.0118410572
-0.0159995865
-0.0141230442
-0.0064285638
-0.0042038503
-0.0055113802
-0.0006490391
0.0017763751
0.0018015968
0.0013361139
0.0074973564
0.0112885085
0.0112124819
0.0100456951
0.0082317990
0.0111727020
0.0125334757
0.0102246118
0.0115736488
0.0123543604
0.0113294608
0.0107676774
0.0112390416
0.0130214860
0.0116206329
0.0080470714
0.0120873038
0.0140302417
0.0104531836
0.0080100402
0.0111725542
0.0126664654
0.0116617724
0.0119641310
0.0150734270
0.0168713523
0.0169656797
0.0134981060
0.0110092354
0.0127577323
0.0160577415
0.0137179461
0.0111391783
0.0165780042
0.0135452678
0.0158408232
0.0128668757
0.0115641776
0.0123071660
0.0088066115
0.0102219624
0.0117252122
0.0081736659
0.0103610052
0.0117470116
0.0110836718
0.0056688746
0.0076236881
0.0042233793
0.0026826152
0.0047479433
0.0039380715
0.0025358340
0.0016746727
0.0024650408
0.0018130462
-0.0004784851
0.0011888907
0.0024487679
-0.0007773985
0.0012429706
0.0023217078
0.0003450486
0.0014383250
0.0007047983
-0.0003293557
0.0001159082
-0.0000353909
-0.0000944191
-0.0001567373
0.0011324460
0.0008619411
-0.0031360186
-0.0011948460
0.0004902406
-0.0034533485
-0.0002935675
-0.0023247663
-0.0047261641
-0.0049742033
-0.0046561857
-0.0006006437
0.0001028374
-0.0009594256
0.0007989079
0.0020497224
0.0073378125
0.0115517595
0.0098442300
0.0102038706
0.0126194130
0.0120041106
0.0084450433
0.0092656561
0.0049207749
0.0019533305
0.0073918516
0.0092202917
0.0082713048
0.0085788988
0.0075452952
0.0093414364
0.0088256204
0.0085375574
0.0084597100
0.0089545261
0.0072888832
0.0064552269
0.0072512855
0.0060445364
0.0068116749
0.0110255797
0.0039494475
0.0029457209
0.0019595086
0.0068672965
0.0033106881
-0.0005608052
0.0029952443
0.0718773281
0.0260963702
-0.0121452696
0.0049458029
-0.0011153175
0.0013922763
-0.0017792551
0.0028297003
0.0007294880
0.0046239626
0.0072288061
0.0060212013
0.0059977482
0.0102835692
0.0035073603
0.0041240875
0.0023195017
-0.0001660905
-0.0018965634
0.0003381260
-0.0003800424
0.0002235936
-0.0005918682
0.0019195326
0.0018850661
0.0023157399
0.0000278706
0.0000764267
-0.0002815468
0.0002384804
-0.0003748871
0.0001472123
-0.0002775273
0.0008557292
-0.0002060733
0.0017374824
0.0032639049
0.0032250080
0.0071439521
0.0113585028
0.0109298308
0.0130120506
0.0087623490
0.0093167203
0.0118854188
0.0123394192
0.0109037849
0.0118968969
0.0122183808
0.0121705296
0.0087330126
0.0094597479
0.0085416410
0.0080452336
0.0088526155
0.0046088996
0.0030584862
0.0025434025
0.0016230596
0.0075853058
0.0050371391
0.0090393968
0.0134694238
0.0103462463
0.0110373313
0.0155916763
0.0162468590
0.0157603610
0.0175075348
0.0200126014
0.0201305247
0.0201394656
0.0201659932
0.0201995218
0.0185459683
0.0195257507
0.0186693665
0.0195295206
0.0205044425
0.0184494498
0.0178058362
0.0180581424
0.0197727995
0.0203188632
0.0195904056
0.0204152798
0.0241960014
0.0201956406
0.0185072718
0.0208551912
0.0198645597
0.0205235576
0.0167365694
0.0160996150
0.0121969253
0.0112276298
0.0088621438
0.0119180962
0.0096975851
0.0041491393
0.0022937149
0.0003017387
-0.0030248169
-0.0059778319
-0.0127898689
-0.0152610650
-0.0141586075
-0.0146842301
-0.0145413584
-0.0147109292
-0.0145398094
-0.0146809550
-0.0145819152
-0.0146743827
-0.0146000572
-0.0146756265
-0.0146146743
-0.0146821384
-0.0146268254
-0.0146899319
-0.0146228225
-0.0147329902
-0.0146414347
-0.0146031093
-0.0147047861
-0.0162416023
-0.0153527585
-0.0160730228
-0.0154740833
-0.0143633908
-0.0148949537
-0.0146184449
-0.0148784058
-0.0145560369
-0.0146902606
-0.0151098660
-0.0150828455
-0.0083693402
-0.0053242150
-0.0052445860
-0.0013489808
-0.0002714433
0.0010302189
0.0015897603
0.0016160418
0.0018511460
-0.0000898709
-0.0039227187
-0.0016613701
-0.0025717268
-0.0048681661
-0.0122971524
-0.0159259243
-0.0141066689
-0.0151075054
-0.0145954607
-0.0151398387
-0.0146014243
-0.0150968455
-0.0146569664
-0.0150880220
-0.0146806866
-0.0150892697
-0.0146989511
-0.0150998068
-0.0147128524
-0.0151015582
-0.0147192392
-0.0151877523
-0.0146577761
-0.0149569643
-0.0152220133
-0.0156706609
-0.0070065291
-0.0009844632
0.0009050962
0.0028936620
0.0034111740
0.0031471980
0.0065322160
0.0074330301
0.0088960424
0.0111216150
0.0116294303
0.0111963451
0.0114586801
0.0116157982
0.0116054917
0.0077517937
0.0087667886
0.0124594843
0.0099033280
0.0039021667
0.0007865161
-0.0006164953
-0.0005620331
-0.0035704752
-0.0047590640
-0.0127896794
-0.0159679042
-0.0146470101
-0.0151460560
-0.0151139236
-0.0151904126
-0.0151217125
-0.0151445165
-0.0151827081
-0.0151299932
-0.0152145422
-0.0151237689
-0.0152482486
-0.0151081806
-0.0152766440
-0.0151540117
-0.0152664107
-0.0149390058
-0.0157123273
-0.0155225336
-0.0098601244
-0.0047309620
-0.0070712656
-0.0071200409
-0.0067342990
-0.0072290812
-0.0135250434
-0.0075030250
-0.0118035583
-0.0167101129
-0.0147806298
-0.0153544408
-0.0149534828
-0.0160517291
-0.0155266345
-0.0075027112
-0.0039601949
-0.0057023078
-0.0058519144
-0.0071981033
-0.0054172339
-0.0067163650
-0.0057748306
-0.0056923070
-0.0056061882
-0.0066391852
-0.0058355257
-0.0050192055
-0.0054685144
-0.0020242094
-0.0008652392
0.0003939027
0.0009706761
0.0007826557
0.0024618306
0.0032673952
0.0029031167
0.0025239867
0.0032882960
0.0105622480
0.0128771924
0.0100392128
0.0089191108
0.0106261883
0.0120512938
0.0112219846
0.0108483744
0.0110340001
0.0094781891
0.0103462672
0.0094165836
0.0112320682
0.0127202213
0.0102521953
0.0052375875
0.0058004444
0.0026747411
0.0015841072
0.0035487559
0.0026169178
0.0015196129
0.0003806923
-0.0002466719
-0.0015539714
-0.0041881936
-0.0063349693
-0.0065817676
-0.0140639563
-0.0160972954
-0.0160278815
-0.0161327081
-0.0163660606
-0.0161836810
-0.0163282089
-0.0161385896
-0.0163275328
-0.0161084637
-0.0163824191
-0.0159625115
-0.0161665231
-0.0165943175
-0.0164762360
-0.0080976549
-0.0066118773
-0.0070775830
-0.0063472483
-0.0063126441
-0.0058083807
-0.0061536175
-0.0017020953
-0.0011526608
-0.0019541943
-0.0017148342
-0.0016437915
-0.0015385636
-0.0017714738
-0.0026427984
-0.0003853996
0.0020380842
0.0029741718
0.0073764039
0.0102616269
0.0102430120
0.0132386666
0.0147846242
0.0173664958
0.0172570653
0.0160955658
0.0164339377
0.0137866469
0.0158275499
0.0150497339
0.0106186976
0.0101917354
0.0114618314
0.0051358240
0.0017056461
0.0008550965
-0.0000927583
0.0018783860
0.0023406316
0.0021886577
0.0005512889
0.0000523229
0.0000876527
0.0000694502
0.0018221013
0.0022196992
0.0003755330
0.0015904925
0.0023075536
0.0004802888
0.0013832811
0.0008262709
0.0012848765
0.0009757362
-0.0001565557
-0.0014047280
-0.0036830393
-0.0007357249
-0.0021951570
-0.0010647093
0.0019630597
0.0021619283
0.0004422508
-0.0005582298
-0.0000862932
0.0052656636
0.0070577354
0.0061087918
0.0096047578
0.0105670178
0.0102732748
0.0104520591
0.0079493142
0.0053556667
0.0067095768
0.0084389731
0.0073669217
0.0051664827
0.0050285575
0.0088474540
0.0062667556
0.0072271091
0.0092073448
0.0075503779
0.0083182038
0.0083933613
0.0084080848
0.0081675958
0.0082625402
0.0080647042
0.0080764679
0.0079035610
0.0080780391
0.0076867385
0.0064368728
0.0067924192
0.0057371594
-0.0002445316
-0.0018267257
-0.0026480774
-0.0034797373
-0.0031431593
-0.0033824214
-0.0041387068
-0.0037291632
-0.0018684480
-0.0015787296
-0.0002679781
0.0002011116
0.0001386595
0.0001702461
-0.0012759677
-0.0032140620
-0.0034382011
-0.0057574006
-0.0084016976
-0.0141210848
-0.0161261734
-0.0150815865
-0.0154567442
-0.0152241604
-0.0152833868
-0.0150322512
-0.0150434088
-0.0149036274
-0.0148416911
-0.0146007134
-0.0146438144
-0.0158179831
-0.0149970681
-0.0151049723
-0.0152835325
-0.0184815834
-0.0198599708
-0.0183977255
-0.0162476186
-0.0146661464
-0.0154040345
-0.0147795924
-0.0150573428
-0.0131695916
-0.0129705371
-0.0126836810
-0.0129009194
-0.0123224658
-0.0125203693
-0.0124315408
-0.0126232027
-0.0071434759
-0.0042272898
-0.0017073313
0.0003608363
0.0017158602
0.0023661407
0.0052198196
0.0029311364
0.0038737175
0.0086424127
0.0081570263
0.0052437726
0.0024052737
0.0007197758
0.0017460034
-0.0014686002
-0.0018629102
-0.0026734295
-0.0041070454
-0.0095356776
-0.0119960284
-0.0106041044
-0.0111060896
-0.0106886684
-0.0108503202
-0.0104199013
-0.0105355246
-0.0101830549
-0.0102443029
-0.0099196205
-0.0099584877
-0.0096493782
-0.0096780147
-0.0093710646
-0.0093908241
-0.0090909801
-0.0091544331
-0.0087303298
-0.0087623062
-0.0088812495
-0.0086196714
-0.0031398946
-0.0021592180
-0.0001406244
0.0027201366
0.0024869761
0.0036293716
0.0030017194
0.0035062613
0.0028320589
0.0034170715
0.0063912683
0.0065307511
0.0087069134
0.0098347132
0.0075909631
0.0072275079
0.0083414608
0.0081504646
0.0069486232
0.0070689144
0.0085693002
0.0079310980
0.0055258008
0.0069150323
0.0083044329
0.0075132725
0.0078557782
0.0074510530
0.0053317277
0.0055750972
0.0033869203
0.0024249220
0.0019202379
0.0015025662
-0.0003792989
-0.0011073771
0.0002881984
0.0009719912
-0.0009798863
-0.0028262581
-0.0062555979
-0.0075318110
-0.0067318624
-0.0069737503
-0.0065983484
-0.0065985013
-0.0065765735
-0.0065036928
-0.0027725450
-0.0012578976
-0.0010839515
0.0010352785
0.0019840532
0.0001623052
-0.0006628970
-0.0043361836
-0.0059554375
-0.0049948147
-0.0052674426
-0.0049166885
-0.0049962602
-0.0046144465
-0.0046865839
-0.0043309211
-0.0043898095
-0.0040374619
-0.0041235938
-0.0036743946
-0.0038146578
-0.0036624461
-0.0033938942
-0.0003622795
-0.0022921317
-0.0008082594
0.0017981805
0.0027538165
0.0027213622
0.0035351484
0.0045519734
0.0045021310
0.0043346849
0.0062893702
0.0079461283
0.0055231540
0.0067912988
0.0074975286
0.0079262785
0.0071670677
0.0060059210
0.0074714275
0.0070745502
0.0063414900
0.0067463020
0.0064252811
0.0070576701
0.0067550511
0.0068511993
0.0061325979
0.0053453887
0.0036450596
0.0032431000
0.0039135726
0.0035233594
0.0036730021
0.0029509950
0.0034210682
0.0030135769
0.0033146247
0.0029771941
0.0032671242
0.0029633654
0.0030875352
0.0029703355
0.0041914452
0.0034710142
0.0039789725
0.0047524611
0.0043361498
0.0048549254
0.0046096261
0.0044541752
0.0047778303
0.0048386797
0.0046725318
0.0045865164
0.0044972960
0.0042757762
0.0042117311
0.0034683604
0.0040671611
0.0041606306
0.0032754946
0.0023489061
0.0028278536
0.0031791510
0.0029297866
0.0020784505
0.0017384388
0.0020932616
0.0018241506
0.0014462725
0.0016177627
0.0019526118
0.0017391999
0.0018326302
0.0014255797
0.0013986793
0.0013520115
0.0014013459
0.0012913051
0.0013657162
0.0015420761
0.0016200384
0.0015264103
0.0021697646
0.0020917618
0.0019718053
0.0025448928
0.0026635220
0.0019162977
0.0022618969
0.0024706480
0.0022914510
0.0019642787
0.0018006652
0.0015781766
0.0014631533
0.0016504798
0.0014494028
0.0012935200
0.0015693059
0.0017859398
0.0015738742
0.0011828024
0.0011524634
0.0013282704
0.0009290243
0.0009189787
0.0011426771
0.0007253619
0.0005963954
0.0005026956
0.0005766238
0.0004798583
0.0004127504
0.0005521989
0.0005790003
0.0004308943
0.0003951820
0.0004210457
0.0004017359
0.0002408144
0.0002637086
0.0003536758
0.0001227928
0.0000001441
0.0001320210
0.0001390528
-0.0002708754
-0.0003405806
0.0001315413
-0.0000968336
-0.0002526216
-0.0001229005
-0.0001097773
-0.0000855348
-0.0000530600
0.0002791403
0.0003361102
0.0003279867
0.0003827333
0.0005010478
0.0005585597
0.0005057395
0.0004203169
0.0003827500
0.0004177270
0.0004873899
0.0004513031
0.0004027468
0.0004001451
0.0003973899
0.0004370371
0.0004339936
0.0005050494
0.0005199228
0.0004978471
0.0004747272
0.0004882469
0.0005242692
0.0005354195
0.0005362532
0.0005244892
0.0005665032
0.0005905585
0.0005957280
0.0006012379
0.0005480870
0.0005500978
0.0005383602
0.0005243258
0.0005072541
0.0005236986
0.0005119992
0.0004928536
0.0004883578
0.0004741034
0.0004610358
0.0004558904
0.0004201818
0.0004150924
0.0004075401
0.0004015205
0.0003738397
0.0003612973
0.0003546871
0.0003530220
0.0003252965
0.0003106515
0.0003139855
0.0003092624
0.0003016392
0.0003035692
0.0002941560
0.0002914147
0.0002898963
0.0002802552
0.0002781570
0.0002825734
0.0002901392
0.0002935753
0.0002931654
0.0002969729
0.0002947060
0.0002957889
0.0002949422
0.0002946420
0.0002930037
0.0002911202
0.0002897144
0.0002893829
0.0002890460
0.0002881698
0.0002853970
0.0002843329
0.0002829331
0.0002812635
0.0002799569
0.0002794235
0.0002782403
0.0002776030
0.0002767444
0.0002764468
0.0002755921
0.0002752092
0.0002745830
0.0002741383
0.0002735510
0.0002731905
0.0002726634
0.0002723502
0.0002719394
0.0002716561
0.0002713316
0.0002711050
0.0002708566
0.0002706818
0.0002705087
0.0002703873
0.0002702818
0.0002702140
0.0002701726
0.0002701619
