0.0029454847
0.0029465763
0.0029476418
0.0029486905
0.0029497199
0.0029507369
0.0029517410
0.0029527257
0.0029536958
0.0029546479
0.0029555778
0.0029564890
0.0029573722
0.0029582237
0.0029590412
0.0029598337
0.0029606168
0.0029613727
0.0029621380
0.0029628922
0.0029636313
0.0029642911
0.0029648797
0.0029653772
0.0029658642
0.0029663347
0.0029668567
0.0029673847
0.0029679419
0.0029684538
0.0029690166
0.0029697219
0.0029708370
0.0029724132
0.0029744364
0.0029765966
0.0029788769
0.0029810073
0.0029826615
0.0029833239
0.0029830535
0.0029820308
0.0029804153
0.0029775781
0.0029727169
0.0029653107
0.0029571558
0.0029521376
0.0029525699
0.0029559235
0.0029597738
0.0029642396
0.0029708530
0.0029794203
0.0029884550
0.0029948887
0.0029968568
0.0029946783
0.0029896221
0.0029819850
0.0029726064
0.0029605986
0.0029462286
0.0029330195
0.0029250592
0.0029232942
0.0029298040
0.0029439238
0.0029633085
0.0029857565
0.0030104637
0.0030332926
0.0030470749
0.0030459003
0.0030353969
0.0030231668
0.0030096949
0.0029880911
0.0029508479
0.0028931819
0.0028217336
0.0027601931
0.0027505425
0.0027978331
0.0028561676
0.0029003153
0.0029483822
0.0030117998
0.0030696269
0.0030911466
0.0030821584
0.0030731425
0.0030711096
0.0030662382
0.0030570954
0.0030416786
0.0030155350
0.0029775889
0.0029417783
0.0029231184
0.0029239321
0.0029313564
0.0029318668
0.0029246070
0.0029216627
0.0029254328
0.0029300713
0.0029293289
0.0029196863
0.0029002226
0.0028775315
0.0028553552
0.0028352952
0.0028087813
0.0027637031
0.0026974516
0.0026241882
0.0025613711
0.0025151679
0.0024721088
0.0024203279
0.0023649684
0.0023345630
0.0023666071
0.0024691072
0.0026059818
0.0027403541
0.0028579542
0.0029474028
0.0029882318
0.0029759528
0.0029308806
0.0028843209
0.0028418131
0.0028010653
0.0027648460
0.0027267722
0.0026640257
0.0025903707
0.0025578156
0.0025938154
0.0026712930
0.0027512591
0.0028019648
0.0028167199
0.0028064121
0.0027872369
0.0027631264
0.0027374561
0.0027078778
0.0026830864
0.0026856832
0.0027436708
0.0028539918
0.0029896348
0.0031139314
0.0031789032
0.0031548482
0.0030661089
0.0029360270
0.0027674589
0.0025566538
0.0023102246
0.0020679802
0.0018792632
0.0017817218
0.0018684681
0.0021898012
0.0026492397
0.0030998494
0.0034529502
0.0036732663
0.0037189712
0.0035392729
0.0032256406
0.0029501334
0.0027561495
0.0025486045
0.0022432133
0.0018672517
0.0015788059
0.0016025637
0.0019605956
0.0023940000
0.0027162534
0.0029226318
0.0030666554
0.0031618757
0.0031957822
0.0031418919
0.0030493903
0.0030056995
0.0030228147
0.0030457535
0.0030505552
0.0030520432
0.0030793200
0.0031152806
0.0031097158
0.0030278080
0.0028623853
0.0026380070
0.0024106250
0.0021999378
0.0019936499
0.0017827063
0.0016048770
0.0015373860
0.0016254807
0.0018251324
0.0020825332
0.0023615283
0.0026389803
0.0028716345
0.0030449250
0.0031196429
0.0030426522
0.0028136682
0.0025053810
0.0021704518
0.0017771508
0.0012507423
0.0006493836
0.0001623171
-0.0000169453
0.0001287113
0.0005017674
0.0010532797
0.0017660947
0.0025824198
0.0034243351
0.0041784104
0.0046449670
0.0047453748
0.0046591533
0.0045945411
0.0046252016
0.0046775234
0.0046584916
0.0045414328
0.0043465875
0.0040491514
0.0036385626
0.0031872161
0.0027908205
0.0023686963
0.0018066886
0.0012459979
0.0011785554
0.0017373608
0.0024260914
0.0029140779
0.0032468546
0.0035415379
0.0038269561
0.0041118566
0.0044145579
0.0047025600
0.0048678849
0.0048848957
0.0048066129
0.0046339235
0.0043443592
0.0038929152
0.0032155923
0.0023220795
0.0014578721
0.0009202814
0.0008951514
0.0013090379
0.0017642277
0.0019945264
0.0020658911
0.0021496037
0.0022764456
0.0023775117
0.0024233501
0.0024331875
0.0024211044
0.0024329800
0.0025203769
0.0026941932
0.0029568102
0.0033010520
0.0036778948
0.0039742985
0.0040775865
0.0039709110
0.0037641581
0.0036153939
0.0036102215
0.0037118967
0.0038520844
0.0039716471
0.0040629673
0.0041437122
0.0042185178
0.0042940321
0.0043621000
0.0043836625
0.0043469300
0.0042435653
0.0040744889
0.0038567142
0.0035976149
0.0032522409
0.0028030561
0.0022993335
0.0018714101
0.0015719943
0.0013875208
0.0013833546
0.0016699154
0.0023109077
0.0032311821
0.0042609024
0.0053067847
0.0062428279
0.0069387383
0.0074525775
0.0078714960
0.0080706870
0.0079817097
0.0078182537
0.0076799249
0.0073789530
0.0067129252
0.0056333830
0.0042322448
0.0027284128
0.0015492609
0.0010665102
0.0010288959
0.0010391881
0.0011807203
0.0016370719
0.0024387611
0.0035409749
0.0047574839
0.0057808396
0.0064527995
0.0066884152
0.0063864967
0.0057611603
0.0052281012
0.0049510570
0.0048032164
0.0046503531
0.0045501847
0.0046110656
0.0047621927
0.0048554580
0.0048496064
0.0047766419
0.0047080152
0.0046769090
0.0046590702
0.0046191704
0.0045453080
0.0044334131
0.0043064175
0.0042191350
0.0042375816
0.0044260296
0.0048382561
0.0054798273
0.0063146466
0.0072661281
0.0082595303
0.0090965914
0.0095150208
0.0094472335
0.0091108041
0.0087422710
0.0083906390
0.0079934675
0.0074696867
0.0067726031
0.0059998480
0.0053814530
0.0052256082
0.0055361085
0.0059689919
0.0063432620
0.0067098227
0.0071761543
0.0077707105
0.0084205265
0.0090394600
0.0095573629
0.0098899336
0.0099691649
0.0098018200
0.0095011244
0.0091706924
0.0087714897
0.0081212400
0.0070563870
0.0056889079
0.0045155470
0.0039449351
0.0038590597
0.0039584570
0.0040886732
0.0042475969
0.0044877227
0.0048629648
0.0053514563
0.0058739691
0.0064940676
0.0073742258
0.0084660382
0.0096443364
0.0108101449
0.0117663491
0.0122640332
0.0124183626
0.0124940660
0.0125138889
0.0123390503
0.0117013685
0.0103575283
0.0083025835
0.0060709850
0.0046830448
0.0048445892
0.0060621818
0.0072864384
0.0081436548
0.0090035921
0.0102870523
0.0119036420
0.0134076811
0.0147352654
0.0160287956
0.0167218074
0.0165660297
0.0162487727
0.0162484427
0.0164335405
0.0165247994
0.0163322751
0.0157091343
0.0145530634
0.0130249703
0.0116940434
0.0112591750
0.0117027609
0.0123230456
0.0127360397
0.0130723708
0.0135212511
0.0141491611
0.0149344107
0.0157447438
0.0164265652
0.0169589102
0.0172583359
0.0172712629
0.0171322919
0.0169268346
0.0166561698
0.0163158056
0.0159390933
0.0156351241
0.0155643375
0.0158714772
0.0165683115
0.0175510925
0.0187300632
0.0199338016
0.0208187843
0.0210681294
0.0208416897
0.0206583272
0.0206814045
0.0207518472
0.0207582857
0.0206121913
0.0200963049
0.0189446286
0.0169100332
0.0140003725
0.0108473024
0.0083922695
0.0064246528
0.0044146606
0.0027560963
0.0012727001
-0.0007463086
-0.0031912606
-0.0051976445
-0.0068516770
-0.0089019644
-0.0110494158
-0.0130263333
-0.0153062761
-0.0177945384
-0.0198328399
-0.0213585013
-0.0226326065
-0.0236149477
-0.0240868137
-0.0241813715
-0.0241633415
-0.0239279143
-0.0231572807
-0.0215489839
-0.0190717879
-0.0161912338
-0.0134651168
-0.0110502075
-0.0093070876
-0.0083918691
-0.0077201486
-0.0069268834
-0.0059563055
-0.0047271857
-0.0034803986
-0.0026043322
-0.0020172323
-0.0012787060
-0.0001578609
0.0013281768
0.0030225506
0.0047184791
0.0062108917
0.0073924165
0.0083947619
0.0092654402
0.0099935159
0.0107233449
0.0116939279
0.0127597214
0.0136522140
0.0145395504
0.0157699333
0.0173955179
0.0189768027
0.0201886750
0.0211881280
0.0220441603
0.0226613916
0.0228260689
0.0226356735
0.0223102510
0.0215469856
0.0196207869
0.0161505812
0.0116999403
0.0079334054
0.0057131261
0.0038356025
0.0009094315
-0.0025757300
-0.0054776778
-0.0076596983
-0.0092424601
-0.0102949559
-0.0112682457
-0.0124301186
-0.0133452268
-0.0138527879
-0.0142814036
-0.0149112499
-0.0157013817
-0.0165572993
-0.0173701967
-0.0179950046
-0.0182525000
-0.0181590491
-0.0178937914
-0.0174983436
-0.0168656664
-0.0159028213
-0.0146165852
-0.0132756068
-0.0123136070
-0.0119227794
-0.0118133098
-0.0115474145
-0.0109527150
-0.0100102369
-0.0085785766
-0.0064916992
-0.0037193737
-0.0005996108
0.0019130469
0.0032058208
0.0038401197
0.0045302587
0.0053413494
0.0059941204
0.0065109004
0.0071305534
0.0079171186
0.0089293756
0.0102749161
0.0120654287
0.0142780427
0.0165564136
0.0182913909
0.0191634680
0.0193273671
0.0190518063
0.0187294702
0.0184356033
0.0174787919
0.0149894395
0.0108238295
0.0061947678
0.0031641803
0.0028159985
0.0042083533
0.0054481806
0.0056352574
0.0052846148
0.0051734100
0.0056048522
0.0064311585
0.0073099643
0.0079675615
0.0083121576
0.0085439896
0.0090730540
0.0101505087
0.0116947870
0.0135466394
0.0155708183
0.0178940472
0.0207250367
0.0241222085
0.0279976203
0.0321168629
0.0360865120
0.0391816249
0.0416964589
0.0447545600
0.0480714467
0.0505459911
0.0521538680
0.0535349345
0.0549108697
0.0560420838
0.0567687701
0.0570593301
0.0570887670
0.0570503187
0.0567090443
0.0554884685
0.0529968806
0.0495277489
0.0463722991
0.0449488158
0.0447277567
0.0438929676
0.0422467829
0.0409286164
0.0401638865
0.0393303686
0.0384083177
0.0377128503
0.0371540962
0.0364542641
0.0355182176
0.0343823221
0.0330214121
0.0312247338
0.0288798424
0.0261093535
0.0232120015
0.0203163080
0.0170834825
0.0136342671
0.0102440038
0.0067775142
0.0035384122
0.0010555961
-0.0007678598
-0.0026362187
-0.0043570694
-0.0051966709
-0.0053227515
-0.0052315265
-0.0050292377
-0.0043605268
-0.0027379627
-0.0001468074
0.0027071288
0.0048505066
0.0058846463
0.0061054214
0.0060064064
0.0059306389
0.0058473238
0.0054331400
0.0041296372
0.0014876626
-0.0022014970
-0.0054594390
-0.0068789116
-0.0067879050
-0.0065592902
-0.0066821962
-0.0067921490
-0.0067335477
-0.0060733677
-0.0038715958
0.0004606171
0.0063382193
0.0118765589
0.0162619784
0.0203342639
0.0238390244
0.0266830073
0.0301638288
0.0342182935
0.0373465316
0.0393233289
0.0404605262
0.0404882923
0.0398328672
0.0393770083
0.0388767180
0.0372273871
0.0339280696
0.0300158052
0.0277061931
0.0276014555
0.0279911585
0.0279355934
0.0277443539
0.0276577662
0.0274991448
0.0271829259
0.0267297800
0.0260858950
0.0249220703
0.0227803305
0.0193730902
0.0151076949
0.0110829454
0.0079184288
0.0050819327
0.0023229942
0.0001995327
-0.0007074844
-0.0005223628
-0.0002174016
-0.0006049827
-0.0016690601
-0.0031169761
-0.0045342851
-0.0054388881
-0.0053615106
-0.0043018197
-0.0028882436
-0.0019726231
-0.0020894003
-0.0030801620
-0.0040820094
-0.0043124872
-0.0032467420
-0.0006000733
0.0036143638
0.0085111666
0.0122699711
0.0134865821
0.0130666323
0.0123567077
0.0115539431
0.0102409824
0.0073250463
0.0017810757
-0.0052851672
-0.0120893473
-0.0175106120
-0.0214998646
-0.0249042850
-0.0269822061
-0.0271550946
-0.0264128164
-0.0259705714
-0.0261184317
-0.0259259857
-0.0243239265
-0.0214694520
-0.0184825919
-0.0163731795
-0.0162537482
-0.0177428460
-0.0187951424
-0.0186254507
-0.0180987562
-0.0180154943
-0.0184865299
-0.0195330130
-0.0212615031
-0.0233359714
-0.0248153020
-0.0247056992
-0.0232439550
-0.0215972035
-0.0200934440
-0.0183065896
-0.0161398055
-0.0137338509
-0.0115606735
-0.0105173998
-0.0105862456
-0.0106577462
-0.0099478055
-0.0083655790
-0.0059304959
-0.0026454972
0.0010909050
0.0045337268
0.0071999002
0.0093323673
0.0112219753
0.0129719902
0.0147567208
0.0166739592
0.0190631070
0.0217473119
0.0244046321
0.0270656147
0.0292311506
0.0300497549
0.0298486913
0.0296976790
0.0298671335
0.0298241696
0.0288415141
0.0264337126
0.0227812940
0.0191798605
0.0172021441
0.0168922867
0.0169881164
0.0164038847
0.0147283038
0.0124557267
0.0102715583
0.0084467787
0.0071508905
0.0065096762
0.0064478229
0.0066236365
0.0066784729
0.0063694033
0.0055599920
0.0041949519
0.0021168392
-0.0009039667
-0.0046899477
-0.0078393071
-0.0093254171
-0.0099096474
-0.0104699028
-0.0114789625
-0.0128956589
-0.0143570994
-0.0157638446
-0.0171542746
-0.0185086283
-0.0199835312
-0.0215740876
-0.0234555574
-0.0260343494
-0.0294722232
-0.0334019806
-0.0368188292
-0.0392810026
-0.0409700732
-0.0415684174
-0.0411205135
-0.0398865159
-0.0369668030
-0.0309437735
-0.0218899525
-0.0120895102
-0.0060257488
-0.0044923642
-0.0033306576
-0.0012767485
-0.0003727085
-0.0008123881
-0.0007241655
0.0003189467
0.0015234041
0.0021295012
0.0017656570
0.0000091666
-0.0032798034
-0.0076002272
-0.0112575475
-0.0135977040
-0.0156676681
-0.0175819575
-0.0188012647
-0.0199670771
-0.0215441145
-0.0220240930
-0.0191134208
-0.0117653964
-0.0009987786
0.0096939102
0.0161722628
0.0175183479
0.0177842464
0.0209928446
0.0257184658
0.0275687327
0.0263879755
0.0250253244
0.0236283737
0.0203216712
0.0146165555
0.0087193670
0.0065311223
0.0084261459
0.0102956884
0.0101569982
0.0090439817
0.0079307552
0.0068044985
0.0057758155
0.0051443204
0.0049747561
0.0050992139
0.0054939550
0.0061811087
0.0072469254
0.0088082684
0.0107982503
0.0127486110
0.0140868632
0.0145491925
0.0142254363
0.0135032925
0.0128851160
0.0122923544
0.0112706597
0.0096318849
0.0078162295
0.0067138346
0.0069513831
0.0080867492
0.0092572701
0.0102188395
0.0112106231
0.0122136341
0.0128723805
0.0128800792
0.0124057673
0.0117623347
0.0109628224
0.0096872594
0.0076163315
0.0048906467
0.0025266317
0.0012679283
0.0008968713
0.0007152425
-0.0000978049
-0.0016769505
-0.0038623464
-0.0067281535
-0.0100802894
-0.0136439670
-0.0175510423
-0.0214923905
-0.0249654785
-0.0277058966
-0.0295996871
-0.0305378344
-0.0302454102
-0.0296296308
-0.0299263475
-0.0302322496
-0.0286467669
-0.0246236990
-0.0195943367
-0.0155361102
-0.0140246193
-0.0148501395
-0.0160499619
-0.0162403207
-0.0152873047
-0.0137977122
-0.0128948714
-0.0139641247
-0.0178442477
-0.0237847080
-0.0298473680
-0.0336779225
-0.0345149977
-0.0344443867
-0.0352125441
-0.0364737987
-0.0372385902
-0.0374668273
-0.0375434413
-0.0374703678
-0.0368489132
-0.0352300710
-0.0325232319
-0.0291108053
-0.0257992011
-0.0230593859
-0.0205028708
-0.0175585874
-0.0142584394
-0.0111272568
-0.0084992495
-0.0067273176
-0.0058012035
-0.0052618804
-0.0048296838
-0.0044122732
-0.0037826211
-0.0028994370
-0.0021350441
-0.0019284634
-0.0026033318
-0.0046146287
-0.0083271170
-0.0132952517
-0.0176098619
-0.0196044017
-0.0200261754
-0.0201219543
-0.0199088418
-0.0194425016
-0.0187633938
-0.0169950042
-0.0130242042
-0.0072143043
-0.0015795027
0.0019012986
0.0033903077
0.0040482088
0.0044005147
0.0048613728
0.0053966975
0.0053357937
0.0037912062
0.0003055882
-0.0043491419
-0.0078218630
-0.0084104842
-0.0070286530
-0.0056102891
-0.0051903353
-0.0059272470
-0.0075235247
-0.0096538268
-0.0121959239
-0.0150693641
-0.0180109040
-0.0206762968
-0.0231040934
-0.0258453834
-0.0286504979
-0.0313415931
-0.0344054278
-0.0371276216
-0.0383547431
-0.0386148561
-0.0389644509
-0.0387822617
-0.0364471044
-0.0307330723
-0.0227515893
-0.0156851553
-0.0127508397
-0.0132541365
-0.0140736075
-0.0139386145
-0.0129072624
-0.0119049869
-0.0112488502
-0.0105931785
-0.0097365745
-0.0087443740
-0.0076824357
-0.0065173177
-0.0052818609
-0.0043676063
-0.0044198222
-0.0056722269
-0.0080409597
-0.0117595640
-0.0167795421
-0.0218144771
-0.0258264832
-0.0293747504
-0.0328290378
-0.0356866430
-0.0377877737
-0.0394462073
-0.0405637701
-0.0412483927
-0.0414105297
-0.0398850513
-0.0345848218
-0.0246207195
-0.0125001465
-0.0029800669
0.0019484100
0.0048792299
0.0080039750
0.0111063791
0.0139075213
0.0163568849
0.0187208720
0.0207039393
0.0221553573
0.0232537168
0.0237432890
0.0218155040
0.0153210639
0.0040658737
-0.0077782264
-0.0170340899
-0.0250950557
-0.0335140935
-0.0420395264
-0.0493525360
-0.0544553293
-0.0572454272
-0.0592524601
-0.0627920846
-0.0678160626
-0.0716094772
-0.0720327193
-0.0700707997
-0.0674552158
-0.0640520630
-0.0601294212
-0.0572916947
-0.0566543842
-0.0584430794
-0.0608098224
-0.0613005216
-0.0599036999
-0.0579505685
-0.0557612524
-0.0524710218
-0.0471887298
-0.0402292010
-0.0324583982
-0.0240726247
-0.0145762219
-0.0044749160
0.0047939322
0.0131265080
0.0220141358
0.0330043912
0.0465560909
0.0614227466
0.0760415005
0.0900248809
0.1028895942
0.1119677103
0.1129727586
0.1029359636
0.0844720628
0.0626724928
0.0419295825
0.0265364597
0.0166756427
0.0094990680
0.0045015877
0.0039556330
0.0080228113
0.0112644579
0.0093333943
0.0054006248
0.0040341343
0.0062493491
0.0104034738
0.0144811126
0.0174537688
0.0187547291
0.0186043530
0.0183069558
0.0183628832
0.0176882999
0.0146731057
0.0087187663
0.0014325781
-0.0038579838
-0.0060769998
-0.0076397477
-0.0107344165
-0.0148971345
-0.0185466897
-0.0216403586
-0.0257036580
-0.0315255546
-0.0372198075
-0.0408245166
-0.0435063368
-0.0468437198
-0.0501813516
-0.0526969940
-0.0549311495
-0.0568075177
-0.0567565670
-0.0543716470
-0.0491899280
-0.0399850426
-0.0276342405
-0.0175964907
-0.0123183205
-0.0082932748
-0.0026599714
0.0029617232
0.0071881705
0.0120234739
0.0166359014
0.0188101105
0.0195986650
0.0221115688
0.0258559897
0.0266505577
0.0216470537
0.0116540097
0.0000489896
-0.0078500693
-0.0100279071
-0.0103562946
-0.0125949964
-0.0157830304
-0.0173807929
-0.0177400326
-0.0183454488
-0.0188893782
-0.0184466718
-0.0165555108
-0.0136456600
-0.0106386112
-0.0083902411
-0.0078187960
-0.0086733890
-0.0093962088
-0.0092947924
-0.0090114176
-0.0091324285
-0.0094364445
-0.0097393041
-0.0101158079
-0.0106461688
-0.0112696235
-0.0120129299
-0.0129450450
-0.0139907572
-0.0150692547
-0.0163253114
-0.0178002467
-0.0191323615
-0.0197716219
-0.0198304388
-0.0198714636
-0.0203035047
-0.0211512033
-0.0223512748
-0.0239316645
-0.0259764400
-0.0286037263
-0.0317811846
-0.0352008232
-0.0386435965
-0.0422887475
-0.0454705001
-0.0473376100
-0.0478141041
-0.0478044243
-0.0485825591
-0.0495656029
-0.0489941321
-0.0456249014
-0.0389224017
-0.0298683532
-0.0214611074
-0.0180522178
-0.0194811855
-0.0206576864
-0.0193160506
-0.0166085685
-0.0138994430
-0.0116303814
-0.0099518415
-0.0087362475
-0.0077377382
-0.0070040541
-0.0067465367
-0.0073384609
-0.0095381518
-0.0138468589
-0.0193162013
-0.0238998685
-0.0261473192
-0.0268240661
-0.0278433302
-0.0299657235
-0.0321573749
-0.0333006580
-0.0336685965
-0.0341264706
-0.0355293880
-0.0374633928
-0.0384416034
-0.0380088430
-0.0374421371
-0.0373632489
-0.0374322418
-0.0372224317
-0.0367114525
-0.0359161518
-0.0348774614
-0.0335381584
-0.0319063247
-0.0301668308
-0.0287619071
-0.0274441797
-0.0255115362
-0.0230542606
-0.0202065487
-0.0164110108
-0.0122196524
-0.0084870995
-0.0049484779
-0.0012968090
0.0017441310
0.0037923475
0.0051980964
0.0062861843
0.0073724034
0.0086029639
0.0093026798
0.0080245708
0.0032704594
-0.0049531543
-0.0142913411
-0.0205807240
-0.0225849188
-0.0230748653
-0.0236225975
-0.0247738631
-0.0266079577
-0.0282604006
-0.0287485503
-0.0282149072
-0.0279124308
-0.0282656149
-0.0288681892
-0.0293393400
-0.0295966803
-0.0295068588
-0.0287667173
-0.0269485779
-0.0237123674
-0.0190855026
-0.0138603158
-0.0094286891
-0.0062037593
-0.0031190284
0.0003165418
0.0033187847
0.0052536507
0.0067168591
0.0079995206
0.0089968711
0.0098927098
0.0105129520
0.0101785806
0.0079697770
0.0032802208
-0.0027502895
-0.0071196644
-0.0086652462
-0.0093865344
-0.0106163504
-0.0122214788
-0.0139205233
-0.0159767056
-0.0180786411
-0.0200733325
-0.0225928810
-0.0255117183
-0.0282479907
-0.0308831313
-0.0331023865
-0.0344217109
-0.0353390174
-0.0361751736
-0.0358560566
-0.0328295152
-0.0262951685
-0.0173854565
-0.0095352257
-0.0068283377
-0.0085838939
-0.0098640942
-0.0082143149
-0.0047792800
-0.0012133450
0.0020565632
0.0050806624
0.0072957511
0.0082931130
0.0086410809
0.0090183047
0.0093007577
0.0087659837
0.0066644680
0.0027342562
-0.0020666416
-0.0054713714
-0.0066883016
-0.0074515272
-0.0090800609
-0.0111887102
-0.0126895675
-0.0131421359
-0.0129882098
-0.0128411001
-0.0127898018
-0.0126037649
-0.0119045607
-0.0103626868
-0.0079644960
-0.0051645639
-0.0026528933
-0.0008893226
0.0000937002
0.0006043615
0.0009641178
0.0013292461
0.0018359916
0.0023402115
0.0024968606
0.0022588393
0.0018810549
0.0014336566
0.0006957898
-0.0005396936
-0.0021017703
-0.0035133356
-0.0043132380
-0.0044620032
-0.0043324667
-0.0042279291
-0.0042186753
-0.0042323282
-0.0042014150
-0.0039795359
-0.0034455710
-0.0026157653
-0.0015779507
-0.0004079649
0.0006859885
0.0014247481
0.0016607810
0.0014498424
0.0008173853
-0.0003661465
-0.0023354869
-0.0051385750
-0.0081130247
-0.0099191551
-0.0104037271
-0.0106192676
-0.0110751861
-0.0114352577
-0.0112614952
-0.0108054250
-0.0103897794
-0.0099665464
-0.0093274213
-0.0084525280
-0.0075576578
-0.0069706926
-0.0067488133
-0.0068073812
-0.0071198729
-0.0075540269
-0.0079701968
-0.0083280486
-0.0086117016
-0.0088308940
-0.0089317062
-0.0087899696
-0.0082239558
-0.0068992220
-0.0044223758
-0.0005281645
0.0044353815
0.0095885000
0.0141062573
0.0174208720
0.0198672538
0.0222071478
0.0245418136
0.0267149962
0.0285742282
0.0296562991
0.0302791018
0.0313213765
0.0324754129
0.0326930349
0.0311713331
0.0276485184
0.0229280767
0.0188882348
0.0163598425
0.0145655500
0.0130792250
0.0114113190
0.0087160860
0.0056721069
0.0033143362
0.0010140160
-0.0019099884
-0.0050005402
-0.0079495207
-0.0106978616
-0.0124493620
-0.0131131557
-0.0134271555
-0.0134259468
-0.0130990343
-0.0128090378
-0.0127857025
-0.0129085080
-0.0130847061
-0.0133213843
-0.0136118039
-0.0139226379
-0.0143641201
-0.0151543141
-0.0164392709
-0.0180152565
-0.0192588146
-0.0197626970
-0.0197739400
-0.0195835281
-0.0194378971
-0.0194776262
-0.0196469848
-0.0197907156
-0.0198532427
-0.0198424421
-0.0197701528
-0.0195747089
-0.0191923692
-0.0184641708
-0.0170216159
-0.0143192640
-0.0101365867
-0.0047941196
0.0010694760
0.0070888975
0.0131271123
0.0186840588
0.0231334185
0.0269097954
0.0303730920
0.0334926827
0.0363414008
0.0390129903
0.0412239976
0.0423326927
0.0427110047
0.0432833557
0.0440677554
0.0442322883
0.0431620531
0.0407437635
0.0372256688
0.0331643773
0.0292087853
0.0259521863
0.0232770760
0.0211603186
0.0201799358
0.0201713820
0.0206191391
0.0210720797
0.0212296261
0.0213185188
0.0220092304
0.0236379194
0.0258246730
0.0278870539
0.0293778218
0.0300883664
0.0301603091
0.0299697135
0.0297745043
0.0295402010
0.0288094442
0.0269211862
0.0235427750
0.0192934262
0.0154383666
0.0125150322
0.0102859977
0.0088479105
0.0079172692
0.0070608683
0.0064097803
0.0059698792
0.0057164778
0.0055454782
0.0053944392
0.0052949969
0.0052612438
0.0052384805
0.0051948821
0.0051433989
0.0051351746
0.0052043806
0.0053402659
0.0054477455
0.0054849752
0.0055828131
0.0058559975
0.0062083785
0.0064866028
0.0066381585
0.0067417746
0.0069546783
0.0074195981
0.0082066968
0.0092995993
0.0106447268
0.0120718275
0.0134403253
0.0147783585
0.0161221475
0.0176262077
0.0194457013
0.0215578236
0.0240983822
0.0268658098
0.0293175419
0.0311854148
0.0321587111
0.0322086809
0.0319706023
0.0319157793
0.0316999843
0.0303338312
0.0271407821
0.0225324075
0.0183636994
0.0159936699
0.0149783779
0.0144001700
0.0134680093
0.0123122015
0.0122440401
0.0142179641
0.0184099729
0.0243598207
0.0306043803
0.0347892967
0.0361398793
0.0363660136
0.0370170762
0.0385287430
0.0403243174
0.0417373363
0.0426536584
0.0432422336
0.0431350599
0.0416615918
0.0384007016
0.0341859849
0.0309747729
0.0300050989
0.0302015851
0.0300353045
0.0295833994
0.0297303954
0.0310511386
0.0338329583
0.0377888365
0.0418159838
0.0443414735
0.0451160607
0.0458066783
0.0472721558
0.0487406541
0.0497541141
0.0505311809
0.0511529428
0.0515482298
0.0518260225
0.0517512967
0.0506790500
0.0478645811
0.0430897114
0.0373649625
0.0330661877
0.0310137060
0.0298082920
0.0287940161
0.0280784355
0.0274247767
0.0274145079
0.0289883004
0.0320735610
0.0358937856
0.0391613178
0.0398332317
0.0379013472
0.0360564808
0.0353021731
0.0341946330
0.0314955389
0.0278445284
0.0245905946
0.0218119326
0.0188053321
0.0150080067
0.0097171762
0.0027538680
-0.0032018927
-0.0061767113
-0.0083947632
-0.0104953447
-0.0118410514
-0.0129542858
-0.0140291931
-0.0144756587
-0.0131724658
-0.0091277892
-0.0027432748
0.0039836753
0.0078801637
0.0078185208
0.0065406408
0.0064839763
0.0075875502
0.0087576177
0.0094256494
0.0097951682
0.0102330818
0.0107293056
0.0111901754
0.0115658059
0.0118653760
0.0120681652
0.0121110334
0.0117667100
0.0106508633
0.0082623709
0.0043383778
-0.0005466120
-0.0045015513
-0.0067374629
-0.0085795516
-0.0106109888
-0.0123870023
-0.0137314041
-0.0149058051
-0.0160092826
-0.0167686567
-0.0167033912
-0.0154741438
-0.0132806507
-0.0106834125
-0.0082078718
-0.0062330682
-0.0055710212
-0.0060263369
-0.0061932448
-0.0056473259
-0.0047678542
-0.0037775335
-0.0027823521
-0.0019174360
-0.0011530550
-0.0005079220
-0.0000434781
0.0003002458
0.0005347364
0.0006130665
0.0005324407
0.0003564955
0.0001504476
-0.0001493589
-0.0007905862
-0.0020817776
-0.0041874057
-0.0068954181
-0.0093744805
-0.0109614560
-0.0120434527
-0.0129638688
-0.0138753748
-0.0150226653
-0.0156547548
-0.0143268333
-0.0110551429
-0.0074652716
-0.0053244213
-0.0047928567
-0.0042823507
-0.0030615006
-0.0017952871
-0.0012522302
-0.0011687057
-0.0009881710
-0.0008222471
-0.0010068479
-0.0018881157
-0.0038217822
-0.0067163216
-0.0094277106
-0.0107319786
-0.0108508801
-0.0107060059
-0.0106616493
-0.0106854840
-0.0107716508
-0.0108364614
-0.0107814923
-0.0106707022
-0.0106717796
-0.0108567578
-0.0111912967
-0.0116120457
-0.0120592168
-0.0124992061
-0.0129833863
-0.0135453677
-0.0139639936
-0.0136973656
-0.0121989791
-0.0092082083
-0.0049282194
-0.0003621700
0.0030283020
0.0047199672
0.0052853221
0.0053289823
0.0054607468
0.0060979183
0.0067233234
0.0065310484
0.0050623203
0.0020815790
-0.0016276557
-0.0046010331
-0.0063418770
-0.0074065713
-0.0082736129
-0.0090204246
-0.0096343847
-0.0100546915
-0.0103702198
-0.0107412184
-0.0110787102
-0.0112494679
-0.0112128868
-0.0109710464
-0.0105457375
-0.0099668186
-0.0091836774
-0.0081140629
-0.0067479301
-0.0053320402
-0.0040088327
-0.0027365451
-0.0018370208
-0.0015973133
-0.0017413258
-0.0018830928
-0.0018581637
-0.0019331509
-0.0024470801
-0.0035162967
-0.0053259956
-0.0080972132
-0.0115088834
-0.0152328455
-0.0186611566
-0.0211351910
-0.0232239617
-0.0256634405
-0.0281331706
-0.0297378502
-0.0301399543
-0.0296978236
-0.0289772409
-0.0274406666
-0.0239306872
-0.0182788502
-0.0124223184
-0.0086536187
-0.0074005889
-0.0073747514
-0.0076350122
-0.0081163396
-0.0085541010
-0.0090114217
-0.0102571630
-0.0125930048
-0.0149233615
-0.0159103591
-0.0155288214
-0.0148295586
-0.0144337214
-0.0141425586
-0.0137549534
-0.0131100989
-0.0119670934
-0.0102949714
-0.0082585366
-0.0059310630
-0.0034896919
-0.0011089513
0.0013142747
0.0039683564
0.0068429902
0.0097006481
0.0118022186
0.0131300268
0.0145882355
0.0164732239
0.0175638430
0.0171625158
0.0165200754
0.0163449137
0.0159963188
0.0145131950
0.0115543893
0.0076437020
0.0041173854
0.0018928896
0.0006416541
-0.0002323800
-0.0010590427
-0.0018078545
-0.0022786104
-0.0024845168
-0.0025225841
-0.0024626115
-0.0021586706
-0.0012955408
0.0004595912
0.0031654982
0.0063921229
0.0093050888
0.0112104976
0.0122495415
0.0131678562
0.0137322412
0.0134955313
0.0130644980
0.0130672695
0.0134315965
0.0137441243
0.0138455992
0.0138345046
0.0138167864
0.0138194991
0.0138660952
0.0140253132
0.0143293369
0.0147349927
0.0152266048
0.0159097925
0.0168779617
0.0180928963
0.0194454656
0.0206755333
0.0214926347
0.0220345013
0.0227082150
0.0236417467
0.0246406419
0.0255201212
0.0262298059
0.0266868107
0.0265966052
0.0256002633
0.0236593452
0.0212273855
0.0187778343
0.0167636087
0.0148641040
0.0119647124
0.0082800332
0.0049308914
0.0022558864
0.0002816415
-0.0006561464
-0.0008343789
-0.0010596589
-0.0014821018
-0.0017299498
-0.0018122757
-0.0019844463
-0.0022897962
-0.0026416673
-0.0029968988
-0.0033283707
-0.0036091242
-0.0038122864
-0.0039440227
-0.0039991118
-0.0039371261
-0.0037190853
-0.0033540164
-0.0028768729
-0.0023405615
-0.0017500266
-0.0010634940
-0.0002562235
0.0005419445
0.0013692367
0.0023772274
0.0032395884
0.0032781283
0.0019172895
-0.0011740015
-0.0056208931
-0.0103472017
-0.0141970221
-0.0169556607
-0.0200644592
-0.0245566713
-0.0293227162
-0.0330674167
-0.0351107965
-0.0358630399
-0.0369762229
-0.0392605933
-0.0416592129
-0.0430037455
-0.0436821615
-0.0434666911
-0.0414370271
-0.0375416050
-0.0326487046
-0.0281532653
-0.0247230549
-0.0218174907
-0.0188912036
-0.0157011867
-0.0123245835
-0.0095533202
-0.0086413512
-0.0090296332
-0.0095706336
-0.0108539041
-0.0144791905
-0.0211286105
-0.0294784060
-0.0365484817
-0.0405827066
-0.0429625551
-0.0454298710
-0.0477001919
-0.0486346708
-0.0471770565
-0.0429784055
-0.0357702089
-0.0254876433
-0.0145460000
-0.0081205674
-0.0068071148
-0.0053920482
-0.0016949791
0.0016534787
0.0025786388
0.0030784894
0.0047055454
0.0066037339
0.0073705695
0.0058457048
0.0016201765
-0.0037083173
-0.0075047306
-0.0085474495
-0.0078957258
-0.0072381856
-0.0069924704
-0.0064181234
-0.0044256571
-0.0004902437
0.0049597872
0.0106970964
0.0148805279
0.0167895323
0.0180680867
0.0207248260
0.0242688710
0.0266794880
0.0281123633
0.0300239297
0.0319053994
0.0327927538
0.0326049035
0.0319249756
0.0313516214
0.0304976398
0.0289115537
0.0267572828
0.0245377595
0.0224855533
0.0202431389
0.0176804865
0.0152619834
0.0133715135
0.0119312461
0.0105018042
0.0086201402
0.0066889642
0.0053715321
0.0044843946
0.0034744733
0.0022574014
0.0008128358
-0.0010923079
-0.0035873287
-0.0064417989
-0.0092735695
-0.0119787277
-0.0145696938
-0.0166157302
-0.0179630579
-0.0191469295
-0.0203540934
-0.0213072181
-0.0219013961
-0.0223521946
-0.0230090312
-0.0238376195
-0.0245302399
-0.0250317984
-0.0254286867
-0.0257012164
-0.0257225047
-0.0254320371
-0.0248286517
-0.0237974562
-0.0221820289
-0.0200172173
-0.0175561135
-0.0152783250
-0.0138758729
-0.0135567825
-0.0134745302
-0.0127426203
-0.0117090096
-0.0110163572
-0.0106846455
-0.0104651824
-0.0102659677
-0.0101517045
-0.0102865624
-0.0109164259
-0.0123594469
-0.0147500367
-0.0176659332
-0.0200809173
-0.0215218004
-0.0223157576
-0.0229618876
-0.0235876322
-0.0233617700
-0.0216521847
-0.0183675701
-0.0133997901
-0.0073385352
-0.0013472164
0.0045076481
0.0106475152
0.0158196299
0.0194162953
0.0223244311
0.0247574434
0.0266640700
0.0282551436
0.0288843158
0.0282972392
0.0271497360
0.0251030617
0.0220013665
0.0187825344
0.0163045222
0.0146612721
0.0136907313
0.0130201388
0.0120278303
0.0109705333
0.0105146568
0.0103625277
0.0099304909
0.0092366047
0.0086139570
0.0081793146
0.0078036305
0.0073469134
0.0067439476
0.0059415802
0.0048684525
0.0033831770
0.0012653593
-0.0011428130
-0.0033063705
-0.0050986013
-0.0063935132
-0.0073770407
-0.0085206864
-0.0098314369
-0.0108648701
-0.0108937265
-0.0091361373
-0.0058062138
-0.0020475950
0.0012115703
0.0031573861
0.0040605888
0.0056187484
0.0088290034
0.0132107398
0.0177965243
0.0219506650
0.0257239523
0.0294870150
0.0328170555
0.0352672431
0.0372133980
0.0388699048
0.0400309630
0.0400378577
0.0379467931
0.0331884779
0.0260521226
0.0182894963
0.0121040493
0.0083125288
0.0055898702
0.0024037210
-0.0021733318
-0.0080189854
-0.0126797739
-0.0139130269
-0.0128675931
-0.0122474570
-0.0130427985
-0.0142865016
-0.0144427980
-0.0125445183
-0.0090218782
-0.0050839912
-0.0014638618
0.0012157347
0.0028558896
0.0043398661
0.0061232385
0.0074235111
0.0077731033
0.0078104005
0.0079844324
0.0083110720
0.0085605325
0.0085097099
0.0080876898
0.0074013885
0.0065929648
0.0056900758
0.0046640465
0.0037441421
0.0031520887
0.0028755523
0.0027475650
0.0027037256
0.0027898500
0.0030850697
0.0037614077
0.0052239007
0.0078689105
0.0115910165
0.0156333369
0.0193291079
0.0222892271
0.0244215031
0.0259755684
0.0268422033
0.0275685337
0.0286229315
0.0292062820
0.0291581446
0.0291705071
0.0295964984
0.0301994434
0.0307653956
0.0313247479
0.0320563940
0.0331700698
0.0349010697
0.0373175573
0.0402216726
0.0429208532
0.0445937966
0.0449689310
0.0444281284
0.0437801358
0.0435362339
0.0433631304
0.0425436283
0.0407263722
0.0383585558
0.0364978638
0.0359107076
0.0360454781
0.0359572104
0.0356990407
0.0357353537
0.0359829824
0.0362400039
0.0365322147
0.0369942028
0.0375820366
0.0381462723
0.0384379407
0.0381930648
0.0370974424
0.0348541479
0.0314163441
0.0273395217
0.0238100194
0.0212755526
0.0185400885
0.0149652599
0.0106792099
0.0052664425
-0.0015694048
-0.0085746859
-0.0146913390
-0.0199723768
-0.0238516228
-0.0267887200
-0.0302427124
-0.0336721510
-0.0360867685
-0.0383916986
-0.0413523189
-0.0438830962
-0.0450764316
-0.0455966903
-0.0461471911
-0.0466926362
-0.0469811053
-0.0469905207
-0.0467670743
-0.0460801772
-0.0445234961
-0.0417655211
-0.0378086240
-0.0331145222
-0.0285924260
-0.0250162858
-0.0217586618
-0.0180870806
-0.0153329241
-0.0142690601
-0.0135728003
-0.0128592616
-0.0126717603
-0.0126611475
-0.0125708731
-0.0130325330
-0.0149326160
-0.0182548037
-0.0218230222
-0.0236597709
-0.0234058711
-0.0223887560
-0.0214299098
-0.0207001400
-0.0197228892
-0.0176396061
-0.0141697305
-0.0101688480
-0.0067742503
-0.0036968174
0.0001528070
0.0048827218
0.0097890735
0.0143914286
0.0186571615
0.0228498434
0.0267277934
0.0297885599
0.0321767050
0.0341972274
0.0355152558
0.0358254126
0.0355741132
0.0346657153
0.0323162470
0.0281638833
0.0236336889
0.0205975942
0.0185895315
0.0158436402
0.0127294081
0.0107884543
0.0099029814
0.0088479085
0.0078755702
0.0078917712
0.0091102157
0.0117329439
0.0156860604
0.0202197864
0.0244635055
0.0275641249
0.0300222156
0.0333297517
0.0376184752
0.0421360339
0.0471384717
0.0528973610
0.0579021766
0.0614773325
0.0643236804
0.0658707877
0.0653796435
0.0628649058
0.0578248271
0.0491513178
0.0384133951
0.0300263559
0.0262592867
0.0226865339
0.0127426496
-0.0040763490
-0.0220618783
-0.0363949103
-0.0471840645
-0.0554779022
-0.0602952895
-0.0602694107
-0.0570450308
-0.0541700443
-0.0514518704
-0.0443739799
-0.0304536492
-0.0133167700
0.0004449478
0.0077276566
0.0104023537
0.0114238054
0.0134473649
0.0172954534
0.0218004622
0.0254552384
0.0268078570
0.0260549978
0.0242935873
0.0213730076
0.0162442152
0.0097931611
0.0041165922
-0.0001001230
-0.0032439029
-0.0053180777
-0.0065847836
-0.0082123998
-0.0102718744
-0.0116640218
-0.0121649904
-0.0123997022
-0.0128251378
-0.0132685130
-0.0135000663
-0.0135522579
-0.0136190246
-0.0138818369
-0.0145549262
-0.0158938839
-0.0182381167
-0.0216358756
-0.0253948208
-0.0282410055
-0.0300977348
-0.0316793360
-0.0327929585
-0.0330805860
-0.0329732945
-0.0328529427
-0.0325385865
-0.0320392806
-0.0314202116
-0.0306640109
-0.0298392072
-0.0291019615
-0.0282585750
-0.0270288198
-0.0257294380
-0.0247831804
-0.0241188490
-0.0236349161
-0.0234175170
-0.0234323649
-0.0235367935
-0.0236241060
-0.0237232560
-0.0238924067
-0.0240505805
-0.0240433231
-0.0236554298
-0.0226784441
-0.0210435292
-0.0186255171
-0.0153252813
-0.0113991461
-0.0073979422
-0.0038624679
-0.0004829452
0.0034924566
0.0079515819
0.0124100839
0.0171159112
0.0227944496
0.0289256150
0.0348558115
0.0405302883
0.0459844271
0.0505394690
0.0532586938
0.0545945787
0.0554775366
0.0562427209
0.0572206579
0.0579638165
0.0568798629
0.0527980411
0.0461710333
0.0388988111
0.0344861653
0.0337988322
0.0333611955
0.0310673262
0.0281928323
0.0264367901
0.0254711574
0.0242806518
0.0227478257
0.0212655138
0.0198761195
0.0184396017
0.0170858842
0.0160691187
0.0154442613
0.0151031237
0.0149457414
0.0149172850
0.0150461419
0.0153291089
0.0157184863
0.0161216715
0.0163951833
0.0163371034
0.0157988791
0.0148639313
0.0137030060
0.0119682435
0.0087473199
0.0032743347
-0.0040777313
-0.0112703859
-0.0172922315
-0.0238499827
-0.0310945573
-0.0375281597
-0.0434880173
-0.0505331277
-0.0587822561
-0.0668385695
-0.0737369908
-0.0791853056
-0.0829416715
-0.0851889596
-0.0865028906
-0.0879155299
-0.0896071897
-0.0901070653
-0.0876629488
-0.0817036938
-0.0735417795
-0.0666695319
-0.0636624385
-0.0625353385
-0.0602778854
-0.0570877798
-0.0548696712
-0.0531147080
-0.0503095144
-0.0472310683
-0.0452199928
-0.0442743545
-0.0437105945
-0.0430703233
-0.0424386202
-0.0424658210
-0.0440466187
-0.0471185585
-0.0504623307
-0.0525755696
-0.0528061094
-0.0520633115
-0.0514010297
-0.0508999797
-0.0502950893
-0.0492395631
-0.0472320256
-0.0439367471
-0.0397756199
-0.0358926212
-0.0328287785
-0.0296971841
-0.0252947935
-0.0198312891
-0.0144600409
-0.0093152845
-0.0041347053
0.0002875485
0.0031441293
0.0048362356
0.0064502365
0.0085519772
0.0106889829
0.0121765977
0.0125074075
0.0114981389
0.0094548056
0.0070504739
0.0053818162
0.0054449832
0.0066217501
0.0075112424
0.0078026748
0.0081087048
0.0087436684
0.0095892500
0.0105368128
0.0117305250
0.0134602581
0.0160078132
0.0193374183
0.0229897030
0.0263580113
0.0294866921
0.0325502168
0.0350983225
0.0369792740
0.0389945977
0.0415337353
0.0439691994
0.0459332379
0.0474076524
0.0480844037
0.0478128483
0.0472809365
0.0471605339
0.0469304382
0.0455419650
0.0424126706
0.0377785526
0.0327564675
0.0293093042
0.0281089945
0.0278035548
0.0272523544
0.0262083196
0.0249565962
0.0237558724
0.0224698536
0.0209860147
0.0192887526
0.0172549536
0.0145681118
0.0110202621
0.0068211766
0.0026001078
-0.0014202426
-0.0053223029
-0.0092950951
-0.0139886317
-0.0193746264
-0.0244904555
-0.0292556981
-0.0347251106
-0.0405761490
-0.0454232126
-0.0492141489
-0.0524856386
-0.0550410167
-0.0567109193
-0.0571090885
-0.0561656604
-0.0541699544
-0.0507513313
-0.0461874251
-0.0418391413
-0.0393373384
-0.0390375666
-0.0396296485
-0.0397582067
-0.0388060474
-0.0372827063
-0.0362306124
-0.0360039164
-0.0361283964
-0.0362679171
-0.0365172578
-0.0371502826
-0.0382973277
-0.0399514354
-0.0418929700
-0.0436543362
-0.0448315400
-0.0455721036
-0.0460451546
-0.0464884018
-0.0471392532
-0.0477737546
-0.0481749007
-0.0483485888
-0.0483704920
-0.0481627332
-0.0476841129
-0.0471716633
-0.0468350265
-0.0466092751
-0.0463421056
-0.0460583772
-0.0458802869
-0.0457904993
-0.0456719875
-0.0454790486
-0.0451698297
-0.0448243726
-0.0445551137
-0.0443536059
-0.0442731487
-0.0443760664
-0.0444660994
-0.0443392910
-0.0440863343
-0.0438394261
-0.0434947785
-0.0427347245
-0.0415065120
-0.0401175375
-0.0386700849
-0.0369989669
-0.0350226441
-0.0329737868
-0.0310469993
-0.0291163430
-0.0271193417
-0.0252005577
-0.0233977248
-0.0217589086
-0.0200848877
-0.0179365986
-0.0151117931
-0.0121751217
-0.0095254303
-0.0069402546
-0.0042480556
-0.0017169455
0.0004874632
0.0027895321
0.0050942426
0.0070473042
0.0086514358
0.0100025115
0.0111867894
0.0121446533
0.0126121753
0.0126627373
0.0126681141
0.0125690275
0.0117690128
0.0095591638
0.0056107757
0.0004554419
-0.0039728956
-0.0063214461
-0.0077049153
-0.0093942612
-0.0112186508
-0.0129806352
-0.0147191816
-0.0158692330
-0.0161130990
-0.0159341970
-0.0158616271
-0.0158407437
-0.0156623472
-0.0153546348
-0.0151310724
-0.0150227418
-0.0148431827
-0.0144359391
-0.0138672968
-0.0131422629
-0.0120967128
-0.0105284590
-0.0086337452
-0.0067445919
-0.0045742119
-0.0018797913
0.0010808383
0.0039806079
0.0062782337
0.0078843406
0.0090989981
0.0097537099
0.0095061280
0.0083527861
0.0063635946
0.0030403894
-0.0016139770
-0.0063914517
-0.0094620170
-0.0113492020
-0.0141672600
-0.0175533647
-0.0198298086
-0.0214047228
-0.0233446738
-0.0252755254
-0.0256679261
-0.0234937032
-0.0190952360
-0.0129826614
-0.0062840915
-0.0015452185
-0.0009619907
-0.0030150729
-0.0043516706
-0.0039061254
-0.0026614959
-0.0017549282
-0.0021902421
-0.0045651089
-0.0083092612
-0.0112871167
-0.0116867568
-0.0102471184
-0.0086642389
-0.0075755374
-0.0066661767
-0.0052075310
-0.0025865916
0.0010975732
0.0048306760
0.0076492583
0.0099220311
0.0123689755
0.0149230262
0.0169636859
0.0180703344
0.0184861800
0.0186684757
0.0189952568
0.0194463281
0.0196740293
0.0192616543
0.0180894429
0.0163721935
0.0145519833
0.0128710843
0.0112541391
0.0099718234
0.0093466464
0.0088186750
0.0082588851
0.0081639374
0.0084690609
0.0088115797
0.0089928786
0.0090153738
0.0089206450
0.0087383691
0.0084462538
0.0079348281
0.0070757781
0.0058630189
0.0045024965
0.0033395073
0.0027696782
0.0030569312
0.0039137846
0.0047703624
0.0057184488
0.0074173974
0.0103541275
0.0143286787
0.0185942801
0.0215433450
0.0220500242
0.0212727727
0.0209772429
0.0214782192
0.0220994428
0.0225205911
0.0227060164
0.0225570692
0.0220201261
0.0212903486
0.0205485173
0.0198345814
0.0192832670
0.0191860162
0.0194745370
0.0197610550
0.0198557314
0.0197808528
0.0196039899
0.0193402565
0.0189671215
0.0184701312
0.0178393515
0.0170621680
0.0160435177
0.0147073245
0.0134156437
0.0122375317
0.0108642421
0.0102072762
0.0108333619
0.0117386261
0.0121396302
0.0122253912
0.0124490523
0.0129375910
0.0135707927
0.0141816998
0.0146384753
0.0148704880
0.0149021273
0.0148582497
0.0149202630
0.0152084169
0.0156740294
0.0162736462
0.0171081164
0.0184057451
0.0203343085
0.0228415783
0.0255660351
0.0279245734
0.0294829528
0.0302360262
0.0303963818
0.0301679926
0.0299404724
0.0300227158
0.0301361079
0.0297697087
0.0285874307
0.0265833934
0.0242439885
0.0224347967
0.0216568265
0.0217900051
0.0222857004
0.0227014018
0.0231340264
0.0239131524
0.0252471505
0.0270252529
0.0287358207
0.0298772616
0.0304447512
0.0305815128
0.0303703377
0.0301305533
0.0299699373
0.0294183925
0.0275888279
0.0238724463
0.0185077431
0.0134429972
0.0106956919
0.0099911055
0.0093733749
0.0080154561
0.0067603126
0.0061798315
0.0060919025
0.0059087800
0.0055784928
0.0053475113
0.0053473104
0.0055041189
0.0057445750
0.0059807962
0.0061343077
0.0061608913
0.0060884645
0.0058598371
0.0054796177
0.0050541353
0.0046295630
0.0041444825
0.0034994203
0.0026057262
0.0015931371
0.0006104194
-0.0002873168
-0.0011063516
-0.0015972516
-0.0015737332
-0.0013247126
-0.0010982708
-0.0009194179
-0.0007934078
-0.0007811337
-0.0009596135
-0.0013435026
-0.0018525391
-0.0023806655
-0.0028966659
-0.0034007336
-0.0038953424
-0.0043212078
-0.0045141942
-0.0042841926
-0.0035400076
-0.0021879711
-0.0001455489
0.0025060531
0.0052934741
0.0078967629
0.0103540361
0.0127245493
0.0149494708
0.0165974019
0.0174774440
0.0180485083
0.0186673963
0.0191659025
0.0193649293
0.0193303720
0.0192223443
0.0190664241
0.0187950613
0.0183775446
0.0178712998
0.0173029382
0.0166209287
0.0157817518
0.0148478636
0.0138635308
0.0129094333
0.0120507926
0.0110963761
0.0098351324
0.0084453513
0.0073522998
0.0066685471
0.0063012808
0.0062296531
0.0063312999
0.0065870848
0.0071910488
0.0082858986
0.0098146956
0.0115370321
0.0129920114
0.0135738399
0.0132771751
0.0128119742
0.0125024359
0.0122645669
0.0120242617
0.0116695121
0.0109970138
0.0098380145
0.0081980752
0.0063234234
0.0047099452
0.0036912220
0.0031815355
0.0030824813
0.0031344403
0.0033007245
0.0039680660
0.0056848875
0.0087878102
0.0130230883
0.0172686814
0.0208933506
0.0238503034
0.0260371862
0.0276043283
0.0289014206
0.0302019037
0.0314114887
0.0324693870
0.0332416648
0.0333387766
0.0320397451
0.0283421305
0.0223272762
0.0156401589
0.0100932963
0.0054677427
0.0006886255
-0.0038607238
-0.0071523648
-0.0090461172
-0.0095825493
-0.0088702044
-0.0080320954
-0.0068900377
-0.0036967174
0.0021713710
0.0092428261
0.0147705334
0.0158744228
0.0135123047
0.0116032091
0.0117361099
0.0121080086
0.0097094681
0.0032084909
-0.0056599556
-0.0132533034
-0.0179828998
-0.0214517943
-0.0243795912
-0.0263361403
-0.0280055752
-0.0301629284
-0.0323881879
-0.0331281713
-0.0317156787
-0.0282537724
-0.0225151987
-0.0157418833
-0.0118376380
-0.0125634465
-0.0145976688
-0.0144095220
-0.0118664442
-0.0088253326
-0.0061118162
-0.0035434313
-0.0010371340
0.0015628040
0.0044810095
0.0076080591
0.0107773442
0.0143043092
0.0182785406
0.0213131642
0.0225910379
0.0230741778
0.0235422036
0.0245188850
0.0259638863
0.0263537109
0.0235303230
0.0165612850
0.0072365672
-0.0003965225
-0.0050486269
-0.0089832161
-0.0135778768
-0.0183731286
-0.0225952269
-0.0267809488
-0.0303620135
-0.0317903075
-0.0317042568
-0.0317941643
-0.0324306811
-0.0326526101
-0.0310917596
-0.0276032506
-0.0230206969
-0.0181515513
-0.0141364667
-0.0111530280
-0.0075772759
-0.0027975848
0.0021623667
0.0068520132
0.0128955434
0.0199377430
0.0250259064
0.0277488913
0.0290835513
0.0295764166
0.0297867804
0.0300949516
0.0310174410
0.0325763146
0.0337975618
0.0336453998
0.0319899947
0.0298240808
0.0282165719
0.0271248409
0.0255166843
0.0219638817
0.0153625739
0.0059413384
-0.0041324026
-0.0126458955
-0.0186615115
-0.0221127471
-0.0233398675
-0.0237780101
-0.0252684008
-0.0277020578
-0.0293519946
-0.0282860854
-0.0229507094
-0.0141776755
-0.0052988803
-0.0002010071
0.0005805904
0.0008798138
0.0035995401
0.0082598101
0.0126672708
0.0153929807
0.0166645093
0.0173023940
0.0178774525
0.0184651905
0.0186549170
0.0178172759
0.0151752781
0.0109124329
0.0065170943
0.0045989618
0.0055909124
0.0068143745
0.0069924749
0.0067931617
0.0066929640
0.0065329994
0.0063329247
0.0062206630
0.0061828634
0.0059930180
0.0053045481
0.0035677197
0.0003244464
-0.0042838042
-0.0090559662
-0.0130605160
-0.0162846714
-0.0186593806
-0.0203590713
-0.0214988624
-0.0220575939
-0.0218575160
-0.0204117383
-0.0173758973
-0.0126258506
-0.0070293091
-0.0021639832
-0.0001375185
-0.0008638381
-0.0016004617
-0.0011365843
-0.0004170179
-0.0000171043
0.0003385066
0.0007183073
0.0008779754
0.0005571984
-0.0006043682
-0.0030535740
-0.0070247745
-0.0119734673
-0.0168209754
-0.0206977615
-0.0234644946
-0.0257205279
-0.0279247834
-0.0297465321
-0.0310946515
-0.0321366851
-0.0326108517
-0.0319863328
-0.0295383914
-0.0247706522
-0.0186610269
-0.0133796323
-0.0116529152
-0.0132585980
-0.0145543143
-0.0137233401
-0.0115331031
-0.0089860083
-0.0062630277
-0.0033228720
-0.0002020697
0.0031697060
0.0068786283
0.0107436132
0.0141461773
0.0163896837
0.0169871778
0.0166114138
0.0167644007
0.0173356966
0.0162138568
0.0110981278
0.0019461458
-0.0080284741
-0.0147461784
-0.0169990618
-0.0163243788
-0.0153626613
-0.0163827114
-0.0182942564
-0.0180250660
-0.0136566483
-0.0055505250
0.0036562190
0.0089811484
0.0086922697
0.0066501854
0.0056735224
0.0057516689
0.0057043987
0.0041840021
-0.0005274295
-0.0082111223
-0.0158312321
-0.0194986077
-0.0191180738
-0.0184060847
-0.0193615561
-0.0212140718
-0.0232168212
-0.0251682809
-0.0268218417
-0.0277940603
-0.0277119024
-0.0261688146
-0.0232149286
-0.0197117437
-0.0170779473
-0.0162817316
-0.0167665615
-0.0170727777
-0.0167152959
-0.0163427262
-0.0163966163
-0.0166171326
-0.0171873799
-0.0191086048
-0.0232156507
-0.0291665091
-0.0348541363
-0.0383950436
-0.0405574787
-0.0429188849
-0.0463247566
-0.0503553334
-0.0538003129
-0.0565462449
-0.0586649887
-0.0597885172
-0.0602155152
-0.0604645900
-0.0606645788
-0.0603380827
-0.0589462666
-0.0565996840
-0.0539292236
-0.0514376092
-0.0491288884
-0.0464329764
-0.0433205428
-0.0398105892
-0.0354116469
-0.0305184387
-0.0257784050
-0.0207586023
-0.0154843686
-0.0111907300
-0.0084347964
-0.0059912934
-0.0035061499
-0.0012582399
0.0012463897
0.0040062305
0.0059384575
0.0054692998
0.0020237380
-0.0025930392
-0.0054609193
-0.0066907595
-0.0089756780
-0.0126409005
-0.0157936290
-0.0180547599
-0.0200799845
-0.0215095813
-0.0223252723
-0.0232925280
-0.0241477390
-0.0241046152
-0.0235824034
-0.0233398393
-0.0234140086
-0.0235710491
-0.0238875952
-0.0244501168
-0.0252506875
-0.0262587534
-0.0274643855
-0.0287139536
-0.0297728810
-0.0303970631
-0.0304822644
-0.0298636449
-0.0281997862
-0.0252363212
-0.0213907098
-0.0178367919
-0.0151864785
-0.0128707644
-0.0100208197
-0.0059805410
-0.0008258895
0.0048448721
0.0107201693
0.0171300435
0.0241778260
0.0320955051
0.0412759789
0.0512135756
0.0607737990
0.0704435920
0.0820272776
0.0955166336
0.1100544435
0.1260850907
0.1414513742
0.1541835950
0.1660624805
0.1772656839
0.1862685097
0.1931358375
0.1975388628
0.1988597264
0.1993607895
0.1982192572
0.1879870682
0.1669246793
0.1469340371
0.1378632863
0.1336272572
0.1250499027
0.1117917479
0.0974551752
0.0839973042
0.0717919287
0.0599235388
0.0473617339
0.0326584756
0.0126825851
-0.0134567914
-0.0412368956
-0.0650307838
-0.0836096118
-0.0996993084
-0.1155012501
-0.1311727600
-0.1461371182
-0.1600008362
-0.1715773658
-0.1783530331
-0.1780708027
-0.1723589683
-0.1620929242
-0.1427344019
-0.1145613806
-0.0876128315
-0.0704034509
-0.0631533976
-0.0631498650
-0.0643550014
-0.0580258181
-0.0438637713
-0.0298957467
-0.0207693341
-0.0142905552
-0.0080111209
-0.0024112358
0.0011783736
0.0027010473
0.0030686197
0.0026944434
0.0014044709
-0.0007707415
-0.0034896062
-0.0064844451
-0.0096365708
-0.0126098451
-0.0148428711
-0.0158299485
-0.0151971872
-0.0126338410
-0.0086643607
-0.0051729571
-0.0039813228
-0.0049504740
-0.0071467463
-0.0096577301
-0.0114537796
-0.0119306899
-0.0113730318
-0.0102116268
-0.0086961913
-0.0069969582
-0.0051882455
-0.0024558674
0.0021093902
0.0076784894
0.0128133688
0.0173970751
0.0213007892
0.0257146343
0.0326265079
0.0405006474
0.0469258017
0.0530559929
0.0600906871
0.0677156688
0.0752557173
0.0827452170
0.0885580680
0.0913645621
0.0919846672
0.0889664278
0.0801692774
0.0690165167
0.0612877882
0.0574102315
0.0544405026
0.0495037075
0.0394442242
0.0228471274
0.0018397768
-0.0234130779
-0.0526324206
-0.0769305681
-0.0900216817
-0.1051744580
-0.1357948878
-0.1632400914
-0.1627278413
-0.1406314434
-0.1143490361
-0.0821379837
-0.0469233589
-0.0257822731
-0.0179203924
-0.0102153529
-0.0028114300
-0.0051942002
-0.0167416422
-0.0254103556
-0.0241795596
-0.0175943612
-0.0116683853
-0.0079911810
-0.0054489704
-0.0037881525
-0.0049704134
-0.0103963580
-0.0183611126
-0.0265666820
-0.0333154300
-0.0382167016
-0.0429334520
-0.0484588069
-0.0524396669
-0.0507630589
-0.0439662470
-0.0360417796
-0.0280695219
-0.0188535805
-0.0065364922
0.0094812240
0.0262417869
0.0402707046
0.0514384978
0.0618454363
0.0738916376
0.0885488257
0.1039874621
0.1167975357
0.1253212096
0.1335841381
0.1450573989
0.1568650752
0.1638351515
0.1610660390
0.1475985033
0.1281917588
0.1086949245
0.0923157953
0.0805087551
0.0731812611
0.0700983573
0.0700302399
0.0714707213
0.0743072411
0.0783524498
0.0816243971
0.0832066430
0.0836551993
0.0820145360
0.0768334993
0.0672585408
0.0520029491
0.0330415515
0.0159688299
0.0032466329
-0.0073556220
-0.0173837933
-0.0248949281
-0.0264886940
-0.0210269696
-0.0130541140
-0.0090091489
-0.0085548298
-0.0059577560
0.0019671050
0.0124320806
0.0177426991
0.0194423014
0.0289136592
0.0462164647
0.0602715995
0.0666418688
0.0710449678
0.0766351356
0.0811027788
0.0814271591
0.0781507469
0.0735011638
0.0692379372
0.0651055314
0.0586227946
0.0484992055
0.0384585444
0.0325571554
0.0295429323
0.0258467768
0.0200393730
0.0131211915
0.0063404251
-0.0000482873
-0.0061629734
-0.0122097258
-0.0180166063
-0.0231348028
-0.0274861907
-0.0315723858
-0.0356761072
-0.0399330524
-0.0447495986
-0.0510139773
-0.0594601531
-0.0699352210
-0.0802592855
-0.0882747361
-0.0942870429
-0.0991361751
-0.1016833731
-0.1012658141
-0.0991842035
-0.0974148958
-0.0930835712
-0.0896316216
-0.0900814277
-0.0938643916
-0.0966790386
-0.0971274288
-0.0974694909
-0.0994923167
-0.1022455118
-0.1038709105
-0.1036845366
-0.1027517548
-0.1016626692
-0.0996182488
-0.0958375605
-0.0901406744
-0.0825889283
-0.0741643216
-0.0659000583
-0.0587664937
-0.0530704249
-0.0477250859
-0.0426433368
-0.0388855622
-0.0359599563
-0.0322984687
-0.0282257851
-0.0255845193
-0.0253286913
-0.0263632494
-0.0266963745
-0.0246874501
-0.0205350134
-0.0164085365
-0.0137119144
-0.0121006326
-0.0107614330
-0.0093834915
-0.0080115036
-0.0067510790
-0.0056137511
-0.0045817378
-0.0036389600
-0.0028013409
-0.0020745342
-0.0015491680
-0.0012960963
-0.0013202937
-0.0015718090
-0.0020323513
-0.0026935071
-0.0035192271
-0.0043995339
-0.0052332837
-0.0060492283
-0.0069961897
-0.0080622070
-0.0092010943
-0.0103996429
-0.0116585944
-0.0129481954
-0.0142921061
-0.0156851603
-0.0171253437
-0.0186022138
-0.0201431973
-0.0217867663
-0.0235664136
-0.0254274374
-0.0273338549
-0.0292736775
-0.0312691125
-0.0332992884
-0.0353637068
-0.0374255325
-0.0394131649
-0.0411828313
-0.0426428216
-0.0437437734
-0.0444510518
-0.0447674551
-0.0448341886
-0.0449179948
-0.0454622944
-0.0467775947
-0.0485310240
-0.0501261715
-0.0516209108
-0.0536520554
-0.0567998662
-0.0609509948
-0.0650214209
-0.0682099640
-0.0714602892
-0.0760999556
-0.0819252862
-0.0874481630
-0.0919802629
-0.0961846776
-0.1003508653
-0.1040233379
-0.1072526959
-0.1103396749
-0.1127339319
-0.1135818890
-0.1134745265
-0.1136139571
-0.1136774864
-0.1126453879
-0.1109115158
-0.1093329038
-0.1079839557
-0.1065093795
-0.1047539167
-0.1027623669
-0.1007147880
-0.0987066227
-0.0967084608
-0.0945927354
-0.0922317947
-0.0894619163
-0.0860966891
-0.0819685270
-0.0771082024
-0.0718409256
-0.0666804360
-0.0617514465
-0.0566596673
-0.0511764343
-0.0454565113
-0.0394906213
-0.0332454901
-0.0264743113
-0.0188098676
-0.0109351664
-0.0043067858
0.0005196881
0.0038157506
0.0064898112
0.0095442389
0.0131093908
0.0163307300
0.0184827617
0.0196308039
0.0204430120
0.0216145174
0.0232168273
0.0247325789
0.0257760229
0.0263850821
0.0268872962
0.0276701981
0.0291831635
0.0316853588
0.0348646681
0.0377664926
0.0396573891
0.0409385251
0.0423358515
0.0438371334
0.0453465670
0.0471500169
0.0495036524
0.0522317954
0.0552866562
0.0584455690
0.0613829039
0.0646798680
0.0685278594
0.0722033702
0.0757031500
0.0795446723
0.0833202494
0.0859624386
0.0875127322
0.0877882363
0.0865921858
0.0845454646
0.0825765376
0.0813081146
0.0808578602
0.0804156402
0.0785436336
0.0737902946
0.0658967591
0.0562587041
0.0481095424
0.0426726197
0.0383197738
0.0339552290
0.0290615973
0.0232044167
0.0161033368
0.0078265891
-0.0007845844
-0.0077830913
-0.0110998545
-0.0121906853
-0.0146480059
-0.0191179463
-0.0238217464
-0.0273314351
-0.0292535177
-0.0297715299
-0.0285317835
-0.0239013342
-0.0145286660
-0.0025757705
0.0069643088
0.0092488970
0.0046054651
-0.0002123425
-0.0005669110
0.0019807806
0.0035264863
0.0016840574
-0.0035199350
-0.0095871932
-0.0132683142
-0.0141989579
-0.0148108063
-0.0166363349
-0.0194289423
-0.0223187771
-0.0245024558
-0.0251735657
-0.0240394717
-0.0220407631
-0.0203776767
-0.0192452829
-0.0181017159
-0.0162521397
-0.0132106913
-0.0087328464
-0.0032279498
0.0024055012
0.0069227816
0.0096513219
0.0109546535
0.0117868539
0.0129970372
0.0147731966
0.0169012314
0.0190056276
0.0207233937
0.0216601164
0.0216995881
0.0210760253
0.0203099361
0.0199902460
0.0206306807
0.0223496784
0.0243725404
0.0257362206
0.0264870271
0.0276733948
0.0301501034
0.0336871341
0.0375068682
0.0403848867
0.0420425779
0.0433716346
0.0449291396
0.0469217744
0.0491113101
0.0509659824
0.0524262567
0.0538782759
0.0552589822
0.0564127474
0.0574760188
0.0582324544
0.0584361819
0.0583272482
0.0582460654
0.0583601131
0.0584475393
0.0581270009
0.0572167146
0.0559750812
0.0548308121
0.0540566582
0.0536039080
0.0531890665
0.0526693036
0.0521267065
0.0516540007
0.0512072644
0.0507105896
0.0501608215
0.0496915093
0.0493739103
0.0490702395
0.0487114913
0.0484463668
0.0484609714
0.0486784165
0.0488063306
0.0485658435
0.0479894827
0.0473578393
0.0467830336
0.0461513044
0.0453826851
0.0445121211
0.0435803689
0.0425876570
0.0415241994
0.0403921785
0.0391937632
0.0379271747
0.0365946970
0.0351963254
0.0337261117
0.0321850311
0.0305848938
0.0289400773
0.0272536310
0.0255233339
0.0237428867
0.0219016293
0.0199925227
0.0180117416
0.0159774335
0.0139191915
0.0118247660
0.0096626087
0.0074387498
0.0051767898
0.0028772271
0.0005225624
-0.0018864024
-0.0043306639
-0.0068060582
-0.0093230953
-0.0118777399
-0.0144683057
-0.0171036173
-0.0197879947
-0.0225156158
-0.0252786666
-0.0280716169
-0.0308935104
-0.0337485704
-0.0366458744
-0.0395841862
-0.0425493901
-0.0455288619
-0.0485163740
-0.0515098146
-0.0545062549
-0.0575002382
-0.0604854547
-0.0634562092
-0.0664068140
-0.0693312767
-0.0722236413
-0.0750778386
-0.0778875112
-0.0806463337
-0.0833481635
-0.0859866434
-0.0885553369
-0.0910486051
-0.0934604886
-0.0957836524
-0.0980114922
-0.1001380257
-0.1021566477
-0.1040604510
-0.1058423750
-0.1074952670
-0.1090125373
-0.1103880424
-0.1116158020
-0.1126901219
-0.1136056066
-0.1143568301
-0.1149384353
-0.1153454060
-0.1155731214
-0.1156172654
-0.1154738189
-0.1151390785
-0.1146097463
-0.1138827737
-0.1129553305
-0.1118249751
-0.1104896970
-0.1089478802
-0.1071982952
-0.1052401679
-0.1030731818
-0.1006974220
-0.0981133563
-0.0953218598
-0.0923243219
-0.0891226583
-0.0857192220
-0.0821168043
-0.0783186264
-0.0743283197
-0.0701499443
-0.0657880048
-0.0612474353
-0.0565335859
-0.0516522149
-0.0466094820
-0.0414119371
-0.0360665116
