0.2279292348
0.2287183433
0.2294985857
0.2302700278
0.2310327940
0.2317869414
0.2325325889
0.2332698383
0.2339988277
0.2347195533
0.2354320099
0.2361361177
0.2368319607
0.2375196870
0.2381996697
0.2388724262
0.2395383139
0.2401973723
0.2408491212
0.2414927956
0.2421276904
0.2427536036
0.2433714839
0.2439828283
0.2445888891
0.2451901930
0.2457871808
0.2463799677
0.2469680814
0.2475491282
0.2481194442
0.2486766281
0.2492224703
0.2497622434
0.2503024110
0.2508465657
0.2513925985
0.2519333296
0.2524598282
0.2529650347
0.2534489208
0.2539188325
0.2543857427
0.2548574129
0.2553370759
0.2558235010
0.2563154450
0.2568123731
0.2573100032
0.2578000224
0.2582654894
0.2586862118
0.2590559517
0.2594013770
0.2597760445
0.2602198294
0.2607369178
0.2612906721
0.2618181375
0.2622752542
0.2626589346
0.2629984942
0.2633326612
0.2637033713
0.2641416138
0.2646457730
0.2651875616
0.2657389448
0.2662752226
0.2667979349
0.2673377123
0.2678917062
0.2683767080
0.2687329793
0.2690334182
0.2693793206
0.2697761402
0.2701728930
0.2705686597
0.2710238670
0.2715532143
0.2720619441
0.2724084023
0.2724925165
0.2723637010
0.2722846691
0.2724685130
0.2728660848
0.2733756581
0.2739869175
0.2746982193
0.2754019633
0.2759058826
0.2760577273
0.2758597437
0.2754548455
0.2751076714
0.2751122571
0.2755808943
0.2763454373
0.2770772490
0.2774907893
0.2774741490
0.2770265023
0.2761716894
0.2750183106
0.2738920406
0.2732057959
0.2732065131
0.2738855839
0.2748729650
0.2756499953
0.2760266784
0.2761790927
0.2762403866
0.2763053269
0.2765728309
0.2771349113
0.2778018429
0.2782191339
0.2783986643
0.2787742893
0.2797052529
0.2810704107
0.2823119703
0.2827947913
0.2822796006
0.2811298667
0.2798401623
0.2788685796
0.2788218208
0.2800455425
0.2820943313
0.2838744795
0.2845230249
0.2837000850
0.2816461873
0.2791018907
0.2769162022
0.2758103435
0.2762191398
0.2778012781
0.2797619957
0.2816018843
0.2830311377
0.2836068465
0.2828289539
0.2806417795
0.2777311244
0.2751568585
0.2735861704
0.2731550549
0.2735773235
0.2741854630
0.2744754223
0.2743993428
0.2740635223
0.2735632516
0.2729875628
0.2722902567
0.2711677711
0.2694356645
0.2675229596
0.2661667393
0.2657455186
0.2662276567
0.2669971146
0.2667210660
0.2642571138
0.2597581703
0.2549283961
0.2517488333
0.2507732090
0.2513368907
0.2531552148
0.2558475098
0.2581077678
0.2588780972
0.2578665861
0.2553867924
0.2522851302
0.2496270494
0.2479104426
0.2470219397
0.2464274607
0.2457414456
0.2452083816
0.2455014421
0.2470086210
0.2490529466
0.2503474592
0.2504448766
0.2495309196
0.2474563485
0.2443016790
0.2411274916
0.2391509384
0.2386822064
0.2389540065
0.2384238575
0.2360495226
0.2323988405
0.2292201854
0.2283221494
0.2299193234
0.2324711846
0.2342012502
0.2340906690
0.2318057485
0.2275762602
0.2224777806
0.2184074749
0.2170080562
0.2183152787
0.2202124999
0.2197525858
0.2153696668
0.2077486560
0.1995685335
0.1941935805
0.1930913858
0.1955311289
0.2000563274
0.2046068250
0.2073643025
0.2070438923
0.2031281385
0.1968916140
0.1915413210
0.1894938663
0.1900859329
0.1913019138
0.1916337857
0.1903271247
0.1873777792
0.1834181726
0.1795659699
0.1767864394
0.1749401979
0.1733276793
0.1718413485
0.1707234344
0.1696155224
0.1679712783
0.1649457148
0.1601055315
0.1548261997
0.1515075384
0.1521963116
0.1568686888
0.1630318324
0.1676016744
0.1682800318
0.1639234283
0.1555561671
0.1461106974
0.1382076983
0.1334327696
0.1324218670
0.1347554024
0.1382940215
0.1406343295
0.1413274143
0.1417438487
0.1430109318
0.1455315899
0.1484837762
0.1505562394
0.1511016972
0.1502041368
0.1485338320
0.1474461904
0.1483890722
0.1514999731
0.1556029906
0.1583565695
0.1577734936
0.1535452026
0.1469837333
0.1397737290
0.1333359836
0.1284984335
0.1254635844
0.1240449548
0.1244286431
0.1265526657
0.1283539352
0.1280457574
0.1256558717
0.1225635157
0.1204896118
0.1205106872
0.1218197983
0.1230100529
0.1236693615
0.1245411900
0.1263318731
0.1278021274
0.1265449382
0.1211451520
0.1120970392
0.1018172835
0.0927322025
0.0854700502
0.0797492823
0.0760453036
0.0758316318
0.0805181055
0.0883181670
0.0948804507
0.0972934493
0.0951951460
0.0907521091
0.0876333749
0.0885473616
0.0941939340
0.1037262716
0.1152348932
0.1262058451
0.1341890908
0.1381808647
0.1386369499
0.1373197624
0.1370004826
0.1385147915
0.1409123607
0.1437584994
0.1473454035
0.1520334429
0.1588693964
0.1685021750
0.1793058324
0.1882140289
0.1928664998
0.1934730394
0.1932960377
0.1957792824
0.2013109615
0.2075468993
0.2118774240
0.2122403933
0.2079168940
0.1995961607
0.1897147032
0.1811264098
0.1764541723
0.1775097485
0.1842946876
0.1950682367
0.2058912503
0.2105126577
0.2026032404
0.1797306631
0.1469365606
0.1159403190
0.1004505433
0.1059045133
0.1254955886
0.1505083843
0.1735078777
0.1869294757
0.1929833446
0.1998290742
0.2094897327
0.2202513157
0.2291431278
0.2347383135
0.2352122624
0.2254426138
0.2039124379
0.1779850071
0.1630203482
0.1648712772
0.1701381747
0.1672270336
0.1587860012
0.1494194534
0.1401107028
0.1316313356
0.1232118500
0.1150326289
0.1125441196
0.1233185433
0.1492917048
0.1816035081
0.2138508660
0.2537733140
0.3049444809
0.3537850121
0.3841289047
0.3908201815
0.3694056797
0.3154964740
0.2441766272
0.1860555964
0.1550241128
0.1421857684
0.1335844184
0.1238355871
0.1129884140
0.1089669549
0.1150513975
0.1215058224
0.1273547129
0.1418055364
0.1734424468
0.2328044461
0.3159733307
0.3892082110
0.4099040378
0.3716884084
0.3208559674
0.2948440485
0.2839263640
0.2706156776
0.2572943609
0.2605635620
0.2820208305
0.3017542400
0.3107923688
0.3140970944
0.3177900310
0.3233893533
0.3310531866
0.3413919132
0.3549024678
0.3704432314
0.3850139839
0.3904514099
0.3793642736
0.3546264997
0.3305676184
0.3188990125
0.3203519489
0.3338434972
0.3624090980
0.4053156731
0.4537323708
0.4936263915
0.5025637631
0.4663822328
0.3961953519
0.3204978952
0.2725720033
0.2648594991
0.2858874674
0.3190633254
0.3478888150
0.3542265491
0.3339458389
0.3012852015
0.2721029015
0.2504833642
0.2337582149
0.2227026740
0.2266204090
0.2576342664
0.3196473749
0.4022964269
0.4835522480
0.5364718865
0.5371541360
0.4834522828
0.4159896834
0.3721246744
0.3521176098
0.3437567258
0.3429894645
0.3455794388
0.3407521485
0.3210617550
0.2925830083
0.2654507442
0.2448642386
0.2336439022
0.2358991649
0.2527992429
0.2772888966
0.3013760660
0.3189616984
0.3261923539
0.3307212238
0.3398238574
0.3462326708
0.3370881161
0.3098057707
0.2700501633
0.2417729592
0.2404194249
0.2683798813
0.3361454590
0.4221470922
0.4649438909
0.4573599524
0.4688627176
0.5101362259
0.5363615395
0.5728213222
0.6418803956
0.6518344434
0.5469695873
0.4372444757
0.4145212035
0.4219644442
0.4004204514
0.3635752175
0.3270360929
0.2839065856
0.2366139797
0.1982729658
0.1815038291
0.2003659253
0.2654507223
0.3614729196
0.4365305673
0.4567301330
0.4470401516
0.4412808659
0.4400795303
0.4213732231
0.3733986606
0.3193558412
0.2981088563
0.3176619175
0.3592073341
0.4071120834
0.4511183496
0.4777719748
0.4859955652
0.4869416421
0.4832578417
0.4717053222
0.4552469840
0.4453196396
0.4530858606
0.4771946831
0.4999219830
0.5074599320
0.5103852678
0.5248213384
0.5552475597
0.5915080471
0.6157755043
0.6161412570
0.6010466009
0.5925804930
0.6072536858
0.6409795981
0.6725332001
0.7004360503
0.7285542156
0.7347628770
0.7080191156
0.6620508197
0.6130030196
0.5627973007
0.5055044835
0.4372999607
0.3658474775
0.3031927634
0.2538196687
0.2164588797
0.1952046620
0.2036659433
0.2573113300
0.3472873442
0.4407300578
0.5223166286
0.5956747966
0.6373054435
0.5976779895
0.4548899632
0.2709190699
0.1367532447
0.0721818871
0.0453845512
0.0369854548
0.0471198824
0.0625543818
0.0527187002
0.0100137937
-0.0398800929
-0.0743470671
-0.0897300060
-0.0893364130
-0.0774950792
-0.0642772345
-0.0610685222
-0.0668330823
-0.0725786600
-0.0770134484
-0.0838409786
-0.0937101684
-0.1086715250
-0.1279279429
-0.1419563750
-0.1402642192
-0.1237119769
-0.1039134902
-0.0938335821
-0.1030493036
-0.1350474773
-0.1838031384
-0.2390420173
-0.2877667465
-0.3222501599
-0.3471513101
-0.3733676057
-0.4051952524
-0.4302345058
-0.4371435062
-0.4367684639
-0.4500703571
-0.4852694270
-0.5302962553
-0.5628891594
-0.5820542761
-0.5964416518
-0.5900352300
-0.5562557338
-0.5250327073
-0.5181759331
-0.5258563167
-0.5493698981
-0.5931789326
-0.6352991840
-0.6747820098
-0.7224790765
-0.7493548496
-0.7516473309
-0.7624481347
-0.7488325963
-0.6816667147
-0.6372991611
-0.6494182017
-0.6365024347
-0.5766435759
-0.5418775705
-0.5468151535
-0.5324670756
-0.4796635177
-0.4345325082
-0.4367597660
-0.4863187512
-0.5543583264
-0.6100970030
-0.6281362904
-0.6049480865
-0.5689988089
-0.5451287164
-0.5313817563
-0.5123269682
-0.4815852896
-0.4456565284
-0.4124293285
-0.3840079698
-0.3614159393
-0.3518395497
-0.3646197287
-0.3997059229
-0.4383972669
-0.4579535643
-0.4521088663
-0.4309322269
-0.4147101029
-0.4134405146
-0.4138000250
-0.3966755679
-0.3587014409
-0.3153912552
-0.2823164288
-0.2622358946
-0.2556807374
-0.2708068193
-0.3074009044
-0.3520011845
-0.3948426940
-0.4314427014
-0.4662675342
-0.5004921619
-0.5252072971
-0.5400038345
-0.5471497786
-0.5459477501
-0.5418096503
-0.5421634762
-0.5484147040
-0.5557081858
-0.5585114040
-0.5534859128
-0.5405432214
-0.5217983397
-0.4978863813
-0.4700152594
-0.4445395812
-0.4213098761
-0.3882256105
-0.3365367066
-0.2678893200
-0.1972805522
-0.1398284563
-0.0971815830
-0.0674697459
-0.0553855597
-0.0644851225
-0.0813973850
-0.0842644782
-0.0688297558
-0.0461756632
-0.0279879178
-0.0245135329
-0.0463400268
-0.0978947289
-0.1639115146
-0.2136053536
-0.2228946000
-0.1820811063
-0.0975109638
-0.0075000685
0.0379382723
0.0371888747
0.0333032021
0.0590836420
0.1099658489
0.1553183018
0.1565510470
0.0890732491
-0.0276691464
-0.1224809453
-0.1542471282
-0.1656214957
-0.2108859725
-0.2941906342
-0.3765661250
-0.4114902707
-0.3774843134
-0.3120197648
-0.2786534581
-0.2868211053
-0.3008553070
-0.3067711469
-0.3251222514
-0.3679692400
-0.3932609089
-0.3612419200
-0.3078578421
-0.2887749516
-0.3168797757
-0.3631254596
-0.3907662086
-0.3829497398
-0.3677689462
-0.3820106079
-0.4168821785
-0.4429035685
-0.4528183357
-0.4560722690
-0.4471732776
-0.4073141815
-0.3387546445
-0.2646703524
-0.2105591359
-0.1893679335
-0.1976585655
-0.2282534592
-0.2784215898
-0.3449742723
-0.4156678557
-0.4647384951
-0.4721876321
-0.4340813091
-0.3516815719
-0.2390813140
-0.1401990935
-0.0867526561
-0.0632735148
-0.0518865493
-0.0648041853
-0.1191637639
-0.1906895209
-0.2310330858
-0.2373174158
-0.2481716533
-0.2841474634
-0.3252978298
-0.3365519738
-0.3000151360
-0.2398672897
-0.1930818601
-0.1630926110
-0.1308823416
-0.0859715195
-0.0389951662
-0.0150570954
-0.0383393427
-0.1121169681
-0.1956526104
-0.2359472934
-0.2324383571
-0.2262419923
-0.2445851873
-0.2801902764
-0.3049564942
-0.2901148078
-0.2270570021
-0.1526519456
-0.1165971609
-0.1191657743
-0.1292105350
-0.1350042432
-0.1501237423
-0.1826276324
-0.2068398447
-0.1887667163
-0.1313060829
-0.0657943987
-0.0314032026
-0.0502937238
-0.1077172959
-0.1711497666
-0.2206239907
-0.2569318132
-0.2831240835
-0.3015057805
-0.3198956617
-0.3406188410
-0.3566045585
-0.3573357214
-0.3410276549
-0.3321918815
-0.3625493859
-0.4285462915
-0.4864765334
-0.4980450961
-0.4770453336
-0.4654094024
-0.4848930875
-0.5287278736
-0.5826522078
-0.6391365374
-0.6906233523
-0.7177554923
-0.7013734990
-0.6553695917
-0.6090321737
-0.5656048085
-0.5188357114
-0.4773409526
-0.4624183879
-0.4876950305
-0.5448816220
-0.6100278203
-0.6621445566
-0.6835138412
-0.6670895430
-0.6235104086
-0.5699263241
-0.5222637878
-0.4914242565
-0.4742289378
-0.4570733734
-0.4282903707
-0.3877419221
-0.3524185741
-0.3405659744
-0.3437004653
-0.3362514899
-0.3013247420
-0.2431967776
-0.1839393837
-0.1586209059
-0.2000163628
-0.3097654153
-0.4200670458
-0.4573466579
-0.4390650823
-0.4295324309
-0.4572772130
-0.5020554158
-0.5274595299
-0.5124850304
-0.4771669138
-0.4708413254
-0.5113222822
-0.5667899479
-0.5979063723
-0.5958189950
-0.5727393465
-0.5307992701
-0.4702956202
-0.4061470525
-0.3670420617
-0.3769534645
-0.4317319249
-0.4820720763
-0.4841940246
-0.4503587452
-0.4133117681
-0.3918441864
-0.3977566361
-0.4359640400
-0.4888337959
-0.5285038665
-0.5373066450
-0.5149754328
-0.4730724977
-0.4381090632
-0.4206546790
-0.3992667127
-0.3651709272
-0.3245106417
-0.2798715681
-0.2364985754
-0.2035012887
-0.1847828677
-0.1807233920
-0.1921373582
-0.2076326327
-0.2101075707
-0.1986878678
-0.1849916238
-0.1759121649
-0.1672328709
-0.1488363228
-0.1178297670
-0.0777805943
-0.0365587684
-0.0165538284
-0.0384049427
-0.0957805998
-0.1652835230
-0.2098547132
-0.2155090543
-0.2095557366
-0.2089286841
-0.1992136708
-0.1585399988
-0.0859984921
-0.0123692392
0.0301691015
0.0418910102
0.0382409403
0.0242195290
-0.0053978109
-0.0470753444
-0.0721980552
-0.0593044307
-0.0246944063
0.0091650179
0.0351229258
0.0465132173
0.0331020522
-0.0025389248
-0.0429365555
-0.0748197198
-0.1035650434
-0.1340491586
-0.1628578639
-0.1860356055
-0.1968511782
-0.1817686121
-0.1307374259
-0.0542760812
0.0253036676
0.0980245553
0.1494502157
0.1749948257
0.2008490294
0.2484891966
0.3166344461
0.3911463610
0.4537166854
0.4814176901
0.4522120283
0.3628587312
0.2543129064
0.1859767318
0.1679686320
0.1614774008
0.1340771178
0.0848046520
0.0328026571
0.0030353121
0.0174724279
0.0809194130
0.1609607989
0.2027612352
0.1952894595
0.1771478106
0.1769665863
0.1958369798
0.2211250192
0.2404967133
0.2436693757
0.2226409164
0.1802392944
0.1312138651
0.0852720011
0.0460311167
0.0152540713
-0.0115933693
-0.0378208864
-0.0588259439
-0.0670903130
-0.0701495692
-0.0841831863
-0.1065751089
-0.1253509859
-0.1367161785
-0.1441806101
-0.1502554186
-0.1507828689
-0.1387391216
-0.1129368419
-0.0763963081
-0.0264064351
0.0368364487
0.0912059767
0.1113247914
0.0975604710
0.0658387153
0.0281049733
-0.0078707707
-0.0336018509
-0.0502411170
-0.0695626330
-0.0968270087
-0.1226902162
-0.1408900597
-0.1570841063
-0.1731550682
-0.1890580498
-0.2064185995
-0.2223144708
-0.2326052710
-0.2380300597
-0.2428111717
-0.2496182321
-0.2541095777
-0.2514777616
-0.2426549734
-0.2302554787
-0.2129258382
-0.1933602332
-0.1786987249
-0.1713282791
-0.1710217150
-0.1805178432
-0.1995245254
-0.2223649691
-0.2393378144
-0.2456598069
-0.2427672224
-0.2310498049
-0.2075466114
-0.1749440930
-0.1450014191
-0.1257539004
-0.1123282411
-0.1006661032
-0.0993813364
-0.1251241776
-0.1753436819
-0.2335565982
-0.2930473387
-0.3464096029
-0.3569209037
-0.3181548109
-0.2762615618
-0.2499691060
-0.2294171530
-0.2126080017
-0.2024821511
-0.1949352410
-0.1897639295
-0.1879504046
-0.1818882245
-0.1662185392
-0.1480241226
-0.1414847319
-0.1520283343
-0.1699616893
-0.1856359146
-0.1956482865
-0.1978392527
-0.1929788948
-0.1873725514
-0.1885704470
-0.1974757993
-0.2067867133
-0.2051586965
-0.1819948165
-0.1306736001
-0.0546864531
0.0276524144
0.0866117165
0.1024459476
0.0806566344
0.0415853548
-0.0034372317
-0.0577674549
-0.1042274951
-0.1230330451
-0.1304800606
-0.1483211463
-0.1732733936
-0.1824230204
-0.1544477293
-0.0864675097
-0.0103284201
0.0332958608
0.0324718709
0.0004983448
-0.0405062225
-0.0809727498
-0.1222244292
-0.1578043948
-0.1784247900
-0.1780279558
-0.1446008749
-0.0656143886
0.0449425187
0.1283077171
0.1326261460
0.0834381064
0.0313306075
-0.0205306971
-0.0858872855
-0.1450505982
-0.1763992321
-0.1959352787
-0.2269366529
-0.2661072419
-0.2871656277
-0.2605353371
-0.1750284547
-0.0601306856
0.0165934127
0.0170455120
-0.0258577890
-0.0473846937
-0.0150987122
0.0550689898
0.1338060895
0.1971184319
0.2183744676
0.1922025906
0.1497814890
0.1094547058
0.0730073683
0.0509446422
0.0516031589
0.0647636116
0.0827903842
0.1094319531
0.1437407337
0.1689511932
0.1705909515
0.1467219047
0.1026144891
0.0504891426
0.0055179269
-0.0219012035
-0.0120374962
0.0325730054
0.0762847636
0.1017143000
0.1187827400
0.1395696255
0.1609184227
0.1613758351
0.1251978995
0.0682695816
0.0275590350
0.0258680242
0.0541624835
0.0950424596
0.1395963840
0.1789666133
0.1998821976
0.1847068667
0.1256119893
0.0421638640
-0.0357851509
-0.0902918034
-0.1234095395
-0.1462401051
-0.1578423625
-0.1425169586
-0.0893157212
-0.0166659229
0.0331638309
0.0439630298
0.0363345017
0.0303512739
0.0296520197
0.0340629738
0.0520366167
0.0821177051
0.1027585056
0.0934555840
0.0510783134
-0.0138678453
-0.0711266420
-0.0990564730
-0.1130397209
-0.1348696435
-0.1659569334
-0.1910143641
-0.1914471190
-0.1563060630
-0.0954324445
-0.0427786356
-0.0158473067
-0.0042856364
-0.0168540005
-0.0594105583
-0.1107163463
-0.1481144187
-0.1661624877
-0.1786644863
-0.1917176880
-0.1927209880
-0.1779534821
-0.1583639036
-0.1437197813
-0.1390087723
-0.1424233389
-0.1481857408
-0.1539206890
-0.1615156499
-0.1712364602
-0.1781284393
-0.1788297331
-0.1776417687
-0.1790538018
-0.1799904008
-0.1738088483
-0.1578673388
-0.1367425704
-0.1126191886
-0.0814315491
-0.0458329597
-0.0175221971
-0.0064216180
-0.0164416198
-0.0499316728
-0.1014022944
-0.1416531607
-0.1421262908
-0.1156318171
-0.0885482555
-0.0646981295
-0.0374034199
-0.0103329654
0.0133644502
0.0375871655
0.0646953542
0.0973370010
0.1310440657
0.1457375836
0.1271799510
0.0833721209
0.0470608749
0.0397629589
0.0456182881
0.0499653064
0.0499682944
0.0388559269
0.0143788268
-0.0156813398
-0.0423164737
-0.0602133403
-0.0629360656
-0.0477945430
-0.0225887910
0.0071841516
0.0415316267
0.0803095425
0.1134956002
0.1189169765
0.0844174385
0.0241724365
-0.0329948845
-0.0672575472
-0.0759814214
-0.0501836329
-0.0048996805
0.0159224955
-0.0007899593
-0.0370130471
-0.0732868488
-0.0963290062
-0.0986340774
-0.0837406114
-0.0566528347
-0.0195513560
0.0218729857
0.0567528088
0.0728343435
0.0549067310
0.0017861492
-0.0673741465
-0.1305792069
-0.1750849324
-0.1908422588
-0.1757277393
-0.1521999996
-0.1367925785
-0.1193141521
-0.0873621523
-0.0583930419
-0.0542500510
-0.0705922859
-0.0988967336
-0.1307486688
-0.1556896532
-0.1728240741
-0.1835171904
-0.1865716846
-0.1772347487
-0.1511901557
-0.1100338228
-0.0552495611
0.0150834060
0.0899304206
0.1369894702
0.1189878440
0.0426591294
-0.0449139582
-0.1113990341
-0.1510903766
-0.1749672350
-0.1971708434
-0.2242862144
-0.2476274263
-0.2489175582
-0.2155595079
-0.1595968169
-0.1152556463
-0.1037549643
-0.1147590668
-0.1275945775
-0.1310598161
-0.1246736971
-0.1128883282
-0.1052859402
-0.1136215060
-0.1425345677
-0.1804924415
-0.2036938663
-0.2011040353
-0.1810656964
-0.1567448320
-0.1384932411
-0.1268374767
-0.1180389392
-0.1082642297
-0.0977415047
-0.0868109999
-0.0762400844
-0.0706573159
-0.0740545626
-0.0839446462
-0.0947018183
-0.0989931027
-0.0911717561
-0.0706011760
-0.0395241707
-0.0042651958
0.0241354227
0.0359571814
0.0273545025
0.0016825541
-0.0349842010
-0.0730616969
-0.0998985398
-0.1014821258
-0.0766174332
-0.0393370752
-0.0029959782
0.0240588086
0.0407467149
0.0489048574
0.0441714325
0.0247838350
-0.0001088111
-0.0150961414
-0.0123084279
0.0021469730
0.0211829698
0.0421572822
0.0613503494
0.0715448891
0.0655083438
0.0406384880
-0.0001934994
-0.0460637193
-0.0850309550
-0.1017562094
-0.0904350893
-0.0730587798
-0.0676513814
-0.0711202891
-0.0740996181
-0.0720152768
-0.0620403126
-0.0420404529
-0.0121224681
0.0226707218
0.0537496442
0.0701970154
0.0726507576
0.0713867937
0.0700145002
0.0679918619
0.0667320271
0.0641265461
0.0540507894
0.0331133971
0.0039051759
-0.0253971753
-0.0374386712
-0.0347753514
-0.0446057734
-0.0736970455
-0.1025960541
-0.1142162478
-0.1094303678
-0.0915791626
-0.0638397810
-0.0304605455
0.0079079070
0.0491233881
0.0726945906
0.0703463872
0.0632839492
0.0641923826
0.0691637192
0.0705230945
0.0674038270
0.0642840266
0.0636262219
0.0656894468
0.0701356322
0.0768240287
0.0849533473
0.0927869361
0.0999883135
0.1084194382
0.1202514064
0.1400716834
0.1731241654
0.2193584722
0.2684386083
0.3035551294
0.3065872127
0.2694081229
0.2032159649
0.1401446153
0.1058898938
0.0952817188
0.1011851737
0.1328920121
0.1947175878
0.2581875747
0.2824852619
0.2522640840
0.1738016852
0.0679437638
-0.0289420392
-0.0792312421
-0.0664982389
-0.0117748518
0.0334087308
0.0385609257
0.0235827049
0.0199651484
0.0345319929
0.0559222062
0.0719848883
0.0823424359
0.0973354846
0.1224038912
0.1538417758
0.1825778689
0.2016550502
0.2029324523
0.1812969287
0.1385138435
0.0837358527
0.0239591800
-0.0325530160
-0.0674022644
-0.0704750332
-0.0597095596
-0.0578278191
-0.0691051242
-0.0817058155
-0.0779119462
-0.0503530107
-0.0127637817
0.0157920925
0.0294679905
0.0351609720
0.0443694042
0.0642886890
0.0910565663
0.1099574898
0.1066021187
0.0744949000
0.0230782915
-0.0179150280
-0.0270085414
-0.0171480635
-0.0058408181
0.0093665371
0.0384707592
0.0754927339
0.1069304309
0.1292530670
0.1518767275
0.1774051770
0.1907281145
0.1810071959
0.1547237669
0.1261683899
0.1057679193
0.0915858637
0.0729657783
0.0525407412
0.0413491306
0.0388329723
0.0316000914
0.0164195588
-0.0057313648
-0.0351182464
-0.0613542466
-0.0701438784
-0.0670366167
-0.0668794395
-0.0669707007
-0.0545877020
-0.0280825426
0.0037453572
0.0351630995
0.0615520270
0.0787971309
0.0860176911
0.0824666580
0.0727965314
0.0597468494
0.0412946198
0.0148556359
-0.0181006420
-0.0465012240
-0.0412175394
0.0033205562
0.0555261714
0.0952253044
0.1288994853
0.1714833744
0.2176597917
0.2410895392
0.2228088620
0.1765389607
0.1252233651
0.0751517766
0.0277901634
-0.0135255969
-0.0460914484
-0.0663187821
-0.0605634422
-0.0112270629
0.0809697854
0.1699631098
0.2063770740
0.1923385603
0.1514519967
0.0974139865
0.0489830235
0.0341344118
0.0589544487
0.1033878587
0.1469194565
0.1763420482
0.1863729360
0.1856490972
0.1830917954
0.1790729487
0.1745946517
0.1735321403
0.1754481366
0.1745854322
0.1643839663
0.1419345792
0.1114200830
0.0851460505
0.0795303459
0.0965818776
0.1193983617
0.1328805139
0.1326324543
0.1193589302
0.0970186119
0.0767612048
0.0691420979
0.0774258241
0.1013266268
0.1377857390
0.1756629710
0.1985384021
0.1950439996
0.1637736217
0.1138399406
0.0634516767
0.0263386991
0.0020667130
-0.0143034234
-0.0209171313
-0.0067242399
0.0380430274
0.1047722254
0.1621196559
0.1906199819
0.2029302086
0.2138088294
0.2174280344
0.1969254179
0.1464364790
0.0883410534
0.0479467235
0.0231439925
0.0090683695
0.0096689801
0.0254515355
0.0443380162
0.0536822683
0.0569939342
0.0619803592
0.0728638446
0.0952578662
0.1226642521
0.1374466735
0.1325698293
0.1106824430
0.0767096547
0.0447859300
0.0325734381
0.0399611991
0.0498064392
0.0448648704
0.0214724955
-0.0093829728
-0.0323587826
-0.0390902121
-0.0316835629
-0.0170780636
0.0006843275
0.0232391489
0.0560630009
0.1002044072
0.1456075745
0.1763279338
0.1933426021
0.2059026500
0.2112032781
0.2070722556
0.1967401878
0.1803968091
0.1537249466
0.1131809406
0.0558369414
-0.0142207318
-0.0793190316
-0.1219107094
-0.1301487757
-0.0915360572
-0.0023551142
0.1042937522
0.1792384717
0.2088849843
0.2109719614
0.2026219191
0.1877035094
0.1721279980
0.1625842060
0.1507917073
0.1260525281
0.0936935656
0.0584804480
0.0136938275
-0.0384304597
-0.0805676226
-0.0926651744
-0.0609284599
0.0143086704
0.1012290432
0.1601321452
0.1821417734
0.1706561279
0.1232925198
0.0445399563
-0.0329982621
-0.0801331023
-0.1040110333
-0.1197321381
-0.1271725742
-0.1127179938
-0.0658463638
0.0015614821
0.0549235785
0.0723912122
0.0582804664
0.0179018607
-0.0511266324
-0.1359139616
-0.2028362747
-0.2281972124
-0.2253081301
-0.2233469018
-0.2284493711
-0.2308774157
-0.2300163671
-0.2317199926
-0.2354681344
-0.2380600357
-0.2409822325
-0.2497609712
-0.2686886420
-0.2944890905
-0.3162655808
-0.3258227402
-0.3220585384
-0.3079673611
-0.2901767858
-0.2706527225
-0.2432153971
-0.2019019319
-0.1450915015
-0.0892769132
-0.0762681427
-0.1105995717
-0.1428747538
-0.1489925995
-0.1518266498
-0.1742699439
-0.2035994283
-0.2157973946
-0.2129933960
-0.2078168106
-0.2077098741
-0.2202596904
-0.2497333641
-0.2950233121
-0.3439794489
-0.3769607165
-0.3925413961
-0.4047194963
-0.4129013506
-0.4056512447
-0.3887359228
-0.3789335176
-0.3665774426
-0.3311384248
-0.2811410301
-0.2400761900
-0.2172027078
-0.2050447175
-0.1942524193
-0.1853011575
-0.1850751519
-0.1902280843
-0.1880052359
-0.1733457828
-0.1494236570
-0.1222089116
-0.0984428050
-0.0892053435
-0.1109696547
-0.1649555451
-0.2320209847
-0.2941390781
-0.3381320030
-0.3574476182
-0.3615687572
-0.3600051142
-0.3513856056
-0.3400177280
-0.3366276149
-0.3431038120
-0.3516981694
-0.3548861277
-0.3504286557
-0.3362260834
-0.3027784011
-0.2358319583
-0.1340403545
-0.0240564044
0.0453679400
0.0448570270
-0.0084606131
-0.0646231655
-0.0937908689
-0.1187036617
-0.1710944870
-0.2595424558
-0.3643390967
-0.4442849207
-0.4685307518
-0.4379605205
-0.3762329644
-0.3168001119
-0.2762740263
-0.2530955689
-0.2408310855
-0.2287105887
-0.2093286048
-0.1792485703
-0.1380245100
-0.0899023034
-0.0463161851
-0.0245471346
-0.0423126513
-0.1041839757
-0.1846913325
-0.2460354377
-0.2706917003
-0.2446277709
-0.1848052092
-0.1407566356
-0.1276885007
-0.1337914213
-0.1497686277
-0.1698623187
-0.1868187261
-0.1955354094
-0.1974987740
-0.1986496661
-0.2022922105
-0.2084211496
-0.2145661071
-0.2169738765
-0.2134610434
-0.2051604535
-0.1943362328
-0.1821485052
-0.1670916970
-0.1481556707
-0.1289266643
-0.1143943584
-0.1070019487
-0.1060935927
-0.1067573822
-0.1035489102
-0.0966017385
-0.0942708596
-0.1067755824
-0.1378193449
-0.1821538381
-0.2288089610
-0.2631861753
-0.2794997460
-0.2852326180
-0.2871067414
-0.2873551450
-0.2913118987
-0.3028829254
-0.3187794429
-0.3332165488
-0.3420298293
-0.3435786785
-0.3415917252
-0.3431720918
-0.3508358200
-0.3601699961
-0.3647447619
-0.3634305684
-0.3589741930
-0.3518129040
-0.3409849239
-0.3284710202
-0.3166101331
-0.3048114244
-0.2943048921
-0.2921120295
-0.3074481752
-0.3445490632
-0.3970763965
-0.4536596609
-0.4982836911
-0.5124676761
-0.5006267417
-0.4859509982
-0.4746154490
-0.4499524646
-0.4020636822
-0.3391578920
-0.2686088869
-0.1965155772
-0.1318313977
-0.0717196217
-0.0097360892
0.0451438392
0.0649999036
0.0212177341
-0.0876253992
-0.2053722153
-0.2668220299
-0.2726007167
-0.2585753296
-0.2401677165
-0.2123750680
-0.1803327173
-0.1619978100
-0.1634432573
-0.1739762189
-0.1852598049
-0.1989080885
-0.2197568350
-0.2452860090
-0.2679847320
-0.2784318176
-0.2688664880
-0.2449240826
-0.2185526095
-0.1917063076
-0.1601085650
-0.1268702342
-0.1096470485
-0.1273132638
-0.1700052026
-0.2058679820
-0.2206636881
-0.2230271452
-0.2196156427
-0.2113723013
-0.2050450717
-0.2080362466
-0.2188493778
-0.2300254658
-0.2363372181
-0.2370917060
-0.2323225835
-0.2228557537
-0.2113166752
-0.2020200362
-0.1988489874
-0.2020850646
-0.2081042015
-0.2119021780
-0.2107037942
-0.2030674057
-0.1875812637
-0.1621707936
-0.1266745065
-0.0855124013
-0.0472779067
-0.0197429274
-0.0130470304
-0.0391637525
-0.0969464130
-0.1609359772
-0.2044158320
-0.2225474738
-0.2102244880
-0.1695227553
-0.1282317110
-0.1103909888
-0.1136247683
-0.1230112665
-0.1266002084
-0.1191831699
-0.1024317548
-0.0826980773
-0.0678415479
-0.0648876174
-0.0759414639
-0.0936459431
-0.1076136718
-0.1147752633
-0.1181138805
-0.1198011701
-0.1185492176
-0.1145694829
-0.1136842684
-0.1214703581
-0.1381201769
-0.1613465380
-0.1872160922
-0.2083422979
-0.2175356389
-0.2115405473
-0.1942193851
-0.1734951308
-0.1520923087
-0.1283250742
-0.1050601634
-0.0893947760
-0.0861475480
-0.0940647658
-0.1068500909
-0.1174673984
-0.1209594151
-0.1164229890
-0.1055264176
-0.0909676281
-0.0739093482
-0.0543252326
-0.0342811196
-0.0205576763
-0.0223661317
-0.0458476390
-0.0873810210
-0.1303308033
-0.1542054708
-0.1455430537
-0.1086111640
-0.0620354165
-0.0190385044
0.0187768650
0.0494963674
0.0562331900
0.0281254789
-0.0178302147
-0.0583961097
-0.0897073541
-0.1136585646
-0.1252733113
-0.1245034599
-0.1207458572
-0.1216283772
-0.1231339365
-0.1198757163
-0.1118450665
-0.0971497088
-0.0714309687
-0.0327192716
0.0148870716
0.0601094794
0.0845585105
0.0764955414
0.0391185992
-0.0185906288
-0.0767609568
-0.1147658143
-0.1178226170
-0.0873175143
-0.0502538710
-0.0266028648
-0.0159855011
-0.0070936330
0.0124204802
0.0445131611
0.0829639336
0.1201754499
0.1401021452
0.1388053003
0.1320547821
0.1261557236
0.1156608825
0.1039547269
0.1002145820
0.1042541526
0.1107419425
0.1194068761
0.1349226336
0.1601560895
0.1933449385
0.2296336348
0.2624758857
0.2856782571
0.2916118746
0.2746640711
0.2413274616
0.2093370858
0.1952209088
0.2023561580
0.2199883114
0.2332494519
0.2331521240
0.2179014165
0.1908147366
0.1580254512
0.1284072738
0.1121866900
0.1168345081
0.1393570650
0.1728062514
0.2151265747
0.2554210569
0.2644778162
0.2331170485
0.1826759482
0.1252087756
0.0650652659
0.0094963711
-0.0286369491
-0.0371913802
-0.0198278774
0.0037720287
0.0123206419
0.0034744016
-0.0069414169
-0.0063878580
0.0027433729
0.0168668530
0.0387314550
0.0666693191
0.0938919197
0.1126650683
0.1204708502
0.1222986542
0.1229293411
0.1241517125
0.1279220259
0.1373417272
0.1552827505
0.1825468236
0.2162908735
0.2499004046
0.2760460865
0.2861984104
0.2714341651
0.2296195678
0.1740575912
0.1220837626
0.0822654609
0.0761264396
0.1149758419
0.1706477643
0.2114555071
0.2304840969
0.2357283949
0.2330213511
0.2218209760
0.1981255998
0.1624918230
0.1281842980
0.1121517226
0.1235660523
0.1493854200
0.1639372140
0.1654576670
0.1687626012
0.1817179424
0.1989523159
0.2153223255
0.2308668459
0.2490351194
0.2716380486
0.2953999036
0.3164100356
0.3350748994
0.3536699781
0.3709519814
0.3781063959
0.3630072098
0.3209731118
0.2675576014
0.2287013969
0.2092908425
0.1947630572
0.1833172275
0.1920622556
0.2258578313
0.2542962009
0.2489799658
0.2158364077
0.1774924835
0.1510832690
0.1415698598
0.1442837263
0.1527599389
0.1626358868
0.1719011353
0.1774958658
0.1789931169
0.1795865479
0.1815499386
0.1845634245
0.1881823554
0.1924969677
0.1997698836
0.2131328631
0.2355399048
0.2666306486
0.3027376780
0.3360985795
0.3610208341
0.3684385685
0.3430206616
0.2796549290
0.2038076432
0.1478990038
0.1147704368
0.0860072978
0.0511092744
0.0211044896
0.0231641877
0.0818077951
0.1946335842
0.3054621842
0.3534346291
0.3400289563
0.2994818247
0.2578104405
0.2289837350
0.2129593495
0.2031476549
0.1961596844
0.1859205841
0.1663497847
0.1471263031
0.1372959504
0.1316461292
0.1290934599
0.1358246467
0.1581899760
0.1911444814
0.2288381560
0.2762725411
0.3284369292
0.3704771694
0.3756099376
0.3209843452
0.2304605997
0.1578713012
0.1300123301
0.1252913117
0.1187471311
0.1112259352
0.1199333008
0.1540477605
0.1998067086
0.2277774636
0.2269155574
0.2127707601
0.2030509383
0.2001340455
0.1984121963
0.1976012070
0.2019234213
0.2094803801
0.2156813786
0.2193629872
0.2242008471
0.2347338342
0.2543642144
0.2819759807
0.3089794564
0.3188205890
0.3102509536
0.2986166589
0.2885669023
0.2751761072
0.2624222767
0.2592224832
0.2650879084
0.2730385117
0.2785768194
0.2807452172
0.2789083392
0.2759175941
0.2812230853
0.3016488116
0.3348371220
0.3720628448
0.3998971886
0.4020450208
0.3753381428
0.3353742357
0.3043620914
0.2958621732
0.3040117469
0.3099210546
0.3005200276
0.2765566065
0.2471137386
0.2141773341
0.1752143895
0.1405565456
0.1223210357
0.1163500156
0.1176551027
0.1272068810
0.1394284625
0.1504964329
0.1651583579
0.1908923379
0.2240540685
0.2510347180
0.2591176939
0.2402936476
0.1948292480
0.1402782493
0.1061224095
0.1084111067
0.1422460781
0.1935968086
0.2395310845
0.2597743833
0.2556229047
0.2375656420
0.2093649607
0.1669515608
0.1175846989
0.0844079891
0.0775252116
0.0853654239
0.0974485745
0.1156272628
0.1395501996
0.1561963263
0.1539202520
0.1329720302
0.0972827726
0.0517331447
0.0048905527
-0.0357728056
-0.0622304649
-0.0626523568
-0.0365656956
-0.0079250430
0.0015631715
-0.0037440283
-0.0104506140
-0.0116839826
-0.0062155259
0.0065558721
0.0271546643
0.0515026217
0.0729752464
0.0891386869
0.1039271420
0.1200128416
0.1330446180
0.1384783707
0.1395305119
0.1445219899
0.1570986692
0.1754313625
0.1965957235
0.2173757542
0.2369629448
0.2538785484
0.2613732610
0.2555813878
0.2436656048
0.2390141452
0.2482485608
0.2683094165
0.2931860138
0.3152113220
0.3241727339
0.3124768355
0.2816047581
0.2446505926
0.2254927206
0.2321906832
0.2461262347
0.2536128409
0.2597928223
0.2756523114
0.3013846409
0.3242501379
0.3348151050
0.3379524089
0.3410293442
0.3436071044
0.3378600117
0.3168229556
0.2826231221
0.2433286135
0.2045971234
0.1777310262
0.1675099473
0.1604916477
0.1492569181
0.1382375690
0.1283186599
0.1161639382
0.1018252689
0.0889767199
0.0814554766
0.0807670153
0.0856247126
0.0949361742
0.1097717317
0.1252322530
0.1330182067
0.1321442023
0.1249610581
0.1087192868
0.0760276437
0.0255259768
-0.0347157194
-0.0935125302
-0.1318177713
-0.1379025950
-0.1312378663
-0.1353449384
-0.1494071625
-0.1638479187
-0.1782459922
-0.1943261114
-0.2105635531
-0.2246833627
-0.2347086022
-0.2372633725
-0.2340638258
-0.2341482060
-0.2461438927
-0.2733894155
-0.3102772513
-0.3452801998
-0.3710234313
-0.3889481516
-0.4053947411
-0.4215409271
-0.4339160975
-0.4433066019
-0.4546605885
-0.4703646278
-0.4902766959
-0.5113208928
-0.5285373772
-0.5359191536
-0.5367138844
-0.5416137900
-0.5537378440
-0.5697155525
-0.5872168480
-0.6037936599
-0.6147789132
-0.6137084789
-0.5987804645
-0.5758144534
-0.5549296684
-0.5420153110
-0.5300929077
-0.5093355212
-0.4822145334
-0.4611400518
-0.4504797496
-0.4431908084
-0.4294102129
-0.4066378956
-0.3834088057
-0.3645672773
-0.3454931397
-0.3239425017
-0.3030192461
-0.2870237870
-0.2729110882
-0.2561790770
-0.2402039807
-0.2263701895
-0.2114412543
-0.1941988646
-0.1770535721
-0.1619240013
-0.1485829019
-0.1344502342
-0.1161265078
-0.0921590716
-0.0645685431
-0.0365492349
-0.0073809487
0.0216922544
0.0456504211
0.0662745587
0.0875177084
0.1092186392
0.1325132248
0.1602390490
0.1913730854
0.2232002923
0.2545346116
0.2841366787
0.3059488176
0.3180991726
0.3234223020
0.3208785641
0.3077606747
0.2879504280
0.2671189944
0.2461916021
0.2251370802
0.2111488149
0.2093732464
0.2148837497
0.2246093592
0.2353020493
0.2437311832
0.2514784594
0.2613982803
0.2738668651
0.2877469321
0.3005894242
0.3081345317
0.3066046636
0.2965650612
0.2809326756
0.2641897235
0.2500368858
0.2404338480
0.2347539307
0.2325670557
0.2329029474
0.2320923085
0.2285720171
0.2235065547
0.2164067922
0.2054885288
0.1920417536
0.1793101083
0.1682242033
0.1575962544
0.1463618089
0.1350703384
0.1255679537
0.1192916255
0.1165851531
0.1172323613
0.1191528916
0.1207349384
0.1211158350
0.1188049817
0.1126231541
0.1032064029
0.0937064821
0.0882213252
0.0876553007
0.0878361321
0.0816430604
0.0632915182
0.0305872682
-0.0129580911
-0.0585890748
-0.0923359346
-0.1103299914
-0.1175768851
-0.1158306890
-0.1079604041
-0.0976187522
-0.0882454403
-0.0801282239
-0.0695685671
-0.0553040982
-0.0370926979
-0.0119949145
0.0161134488
0.0393963043
0.0514147804
0.0502720770
0.0372171241
0.0114077013
-0.0213255986
-0.0472416498
-0.0598164530
-0.0566792436
-0.0363587610
-0.0067215116
0.0185758355
0.0319147160
0.0363986363
0.0417772414
0.0537976403
0.0709220032
0.0879821457
0.1024782237
0.1188737890
0.1424756034
0.1710430138
0.1973290967
0.2151886910
0.2224215939
0.2167512438
0.2012047491
0.1822120618
0.1558424869
0.1175601151
0.0798240423
0.0582755193
0.0552117233
0.0717201381
0.1061108142
0.1405502191
0.1628572008
0.1800090349
0.2112308526
0.2692928526
0.3422926174
0.3970075061
0.4043119254
0.3589842305
0.2808459090
0.2042785365
0.1519959503
0.1307742405
0.1383955123
0.1549857921
0.1652759250
0.1719279100
0.1776836184
0.1846623532
0.2000717365
0.2320535903
0.2817552915
0.3347515457
0.3670840389
0.3662607743
0.3366946154
0.2870096786
0.2370514533
0.2075499727
0.2008781880
0.2046829492
0.2067615917
0.2036186707
0.1992909715
0.1957705955
0.1900638645
0.1811584065
0.1707053770
0.1602630554
0.1488968144
0.1369230781
0.1286242565
0.1288929207
0.1382725652
0.1515219641
0.1616458252
0.1687539649
0.1820672501
0.2031135831
0.2187627719
0.2177054881
0.2017165609
0.1787543045
0.1516340443
0.1212100448
0.0902193674
0.0644792175
0.0480860889
0.0359583394
0.0234422282
0.0134764692
0.0084959015
0.0111932144
0.0214024231
0.0322268621
0.0381814228
0.0385612721
0.0343491433
0.0233097375
0.0022161511
-0.0268684057
-0.0538269374
-0.0726972408
-0.0893499401
-0.1096488581
-0.1257162819
-0.1341173374
-0.1431269553
-0.1519022046
-0.1531125868
-0.1456531756
-0.1348104367
-0.1262161845
-0.1209821438
-0.1136639326
-0.1019450393
-0.0889759387
-0.0769099691
-0.0638440988
-0.0486140477
-0.0324581913
-0.0162499394
0.0003115015
0.0158579727
0.0281181065
0.0374053849
0.0457151733
0.0561792288
0.0686712314
0.0765922277
0.0747167000
0.0639180436
0.0468702097
0.0294100341
0.0137796409
-0.0025183467
-0.0152942990
-0.0218610744
-0.0214729227
-0.0099828992
0.0094798964
0.0285803408
0.0433336695
0.0574184031
0.0784655672
0.1028220096
0.1202106931
0.1278111850
0.1314784365
0.1392035206
0.1534396013
0.1712471792
0.1892862914
0.2048805053
0.2181875036
0.2310976376
0.2458426990
0.2626415238
0.2798145930
0.2920545103
0.2908674003
0.2735799729
0.2470792106
0.2224999735
0.2003053256
0.1759809462
0.1604544905
0.1605612468
0.1638218708
0.1638412041
0.1712508238
0.1955341923
0.2275428792
0.2529884803
0.2688726871
0.2673590227
0.2397204960
0.1947211328
0.1524604800
0.1202702097
0.0898478013
0.0615147664
0.0503767254
0.0643291587
0.0830562005
0.0851983086
0.0738554971
0.0609631673
0.0528792702
0.0508570183
0.0540825995
0.0597119686
0.0703388417
0.0953616536
0.1343985426
0.1727306093
0.1959997399
0.1985389234
0.1850465099
0.1692308033
0.1597110353
0.1551457786
0.1526903585
0.1501507219
0.1463695433
0.1438720678
0.1463653199
0.1554729201
0.1678111494
0.1763391191
0.1774626391
0.1735067340
0.1674417218
0.1605584073
0.1540656337
0.1498187491
0.1474704881
0.1431206012
0.1324108606
0.1147662778
0.0944358951
0.0814963966
0.0827836504
0.0952900774
0.1130833842
0.1327951507
0.1540544892
0.1782315276
0.2070690462
0.2452265667
0.2995514392
0.3660027636
0.4186487299
0.4237484761
0.3741746903
0.3069439304
0.2626912557
0.2429242935
0.2417614692
0.2548197438
0.2670619617
0.2688347090
0.2613628903
0.2518170960
0.2475392545
0.2526594813
0.2611531837
0.2607849083
0.2400470604
0.1951300402
0.1350353241
0.0832910647
0.0616358466
0.0765804018
0.1134911823
0.1458258603
0.1674090950
0.1919581608
0.2216625000
0.2453664006
0.2603388204
0.2682438573
0.2645983488
0.2461200576
0.2196764948
0.1979403202
0.1845491312
0.1752655279
0.1705236113
0.1724477165
0.1792363708
0.1859802988
0.1881573275
0.1844746698
0.1756745071
0.1636957558
0.1512585424
0.1423272435
0.1395893595
0.1417980318
0.1441623156
0.1410495612
0.1273773093
0.1004777483
0.0642540759
0.0307515939
0.0096731542
0.0079895269
0.0338999428
0.0731533482
0.0950447819
0.0974436996
0.1009787946
0.1108372989
0.1186381763
0.1227262306
0.1241033998
0.1214033544
0.1154191624
0.1086939199
0.1020618255
0.0948061901
0.0857801651
0.0752277691
0.0653915483
0.0580419251
0.0491198378
0.0304135840
-0.0008001488
-0.0323750846
-0.0470373916
-0.0377048658
-0.0087317778
0.0255988330
0.0500051603
0.0641840003
0.0814103087
0.1088379732
0.1402545067
0.1683130440
0.1911003730
0.2085730278
0.2183291809
0.2183983373
0.2124482868
0.2058295423
0.1977622570
0.1839482209
0.1634630428
0.1372162535
0.1093609608
0.0913096872
0.0867807821
0.0880684667
0.0895443737
0.0904628435
0.0919226548
0.0919764680
0.0916047372
0.0981748988
0.1188359436
0.1536998797
0.1933201143
0.2235366007
0.2288912781
0.2115901537
0.1970391182
0.1973875144
0.2026867962
0.2000327718
0.1896840189
0.1745828897
0.1533488476
0.1282298998
0.1046377119
0.0853991490
0.0694905244
0.0551638669
0.0519149475
0.0659655386
0.0880294236
0.1119104419
0.1373763426
0.1686388293
0.2081689156
0.2460676339
0.2630226754
0.2553377144
0.2334413664
0.1986833654
0.1581511265
0.1212317345
0.0828367558
0.0438922882
0.0196242240
0.0201689122
0.0346594306
0.0371110813
0.0203544851
-0.0008331227
-0.0171836646
-0.0270133562
-0.0250856993
-0.0112030502
0.0055300317
0.0179102063
0.0256391627
0.0330187311
0.0449584802
0.0637715946
0.0856929798
0.1022212267
0.1074573559
0.0988021940
0.0756289115
0.0487540749
0.0324113953
0.0262558504
0.0240709966
0.0267778825
0.0328882287
0.0325114242
0.0218288719
0.0037998312
-0.0179073819
-0.0408601720
-0.0597385890
-0.0702176154
-0.0710146035
-0.0652526400
-0.0603086706
-0.0594190204
-0.0611902984
-0.0637665353
-0.0665757845
-0.0689674826
-0.0698415561
-0.0686026027
-0.0641789734
-0.0555647895
-0.0430939384
-0.0270353424
-0.0076053647
0.0121329317
0.0285913037
0.0410042290
0.0502892383
0.0561653118
0.0577039560
0.0545045532
0.0499837730
0.0508676643
0.0602196904
0.0766956071
0.0970543216
0.1164432890
0.1283634206
0.1276165498
0.1146823960
0.0945004059
0.0741983037
0.0594994130
0.0500885738
0.0438799006
0.0431590420
0.0499882732
0.0598382486
0.0642689603
0.0573763240
0.0393928927
0.0164702291
-0.0030857399
-0.0123529649
-0.0075493504
0.0086558498
0.0286354449
0.0475764022
0.0635484861
0.0762935250
0.0843779653
0.0846653041
0.0802394460
0.0788305496
0.0843794337
0.0956791310
0.1103354777
0.1241972732
0.1293421220
0.1202887221
0.1018736213
0.0826384621
0.0620042297
0.0362079915
0.0132088710
0.0068422937
0.0193682542
0.0388562617
0.0551387706
0.0651235696
0.0695601581
0.0713362759
0.0695868343
0.0575721020
0.0404212711
0.0353189050
0.0453992408
0.0601306238
0.0684089418
0.0651109795
0.0485275551
0.0208546658
-0.0102207475
-0.0315975323
-0.0412245661
-0.0462698302
-0.0445586477
-0.0331122108
-0.0191308352
-0.0121956943
-0.0131618881
-0.0172156491
-0.0207888829
-0.0250754236
-0.0332157506
-0.0460754160
-0.0586153092
-0.0659265533
-0.0683280944
-0.0697802645
-0.0758440011
-0.0872058587
-0.0993631593
-0.1078838808
-0.1098098124
-0.1050562097
-0.0989394038
-0.0970740689
-0.1000397770
-0.1058408815
-0.1123430543
-0.1168259672
-0.1170354645
-0.1121947171
-0.1045584496
-0.0982295109
-0.0959861488
-0.0981708935
-0.1030931363
-0.1082153648
-0.1119711463
-0.1101343792
-0.0966597322
-0.0719034825
-0.0441266419
-0.0243828293
-0.0241511603
-0.0426361153
-0.0661054092
-0.0843369442
-0.0998874807
-0.1243405488
-0.1603547987
-0.1935657818
-0.2073208563
-0.2048570837
-0.2001688743
-0.1982297059
-0.1977460962
-0.1970257980
-0.1951121843
-0.1884744189
-0.1729066740
-0.1471820374
-0.1178703159
-0.0989479746
-0.1038061276
-0.1258612635
-0.1446603821
-0.1520608553
-0.1509865869
-0.1467518903
-0.1431869720
-0.1413757587
-0.1397274692
-0.1364007278
-0.1311178440
-0.1233083472
-0.1106560995
-0.0947064836
-0.0779781246
-0.0578663931
-0.0312649000
-0.0007177093
0.0273422696
0.0483412412
0.0593548078
0.0547737125
0.0313461766
-0.0034222761
-0.0350105823
-0.0547984741
-0.0581233730
-0.0446811558
-0.0264977505
-0.0145272531
-0.0104573101
-0.0112483949
-0.0143942631
-0.0172652332
-0.0200376027
-0.0258585129
-0.0387518500
-0.0582920982
-0.0821391836
-0.1089688524
-0.1380151782
-0.1612998781
-0.1671031138
-0.1554568660
-0.1346740457
-0.1060241370
-0.0689577100
-0.0228749271
0.0335278344
0.0858772849
0.0892645533
0.0326184407
-0.0356051614
-0.0852031059
-0.1246640260
-0.1653154594
-0.1900360765
-0.1915440466
-0.1877407830
-0.1845247555
-0.1778617539
-0.1699668662
-0.1682935877
-0.1756921812
-0.1857827742
-0.1904517381
-0.1860776840
-0.1737123197
-0.1573129096
-0.1412204957
-0.1296570304
-0.1236511755
-0.1204174583
-0.1210313695
-0.1299421624
-0.1449613317
-0.1569107263
-0.1633387758
-0.1695738915
-0.1796014709
-0.1927398039
-0.2086401145
-0.2256482903
-0.2371474535
-0.2410011746
-0.2427342378
-0.2440000072
-0.2425506511
-0.2373954613
-0.2297473674
-0.2210808293
-0.2092828550
-0.1932703792
-0.1799889733
-0.1760202359
-0.1800665150
-0.1900359383
-0.2065860800
-0.2287026898
-0.2505687664
-0.2624972634
-0.2627749591
-0.2568648733
-0.2488514681
-0.2407996251
-0.2323641691
-0.2211427608
-0.2039111287
-0.1839547366
-0.1711838348
-0.1699106157
-0.1765819632
-0.1862367921
-0.1974573107
-0.2102850765
-0.2232528957
-0.2343409367
-0.2415023809
-0.2441889320
-0.2472024694
-0.2576397057
-0.2761604908
-0.2924086755
-0.2973720666
-0.2945041607
-0.2887722148
-0.2802475921
-0.2693918595
-0.2592867839
-0.2497556351
-0.2397245984
-0.2320265652
-0.2319574956
-0.2439733367
-0.2677489021
-0.2954883329
-0.3166521699
-0.3254527397
-0.3235629891
-0.3172620330
-0.3124329807
-0.3116188759
-0.3139878154
-0.3142400337
-0.3040808523
-0.2741022291
-0.2185081352
-0.1464643590
-0.0827336607
-0.0433131928
-0.0244229330
-0.0209713275
-0.0346603394
-0.0605114771
-0.0907421107
-0.1289081863
-0.1706393511
-0.1998399274
-0.2160758141
-0.2352558577
-0.2680819136
-0.3098049114
-0.3453643357
-0.3560878085
-0.3284446324
-0.2675619247
-0.2136627026
-0.2081312939
-0.2456000387
-0.2936843862
-0.3309270102
-0.3502111593
-0.3507156293
-0.3396872943
-0.3247962816
-0.3094859730
-0.2967052502
-0.2912029148
-0.2931322641
-0.2963150642
-0.2956132920
-0.2916890031
-0.2833961172
-0.2654540881
-0.2368112031
-0.2039148237
-0.1760332138
-0.1570891376
-0.1518370838
-0.1715091351
-0.2222086765
-0.2909730832
-0.3565305959
-0.4051319433
-0.4233320901
-0.4063582112
-0.3652100722
-0.3173489806
-0.2709242493
-0.2255939635
-0.1847554159
-0.1723879179
-0.2118424325
-0.2918699269
-0.3634284597
-0.3896452871
-0.3788336435
-0.3550331768
-0.3364928256
-0.3304091417
-0.3308625745
-0.3267092061
-0.3163381865
-0.3079063103
-0.3073676458
-0.3160382050
-0.3315331018
-0.3442450532
-0.3440995703
-0.3314412283
-0.3122501227
-0.2915024939
-0.2681187408
-0.2387153113
-0.2036958391
-0.1674277419
-0.1346228853
-0.1135933109
-0.0996159188
-0.0845644696
-0.0885246268
-0.1341747492
-0.2089175731
-0.2812082003
-0.3394900185
-0.3841240735
-0.4139899457
-0.4270129314
-0.4208736672
-0.3986200374
-0.3825486449
-0.3915449970
-0.4109817064
-0.4151527402
-0.3952667362
-0.3585491236
-0.3156106473
-0.2841615633
-0.2739113937
-0.2734364757
-0.2730801449
-0.2743369816
-0.2810153082
-0.2888695671
-0.2885885046
-0.2788828524
-0.2665928583
-0.2574213682
-0.2523671145
-0.2512051685
-0.2560259413
-0.2706549702
-0.2962646694
-0.3266820905
-0.3464908088
-0.3464270998
-0.3348312283
-0.3216676664
-0.3112111790
-0.3049964646
-0.3017439043
-0.2984124759
-0.2940982790
-0.2893427553
-0.2820995969
-0.2673101916
-0.2413033027
-0.2055464518
-0.1666372165
-0.1335726848
-0.1196389779
-0.1266534811
-0.1375106693
-0.1439165647
-0.1483674406
-0.1499791478
-0.1454318839
-0.1351654400
-0.1220262083
-0.1093395091
-0.0997955729
-0.0921059908
-0.0801595379
-0.0602665670
-0.0349205238
-0.0121287421
0.0014181299
0.0008819194
-0.0138525521
-0.0367005036
-0.0609021488
-0.0862067262
-0.1137179023
-0.1358290220
-0.1421355545
-0.1305533726
-0.1103841680
-0.0913013300
-0.0807960410
-0.0863013920
-0.1093119223
-0.1457220372
-0.1852419785
-0.2186483344
-0.2344516346
-0.2266051671
-0.2084664714
-0.1908625623
-0.1737265381
-0.1540625922
-0.1316120165
-0.1085368138
-0.0899542040
-0.0806839042
-0.0843580418
-0.0986082374
-0.1143347924
-0.1229870719
-0.1220457056
-0.1151636327
-0.1041174179
-0.0863337933
-0.0603707712
-0.0299284922
-0.0021045463
0.0111293616
-0.0021077648
-0.0438747418
-0.0975106950
-0.1353850468
-0.1502420087
-0.1572712074
-0.1652871755
-0.1633896584
-0.1330531218
-0.0674400880
0.0116015441
0.0686191969
0.0943297098
0.1053341113
0.1137233657
0.1175852626
0.1152223042
0.1098971500
0.1012084631
0.0887306289
0.0732668793
0.0518778320
0.0296426158
0.0194267844
0.0319804001
0.0592196193
0.0791999669
0.0829675541
0.0737310297
0.0573735927
0.0380011628
0.0205738773
0.0054987097
-0.0104139218
-0.0205076776
-0.0157709784
-0.0019103423
0.0111555362
0.0228220673
0.0366830441
0.0550821943
0.0796559220
0.1094548359
0.1424464730
0.1761818082
0.1993756614
0.2007956640
0.1831468844
0.1524194075
0.1112910138
0.0712538367
0.0431431172
0.0214227868
-0.0009973544
-0.0231645855
-0.0419774975
-0.0560845586
-0.0659586803
-0.0733711703
-0.0827212180
-0.0960148756
-0.1049605712
-0.0993118340
-0.0784328287
-0.0571018685
-0.0505898926
-0.0584945687
-0.0721342598
-0.0833007379
-0.0853962016
-0.0759219311
-0.0572271671
-0.0318335190
-0.0002347074
0.0323307655
0.0515910761
0.0468720759
0.0258549265
0.0033130254
-0.0120273903
-0.0181856756
-0.0227166777
-0.0333551937
-0.0491032172
-0.0671326821
-0.0854678317
-0.1019894039
-0.1178264368
-0.1310268341
-0.1366923096
-0.1378321681
-0.1410637930
-0.1497415104
-0.1621812959
-0.1728240412
-0.1753178377
-0.1657314223
-0.1452341507
-0.1224537426
-0.1056565937
-0.0944652550
-0.0852899508
-0.0776326948
-0.0744633219
-0.0784352243
-0.0870503173
-0.0912933569
-0.0838574231
-0.0666684651
-0.0457275508
-0.0255267332
-0.0062195030
0.0132953030
0.0313233533
0.0476496375
0.0643123745
0.0788558508
0.0899694623
0.1005348438
0.1071215738
0.1011241033
0.0807935573
0.0522849271
0.0231933531
0.0010881485
0.0040098275
0.0362326564
0.0753044163
0.1067802582
0.1336737072
0.1550013015
0.1640269900
0.1600518352
0.1416456146
0.1051061361
0.0604436065
0.0312536324
0.0283115392
0.0447571380
0.0718188839
0.1004793822
0.1207165612
0.1278383095
0.1205484968
0.1123337430
0.1033354860
0.0939687633
0.0839977082
0.0775749786
0.0781160758
0.0825240270
0.0858304196
0.0844309330
0.0758372197
0.0602753682
0.0428269328
0.0299445276
0.0262648654
0.0320250271
0.0413293230
0.0494487044
0.0550081415
0.0581764910
0.0612415864
0.0670151818
0.0755149238
0.0849635560
0.0961123464
0.1100479453
0.1254283434
0.1410254250
0.1564506102
0.1705076647
0.1789977009
0.1805317683
0.1793525816
0.1798781901
0.1834817531
0.1890036202
0.1958977614
0.2025273039
0.2027997793
0.1878397729
0.1535155182
0.1087664403
0.0709311433
0.0463385242
0.0270195094
0.0081359759
-0.0031012282
0.0063956122
0.0431578321
0.0946306458
0.1348695930
0.1535683939
0.1621040536
0.1703106707
0.1744127950
0.1642283534
0.1345250895
0.0943903963
0.0582539735
0.0298178100
0.0134612828
0.0168540515
0.0339666688
0.0492457414
0.0556372546
0.0586275767
0.0667580574
0.0853280210
0.1181055030
0.1611014543
0.1942381691
0.1899876582
0.1533651704
0.1159633669
0.0933635271
0.0854995204
0.0873280486
0.0920690811
0.0955626719
0.0976730134
0.0977073372
0.0926040632
0.0815777137
0.0679709948
0.0562047196
0.0509183718
0.0525280194
0.0566154692
0.0622490322
0.0725009788
0.0873653315
0.0998607427
0.1087634724
0.1232002634
0.1450074100
0.1670618538
0.1842149615
0.1922185811
0.1890479317
0.1837642743
0.1855724229
0.1922976319
0.1985795672
0.2004385227
0.1944217546
0.1794030833
0.1588247641
0.1373965760
0.1216926128
0.1147323216
0.1157418477
0.1246252127
0.1343936580
0.1384729703
0.1380426664
0.1373836707
0.1392249828
0.1458594436
0.1580968865
0.1723795693
0.1840848790
0.1939661109
0.2030912817
0.2091002044
0.2147564543
0.2239362687
0.2378271945
0.2592068230
0.2840193660
0.3004432147
0.3025572572
0.2961330577
0.2872979078
0.2724985633
0.2456287121
0.2104837076
0.1796363984
0.1637863359
0.1647780603
0.1780859327
0.1953001097
0.2082501548
0.2130152448
0.2105001318
0.2056881408
0.2014185236
0.1945143079
0.1791944865
0.1543072045
0.1268212914
0.1091354263
0.1104717984
0.1255394264
0.1396829781
0.1465551688
0.1487539797
0.1495925300
0.1523994800
0.1583167280
0.1655863192
0.1733079425
0.1811575061
0.1884760793
0.1951568532
0.2011750735
0.2046911709
0.2040730535
0.2008368096
0.1987768671
0.2003215613
0.2050166798
0.2112992738
0.2180257315
0.2252632212
0.2331913439
0.2405503500
0.2449645018
0.2443796898
0.2399350709
0.2323402655
0.2173166441
0.1915641298
0.1607660414
0.1350501135
0.1169403679
0.1007534452
0.0821350179
0.0643683619
0.0569047427
0.0695740897
0.1044096602
0.1463778252
0.1715659245
0.1717261217
0.1570478209
0.1400405482
0.1287791118
0.1256386604
0.1278311987
0.1311969031
0.1315441926
0.1267668515
0.1168715690
0.1029216990
0.0873944187
0.0743579474
0.0650288548
0.0627009891
0.0673255463
0.0696338895
0.0650042497
0.0568068529
0.0492728263
0.0437728828
0.0407086250
0.0409597623
0.0454689358
0.0535567718
0.0628143202
0.0715723822
0.0801089320
0.0873589619
0.0910552433
0.0910070377
0.0879755327
0.0834357181
0.0794878370
0.0763732552
0.0731997723
0.0698604357
0.0677013891
0.0677675783
0.0694667217
0.0720020708
0.0747162195
0.0766937900
0.0780248197
0.0798928690
0.0832677146
0.0881525927
0.0938712111
0.0990798346
0.1018038004
0.1002317177
0.0951616819
0.0891093669
0.0833895585
0.0783939520
0.0759865612
0.0781188307
0.0825214112
0.0854070772
0.0861610714
0.0862410370
0.0866152064
0.0874498890
0.0888231283
0.0906388979
0.0927712496
0.0952369412
0.0979150434
0.1005231234
0.1027378096
0.1039083602
0.1041243267
0.1046433624
0.1060672137
0.1080020498
0.1102668969
0.1128922617
0.1151035078
0.1158779116
0.1153109279
0.1131263463
0.1088792590
0.1036896572
0.0988918032
0.0944884233
0.0901279825
0.0862207385
0.0838397972
0.0833027461
0.0832632892
0.0831063538
0.0831813592
0.0833253715
0.0830529073
0.0819947065
0.0800013956
0.0773338084
0.0746790871
0.0728656325
0.0725193888
0.0735097829
0.0748951862
0.0759134422
0.0764371836
0.0765427656
0.0760700006
0.0750965904
0.0740687437
0.0732288300
0.0725556411
0.0719423195
0.0712502225
0.0703411784
0.0692145621
0.0680445924
0.0671355533
0.0667342723
0.0667939668
0.0670494859
0.0672995279
0.0674537700
0.0673488419
0.0667460751
0.0656153358
0.0640962183
0.0623632713
0.0606784906
0.0594427510
0.0588678779
0.0586735000
0.0584079019
0.0580036457
0.0576497011
0.0573188578
0.0569369269
0.0565938389
0.0563829370
0.0562624945
0.0561493128
0.0559894563
0.0557516049
0.0554211989
0.0550205985
0.0546079888
0.0542252770
0.0538624594
0.0535019958
0.0531326628
0.0527491483
0.0523533297
0.0519539528
0.0515485088
0.0511201282
0.0506531709
0.0501457528
0.0496079228
0.0490714217
0.0485685950
0.0481087324
0.0476757186
0.0472487984
0.0468147548
0.0463683901
0.0459056363
0.0454218278
0.0449135027
0.0443879366
0.0438607594
0.0433509762
0.0428700468
0.0424298500
0.0420191015
0.0416030858
0.0411706109
0.0407286251
0.0402823072
0.0398358193
0.0393892556
0.0389346642
0.0384674442
0.0379955874
0.0375291486
0.0370698686
0.0366160966
0.0361666232
0.0357215662
0.0352792363
0.0348366358
0.0343928304
0.0339486826
0.0335051540
0.0330626512
0.0326215224
0.0321822510
0.0317450808
0.0313097697
0.0308758596
0.0304429853
0.0300110116
0.0295799905
0.0291500091
0.0287211034
0.0282932764
0.0278665043
0.0274407582
0.0270160110
