0.0029064578
0.0030037841
0.0031033316
0.0032035005
0.0033059582
0.0034089919
0.0035138325
0.0036190756
0.0037254977
0.0038318883
0.0039388702
0.0040463699
0.0041542457
0.0042622873
0.0043695517
0.0044759627
0.0045814643
0.0046924168
0.0048099423
0.0049355029
0.0050567879
0.0051556170
0.0052338317
0.0052977699
0.0053392259
0.0053831978
0.0054658411
0.0055772712
0.0056929678
0.0058243555
0.0059609547
0.0061023585
0.0062298319
0.0063721398
0.0065233278
0.0066395512
0.0066334079
0.0065644745
0.0064495681
0.0062990471
0.0061826261
0.0061845655
0.0062357436
0.0062860832
0.0063298757
0.0063589173
0.0064674752
0.0067667254
0.0070923919
0.0066892657
0.0060935502
0.0062106123
0.0067419251
0.0067399198
0.0064044307
0.0062384533
0.0067679391
0.0075264633
0.0073073414
0.0056727250
0.0059284844
0.0096904289
0.0133476725
0.0119321007
0.0064488691
0.0001940404
-0.0016329611
0.0015184661
0.0053551406
0.0062844137
0.0038260867
0.0027774120
0.0032663250
0.0027075956
0.0001172231
-0.0024507220
0.0034371530
0.0167680701
0.0171417239
-0.0111831125
-0.0155386482
0.0030060415
0.0183978182
0.0138827475
-0.0126100393
-0.0259324160
-0.0024240874
0.0241592963
0.0140089075
-0.0065026742
-0.0090611687
0.0148340168
0.0299836870
0.0023857319
-0.0288677036
-0.0160466494
0.0151006169
0.0208346374
-0.0110016815
-0.0524852007
-0.0630914684
-0.0072443046
0.0459981976
0.0243371305
-0.0192107261
-0.0210870231
0.0027956947
0.0222493010
0.0140204970
-0.0077726985
-0.0225453233
-0.0130580398
0.0075219837
0.0003783483
-0.0197209358
-0.0153343465
-0.0075183182
-0.0134052932
-0.0232298693
-0.0283943431
-0.0251294441
-0.0023872084
0.0203852218
-0.0014723873
-0.0472888659
-0.0437352136
-0.0051466852
0.0244222051
0.0073474046
-0.0331435970
-0.0589607642
-0.0413310369
-0.0106247555
-0.0030448654
-0.0201418439
-0.0363128452
-0.0265800723
-0.0110875564
-0.0195718625
-0.0340965915
-0.0270497409
-0.0111584324
-0.0013415757
-0.0014754817
-0.0218909572
-0.0509220495
-0.0614092612
-0.0360308764
-0.0283012179
-0.0542202503
-0.0592006621
-0.0489581297
-0.0365531441
-0.0225029987
-0.0122185298
-0.0170169802
-0.0336201405
-0.0296240481
-0.0147450887
-0.0163506996
-0.0391297552
-0.0537775780
-0.0329541068
-0.0090848392
-0.0134919148
-0.0331491479
-0.0555749560
-0.0649387772
-0.0336523377
-0.0233836747
-0.0546502619
-0.0462868599
0.0009228723
0.0202664156
-0.0050668957
-0.0438514875
-0.0640180856
-0.0397120427
-0.0160094885
-0.0427676833
-0.0691456399
-0.0575566711
-0.0486937079
-0.0482831177
-0.0474224462
-0.0473775180
-0.0475133358
-0.0500556041
-0.0488569807
-0.0414527331
-0.0402165209
-0.0469478334
-0.0387526613
-0.0275131130
-0.0366589773
-0.0551703736
-0.0527291784
-0.0562954368
-0.0648729782
-0.0500282459
-0.0442163049
-0.0342480243
-0.0225359682
-0.0300835211
-0.0458869486
-0.0589718629
-0.0551994518
-0.0402791238
-0.0246880386
-0.0228435124
-0.0427076303
-0.0588191133
-0.0480867535
-0.0401904652
-0.0505453444
-0.0536679213
-0.0519740009
-0.0617036704
-0.0660243065
-0.0475542601
-0.0340020010
-0.0386881776
-0.0499369361
-0.0582536574
-0.0566556057
-0.0530376362
-0.0496203235
-0.0470132995
-0.0430968733
-0.0403578361
-0.0423096230
-0.0490709676
-0.0457359644
-0.0248271548
-0.0101839338
-0.0282621139
-0.0437119120
-0.0501616098
-0.0505261001
-0.0463872007
-0.0415369242
-0.0340143063
-0.0249875069
-0.0207243221
-0.0188306331
-0.0161474209
-0.0125122605
-0.0111509764
-0.0184296383
-0.0296968477
-0.0366101613
-0.0359051526
-0.0295981180
-0.0170975353
-0.0007823757
0.0056472437
-0.0027855987
-0.0022754773
0.0195905126
-0.0019912780
-0.0050367541
-0.0036148025
-0.0374763252
-0.0415285407
-0.0022434776
0.0402354136
0.0389781064
-0.0089326816
-0.0108067713
0.0163461496
0.0366150606
0.0491257770
0.0292070207
-0.0008407562
0.0047855732
0.0338105356
0.0216888788
-0.0070072320
-0.0042842670
0.0370063289
0.0848181375
0.1079934706
0.0746988806
0.0590514314
0.0779341673
0.0683417887
0.0172883826
0.0177258701
0.0461644374
0.0504778951
0.0194366290
-0.0187325807
-0.0161303436
0.0324234286
0.0735397385
0.0489958885
-0.0022187811
-0.0550546963
-0.0980960559
-0.0978248788
-0.0676014551
-0.0547097242
-0.0529597406
-0.0350064140
-0.0814491278
-0.1430673765
-0.1152825114
-0.0237972424
0.0459346011
0.0841506475
0.0922375612
0.0597728222
0.0427189239
0.0834474699
0.1112380787
0.0974068779
0.0963483365
0.0637911309
0.0437667206
0.0320565413
0.0006815684
0.0446215602
0.1329976310
0.2084996035
0.2338495148
0.2267923409
0.2020482361
0.1928902100
0.1716026663
0.0779540386
0.0076041192
0.0513212284
0.1112905135
0.0973211739
0.0879854364
0.0769334067
0.0665529451
0.1384394573
0.2316336499
0.3078167485
0.3775029457
0.3556524840
0.2158673430
0.1130392285
0.2062895208
0.3127641428
0.2660798680
0.1585677502
0.0512142639
-0.0525540792
-0.0999152718
0.0032631417
0.1513490750
0.1783165505
0.1334671060
0.0664502060
0.0171665954
0.0381641866
0.1080503545
0.1559007640
0.1673970020
0.1336835433
0.0926708754
0.0980960654
0.1624926919
0.2523433600
0.3419392994
0.3860896974
0.3330336076
0.2404780941
0.1803732371
0.2218245822
0.3195702625
0.3881383741
0.4089493213
0.3324134713
0.2392739472
0.1844675008
0.1650370155
0.1439984940
0.0675429136
-0.0204674961
-0.0589852912
-0.0517203435
-0.0358712954
-0.0721676982
-0.0981608189
-0.0281374498
0.0724168465
0.0570633473
-0.0044934061
-0.0359362692
-0.0514263366
-0.0764413023
-0.1005491203
-0.0965833039
-0.1129379913
-0.1542394991
-0.1680005543
-0.1127046427
-0.0366158634
0.0421895383
0.1171458906
0.1337953900
0.0863416167
0.0295853701
0.0128854309
0.0827784216
0.1841623876
0.1907168155
0.1798509546
0.1841338456
0.1925297302
0.2641038452
0.3685793140
0.4227589066
0.4551747807
0.5010631983
0.4759439719
0.3077050402
0.1509448402
0.1549021801
0.1742233256
0.1004359817
0.0343262183
0.0527761321
0.1153082484
0.1502242451
0.0977547999
0.0253346730
0.0317271683
0.0748081826
0.0891458813
0.0101525666
-0.1127986986
-0.1416537214
-0.0087571845
0.1129713283
0.0853428127
0.0481183146
0.0332772107
-0.0193712488
-0.0790285217
-0.0717156061
-0.0237158177
-0.0358940916
-0.0861302808
-0.1339121531
-0.1514911984
-0.0855822730
0.0050473961
0.0562855406
0.0311191994
-0.0087541894
-0.0069628653
0.0249423856
0.0307036856
-0.0257073556
-0.1308015539
-0.2085811417
-0.2220259395
-0.1991896008
-0.1785426085
-0.1824711264
-0.1990266130
-0.1977674663
-0.1784472479
-0.1654407392
-0.1798368094
-0.2050358422
-0.2203787251
-0.1978070694
-0.1566933762
-0.1420573500
-0.1405866637
-0.0949938532
-0.0099750909
0.0780121708
0.1044022290
0.0373001720
-0.0769622038
-0.0981622577
-0.0749725900
-0.0551893761
-0.0286927840
-0.0116031375
-0.0366642105
-0.1051028769
-0.1517309773
-0.1022024530
-0.0065838647
0.0392328428
0.0212664427
-0.0659484566
-0.1624690257
-0.1741452650
-0.1102544741
-0.0585984474
-0.0846262230
-0.1286598110
-0.1528508660
-0.1463142479
-0.1191169090
-0.1080831339
-0.1303034725
-0.1865840484
-0.2637160923
-0.3107481833
-0.3310336558
-0.3969775775
-0.4453428511
-0.4976132036
-0.5492752007
-0.5499215511
-0.5264390956
-0.5364971384
-0.5749174706
-0.5946658060
-0.5858572230
-0.5757836820
-0.5753728105
-0.5787766552
-0.5902523746
-0.6152747223
-0.6328657995
-0.6242862078
-0.5982860425
-0.5614417870
-0.5423641433
-0.5441221227
-0.4908646878
-0.4042195177
-0.3333700609
-0.2864906573
-0.2726188627
-0.2874484363
-0.3099262939
-0.3325004971
-0.3434803705
-0.3263681598
-0.3040290052
-0.3289593128
-0.3437091541
-0.2965859222
-0.2430003956
-0.2358384127
-0.2576473213
-0.2760160326
-0.2731171839
-0.2591820097
-0.2512216248
-0.2667184340
-0.3023222675
-0.3207229840
-0.2778518249
-0.2110352327
-0.1971752901
-0.2106794426
-0.2303048778
-0.2622451256
-0.2984009561
-0.3063763841
-0.2545955956
-0.2390040165
-0.2583290858
-0.2522473684
-0.2539179697
-0.2683242816
-0.2663451479
-0.2382656637
-0.2102471746
-0.2057923780
-0.2185937247
-0.2122388453
-0.1746869528
-0.1245968955
-0.0842609568
-0.0721034153
-0.0751932880
-0.0532864473
-0.0274606376
-0.0236793859
-0.0324029807
-0.0404720910
-0.0470877947
-0.0346191602
0.0075790217
0.0554247067
0.0821626362
0.0927639755
0.0978880206
0.1115718821
0.1427975121
0.1706501427
0.1537108435
0.1035326994
0.0616457511
0.0431055074
0.0500783517
0.0973826516
0.1238185630
0.0768239324
0.0396892410
0.0866585787
0.1619831004
0.2220725380
0.2555504515
0.2854749782
0.3263924103
0.3885568733
0.4341539401
0.5026196767
0.5643637792
0.5919001232
0.5960712089
0.5961568474
0.6225211385
0.6408211264
0.6260732480
0.4863033436
0.3109144391
0.2795041389
0.3126181796
0.3517181833
0.3875759459
0.3797718971
0.3590206644
0.3728416978
0.3971777337
0.4153417780
0.4173248861
0.3738756678
0.3391258408
0.3351565674
0.3211520983
0.2879978503
0.2505833948
0.2201082396
0.2099147481
0.1987871797
0.1668149262
0.1305271418
0.1089088532
0.0813324495
0.0561859396
0.0723385294
0.0807538093
0.0484729226
0.0626913152
0.1254515072
0.1923431929
0.2512668552
0.2947152448
0.3160959420
0.3443739720
0.3694759553
0.3522865263
0.3257568104
0.3204892540
0.3281486837
0.3216641814
0.3054728912
0.2881056093
0.2770239296
0.2808113484
0.2823783097
0.2659149490
0.2514848968
0.2398114493
0.2221763241
0.2116627058
0.2458529801
0.2889560562
0.3166929231
0.3424441400
0.3741484057
0.4108998211
0.4596172111
0.5179950866
0.5485698992
0.5358247067
0.5196955320
0.5042802723
0.4807189752
0.4622738949
0.4523618710
0.4556461026
0.4694762684
0.4863646043
0.4908479844
0.4588776840
0.4092735426
0.3628090796
0.3168635962
0.2831888620
0.2707099385
0.2517390974
0.2072503435
0.1745444060
0.1749591041
0.1818246412
0.1632725693
0.1079065960
0.0416915237
-0.0105895150
-0.0481537178
-0.0760758296
-0.0998092181
-0.1121554789
-0.1247656897
-0.1386455543
-0.1446781387
-0.1370569859
-0.1233195337
-0.1205756007
-0.1618125997
-0.2310698549
-0.2838903896
-0.2747100883
-0.2364528747
-0.2070933904
-0.1996585679
-0.2160194513
-0.2170611639
-0.1936909532
-0.1620479463
-0.1423082508
-0.1440253262
-0.1732565463
-0.2268636500
-0.2954651778
-0.3498843756
-0.3810629684
-0.4154403012
-0.4488094477
-0.5087975636
-0.5696196177
-0.5747065844
-0.5983100834
-0.5973504742
-0.6111068683
-0.6485736459
-0.4779818018
-0.3553145338
-0.4426484372
-0.4637948053
-0.3893625005
-0.3599581897
-0.3997506794
-0.4247390069
-0.4115808661
-0.3882922367
-0.3747569788
-0.3897984742
-0.4114299057
-0.3815770345
-0.3453353217
-0.3132828049
-0.2560958534
-0.1889136826
-0.1280066795
-0.0721585164
-0.0319287862
-0.0024240406
0.0287526618
0.0516112456
0.0733513861
0.1004300965
0.1506868925
0.2029815144
0.2486886423
0.2926884212
0.3504290933
0.4090380324
0.4525302796
0.4761114811
0.4679842280
0.4710708758
0.5066649220
0.5625755200
0.5889187215
0.5314195174
0.4131291159
0.2856298531
0.1994486132
0.1713194708
0.1515861162
0.0918306534
0.0115335204
-0.0566693792
-0.0781026927
-0.0751477480
-0.0668304767
-0.0597350587
-0.0590319142
-0.0765953695
-0.1039278631
-0.1326666679
-0.1641288434
-0.1951280737
-0.2144872592
-0.1993842040
-0.1693730127
-0.1378074964
-0.1029069124
-0.0729642160
-0.0583645059
-0.0457597204
-0.0167860999
0.0197391704
0.0555697550
0.0887781004
0.1139597539
0.1139441379
0.1082563528
0.1287676331
0.1540778596
0.1741373299
0.2025205865
0.2267618780
0.2423690090
0.2568988902
0.2564697788
0.1918369687
0.1031371371
0.0283356725
-0.0335738622
-0.0888634976
-0.1483099397
-0.2095307956
-0.2515383244
-0.2634304411
-0.2886570980
-0.3067835067
-0.2519007926
-0.1555376517
-0.0481382787
0.0311152736
0.0222960442
0.0154338528
0.0503874849
0.0607197388
0.0479285351
0.0286084875
0.0060048688
-0.0151862107
-0.0144199692
-0.0086196099
0.0012798478
0.0172430409
0.0351542315
0.0510704795
0.0554088021
0.0642036398
0.0814739018
0.0888507080
0.0676180114
0.0394483583
0.0213978839
0.0145714156
0.0152070113
0.0249797081
0.0442106938
0.0591284362
0.0631393856
0.0841744533
0.1408045016
0.1902046061
0.1899390114
0.1730183773
0.1683104874
0.1541004616
0.1245376936
0.0840581985
0.0380861834
0.0007054008
-0.0055759196
-0.0173675218
-0.0475336377
-0.0809648260
-0.0877418936
-0.0478738386
0.0063638866
0.0471501923
0.0491477199
0.0317872952
0.0031315189
-0.0485347965
-0.1054916357
-0.1504206212
-0.1607133479
-0.1596809099
-0.1770546209
-0.2280487859
-0.2891498548
-0.3382378203
-0.3760229035
-0.4039557820
-0.4179303600
-0.4160946402
-0.4040116119
-0.3796770184
-0.3473709873
-0.3187742990
-0.3081720625
-0.3094780913
-0.3147393290
-0.2976608844
-0.2625833209
-0.2610960673
-0.3389516011
-0.4005788326
-0.4105432380
-0.4178093062
-0.4175093260
-0.3829437333
-0.3314062807
-0.2878251711
-0.2154411725
-0.1296567805
-0.0771643186
-0.0391478356
0.0184868824
0.0864037809
0.1477793728
0.1686627683
0.1298407354
0.1122888953
0.1655522358
0.2323859665
0.2834925641
0.3167079639
0.3378927317
0.3453873951
0.3716522319
0.4319357468
0.4684982108
0.4115506169
0.3159275709
0.2149062017
0.1248873630
0.0852590030
0.0804141645
0.0510735861
0.0061601701
-0.0112507315
0.0035752826
0.0223262484
0.0158304151
-0.0236307896
-0.0719023906
-0.1037818131
-0.0962292738
-0.0880000514
-0.0949570404
-0.1011315729
-0.0951370512
-0.0787037269
-0.0618166163
-0.0552664968
-0.0778593117
-0.1245465662
-0.1704633358
-0.1800347957
-0.1501412070
-0.1310927213
-0.1631058474
-0.1954060826
-0.1964683036
-0.1869574017
-0.1798558039
-0.1834779355
-0.1911096123
-0.1961473660
-0.1959307454
-0.1959635888
-0.1992156773
-0.1913784632
-0.1542407474
-0.1082973028
-0.0695209763
-0.0369816646
-0.0071420680
0.0295410134
0.0964408730
0.1810642030
0.2448867552
0.2446042702
0.2257752720
0.2689642766
0.3386153171
0.4011447777
0.4402493024
0.4324325207
0.3740665213
0.3121889080
0.2749700614
0.2183903350
0.1911743279
0.1825096828
0.1580756673
0.1431021506
0.1923706229
0.2664998177
0.3421939930
0.4162700383
0.4515601644
0.4120084521
0.3321876146
0.2426306169
0.2027249843
0.1924347809
0.1420638429
0.0635552694
0.0277025007
0.0325334782
0.0231282790
0.0088776332
0.0054257012
-0.0142558343
-0.0596017419
-0.1036786702
-0.1317746291
-0.1152257114
-0.0813537721
-0.0563819577
-0.0530825728
-0.0930117106
-0.1383434026
-0.1443322376
-0.1499490995
-0.1053219533
-0.0071898594
0.0717511375
0.0710623698
0.0453649538
0.0591244851
0.1069744350
0.1699818223
0.2207750585
0.2174992199
0.1506529918
0.1147844316
0.1264254242
0.1351361376
0.1351173918
0.1254241272
0.1027734671
0.0999555370
0.1215035365
0.1513760119
0.1816861229
0.1908702848
0.1449880433
0.0906494546
0.0345260138
-0.0647339219
-0.1472360441
-0.1743905866
-0.1980916312
-0.1796795138
-0.1260000589
-0.1141181174
-0.1448943285
-0.1995419467
-0.2372009789
-0.2008281241
-0.1349462792
-0.0919072469
-0.0875848349
-0.0750394780
-0.0381425010
0.0035336867
0.0478324497
0.0889332543
0.1206180440
0.1363017264
0.1470356838
0.1505495318
0.1474719408
0.1420608418
0.1430977288
0.1570551061
0.1620328352
0.1027678421
-0.0001049331
-0.0820492168
-0.0893852683
-0.0797917576
-0.1041417414
-0.1107630555
-0.0863691681
-0.0553743130
-0.0429697599
-0.0682012748
-0.1078773600
-0.1346327458
-0.1228763776
-0.0914324704
-0.0665305730
-0.0608184987
-0.0790063094
-0.0898163873
-0.0603405647
-0.0239741056
-0.0412309895
-0.0465022989
-0.0424615520
-0.0701899489
-0.1201010703
-0.1674013853
-0.1815279578
-0.1683056338
-0.1515637370
-0.1417127940
-0.1315780899
-0.1009189270
-0.0501956021
0.0105103208
0.0439009359
-0.0173033988
-0.1211503604
-0.1557350890
-0.1260310087
-0.0979651909
-0.1049133775
-0.1435370129
-0.1566013945
-0.0930094754
-0.0290754912
-0.0415766012
-0.0916978439
-0.0973978765
-0.1117851466
-0.1586678134
-0.2239811474
-0.2937892749
-0.3222951577
-0.2657362713
-0.1901818277
-0.1383399140
-0.1016955078
-0.1040214810
-0.1293390947
-0.1134548158
-0.0788784775
-0.0917863895
-0.1400057626
-0.1705450532
-0.1514719599
-0.1036951701
-0.0456019415
0.0227209220
0.0966468481
0.1214639111
0.0352735330
-0.0684397607
-0.0839618967
-0.0431815811
-0.0065170158
-0.0119268612
-0.0407004634
-0.0839100714
-0.1021967589
-0.0556224415
-0.0249342714
-0.0185125467
0.0057964702
-0.0213539478
-0.0891322430
-0.1522543953
-0.1623795592
-0.1258322133
-0.0982587879
-0.1346629880
-0.1955236012
-0.2028969511
-0.1139431304
-0.0529795596
-0.0823411610
-0.0970134487
-0.0682832809
-0.0358960730
-0.0129697847
0.0077963617
0.0302738879
0.0549944091
0.0795819665
0.1048132575
0.1309185926
0.1532885847
0.1629944038
0.1677649412
0.1726539489
0.1649313326
0.1285130098
0.0729626001
0.0114814960
-0.0399866245
-0.0476833788
-0.0292762691
-0.0284831543
-0.0301216993
-0.0167511459
-0.0138227822
-0.0193955175
-0.0168165194
-0.0258419743
-0.0639525833
-0.1068240582
-0.1408980324
-0.1665413098
-0.1866981768
-0.1619773489
-0.1175410043
-0.0686375905
-0.0074646164
0.0668100830
0.1129785030
0.0417536883
-0.1060050740
-0.1536418101
-0.1229740733
-0.0736506631
-0.0509726734
-0.1065861486
-0.1400786729
-0.0855611551
-0.0245062164
-0.0326594790
-0.0616469744
-0.0595863769
-0.0407671894
-0.0222095605
-0.0162216295
-0.0331622042
-0.0414888578
-0.0091216107
0.0312523874
0.0136541101
-0.0348728249
-0.0607146255
-0.0519394031
-0.0225563786
0.0052186995
0.0178616669
0.0268472148
0.0535060081
0.0870811919
0.1127524529
0.1237466479
0.1149683278
0.0826416673
0.0535146356
0.0531524359
0.0498925223
0.0531578401
0.0614840675
0.0611509707
0.0832471982
0.1192683612
0.1542721026
0.1852113277
0.2050975084
0.2129250881
0.2170243276
0.2274130149
0.2082920137
0.1525902671
0.0843997464
0.0294240571
0.0283273963
0.0660050630
0.1040150967
0.1251957557
0.1249230313
0.1507254613
0.2189490446
0.2921787922
0.3229934149
0.3061632014
0.2991109186
0.3161827737
0.2985889516
0.2558978545
0.2068844972
0.1514141168
0.0979683072
0.0623839916
0.0371535970
0.0112079455
-0.0126989446
-0.0317543329
-0.0442136252
-0.0628122495
-0.1121020958
-0.1754758688
-0.2280849587
-0.2451853228
-0.2282635626
-0.1993417276
-0.1883462034
-0.2028423384
-0.2025065501
-0.1851362192
-0.1774028649
-0.2173901590
-0.2810873068
-0.3335412934
-0.3485687153
-0.3461726967
-0.3722240336
-0.3960609031
-0.3461772964
-0.2630329378
-0.1950035998
-0.1748746585
-0.1881580137
-0.2057791548
-0.2123855175
-0.1756884265
-0.1157649142
-0.0575913382
-0.0276258999
-0.0343063962
-0.0458178021
-0.0406278403
-0.0295852136
-0.0200264515
-0.0119617847
0.0007560422
0.0264118965
0.0538394445
0.0574546100
0.0587932205
0.0960117413
0.1553638465
0.2240619515
0.2825244752
0.2748453973
0.1943899028
0.1358493447
0.1461344333
0.1926531972
0.2532131527
0.2951609318
0.2863233354
0.2773814551
0.3245338957
0.3770769707
0.3908996049
0.3945648618
0.4108386248
0.3895041666
0.3208264459
0.2416380155
0.1802904281
0.1509214244
0.1238965486
0.0922052216
0.0934441560
0.1355123309
0.1932410810
0.2493629623
0.2771568765
0.2473637667
0.1978221264
0.1489901184
0.1022014426
0.0660325457
0.0542952661
0.0530588082
0.0608810392
0.0986244228
0.1473125455
0.1883017685
0.2051360690
0.2121505110
0.2206289219
0.2218728241
0.1983529704
0.1626044319
0.1495632930
0.1694425605
0.1961558006
0.2082618506
0.2100931709
0.2122887846
0.2118160166
0.1830570571
0.1142685986
0.0292725667
-0.0447893300
-0.0802704908
-0.0868855279
-0.1053356683
-0.1322088234
-0.1598865065
-0.1839073220
-0.1934671063
-0.1886118663
-0.1790020397
-0.1731943369
-0.1860805996
-0.2160703810
-0.2521670420
-0.2903967054
-0.3203692286
-0.3214062253
-0.3084107989
-0.3077594470
-0.3196566682
-0.3334395493
-0.3376912724
-0.3246998896
-0.3105234717
-0.3095123284
-0.3113959271
-0.3050899119
-0.2980947742
-0.3044313389
-0.3119581637
-0.2803453907
-0.2081201296
-0.1292938198
-0.0711639604
-0.0430102374
-0.0217910546
-0.0122864496
-0.0460279097
-0.0976570221
-0.1505094611
-0.2050694069
-0.2490578452
-0.2674738717
-0.2790537366
-0.3163425561
-0.3241627332
-0.2761315134
-0.2102175813
-0.1406502814
-0.0836976118
-0.0747256242
-0.1041678666
-0.1302569935
-0.1513087755
-0.1695933939
-0.1759070277
-0.1646596595
-0.1336843319
-0.0940246122
-0.0682365659
-0.0483490694
-0.0259345099
-0.0059999892
-0.0011611150
-0.0079861707
-0.0101059843
0.0041854780
0.0240608318
0.0419700634
0.0757241197
0.1394121993
0.2083971135
0.2710163772
0.3364790741
0.4105922372
0.4816623033
0.5087659512
0.4960934229
0.4698574494
0.4201971064
0.3532433608
0.2739256364
0.2047538454
0.2076415846
0.2505822163
0.2900269073
0.3232863935
0.3600498229
0.4065184801
0.4504498668
0.4589861746
0.4376301265
0.3912623452
0.3317030384
0.2643025461
0.1984487625
0.1707020627
0.1818665892
0.2116787441
0.2259974333
0.1667706041
0.0812972893
0.0448692420
0.0838784347
0.1284272759
0.0880864044
-0.0203056886
-0.1414953498
-0.1587598727
0.0098643567
0.1614101048
0.1746312034
0.1793685487
0.2214393043
0.2699693728
0.2762830455
0.2662520898
0.2550969688
0.2266270643
0.2010296212
0.2358440895
0.2824785958
0.2699881004
0.1956297783
0.1288649418
0.1419406330
0.1977569444
0.2481508578
0.2481801159
0.1755051202
0.0908147688
0.0305933039
-0.0238565978
-0.0986866719
-0.1752567807
-0.2128180173
-0.1696999169
-0.0975144435
-0.0190317384
0.0617383077
0.1057607644
0.0695677967
0.0100175478
-0.0400280921
-0.0863755289
-0.1297266592
-0.1657725160
-0.1879155130
-0.1729364722
-0.1292477592
-0.0932835445
-0.0631909522
-0.0141791560
0.0644515112
0.1299410463
0.0855643114
-0.0092353245
-0.0882900062
-0.1399600080
-0.1651479728
-0.2098380383
-0.2653618518
-0.2755373140
-0.2625146865
-0.2473875149
-0.2277080518
-0.2304457165
-0.2652831873
-0.2973848588
-0.3019048689
-0.2836729917
-0.2766595846
-0.2812305042
-0.2859786981
-0.2986931527
-0.3013199449
-0.2689102173
-0.2373608427
-0.2077475592
-0.1715122847
-0.1867615622
-0.2208257757
-0.2422490051
-0.2527979204
-0.2686053660
-0.3333158264
-0.4264135566
-0.4959887016
-0.4986398161
-0.4333139871
-0.3522193726
-0.2699030530
-0.1843632039
-0.1254604807
-0.1659587244
-0.2325757944
-0.2190708543
-0.1896793162
-0.1959502069
-0.2230572212
-0.2594822848
-0.2871735044
-0.2909347679
-0.2709759995
-0.2598864246
-0.2552830732
-0.2407773629
-0.2138326015
-0.1927285329
-0.1966155198
-0.2079598265
-0.1683878550
-0.1272446725
-0.0986006095
-0.0288694097
0.0240945975
0.0953884596
0.2493461901
0.3171247290
0.3385476274
0.3989771180
0.4092514327
0.4291361022
0.4801834056
0.4962905179
0.4484328612
0.2993847948
0.1308538195
0.0101715333
-0.0531195575
-0.0952626435
-0.1187709482
-0.1096012447
-0.1003070475
-0.0924208296
-0.0316476905
0.0621626418
0.1325984804
0.1227829209
0.0760943238
0.0422356794
0.0354792734
0.0670612898
0.1031704592
0.1177910029
0.1243133131
0.1234303558
0.1113304013
0.1106950019
0.1601906061
0.2195614714
0.2588559710
0.2813384537
0.2882958225
0.2885051329
0.2839918085
0.2818089482
0.2864731036
0.3112388838
0.3569500153
0.4048128541
0.4081378189
0.3894836098
0.3863790432
0.4224619329
0.4822748635
0.5119773875
0.4991207763
0.4636517270
0.4110430426
0.3436203539
0.2748144630
0.2104144274
0.1404633094
0.0634586617
-0.0069284156
-0.0478182507
-0.0596174057
-0.0563927632
-0.0403555684
-0.0139272175
0.0141876317
0.0366326944
0.0588303235
0.0814062213
0.1006852796
0.1141774894
0.1218922468
0.1264758563
0.1262663082
0.1200337413
0.1094926243
0.0966086677
0.0823943930
0.0647538666
0.0430593785
0.0206075515
0.0018269881
-0.0026218188
0.0143260801
0.0277606742
0.0083024358
-0.0198347340
-0.0191210911
0.0007315396
0.0169296594
0.0243443928
0.0301017100
0.0312129506
0.0131313191
-0.0177692533
-0.0512072281
-0.0862757260
-0.1187369805
-0.1370787921
-0.1377214490
-0.1333677286
-0.1285618452
-0.1218406360
-0.1139513323
-0.1126546870
-0.1278600734
-0.1496065391
-0.1715105401
-0.1909844391
-0.1989685461
-0.1983813604
-0.1966098782
-0.2024948158
-0.2188757995
-0.2288040892
-0.2192219917
-0.2032922853
-0.1866712337
-0.1696062303
-0.1564721372
-0.1532039943
-0.1536000007
-0.1537001318
-0.1535009616
-0.1522085017
-0.1512589560
-0.1554346475
-0.1664160336
-0.1741891595
-0.1657375019
-0.1463390510
-0.1253411341
-0.1017566389
-0.0760832767
-0.0597008692
-0.0736751352
-0.0994552297
-0.1248756402
-0.1502397401
-0.1690502860
-0.1792102683
-0.1869501627
-0.1902002122
-0.1729299533
-0.1416055306
-0.1104876391
-0.0892409101
-0.0737283956
-0.0623990653
-0.0524970416
-0.0318071364
-0.0032294243
0.0270749946
0.0555990544
0.0723760937
0.0770345827
0.0787915340
0.0741875598
0.0479191863
0.0118756303
-0.0259487371
-0.0580892589
-0.0652891790
-0.0497648538
-0.0130209731
0.0401696465
0.0967209872
0.1493333131
0.1898178712
0.2220715437
0.2353811064
0.1901946798
0.1048734404
0.0115995980
-0.0662618459
-0.0845687706
-0.0696218254
-0.0492227108
-0.0297177542
-0.0182399409
-0.0197297394
-0.0091322739
-0.0025145217
-0.0144665108
-0.0270930901
-0.0246080442
-0.0096002816
0.0009873959
-0.0056352989
-0.0189515570
-0.0107032673
0.0094353977
0.0283126173
0.0398324201
0.0438866130
0.0467540105
0.0494458816
0.0505809308
0.0515607664
0.0606932707
0.0858536504
0.1171377000
0.1486419598
0.1781068967
0.1967227469
0.2022543068
0.1920233323
0.1592599225
0.1182454076
0.0771278330
0.0340854611
-0.0051995573
-0.0330908549
-0.0529250364
-0.0745543196
-0.0977906697
-0.1143080545
-0.1034930203
-0.0794116416
-0.0611431361
-0.0662571956
-0.0814920710
-0.0897907539
-0.0755855328
-0.0474560301
-0.0220962353
-0.0083146967
-0.0018881118
-0.0028711982
-0.0143516557
-0.0290605732
-0.0447763235
-0.0589589686
-0.0653448659
-0.0633859517
-0.0591192003
-0.0552813345
-0.0518500147
-0.0466311773
-0.0351616439
-0.0203965809
-0.0074969169
-0.0022374207
-0.0032834938
-0.0095031258
-0.0281656409
-0.0526245947
-0.0697283316
-0.0793868310
-0.0948228029
-0.1216609596
-0.1523162138
-0.1712520590
-0.1524582006
-0.1196810507
-0.0885674363
-0.0575549342
-0.0239851694
0.0142573970
0.0420566532
0.0275430224
-0.0205037688
-0.0773352622
-0.1272334285
-0.1408398037
-0.1167479608
-0.0824647987
-0.0464533409
-0.0099369742
0.0136998510
0.0120447422
0.0015381905
-0.0079073644
-0.0188906476
-0.0307471718
-0.0391723449
-0.0316403247
-0.0144320689
0.0048997858
0.0231596324
0.0350958609
0.0384819080
0.0391188885
0.0402117776
0.0422127565
0.0430002197
0.0356139057
0.0174283828
-0.0056308581
-0.0299799449
-0.0474766902
-0.0438825062
-0.0324251467
-0.0219123602
-0.0091972792
0.0054410055
0.0131366801
-0.0055160772
-0.0381311068
-0.0705075594
-0.0955943747
-0.1091752538
-0.1207139836
-0.1311988703
-0.1331145358
-0.1236753978
-0.1103143617
-0.0944990310
-0.0770848796
-0.0580658154
-0.0380420907
-0.0228890455
-0.0227654512
-0.0285350838
-0.0338626068
-0.0401219565
-0.0470024189
-0.0516539758
-0.0477293689
-0.0399944770
-0.0343087589
-0.0313592753
-0.0220326005
0.0139113405
0.0653063788
0.0977953784
0.0945522171
0.0798281472
0.0664096270
0.0527331919
0.0391809198
0.0247148796
0.0092780228
-0.0062257505
-0.0144811501
-0.0089972143
0.0010587400
0.0113168810
0.0261096405
0.0453837081
0.0671885097
0.0869898190
0.0978561879
0.1009388177
0.1098277697
0.1279159618
0.1327811471
0.1139084232
0.0880784219
0.0626232798
0.0379556508
0.0134545785
-0.0136868074
-0.0435839625
-0.0633899728
-0.0483426173
-0.0134596458
0.0235072844
0.0533055186
0.0590965983
0.0548270955
0.0446828806
0.0261849294
0.0043367982
-0.0131775315
-0.0140473180
-0.0044058599
0.0063337007
0.0164229269
0.0247531308
0.0327624598
0.0411295677
0.0502642099
0.0583078265
0.0608882542
0.0554086487
0.0473570800
0.0390343044
0.0314947979
0.0279097327
0.0291931136
0.0322115608
0.0342963753
0.0319167972
0.0261045350
0.0198500194
0.0139018109
0.0082176241
0.0015421260
-0.0071533538
-0.0127365255
-0.0020445362
0.0208836474
0.0260475939
0.0005793799
-0.0330724745
-0.0599199096
-0.0769300067
-0.0915327825
-0.1138183892
-0.1263619653
-0.1317469584
-0.1341322339
-0.1364334649
-0.1381915868
-0.1415277125
-0.1464360934
-0.1451240807
-0.1231601951
-0.0920814439
-0.0736135871
-0.0597910151
-0.0418314151
-0.0220519084
-0.0019624639
0.0164457052
0.0309056042
0.0430644758
0.0544651278
0.0594334008
0.0531139849
0.0426338519
0.0354226950
0.0372806874
0.0436004955
0.0500153878
0.0591687833
0.0709769758
0.0823646655
0.0868113451
0.0839708544
0.0791750910
0.0759659230
0.0746539847
0.0741325885
0.0730634823
0.0719152709
0.0716272395
0.0722777363
0.0687891590
0.0532131788
0.0327140516
0.0131559914
-0.0076100556
-0.0286758396
-0.0453616262
-0.0475717217
-0.0440634594
-0.0405163874
-0.0368666654
-0.0331371144
-0.0302508761
-0.0291705177
-0.0288035974
-0.0283053753
-0.0278147436
-0.0271633275
-0.0268030133
-0.0264104828
-0.0256858904
-0.0232840039
-0.0201216286
-0.0168844523
-0.0137759242
-0.0106526183
-0.0076618660
-0.0047067899
-0.0017877009
0.0014717983
0.0048201452
0.0080998494
0.0111064931
0.0141903087
0.0176506290
0.0209220411
0.0204499428
0.0139366568
0.0060321282
0.0003853164
-0.0035959194
-0.0071349526
-0.0108799093
-0.0134807582
-0.0139255980
-0.0133773281
-0.0114313627
-0.0041702442
0.0060654001
0.0166699606
0.0269344656
0.0362571757
0.0431040934
0.0487535853
0.0541256830
0.0594839436
0.0646362675
0.0684478940
0.0691297449
0.0687884571
0.0683848180
0.0679787742
0.0677012815
0.0668748208
0.0635990517
0.0581451032
0.0522694478
0.0466424749
0.0413681597
0.0361452181
0.0300356485
0.0230162648
0.0160198925
0.0085573467
0.0003285520
-0.0037000299
0.0042017143
0.0160991472
0.0176704190
0.0112144853
0.0036250232
-0.0029938492
-0.0089956152
-0.0144048897
-0.0202735521
-0.0258593306
-0.0273758152
-0.0190522912
-0.0079863333
0.0018310006
0.0107982170
0.0190940929
0.0267537304
0.0324682407
0.0342940995
0.0335276022
0.0299331526
0.0253203751
0.0211345668
0.0171017097
0.0136686212
0.0113028092
0.0099315132
0.0088170825
0.0078435812
0.0069229059
0.0060741158
0.0053196073
0.0048622916
0.0046915980
0.0046140232
0.0044791220
0.0043132253
0.0041386533
0.0040879741
0.0041744163
0.0042487713
0.0042317242
0.0041527774
0.0040267571
0.0038715733
0.0035714331
0.0029382312
0.0021397494
0.0013867805
0.0007094627
0.0001713924
-0.0001675995
-0.0004392658
-0.0007191996
-0.0009824645
-0.0012482736
-0.0015341913
-0.0018626816
-0.0021793718
-0.0024672533
-0.0027369843
-0.0030129292
-0.0032883559
-0.0035386562
-0.0037451655
-0.0039074517
-0.0040570300
-0.0042109087
-0.0043711015
-0.0045329125
-0.0046902231
-0.0048440552
-0.0049941328
-0.0051422398
-0.0052875466
-0.0054286753
-0.0055661231
-0.0057031514
-0.0058405090
-0.0059762212
-0.0061067935
-0.0062327240
-0.0063592457
-0.0064877273
-0.0066168720
-0.0067428979
-0.0068638610
-0.0069799555
-0.0070910630
-0.0071963848
-0.0072953972
-0.0073884129
-0.0074755880
-0.0075569387
-0.0076323428
-0.0077016879
-0.0077648963
-0.0078219396
-0.0078727629
-0.0079173034
-0.0079554797
-0.0079872273
-0.0080124815
-0.0080311825
-0.0080432773
-0.0080487111
-0.0080474357
