-0.0901450135
-0.0893900451
-0.0886187316
-0.0878311093
-0.0870272038
-0.0862070559
-0.0853706901
-0.0845181823
-0.0836495762
-0.0827649120
-0.0818642266
-0.0809475850
-0.0800150198
-0.0790665595
-0.0781022166
-0.0771220305
-0.0761260697
-0.0751143740
-0.0740870866
-0.0730442528
-0.0719860061
-0.0709123188
-0.0698232739
-0.0687188426
-0.0675991722
-0.0664643486
-0.0653146837
-0.0641501748
-0.0629710632
-0.0617773157
-0.0605689799
-0.0593459180
-0.0581082279
-0.0568559266
-0.0555896775
-0.0543103795
-0.0530199198
-0.0517201447
-0.0504124468
-0.0490942564
-0.0477594137
-0.0464031139
-0.0450279472
-0.0436384284
-0.0422348829
-0.0408125764
-0.0393696772
-0.0379092586
-0.0364381358
-0.0349602657
-0.0334740769
-0.0319756543
-0.0304658085
-0.0289472873
-0.0274232176
-0.0258947572
-0.0243632635
-0.0228288272
-0.0212893131
-0.0197376253
-0.0181649413
-0.0165721986
-0.0149712941
-0.0133584822
-0.0117208535
-0.0100531627
-0.0083639236
-0.0066651104
-0.0049673293
-0.0032722712
-0.0015766990
0.0001234120
0.0018261223
0.0035288767
0.0052187813
0.0068808031
0.0085077426
0.0101173756
0.0117597843
0.0134641090
0.0152054808
0.0169790436
0.0188085761
0.0207114014
0.0226693071
0.0246485823
0.0266253525
0.0285818835
0.0305006835
0.0323921094
0.0342713620
0.0361381293
0.0379845822
0.0398146257
0.0416300732
0.0434171029
0.0451603882
0.0468754202
0.0485859731
0.0503121994
0.0520988884
0.0539771669
0.0559294305
0.0579375427
0.0599482807
0.0618940531
0.0637544589
0.0655594728
0.0673297472
0.0690772034
0.0708158083
0.0725798901
0.0743990414
0.0762698509
0.0781474994
0.0800064285
0.0818314875
0.0835886143
0.0852468156
0.0868312596
0.0884284000
0.0901435790
0.0920430453
0.0941275639
0.0963658151
0.0986720710
0.1008770823
0.1029222335
0.1049145451
0.1069836811
0.1091328698
0.1112484563
0.1132321363
0.1150669200
0.1167877647
0.1184868535
0.1201705822
0.1217734695
0.1232216656
0.1245346352
0.1258345140
0.1272801182
0.1288977929
0.1305786013
0.1322850704
0.1340549377
0.1359117890
0.1378524166
0.1397935753
0.1416722732
0.1435289139
0.1454657652
0.1475294141
0.1496491978
0.1517103936
0.1536529796
0.1554547954
0.1571315302
0.1587202612
0.1602128008
0.1615011858
0.1624151195
0.1629034741
0.1631579681
0.1636574781
0.1646340040
0.1658708490
0.1672708923
0.1687869888
0.1704379103
0.1722221954
0.1740498649
0.1758542473
0.1776347305
0.1793632533
0.1810085593
0.1825946348
0.1841685793
0.1856421309
0.1869596385
0.1881907615
0.1894095757
0.1906413943
0.1919429840
0.1933242212
0.1947238836
0.1960904233
0.1973486293
0.1984293242
0.1993594759
0.2001456747
0.2007426251
0.2010943233
0.2011966969
0.2010943045
0.2009120780
0.2010030075
0.2018398767
0.2035848217
0.2058796671
0.2079745048
0.2093744012
0.2103104620
0.2114092314
0.2128894796
0.2145074266
0.2161983720
0.2182442967
0.2208819243
0.2237434617
0.2255789366
0.2260558577
0.2261740701
0.2265126610
0.2267566458
0.2266598335
0.2263447748
0.2256187796
0.2240844809
0.2219268317
0.2197125745
0.2177692922
0.2162918301
0.2151883252
0.2143318830
0.2142887776
0.2157640917
0.2190120945
0.2238108636
0.2294373470
0.2340387223
0.2354206916
0.2341253066
0.2329208599
0.2328607179
0.2330980123
0.2324192402
0.2300303732
0.2258282817
0.2207923721
0.2173796631
0.2166750863
0.2168141156
0.2165002760
0.2158734095
0.2159059923
0.2176465376
0.2214552936
0.2262978636
0.2307523869
0.2334578960
0.2339383355
0.2337469203
0.2344492730
0.2350647206
0.2344143050
0.2331279029
0.2315393098
0.2287049384
0.2236444378
0.2164945037
0.2091268952
0.2034086591
0.2003922178
0.1996240217
0.1990829146
0.1980650917
0.1975559689
0.1986077834
0.2017163854
0.2065445040
0.2115449191
0.2153858176
0.2174308957
0.2173834010
0.2161437788
0.2149857071
0.2142261316
0.2135891577
0.2128533213
0.2119349393
0.2108080935
0.2094249604
0.2076808716
0.2050536167
0.2009278772
0.1954700029
0.1898953288
0.1847518381
0.1796952705
0.1755128643
0.1732531273
0.1722441633
0.1714067602
0.1715531884
0.1738580082
0.1777055000
0.1811283790
0.1822343132
0.1807062682
0.1778373804
0.1749992347
0.1723275283
0.1689878512
0.1642666949
0.1582350138
0.1523192870
0.1490252224
0.1486900864
0.1492221257
0.1490521239
0.1480455807
0.1469241757
0.1462180350
0.1459505241
0.1457292651
0.1453904062
0.1449917388
0.1439755097
0.1418101448
0.1387499481
0.1350297967
0.1304546108
0.1250883048
0.1192323268
0.1136223141
0.1089708362
0.1050266883
0.1014646740
0.0985577042
0.0961064891
0.0937348664
0.0918007818
0.0909417969
0.0916255985
0.0940770524
0.0975880211
0.1007430746
0.1018954113
0.0996342506
0.0948283259
0.0899660284
0.0859008777
0.0816767882
0.0760778140
0.0692911857
0.0624735270
0.0564249046
0.0514911475
0.0474046460
0.0433128406
0.0384893967
0.0340462668
0.0312624810
0.0296975804
0.0283455519
0.0269033097
0.0254833514
0.0240704780
0.0224855472
0.0204567405
0.0179249812
0.0152223302
0.0126450420
0.0101157557
0.0073591934
0.0044011263
0.0014794470
-0.0013297821
-0.0042118680
-0.0073183987
-0.0107016350
-0.0144371137
-0.0186238183
-0.0233503936
-0.0286502513
-0.0340994359
-0.0386904821
-0.0416058133
-0.0429828654
-0.0435787556
-0.0437041459
-0.0430778603
-0.0419133773
-0.0412235963
-0.0418396937
-0.0438768843
-0.0469115838
-0.0503638943
-0.0543019745
-0.0595811527
-0.0671824615
-0.0768937887
-0.0863899370
-0.0917564670
-0.0928084023
-0.0936274280
-0.0964141398
-0.1005917860
-0.1046292009
-0.1075542061
-0.1090258219
-0.1088834996
-0.1070452702
-0.1042927888
-0.1022390891
-0.1026571954
-0.1058206577
-0.1101031955
-0.1137485211
-0.1167824331
-0.1206864646
-0.1271449208
-0.1367030578
-0.1478826869
-0.1570241832
-0.1629685821
-0.1677282290
-0.1715512454
-0.1737354233
-0.1747212112
-0.1746248215
-0.1727581507
-0.1690470522
-0.1645118189
-0.1623129080
-0.1647066593
-0.1697637274
-0.1742287829
-0.1767164867
-0.1779142981
-0.1788277410
-0.1798463611
-0.1811630274
-0.1834079240
-0.1874794727
-0.1943402303
-0.2042272740
-0.2155136481
-0.2237935839
-0.2268605181
-0.2275046035
-0.2286015913
-0.2308225388
-0.2333955473
-0.2352472787
-0.2355040215
-0.2339149972
-0.2310767000
-0.2281647440
-0.2260819638
-0.2251526335
-0.2256921300
-0.2276184824
-0.2297412735
-0.2310850324
-0.2320865973
-0.2339025620
-0.2370470135
-0.2414783395
-0.2468050855
-0.2521146599
-0.2564645855
-0.2599870296
-0.2624524292
-0.2636839876
-0.2647601464
-0.2662331183
-0.2679185585
-0.2695084294
-0.2711417405
-0.2731401587
-0.2756623870
-0.2785673955
-0.2815639336
-0.2842884143
-0.2864663376
-0.2880021051
-0.2889353693
-0.2892571527
-0.2891467080
-0.2890668416
-0.2895312862
-0.2906239691
-0.2925967824
-0.2965356100
-0.3041370423
-0.3164382590
-0.3320389054
-0.3451690680
-0.3508806088
-0.3503151113
-0.3473277263
-0.3452932630
-0.3454015432
-0.3463873499
-0.3466106031
-0.3461251887
-0.3463998501
-0.3481744633
-0.3505816513
-0.3532763017
-0.3572642260
-0.3640328383
-0.3741292423
-0.3858680789
-0.3955347105
-0.4013877442
-0.4043843804
-0.4056169233
-0.4066877527
-0.4088200235
-0.4120045860
-0.4156366504
-0.4188578594
-0.4218547883
-0.4261044674
-0.4328244664
-0.4417554612
-0.4507507395
-0.4580385683
-0.4637188680
-0.4673802082
-0.4691310392
-0.4710273315
-0.4743859789
-0.4780241058
-0.4803898052
-0.4813171211
-0.4812565584
-0.4804949006
-0.4794299500
-0.4789161542
-0.4796072471
-0.4813929190
-0.4841692183
-0.4886293634
-0.4959535889
-0.5062735660
-0.5173857474
-0.5257701462
-0.5293887605
-0.5303213881
-0.5329418833
-0.5379261155
-0.5396905035
-0.5297576564
-0.5074544080
-0.4857879000
-0.4813165871
-0.4928831870
-0.5039757558
-0.5058179970
-0.5012407689
-0.4954769287
-0.4907747766
-0.4877080974
-0.4865719717
-0.4874017887
-0.4892460327
-0.4909682117
-0.4919967279
-0.4920468586
-0.4908086596
-0.4883159184
-0.4851272895
-0.4825841005
-0.4816947972
-0.4821992862
-0.4834130784
-0.4852269300
-0.4881244152
-0.4929062280
-0.4996228456
-0.5067149869
-0.5117001966
-0.5146221293
-0.5176947801
-0.5210968916
-0.5235790803
-0.5257065344
-0.5286188890
-0.5319984381
-0.5350975410
-0.5382569520
-0.5423174660
-0.5464859616
-0.5497219192
-0.5521564361
-0.5539344079
-0.5553495608
-0.5565853235
-0.5579706173
-0.5592367280
-0.5600715256
-0.5606031607
-0.5592863963
-0.5541642379
-0.5448988729
-0.5331488239
-0.5221239481
-0.5147989903
-0.5119525611
-0.5120746880
-0.5127425815
-0.5126182869
-0.5114079878
-0.5091792577
-0.5056831704
-0.4998043351
-0.4903712078
-0.4778115783
-0.4645582731
-0.4542659378
-0.4490169268
-0.4475993051
-0.4472611034
-0.4459153455
-0.4432792219
-0.4401909756
-0.4371958706
-0.4338295480
-0.4290026508
-0.4215859611
-0.4111369098
-0.3983867229
-0.3849835535
-0.3725377012
-0.3607719077
-0.3480596609
-0.3345950161
-0.3227384415
-0.3140404198
-0.3074021287
-0.3008399439
-0.2934929035
-0.2858624059
-0.2786055777
-0.2717281833
-0.2646713844
-0.2573030943
-0.2501923596
-0.2437068065
-0.2373497845
-0.2304610292
-0.2228538248
-0.2146654310
-0.2059792680
-0.1970394669
-0.1885342647
-0.1805130747
-0.1720288137
-0.1632178229
-0.1552923532
-0.1486203254
-0.1421541030
-0.1350063446
-0.1275760546
-0.1207290392
-0.1144820337
-0.1085244219
-0.1026767222
-0.0969932431
-0.0916272928
-0.0867867154
-0.0824853294
-0.0785883629
-0.0746622956
-0.0704783556
-0.0652374391
-0.0582368228
-0.0502049266
-0.0420431450
-0.0340270768
-0.0263923285
-0.0192397531
-0.0124094684
-0.0052127362
0.0033933431
0.0146216594
0.0289089639
0.0450900717
0.0608141343
0.0743470041
0.0853614402
0.0941453270
0.1006604655
0.1060214210
0.1120876981
0.1183124022
0.1214770989
0.1185922281
0.1095556995
0.0990074961
0.0924757240
0.0887508330
0.0841593964
0.0798786233
0.0772879768
0.0752252086
0.0727201480
0.0685813498
0.0631232033
0.0589172541
0.0559693895
0.0525064980
0.0493850732
0.0487363511
0.0484357439
0.0462567923
0.0436446727
0.0421626021
0.0421697716
0.0439810948
0.0482018420
0.0552998368
0.0662936932
0.0831422772
0.1051312976
0.1272103690
0.1429288764
0.1520584353
0.1600505520
0.1696654315
0.1810964605
0.1954155794
0.2123538503
0.2297220074
0.2461524473
0.2606881835
0.2707683294
0.2762406587
0.2805087964
0.2837053907
0.2833048275
0.2764461002
0.2617731378
0.2444965096
0.2368880740
0.2416355809
0.2484574728
0.2518375560
0.2528556406
0.2533015383
0.2544178082
0.2575456970
0.2629229775
0.2698323442
0.2774143360
0.2861806234
0.2965578205
0.3086759176
0.3226299620
0.3352018263
0.3422402356
0.3455873373
0.3495861080
0.3539709472
0.3554935201
0.3522068310
0.3395085536
0.3124102626
0.2736308738
0.2383764391
0.2142618392
0.1914594252
0.1602615552
0.1229280824
0.0880804802
0.0671043381
0.0635151547
0.0619713065
0.0505552407
0.0349414205
0.0279269255
0.0385775493
0.0662519871
0.0968786909
0.1066493744
0.0912968364
0.0730988854
0.0665789712
0.0695226761
0.0755485655
0.0812932958
0.0828006194
0.0743088798
0.0514102355
0.0161886590
-0.0230311510
-0.0543295247
-0.0690730710
-0.0740904011
-0.0816333877
-0.0932494504
-0.1052390627
-0.1159221817
-0.1259498621
-0.1366779906
-0.1500159180
-0.1639087114
-0.1715414261
-0.1665950073
-0.1502282610
-0.1284852910
-0.1091800007
-0.1012216075
-0.1059703896
-0.1126987391
-0.1138322195
-0.1124057569
-0.1115175390
-0.1099982888
-0.1065573339
-0.1018339816
-0.0968425349
-0.0925169377
-0.0899438177
-0.0892404841
-0.0901191533
-0.0919451927
-0.0940112913
-0.0953826481
-0.0955714803
-0.0957488072
-0.0994572888
-0.1103083562
-0.1292210254
-0.1520844173
-0.1714713899
-0.1829275762
-0.1903619216
-0.1994873327
-0.2113579234
-0.2239846634
-0.2352982776
-0.2438262652
-0.2497742464
-0.2545436665
-0.2586246893
-0.2625750704
-0.2683729641
-0.2772757396
-0.2869310516
-0.2918575622
-0.2858380900
-0.2641155271
-0.2276867549
-0.1858426389
-0.1539974619
-0.1462870033
-0.1622804325
-0.1807762889
-0.1832818583
-0.1742601456
-0.1658147282
-0.1621523716
-0.1619229186
-0.1640937630
-0.1672690991
-0.1691723681
-0.1683335075
-0.1652111691
-0.1605364012
-0.1546753951
-0.1484581389
-0.1425165449
-0.1370923135
-0.1325379763
-0.1290327056
-0.1263502916
-0.1239253444
-0.1210558047
-0.1175116130
-0.1135598060
-0.1092416627
-0.1044438272
-0.0992853242
-0.0939610355
-0.0887051793
-0.0839172654
-0.0803034535
-0.0792933697
-0.0824645406
-0.0895881601
-0.0984310348
-0.1041640069
-0.1044942746
-0.1025399067
-0.0991307781
-0.0938471975
-0.0887470871
-0.0842690557
-0.0791701341
-0.0733928359
-0.0675151275
-0.0621445761
-0.0582240648
-0.0573317384
-0.0601363695
-0.0644835292
-0.0686060879
-0.0737431408
-0.0788358757
-0.0818597828
-0.0823795567
-0.0798873503
-0.0738470527
-0.0658761694
-0.0589992890
-0.0548492909
-0.0534470880
-0.0526929016
-0.0472790210
-0.0312015781
-0.0022988257
0.0367362824
0.0788313476
0.1111576715
0.1309088273
0.1490944203
0.1702854485
0.1921777535
0.2118006680
0.2283462709
0.2428972682
0.2561159014
0.2670456151
0.2760737758
0.2852011232
0.2955198232
0.3067324592
0.3170828647
0.3241160522
0.3265107488
0.3255555715
0.3260998151
0.3346968854
0.3544251289
0.3800524005
0.4048195137
0.4271951794
0.4431618182
0.4471006599
0.4432087143
0.4425728141
0.4498294994
0.4612399936
0.4728881300
0.4842159902
0.4962418201
0.5096135081
0.5236775877
0.5368718142
0.5478507202
0.5559428288
0.5615363117
0.5667868279
0.5738460804
0.5825654947
0.5919239811
0.6014686357
0.6104425341
0.6176463001
0.6228492242
0.6271788085
0.6321756690
0.6385938652
0.6460139077
0.6523417513
0.6534419698
0.6446981797
0.6243498893
0.5974061620
0.5758427697
0.5714504790
0.5807344347
0.5876525089
0.5854186198
0.5825507955
0.5926785806
0.6208678118
0.6564307873
0.6791458497
0.6791504934
0.6660695586
0.6572843856
0.6598222663
0.6669375914
0.6670967524
0.6533155949
0.6269770458
0.5959364809
0.5687851671
0.5564735408
0.5562729629
0.5515514299
0.5387823727
0.5234824995
0.5087505134
0.4954847217
0.4852586525
0.4790776517
0.4756947783
0.4732576337
0.4703195131
0.4663382846
0.4622292158
0.4588017759
0.4553747829
0.4505189912
0.4441452086
0.4374256242
0.4313304538
0.4262202101
0.4223289061
0.4196507744
0.4175253142
0.4149992802
0.4115667458
0.4073362859
0.4026797638
0.3975557864
0.3918490412
0.3857077070
0.3794988654
0.3735891056
0.3682692303
0.3637344604
0.3596021814
0.3551211731
0.3497986711
0.3436698529
0.3370590883
0.3308091522
0.3260026518
0.3230760484
0.3214159122
0.3199315266
0.3175445555
0.3135101506
0.3073975336
0.2990328661
0.2885758033
0.2762585563
0.2628670634
0.2509415910
0.2436761582
0.2404702295
0.2376647766
0.2335604750
0.2292757558
0.2262165638
0.2246771756
0.2246207365
0.2259438052
0.2284393234
0.2309674962
0.2316578187
0.2291172197
0.2233276801
0.2164394257
0.2106336343
0.2062931644
0.2021889120
0.1967407090
0.1882655810
0.1753350482
0.1580520246
0.1398011658
0.1248606405
0.1163735369
0.1132651578
0.1094012671
0.1021916241
0.0935523220
0.0849960202
0.0764275613
0.0681650624
0.0613656573
0.0568907763
0.0548896741
0.0556551476
0.0597024481
0.0671515132
0.0765273427
0.0865973329
0.0971344784
0.1074001765
0.1171815657
0.1254096887
0.1288086244
0.1267288630
0.1232649719
0.1235645609
0.1263913532
0.1247717772
0.1126584651
0.0888338412
0.0586798526
0.0349045068
0.0235320916
0.0173353972
0.0103923813
0.0026638684
-0.0064721115
-0.0146849732
-0.0120843828
0.0114242585
0.0520000229
0.0901920489
0.1010200330
0.0842203649
0.0690321422
0.0711082692
0.0801663579
0.0850325906
0.0847693089
0.0771832674
0.0583640056
0.0312514082
0.0071288784
0.0011942242
0.0145234371
0.0291416641
0.0340031042
0.0308507090
0.0246654059
0.0148826634
-0.0022014620
-0.0281911822
-0.0572748466
-0.0830134576
-0.1054977179
-0.1284026894
-0.1529347836
-0.1768053674
-0.1951253784
-0.2030199879
-0.2035192960
-0.2070374173
-0.2125140702
-0.2051238958
-0.1710521660
-0.1141131537
-0.0580064789
-0.0398486958
-0.0648945669
-0.0955023382
-0.1039088928
-0.0917282905
-0.0756639616
-0.0691901626
-0.0793062506
-0.1113484913
-0.1635403669
-0.2199537952
-0.2545796209
-0.2651911095
-0.2793224865
-0.3098288799
-0.3483645330
-0.3855984154
-0.4175865363
-0.4393184201
-0.4450340256
-0.4349320232
-0.4223589386
-0.4209853925
-0.4312908334
-0.4473506723
-0.4642635621
-0.4792048109
-0.4891126779
-0.4896592268
-0.4770458876
-0.4501441389
-0.4131264949
-0.3757421509
-0.3522591434
-0.3476774199
-0.3467154228
-0.3330755308
-0.3060863455
-0.2743807454
-0.2453242786
-0.2219779344
-0.2042174096
-0.1929419206
-0.1855699362
-0.1754026063
-0.1596900737
-0.1403110466
-0.1195484983
-0.0989486071
-0.0800987847
-0.0643810532
-0.0517038936
-0.0413108810
-0.0320500523
-0.0229511265
-0.0128375089
-0.0004155160
0.0149918120
0.0333243809
0.0549171276
0.0805749224
0.1107590776
0.1412164014
0.1686886800
0.1973414711
0.2287358304
0.2553305149
0.2740381563
0.2893426039
0.3031610687
0.3158700598
0.3288613780
0.3394290242
0.3387239259
0.3182891301
0.2788928920
0.2394361867
0.2287352870
0.2461784928
0.2646487235
0.2731528962
0.2763430173
0.2794450532
0.2832513445
0.2870451646
0.2918125348
0.2983742097
0.3048481085
0.3086744976
0.3092996451
0.3071433857
0.3017233152
0.2933663095
0.2856916668
0.2831974882
0.2857999176
0.2892935575
0.2906512478
0.2902652178
0.2896460560
0.2898624444
0.2909499529
0.2925550701
0.2941592492
0.2952992311
0.2955745769
0.2949562738
0.2937750193
0.2923523911
0.2906978973
0.2886084680
0.2858111295
0.2821394510
0.2776458297
0.2728142030
0.2683782920
0.2639103731
0.2583528514
0.2510823123
0.2413886086
0.2286244990
0.2131460113
0.1977823858
0.1843901686
0.1708410702
0.1564066132
0.1438365992
0.1351712310
0.1293065897
0.1241150414
0.1199746460
0.1174843092
0.1166045969
0.1177425415
0.1209674259
0.1245184487
0.1258985327
0.1238297564
0.1197788020
0.1162352827
0.1137701827
0.1118678574
0.1099175716
0.1062392001
0.0984042220
0.0847100381
0.0661496418
0.0481934390
0.0369755938
0.0310546829
0.0248671304
0.0178626551
0.0109717235
0.0025584036
-0.0069091428
-0.0151268647
-0.0220493373
-0.0284142159
-0.0316625178
-0.0300068297
-0.0262111659
-0.0232962143
-0.0213652260
-0.0190639147
-0.0159872148
-0.0129081620
-0.0106001501
-0.0089961860
-0.0074599813
-0.0051358239
-0.0004648137
0.0086143330
0.0235222980
0.0436614678
0.0657392757
0.0852981528
0.1020202247
0.1193422263
0.1369723651
0.1531906397
0.1693537438
0.1867096999
0.2043467581
0.2215476158
0.2385083169
0.2539790857
0.2671026566
0.2787409640
0.2885038445
0.2964467462
0.3044587901
0.3133424075
0.3220695405
0.3296022609
0.3359447985
0.3416344466
0.3473462456
0.3539452256
0.3619324902
0.3709005563
0.3801012245
0.3891875487
0.3985146669
0.4086674171
0.4202222604
0.4333332084
0.4473611483
0.4617502071
0.4764619055
0.4911449350
0.5051798380
0.5178200233
0.5284695131
0.5377651044
0.5464586056
0.5555723613
0.5659376894
0.5768716778
0.5879266569
0.5993588459
0.6092866920
0.6160045771
0.6205256427
0.6240980199
0.6287798848
0.6364913842
0.6454312293
0.6517613954
0.6534568759
0.6524035501
0.6518017785
0.6511575926
0.6463309695
0.6337705637
0.6143189239
0.5926193162
0.5719668917
0.5513423427
0.5285592058
0.5076202794
0.4895213044
0.4653109370
0.4307022898
0.3885236889
0.3419973951
0.2985315300
0.2693068465
0.2573060002
0.2558418915
0.2526087375
0.2384111938
0.2172576575
0.2006949921
0.1949072710
0.1981095617
0.2049188554
0.2092739042
0.2073359121
0.1961137917
0.1783799884
0.1618670069
0.1482477525
0.1347594591
0.1212981634
0.1106632377
0.1051367410
0.1045538818
0.1057607028
0.1048346573
0.1004447230
0.0942497736
0.0876644197
0.0790435090
0.0660119202
0.0465490564
0.0210820371
-0.0043328636
-0.0179540581
-0.0179046638
-0.0167761080
-0.0220869753
-0.0308406973
-0.0382758127
-0.0431437982
-0.0452243233
-0.0427711344
-0.0347394952
-0.0226955683
-0.0093571908
0.0043732334
0.0187588597
0.0336513912
0.0477149975
0.0597678582
0.0703858359
0.0786289623
0.0840414942
0.0904820142
0.1002769068
0.1109824093
0.1222008954
0.1356048324
0.1503172499
0.1634188470
0.1745563383
0.1832971287
0.1881243512
0.1898767033
0.1925129865
0.1969654429
0.1983385064
0.1919600986
0.1785573765
0.1654478701
0.1593784141
0.1582634197
0.1583998206
0.1589649307
0.1587900554
0.1567080913
0.1539541742
0.1514888903
0.1488411526
0.1481878402
0.1563154549
0.1754802886
0.1976634484
0.2131741359
0.2162128664
0.2120909028
0.2112627143
0.2151268652
0.2169625063
0.2094023448
0.1890941300
0.1585449431
0.1266187811
0.1102065798
0.1098974366
0.1042707052
0.0860395603
0.0636541736
0.0442189256
0.0295348065
0.0186183304
0.0100497686
0.0036720690
-0.0010980678
-0.0054241109
-0.0110138012
-0.0170512137
-0.0201733136
-0.0167395577
-0.0059433919
0.0115752304
0.0323450562
0.0492194534
0.0519316768
0.0424295052
0.0367619282
0.0418173981
0.0531583281
0.0653886426
0.0755500732
0.0830496122
0.0887290263
0.0913806976
0.0885156717
0.0828204080
0.0784420154
0.0749988250
0.0685908796
0.0544118725
0.0310942499
0.0038578979
-0.0186470342
-0.0279182034
-0.0260854452
-0.0270680106
-0.0380333214
-0.0543186897
-0.0678135189
-0.0751310902
-0.0773141844
-0.0769024452
-0.0769064619
-0.0791382577
-0.0838024717
-0.0905151678
-0.0987708056
-0.1078202700
-0.1162101354
-0.1234820139
-0.1305590047
-0.1387112784
-0.1483620508
-0.1594082030
-0.1719526269
-0.1860961440
-0.2008125969
-0.2155497275
-0.2295687138
-0.2420400468
-0.2542886661
-0.2667624466
-0.2777561720
-0.2864623982
-0.2933619907
-0.2990123868
-0.3039602556
-0.3083444052
-0.3118731999
-0.3143669220
-0.3168966818
-0.3208215703
-0.3257933638
-0.3305468664
-0.3345262068
-0.3377854848
-0.3406248213
-0.3433802695
-0.3461781060
-0.3491785209
-0.3526544387
-0.3563097844
-0.3597736146
-0.3632229694
-0.3669161363
-0.3707937148
-0.3745565795
-0.3781693404
-0.3823952012
-0.3886301358
-0.3982823076
-0.4115382893
-0.4257157629
-0.4361675787
-0.4403829719
-0.4380853999
-0.4284796910
-0.4117137292
-0.3919774156
-0.3774680986
-0.3760797103
-0.3842963814
-0.3916542461
-0.3943738931
-0.3943083955
-0.3935229434
-0.3932364832
-0.3948164121
-0.3995453547
-0.4080712267
-0.4194470472
-0.4306906915
-0.4404929770
-0.4505362209
-0.4605723978
-0.4712986549
-0.4848710274
-0.4999492011
-0.5154085105
-0.5311717357
-0.5457440741
-0.5563971509
-0.5629461300
-0.5689391161
-0.5751079786
-0.5791162655
-0.5802149608
-0.5804917812
-0.5819334673
-0.5837682823
-0.5844798798
-0.5840142744
-0.5832553269
-0.5828148068
-0.5828558739
-0.5833974009
-0.5842241353
-0.5851170985
-0.5859746472
-0.5862249093
-0.5848246926
-0.5807897717
-0.5737996460
-0.5643249810
-0.5537670761
-0.5444389156
-0.5390679912
-0.5382023412
-0.5395218513
-0.5404370196
-0.5399996878
-0.5391104816
-0.5388495997
-0.5397103643
-0.5413757513
-0.5425540849
-0.5413704678
-0.5365224791
-0.5272582498
-0.5133652654
-0.4967666194
-0.4816981250
-0.4710005436
-0.4644165649
-0.4598357077
-0.4561088017
-0.4538019484
-0.4524151164
-0.4508392157
-0.4498741189
-0.4525251536
-0.4606912475
-0.4724738777
-0.4822040836
-0.4863808588
-0.4868946654
-0.4860984194
-0.4846013854
-0.4830274962
-0.4824019044
-0.4827002988
-0.4824964398
-0.4800647467
-0.4740074338
-0.4638475073
-0.4498555460
-0.4330839584
-0.4162545393
-0.4020412887
-0.3914082195
-0.3843940654
-0.3809045599
-0.3785882342
-0.3734531577
-0.3675570099
-0.3679705392
-0.3799957369
-0.4007957528
-0.4211275787
-0.4289240976
-0.4243430193
-0.4203261576
-0.4202573429
-0.4207502883
-0.4223978468
-0.4265744147
-0.4302002349
-0.4277721389
-0.4163644822
-0.3994500932
-0.3827395313
-0.3708009880
-0.3670856931
-0.3686691485
-0.3680136293
-0.3627076387
-0.3550479410
-0.3474748910
-0.3408488148
-0.3349195514
-0.3287756531
-0.3222404125
-0.3161941521
-0.3122299434
-0.3117576013
-0.3152346591
-0.3205836822
-0.3245091292
-0.3239795461
-0.3199796489
-0.3172752587
-0.3182265724
-0.3212696682
-0.3231660431
-0.3224830867
-0.3206213146
-0.3188145319
-0.3165982909
-0.3141720288
-0.3117507934
-0.3087322511
-0.3048542988
-0.3000773246
-0.2938479429
-0.2858079228
-0.2760520892
-0.2649188079
-0.2529732375
-0.2415451946
-0.2327381309
-0.2272206003
-0.2233449525
-0.2185976408
-0.2118350270
-0.2047316368
-0.2007729629
-0.2034611332
-0.2125704030
-0.2210718171
-0.2217427554
-0.2157517779
-0.2084719337
-0.2024531026
-0.1973767597
-0.1921423832
-0.1850598395
-0.1752650197
-0.1639757407
-0.1544058187
-0.1488155776
-0.1460765455
-0.1432295098
-0.1381722129
-0.1307947276
-0.1223857381
-0.1140988983
-0.1060167354
-0.0976734997
-0.0891721573
-0.0806512498
-0.0718473810
-0.0634491519
-0.0581327428
-0.0559879158
-0.0534437366
-0.0490477537
-0.0439573911
-0.0393031365
-0.0353791854
-0.0322808709
-0.0299591871
-0.0282436707
-0.0266052368
-0.0243525491
-0.0205811720
-0.0146759506
-0.0069608993
0.0015255227
0.0100041918
0.0182342031
0.0259854392
0.0332153928
0.0402204468
0.0470016758
0.0530692537
0.0576189668
0.0607829451
0.0637028333
0.0667724269
0.0696012256
0.0716780494
0.0725713078
0.0720222398
0.0702559171
0.0682853353
0.0676744373
0.0691229626
0.0718428178
0.0750669483
0.0790809580
0.0841317911
0.0892950534
0.0932816595
0.0956862623
0.0970663041
0.0978092225
0.0983066611
0.0992899517
0.1009054263
0.1025428786
0.1038678285
0.1050510691
0.1062351623
0.1072425688
0.1078226291
0.1078707230
0.1076491921
0.1076938558
0.1086501879
0.1109505899
0.1143302697
0.1181559220
0.1221607766
0.1261067474
0.1291448703
0.1299329618
0.1276321668
0.1228096580
0.1172734763
0.1131371506
0.1104818876
0.1073916807
0.1023424484
0.0957849449
0.0884911447
0.0796825299
0.0691269824
0.0601552505
0.0556045037
0.0541323761
0.0529043885
0.0494119039
0.0430337048
0.0345642023
0.0239134299
0.0111762975
-0.0011635031
-0.0102225459
-0.0159517665
-0.0185042546
-0.0172390590
-0.0140991052
-0.0114728452
-0.0088659139
-0.0045340789
0.0007168672
0.0037158503
0.0032476712
0.0012340715
-0.0005057016
-0.0016492486
-0.0025069497
-0.0035318375
-0.0053942799
-0.0083523810
-0.0123556137
-0.0169975020
-0.0208977746
-0.0231555529
-0.0248193352
-0.0271911159
-0.0307265211
-0.0350460399
-0.0393868479
-0.0427193550
-0.0442764032
-0.0433152336
-0.0385754416
-0.0289752542
-0.0151549016
-0.0005803035
0.0102116771
0.0162539769
0.0207181345
0.0256728478
0.0291204687
0.0295739118
0.0282076077
0.0267811719
0.0258944444
0.0242948328
0.0197226339
0.0109392078
-0.0010560083
-0.0127739397
-0.0222491317
-0.0315176332
-0.0426629882
-0.0553534631
-0.0675524522
-0.0785848390
-0.0894125077
-0.1000339711
-0.1093927798
-0.1169429808
-0.1225638712
-0.1253349731
-0.1266813234
-0.1299048124
-0.1350215262
-0.1392482793
-0.1412248813
-0.1419625165
-0.1427778783
-0.1445234123
-0.1473477095
-0.1509252852
-0.1547883810
-0.1584763685
-0.1617160217
-0.1645164774
-0.1668492296
-0.1688613494
-0.1709744053
-0.1738499619
-0.1783647359
-0.1851091647
-0.1936755002
-0.2025796329
-0.2094993874
-0.2136395458
-0.2165609281
-0.2188371656
-0.2202997384
-0.2214066345
-0.2220789417
-0.2213702859
-0.2191162435
-0.2162817305
-0.2142133191
-0.2134472204
-0.2133159142
-0.2127292424
-0.2110641102
-0.2084065474
-0.2047849521
-0.1999947990
-0.1943144350
-0.1886581089
-0.1842571875
-0.1818256471
-0.1807324460
-0.1807413048
-0.1817840816
-0.1826621264
-0.1825061886
-0.1810408859
-0.1778081990
-0.1719923808
-0.1636888823
-0.1540276250
-0.1447712398
-0.1374273412
-0.1326431278
-0.1299870890
-0.1279985527
-0.1259002406
-0.1237735909
-0.1213326220
-0.1182910023
-0.1154655361
-0.1138616749
-0.1132265740
-0.1127166272
-0.1119662927
-0.1110927168
-0.1104486260
-0.1103016906
-0.1107728653
-0.1121782016
-0.1150039202
-0.1196150518
-0.1257727685
-0.1326986085
-0.1403228751
-0.1495503777
-0.1603015377
-0.1701528791
-0.1781113711
-0.1858253715
-0.1933066019
-0.1985955758
-0.2006411450
-0.2005581745
-0.2002453388
-0.2005472245
-0.2012010406
-0.2021124800
-0.2026348832
-0.2017600925
-0.1995387410
-0.1971204039
-0.1953719400
-0.1944884944
-0.1942393241
-0.1943505381
-0.1944887570
-0.1943691130
-0.1935646381
-0.1914356191
-0.1873089702
-0.1813749794
-0.1749487443
-0.1694365100
-0.1651887813
-0.1618871932
-0.1593323444
-0.1572897520
-0.1551074130
-0.1525505313
-0.1499611485
-0.1478179994
-0.1463354858
-0.1454470314
-0.1448844709
-0.1442912729
-0.1428557727
-0.1391066487
-0.1321845123
-0.1226338711
-0.1110517436
-0.0980096757
-0.0844318569
-0.0710022130
-0.0569675018
-0.0427586500
-0.0300401130
-0.0191508670
-0.0098783136
-0.0022078833
0.0049149463
0.0129116107
0.0213219956
0.0287196530
0.0344757153
0.0389927213
0.0430835347
0.0469643089
0.0504833380
0.0533018842
0.0546483846
0.0527323329
0.0462658665
0.0363265276
0.0280176412
0.0247988332
0.0258733843
0.0297936613
0.0343064316
0.0387231912
0.0456768691
0.0587951033
0.0779919537
0.0963537865
0.1058216322
0.1056607468
0.1029309156
0.1036656843
0.1076513892
0.1125735275
0.1165247101
0.1178777700
0.1153625430
0.1089083714
0.1002513513
0.0926325081
0.0900568307
0.0934043251
0.0984795855
0.1021742435
0.1054360124
0.1104319283
0.1174028169
0.1237830135
0.1267097167
0.1265546396
0.1255860860
0.1254081516
0.1261033984
0.1269018144
0.1270980297
0.1264895140
0.1250115107
0.1225975084
0.1190363111
0.1144507998
0.1087428191
0.1013993446
0.0927297098
0.0842815219
0.0780296509
0.0741085441
0.0710064965
0.0695562729
0.0707594529
0.0725349412
0.0734064572
0.0749907360
0.0792958703
0.0863011779
0.0945567723
0.1021706185
0.1076126867
0.1105460499
0.1115675024
0.1118521252
0.1128862803
0.1150372770
0.1170108967
0.1162747190
0.1101299432
0.0971595676
0.0791841842
0.0629609891
0.0535865319
0.0476335816
0.0410362513
0.0340357214
0.0276651552
0.0215757015
0.0158357490
0.0131829405
0.0141539089
0.0155931879
0.0157733037
0.0156189837
0.0163501471
0.0178123229
0.0195260409
0.0211103884
0.0224273927
0.0236350471
0.0250294370
0.0269179673
0.0297646563
0.0338164436
0.0387211757
0.0435862209
0.0475774587
0.0505119281
0.0528292649
0.0548326507
0.0567702016
0.0587514088
0.0608768726
0.0630508308
0.0649961372
0.0660984621
0.0657490641
0.0633431499
0.0609001399
0.0608824527
0.0622097410
0.0633564748
0.0648307379
0.0674927444
0.0703050459
0.0726071716
0.0751995860
0.0783250845
0.0815689338
0.0841941749
0.0856934140
0.0859501584
0.0856069815
0.0863488918
0.0899561720
0.0963610971
0.1051102615
0.1174317233
0.1350488819
0.1569122731
0.1804427305
0.2035416629
0.2255828377
0.2476133594
0.2698979071
0.2873884321
0.2985884553
0.3088223318
0.3196260223
0.3287878497
0.3359665705
0.3426799172
0.3482502420
0.3498779602
0.3456236655
0.3384549898
0.3351486501
0.3369400861
0.3388454951
0.3392224376
0.3403837462
0.3437523876
0.3477633247
0.3510040490
0.3541183887
0.3583464556
0.3637212731
0.3692231773
0.3738466728
0.3776304542
0.3810541366
0.3845215145
0.3876392014
0.3891342427
0.3871504109
0.3805495768
0.3706381164
0.3625890797
0.3602950874
0.3616678636
0.3640525752
0.3667712899
0.3693935322
0.3720240259
0.3757044089
0.3819845468
0.3908614895
0.4002332855
0.4074839214
0.4121658362
0.4156711026
0.4185029673
0.4203727971
0.4213125661
0.4219880891
0.4230025974
0.4244451279
0.4257138635
0.4260714620
0.4248882022
0.4215347355
0.4151293630
0.4053907306
0.3941268289
0.3838835289
0.3746799338
0.3658813276
0.3572650244
0.3487630707
0.3402163559
0.3314969380
0.3240461117
0.3216913777
0.3280285010
0.3420432337
0.3605914672
0.3807338196
0.3946461201
0.3978089172
0.3946282421
0.3905606630
0.3889560359
0.3893479470
0.3901614071
0.3908683987
0.3914729546
0.3917188901
0.3912238702
0.3901152255
0.3889223718
0.3874732903
0.3852677275
0.3822424293
0.3785819840
0.3743648084
0.3696027483
0.3642401025
0.3583245496
0.3519790808
0.3457451329
0.3401915221
0.3350535927
0.3291549770
0.3215552682
0.3127332881
0.3039263599
0.2960804989
0.2894886316
0.2845932067
0.2810934066
0.2772180960
0.2721896114
0.2667285873
0.2614877548
0.2562865435
0.2508060458
0.2450522594
0.2391571473
0.2330123582
0.2261845444
0.2179515339
0.2078919310
0.1963833603
0.1839120753
0.1706018316
0.1561766500
0.1412606698
0.1270594129
0.1138975290
0.1014768409
0.0899024168
0.0781371456
0.0645360696
0.0519170060
0.0454080230
0.0453913429
0.0507030662
0.0645339306
0.0880384162
0.1147652282
0.1326016786
0.1349138880
0.1277665405
0.1176790058
0.1098463723
0.1106015216
0.1186615793
0.1264035972
0.1274535445
0.1199500857
0.1056355233
0.0884540248
0.0718524666
0.0583765367
0.0513380228
0.0489589189
0.0440541474
0.0356211942
0.0276332398
0.0211426289
0.0152956334
0.0107611196
0.0072947780
0.0033743024
-0.0012450295
-0.0056370507
-0.0094540449
-0.0127252683
-0.0154613379
-0.0177281683
-0.0197766887
-0.0214566085
-0.0225674091
-0.0236801235
-0.0262122945
-0.0317331880
-0.0416587986
-0.0559514144
-0.0720211757
-0.0873849758
-0.1026505183
-0.1180175610
-0.1348925266
-0.1581153393
-0.1868638525
-0.2118187408
-0.2303319092
-0.2497094079
-0.2670532465
-0.2736904059
-0.2725774966
-0.2728309303
-0.2793724524
-0.2885141739
-0.2894968899
-0.2729912936
-0.2391393658
-0.1975644646
-0.1626174119
-0.1484415065
-0.1521346671
-0.1556794223
-0.1504657846
-0.1400808733
-0.1296080316
-0.1210183322
-0.1143166187
-0.1076054748
-0.0988615331
-0.0865782627
-0.0702329659
-0.0507801378
-0.0303727220
-0.0102189869
0.0092324471
0.0287660988
0.0488793618
0.0668703370
0.0814729710
0.0957297165
0.1114150473
0.1279692663
0.1458927929
0.1647265334
0.1845485038
0.2067153280
0.2285317769
0.2485828547
0.2703775202
0.2929752114
0.3115632675
0.3254528172
0.3385406074
0.3539437092
0.3696035581
0.3821161588
0.3908850181
0.3982001740
0.4069214066
0.4178283956
0.4293224169
0.4400409642
0.4499691069
0.4600071892
0.4709327422
0.4828865454
0.4946149287
0.5034596367
0.5058708113
0.4995028735
0.4863687282
0.4756260502
0.4751084027
0.4828282936
0.4928369300
0.5002697766
0.5000902841
0.4877029193
0.4616414762
0.4259765721
0.3874620836
0.3540372843
0.3290687514
0.3066316964
0.2888776721
0.2800539189
0.2734804850
0.2652711100
0.2591423403
0.2612748634
0.2787586156
0.3178511486
0.3717693009
0.4175717385
0.4334809542
0.4243606417
0.4138482042
0.4136692161
0.4207889627
0.4282806314
0.4309318935
0.4246372483
0.4091567968
0.3912349169
0.3815866295
0.3816671901
0.3828079861
0.3802834873
0.3754689055
0.3703659685
0.3649546640
0.3592610530
0.3543449472
0.3508449026
0.3480503806
0.3447048688
0.3403425837
0.3354518396
0.3300337479
0.3228733261
0.3119626674
0.2956156978
0.2736824527
0.2497111542
0.2283864157
0.2115726532
0.1967787939
0.1807570762
0.1662417244
0.1565058853
0.1493305069
0.1418464505
0.1347451974
0.1300841540
0.1279682122
0.1251316850
0.1175608443
0.1046969880
0.0897163950
0.0760905687
0.0639032002
0.0502998308
0.0322269143
0.0090062678
-0.0164563582
-0.0389806672
-0.0571915822
-0.0746243143
-0.0943516798
-0.1155877652
-0.1340636031
-0.1485509513
-0.1627608794
-0.1785500937
-0.1949978795
-0.2120272478
-0.2292165902
-0.2443497995
-0.2555353748
-0.2628313228
-0.2678044377
-0.2710958604
-0.2727280553
-0.2745639916
-0.2804212559
-0.2894320977
-0.2961754367
-0.3002403549
-0.3050541785
-0.3125237614
-0.3220254773
-0.3315739183
-0.3398493406
-0.3472813405
-0.3550165710
-0.3641373441
-0.3758477815
-0.3907022554
-0.4073597378
-0.4224260647
-0.4341158275
-0.4436799157
-0.4525647538
-0.4616163195
-0.4709728078
-0.4799427342
-0.4876183597
-0.4942171240
-0.4998055450
-0.5043284517
-0.5088847802
-0.5130606706
-0.5125300127
-0.5024419639
-0.4833067586
-0.4621975179
-0.4489432072
-0.4453898218
-0.4425354019
-0.4342270388
-0.4212883504
-0.4059862571
-0.3888842080
-0.3707705795
-0.3528871627
-0.3359844178
-0.3211009953
-0.3093881637
-0.3003417560
-0.2918456124
-0.2811404454
-0.2677016077
-0.2540012944
-0.2438007435
-0.2396429982
-0.2413230745
-0.2465730136
-0.2522930876
-0.2522812099
-0.2450583252
-0.2366021904
-0.2311785961
-0.2291125327
-0.2273638044
-0.2224437875
-0.2149715042
-0.2044793044
-0.1860482194
-0.1537229658
-0.1067385263
-0.0528458725
-0.0107631721
0.0111247478
0.0249484778
0.0413640586
0.0644874748
0.0895349632
0.1093964729
0.1235383694
0.1364701504
0.1487879565
0.1544728357
0.1484479921
0.1345745971
0.1219854548
0.1179238928
0.1209489547
0.1229598258
0.1227346621
0.1223549576
0.1210288216
0.1206857052
0.1229468416
0.1250856250
0.1253024710
0.1242183054
0.1227511045
0.1231069288
0.1285676568
0.1404439262
0.1567568515
0.1743649022
0.1884683149
0.1921374560
0.1860914056
0.1797635815
0.1783522419
0.1798616770
0.1800610104
0.1757081103
0.1644927437
0.1462260455
0.1246181676
0.1066148082
0.0938534534
0.0809234801
0.0650288681
0.0493248177
0.0362477046
0.0231103467
0.0090543860
-0.0039070161
-0.0161058455
-0.0284989464
-0.0412398467
-0.0536786815
-0.0657672215
-0.0781558670
-0.0907420651
-0.1027825524
-0.1138485298
-0.1238144183
-0.1325953838
-0.1407330771
-0.1495138969
-0.1595206350
-0.1704281355
-0.1817411992
-0.1932793713
-0.2051692880
-0.2180103835
-0.2332655880
-0.2522619860
-0.2738958898
-0.2949903103
-0.3130938659
-0.3290149728
-0.3442338313
-0.3578279824
-0.3692497701
-0.3802057802
-0.3915223181
-0.4019373448
-0.4109078797
-0.4185011364
-0.4241678655
-0.4271648048
-0.4273360552
-0.4249776029
-0.4207400453
-0.4166229860
-0.4148235026
-0.4149624735
-0.4151783398
-0.4146313133
-0.4138433747
-0.4128313578
-0.4110674807
-0.4082986561
-0.4048704403
-0.4014389343
-0.3983143366
-0.3952606109
-0.3922020419
-0.3892817826
-0.3862692353
-0.3829765505
-0.3796069686
-0.3764394829
-0.3731813567
-0.3689876552
-0.3625454049
-0.3530934328
-0.3407030116
-0.3255226711
-0.3082339595
-0.2904841985
-0.2741902933
-0.2601348371
-0.2480356177
-0.2372136075
-0.2265074084
-0.2145575073
-0.2009513977
-0.1869176653
-0.1731676961
-0.1591121367
-0.1448147478
-0.1309294902
-0.1179665415
-0.1057220813
-0.0934344116
-0.0812280654
-0.0694977959
-0.0580482716
-0.0467033853
-0.0356164270
-0.0248758619
-0.0144717726
-0.0044049449
0.0056104455
0.0162805381
0.0282335323
0.0414833045
0.0555512902
0.0696227149
0.0831933277
0.0958238653
0.1067494475
0.1158355984
0.1239508230
0.1320825634
0.1401765717
0.1475106022
0.1538265727
0.1594049885
0.1644703481
0.1688805482
0.1723715004
0.1749744543
0.1771225262
0.1795990871
0.1830329686
0.1876659153
0.1936438983
0.2010638321
0.2099132837
0.2197107099
0.2287312121
0.2345433323
0.2367909257
0.2382139682
0.2403399804
0.2418170907
0.2418709377
0.2407162880
0.2383257376
0.2349092956
0.2309384544
0.2262938589
0.2203577692
0.2124095667
0.2019829298
0.1895471319
0.1772279424
0.1668057871
0.1573161035
0.1475449622
0.1376389952
0.1277044828
0.1172196035
0.1053610469
0.0919799244
0.0783100776
0.0654453923
0.0531937789
0.0415212479
0.0305357759
0.0195151041
0.0073363609
-0.0063213600
-0.0216857747
-0.0388025789
-0.0576705941
-0.0778834918
-0.0973352742
-0.1136951720
-0.1275538385
-0.1414657341
-0.1553796647
-0.1664151720
-0.1736230678
-0.1780892178
-0.1811039040
-0.1832366791
-0.1830587879
-0.1778497509
-0.1666220391
-0.1516327323
-0.1365119597
-0.1224365962
-0.1097373425
-0.1004312157
-0.0951027628
-0.0910383658
-0.0869374236
-0.0837953100
-0.0806927944
-0.0765840189
-0.0724528289
-0.0701276115
-0.0702105729
-0.0720820870
-0.0736422485
-0.0724489034
-0.0683904354
-0.0636724649
-0.0592921918
-0.0548922573
-0.0502628489
-0.0455835717
-0.0404276699
-0.0337701510
-0.0254271461
-0.0162813799
-0.0074094848
0.0008917872
0.0091367225
0.0175041412
0.0257273551
0.0338570134
0.0419807381
0.0499709873
0.0575546913
0.0645482613
0.0711463185
0.0778689544
0.0854331024
0.0948971521
0.1073589523
0.1232704089
0.1420490559
0.1619911321
0.1803165712
0.1949393263
0.2066965070
0.2179428863
0.2289521330
0.2383346210
0.2459261968
0.2527162332
0.2595321532
0.2662337058
0.2721157794
0.2768212099
0.2803666800
0.2827171140
0.2839493361
0.2844642612
0.2841942118
0.2825058614
0.2795659837
0.2762170926
0.2730697022
0.2710473964
0.2704900541
0.2700881400
0.2686960955
0.2660720667
0.2630537295
0.2604035515
0.2580498166
0.2555345462
0.2527117713
0.2496232515
0.2461379640
0.2417398579
0.2358023868
0.2280286199
0.2189628391
0.2096067969
0.2010843967
0.1934554259
0.1863625265
0.1801518819
0.1748466942
0.1700889614
0.1660704145
0.1636448257
0.1632630106
0.1640936846
0.1639146957
0.1607534079
0.1546082728
0.1474419878
0.1411252806
0.1356030374
0.1298560130
0.1235617343
0.1168877310
0.1098159361
0.1024409587
0.0953591991
0.0894002720
0.0849507359
0.0818062694
0.0795906764
0.0777100526
0.0749708195
0.0708253484
0.0661073140
0.0616068830
0.0575706525
0.0539215035
0.0502497653
0.0457144449
0.0393518685
0.0308526026
0.0214841603
0.0133683133
0.0082274395
0.0059156430
0.0044271914
0.0026589936
0.0005792173
-0.0016309368
-0.0029651499
-0.0027590064
-0.0016801587
-0.0001828764
0.0016047492
0.0035706677
0.0055165169
0.0073592622
0.0092443129
0.0114614380
0.0140191381
0.0166621241
0.0191224961
0.0213384329
0.0236955206
0.0267822553
0.0304131155
0.0340630193
0.0381036142
0.0435668061
0.0509713920
0.0598777234
0.0693672602
0.0788403392
0.0879118776
0.0961797572
0.1033879765
0.1096596852
0.1157518247
0.1224754746
0.1299017819
0.1376278425
0.1453358226
0.1529128442
0.1603055677
0.1674971114
0.1743675988
0.1807901386
0.1867295798
0.1920107279
0.1964461579
0.1999398019
0.2026281302
0.2053965952
0.2092116897
0.2146072755
0.2207979418
0.2263921528
0.2314346357
0.2363865194
0.2411559109
0.2452765544
0.2484875448
0.2509298569
0.2532386423
0.2565800722
0.2624239616
0.2721297777
0.2863325163
0.3035728413
0.3205667435
0.3343961964
0.3446150203
0.3527167988
0.3601294690
0.3664904217
0.3709378721
0.3741611086
0.3765189753
0.3781655415
0.3798559679
0.3814709309
0.3822866743
0.3821262564
0.3812080442
0.3796982069
0.3775173558
0.3743602702
0.3698230767
0.3637668379
0.3567304653
0.3494830252
0.3425301230
0.3350432907
0.3249855218
0.3115282464
0.2963178718
0.2813559747
0.2677602470
0.2569226459
0.2485150627
0.2407927535
0.2325452526
0.2234725406
0.2139689884
0.2057383839
0.2016955104
0.2036847697
0.2094312942
0.2132245801
0.2120807606
0.2082237581
0.2029388387
0.1961857040
0.1899529607
0.1857165364
0.1825384585
0.1784915919
0.1723787982
0.1635786694
0.1521513635
0.1394103028
0.1288266549
0.1229514460
0.1198680522
0.1162901475
0.1111788066
0.1053216876
0.0999660434
0.0956552740
0.0916581169
0.0871443080
0.0820126418
0.0767042068
0.0715505388
0.0666115911
0.0618268806
0.0569984788
0.0518711973
0.0463628794
0.0404196498
0.0345504238
0.0297412590
0.0261932302
0.0230158219
0.0196162126
0.0161553258
0.0127685044
0.0095646668
0.0069877457
0.0055472162
0.0053241304
0.0059259878
0.0065726042
0.0065792516
0.0061359017
0.0060152270
0.0068461625
0.0090715427
0.0124700474
0.0165624858
0.0207357571
0.0244754597
0.0275466185
0.0300290525
0.0323913784
0.0347849097
0.0365851152
0.0373090674
0.0377787892
0.0389968677
0.0409307948
0.0430457425
0.0443777397
0.0431727803
0.0370597152
0.0246987419
0.0080409603
-0.0060122921
-0.0132927337
-0.0166423741
-0.0189522461
-0.0213245473
-0.0242150764
-0.0276263253
-0.0307481218
-0.0322226118
-0.0303428194
-0.0237777390
-0.0141733799
-0.0050902516
0.0025243927
0.0092408271
0.0122331741
0.0114780921
0.0122509297
0.0161400311
0.0213110573
0.0263595571
0.0305955755
0.0332400402
0.0344636918
0.0349881937
0.0348819062
0.0333716090
0.0296249370
0.0231774094
0.0148844826
0.0078277914
0.0040910867
0.0018252967
-0.0003401265
-0.0020635456
-0.0035053634
-0.0055311128
-0.0080199895
-0.0104251045
-0.0130869789
-0.0171672833
-0.0238084090
-0.0331268961
-0.0429141655
-0.0499842197
-0.0535564664
-0.0549443547
-0.0550921362
-0.0546989666
-0.0532946485
-0.0494691225
-0.0422136755
-0.0332007293
-0.0263101310
-0.0237321205
-0.0237275464
-0.0241657490
-0.0249055652
-0.0262518332
-0.0276017865
-0.0293551613
-0.0332305026
-0.0410984937
-0.0529302075
-0.0661416416
-0.0756491883
-0.0801262344
-0.0836875115
-0.0890859488
-0.0963242779
-0.1051659054
-0.1138110875
-0.1205117230
-0.1269002497
-0.1352686716
-0.1444917450
-0.1507192688
-0.1499367651
-0.1409710401
-0.1254813799
-0.1059034319
-0.0849178483
-0.0704287070
-0.0642537093
-0.0567497829
-0.0438451123
-0.0293019217
-0.0157868989
-0.0044866162
0.0022590605
0.0021265804
-0.0028139990
-0.0066463906
-0.0064130424
-0.0044096392
-0.0056263099
-0.0132128691
-0.0257926465
-0.0385158530
-0.0462149427
-0.0496038409
-0.0541400665
-0.0617988713
-0.0712015769
-0.0820526158
-0.0955972405
-0.1111060650
-0.1271559255
-0.1438352549
-0.1617221134
-0.1818350579
-0.2039475962
-0.2254564478
-0.2426500655
-0.2538390851
-0.2624633264
-0.2706854241
-0.2769980420
-0.2818942787
-0.2883680049
-0.2974261170
-0.3065954145
-0.3102637301
-0.3023689530
-0.2823575381
-0.2573334649
-0.2359696736
-0.2200092911
-0.2103683434
-0.2067633628
-0.2051161892
-0.2036694934
-0.2005196297
-0.1961481357
-0.1926089840
-0.1897642781
-0.1868651012
-0.1844578380
-0.1827053776
-0.1810915786
-0.1792113214
-0.1769460534
-0.1742519310
-0.1718894628
-0.1709742330
-0.1715451877
-0.1729618247
-0.1755889318
-0.1814007096
-0.1928912820
-0.2102886019
-0.2287313212
-0.2423756094
-0.2515240807
-0.2588972722
-0.2645324377
-0.2685603774
-0.2725180775
-0.2773351443
-0.2823916697
-0.2854416936
-0.2830618512
-0.2726445272
-0.2547433753
-0.2333005322
-0.2155910522
-0.2095865732
-0.2098170773
-0.2023933882
-0.1868302375
-0.1714642210
-0.1588060687
-0.1458720965
-0.1339706057
-0.1270439432
-0.1249290384
-0.1239197856
-0.1215315330
-0.1187466265
-0.1206423090
-0.1340085687
-0.1608413030
-0.1923635816
-0.2106117530
-0.2091110431
-0.2021389171
-0.2011761818
-0.2046844482
-0.2097931038
-0.2176355081
-0.2267757532
-0.2313832810
-0.2258805012
-0.2101523194
-0.1885277613
-0.1674246048
-0.1564412484
-0.1582959682
-0.1635402735
-0.1644810279
-0.1604843975
-0.1556386485
-0.1524697525
-0.1505737622
-0.1494094056
-0.1502551616
-0.1542195075
-0.1607909266
-0.1686824178
-0.1797443091
-0.1965080656
-0.2168505518
-0.2303488402
-0.2353209984
-0.2430265310
-0.2565606322
-0.2698412398
-0.2803900884
-0.2881915934
-0.2916458473
-0.2937945879
-0.2986239423
-0.3050323010
-0.3100651411
-0.3111390585
-0.3066862231
-0.2989420076
-0.2923329902
-0.2889730089
-0.2887498508
-0.2894248801
-0.2884581210
-0.2864588450
-0.2860479687
-0.2874421474
-0.2892638682
-0.2917206618
-0.2964172385
-0.3039798433
-0.3127562384
-0.3187794779
-0.3209157343
-0.3220243366
-0.3240652615
-0.3264734374
-0.3282863671
-0.3290151457
-0.3276261742
-0.3223117773
-0.3120992525
-0.2978468661
-0.2837567400
-0.2746896847
-0.2717772606
-0.2721879774
-0.2732132860
-0.2727066966
-0.2686850600
-0.2621935666
-0.2582012000
-0.2623787597
-0.2782889875
-0.3036017977
-0.3298364590
-0.3427244836
-0.3396832162
-0.3348317690
-0.3359488483
-0.3403081067
-0.3448901172
-0.3492473178
-0.3505807495
-0.3450925668
-0.3326913137
-0.3164902554
-0.2997515784
-0.2857417243
-0.2789166242
-0.2778607020
-0.2735977542
-0.2628454469
-0.2505889521
-0.2425619216
-0.2386707999
-0.2366040839
-0.2347898981
-0.2324910038
-0.2297303416
-0.2271675506
-0.2249999571
-0.2226121529
-0.2185876737
-0.2117451063
-0.2017025191
-0.1888714925
-0.1745344981
-0.1621109281
-0.1538735967
-0.1492778451
-0.1470619908
-0.1451576274
-0.1414936284
-0.1362665387
-0.1299672803
-0.1223425625
-0.1142330052
-0.1075997204
-0.1044150541
-0.1064695040
-0.1156167061
-0.1312434961
-0.1495727984
-0.1653856643
-0.1759690418
-0.1858940845
-0.2004170085
-0.2190533965
-0.2399818557
-0.2582266493
-0.2696207660
-0.2784978187
-0.2918116028
-0.3067168899
-0.3149877332
-0.3186097892
-0.3238021215
-0.3322440484
-0.3420868829
-0.3507406497
-0.3576207210
-0.3632978784
-0.3680555382
-0.3723634278
-0.3774572745
-0.3849194729
-0.3932949715
-0.3982952591
-0.3947965320
-0.3809346038
-0.3599821730
-0.3362394135
-0.3122283098
-0.2960581597
-0.2909294722
-0.2870022973
-0.2778485464
-0.2652289387
-0.2527730864
-0.2428935279
-0.2353387911
-0.2294693501
-0.2240673001
-0.2178754259
-0.2099371125
-0.1987941935
-0.1813461371
-0.1540583830
-0.1185316505
-0.0929059487
-0.0898067977
-0.0966565006
-0.0996833515
-0.0984898465
-0.0956656349
-0.0892709087
-0.0786312027
-0.0630916455
-0.0406591751
-0.0127099078
0.0106515635
0.0213924977
0.0216788779
0.0199611776
0.0267876487
0.0451100011
0.0681232076
0.0836826097
0.0773307971
0.0345210948
-0.0481255247
-0.1501261277
-0.2345384848
-0.2817674092
-0.2990367372
-0.2964488056
-0.2788126821
-0.2609765657
-0.2586777928
-0.2659832008
-0.2598918919
-0.2195701731
-0.1464795467
-0.0753911135
-0.0434353694
-0.0433349271
-0.0425292122
-0.0271147052
-0.0042377900
0.0179919515
0.0386523211
0.0568663113
0.0701129721
0.0809523259
0.0903327211
0.0940058920
0.0877379214
0.0747667903
0.0633816433
0.0605565945
0.0654978305
0.0712191055
0.0738342579
0.0751144905
0.0780482494
0.0856802684
0.1001270234
0.1201238787
0.1415409909
0.1600029769
0.1712787666
0.1794049638
0.1895909900
0.2019116660
0.2167846140
0.2334794669
0.2482126971
0.2568410467
0.2604048905
0.2628859239
0.2674580457
0.2728431217
0.2758417434
0.2740007242
0.2674902629
0.2579522817
0.2464929281
0.2314389582
0.2093392514
0.1807175041
0.1524905495
0.1310088201
0.1134355363
0.0915950502
0.0640933658
0.0343482632
0.0023077877
-0.0332338444
-0.0681077502
-0.0914149466
-0.1007642210
-0.1094297784
-0.1258913731
-0.1460055915
-0.1606064623
-0.1627535861
-0.1510018454
-0.1327851315
-0.1233153848
-0.1394290701
-0.1891606759
-0.2654326992
-0.3401420859
-0.3851223116
-0.4050971779
-0.4242272489
-0.4565908676
-0.4982476127
-0.5344562714
-0.5464135323
-0.5189477196
-0.4514687267
-0.3559873000
-0.2489793852
-0.1566453445
-0.1015527869
-0.0830818211
-0.0874298107
-0.0973370308
-0.0937251805
-0.0649324271
-0.0191372027
0.0192623865
0.0317419348
0.0198662954
0.0051108592
0.0099963422
0.0336403981
0.0548966606
0.0588252765
0.0497774527
0.0421896333
0.0501977209
0.0814730395
0.1323234027
0.1829659349
0.2143401446
0.2273080662
0.2368621798
0.2594376630
0.2978801560
0.3423352460
0.3828258945
0.4163547293
0.4450581885
0.4730770269
0.5030281719
0.5348545429
0.5644686777
0.5859008923
0.5955769092
0.5985521547
0.6015800704
0.6033001713
0.5995343725
0.5898098015
0.5768606259
0.5632150096
0.5485867527
0.5310040434
0.5100708783
0.4909792063
0.4804924651
0.4818847597
0.4947946139
0.5165814958
0.5441895940
0.5769735344
0.6153775857
0.6553931778
0.6821464846
0.6890657629
0.6870432777
0.6782937960
0.6433402518
0.5656052951
0.4522749593
0.3314714556
0.2622632936
0.3068871097
0.3906169743
0.3361338000
0.2127458160
0.2496117742
0.3065903221
0.1185749539
-0.0715676455
0.0284785728
0.1725168792
0.1653587863
0.2201245740
0.3603885089
0.3832385453
0.3349501986
0.3418503504
0.3484460450
0.3343976319
0.3719257718
0.4213780879
0.4155457513
0.4333221275
0.5316230669
0.5929965699
0.5265178337
0.4144275870
0.3518583606
0.3284995284
0.3188432045
0.3315490851
0.3564029670
0.3664197344
0.3547620966
0.3288633507
0.2932135299
0.2512469557
0.2100908204
0.1827957881
0.1778913985
0.1870407876
0.1958751698
0.1975661054
0.1927585882
0.1826791708
0.1675462362
0.1493834854
0.1318074375
0.1168262178
0.1021286563
0.0916126191
0.0636296417
0.0346026417
0.0149454950
0.0129776124
0.0307194487
0.0618358072
0.0928688600
0.1073318678
0.1062721465
0.1084925108
0.1228995300
0.1449556352
0.1679335334
0.1881011558
0.2047547512
0.2198896909
0.2355809657
0.2518542466
0.2680715217
0.2840370450
0.3001920381
0.3177328919
0.3367924064
0.3565554512
0.3764555766
0.3947538680
0.4098047725
0.4219642722
0.4336200369
0.4474329257
0.4640503298
0.4827137259
0.5023144886
0.5219355857
0.5412626603
0.5603844768
0.5796470167
0.5992734516
0.6189342522
0.6379888373
0.6549904633
0.6677073043
0.6744553096
0.6757452784
0.6750800958
0.6767685099
0.6809775016
0.6833753182
0.6828903732
0.6800639387
0.6722737306
0.6602730213
0.6494403975
0.6434914698
0.6388944823
0.6272362172
0.6025381340
0.5667567590
0.5268696558
0.4868946982
0.4471278091
0.4068968819
0.3656197132
0.3234088905
0.2812654746
0.2407676596
0.2036127057
0.1711502104
0.1433846087
0.1198373181
0.0996067321
0.0804242746
0.0621240217
0.0469898592
0.0364657511
0.0304403258
0.0284233872
0.0303964856
0.0363586400
0.0459053834
0.0580419377
0.0704918059
0.0804661569
0.0866976726
0.0901084011
0.0939026622
0.1037473415
0.1206236286
0.1405695401
0.1591032362
0.1751602306
0.1927031609
0.2122991387
0.2323979937
0.2531131602
0.2737763989
0.2921715993
0.3074393856
0.3215849291
0.3347853946
0.3456332288
0.3544648158
0.3627319973
0.3711308589
0.3779322357
0.3810577391
0.3795664139
0.3741249383
0.3657526682
0.3546144735
0.3399619702
0.3213118015
0.2987919581
0.2732042200
0.2454989477
0.2167772248
0.1880967401
0.1605086986
0.1352078362
0.1133593812
0.0949523828
0.0786786126
0.0636915517
0.0506676628
0.0398863990
0.0307183399
0.0246141700
0.0262340289
0.0367282860
0.0518808772
0.0682251602
0.0838956911
0.0977453443
0.1120243845
0.1300872022
0.1528995865
0.1783324047
0.2041759014
0.2308396496
0.2583242826
0.2851804975
0.3104712886
0.3342123971
0.3564749405
0.3771245344
0.3953566628
0.4105246244
0.4223630859
0.4306783874
0.4354556925
0.4365076833
0.4332884522
0.4250593764
0.4116789801
0.3936923969
0.3716482504
0.3456680103
0.3154342613
0.2809479739
0.2436542509
0.2071264222
0.1739548830
0.1431297473
0.1126232621
0.0820831083
0.0525275046
0.0251368444
0.0005645267
-0.0208032176
-0.0381704928
-0.0504810083
-0.0568053827
-0.0566946988
-0.0507305257
-0.0409734946
-0.0302882366
-0.0204427602
-0.0116533402
-0.0025192347
0.0094510762
0.0251692714
0.0432710441
0.0612781697
0.0771279188
0.0901159865
0.1014289906
0.1126370539
0.1239564122
0.1346602062
0.1438259295
0.1510902514
0.1567754480
0.1609991542
0.1628803649
0.1617844564
0.1585626265
0.1541521652
0.1484076045
0.1403672496
0.1281558653
0.1088902942
0.0803447538
0.0444330314
0.0088441420
-0.0156395981
-0.0258947321
-0.0321609644
-0.0430750199
-0.0554595653
-0.0630991589
-0.0666161522
-0.0716555769
-0.0807940920
-0.0900371011
-0.0947647487
-0.0960280559
-0.0976185229
-0.1009511085
-0.1042904311
-0.1055268405
-0.1054827672
-0.1070800418
-0.1124413126
-0.1208146711
-0.1295519818
-0.1360718053
-0.1389232564
-0.1390462990
-0.1388146110
-0.1392778680
-0.1402644716
-0.1411229561
-0.1418894893
-0.1434275072
-0.1449891306
-0.1444306301
-0.1408834111
-0.1361742608
-0.1332213198
-0.1330995743
-0.1360336398
-0.1416426580
-0.1484423471
-0.1565812601
-0.1670589581
-0.1783837859
-0.1863896373
-0.1903009793
-0.1936403271
-0.1982057356
-0.2034640777
-0.2088551202
-0.2141185685
-0.2189869532
-0.2233450424
-0.2273966132
-0.2313686545
-0.2353897969
-0.2394720038
-0.2434658733
-0.2473126053
-0.2511795036
-0.2553688207
-0.2601458613
-0.2653611958
-0.2701068987
-0.2731793939
-0.2749771103
-0.2771060871
-0.2798980308
-0.2826735587
-0.2851116064
-0.2874293842
-0.2898411248
-0.2923968388
-0.2950590150
-0.2978927618
-0.3008863475
-0.3039009709
-0.3069050054
-0.3097017948
-0.3121895369
-0.3146157288
-0.3169690453
-0.3192084262
-0.3215634439
-0.3240168120
-0.3264523793
-0.3288834095
-0.3312912395
-0.3336250146
-0.3356671264
-0.3372690583
-0.3386372833
-0.3399395609
-0.3412127815
-0.3424289959
-0.3434725377
-0.3442564917
-0.3448152822
-0.3452596409
-0.3458607201
-0.3468416764
-0.3481454570
-0.3496418104
-0.3512025011
-0.3527066399
-0.3541341948
-0.3555540904
-0.3570074541
-0.3584910730
-0.3599912025
-0.3614949217
-0.3629826489
-0.3644322322
-0.3658288254
-0.3671884651
-0.3685596670
-0.3699936635
-0.3714842606
-0.3729845963
-0.3744750534
-0.3759647934
-0.3774597617
-0.3789548574
-0.3804531342
-0.3819642458
-0.3834864424
-0.3850025445
-0.3864882409
-0.3879142572
-0.3892842474
-0.3906315069
-0.3919747995
-0.3933182697
-0.3946573395
-0.3959723629
-0.3972428546
-0.3984568283
-0.3996260014
-0.4007651314
-0.4018657934
-0.4029175128
-0.4039282167
-0.4049222835
-0.4059476005
-0.4070256263
-0.4081301902
-0.4092233050
-0.4102959015
-0.4113713829
-0.4124516391
-0.4135243892
-0.4145873592
-0.4156423056
-0.4166838336
-0.4177061631
-0.4187127324
-0.4197067558
-0.4206837534
-0.4216396160
-0.4225733055
-0.4234861570
-0.4243788177
-0.4252499114
-0.4260989946
-0.4269259768
-0.4277303173
-0.4285115552
-0.4292693586
-0.4300037760
-0.4307151265
-0.4314021519
-0.4320625108
-0.4326957599
-0.4333031976
-0.4338871158
-0.4344494099
-0.4349893771
-0.4355055132
-0.4359976329
-0.4364662566
-0.4369119290
-0.4373348534
-0.4377351354
-0.4381128646
-0.4384681061
-0.4388008200
-0.4391108694
-0.4393981527
-0.4396626592
-0.4399044830
-0.4401237834
-0.4403206730
-0.4404951378
-0.4406470877
-0.4407764898
-0.4408833481
-0.4409676839
-0.4410295406
-0.4410689676
-0.4410860170
-0.4410807377
-0.4410531800
-0.4410033777
-0.4409313965
-0.4408372732
-0.4407210645
-0.4405828164
-0.4404225889
