-0.0002064501
-0.0002079017
-0.0002093582
-0.0002108305
-0.0002122144
-0.0002129857
-0.0002132614
-0.0002139839
-0.0002150405
-0.0002158582
-0.0002164752
-0.0002170812
-0.0002176603
-0.0002182877
-0.0002189308
-0.0002230416
-0.0002330858
-0.0002261547
-0.0002123210
-0.0002046462
-0.0002035907
-0.0002061470
-0.0002169870
-0.0002238282
-0.0002235679
-0.0002229204
-0.0002273921
-0.0002526959
-0.0002883139
-0.0003019397
-0.0003003446
-0.0002802967
-0.0002382210
-0.0002186744
-0.0002393179
-0.0003146995
-0.0004397302
-0.0005037845
-0.0003833836
-0.0001491705
0.0000253865
0.0000059360
-0.0001223380
-0.0001804447
-0.0001844727
-0.0000980162
0.0000390068
0.0000870378
-0.0000000121
-0.0001328323
-0.0003123646
-0.0005085521
-0.0005432958
-0.0004162535
-0.0002350424
-0.0001313496
-0.0002496036
-0.0005669834
-0.0007679790
-0.0007179997
-0.0004250279
0.0001226107
0.0006690725
0.0009493086
0.0009804079
0.0006567543
0.0000986600
-0.0005879761
-0.0017337078
-0.0023363201
-0.0017979795
-0.0008724224
-0.0004371780
-0.0002202382
0.0000425298
0.0000902001
-0.0003939992
-0.0014143721
-0.0019776563
-0.0015139641
-0.0003810319
0.0004054882
0.0005246169
0.0002279257
0.0001497673
0.0006889981
0.0014591032
0.0020528676
0.0022627926
0.0018602647
0.0008418148
-0.0008153029
-0.0029551944
-0.0047322823
-0.0045076507
-0.0017517428
0.0014751665
0.0025001761
0.0003363714
-0.0028645894
-0.0048815687
-0.0038384689
-0.0004412191
0.0027122376
0.0038971094
0.0038176076
0.0035541970
0.0025918310
0.0009983985
-0.0000409765
-0.0000634306
0.0004298818
0.0003229373
-0.0007519637
-0.0018671268
-0.0018933485
-0.0011688306
-0.0006484951
-0.0006725246
-0.0012802672
-0.0023691199
-0.0040412142
-0.0054009165
-0.0060113467
-0.0058883133
-0.0044774175
-0.0017743869
0.0007212251
0.0012597444
0.0001451382
-0.0011021804
-0.0013483924
0.0005832201
0.0038528558
0.0048089240
0.0034575637
0.0021100159
0.0017274568
0.0019011200
0.0020568417
0.0016787584
0.0003562752
-0.0010476331
-0.0015115990
-0.0015710360
-0.0018469966
-0.0023647432
-0.0030319159
-0.0034448535
-0.0029425199
-0.0015507918
-0.0005683883
-0.0005261596
-0.0006190776
-0.0000633740
0.0014158573
0.0031868003
0.0042174804
0.0038232778
0.0024924956
0.0014971030
0.0005639794
-0.0014893604
-0.0035811934
-0.0043943483
-0.0043443268
-0.0038649574
-0.0034402076
-0.0028913300
-0.0020474653
-0.0013932808
-0.0015275486
-0.0026717323
-0.0042241650
-0.0044879222
-0.0038863602
-0.0035028168
-0.0026535929
-0.0008927469
0.0006500740
0.0021775020
0.0036773674
0.0042604507
0.0038701481
0.0032368595
0.0027235221
0.0026436974
0.0028782108
0.0030566685
0.0026725918
0.0009539656
-0.0007194033
-0.0012989967
-0.0019481980
-0.0028456273
-0.0034433622
-0.0034723587
-0.0028843732
-0.0023229880
-0.0018808581
-0.0011984426
-0.0001075316
0.0012502945
0.0019887020
0.0021123822
0.0019829128
0.0016352427
0.0013798740
0.0009118211
0.0000676296
-0.0006824443
-0.0013116219
-0.0018705114
-0.0022224751
-0.0024058564
-0.0026024071
-0.0029099952
-0.0038676704
-0.0052414636
-0.0060152594
-0.0056601193
-0.0040007056
-0.0014781664
0.0001149904
0.0003526776
-0.0001584771
-0.0008655212
-0.0013873167
-0.0019906205
-0.0024725844
-0.0023364237
-0.0011254274
0.0020770243
0.0045737333
0.0046940907
0.0038040389
0.0028158251
0.0018619911
0.0011568074
0.0002900610
-0.0011790209
-0.0027680286
-0.0035147043
-0.0032756653
-0.0021030071
-0.0008976359
-0.0003869650
-0.0006222286
-0.0011366465
-0.0013022852
-0.0005820636
0.0005526524
0.0012344742
0.0015318190
0.0018136355
0.0023359323
0.0017400796
0.0000464139
-0.0008037105
-0.0015303205
-0.0041654918
-0.0077222239
-0.0109575294
-0.0137370464
-0.0144216102
-0.0123856585
-0.0075657913
-0.0020377801
0.0028214561
0.0049836117
0.0041303346
0.0027856676
0.0014261039
0.0000089085
-0.0001832052
0.0008006203
0.0015892268
0.0014827967
0.0010426313
0.0014462705
0.0027484613
0.0038009147
0.0038715261
0.0032192238
0.0018937059
0.0007882455
0.0007533348
0.0013300382
0.0012240501
-0.0006564350
-0.0022385492
-0.0021329015
-0.0016460023
-0.0018991691
-0.0042577516
-0.0078634557
-0.0101259204
-0.0098354032
-0.0090900997
-0.0090342822
-0.0090762486
-0.0088192867
-0.0060586642
0.0001268279
0.0068226311
0.0130475609
0.0195470056
0.0243184300
0.0247019011
0.0232193882
0.0196689257
0.0134313180
0.0068817864
0.0012377971
-0.0015311259
-0.0005370372
0.0036535818
0.0091787713
0.0142113131
0.0169137047
0.0156146789
0.0119637805
0.0081081067
0.0049714428
0.0020685905
-0.0003010575
-0.0017593862
-0.0023274923
-0.0014948168
0.0008482885
0.0022586929
0.0012611852
-0.0029735270
-0.0118479305
-0.0229101020
-0.0336231130
-0.0384066020
-0.0363047411
-0.0328534211
-0.0253775705
-0.0093014033
0.0105003214
0.0287452840
0.0440620062
0.0527398236
0.0497381809
0.0430363640
0.0379691217
0.0249052073
-0.0022238146
-0.0362654618
-0.0693426437
-0.0959506191
-0.1031594982
-0.0967292198
-0.0732977772
-0.0366840570
-0.0073829508
0.0250170437
0.0710292356
0.0924656793
0.0903893352
0.0865665048
0.0901815950
0.0957248574
0.0882866888
0.0643630298
0.0344445551
0.0093375136
-0.0053122733
-0.0238280517
-0.0488803250
-0.0427606803
-0.0050199079
-0.0037908531
-0.0518970492
-0.0810298451
-0.0918533022
-0.1131835989
-0.1406817306
-0.0789991025
-0.0327859225
-0.0419184405
-0.0360727885
0.0169272639
0.0411752453
0.0280405097
0.0253858150
0.0391394536
0.0433625173
0.0326734665
0.0169420609
0.0018346725
-0.0100248066
-0.0174956201
-0.0235480986
-0.0315823958
-0.0413135370
-0.0484016848
-0.0512509782
-0.0481649225
-0.0398402042
-0.0300755352
-0.0197350991
-0.0083246095
0.0025830169
0.0102229395
0.0145206491
0.0183203544
0.0228055430
0.0244359538
0.0216641053
0.0193319181
0.0238491380
0.0346222567
0.0494509570
0.0630863303
0.0703525460
0.0724382821
0.0692232147
0.0569404439
0.0404899724
0.0277959199
0.0239638578
0.0272199686
0.0290559923
0.0212222515
0.0048891005
-0.0177521138
-0.0453885342
-0.0734563792
-0.0915838604
-0.0945587941
-0.0867266041
-0.0732933932
-0.0601408362
-0.0515190919
-0.0492360653
-0.0529278213
-0.0597278320
-0.0654935949
-0.0665089500
-0.0604378593
-0.0458516451
-0.0272010416
-0.0115784527
-0.0018917402
0.0046332980
0.0125681295
0.0236861980
0.0342840075
0.0442757419
0.0542988060
0.0605299747
0.0632411887
0.0620467424
0.0533941484
0.0430401268
0.0346095833
0.0264300436
0.0174324205
0.0118986836
0.0117468837
0.0068328664
-0.0051064825
-0.0160182435
-0.0231549883
-0.0276275553
-0.0295063288
-0.0256044827
-0.0179989889
-0.0104905480
-0.0033639549
0.0044088536
0.0131771068
0.0209036574
0.0246597968
0.0266389388
0.0286492624
0.0302657765
0.0312784193
0.0336513950
0.0384498429
0.0430935587
0.0464719592
0.0465356262
0.0406951450
0.0325722966
0.0241311434
0.0141117659
0.0016619160
-0.0120605974
-0.0225898235
-0.0303257893
-0.0377318993
-0.0434337159
-0.0443316841
-0.0305246078
-0.0061862326
0.0140998309
0.0182101945
0.0122731746
0.0007060985
-0.0197041233
-0.0459638856
-0.0713975190
-0.0896500156
-0.0937099847
-0.0786320055
-0.0455910231
-0.0066194892
0.0257388976
0.0447835183
0.0472358571
0.0306857389
0.0038834892
-0.0197341967
-0.0308418901
-0.0248362801
-0.0024249196
0.0297729400
0.0646815217
0.0873296632
0.0946877720
0.0785365073
0.0534557814
0.0313134257
0.0214077597
0.0179227935
0.0200717084
0.0257038272
0.0307716394
0.0288307204
0.0193103344
0.0061858441
-0.0078102150
-0.0177828467
-0.0234778052
-0.0283341856
-0.0253190932
-0.0164401563
-0.0182520135
-0.0254045258
-0.0334396234
-0.0411625895
-0.0458309405
-0.0494456255
-0.0542700803
-0.0589141467
-0.0619632947
-0.0640485163
-0.0651029428
-0.0648782802
-0.0637079163
-0.0615947889
-0.0585299655
-0.0516131275
-0.0383869042
-0.0282842219
-0.0245032558
-0.0177638551
-0.0067916319
0.0038271277
0.0135165349
0.0232075868
0.0324813296
0.0369477869
0.0348779274
0.0308930273
0.0294775052
0.0302987562
0.0303379766
0.0294788716
0.0269821666
0.0224352211
0.0163815274
0.0098571091
0.0038421357
-0.0025963903
-0.0084548032
-0.0115390645
-0.0109912585
-0.0089880252
-0.0058343854
-0.0001097913
0.0058600812
0.0101612528
0.0129580737
0.0149148070
0.0167515742
0.0187734663
0.0183971482
0.0158706302
0.0179428438
0.0207360128
0.0172245788
0.0123372851
0.0127741934
0.0146063929
0.0154142012
0.0154767716
0.0145381382
0.0118595271
0.0064426027
-0.0013604211
-0.0096285416
-0.0165650087
-0.0227816194
-0.0274893748
-0.0293298289
-0.0304703326
-0.0316737194
-0.0333409176
-0.0368603719
-0.0407901957
-0.0432126727
-0.0434114641
-0.0381857687
-0.0289688483
-0.0193412758
-0.0095971779
-0.0009177897
0.0045490457
0.0082460462
0.0116906879
0.0126668944
0.0068151489
-0.0012098404
-0.0028352871
0.0009913457
0.0050561403
0.0086361458
0.0122172237
0.0149917577
0.0166125488
0.0178725748
0.0193633669
0.0213584467
0.0245086539
0.0281753775
0.0262103625
0.0188058187
0.0110786228
0.0041890643
-0.0009460746
-0.0049281934
-0.0083790900
-0.0096099496
-0.0109482796
-0.0138745767
-0.0165816462
-0.0192539362
-0.0203446483
-0.0169796596
-0.0121675999
-0.0080061124
-0.0042440693
-0.0025584449
-0.0020284895
0.0004956761
0.0040877835
0.0075517573
0.0107556439
0.0123040038
0.0127102420
0.0138624580
0.0164323571
0.0202761188
0.0242820110
0.0266382732
0.0275854026
0.0282451494
0.0286891589
0.0285132566
0.0267940961
0.0238653128
0.0217674425
0.0224011672
0.0247898764
0.0268015309
0.0274132387
0.0267568499
0.0253033410
0.0229251806
0.0195168345
0.0142363099
0.0026701759
-0.0096905550
-0.0146189323
-0.0159663602
-0.0173364306
-0.0156973510
-0.0118052222
-0.0095125209
-0.0098431882
-0.0127476786
-0.0173569758
-0.0221333098
-0.0267748398
-0.0312192968
-0.0351427529
-0.0341416576
-0.0229154491
-0.0072663896
0.0029358676
0.0034052790
-0.0060417454
-0.0237160652
-0.0373222051
-0.0383754061
-0.0359114534
-0.0351363417
-0.0337968675
-0.0314709558
-0.0268665640
-0.0164197290
-0.0039363763
0.0070844584
0.0135900234
0.0156777602
0.0164473698
0.0164241499
0.0128352685
0.0047851551
-0.0026934714
-0.0046761688
-0.0037387270
0.0011327875
0.0129078344
0.0263466117
0.0386499157
0.0495458052
0.0549520578
0.0554000058
0.0522922342
0.0472559765
0.0424391079
0.0378856610
0.0359955215
0.0390537004
0.0363303870
0.0253010557
0.0136820136
0.0036970757
-0.0026499148
-0.0038012744
-0.0038993450
-0.0000340841
0.0121294129
0.0159037987
0.0113908995
0.0057150452
0.0016030663
-0.0016121883
-0.0049969217
-0.0089420228
-0.0127475266
-0.0145803020
-0.0148998010
-0.0147811119
-0.0147117146
-0.0150985865
-0.0175514150
-0.0239811338
-0.0280095067
-0.0286558211
-0.0288383488
-0.0288088916
-0.0275096037
-0.0247872885
-0.0213283827
-0.0181064541
-0.0150768007
-0.0082698171
0.0009394877
0.0057101228
0.0068034608
0.0074081248
0.0073739712
0.0069002561
0.0034622624
-0.0089376104
-0.0182169656
-0.0156703774
-0.0031851832
0.0055648832
0.0075128736
0.0099775489
0.0142090648
0.0188031576
0.0233242921
0.0274853059
0.0306155093
0.0321765711
0.0329089260
0.0326307234
0.0267330822
0.0164224855
0.0063706391
-0.0023362122
-0.0068279440
-0.0070612164
-0.0063052490
-0.0053535192
0.0013798045
0.0148815259
0.0272831841
0.0313767689
0.0303246557
0.0287279099
0.0260446695
0.0207635001
0.0144471604
0.0124586090
0.0189492029
0.0347056058
0.0432173481
0.0389484122
0.0319151654
0.0280688552
0.0268065763
0.0262552000
0.0303740539
0.0397322070
0.0484073335
0.0540381699
0.0590856941
0.0633498226
0.0657101970
0.0686080654
0.0721293171
0.0754945786
0.0780444619
0.0788391429
0.0787089525
0.0780281978
0.0764446693
0.0736153832
0.0687970878
0.0637531869
0.0609870997
0.0594043292
0.0543932136
0.0489808398
0.0457984227
0.0403733128
0.0317360989
0.0230503983
0.0149532194
0.0067962137
-0.0010070080
-0.0070570321
-0.0114152846
-0.0141982370
-0.0155146813
-0.0163113492
-0.0164832915
-0.0159726398
-0.0147620271
-0.0128414825
-0.0104754589
-0.0080235625
-0.0056668590
-0.0037243472
-0.0027869060
-0.0025747207
-0.0027431922
-0.0030753339
-0.0030890043
-0.0026242283
-0.0019934612
-0.0014617155
-0.0012887633
-0.0019192712
-0.0031296288
-0.0045740909
-0.0062328859
-0.0079108287
-0.0094452249
-0.0113904443
-0.0141784666
-0.0178072048
-0.0219705480
-0.0262599764
-0.0303316586
-0.0345248663
-0.0388268741
-0.0431321944
-0.0464638966
-0.0485172878
-0.0498000991
-0.0504486665
-0.0498384483
-0.0473930395
-0.0433305964
-0.0394811358
-0.0368813602
-0.0357063354
-0.0352691731
-0.0350768065
-0.0350879669
-0.0350196357
-0.0345466324
-0.0337277839
-0.0324484963
-0.0305964056
-0.0286901649
-0.0264941444
-0.0235607705
-0.0211326143
-0.0195450242
-0.0176217853
-0.0153996263
-0.0133666809
-0.0111863891
-0.0084145435
-0.0060960284
-0.0025203648
0.0033796151
0.0095122067
0.0134189527
0.0104922082
0.0041007230
-0.0004912268
0.0017636386
0.0002943006
-0.0099331104
-0.0206352912
-0.0273291649
-0.0219843037
-0.0148139623
-0.0155734406
-0.0168488305
-0.0130682166
-0.0030793860
0.0103700600
0.0191151476
0.0201081979
0.0194223694
0.0166749733
0.0052045156
-0.0077799244
-0.0101900616
-0.0066674807
-0.0041067428
-0.0018487021
0.0002135529
-0.0001619684
-0.0022627373
-0.0042794532
-0.0047773520
-0.0032841027
-0.0010780970
0.0012835465
0.0032108850
0.0044390993
0.0052264687
0.0053446961
0.0050827777
0.0049617969
0.0045131219
0.0038277886
0.0028971571
0.0012417273
-0.0007072496
-0.0028283141
-0.0054330556
-0.0088321511
-0.0123287393
-0.0158496181
-0.0192807962
-0.0226614246
-0.0255594307
-0.0274788345
-0.0286705445
-0.0291560095
-0.0292788867
-0.0290442481
-0.0285493703
-0.0276151112
-0.0264306525
-0.0260430498
-0.0257175544
-0.0247719932
-0.0237592725
-0.0230738152
-0.0221737164
-0.0209319366
-0.0198160160
-0.0188498319
-0.0180561858
-0.0168100659
-0.0154435453
-0.0147811660
-0.0139797163
-0.0132487086
-0.0132317445
-0.0131440118
-0.0125447424
-0.0119879288
-0.0118351583
-0.0117093981
-0.0123549700
-0.0147800250
-0.0151002804
-0.0118775911
-0.0088176426
-0.0052580895
-0.0006131567
-0.0011977453
-0.0133250738
-0.0270295752
-0.0312007828
-0.0296107388
-0.0275136386
-0.0254774549
-0.0232266560
-0.0206499281
-0.0171083309
-0.0132027744
-0.0098835871
-0.0068435683
-0.0036454494
0.0002507880
0.0047960893
0.0087370793
0.0123253230
0.0159595645
0.0193189610
0.0217878312
0.0234883763
0.0248838520
0.0255961762
0.0242851121
0.0211467478
0.0177064145
0.0153108208
0.0153273527
0.0161155732
0.0164094104
0.0164805578
0.0164518786
0.0158838170
0.0149405903
0.0141585603
0.0139041745
0.0141941438
0.0146563313
0.0152282794
0.0160068713
0.0170658515
0.0178133586
0.0181953991
0.0186333153
0.0188432492
0.0188666828
0.0189205386
0.0189582453
0.0188860088
0.0185435478
0.0182406718
0.0182447620
0.0184048175
0.0187996184
0.0194616601
0.0196070895
0.0195170055
0.0211442168
0.0240097259
0.0243254579
0.0221648748
0.0185270726
0.0137932455
0.0109320236
0.0103744524
0.0118044804
0.0153008692
0.0180596133
0.0189745082
0.0182947694
0.0152467399
0.0109246273
0.0078247740
0.0068177716
0.0066595243
0.0068079989
0.0070076230
0.0066389466
0.0056216166
0.0044394462
0.0028156027
0.0000218659
-0.0042863930
-0.0091909425
-0.0143580124
-0.0198179569
-0.0253499442
-0.0302664581
-0.0340805797
-0.0370197808
-0.0396169953
-0.0416448061
-0.0432650621
-0.0447435219
-0.0455809270
-0.0456763717
-0.0453544684
-0.0450873023
-0.0446334130
-0.0436961258
-0.0425154251
-0.0408571647
-0.0382435727
-0.0344816115
-0.0302796436
-0.0260075160
-0.0220749892
-0.0190022686
-0.0165566004
-0.0140239124
-0.0112901990
-0.0088020742
-0.0065562438
-0.0040968959
-0.0014499991
0.0014798736
0.0044164502
0.0075368961
0.0106278473
0.0129613788
0.0147814498
0.0164117146
0.0176817220
0.0189583666
0.0205611440
0.0225419750
0.0246156996
0.0265288668
0.0281560773
0.0287825864
0.0281584146
0.0268928639
0.0255557343
0.0243926562
0.0232044729
0.0213608575
0.0189740138
0.0162369692
0.0134197738
0.0105035631
0.0071340207
0.0039064279
0.0013192918
-0.0013364756
-0.0045997908
-0.0079087447
-0.0113992954
-0.0153967734
-0.0195257781
-0.0239254074
-0.0283089589
-0.0319664413
-0.0353278722
-0.0380664551
-0.0395451899
-0.0407357622
-0.0415702817
-0.0417690725
-0.0414205954
-0.0408884281
-0.0402157144
-0.0396373690
-0.0391355611
-0.0381247285
-0.0363469329
-0.0336148267
-0.0301869975
-0.0264987121
-0.0229112296
-0.0196474062
-0.0167397834
-0.0145462975
-0.0128753904
-0.0115966494
-0.0104950555
-0.0093170687
-0.0080562675
-0.0066266231
-0.0051100770
-0.0033483964
-0.0014857464
0.0002626750
0.0016997801
0.0028071793
0.0038955534
0.0050422072
0.0061642891
0.0075501015
0.0094947976
0.0117521630
0.0139114617
0.0164886592
0.0196271068
0.0223663112
0.0245132578
0.0259563956
0.0264288428
0.0268910794
0.0276492074
0.0281001319
0.0280125198
0.0282036820
0.0289541489
0.0296981538
0.0303972286
0.0308888371
0.0305325694
0.0290257708
0.0267026464
0.0241955272
0.0216506922
0.0189694273
0.0160977101
0.0128877535
0.0098957379
0.0075047821
0.0056185003
0.0044734165
0.0040655589
0.0041604725
0.0042956969
0.0035887627
0.0022278286
0.0008705518
-0.0005336003
-0.0026683008
-0.0053471589
-0.0082701054
-0.0114641866
-0.0145539328
-0.0169944431
-0.0186684886
-0.0199500705
-0.0211733167
-0.0219918204
-0.0218207416
-0.0207296803
-0.0193319494
-0.0180078866
-0.0168662115
-0.0157285664
-0.0145178323
-0.0133624810
-0.0119514354
-0.0104402351
-0.0089068700
-0.0071381256
-0.0052970776
-0.0035334853
-0.0017314684
0.0001619469
0.0016840929
0.0029756908
0.0043348959
0.0054891589
0.0066170697
0.0078142926
0.0090758760
0.0102628618
0.0112576085
0.0118648290
0.0124919362
0.0136047041
0.0151150327
0.0164946027
0.0176265949
0.0189207814
0.0201516251
0.0209688936
0.0213607232
0.0212175050
0.0204609666
0.0193718357
0.0184225031
0.0178560001
0.0181468262
0.0192543658
0.0213233491
0.0238119895
0.0257382794
0.0269717329
0.0272861089
0.0259957691
0.0237414322
0.0212066436
0.0183986963
0.0161480190
0.0151740814
0.0148726196
0.0147024131
0.0142614752
0.0133576178
0.0123655811
0.0116294778
0.0115596985
0.0121176613
0.0129375670
0.0137719451
0.0143540161
0.0137374443
0.0123268306
0.0108276751
0.0090220282
0.0069641431
0.0051714745
0.0036695401
0.0024505172
0.0016701892
0.0009551634
0.0000268877
-0.0009685214
-0.0019078913
-0.0029986625
-0.0042185402
-0.0053845433
-0.0065382432
-0.0076802803
-0.0086417019
-0.0091791018
-0.0095593941
-0.0097388177
-0.0097367745
-0.0094309233
-0.0084379292
-0.0068662425
-0.0052395662
-0.0036784515
-0.0020947793
-0.0009189305
-0.0006568622
-0.0004994516
-0.0002654465
-0.0004182450
-0.0009027284
-0.0012602809
-0.0014451691
-0.0013440338
-0.0008728700
-0.0002420066
0.0004643945
0.0009636229
0.0009137541
0.0002056704
-0.0008009382
-0.0020985005
-0.0037719154
-0.0052436475
-0.0064094255
-0.0074756794
-0.0081552681
-0.0085880259
-0.0088590644
-0.0089603308
-0.0089034918
-0.0087338830
-0.0086103024
-0.0087154919
-0.0089842844
-0.0090251258
-0.0088689942
-0.0086221689
-0.0082960343
-0.0077807319
-0.0073948074
-0.0071542290
-0.0067404242
-0.0069229703
-0.0075821605
-0.0079443666
-0.0084175593
-0.0089055386
-0.0090180317
-0.0089663630
-0.0087500984
-0.0084509182
-0.0081922680
-0.0076817291
-0.0068711256
-0.0059075235
-0.0051539423
-0.0045629968
-0.0039338919
-0.0036886975
-0.0036662725
-0.0035553888
-0.0035211677
-0.0037849300
-0.0043054039
-0.0047258269
-0.0052329480
-0.0057737178
-0.0063372954
-0.0067357470
-0.0071374443
-0.0074530068
-0.0077976430
-0.0082106113
-0.0083725771
-0.0085153551
-0.0086880111
-0.0084742011
-0.0079752094
-0.0073715468
-0.0067110624
-0.0062032935
-0.0057152257
-0.0050348183
-0.0045339891
-0.0045943186
-0.0050187893
-0.0054292799
-0.0057356501
-0.0056896553
-0.0053249698
-0.0047946585
-0.0038555171
-0.0028237238
-0.0019480046
-0.0012307253
-0.0006468513
-0.0004383755
-0.0002070497
0.0001413481
0.0006192385
0.0014569213
0.0026537144
0.0037185333
0.0046564121
0.0055590427
0.0060806627
0.0060454715
0.0056799904
0.0050378204
0.0037405863
0.0016807631
-0.0001364521
-0.0014627688
-0.0023247028
-0.0021716997
-0.0013553506
-0.0000889775
0.0013605227
0.0026049345
0.0034753636
0.0035500504
0.0029826492
0.0024664020
0.0017998740
0.0015107325
0.0016503382
0.0016626844
0.0012721919
0.0009763890
0.0005480897
-0.0002088839
-0.0007444620
-0.0008378997
-0.0008352313
-0.0006213068
-0.0004039904
0.0000383944
0.0004581551
0.0005296066
0.0005385412
0.0004411004
-0.0002983862
-0.0015943639
-0.0029927781
-0.0044556482
-0.0059342475
-0.0074013179
-0.0086422335
-0.0091936826
-0.0094134140
-0.0091024001
-0.0083006987
-0.0074969591
-0.0066628235
-0.0059358193
-0.0052323018
-0.0046483517
-0.0043339981
-0.0042939721
-0.0042527876
-0.0039008778
-0.0031765282
-0.0020666965
-0.0008957512
0.0002156864
0.0014064480
0.0026955402
0.0038472919
0.0049081508
0.0058183546
0.0064892753
0.0069516450
0.0073111783
0.0075330355
0.0078952549
0.0085255755
0.0090410542
0.0095917233
0.0103150269
0.0108955572
0.0118335355
0.0130363377
0.0142955199
0.0152425940
0.0156727789
0.0156717323
0.0149487738
0.0134200468
0.0117570396
0.0103005170
0.0089887407
0.0079555464
0.0073772317
0.0067425436
0.0058780631
0.0050539862
0.0039027063
0.0025146993
0.0013618105
0.0003919157
-0.0005939611
-0.0009261660
-0.0005401374
0.0002967908
0.0009503119
0.0012414939
0.0012780757
0.0012139880
0.0010233645
0.0007163986
0.0002172930
-0.0002724581
-0.0008807473
-0.0014662062
-0.0019446363
-0.0024319285
-0.0029243538
-0.0034068284
-0.0039226209
-0.0045744501
-0.0051212542
-0.0056008424
-0.0059788733
-0.0062482904
-0.0065020897
-0.0066931222
-0.0063041426
-0.0055393993
-0.0043390226
-0.0028414089
-0.0012072711
0.0005508914
0.0025565629
0.0044718039
0.0059500252
0.0074909545
0.0088976327
0.0099245187
0.0105251764
0.0104830368
0.0098760114
0.0089765073
0.0083867278
0.0080394526
0.0074358879
0.0069921067
0.0067629565
0.0065215750
0.0062452535
0.0059542303
0.0056785577
0.0053939212
0.0047860315
0.0035980911
0.0017325497
-0.0006295784
-0.0026556612
-0.0045453013
-0.0061487979
-0.0069876128
-0.0071185227
-0.0069867026
-0.0065207638
-0.0055255228
-0.0042461439
-0.0031855996
-0.0022272636
-0.0014131044
-0.0007272389
-0.0007359999
-0.0010829694
-0.0011692102
-0.0010686100
-0.0006525581
0.0001677998
0.0010830737
0.0020743070
0.0029321226
0.0037580282
0.0041724823
0.0037770146
0.0029738548
0.0018452174
0.0004249637
-0.0011086351
-0.0021088545
-0.0023653505
-0.0021150303
-0.0017106236
-0.0015739066
-0.0016493771
-0.0019783442
-0.0026184284
-0.0031540767
-0.0035181135
-0.0036502973
-0.0036517197
-0.0037918766
-0.0040169598
-0.0040214856
-0.0036476961
-0.0028055833
-0.0016730442
-0.0005692690
0.0002817568
0.0006899711
0.0007641736
0.0005402569
-0.0000836430
-0.0009701316
-0.0020251777
-0.0030321734
-0.0040675878
-0.0048369753
-0.0055801711
-0.0060827006
-0.0061085429
-0.0059714868
-0.0056453004
-0.0052858363
-0.0048956404
-0.0043066231
-0.0038671372
-0.0036824021
-0.0033709581
-0.0030028709
-0.0025852627
-0.0017442877
-0.0005799096
0.0005642144
0.0016343445
0.0024305083
0.0030492208
0.0036257093
0.0037719195
0.0033188054
0.0025930922
0.0020217862
0.0014393744
0.0008817666
0.0007314247
0.0008030286
0.0008078684
0.0005933989
-0.0000300064
-0.0007278657
-0.0013817776
-0.0018986063
-0.0021601254
-0.0021037138
-0.0016553083
-0.0013099399
-0.0013449130
-0.0016861280
-0.0024254941
-0.0029625172
-0.0033595881
-0.0036122173
-0.0035986227
-0.0035086424
-0.0031281149
-0.0026330273
-0.0021717995
-0.0019667275
-0.0020018665
-0.0022034968
-0.0026620752
-0.0033710615
-0.0040391129
-0.0046772262
-0.0053053030
-0.0057538099
-0.0059688921
-0.0059748317
-0.0056149303
-0.0051038127
-0.0046162681
-0.0039069913
-0.0027740941
-0.0017146702
-0.0009801354
-0.0003381167
0.0005419269
0.0016984992
0.0029507515
0.0042576757
0.0051489988
0.0057588354
0.0063151554
0.0065098005
0.0062718474
0.0056550365
0.0050903872
0.0044652560
0.0038560151
0.0034148772
0.0030062699
0.0024136667
0.0017406128
0.0011973642
0.0006511580
0.0002271202
-0.0003325777
-0.0008889995
-0.0013019860
-0.0016208119
-0.0019110540
-0.0021178023
-0.0021468044
-0.0021440148
-0.0023904139
-0.0027800729
-0.0029024044
-0.0027239870
-0.0024781001
-0.0024375906
-0.0024703696
-0.0025583094
-0.0029286682
-0.0035636703
-0.0042222079
-0.0046363154
-0.0048139734
-0.0049320457
-0.0046793059
-0.0041738640
-0.0037018927
-0.0032280185
-0.0025005940
-0.0017890181
-0.0013422151
-0.0004085735
0.0011789174
0.0026557397
0.0037406221
0.0053356563
0.0072881092
0.0089172130
0.0103035041
0.0113890473
0.0123493861
0.0130124479
0.0131013940
0.0125187985
0.0117577101
0.0111335611
0.0108218897
0.0105028983
0.0100180043
0.0093333993
0.0084444148
0.0073924432
0.0056671935
0.0036790866
0.0020680628
0.0006450766
-0.0006927660
-0.0018165001
-0.0026590707
-0.0033365975
-0.0035949488
-0.0034844947
-0.0031791549
-0.0025959468
-0.0018205413
-0.0007688160
0.0004161352
0.0016748690
0.0026265762
0.0031065933
0.0036050242
0.0042625689
0.0045507183
0.0044938831
0.0042927582
0.0038284024
0.0036196017
0.0035173160
0.0032998931
0.0030387933
0.0029075633
0.0027946068
0.0022723126
0.0015621950
0.0010201696
0.0004570766
0.0000062844
-0.0006618539
-0.0012850585
-0.0017145672
-0.0020702238
-0.0023292954
-0.0026290997
-0.0030855041
-0.0034200400
-0.0037640877
-0.0039464374
-0.0039250123
-0.0038952494
-0.0037753788
-0.0033919691
-0.0029073397
-0.0025314632
-0.0024217607
-0.0023470179
-0.0021474813
-0.0022616645
-0.0025045584
-0.0025896029
-0.0029692094
-0.0037250534
-0.0046009327
-0.0056041276
-0.0063799043
-0.0071453089
-0.0076030237
-0.0077751828
-0.0077904105
-0.0075668871
-0.0071725814
-0.0068780720
-0.0063413109
-0.0056415467
-0.0049676192
-0.0042733062
-0.0034780537
-0.0028100525
-0.0022804882
-0.0017276930
-0.0007545182
0.0002220328
0.0010033145
0.0016824709
0.0025721987
0.0033508673
0.0041143308
0.0047624825
0.0051942125
0.0056129503
0.0062651413
0.0073108791
0.0084712382
0.0096814859
0.0104757151
0.0108549528
0.0111201849
0.0110189011
0.0104030885
0.0097494411
0.0095012430
0.0093428604
0.0093461921
0.0095739776
0.0096473895
0.0095573087
0.0091243302
0.0080963157
0.0070193142
0.0059856127
0.0047376251
0.0036205963
0.0028907281
0.0025041491
0.0019681723
0.0015807983
0.0013596077
0.0009466704
0.0004516387
-0.0000851459
-0.0008681886
-0.0014637693
-0.0020461087
-0.0033783834
-0.0045204477
-0.0049790361
-0.0054722804
-0.0061625966
-0.0066255974
-0.0066761500
-0.0064215786
-0.0061783498
-0.0059951027
-0.0059751469
-0.0060053468
-0.0060048103
-0.0059028224
-0.0055567569
-0.0052719380
-0.0052607821
-0.0052526377
-0.0050233130
-0.0048889498
-0.0048004788
-0.0044271997
-0.0039731248
-0.0037944727
-0.0038378839
-0.0038807812
-0.0038912812
-0.0040539525
-0.0042641789
-0.0042978415
-0.0042090971
-0.0039829337
-0.0038645886
-0.0035675533
-0.0031840613
-0.0030972405
-0.0028516830
-0.0023677569
-0.0018926701
-0.0012711853
-0.0004874533
-0.0000260263
0.0005242038
0.0012960363
0.0019638948
0.0023779907
0.0025915070
0.0027029853
0.0026033828
0.0023403193
0.0020967100
0.0018779212
0.0016433443
0.0013479053
0.0007733423
0.0001795254
-0.0004285183
-0.0010589868
-0.0015257992
-0.0018585529
-0.0019599342
-0.0019397526
-0.0019373058
-0.0019488676
-0.0019554390
-0.0019669336
-0.0018607508
-0.0016058013
-0.0011282205
-0.0002722970
0.0005811213
0.0010984431
0.0015868937
0.0022379977
0.0027426561
0.0030807537
0.0031930643
0.0031596669
0.0031424900
0.0031472026
0.0031344988
0.0030546965
0.0027330718
0.0022573897
0.0019385877
0.0017202728
0.0013459607
0.0011358783
0.0012651124
0.0015316570
0.0016092552
0.0017718969
0.0021977391
0.0025915377
0.0028985906
0.0033285369
0.0037973302
0.0045205734
0.0049718130
0.0051329483
0.0050745678
0.0046880859
0.0043525744
0.0041369861
0.0039248709
0.0034804236
0.0029193709
0.0027647290
0.0026078878
0.0022147627
0.0019474061
0.0016265124
0.0011518960
0.0007027624
0.0004997017
0.0005121591
0.0005269129
0.0005031207
0.0004919620
0.0004914169
0.0005854015
0.0010288595
0.0012853188
0.0012291646
0.0011866411
0.0012006855
0.0011907179
0.0011645480
0.0011556225
0.0011411249
0.0009270379
0.0004706005
-0.0000159727
-0.0003676367
-0.0005814808
-0.0009263603
-0.0011854688
-0.0012043152
-0.0012520552
-0.0015919833
-0.0019592689
-0.0020176757
-0.0019517313
-0.0017546676
-0.0015334696
-0.0012246086
-0.0009075644
-0.0007061009
-0.0005495096
-0.0005296561
-0.0006266252
-0.0009600368
-0.0013069000
-0.0013931889
-0.0015742635
-0.0020369330
-0.0025924096
-0.0031739860
-0.0036178420
-0.0040186708
-0.0042837393
-0.0044313654
-0.0044402635
-0.0043310125
-0.0041224882
-0.0042205509
-0.0044625548
-0.0045507655
-0.0047359404
-0.0048778869
-0.0048590338
-0.0046459888
-0.0040645997
-0.0033184581
-0.0023655199
-0.0014572255
-0.0008537923
-0.0004337472
-0.0003793142
-0.0004047195
-0.0001951361
-0.0000551943
-0.0000832574
-0.0001094228
-0.0001177465
-0.0001333744
-0.0001405138
-0.0002299882
-0.0004509471
-0.0004066541
-0.0001858913
-0.0001476146
-0.0001894690
-0.0001012139
0.0002645724
0.0007163144
0.0009921011
0.0013802701
0.0018170183
0.0024361880
0.0030843496
0.0035113280
0.0042413607
0.0051122017
0.0055627113
0.0059238297
0.0061396120
0.0061173336
0.0060646525
0.0058882602
0.0056838664
0.0056575424
0.0056872590
0.0056762884
0.0054753038
0.0048869477
0.0043677797
0.0038033213
0.0031197206
0.0026631121
0.0021203113
0.0015646676
0.0009724524
0.0005411611
-0.0000677321
-0.0007467103
-0.0011993312
-0.0015447826
-0.0015934017
-0.0014763448
-0.0010603683
-0.0002477601
0.0005079870
0.0011257668
0.0017187129
0.0021828490
0.0025796274
0.0029917507
0.0034408176
0.0038869943
0.0043158105
0.0046789765
0.0048698859
0.0051722511
0.0055055924
0.0057483081
0.0060804631
0.0063168981
0.0066084700
0.0069414393
0.0070167359
0.0069536990
0.0068889011
0.0065438221
0.0059316253
0.0054517102
0.0046979632
0.0035710465
0.0025110136
0.0016395867
0.0008779271
0.0002164989
-0.0004286924
-0.0009102796
-0.0013247208
-0.0017655363
-0.0022153296
-0.0026756395
-0.0031232206
-0.0035279566
-0.0038756170
-0.0041776008
-0.0044101531
-0.0047264490
-0.0051560556
-0.0052438637
-0.0051796457
-0.0050446773
-0.0045893463
-0.0043530797
-0.0040917707
-0.0037221782
-0.0036730958
-0.0036709736
-0.0035366748
-0.0036505009
-0.0037615773
-0.0037590601
-0.0037557573
-0.0037630761
-0.0037632334
-0.0037615600
-0.0037295610
-0.0033571349
-0.0029994498
-0.0030019017
-0.0030604032
-0.0030409639
-0.0028543580
-0.0024656473
-0.0022477017
-0.0022724437
-0.0023106608
-0.0023301044
-0.0024967008
-0.0027751447
-0.0032206976
-0.0035741429
-0.0038028245
-0.0038602846
-0.0036521740
-0.0032077253
-0.0026875877
-0.0021276069
-0.0018199598
-0.0015057470
-0.0012263409
-0.0012032959
-0.0013823537
-0.0019445867
-0.0025200576
-0.0030512219
-0.0035272131
-0.0037990402
-0.0039887145
-0.0042990419
-0.0046338198
-0.0048616221
-0.0052318347
-0.0054827631
-0.0054688029
-0.0054301873
-0.0054403264
-0.0054524495
-0.0054569946
-0.0054564592
-0.0054559949
-0.0055445146
-0.0056640330
-0.0055197621
-0.0052440143
-0.0049668688
-0.0045301527
-0.0040995688
-0.0034158580
-0.0026631473
-0.0021849386
-0.0017953267
-0.0013596584
-0.0009360184
-0.0003735738
0.0004368446
0.0010020461
0.0014525229
0.0019249979
0.0020484747
0.0019879509
0.0019796041
0.0019942457
0.0020286084
0.0023126631
0.0027929444
0.0032536150
0.0037017329
0.0042842141
0.0047441447
0.0053552151
0.0060304794
0.0063090262
0.0064321991
0.0064963521
0.0066330469
0.0065593148
0.0064314657
0.0064102758
0.0062411672
0.0059517753
0.0053570418
0.0045406400
0.0039744084
0.0034243042
0.0027768895
0.0022386791
0.0016815006
0.0012170104
0.0006384520
0.0000885861
-0.0005321149
-0.0011334676
-0.0015759219
-0.0020057299
-0.0024338495
-0.0026530209
-0.0026380425
-0.0026143965
-0.0026364783
-0.0025183702
-0.0024687714
-0.0026691075
-0.0029429004
-0.0030629000
-0.0030320457
-0.0028429108
-0.0024282874
-0.0019526139
-0.0014470203
-0.0007844462
-0.0002507105
-0.0000302480
-0.0000427163
-0.0000828556
-0.0000859765
-0.0000723409
0.0000925788
0.0005203685
0.0009843252
0.0014094537
0.0017560175
0.0018417514
0.0018368317
0.0021822283
0.0025585613
0.0026510605
0.0029457818
0.0032855065
0.0033083150
0.0032380777
0.0031778447
0.0028759108
0.0023994856
0.0020662787
0.0016584676
0.0010576258
0.0006583060
0.0004872789
0.0001308028
-0.0003468754
-0.0005612262
-0.0005872481
-0.0008792797
-0.0012688133
-0.0014865624
-0.0016394031
-0.0016696185
-0.0016456080
-0.0014635755
-0.0010179085
-0.0008421953
-0.0007248068
-0.0006030022
-0.0008805487
-0.0012988890
-0.0013839001
-0.0013197259
-0.0013149167
-0.0013317113
-0.0013385071
-0.0013391407
-0.0013239166
-0.0011470522
-0.0009069903
-0.0005470535
0.0001074510
0.0006675776
0.0010749870
0.0014781045
0.0016824472
0.0017224834
0.0020093674
0.0023735830
0.0026120146
0.0029498754
0.0031516643
0.0031326835
0.0030018114
0.0027687976
0.0025288136
0.0023491621
0.0023379500
0.0024529638
0.0027790627
0.0027940955
0.0023775518
0.0022576749
0.0022690803
0.0019663088
0.0014722509
0.0008507002
0.0003814605
0.0001702735
-0.0000035714
-0.0001545898
0.0001127064
0.0007613787
0.0012476769
0.0014616622
0.0015596978
0.0014400984
0.0011733066
0.0009334287
0.0007313376
0.0004549356
0.0000745271
-0.0000488952
0.0000016107
0.0000154096
0.0000005471
-0.0000083804
-0.0000106926
-0.0000095731
-0.0000084152
-0.0000100614
-0.0000269104
-0.0001081544
-0.0004266665
-0.0007616281
-0.0008118321
-0.0008407852
-0.0012847437
-0.0016299322
-0.0016076059
-0.0017976607
-0.0022879513
-0.0026013264
-0.0027658962
-0.0030542973
-0.0035237436
-0.0039949677
-0.0044149413
-0.0046612047
-0.0049252543
-0.0052787188
-0.0053936580
-0.0053562066
-0.0053471996
-0.0053580553
-0.0053575627
-0.0053622913
-0.0053825388
-0.0053896109
-0.0053857393
-0.0053842913
-0.0053861414
-0.0052923304
-0.0049268171
-0.0044391343
-0.0039917400
-0.0035717477
-0.0032269773
-0.0031408574
-0.0031801837
-0.0031860948
-0.0031409267
-0.0028873888
-0.0024256395
-0.0018370226
-0.0010321268
-0.0003201495
0.0001564763
0.0007749393
0.0012705280
0.0013470910
0.0015926931
0.0020094709
0.0020599659
0.0019846527
0.0019800487
0.0017517947
0.0012928515
0.0011685017
0.0012392223
0.0012479317
0.0011212679
0.0007442610
0.0004325126
0.0003366673
-0.0000632122
-0.0003605612
-0.0004490165
-0.0006550549
-0.0007099164
-0.0004671986
-0.0002111816
0.0000031623
0.0001896501
0.0002337795
0.0000075981
-0.0004722769
-0.0008527278
-0.0011776054
-0.0016115712
-0.0018784481
-0.0016417163
-0.0011445771
-0.0007872885
-0.0004913237
0.0000843411
0.0004452542
0.0006537400
0.0009929988
0.0011417709
0.0011009369
0.0010816681
0.0010936950
0.0010868675
0.0010762453
0.0010768671
0.0010788608
0.0010766479
0.0010965901
0.0013462988
0.0017251374
0.0018445098
0.0017954000
0.0017765845
0.0017814700
0.0017784148
0.0017664891
0.0017681659
0.0019270663
0.0023129219
0.0025392393
0.0025821054
0.0028741826
0.0032295256
0.0032773264
0.0032199828
0.0032218922
0.0033069712
0.0036292397
0.0039455531
0.0039844248
0.0039382826
0.0039406197
0.0039472146
0.0039274597
0.0037576362
0.0033650012
0.0030851617
0.0028055918
0.0024477501
0.0023482400
0.0023795893
0.0021258470
0.0014949239
0.0010730615
0.0009006138
0.0008666614
0.0008786129
0.0008780705
0.0008648491
0.0008590341
0.0008605753
0.0008609888
0.0008583171
0.0008459762
0.0006485418
0.0001691715
0.0000029798
0.0000119695
-0.0003973247
-0.0007519732
-0.0007281716
-0.0006705886
-0.0006902964
-0.0007187548
-0.0007281177
-0.0007263281
-0.0007259451
-0.0007277927
-0.0007361676
-0.0007436396
-0.0006567576
-0.0003091860
0.0000134097
0.0000813169
0.0004257231
0.0008441051
0.0011617347
0.0014625996
0.0016975523
0.0020371149
0.0022385112
0.0022205506
0.0021909795
0.0021890083
0.0021740694
0.0022516730
0.0027100041
0.0030044371
0.0029372397
0.0025633257
0.0021421763
0.0020975640
0.0021644569
0.0021546568
0.0021290967
0.0021292300
0.0021332543
0.0021316207
0.0021228170
0.0020960236
0.0019360707
0.0015547991
0.0012672384
0.0010296528
0.0008098547
0.0006632784
0.0005901752
0.0005867024
0.0005899109
0.0005658431
0.0004327545
0.0000579391
-0.0002196182
-0.0002640653
-0.0005308848
-0.0009272947
-0.0010146341
-0.0009553193
-0.0009545066
-0.0009886306
-0.0010030237
-0.0011123064
-0.0013449145
-0.0013819458
-0.0011965781
-0.0013242228
-0.0017114547
-0.0018389114
-0.0020993980
-0.0025361901
-0.0026139042
-0.0025411317
-0.0025443939
-0.0026825911
-0.0029033249
-0.0029596741
-0.0029278594
-0.0029244045
-0.0029380460
-0.0030821694
-0.0034892302
-0.0037708299
-0.0038407812
-0.0042382976
-0.0046379311
-0.0049781403
-0.0052235283
-0.0050851126
-0.0048589893
-0.0047872591
-0.0046050468
-0.0043776813
-0.0041515470
-0.0039406949
-0.0037437939
-0.0034642485
-0.0031050191
-0.0029902798
-0.0029086449
-0.0026870211
-0.0024463331
-0.0022523323
-0.0019568288
-0.0017166595
-0.0020018900
-0.0023462683
-0.0022564616
-0.0020085074
-0.0018149591
-0.0017691826
-0.0016047937
-0.0013853758
-0.0011657115
-0.0010687470
-0.0008129161
-0.0004058216
-0.0002645824
0.0001281609
0.0007304052
0.0011905039
0.0015640802
0.0018408293
0.0022144165
0.0025542635
0.0025515199
0.0023762548
0.0020185490
0.0016936605
0.0012819729
0.0008864154
0.0006319058
0.0004380066
0.0001314063
0.0000476173
-0.0001466154
-0.0005410661
-0.0007979087
-0.0011049287
-0.0016948285
-0.0021873976
-0.0022185648
-0.0021397675
-0.0021379250
-0.0020298535
-0.0016459519
-0.0013603197
-0.0013517501
-0.0013317068
-0.0010978397
-0.0008566731
-0.0006454946
-0.0005411916
-0.0001694533
0.0002183217
0.0004457293
0.0006231445
0.0007130233
0.0007176710
0.0008468196
0.0008848870
0.0008575939
0.0007500177
0.0005223490
0.0004230331
0.0002581767
0.0001061330
0.0001911500
0.0005519829
0.0008846505
0.0012454692
0.0016553884
0.0020911678
0.0022972829
0.0023663408
0.0025366548
0.0025889753
0.0025419044
0.0025150000
0.0025031369
0.0025012225
0.0026446275
0.0028413268
0.0030177163
0.0030937276
0.0030464672
0.0028563182
0.0025833573
0.0021485764
0.0018530501
0.0017522699
0.0015632545
0.0014691915
0.0014783718
0.0014671876
0.0013509490
0.0011044637
0.0008697422
0.0006981776
0.0006782978
0.0006795499
0.0006568406
0.0006276357
0.0004764605
0.0002654295
-0.0000207339
-0.0003392143
-0.0004100650
-0.0003469822
-0.0001413783
0.0001824608
0.0003732366
0.0005212812
0.0006842693
0.0008315779
0.0008791165
0.0010168718
0.0010195522
0.0007829770
0.0005216596
0.0000094014
-0.0006753224
-0.0010702147
-0.0010870677
-0.0010236810
-0.0008629776
-0.0005186311
-0.0001506819
0.0000330397
-0.0002067533
-0.0005854728
-0.0007462169
-0.0006270967
-0.0001392511
0.0004600174
0.0010159183
0.0015827678
0.0017356395
0.0014900259
0.0012560055
0.0010895737
0.0010217172
0.0010083081
0.0010100326
0.0011366303
0.0012129673
0.0011614881
0.0010038079
0.0008326913
0.0007612618
0.0005636730
0.0002969758
0.0001272919
-0.0001026132
-0.0002541528
-0.0002921342
-0.0004257996
-0.0005890227
-0.0008153743
-0.0010584582
-0.0012249111
-0.0014591813
-0.0015496167
-0.0013180362
-0.0010182776
-0.0009629431
-0.0009833641
-0.0009540924
-0.0009157666
-0.0008078724
-0.0005704141
-0.0003786100
-0.0001296599
0.0000584015
0.0002268451
0.0004568373
0.0006729361
0.0007902931
0.0009800454
0.0011846654
0.0013681423
0.0014038115
0.0014986862
0.0016750612
0.0018491556
0.0019016686
0.0018216257
0.0017332514
0.0015823290
0.0013147250
0.0010455218
0.0008477608
0.0007154128
0.0005207676
0.0002859526
0.0000911238
-0.0000087102
-0.0001011124
-0.0001578122
-0.0001578720
-0.0000966995
-0.0000236835
0.0000431451
0.0001004136
0.0001998877
0.0003320454
0.0003847848
0.0003560568
0.0003775167
0.0003908832
0.0003098507
0.0001819580
0.0000684695
-0.0000654688
-0.0001570061
-0.0002348669
-0.0002804719
-0.0003311472
-0.0003955244
-0.0004136659
-0.0004129421
-0.0004220558
-0.0004296119
-0.0003969119
-0.0003523536
-0.0003587129
-0.0003786125
-0.0003871807
-0.0003927345
-0.0004007561
-0.0004090491
-0.0004163364
-0.0004226749
-0.0004467987
-0.0004921983
-0.0005060783
-0.0004998896
-0.0005153470
-0.0005835317
-0.0006286639
-0.0006449784
-0.0006579646
-0.0006699271
-0.0006900661
-0.0007128640
-0.0007288916
-0.0007470486
-0.0007334585
-0.0007391879
-0.0007449661
-0.0007316237
-0.0006990869
-0.0006588507
-0.0006075642
-0.0005567048
-0.0005032848
-0.0004519305
-0.0004133516
-0.0003799891
-0.0003554069
-0.0003254761
-0.0002953980
-0.0002672237
-0.0002424016
-0.0002210015
-0.0002068003
-0.0001881402
-0.0001698837
-0.0001533577
-0.0001384265
-0.0001203266
-0.0001091859
-0.0001065939
-0.0001067375
-0.0001084734
-0.0001051939
-0.0000957384
-0.0000866269
-0.0000786771
-0.0000737537
-0.0000692849
-0.0000612091
-0.0000557759
-0.0000541868
-0.0000506710
-0.0000479642
-0.0000458744
-0.0000432743
-0.0000438144
-0.0000443543
-0.0000427242
-0.0000421165
-0.0000426798
-0.0000404195
-0.0000377310
-0.0000347234
-0.0000302599
-0.0000263446
-0.0000236435
-0.0000207662
-0.0000166337
-0.0000124995
-0.0000087136
-0.0000051337
-0.0000016628
0.0000015075
0.0000046268
0.0000077490
0.0000108203
0.0000140670
0.0000173993
0.0000206416
0.0000238904
0.0000271377
0.0000304087
0.0000337277
0.0000370125
0.0000402291
0.0000433888
0.0000464890
0.0000495283
0.0000525237
0.0000554704
0.0000583548
0.0000611764
0.0000639395
0.0000666424
0.0000692850
0.0000718681
0.0000743922
0.0000768577
0.0000792645
