0.0047665242
0.0047851435
0.0048016011
0.0048127223
0.0048225206
0.0048405408
0.0048663807
0.0048807720
0.0048737472
0.0048657629
0.0048564107
0.0048398236
0.0048319357
0.0048449309
0.0049162840
0.0050333688
0.0050850032
0.0050766924
0.0049920442
0.0048967644
0.0048702737
0.0048934919
0.0050723911
0.0053595599
0.0057196213
0.0058983285
0.0055947735
0.0053874187
0.0054866976
0.0055664200
0.0054761494
0.0053509657
0.0053877868
0.0054847151
0.0054294205
0.0051259015
0.0046711296
0.0047107838
0.0050246623
0.0050793351
0.0047387443
0.0043733126
0.0042288908
0.0042239936
0.0041989112
0.0041715114
0.0042450728
0.0051773609
0.0065263692
0.0076629974
0.0085271054
0.0093866693
0.0096189256
0.0089728248
0.0086318280
0.0074554210
0.0063109550
0.0058208143
0.0056947569
0.0052399089
0.0041846599
0.0031331167
0.0023256629
0.0020790133
0.0020575093
0.0018340393
0.0020871762
0.0040391969
0.0065319161
0.0073616241
0.0066194071
0.0051766035
0.0032793770
0.0008614824
-0.0011042679
-0.0026563894
-0.0030098603
-0.0012614854
0.0019316675
0.0035545612
0.0038665419
0.0045140582
0.0056218253
0.0067466958
0.0070855063
0.0069778211
0.0068124908
0.0058492907
0.0043589798
0.0013363223
-0.0026932536
-0.0057280710
-0.0066600971
-0.0069777713
-0.0079176555
-0.0091350438
-0.0086329190
-0.0072642986
-0.0064179432
-0.0057719782
-0.0037613146
-0.0000352385
0.0040115217
0.0065904254
0.0084684208
0.0115982645
0.0143591671
0.0134660380
0.0099807029
0.0051159588
-0.0003418127
-0.0042655710
-0.0046037690
-0.0021567180
0.0013933397
0.0051541169
0.0092056504
0.0117081656
0.0113294306
0.0094084056
0.0076782881
0.0066964620
0.0058524634
0.0039368773
0.0010383884
-0.0027867679
-0.0067598864
-0.0096227994
-0.0111755850
-0.0105214290
-0.0074695214
-0.0051164684
-0.0033434160
-0.0001672211
0.0035669067
0.0058543188
0.0056782020
0.0034140766
0.0009372197
-0.0006204684
-0.0017200622
-0.0018969506
-0.0000485701
0.0029836011
0.0049986385
0.0052587732
0.0048937381
0.0034656394
0.0009315913
-0.0016628734
-0.0034262493
-0.0037341782
-0.0034691162
-0.0027373409
-0.0021197902
-0.0025778090
-0.0035794625
-0.0031548410
-0.0004843195
0.0000785270
-0.0038254446
-0.0081000778
-0.0095821744
-0.0103308039
-0.0123475133
-0.0150607751
-0.0164844973
-0.0132032793
-0.0054677816
0.0023823375
0.0088381469
0.0146688736
0.0187380002
0.0193382765
0.0174351331
0.0146644496
0.0122423541
0.0102850570
0.0098073212
0.0118007597
0.0148896913
0.0160620565
0.0136684875
0.0075393041
-0.0000216241
-0.0059926785
-0.0080293692
-0.0088970471
-0.0127046004
-0.0181435727
-0.0231129282
-0.0284127679
-0.0346350909
-0.0390806324
-0.0386087566
-0.0318674296
-0.0196556444
-0.0063872907
0.0024129949
0.0055902475
0.0042154063
0.0005936187
-0.0027573729
-0.0051028560
-0.0054137307
-0.0035788051
-0.0011720394
0.0011640876
0.0018575953
0.0006054103
-0.0013350722
-0.0048714841
-0.0101563380
-0.0165704821
-0.0229928908
-0.0290339110
-0.0350991388
-0.0410926484
-0.0459387228
-0.0487919219
-0.0477012390
-0.0428286996
-0.0360398925
-0.0295088759
-0.0226394290
-0.0140795833
-0.0053235716
0.0001168660
0.0017383663
-0.0004899527
-0.0045271236
-0.0079181013
-0.0080321655
-0.0033939457
0.0050915920
0.0174657880
0.0302772216
0.0384957729
0.0408576123
0.0378960210
0.0322323215
0.0266513734
0.0218758184
0.0175371855
0.0154877686
0.0184523253
0.0204481991
0.0148376301
0.0051620877
-0.0028648970
-0.0088721418
-0.0092022533
-0.0032690131
0.0038463529
0.0090378194
0.0078484915
0.0078224557
0.0143346711
0.0198040452
0.0186059938
0.0132502663
0.0076533064
0.0067676699
0.0118655825
0.0170463887
0.0173340833
0.0124952365
0.0069680982
-0.0010990263
-0.0110233539
-0.0163844092
-0.0129360790
-0.0023675480
0.0115571258
0.0224848644
0.0286736859
0.0322556196
0.0332206184
0.0284266512
0.0141683178
-0.0035165928
-0.0155128386
-0.0151496765
-0.0033628033
0.0096713761
0.0209218825
0.0304507998
0.0334801900
0.0294800228
0.0255042593
0.0275143046
0.0350198047
0.0431601026
0.0481936564
0.0486937450
0.0434432029
0.0352230802
0.0294990676
0.0242484921
0.0208571397
0.0209458721
0.0245008186
0.0325019363
0.0422851090
0.0491373736
0.0511056189
0.0492971769
0.0468354669
0.0434603540
0.0373062548
0.0300306321
0.0224711486
0.0158749042
0.0108769426
0.0073158244
0.0074358451
0.0138154032
0.0258577837
0.0395353774
0.0508384861
0.0612936594
0.0706876154
0.0765471288
0.0771260070
0.0714484554
0.0609987330
0.0471178760
0.0330364192
0.0197656435
0.0089427315
0.0074678608
0.0154774629
0.0217681645
0.0182027982
0.0085868817
0.0008843751
-0.0027126469
-0.0023862590
0.0021135187
0.0102231953
0.0199756550
0.0301065853
0.0393070160
0.0458458706
0.0470657308
0.0418082233
0.0324893670
0.0220225665
0.0144312639
0.0127004317
0.0140481931
0.0166528192
0.0187443163
0.0204754324
0.0233843826
0.0273585021
0.0317913643
0.0374480370
0.0463337764
0.0563457577
0.0643309797
0.0690440507
0.0702569117
0.0695436572
0.0692267624
0.0700657994
0.0734841581
0.0804442204
0.0898837645
0.1001230092
0.1112935966
0.1202275689
0.1259672888
0.1302003136
0.1319632685
0.1284935072
0.1085551222
0.0690995972
0.0283351522
-0.0018565397
-0.0222410463
-0.0353445494
-0.0430030847
-0.0451078270
-0.0422854931
-0.0348251571
-0.0141666280
0.0186333752
0.0448664103
0.0562876382
0.0559852746
0.0450756761
0.0220464784
-0.0039369507
-0.0279650550
-0.0477806084
-0.0606542050
-0.0668551963
-0.0662272436
-0.0505121940
0.0007811985
0.0727215285
0.1398166285
0.1796357854
0.1853993815
0.1753219936
0.1467884417
0.0958254795
0.0350338760
-0.0243025516
-0.0595112059
-0.0638813227
-0.0493875820
-0.0180459275
0.0219425943
0.0604485272
0.0953705678
0.1080040260
0.0780025429
0.0200325466
-0.0370282893
-0.0822224111
-0.1154886899
-0.1433955173
-0.1654989773
-0.1741924785
-0.1602731181
-0.1043071301
-0.0223207191
0.0381323237
0.0716084278
0.0832490438
0.0813897744
0.0703433450
0.0636691692
0.0692785319
0.0789892640
0.0848254247
0.0881092275
0.0911183627
0.0930372776
0.0912206300
0.0852549133
0.0744696031
0.0571225745
0.0366207074
0.0255222796
0.0278251086
0.0383869429
0.0531567819
0.0690671779
0.0893476795
0.1044009670
0.1042177200
0.0922484209
0.0774515478
0.0687758775
0.0690034198
0.0721875269
0.0741544956
0.0736168398
0.0676962508
0.0554227785
0.0375652725
0.0177771785
-0.0019195259
-0.0200635095
-0.0334604801
-0.0424001413
-0.0550928197
-0.0705750172
-0.0789111656
-0.0872084420
-0.1058444230
-0.1303783149
-0.1605632893
-0.1946126372
-0.2285112474
-0.2554477687
-0.2783677368
-0.3032241551
-0.3307090662
-0.3654921502
-0.4025337873
-0.4330161582
-0.4616210762
-0.4892501593
-0.5137137801
-0.5340346951
-0.5476149536
-0.5554694639
-0.5587145252
-0.5601100383
-0.5602219875
-0.4851326790
-0.3537798885
-0.1656600888
0.0045260087
0.0786854902
0.1164143383
0.1689515409
0.2258957819
0.2788633735
0.3260046266
0.3522295627
0.3559124668
0.3546433321
0.3345844368
0.2532297022
0.1270864051
-0.0142946515
-0.1242161571
-0.1657106332
-0.1664263815
-0.1401375202
-0.0982305147
-0.0278975657
0.0500784117
0.0730247327
0.0463762699
0.0070437237
-0.0349855580
-0.0756630908
-0.1135739367
-0.1475983543
-0.1729129588
-0.1888788386
-0.1979164245
-0.2001541606
-0.1983576509
-0.1956488483
-0.1906638915
-0.1932015650
-0.2055415292
-0.2241340975
-0.2514889402
-0.2815762807
-0.3053012097
-0.3218357440
-0.3271964978
-0.3243890791
-0.3204908846
-0.3186785917
-0.3330873253
-0.3704954125
-0.4118669868
-0.4438556960
-0.4429411336
-0.4017297937
-0.3485382858
-0.2841920178
-0.2180748758
-0.1642352553
-0.1242560240
-0.0967739410
-0.0809434496
-0.0755264893
-0.0761966520
-0.0773192616
-0.0738999235
-0.0667683959
-0.0650479485
-0.0661599352
-0.0614372401
-0.0492583704
-0.0282514678
0.0058222150
0.0464864203
0.0805975421
0.1088564429
0.1288452692
0.1366830516
0.1327879889
0.1235596051
0.1106543518
0.0944229692
0.0846531177
0.0839804968
0.0800085136
0.0701306354
0.0577779917
0.0445593258
0.0313730679
0.0156105173
-0.0005259256
-0.0119909171
-0.0155203116
-0.0186228433
-0.0301716736
-0.0469406972
-0.0628118368
-0.0758074261
-0.0838327675
-0.0854321877
-0.0886676721
-0.0965224268
-0.1030851436
-0.1051589253
-0.1004255837
-0.0888042444
-0.0805714986
-0.0816051565
-0.0834673769
-0.0794456001
-0.0692715835
-0.0610916232
-0.0581315139
-0.0587224273
-0.0639153892
-0.0752108840
-0.0850073333
-0.0912277439
-0.0926490783
-0.0865744489
-0.0744533682
-0.0532666903
-0.0198439511
0.0194885626
0.0514917113
0.0694837232
0.0748953778
0.0707434804
0.0612969340
0.0516400095
0.0477537656
0.0453371313
0.0433267262
0.0466300861
0.0550466636
0.0677004312
0.0855678373
0.1114135676
0.1472521532
0.1891563235
0.2269732213
0.2558817029
0.2767863453
0.2932670802
0.3084319823
0.3241865326
0.3394688858
0.3504759736
0.3550484456
0.3523485135
0.3416409540
0.3257074645
0.3126695721
0.3063899233
0.3046795168
0.3033877022
0.3008189888
0.2971910584
0.2928156068
0.2861622889
0.2722243573
0.2457860416
0.2151278624
0.1753369435
0.1234235537
0.0718695821
0.0297166622
-0.0082823409
-0.0403462295
-0.0647960130
-0.0858545125
-0.1021000914
-0.1151874851
-0.1255383621
-0.1295271091
-0.1274306761
-0.1191033230
-0.1025685669
-0.0745116091
-0.0370316654
0.0024007621
0.0398878819
0.0774459792
0.1145314062
0.1451757228
0.1602739770
0.1661642348
0.1711428964
0.1749770744
0.1765201445
0.1730510100
0.1622093645
0.1469591613
0.1309584672
0.1114214342
0.0898322303
0.0753498116
0.0763778752
0.0864327774
0.0942896344
0.0971072433
0.1019077055
0.1084053612
0.1191878346
0.1361931278
0.1485002211
0.1447247189
0.1307726574
0.1157189048
0.0965702434
0.0728212674
0.0534856845
0.0474261767
0.0525136110
0.0657040566
0.0898923496
0.1204327156
0.1497042030
0.1798691002
0.2113706168
0.2437451374
0.2700572287
0.2902983665
0.3115497499
0.3374269674
0.3658673141
0.3916933350
0.4168700622
0.4422029825
0.4646223569
0.4788043488
0.4858987201
0.4931013161
0.5039215178
0.5124029703
0.5156053887
0.5146364890
0.5171518557
0.5258556802
0.5263683082
0.5042808204
0.4745527743
0.4581183565
0.4521614084
0.4392967478
0.4194600007
0.4086113724
0.4027798611
0.3953809408
0.3898917729
0.3709950993
0.3455337913
0.3270486864
0.3141110421
0.3072454103
0.3057876262
0.3096309680
0.3161473542
0.3220213193
0.3239089184
0.3163957878
0.2978879252
0.2726320421
0.2450943249
0.2149618462
0.1827092719
0.1494633968
0.1165117800
0.0938290220
0.0952224894
0.1062826303
0.1079926222
0.0874405696
0.0489021294
0.0012726939
-0.0486795977
-0.0979506576
-0.1465421009
-0.1925113436
-0.2342349182
-0.2705069620
-0.3025502202
-0.3325893555
-0.3617474340
-0.3913311632
-0.4192853446
-0.4411779645
-0.4582156214
-0.4668801265
-0.4662373457
-0.4583627408
-0.4458667487
-0.4301350209
-0.4122202495
-0.3923963693
-0.3724800203
-0.3552907318
-0.3409676742
-0.3286203309
-0.3189481345
-0.3133767242
-0.3127153861
-0.3168121224
-0.3252886587
-0.3307675614
-0.3162442108
-0.2886114071
-0.2661626074
-0.2516703067
-0.2372938024
-0.2305952477
-0.2360967278
-0.2512985004
-0.2690267129
-0.2869518886
-0.3077776833
-0.3314368829
-0.3554892233
-0.3790549234
-0.3975960074
-0.4066164930
-0.4072285728
-0.4046896383
-0.4121444323
-0.4328937191
-0.4530373268
-0.4730839514
-0.4833165714
-0.4898528877
-0.4987530436
-0.5123899747
-0.5272813598
-0.5343514473
-0.5156074652
-0.4669045252
-0.3947903693
-0.3144156530
-0.2451607018
-0.1937070838
-0.1572403158
-0.1438735696
-0.1578967147
-0.1900351931
-0.2234454831
-0.2249616939
-0.2420835173
-0.2822954071
-0.2441284510
-0.1847114782
-0.1850748776
-0.1636178814
-0.1377789574
-0.1388793208
-0.1544648309
-0.1785403665
-0.2063017082
-0.2388159166
-0.2748610169
-0.3078408482
-0.3338346073
-0.3508259537
-0.3568803634
-0.3519043436
-0.3399493430
-0.3275903056
-0.3210066970
-0.3244663029
-0.3302248642
-0.3324586358
-0.3294567150
-0.3200653978
-0.3057488256
-0.2898302674
-0.2810092902
-0.2909715293
-0.3086470181
-0.3252589218
-0.3422479235
-0.3526216676
-0.3580059406
-0.3578381187
-0.3502405360
-0.3358133109
-0.3136865943
-0.2817394848
-0.2284659124
-0.1568433018
-0.0925880639
-0.0445304469
-0.0047289652
0.0342690142
0.0719072898
0.1056611296
0.1344334566
0.1599719694
0.1846047924
0.2060719608
0.2211066416
0.2312861451
0.2419690497
0.2598475031
0.2845471188
0.3126750489
0.3410894365
0.3620202652
0.3722254979
0.3736173473
0.3672156400
0.3573206262
0.3465340929
0.3360738250
0.3309719195
0.3311786713
0.3338073098
0.3381710822
0.3427095639
0.3469193263
0.3529095061
0.3640997518
0.3801550435
0.3957555012
0.4105296450
0.4216312050
0.4271995244
0.4277233135
0.4250986740
0.4186566268
0.4082944229
0.3927114059
0.3663678032
0.3339332744
0.3022582697
0.2713272736
0.2414968129
0.2219284238
0.2126647473
0.2109739017
0.2195082936
0.2321167723
0.2421984163
0.2506516881
0.2512470106
0.2434823982
0.2318967318
0.2181361993
0.2024757559
0.1844308835
0.1656885542
0.1478488088
0.1325690038
0.1193561284
0.1077664977
0.0988462767
0.0907412519
0.0836034383
0.0754767830
0.0654909283
0.0548177836
0.0432331307
0.0301692802
0.0155240409
-0.0019405037
-0.0239284536
-0.0503935702
-0.0790291761
-0.1060293183
-0.1265641850
-0.1390005407
-0.1462093288
-0.1474279041
-0.1436344902
-0.1374298988
-0.1283074728
-0.1185489031
-0.1120203263
-0.1085811761
-0.1082897304
-0.1136087461
-0.1254227364
-0.1384192187
-0.1493513845
-0.1591518444
-0.1656596740
-0.1646192714
-0.1570518589
-0.1461942249
-0.1320720713
-0.1153361984
-0.0984142952
-0.0807030599
-0.0641083337
-0.0516609205
-0.0436342151
-0.0382904491
-0.0345474276
-0.0313924763
-0.0267375472
-0.0191518666
-0.0110040164
-0.0034537751
0.0043892746
0.0116715895
0.0193226738
0.0289319897
0.0410264995
0.0606505352
0.0886463677
0.1162515863
0.1416818413
0.1614683373
0.1712936002
0.1755035103
0.1763640136
0.1757103929
0.1760653552
0.1778034137
0.1806026601
0.1833613125
0.1865714116
0.1927202220
0.1998130947
0.2039528009
0.2026500953
0.1932615852
0.1745229607
0.1522705958
0.1325531155
0.1195830637
0.1099073388
0.0988408316
0.0850837699
0.0678832697
0.0486432500
0.0294365910
0.0122552659
-0.0015721561
-0.0131672438
-0.0231009283
-0.0300176008
-0.0339713155
-0.0348681619
-0.0311444868
-0.0240959166
-0.0163683522
-0.0106818056
-0.0070620134
-0.0049211135
-0.0048059758
-0.0051212161
-0.0044191238
-0.0019043995
0.0028823173
0.0104988225
0.0192389777
0.0268608945
0.0346036509
0.0459774238
0.0610692008
0.0745869461
0.0852725306
0.0964714303
0.1064413067
0.1138251954
0.1180757549
0.1194963297
0.1174225477
0.1102521519
0.0965136419
0.0775269258
0.0576730523
0.0384893320
0.0193390622
0.0007030615
-0.0137764500
-0.0235518924
-0.0297661323
-0.0328516177
-0.0327771932
-0.0285452769
-0.0192750814
-0.0044215591
0.0111721389
0.0218776698
0.0253537638
0.0241705106
0.0199897743
0.0149391245
0.0099686052
0.0046418344
-0.0009333192
-0.0053196763
-0.0070165459
-0.0048297775
0.0017298608
0.0108979651
0.0178681804
0.0200595447
0.0197825154
0.0188213300
0.0165421887
0.0119728550
0.0043340764
-0.0054341737
-0.0160077734
-0.0263453275
-0.0350135021
-0.0402106640
-0.0403740722
-0.0319466004
-0.0134535001
0.0063481774
0.0194419423
0.0258438045
0.0293756013
0.0298698444
0.0263596682
0.0188148331
0.0065261126
-0.0071507766
-0.0172556323
-0.0212614728
-0.0218629334
-0.0216505093
-0.0200480553
-0.0176536451
-0.0158829253
-0.0154337079
-0.0175713054
-0.0213284041
-0.0250814032
-0.0282726442
-0.0314540187
-0.0338642724
-0.0339803700
-0.0328647720
-0.0322753644
-0.0343716455
-0.0387694330
-0.0444521286
-0.0495561731
-0.0534444857
-0.0568094616
-0.0599219353
-0.0630446091
-0.0664284251
-0.0698320187
-0.0717854035
-0.0725573808
-0.0732762983
-0.0736959241
-0.0738671738
-0.0731659660
-0.0723632990
-0.0727203198
-0.0743928411
-0.0779249290
-0.0837873499
-0.0905537629
-0.0958990204
-0.0983644577
-0.0987553507
-0.0973502871
-0.0950092927
-0.0924534366
-0.0905089729
-0.0895884156
-0.0887003664
-0.0867041601
-0.0826525077
-0.0754567599
-0.0659105369
-0.0552640413
-0.0439417153
-0.0336347930
-0.0257855361
-0.0209719405
-0.0190272426
-0.0201267419
-0.0237836752
-0.0284549024
-0.0331157346
-0.0388421006
-0.0448300076
-0.0487226300
-0.0489532490
-0.0445407392
-0.0369521478
-0.0293025437
-0.0238803147
-0.0206435233
-0.0194167813
-0.0203762919
-0.0223794808
-0.0247649239
-0.0279339847
-0.0314041095
-0.0344226817
-0.0375417260
-0.0410755060
-0.0456309647
-0.0507202228
-0.0546586410
-0.0558468632
-0.0554182767
-0.0552857036
-0.0551586766
-0.0560238248
-0.0577300792
-0.0592577990
-0.0614975402
-0.0644525956
-0.0689832416
-0.0750513650
-0.0800436154
-0.0838672765
-0.0865367809
-0.0864545380
-0.0843483611
-0.0794194761
-0.0725116409
-0.0649864865
-0.0589691483
-0.0543810869
-0.0506051708
-0.0477125202
-0.0465375950
-0.0459920521
-0.0446797090
-0.0430564975
-0.0412382431
-0.0394099831
-0.0385167583
-0.0383105781
-0.0376949607
-0.0368052537
-0.0354543476
-0.0336532029
-0.0319301126
-0.0297134396
-0.0272488825
-0.0248347423
-0.0233094057
-0.0215223863
-0.0186708597
-0.0159981711
-0.0131590504
-0.0101817753
-0.0072125411
-0.0035368744
0.0012516989
0.0057287455
0.0095086885
0.0130262665
0.0150816146
0.0161217652
0.0167031119
0.0158332887
0.0134314530
0.0092938849
0.0056174469
0.0038502936
0.0041829826
0.0077055025
0.0149110852
0.0239905923
0.0330544139
0.0395403805
0.0427644357
0.0436179309
0.0428169928
0.0408313255
0.0380334635
0.0358025947
0.0347417567
0.0342227670
0.0338854856
0.0330786376
0.0322218846
0.0315659290
0.0310024398
0.0299130749
0.0278382075
0.0261482072
0.0262913604
0.0290756692
0.0338843256
0.0408879644
0.0480234070
0.0544232767
0.0600684616
0.0656642488
0.0697144100
0.0711252384
0.0713897675
0.0706497754
0.0688692315
0.0661251887
0.0640988492
0.0628234108
0.0639067982
0.0675241010
0.0723287806
0.0790503210
0.0864177585
0.0911564758
0.0925617977
0.0907492382
0.0860339372
0.0787505850
0.0688983079
0.0576874452
0.0473137584
0.0357279178
0.0221848153
0.0103439857
0.0012713305
-0.0055429713
-0.0095433948
-0.0108711497
-0.0099910175
-0.0074654233
-0.0043574674
-0.0013113245
0.0031872988
0.0072946461
0.0097035308
0.0114396951
0.0125511389
0.0133687427
0.0149173755
0.0165842147
0.0167909657
0.0172289335
0.0185766877
0.0198693389
0.0220957045
0.0248938290
0.0269261465
0.0287410162
0.0293490748
0.0260989749
0.0186004848
0.0085139959
-0.0034301581
-0.0133739700
-0.0197087520
-0.0216722043
-0.0191745903
-0.0126800313
-0.0032282449
0.0055599278
0.0110884808
0.0132423649
0.0111932300
0.0051012337
-0.0026678401
-0.0101438452
-0.0168600095
-0.0219524668
-0.0251623351
-0.0271173449
-0.0283529865
-0.0292474345
-0.0303739857
-0.0312781161
-0.0317933222
-0.0315875818
-0.0298451481
-0.0255004684
-0.0195321633
-0.0126991321
-0.0065878503
-0.0018058097
0.0011346697
0.0023767364
0.0024310733
0.0027008331
0.0037492062
0.0043327239
0.0052390831
0.0058942100
0.0048759749
0.0024043274
-0.0005785119
-0.0029578437
-0.0057801330
-0.0077066758
-0.0081499670
-0.0083102706
-0.0091787243
-0.0104156531
-0.0120538466
-0.0130954495
-0.0131197140
-0.0133454690
-0.0149508317
-0.0168499259
-0.0191213270
-0.0212016891
-0.0228684833
-0.0237816199
-0.0237736978
-0.0231188031
-0.0207349552
-0.0181295646
-0.0164658769
-0.0155533923
-0.0156857911
-0.0161752170
-0.0175294709
-0.0193405782
-0.0208912940
-0.0214194707
-0.0200299163
-0.0164978434
-0.0118939244
-0.0073208925
-0.0040284698
-0.0028139768
-0.0026927497
-0.0038087794
-0.0061713889
-0.0081168666
-0.0087507706
-0.0084913256
-0.0073344487
-0.0053067281
-0.0030872980
-0.0001602817
0.0041043225
0.0099644081
0.0162668136
0.0218053907
0.0265868953
0.0302893742
0.0312796616
0.0289532969
0.0232885010
0.0151095341
0.0076316071
0.0022908822
-0.0005681008
-0.0022599677
-0.0041695735
-0.0069209569
-0.0103271900
-0.0131287593
-0.0141262178
-0.0133627319
-0.0099883219
-0.0041388646
0.0014423887
0.0058425273
0.0088937619
0.0099893825
0.0088395812
0.0080174446
0.0083779899
0.0089158169
0.0103240019
0.0116332822
0.0120886231
0.0112485181
0.0078336504
0.0027583304
-0.0026999082
-0.0082869718
-0.0127286131
-0.0163225164
-0.0193818173
-0.0216701443
-0.0232168393
-0.0241158693
-0.0232147507
-0.0212974369
-0.0192702061
-0.0177380259
-0.0169689634
-0.0178218518
-0.0199995100
-0.0232787568
-0.0272498670
-0.0321337258
-0.0372154391
-0.0417045646
-0.0451647212
-0.0475964260
-0.0486724288
-0.0470666320
-0.0420558651
-0.0334694965
-0.0216469881
-0.0100076819
-0.0004976754
0.0056447512
0.0084105853
0.0090062983
0.0081377775
0.0054356522
0.0012216526
-0.0037879193
-0.0091960856
-0.0137801942
-0.0168288075
-0.0172975365
-0.0168194180
-0.0159305795
-0.0141284676
-0.0113492594
-0.0080326966
-0.0045371816
-0.0006809722
0.0039369251
0.0084913226
0.0116849365
0.0130155161
0.0128084860
0.0116444692
0.0110818603
0.0110420691
0.0111009865
0.0101888908
0.0080982532
0.0049456524
0.0017949557
-0.0004576568
-0.0015593209
-0.0005501080
0.0014303079
0.0040318451
0.0074763878
0.0105267111
0.0127641915
0.0148296600
0.0163457622
0.0165418049
0.0163564079
0.0164580331
0.0175344553
0.0204302712
0.0244635318
0.0287675033
0.0325451163
0.0356477322
0.0383804934
0.0396071751
0.0395245528
0.0386210559
0.0360043543
0.0312535116
0.0254435636
0.0181950244
0.0113438545
0.0060229703
0.0033413961
0.0046396177
0.0087767959
0.0143877243
0.0201212088
0.0247652680
0.0280534498
0.0296827091
0.0297703564
0.0284038162
0.0250803750
0.0208914100
0.0165194985
0.0121316581
0.0083508296
0.0051607102
0.0033807531
0.0026896287
0.0014625952
0.0008446895
0.0004991453
-0.0001581185
-0.0009011021
-0.0011263095
-0.0021208007
-0.0029540372
-0.0029526907
-0.0028566424
-0.0029275790
-0.0019447115
-0.0008618203
-0.0007422099
-0.0003780149
0.0004573691
0.0010116642
0.0003486327
-0.0015808198
-0.0043207300
-0.0083754896
-0.0124004316
-0.0163113931
-0.0187826832
-0.0188400931
-0.0161962126
-0.0105502268
-0.0035163546
0.0029474697
0.0080997289
0.0131359320
0.0181625943
0.0229624574
0.0271688866
0.0302837025
0.0311648927
0.0299402830
0.0265931120
0.0207941260
0.0149573914
0.0101943044
0.0062067168
0.0033272610
0.0014713068
0.0003408588
-0.0009785903
-0.0016465735
-0.0030092931
-0.0053562431
-0.0080891196
-0.0115940157
-0.0155490613
-0.0199192669
-0.0241392115
-0.0263279573
-0.0269152216
-0.0262865205
-0.0236817371
-0.0189809737
-0.0141016244
-0.0081499938
-0.0014312928
0.0053021826
0.0117696033
0.0174555697
0.0207306834
0.0217656751
0.0207754859
0.0168439524
0.0116200523
0.0070210410
0.0038045014
0.0013575168
0.0013310293
0.0048850346
0.0109664489
0.0186042034
0.0255729303
0.0299070839
0.0317041432
0.0310806405
0.0282126281
0.0238294152
0.0191087132
0.0151345640
0.0121889797
0.0103668957
0.0097848532
0.0113189051
0.0141904261
0.0174454792
0.0205836198
0.0236156607
0.0263259095
0.0287592448
0.0288685268
0.0264276489
0.0217661954
0.0142841248
0.0044743979
-0.0051008190
-0.0121489717
-0.0167697184
-0.0197616873
-0.0203366457
-0.0183571886
-0.0156698426
-0.0125236792
-0.0091783794
-0.0061032820
-0.0034032683
-0.0006454817
0.0013281447
0.0002784207
-0.0036079745
-0.0093229645
-0.0159145600
-0.0218664284
-0.0260996952
-0.0283636856
-0.0289760309
-0.0285244373
-0.0258967543
-0.0212912575
-0.0167707511
-0.0130958625
-0.0117330528
-0.0125633400
-0.0141212809
-0.0153073688
-0.0167393069
-0.0167582189
-0.0146280635
-0.0119053482
-0.0084762493
-0.0039543274
0.0007633855
0.0047493493
0.0080353406
0.0104495365
0.0113191382
0.0098851475
0.0068720145
0.0039074424
0.0011236951
-0.0013300207
-0.0029041377
-0.0032409669
-0.0043348169
-0.0061402772
-0.0067068511
-0.0055129918
-0.0023880856
0.0010456821
0.0036233362
0.0052615700
0.0065166469
0.0074781277
0.0079227493
0.0077875768
0.0069545798
0.0058886152
0.0050130577
0.0049225551
0.0056448249
0.0080708762
0.0108996880
0.0137415876
0.0164233048
0.0183877991
0.0186205143
0.0176506813
0.0154355551
0.0114904912
0.0056192243
-0.0006138913
-0.0064409997
-0.0115625520
-0.0155623152
-0.0187026607
-0.0204143368
-0.0213545744
-0.0206591038
-0.0189192631
-0.0174811442
-0.0171175528
-0.0160814605
-0.0158502617
-0.0174230909
-0.0183479776
-0.0190153575
-0.0188776235
-0.0168443254
-0.0139465452
-0.0095564673
-0.0036376647
0.0026619682
0.0085277325
0.0125541843
0.0143207251
0.0142924536
0.0138184592
0.0138981517
0.0142936729
0.0145245505
0.0151057105
0.0156642389
0.0160521379
0.0156154942
0.0142536143
0.0137330642
0.0146761237
0.0163315034
0.0176132935
0.0181375995
0.0176024543
0.0166003453
0.0153301955
0.0135362920
0.0110925710
0.0084733365
0.0060419047
0.0039166235
0.0019474808
-0.0004509231
-0.0011634737
0.0001022402
0.0016836076
0.0032386029
0.0053550917
0.0075946916
0.0087399008
0.0096312464
0.0101513799
0.0099116913
0.0076341612
0.0047637599
0.0020765456
-0.0006839936
-0.0034088616
-0.0054006701
-0.0065243454
-0.0066514458
-0.0070620395
-0.0090046142
-0.0119032517
-0.0145157819
-0.0168579041
-0.0182489878
-0.0189289056
-0.0188922505
-0.0175504635
-0.0153467720
-0.0128320078
-0.0102372368
-0.0083279604
-0.0073953748
-0.0064641708
-0.0060398036
-0.0063727734
-0.0058205561
-0.0044236605
-0.0021684416
0.0015873484
0.0057527698
0.0102050078
0.0147224809
0.0182535232
0.0208727144
0.0226366582
0.0232948642
0.0226828934
0.0212701256
0.0184854775
0.0142789241
0.0103256025
0.0060274629
0.0020163515
-0.0001532340
-0.0008467900
-0.0007337221
0.0000768762
0.0011302798
0.0009767522
0.0002717121
-0.0007052813
-0.0017366731
-0.0025584967
-0.0030156981
-0.0031112136
-0.0031709268
-0.0035110852
-0.0039272920
-0.0046711328
-0.0058928312
-0.0071972628
-0.0081391615
-0.0075543021
-0.0055198330
-0.0034096757
-0.0013449715
0.0008865885
0.0023477651
0.0027083036
0.0023590102
0.0016972510
0.0001418695
-0.0015305231
-0.0031962550
-0.0057328557
-0.0087887982
-0.0110224472
-0.0127008934
-0.0142551097
-0.0159217169
-0.0169734585
-0.0174416774
-0.0172558352
-0.0161455126
-0.0148500602
-0.0134375160
-0.0119255113
-0.0106153708
-0.0092575183
-0.0073763666
-0.0056847232
-0.0053906030
-0.0061961607
-0.0074448568
-0.0097091339
-0.0127373291
-0.0149466132
-0.0158185561
-0.0158101897
-0.0154615975
-0.0142436938
-0.0123118415
-0.0098786473
-0.0071036062
-0.0038920334
-0.0005423824
0.0018244137
0.0031832592
0.0038054954
0.0035426896
0.0031477597
0.0031192478
0.0031663962
0.0027869321
0.0018146775
0.0008060911
0.0000630973
-0.0003407302
-0.0003131773
0.0000174235
0.0003423819
0.0004589487
0.0004603734
-0.0000695032
-0.0009321685
-0.0017916663
-0.0023963190
-0.0027721968
-0.0028614263
-0.0027259089
-0.0023085108
-0.0015945675
-0.0008414800
-0.0000893174
0.0005990003
0.0011268661
0.0015646655
0.0019215927
0.0021177925
0.0021951237
0.0021067878
0.0019701152
0.0018698352
0.0018109589
0.0019259145
0.0022127485
0.0025110033
0.0027902874
0.0030137835
0.0031621654
0.0032727765
0.0033724165
0.0034104643
0.0034265906
0.0034443500
0.0034404177
0.0033868409
0.0032982697
0.0032184708
0.0031433595
0.0030750402
0.0030137740
0.0029505668
0.0028752992
0.0027898191
0.0027110963
0.0026420054
0.0025827517
0.0025368256
0.0024919524
0.0024410441
0.0023856847
0.0023236531
0.0022589681
0.0021922912
0.0021214516
0.0020506927
0.0019799208
0.0019080677
0.0018354185
0.0017620532
0.0016892696
0.0016166923
0.0015435039
0.0014699236
0.0013952974
0.0013196030
0.0012429703
0.0011654032
0.0010867853
0.0010069756
0.0009258577
0.0008432570
0.0007590629
0.0006731898
0.0005855764
0.0004961845
0.0004049986
