-0.0002048556
0.0022520406
0.0022911669
-0.0025736951
-0.0093112271
-0.0109131814
-0.0069381392
0.0014489403
0.0091326699
0.0049613241
-0.0013949568
-0.0101291662
-0.0133474899
-0.0046561952
0.0050978498
0.0057829156
0.0002313167
0.0012457652
-0.0079911611
-0.0073670324
0.0061630078
-0.0050083767
-0.0094738028
0.0038151877
-0.0076718402
-0.0082416098
0.0122154197
0.0116125489
0.0030658512
-0.0161525479
-0.0283458723
-0.0109785256
0.0054940187
0.0010251616
-0.0049717769
0.0039989732
-0.0044312099
-0.0038749535
0.0044294482
-0.0184136648
-0.0162156557
-0.0041725660
-0.0038594443
0.0030900992
-0.0014294231
0.0122716329
0.0167561258
0.0015945463
-0.0229107412
-0.0235794382
-0.0127755999
-0.0007999644
0.0226380881
0.0084723882
-0.0031588411
-0.0179116591
-0.0203170086
0.0045129687
0.0097342067
-0.0026208783
-0.0024822293
-0.0095641174
-0.0146179064
0.0068448341
0.0176120933
0.0147085378
0.0053195037
-0.0141609464
-0.0161825261
0.0058529976
0.0081034934
-0.0107825037
0.0074115863
0.0110582129
-0.0146320441
-0.0083869020
0.0036434743
0.0029813107
0.0065249322
-0.0082791023
-0.0260684733
-0.0118858072
0.0014004152
0.0528024041
0.0377090141
-0.0428498887
-0.0723772066
-0.0553433644
0.0110835586
0.0567118939
0.0533311161
-0.0267154120
-0.0692534312
-0.0234217085
0.0218354538
0.0255235430
0.0259181172
0.0181102616
-0.0318829608
-0.0437996851
-0.0557378989
-0.0179437639
0.0309131228
0.0584601313
0.0159562859
-0.0550069169
-0.0050958889
0.0068773274
-0.0196393570
-0.0150285581
-0.0131589509
0.0275528633
0.0201035517
-0.0102508441
0.0235566853
0.0555876913
0.0338217551
-0.0394237746
-0.0517228242
0.0049911443
0.0405867327
0.0674982782
0.0505643935
-0.0390312805
-0.0623405477
0.0278661240
0.0564907482
-0.0304528159
-0.0521013952
-0.0222333887
0.0061958912
0.0351829888
-0.0021262551
-0.0001243623
-0.0106117249
0.0369286010
0.0979274243
0.0315317233
0.0093160399
0.0456409218
0.0505993396
0.0264078072
-0.0360759089
-0.0552216805
-0.0325612359
0.0336906537
0.0021892968
-0.0191826835
0.0204476033
0.0051445701
0.0169701094
0.0145691119
-0.0333034442
-0.0324065215
0.0042096011
0.0195339956
0.0319620413
0.0083395740
-0.0073301361
-0.0042199518
0.0343775569
0.0271927278
-0.0231207360
-0.0028934339
-0.0013605594
0.0113287660
0.0174824522
0.0133049799
0.0185651728
-0.0059024639
0.0138739363
-0.0133668321
-0.0384349757
0.0188793687
0.0483338301
0.0251570384
-0.0065103654
0.0096786997
-0.0099738985
-0.0181538314
0.0293989115
0.0392805279
0.0097533970
-0.0343283097
-0.0387176874
0.0094174357
0.0368014891
0.0584161579
0.0432992771
-0.0359560941
-0.0480126726
0.0175149402
0.0485095936
0.0061838562
-0.0228163176
0.0081390212
0.0376268083
0.0172643183
-0.0129409360
-0.0193659472
-0.0116603807
-0.0014050879
-0.0300123625
0.0033476571
0.0189074768
0.0000513730
0.0435341102
0.0328977636
-0.0300816788
-0.0435410052
-0.0070208752
0.0292747467
0.0104115437
0.0001118138
0.0094304224
0.0017522569
0.0049509310
-0.0018658013
0.0102986143
0.0278236627
0.0053172340
-0.0122774248
0.0081701361
0.0243905329
0.0160237990
-0.0052909209
-0.0006368439
0.0273848535
0.0332987259
0.0331785949
0.0113865689
-0.0029634838
0.0268925425
0.0516588447
0.0427260395
0.0241886523
0.0453462700
0.0297388803
-0.0161140713
0.0023225850
0.0179756754
0.0124056131
0.0334184607
0.0101796399
-0.0185011471
0.0092208526
0.0210240882
0.0268991104
0.0380239275
0.0328155919
0.0242532222
0.0399644542
0.0392584907
0.0173671572
0.0367230383
0.0290700779
-0.0003723019
-0.0036684667
-0.0144163150
0.0175516383
0.0172612861
-0.0047393492
0.0193955002
0.0071618116
-0.0240286145
-0.0134272671
0.0079512511
-0.0315622347
-0.0623827236
-0.0379985989
-0.0041595147
0.0276028029
0.0295810863
-0.0099325130
-0.0596431166
-0.0682852414
-0.0488834941
-0.0455381544
-0.0167106751
-0.0203725233
-0.0306960788
-0.0286174401
0.0052466644
0.1212887105
0.1747517807
0.0916404927
-0.0528381480
-0.1130260431
-0.0798982330
0.0140005996
0.0602834695
0.1297980501
0.1023123091
0.0467700791
0.0686232200
-0.0768794451
-0.1403315186
-0.1630068971
-0.1593855624
-0.0207616201
0.0830955793
0.1394939804
0.1188724389
0.0152059208
-0.0538765792
-0.1604916197
-0.1535050124
0.0504073140
0.0867258217
-0.0958410066
-0.1617522213
-0.0036768791
0.0844189926
0.1307308835
0.1072400543
-0.0647706309
-0.0987388297
0.0647788225
0.0927050878
0.0097201654
-0.0655874275
-0.1349293793
-0.1294831864
-0.0787073283
-0.0081341134
0.0100572499
0.0276250381
0.1175423670
-0.0213525370
-0.1729677172
-0.1125242807
-0.0457900976
0.0191259197
0.0971037288
0.0518703281
0.0018726881
0.0579372591
-0.0022323063
-0.0128753651
-0.0406918496
-0.0919492781
-0.0592936698
-0.0418396010
-0.0418429747
-0.0874411956
-0.1006068392
-0.0820418631
-0.0694249242
0.0513229812
0.1170637545
-0.0618334554
-0.1124134676
0.0650716882
0.1005535142
-0.0415583705
-0.1208550097
-0.0448789547
-0.0133496446
-0.0485664073
-0.0447775459
-0.0030718869
0.0287638508
0.0375723192
0.0381231444
0.0590510585
0.0154272020
-0.1560064767
-0.0983199838
0.1446954435
0.1838212646
0.1321045973
0.0630944144
-0.0338381051
-0.0397486635
0.0453688713
0.0672816726
-0.0097584876
-0.0385499845
-0.0076184336
-0.0071560795
-0.0509319451
-0.0626484960
-0.0416080447
0.0224621524
0.0658669741
0.0291713790
0.0127938169
-0.0830075744
-0.1049111047
-0.0025647381
0.0488009031
0.0399661024
-0.0366235299
-0.0847471684
-0.0765730771
-0.0148286611
0.0292756795
-0.0042826522
-0.0610110099
-0.0772214536
-0.0195089915
0.0244762426
0.0352505305
-0.0232876611
-0.0647470962
-0.0547905614
-0.0660814893
-0.0569148999
-0.0566809446
-0.0390712526
-0.1070439708
-0.1629818303
-0.0570789304
-0.0041392891
-0.0645248542
-0.0318110264
0.0818660267
0.0890048139
0.0961953903
0.0909288459
0.0176148803
-0.0324363102
-0.0531623443
-0.0384586605
0.0280559045
0.0396503298
0.0174847264
0.0334612619
0.0405909881
0.0977018404
0.0677737896
-0.0892766525
-0.0994366291
0.0193548526
0.0593101036
-0.0279390833
-0.0550182889
0.0060010241
-0.0361462563
-0.0865261921
-0.1320896870
-0.0951060138
0.0758815210
0.1341524267
0.1915033434
0.2209029245
0.1012149618
0.0069237156
0.0103616608
0.0855335632
0.1720807379
0.1951878678
0.1399296478
0.0766432022
0.0249587321
-0.0299712683
0.0363794197
0.1152318220
-0.0869406049
-0.2264534155
-0.1860984156
-0.2348443947
-0.2787857252
-0.2645390911
-0.2573728548
-0.1614137652
0.0122042986
0.1781989139
0.2388100349
0.2664468614
0.3531757604
0.3422170306
0.2754516237
0.1919075918
0.0780178860
0.0863628769
0.1676252758
0.0528240582
-0.0123921470
0.0918197718
0.1534239897
0.2042545950
0.1828760777
0.0420654785
-0.1030567967
-0.1329958650
-0.0887037941
-0.0415459137
0.0098883191
0.0357752918
0.0008467589
-0.1145518346
-0.2172597788
-0.2698534863
-0.3305376761
-0.3527862804
-0.3371374627
-0.2733911172
-0.0599392726
-0.0583707543
-0.2412239680
-0.2227269078
0.0166117573
0.0473868979
-0.1987148857
-0.1577254378
0.0431734345
-0.0085680676
-0.0688376019
-0.1506580356
-0.1592728100
0.0267329821
0.1051238764
-0.0050440928
-0.0852526474
0.0499588972
0.1295605946
-0.0000235601
-0.0257612700
0.1744772278
0.2747261001
0.4072108902
0.2649098772
0.2524587548
0.2917078117
0.2290314616
-0.0064041860
0.0278601722
0.1839504260
0.1623012518
0.2408819586
0.2089993287
0.0437082476
-0.0295627620
0.0683029960
0.1566703559
0.1806512070
0.0983270703
-0.1032878444
-0.1847867590
-0.1882368877
-0.2296289125
-0.1130005358
-0.0008363651
-0.1339301883
-0.1858347107
-0.1391905684
-0.0221631668
0.0659739338
0.1033687768
0.0961312175
0.0046708857
-0.0995828795
-0.1360352406
-0.1523363479
-0.0896417515
0.1459948177
0.0372965484
-0.0748465533
0.0045268727
0.0716541500
0.1481220899
0.1085016074
0.1186314424
0.0409524772
0.0655114514
0.1292709754
0.1395785340
0.1000139939
-0.1013848951
-0.1587448976
-0.0030712425
-0.0291210794
-0.2493568751
-0.1421772196
0.0892074243
0.0758135201
0.0815348994
0.1032892181
0.1356182838
0.0927069504
-0.1065432512
-0.1999875132
-0.2298403707
-0.2392984216
-0.2579654015
-0.2676897706
-0.1036169120
0.0607441526
0.0860938116
-0.0082914727
-0.0508847599
0.0514004614
0.0186998774
-0.0327088476
-0.0411642796
0.0726725430
0.2023218251
0.1924444031
0.2169002842
0.2302616652
0.1148914562
0.0171478393
-0.0328558912
0.0285623210
0.0760778404
-0.0105696270
-0.1289374517
-0.2903808692
-0.2439989330
-0.1643618532
-0.2280180712
-0.2100513695
-0.2303768012
-0.2637355480
-0.1095169620
-0.1083342433
-0.2996328119
-0.3260888020
-0.1018949195
0.0148853734
-0.0872255789
-0.0042721330
0.0767898483
0.0759788886
0.1389638417
0.1845040824
0.1950330448
0.1339964429
0.0619507014
0.0407993572
0.0821839928
0.1072682829
0.1148178048
0.1081597066
0.0590266221
-0.0485319067
-0.0701041970
0.0967027737
0.1829497915
0.1652344737
0.0347095408
-0.0149882676
0.0751580180
-0.0025668510
0.0301211961
0.0292118595
-0.1995639817
-0.1331744092
0.0130138213
-0.0261778755
0.0865165908
0.1131521881
0.0149761977
-0.1351876313
-0.2193525587
-0.0329966608
-0.0186907737
-0.1407239260
-0.0221684562
0.0853493598
0.0928241171
0.0117639401
0.0154856612
0.1691160506
0.2329680041
0.2073328769
0.0635351619
0.0325376147
0.1889579784
0.2110806895
0.1463012333
0.0544775441
0.0650348784
0.1368256819
0.0117266446
-0.0540307268
-0.0335359944
0.0248922305
0.0733476875
-0.0206463266
-0.1144602720
-0.1440640635
-0.0959713900
-0.0518615858
-0.0308133848
0.0094875264
0.0346892738
0.0653513922
0.0800700000
0.0338922064
-0.0188744568
-0.0595525979
-0.0573671245
-0.0117953647
0.0350528042
0.0479164779
0.0392060825
0.0841704717
0.1199820810
0.1169662793
0.0124300617
-0.0781331013
0.0217966255
0.0742401618
0.0172257498
-0.0003445677
0.0152335479
0.0180939103
0.0168880280
-0.0432040378
-0.0655097367
0.0204770893
0.0523207078
0.0035790404
-0.0016257131
-0.0239700409
-0.0515616238
0.0074601522
0.0197284199
0.0686517082
0.0896792165
-0.0322988572
-0.1478660544
-0.1565850757
-0.0978930661
-0.0842911755
-0.0573714776
0.0409753292
0.1004847429
0.0749431367
-0.0483056859
-0.1206105059
-0.0498457188
0.0401684779
0.0969194403
0.0486639919
-0.0319828377
-0.0794016505
-0.1394336299
-0.1015305011
-0.0630028320
-0.1112482610
-0.1060592913
-0.0266892727
0.0147504150
0.0670303689
0.0671869303
-0.0312023549
0.0110229937
-0.0084056618
-0.1538906985
-0.1662502310
0.0046596869
0.0477684836
-0.0792118429
0.0244120561
0.0827787687
-0.0042942244
-0.0715800085
-0.0916419682
0.0633033279
0.1203205550
-0.0010553120
0.1396700004
-0.2247659311
-0.1623160736
0.1300525571
-0.0760412912
-0.0532024552
-0.0006353554
-0.0453344305
-0.0818044547
-0.0431652913
-0.0095952525
0.0153054929
0.0018536950
0.0201396368
0.0333280047
0.0078344951
-0.0085687485
-0.0141660107
0.0099254759
0.0223698758
-0.0187437933
-0.0224770484
0.0313484374
0.0400590872
-0.0278356534
-0.0219791902
0.0414233254
-0.0265075948
-0.0645799613
-0.0224147207
0.0245841558
0.0513774418
0.0669684954
0.0836521335
0.0961317196
0.0617161674
-0.0345225313
-0.0430050850
0.0080365982
0.0227280427
0.0072062491
0.0063318245
0.0342375820
0.0385522089
0.0143350762
-0.0094209165
-0.0362593460
-0.0349097959
-0.0063291740
0.0057959238
-0.0125503841
-0.0599735736
-0.0938147225
-0.0951723160
-0.0278772627
0.0416857615
0.0832834679
0.0570119571
-0.0642597102
-0.1398818827
-0.1060296284
-0.0030487650
0.0316135385
0.0182136636
-0.0500354378
-0.0959491165
-0.0221629273
0.0425681111
0.0952505197
0.1358880168
0.0843727051
-0.0469798968
-0.1489880677
-0.1483541844
-0.0656962628
-0.0094698797
0.0149300672
0.0289744960
0.0338761378
0.0646876218
0.0433276727
-0.0435938070
-0.0235304604
0.0610838443
0.0680231481
0.0397396827
0.0117905750
-0.0058290968
0.0014656328
0.0491519605
0.0687014154
0.0364603904
0.0033239581
-0.0266845849
-0.0181280802
0.0207309757
0.0429072267
0.0509457825
0.0379626017
0.0057375777
-0.0054106064
-0.0020831346
-0.0086833689
0.0178867753
0.0523481943
0.0777221820
0.0632641740
-0.0052045042
-0.0616789946
-0.0464719540
0.0226784416
0.0596110354
0.0773963153
0.0768097256
0.0257332436
-0.0355800936
-0.0829647526
-0.0670523625
0.0082805999
0.0529419836
0.0502112297
0.0131567355
-0.0285743330
-0.0827985147
-0.0582568743
0.0148951464
0.0308082101
0.0254845668
0.0100840837
0.0028099365
-0.0269799798
-0.0177406203
0.0386063508
0.0406725295
0.0377789824
0.0399398337
0.0032969986
-0.0473747300
-0.0710984040
-0.0444411415
-0.0031077124
0.0134339604
0.0150853999
0.0014393001
-0.0471022002
-0.0457168703
-0.0073650210
0.0121029993
0.0344504010
0.0266764073
-0.0239101328
-0.0193311409
0.0368540788
0.0174452154
-0.0076360943
0.0109493530
0.0000860676
-0.0085907389
-0.0070351953
-0.0159785390
-0.0039831871
0.0197217621
0.0236216963
0.0236577836
0.0162764415
-0.0087047903
-0.0224641936
-0.0009195696
0.0246728437
0.0176799159
0.0034872727
-0.0163937408
-0.0194142207
-0.0134239868
0.0108989573
0.0386190046
0.0379135080
-0.0006514196
-0.0473537291
-0.0467024572
-0.0097136348
0.0286429605
0.0582943039
0.0587394247
0.0403735664
-0.0046116271
-0.0248930071
-0.0056825316
-0.0062098164
-0.0133791359
0.0060637719
0.0092281986
-0.0292072999
-0.0237624459
-0.0157245668
-0.0028381910
0.0389993536
0.0230741471
0.0028246516
-0.0366219619
-0.0405855087
0.0260108442
0.0416207792
0.0602640093
0.0853571662
0.0265287934
-0.0427043692
-0.0620898082
-0.0765046522
-0.0496105698
0.0573331915
0.0667512471
0.0000718368
-0.0373433872
-0.0280098573
0.0061756337
0.0072479051
0.0038319576
0.0161249458
0.0294275869
0.0194425294
0.0072550344
-0.0493586466
-0.0262278634
0.0380110129
0.0380989959
0.0344223641
-0.0217966152
-0.0240636745
-0.0040478023
-0.0147643572
0.0067630418
0.0117309471
0.0335593048
0.0344015333
0.0007934208
-0.0142464625
-0.0093894307
0.0032479782
-0.0066085291
0.0053515865
0.0163590299
0.0163692215
0.0240868707
0.0127587848
-0.0028972324
-0.0268520781
-0.0288511629
-0.0037814826
-0.0009800525
-0.0133953125
-0.0321906968
-0.0258028576
-0.0244669368
-0.0390302681
-0.0103692829
0.0153821557
0.0016922946
-0.0450364237
-0.0457184183
-0.0049960507
-0.0091396943
-0.0201006855
-0.0043028957
0.0005833902
0.0041898665
0.0266510613
0.0241208120
-0.0149363677
-0.0293912116
-0.0018162758
0.0198246690
0.0195340479
0.0024292811
-0.0146431399
-0.0095267517
-0.0005293640
-0.0046740497
-0.0125523864
-0.0325095210
-0.0594052751
-0.0385797193
0.0087883791
-0.0239155339
-0.0421158123
-0.0167064746
-0.0015452943
0.0173840686
0.0249839106
0.0243821151
0.0290328548
0.0384471919
0.0381882298
0.0174963346
-0.0051879787
-0.0013606964
0.0256164730
0.0257557530
0.0022323775
-0.0373147432
-0.0430768824
0.0126796837
0.0311728232
0.0193541104
-0.0008778319
-0.0108557080
-0.0189107060
-0.0401250469
-0.0292642798
-0.0079684309
-0.0053841452
-0.0044196674
0.0214690345
0.0281452638
-0.0048980452
-0.0315245132
-0.0329229915
0.0006082674
0.0220729544
0.0229875831
0.0067328929
-0.0016383861
0.0193317461
0.0107293769
-0.0245871692
-0.0184932325
0.0135433307
0.0262867571
0.0158980279
0.0021716151
0.0022852494
0.0033252547
0.0140632179
0.0167106349
-0.0011604413
-0.0025065202
-0.0042547900
-0.0345478350
-0.0394089869
-0.0086269086
0.0196865559
0.0465854183
0.0309929873
-0.0247437425
-0.0398582870
-0.0435539527
-0.0377682224
-0.0077418417
0.0066639154
-0.0033894023
-0.0169114920
-0.0054121022
0.0186420683
0.0236932436
-0.0052589200
-0.0296314685
-0.0245474478
0.0058880311
0.0115997799
0.0001322442
0.0045346916
-0.0039491405
-0.0181288599
-0.0110534661
0.0168285151
0.0367447876
0.0260208342
0.0057503143
0.0027142807
0.0003020499
0.0171766545
0.0267346669
0.0137843890
0.0040438135
-0.0010353709
0.0030572340
-0.0057502120
-0.0266452976
-0.0344228061
-0.0172360309
0.0034666105
0.0245180729
0.0294615050
0.0145948919
-0.0184352675
-0.0446587923
-0.0252729113
-0.0062851526
0.0105419065
0.0263986997
0.0199685737
-0.0007503389
-0.0233612510
-0.0226880044
0.0045271043
0.0045723610
-0.0116404733
0.0084745882
0.0499663416
0.0544520235
0.0233536041
-0.0069508171
-0.0363061002
-0.0298921176
0.0084373208
0.0220408502
0.0275966901
0.0220326768
-0.0136702479
-0.0598487202
-0.0682038738
-0.0437607169
-0.0513546889
-0.0347473824
0.0159060829
0.0432633441
0.0417942358
-0.0194034982
-0.0654162452
-0.0588496683
-0.0531593696
-0.0145043627
0.0278923607
0.0528619478
0.0375799468
-0.0152087033
-0.0390926666
-0.0214777912
0.0116116545
-0.0021239431
-0.0112497237
-0.0110221313
-0.0146070523
0.0131139349
0.0369133023
0.0300699708
0.0134143150
0.0191947367
0.0150770352
0.0117737742
0.0148612662
0.0180342167
0.0174405491
-0.0051264808
-0.0259603372
-0.0287012071
-0.0004599609
0.0049543230
-0.0127166194
-0.0265839224
-0.0274687827
-0.0031357294
0.0218663461
0.0397718727
0.0153968070
-0.0352799589
-0.0693577443
-0.0687237771
-0.0213248867
0.0181261875
0.0483254148
0.0544777052
0.0170750011
-0.0137597704
-0.0410605378
-0.0365501859
0.0165125653
0.0502170229
0.0761688216
0.0539075491
-0.0080770757
-0.0577027935
-0.0613349404
-0.0243082909
-0.0313182890
-0.0179384265
0.0193372956
0.0031518446
-0.0282749795
0.0032003644
0.0362202090
0.0304495005
0.0252272947
0.0051922805
-0.0255294011
-0.0170767884
-0.0189372999
-0.0195484118
0.0147854726
0.0464175993
0.0550228635
0.0490697501
0.0317299764
-0.0178529121
-0.0179407369
0.0215651270
0.0116608185
0.0085387389
0.0127699924
0.0018408354
0.0050631909
-0.0016813339
0.0003650807
0.0135195779
0.0117083447
0.0081874333
0.0076380427
0.0169500492
0.0031943483
-0.0256628602
-0.0224840214
0.0070085358
0.0082895302
0.0057604059
-0.0028468404
-0.0166698998
0.0107510705
0.0342631185
0.0708927880
0.0429989468
-0.0661541271
-0.1201836726
-0.0914191699
-0.0168466333
0.0350623076
0.0772197524
0.0656983454
0.0094430898
-0.0242815162
-0.0201780104
0.0066109301
0.0051508597
0.0105159232
0.0129215017
0.0088541681
0.0290125861
0.0495550969
0.0472104549
0.0213722993
0.0171986083
0.0050899665
-0.0466426270
-0.0354061586
0.0221244917
0.0578158960
0.0181907105
-0.0823558383
-0.0742537375
-0.0002905908
0.0381146755
0.0698088796
0.0659885388
0.0117791886
-0.0341628348
-0.0743189350
-0.0935667180
-0.0470730568
-0.0100109717
0.0358726760
0.0448716129
-0.0349896178
-0.0779112148
-0.0945196239
-0.0578021191
0.0375816299
0.0858685749
0.0803854194
0.0383970761
-0.0072103200
-0.0171777696
0.0123843616
0.0129273098
-0.0025962972
-0.0106948269
-0.0090302222
-0.0281072445
0.0048412219
0.0611013685
0.0135334117
0.0179170557
-0.0055889626
-0.0252072246
0.0270709338
0.0359794898
0.0313361823
0.0331044040
0.0203085196
-0.0028185571
-0.0174302986
-0.0026446472
0.0026978637
-0.0006701863
0.0030741540
0.0047248422
0.0024369623
-0.0029498436
-0.0123961358
-0.0274958084
-0.0285598616
-0.0037343164
0.0423013006
0.0326254174
-0.0143062168
-0.0095295675
0.0201119915
0.0079604503
0.0076364144
0.0175443066
0.0081823222
0.0094975394
-0.0037894744
-0.0033366328
0.0263016089
0.0176616150
0.0049965461
-0.0071299613
0.0036149624
0.0823531452
0.0345073415
-0.0941918667
-0.0796039681
0.0036688396
0.0162767649
0.0065372040
0.0169261419
-0.0022650347
-0.0186224093
0.0181833687
0.0279717180
0.0029439274
0.0037605838
0.0299787047
0.0246445614
-0.0150724142
-0.0095753473
-0.0049506434
0.0046339596
0.0102190324
0.0013547563
-0.0178980216
-0.0063811963
0.0283857836
0.0463737668
0.0350717492
-0.0035853559
-0.0295389587
0.0058754808
0.0596954214
0.0733012964
0.0029160909
-0.1004842127
-0.0828692969
-0.0428258253
-0.0368881366
-0.0261894479
0.0093994791
0.0147744853
-0.0274018576
-0.0666305128
-0.0714981641
-0.0235620779
-0.0144342200
0.0060617681
0.0650834546
0.0780961566
0.0459798752
-0.0010331861
-0.0002428914
0.0185071462
0.0150758452
-0.0071288143
-0.0279806336
-0.0170444510
0.0121014392
0.0139684534
-0.0158783037
-0.0237868375
0.0143699198
0.0174486375
-0.0165190652
-0.0317666642
-0.0495535859
-0.0619056241
-0.0325853082
0.0449055315
0.0388873649
-0.0072271281
0.0073782912
0.0090000299
0.0161813711
0.0234732107
0.0377189765
0.0419213347
0.0307240102
0.0271977732
0.0154462626
-0.0031293616
-0.0119512562
-0.0003476616
0.0131021515
0.0255225883
0.0417196830
0.0275483263
-0.0260092040
-0.0645347452
-0.0486695856
-0.0005030954
0.0041248232
-0.0021595187
0.0208231366
0.0312865743
0.0225980806
-0.0012893814
-0.0306111528
-0.0438228890
-0.0237191602
-0.0113024096
0.0136366419
0.0605778778
0.0826636361
0.0636427219
0.0084619244
-0.0281448828
-0.0579718198
-0.0366301681
0.0206920079
0.0070121851
-0.0343259102
-0.0272036577
0.0071938517
0.0112716154
-0.0099024358
-0.0078473118
-0.0172269008
-0.0319642123
-0.0228800573
-0.0402504261
-0.0296651490
0.0038519562
-0.0066642197
-0.0369806796
-0.0139252732
0.0329980550
0.0505125324
0.0122639998
-0.0978982017
-0.1297043048
-0.0861066809
-0.0519178380
-0.0104128754
0.0218682907
0.0349551230
0.0580377210
0.0492122759
-0.0044341257
-0.0558074008
-0.0580665693
-0.0200004941
-0.0088797086
0.0092245645
-0.0038933760
-0.0017789262
0.0213260963
0.0137663249
0.0160873820
0.0241220200
-0.0068166084
-0.0430253960
-0.0047829576
0.0188494714
0.0112467144
0.0077163106
-0.0022658341
-0.0337922560
-0.0311348992
-0.0022070334
-0.0141772444
-0.0150516978
0.0075299583
0.0117784799
-0.0023083808
-0.0086962470
-0.0172854248
-0.0195237590
0.0038124057
0.0327802928
0.0299790716
-0.0123041444
-0.0436854469
-0.0291897826
0.0105645211
0.0318465348
0.0197325153
-0.0103958240
-0.0308610198
-0.0171757913
0.0198288789
0.0201200027
-0.0043500688
-0.0261269597
-0.0466190133
-0.0350442637
0.0069833560
0.0424093664
0.0399073753
0.0075537647
-0.0154652345
-0.0003257143
0.0309487072
0.0374896889
0.0302112409
0.0077187071
-0.0031090212
-0.0028648972
-0.0181249866
-0.0089597445
0.0282444886
0.0357842165
0.0059976567
-0.0223412861
-0.0214645321
-0.0001571540
-0.0013812805
-0.0384598386
-0.0373742140
0.0063042413
0.0167416551
0.0109844470
-0.0099625364
-0.0184671824
-0.0084602926
-0.0182941621
-0.0303941901
-0.0463215854
-0.0393804391
-0.0117267042
0.0120493844
0.0509022942
0.0730660158
0.0259157486
-0.0614357652
-0.0555803160
0.0215798690
0.0657000866
0.0571198158
0.0076000282
-0.0249756920
-0.0429007975
-0.0235980353
0.0451661692
0.0257560449
-0.0681748079
-0.1119260579
-0.0749320611
-0.0131487680
-0.0090824339
-0.0253409318
-0.0263540606
0.0194514733
0.0606864335
0.0488268418
0.0190970758
-0.0013808554
-0.0026986037
0.0251529815
0.0507152439
0.0709991673
0.0630503777
0.0296040209
0.0022822479
-0.0148179623
0.0095142308
0.0401295422
0.0630181502
0.0357865389
-0.0464597378
-0.1156550435
-0.1178785814
-0.0584031153
-0.0172571205
0.0028862484
0.0129318024
-0.0131829044
-0.0780193556
-0.0892678720
-0.0236757156
0.0169475263
0.0679184506
0.1215887345
0.0873930206
0.0469279245
0.0334833221
0.0411053192
0.0703081798
0.0772554790
0.0761107654
0.0134231601
-0.1106119067
-0.0244227001
0.0301504788
-0.1275174354
-0.1229496227
-0.0425428729
0.0344154399
0.1113025882
0.0299762684
-0.0038633229
0.0262487552
0.0210771290
0.0390224913
-0.0082739899
0.0494531914
0.1055084849
0.0581688407
-0.0371292650
-0.0632715537
-0.0039375257
0.0393823234
0.0671554713
0.0429373351
-0.0454403348
-0.0546841073
0.0204889319
0.0580357830
0.0626593590
0.0282894749
-0.0010842474
-0.0077258848
-0.0008568373
-0.0099035174
-0.0255027694
-0.0362394191
-0.0685601014
-0.0743037858
-0.0596572563
-0.0261767145
0.0213207228
0.0558483537
0.0981617005
0.1181146269
0.1152513139
0.0864040976
0.0178573247
-0.0266163600
-0.0417589158
-0.0182631111
-0.0159889205
-0.0198815209
0.0243339450
0.0624566395
0.0934474077
0.0832144672
0.0002418772
-0.0622883105
-0.0814626243
-0.0744746519
-0.0520734385
-0.0463460330
-0.0277071668
-0.0102887883
0.0068616753
0.0260327266
0.0273386800
0.0360005586
0.0347427509
-0.0111676700
-0.0379671160
-0.0549528902
-0.0631558502
-0.0650343139
-0.0495049470
0.0239973231
0.0679046199
0.0212428455
-0.0758172759
-0.0890107967
-0.0295155943
0.0178959478
0.0499657490
0.0375714798
-0.0278905746
-0.0312296221
0.0248697200
0.0129380897
0.0142997974
0.0329361978
0.0161316184
-0.0089757159
-0.0371695179
-0.0672834852
-0.0662851464
-0.0252645835
0.0090712194
0.0370969796
0.0297497865
-0.0218916447
-0.0413184896
-0.0097259230
0.0020122741
0.0053585672
0.0094518602
-0.0208568324
-0.0289361434
-0.0052000846
0.0078403898
0.0139483705
0.0258433604
0.0226633097
0.0013367356
-0.0112307752
-0.0191488202
-0.0133189518
0.0070641700
0.0013672019
-0.0249365023
-0.0144643000
0.0203262037
0.0306034536
0.0236998207
-0.0029461990
-0.0289712826
-0.0142491447
0.0249773117
0.0320983134
0.0220341267
0.0201584475
0.0012400245
-0.0230269072
-0.0182224323
0.0123097728
0.0049822328
-0.0150661700
-0.0191468568
-0.0488720628
-0.0400488743
-0.0083480669
0.0033467859
0.0247536671
0.0020193784
-0.0164940143
-0.0030513163
-0.0166862742
-0.0457701861
-0.0443595304
-0.0148201250
0.0093826397
0.0182788204
0.0301413381
0.0313875929
0.0114721309
0.0021040538
0.0036123015
0.0191615677
0.0238825316
0.0154440803
0.0231122438
0.0268239351
0.0279007178
0.0355107798
0.0477807663
0.0149474952
-0.0516148927
-0.0905335992
-0.0973054694
-0.0539154919
-0.0221077117
-0.0058097148
0.0137058424
0.0202285226
0.0013350607
-0.0114097119
0.0194992156
0.0585414008
0.0490186593
0.0023110019
-0.0031642339
0.0111736296
-0.0067492223
-0.0273397864
-0.0199423798
-0.0117205085
-0.0214874739
-0.0201495080
-0.0314228251
-0.0091415450
0.0576369634
0.0889380246
0.0569473105
-0.0091768297
-0.0414560596
-0.0407580271
-0.0117435869
0.0149458365
0.0341302405
0.0368394961
0.0154269482
0.0036223952
0.0345379454
0.0552434373
0.0183679847
-0.0099617733
-0.0179744986
0.0009116065
0.0101403212
0.0045875930
0.0255359863
0.0502113750
0.0576101263
0.0297287678
-0.0051993715
-0.0309241154
-0.0439227065
-0.0515878820
-0.0511584767
-0.0077376422
0.0327379366
0.0599784592
0.0432271008
-0.0167747186
-0.0543131241
-0.0439667663
0.0078672557
0.0131979664
-0.0135558254
-0.0198290301
-0.0151133712
0.0235669816
0.0576566355
0.0455977912
0.0021446266
-0.0384500151
-0.0453070459
-0.0044187551
0.0226639242
0.0260172268
0.0124843016
-0.0153451991
-0.0289075874
-0.0159549470
0.0062818633
0.0123620091
0.0138957385
0.0352732486
0.0146518647
-0.0500656047
-0.0541031462
0.0011199339
0.0234376464
-0.0040485458
-0.0362854942
-0.0292660300
0.0049449836
0.0279139771
0.0245769397
-0.0189578838
-0.0271890101
0.0160289596
0.0449803914
0.0394796637
0.0145564045
-0.0067236773
-0.0344808339
-0.0419285529
-0.0411153976
-0.0477448297
-0.0519687741
-0.0383031287
0.0152033020
0.0473972844
0.0281664625
-0.0169483495
-0.0465326452
-0.0511110358
-0.0373810680
-0.0247559006
-0.0217435488
-0.0230375007
-0.0134787673
0.0016335392
0.0195300903
0.0351757088
0.0298880525
-0.0010884483
-0.0239451283
-0.0309432790
-0.0321627536
0.0004790106
0.0224786654
0.0225825695
0.0159652244
0.0221540713
0.0280228917
0.0111132021
0.0089731038
0.0176998396
-0.0060420755
-0.0205656116
0.0018030444
0.0005336744
-0.0160857934
-0.0042664811
0.0116815087
0.0175234040
0.0161157516
0.0310125482
0.0382882361
0.0116763162
-0.0121804434
-0.0171259251
0.0058655468
0.0078419284
-0.0175535042
-0.0286261283
-0.0219927526
0.0091376860
0.0228792080
-0.0095672026
-0.0302462201
-0.0112862783
-0.0010836834
-0.0174081178
-0.0164736628
0.0177041297
0.0475667696
0.0373458862
-0.0060003203
-0.0245799699
0.0032397619
0.0306625407
0.0219543616
-0.0008181818
-0.0249757329
-0.0326462189
-0.0234089029
-0.0234024750
-0.0139876142
-0.0139969014
-0.0123209959
0.0025641692
0.0162616364
0.0111517255
-0.0199798511
-0.0191201161
0.0093125455
0.0191807662
0.0099417628
0.0142559000
0.0195618685
0.0070602645
0.0174626128
0.0246094164
0.0035070333
-0.0048524457
0.0179276700
0.0253329882
0.0008735370
-0.0335917341
-0.0370424331
-0.0192530875
-0.0009429852
0.0297624976
0.0587433514
0.0610951545
0.0205301826
-0.0026927343
-0.0179749102
-0.0248041085
-0.0059806792
-0.0252665023
-0.0332572017
0.0086163837
0.0442088788
0.0367606115
-0.0171966508
-0.0722071529
-0.0626966640
0.0036850343
0.0401133173
0.0461667722
0.0195183970
-0.0383173655
-0.0346054791
0.0138258428
0.0432520682
0.0446796104
0.0044120079
-0.0475431895
-0.0618418256
-0.0152857302
0.0104030447
0.0262420108
0.0208721917
-0.0182425998
-0.0426178081
-0.0371923372
-0.0101409086
-0.0080350489
0.0079903529
0.0324697470
0.0283760920
-0.0000180950
-0.0241405998
-0.0132763957
0.0108396740
0.0121495205
0.0140960483
0.0223930964
0.0288447136
0.0032570842
-0.0029973945
0.0389474439
0.0483957753
0.0035330977
-0.0493415229
-0.0581281764
-0.0228960977
0.0009942407
0.0142545326
0.0221757589
0.0093455086
-0.0336352693
-0.0375038756
0.0259995022
0.0373258398
-0.0012361589
-0.0146923841
0.0030487190
0.0134586750
0.0123795495
0.0006688510
-0.0123118876
-0.0104587783
-0.0190091497
-0.0252274982
-0.0120659298
-0.0092027123
-0.0138794045
-0.0212523474
-0.0256177435
-0.0061540056
0.0062989247
0.0018141897
-0.0225889822
-0.0201286678
0.0164261273
0.0152484528
-0.0150845793
-0.0178212236
0.0061074402
0.0174498112
0.0114557794
0.0041018169
0.0068875950
0.0077191689
-0.0054315954
-0.0025778757
0.0080070041
0.0054173277
-0.0011768927
0.0105355446
0.0140003620
0.0124504893
0.0052336919
-0.0316674498
-0.0402261762
-0.0159471890
-0.0017445515
0.0107348815
0.0067484203
-0.0096083855
0.0016965490
0.0163144128
0.0214303029
0.0328129708
0.0304889623
-0.0044377414
-0.0286592068
-0.0211104870
0.0074441663
0.0295432189
0.0384936396
0.0333637938
-0.0015655471
-0.0168250127
-0.0005013147
-0.0036541624
-0.0029251013
0.0244349640
0.0262935460
-0.0105291283
-0.0214442477
-0.0084861864
-0.0101743633
-0.0075441022
0.0011911768
-0.0045986679
-0.0209316850
-0.0274731461
-0.0233288666
-0.0090454055
0.0034536577
0.0128399556
0.0080890418
-0.0272975880
-0.0305652198
0.0142988868
0.0316005414
0.0193932893
0.0094371244
-0.0115228629
-0.0167569164
0.0063304116
0.0174439739
0.0191736488
0.0132912033
0.0047557970
-0.0005926850
-0.0067742483
-0.0066246408
-0.0014817874
0.0043316071
0.0141060947
0.0179139679
0.0076743435
-0.0107578702
-0.0156461945
-0.0031354181
0.0012158433
0.0035744721
0.0036570784
-0.0006249194
-0.0024505307
-0.0001019415
-0.0038075688
-0.0061317891
-0.0004481376
0.0035109170
0.0091904945
0.0110241422
0.0065958922
-0.0001873182
-0.0058860851
0.0011873401
0.0144244904
0.0184153631
0.0101698938
-0.0042145233
-0.0090741862
0.0006219986
0.0099046249
0.0124912153
0.0065161626
-0.0032567455
-0.0080560577
-0.0044388686
-0.0003695020
0.0025463148
0.0027521850
-0.0034711250
-0.0052150484
-0.0002559951
0.0030998377
0.0032592409
-0.0018280597
-0.0037919120
0.0024930730
0.0031104810
-0.0012208125
-0.0003018063
0.0021380870
-0.0016725730
-0.0034855954
0.0001197502
0.0027702237
0.0014686974
-0.0044382147
-0.0087061459
-0.0062845638
0.0012606907
0.0045736517
0.0031971567
-0.0012723927
-0.0065874243
-0.0056623521
-0.0002800084
0.0016748575
0.0009953107
0.0012702166
-0.0009209689
-0.0025741740
-0.0009111684
0.0005619603
0.0007704475
-0.0007018385
-0.0013814392
0.0003272488
0.0016980354
0.0016878428
0.0007442272
-0.0000761044
-0.0007892859
-0.0009008266
0.0002181534
0.0010965100
0.0010750333
0.0002002164
-0.0007009436
-0.0005544335
0.0003929703
0.0009364805
0.0005500317
-0.0002954086
-0.0008734934
-0.0007599917
-0.0004560688
-0.0004746360
-0.0002951537
-0.0002486841
-0.0005806269
-0.0008719636
-0.0009287236
-0.0007256494
-0.0006531843
-0.0008175789
-0.0008702082
-0.0007385610
-0.0006411353
-0.0007013861
-0.0008333653
-0.0008667077
-0.0008594784
-0.0008561326
-0.0008545965
-0.0008672112
-0.0008718481
-0.0008660601
