0.0008482322
0.0008462610
0.0008450159
0.0008433780
0.0008425801
0.0008414253
0.0008408351
0.0008398379
0.0008390316
0.0008375870
0.0008359945
0.0008342460
0.0008322855
0.0008300094
0.0008267889
0.0008226202
0.0008175154
0.0008161025
0.0008192442
0.0008280493
0.0008337244
0.0008232569
0.0007980334
0.0007626755
0.0007113481
0.0006620945
0.0006409827
0.0006409753
0.0006445118
0.0006598813
0.0006796229
0.0007035208
0.0007181811
0.0007443678
0.0007778806
0.0007872734
0.0007097799
0.0005883267
0.0004350935
0.0002576173
0.0001061188
0.0000412796
0.0000134868
-0.0000131769
-0.0000427225
-0.0000809538
-0.0000599877
0.0001002194
0.0002816359
-0.0000587061
-0.0005351253
-0.0004964764
-0.0001573270
-0.0001989663
-0.0004775919
-0.0006313987
-0.0002820740
0.0002350830
0.0000524569
-0.0011447020
-0.0009790547
0.0017114242
0.0043302713
0.0033050472
-0.0006413405
-0.0051386056
-0.0064477648
-0.0041727787
-0.0014007472
-0.0007150211
-0.0024608057
-0.0031883198
-0.0028054643
-0.0031711636
-0.0049929076
-0.0067935267
-0.0025085153
0.0071339393
0.0074641812
-0.0128371290
-0.0158967714
-0.0024834220
0.0086683341
0.0055109182
-0.0134447357
-0.0229237151
-0.0059119476
0.0133171362
0.0061372955
-0.0084870154
-0.0101950784
0.0071259048
0.0181644446
-0.0015301341
-0.0238468197
-0.0144631899
0.0081053577
0.0124060598
-0.0103031402
-0.0399428209
-0.0473720274
-0.0070080851
0.0314897282
0.0161316778
-0.0149581312
-0.0160752120
0.0013378211
0.0155728548
0.0099085685
-0.0055028477
-0.0158588638
-0.0087627757
0.0063169592
0.0014676530
-0.0126911240
-0.0092354050
-0.0033067980
-0.0072251944
-0.0139683947
-0.0173538907
-0.0146712808
0.0020239010
0.0187472459
0.0033837395
-0.0292021744
-0.0262800920
0.0018414847
0.0234830866
0.0115893488
-0.0171370796
-0.0353059782
-0.0222269207
0.0002608089
0.0061237244
-0.0057532611
-0.0169594310
-0.0095335446
0.0020387662
-0.0036260773
-0.0136302855
-0.0081184002
0.0037573805
0.0112687493
0.0116280663
-0.0025937082
-0.0230078678
-0.0300843871
-0.0113675429
-0.0053394367
-0.0235058009
-0.0266134396
-0.0187727202
-0.0093756335
0.0012055707
0.0090797160
0.0061083552
-0.0053514530
-0.0019984808
0.0091799758
0.0085038383
-0.0073989429
-0.0174558402
-0.0020070760
0.0156300276
0.0129315627
-0.0007357381
-0.0163967679
-0.0226681902
0.0002882355
0.0081270080
-0.0139062262
-0.0074463260
0.0269428299
0.0412882679
0.0235011688
-0.0039646848
-0.0180488119
-0.0001596388
0.0172884628
-0.0015569662
-0.0201368121
-0.0114230587
-0.0046781472
-0.0040202494
-0.0030480295
-0.0026721065
-0.0024362282
-0.0039412571
-0.0027670414
0.0028584274
0.0040369501
-0.0005258407
0.0056326532
0.0139677116
0.0076307411
-0.0054542740
-0.0034860825
-0.0058518557
-0.0118355947
-0.0009912177
0.0033426776
0.0106499973
0.0191955568
0.0138756175
0.0026025953
-0.0067321902
-0.0039618924
0.0068075928
0.0180419122
0.0193733745
0.0050762187
-0.0065407447
0.0011269979
0.0067365356
-0.0007972783
-0.0031496400
-0.0020579562
-0.0092005912
-0.0124734890
0.0006222184
0.0101613454
0.0065649235
-0.0017711533
-0.0080194935
-0.0071589756
-0.0048668625
-0.0027400603
-0.0012170420
0.0012263736
0.0028018834
0.0009829435
-0.0043158653
-0.0023758107
0.0121800961
0.0222090752
0.0086869082
-0.0029665346
-0.0081693411
-0.0090175379
-0.0066485304
-0.0037890491
0.0009711244
0.0067920865
0.0091668265
0.0098170847
0.0110146513
0.0128764961
0.0130831307
0.0070569474
-0.0018570445
-0.0076596111
-0.0080030790
-0.0043371010
0.0037639532
0.0145896614
0.0182886396
0.0112823213
0.0106893861
0.0254362264
0.0089232353
0.0057232116
0.0057196730
-0.0196716496
-0.0236424772
0.0035355019
0.0329957794
0.0309916692
-0.0045741714
-0.0070482554
0.0113383270
0.0247626507
0.0325966059
0.0170997318
-0.0056912980
-0.0028391495
0.0168295114
0.0069011110
-0.0149540522
-0.0142234898
0.0142338937
0.0473743076
0.0627930522
0.0375995020
0.0250914890
0.0374101740
0.0292494420
-0.0087281418
-0.0096806749
0.0095011169
0.0113342448
-0.0122557704
-0.0409705255
-0.0403651509
-0.0067140048
0.0215918299
0.0026853730
-0.0353957069
-0.0746377622
-0.1068311280
-0.1078725936
-0.0873688978
-0.0793211651
-0.0792778272
-0.0675748013
-0.1021701355
-0.1476686290
-0.1288668185
-0.0642460763
-0.0152564443
0.0110775643
0.0157455648
-0.0087516155
-0.0221618446
0.0060155186
0.0249678508
0.0140825944
0.0124096506
-0.0120430592
-0.0277808160
-0.0378407878
-0.0620208414
-0.0314220517
0.0322459728
0.0875856091
0.1066053168
0.1003279254
0.0783128764
0.0655183335
0.0452956505
-0.0218692876
-0.0658579274
-0.0246423042
0.0245849608
0.0107778831
-0.0100716893
-0.0355504071
-0.0531142594
0.0032918020
0.0879270834
0.1623774144
0.2212949918
0.1973728621
0.0765181255
-0.0173635732
0.0417350509
0.1254994194
0.1078221894
0.0442785580
-0.0290281318
-0.1100442878
-0.1550467585
-0.0892901437
0.0150814793
0.0378441134
0.0107895291
-0.0338545875
-0.0687274247
-0.0552063572
-0.0069442172
0.0263533243
0.0346923182
0.0112608448
-0.0172954789
-0.0127015177
0.0340227913
0.0989305529
0.1636961783
0.1958971261
0.1583034629
0.0923693473
0.0497978244
0.0802649703
0.1512146466
0.2011701202
0.2167439770
0.1622431900
0.0957083327
0.0566599079
0.0430443243
0.0283935361
-0.0258482281
-0.0880773423
-0.1145129899
-0.1081869697
-0.0964091955
-0.1233932197
-0.1444102722
-0.0972970569
-0.0278088244
-0.0394497203
-0.0806555546
-0.0965049916
-0.0992473962
-0.1111552793
-0.1291120898
-0.1360679987
-0.1652434343
-0.2136915171
-0.2345464791
-0.1900604213
-0.1129736080
-0.0231156606
0.0605840264
0.0836686903
0.0327174679
-0.0520933914
-0.1194109504
-0.1041839289
-0.0258865810
0.0092665302
0.0494021153
0.1378128058
0.2170951613
0.2309059897
0.2069490764
0.2157531832
0.2290191708
0.1859413068
0.1404195791
0.1232293848
0.1183265604
0.1471348515
0.1638474651
0.1139746279
0.0357492120
-0.0036778811
0.0073063339
0.0286438856
0.0081436490
-0.0150371187
0.0202229897
0.0737563428
0.0938785062
0.0357494543
-0.0600618870
-0.0887801440
0.0020994486
0.0895889310
0.0735339438
0.0525533698
0.0477328052
0.0145256914
-0.0253617517
-0.0185392300
0.0165854135
0.0079806880
-0.0281021899
-0.0623753443
-0.0748718530
-0.0273329144
0.0379117959
0.0747102326
0.0564289662
0.0274449529
0.0283251709
0.0508050389
0.0544761876
0.0134780944
-0.0624429545
-0.1185926566
-0.1283065804
-0.1117152136
-0.0964398553
-0.0985355876
-0.1093678036
-0.1070045772
-0.0912291528
-0.0795329686
-0.0870490464
-0.1018145028
-0.1089541114
-0.0882797211
-0.0537192718
-0.0376531052
-0.0305257093
0.0088296173
0.0769957595
0.1477040545
0.1744609973
0.1342544858
0.0603139926
0.0533766976
0.0783405816
0.1007317530
0.1277245162
0.1476272625
0.1367982439
0.0942601034
0.0667866210
0.1077233458
0.1809563638
0.2174605531
0.2071166831
0.1457909444
0.0763330972
0.0667944215
0.1117489826
0.1484478359
0.1272293488
0.0884876858
0.0640683913
0.0707705937
0.0977929375
0.0987509759
0.0549306174
-0.0047259666
-0.0427927047
-0.0489870695
-0.0772903971
-0.1730230584
-0.2258722071
-0.2261974868
-0.2246136682
-0.2330004534
-0.2446071225
-0.2526231914
-0.2573284692
-0.2616039489
-0.2647295637
-0.2608661812
-0.2466860526
-0.2327077738
-0.2317613196
-0.2387637227
-0.2320078343
-0.2075572095
-0.1815507962
-0.1535503801
-0.1335781319
-0.1234350899
-0.0758180453
-0.0091104782
0.0450432289
0.0839897182
0.1003575296
0.0949764257
0.0820308959
0.0670067827
0.0583325172
0.0678341921
0.0793282000
0.0555626072
0.0382890537
0.0649088054
0.0956294809
0.0923859003
0.0676737918
0.0447719075
0.0365236689
0.0356519874
0.0300482056
0.0072872825
-0.0300744339
-0.0550755567
-0.0359179580
0.0006421431
-0.0006285992
-0.0212719242
-0.0459634379
-0.0791107390
-0.1148454402
-0.1298303092
-0.1013224228
-0.0982848369
-0.1197788478
-0.1224101431
-0.1300146299
-0.1461742017
-0.1499528425
-0.1343755701
-0.1182718052
-0.1185653995
-0.1307507159
-0.1286815622
-0.1037450964
-0.0694110215
-0.0417649298
-0.0341086852
-0.0371895431
-0.0221066071
-0.0040569050
-0.0017720225
-0.0084977911
-0.0149324117
-0.0206958179
-0.0132727677
0.0149516864
0.0468125460
0.0633951026
0.0686229938
0.0702904292
0.0781830571
0.0979811180
0.1136421681
0.0946099226
0.0490748027
0.0075939339
-0.0176034892
-0.0230301369
0.0039420296
0.0200861513
-0.0139513908
-0.0413407200
-0.0109473884
0.0358811531
0.0637374302
0.0557754749
0.0268118150
0.0168710551
0.0818615579
0.1700592748
0.2255138463
0.2363015566
0.2420897726
0.2624534639
0.2686575991
0.2344984297
0.1671313301
0.1020942196
0.0749675798
0.0449301930
-0.0005263150
-0.0207477249
0.0028842525
0.0304573149
0.0189008042
-0.0108304792
-0.0084955461
0.0145283414
0.0370422157
0.0460822883
0.0200642899
-0.0013178887
-0.0015240166
-0.0094933019
-0.0313561855
-0.0560102144
-0.0753051786
-0.0799143514
-0.0855375712
-0.1068709805
-0.1321833401
-0.1477090096
-0.1679507378
-0.1864344105
-0.1747637477
-0.1678276327
-0.1890557986
-0.1755663124
-0.1257700561
-0.0715263183
-0.0215443128
0.0185650084
0.0434661419
0.0728580205
0.0978401583
0.0883897252
0.0666546310
0.0541667598
0.0460676647
0.0256153706
-0.0004647941
-0.0230770993
-0.0359035430
-0.0345582395
-0.0352965115
-0.0537662993
-0.0776641341
-0.1045775795
-0.1347474068
-0.1506366474
-0.1185127599
-0.0622746270
-0.0040477803
0.0558021332
0.1113601917
0.1533199712
0.1843944227
0.2077261633
0.2059012420
0.1778437272
0.1588896031
0.1530431585
0.1499791680
0.1528789545
0.1586453026
0.1681368416
0.1804677731
0.1935645065
0.1998876887
0.1842546550
0.1601118500
0.1405015171
0.1209112518
0.1075627837
0.1057339519
0.0955486270
0.0641646137
0.0395284896
0.0379872711
0.0410770223
0.0263451207
-0.0140577957
-0.0611193826
-0.0966452990
-0.1197079765
-0.1336767145
-0.1423403198
-0.1405460856
-0.1367982445
-0.1319692114
-0.1196537335
-0.0959394661
-0.0668331338
-0.0456501651
-0.0572421804
-0.0905700541
-0.1125131486
-0.0874869284
-0.0362320865
0.0140220612
0.0486173276
0.0564927521
0.0575495312
0.0589963289
0.0601544791
0.0607581170
0.0650465149
0.0746729692
0.0819628360
0.0543891325
-0.0225836745
-0.1181786510
-0.2054918698
-0.2561605203
-0.2619584282
-0.2722697458
-0.2935710303
-0.3196945245
-0.3475519708
-0.3552689011
-0.3083387923
-0.2404531281
-0.1802511355
-0.1395209184
-0.1104009222
-0.0823750423
-0.0702573636
-0.0873348869
-0.0827141722
-0.0225638963
0.0399890030
0.0511525959
0.0324096284
0.0253520785
0.0502517953
0.0693924836
0.0909086790
0.1350668264
0.1786264333
0.2051201123
0.2155387389
0.2022867756
0.1718189728
0.1400466409
0.1072231539
0.0820144026
0.0664377002
0.0665007304
0.0617399429
0.0480896550
0.0394937681
0.0597496631
0.1050229638
0.1560249344
0.1912447092
0.1846889570
0.1617170819
0.1479862561
0.1542945734
0.1611977203
0.1335680906
0.0789637528
0.0203025881
-0.0158856590
-0.0183580657
-0.0169793474
-0.0403881372
-0.0731251739
-0.0956595346
-0.0892047998
-0.0741999751
-0.0647872721
-0.0628904056
-0.0682930017
-0.0864395051
-0.1097358479
-0.1319433982
-0.1542527823
-0.1744897819
-0.1844329600
-0.1673092764
-0.1368408248
-0.1024584875
-0.0629540718
-0.0246530438
0.0042946466
0.0324942528
0.0719320191
0.1149999682
0.1546958523
0.1890060658
0.2140411266
0.2181179207
0.2164790534
0.2334898716
0.2550505857
0.2746455901
0.3018421809
0.3264423771
0.3430628797
0.3544464000
0.3479594053
0.2862366831
0.1974690971
0.1099322676
0.0255587268
-0.0561540465
-0.1382436853
-0.2144200871
-0.2660038108
-0.2832418239
-0.2975008741
-0.2962022506
-0.2356254384
-0.1429444795
-0.0445178885
0.0278566709
0.0288936770
0.0228224448
0.0393649806
0.0329553624
0.0074152835
-0.0226948271
-0.0530769889
-0.0793825189
-0.0869229377
-0.0888249748
-0.0872276561
-0.0822562087
-0.0780740219
-0.0780996559
-0.0890681103
-0.0986068915
-0.1024877819
-0.1123522810
-0.1401378907
-0.1690109828
-0.1858684032
-0.1895295867
-0.1827235537
-0.1645848182
-0.1354262539
-0.1058056535
-0.0811720152
-0.0421814865
0.0237384661
0.0849590199
0.1100871878
0.1219834805
0.1406144146
0.1497709782
0.1449655313
0.1295043793
0.1078202797
0.0909220993
0.0960715147
0.0979932952
0.0882181382
0.0779109772
0.0882796847
0.1327885058
0.1868561266
0.2289069651
0.2392857093
0.2309907234
0.2095540652
0.1671039065
0.1176953626
0.0756298752
0.0591842576
0.0533410912
0.0377578390
0.0015233288
-0.0394625658
-0.0710209849
-0.0955183088
-0.1154151092
-0.1285770192
-0.1342400237
-0.1370469354
-0.1358130474
-0.1328227565
-0.1353005220
-0.1522197807
-0.1749133385
-0.1905122123
-0.1788001338
-0.1511244557
-0.1505063726
-0.2087024596
-0.2576323271
-0.2719890318
-0.2788173649
-0.2737149844
-0.2404759146
-0.1964074878
-0.1613529533
-0.1104936886
-0.0545538551
-0.0226390539
0.0037577660
0.0488409633
0.1022525832
0.1485967036
0.1619022515
0.1286384039
0.1084923591
0.1386204956
0.1786319441
0.2073913342
0.2229130607
0.2291508553
0.2250362783
0.2343045140
0.2683346082
0.2858655138
0.2367867076
0.1604881647
0.0808280432
0.0095486906
-0.0250487584
-0.0341904687
-0.0604947390
-0.0975198786
-0.1142383743
-0.1071557499
-0.0964972741
-0.1030628006
-0.1321869499
-0.1662554057
-0.1868846922
-0.1772466853
-0.1649680411
-0.1612513195
-0.1544662430
-0.1363524920
-0.1081721912
-0.0772248139
-0.0514969213
-0.0448470889
-0.0540833991
-0.0618560225
-0.0431890913
0.0035008153
0.0413465250
0.0407365344
0.0375152923
0.0537364448
0.0739997439
0.0885262011
0.0910077251
0.0860703907
0.0783960784
0.0699695555
0.0570395816
0.0378013952
0.0229807696
0.0261897945
0.0332561778
0.0332759552
0.0274885895
0.0189784831
0.0151133002
0.0331767986
0.0646454149
0.0822717070
0.0553637884
0.0171020020
0.0257708059
0.0560360080
0.0838252788
0.0973252827
0.0794146837
0.0271980733
-0.0257477766
-0.0592784029
-0.1049683951
-0.1275154782
-0.1343233570
-0.1497233368
-0.1553872638
-0.1120016615
-0.0482547788
0.0185088763
0.0853237660
0.1248688716
0.1108423890
0.0680105277
0.0184757463
0.0052092413
0.0140273883
-0.0051500392
-0.0439612991
-0.0519779357
-0.0312546312
-0.0219372089
-0.0178028969
-0.0079140389
-0.0117743287
-0.0360331354
-0.0610705214
-0.0760339628
-0.0600925656
-0.0327641171
-0.0128588445
-0.0095597221
-0.0383633064
-0.0720224040
-0.0782524527
-0.0849110614
-0.0559330148
0.0112364422
0.0645125183
0.0605879631
0.0388518118
0.0457334018
0.0774167530
0.1203115305
0.1547490388
0.1506405956
0.1011595332
0.0742969094
0.0819380769
0.0878039690
0.0877110822
0.0809621376
0.0651758090
0.0639091880
0.0803996259
0.1030897091
0.1262865724
0.1344630134
0.1031919870
0.0659699269
0.0275735022
-0.0417540367
-0.0989642057
-0.1163285406
-0.1311848275
-0.1157536337
-0.0749774429
-0.0642916771
-0.0843321808
-0.1216046146
-0.1467397546
-0.1187287012
-0.0695957791
-0.0369924867
-0.0323366597
-0.0218749421
0.0059923311
0.0371943837
0.0701857614
0.1007877298
0.1245367667
0.1367061389
0.1452517950
0.1485501427
0.1470620726
0.1438577994
0.1452597484
0.1559291477
0.1601236831
0.1181089399
0.0447273437
-0.0136104715
-0.0183017131
-0.0108217304
-0.0277528105
-0.0319382391
-0.0138248243
0.0090296952
0.0185084121
0.0009133129
-0.0270812351
-0.0457996535
-0.0368422420
-0.0137480690
0.0046187321
0.0091606979
-0.0035114877
-0.0109084117
0.0106320591
0.0370938273
0.0249600934
0.0214085870
0.0245157261
0.0047393899
-0.0310275131
-0.0649565155
-0.0750702054
-0.0655572468
-0.0535530543
-0.0465434970
-0.0393688421
-0.0174735434
0.0188120925
0.0622392664
0.0859881491
0.0416792895
-0.0333276201
-0.0585612754
-0.0375968737
-0.0178410159
-0.0232927843
-0.0515501846
-0.0614547775
-0.0162616741
0.0291532364
0.0195811700
-0.0170649934
-0.0217885339
-0.0327782517
-0.0671532946
-0.1147986508
-0.1656920038
-0.1868998821
-0.1469518628
-0.0933569824
-0.0568254601
-0.0312332945
-0.0336745815
-0.0526582906
-0.0420224338
-0.0179529962
-0.0280363371
-0.0635184374
-0.0862927695
-0.0733964333
-0.0398642387
0.0010821166
0.0493806625
0.1017048769
0.1187121011
0.0558917704
-0.0195315363
-0.0315390527
-0.0030614500
0.0224551840
0.0177152945
-0.0038260705
-0.0357486922
-0.0497494471
-0.0171087296
0.0041089711
0.0078778062
0.0245107065
0.0041412404
-0.0454412151
-0.0916726665
-0.0997909366
-0.0743433528
-0.0553443537
-0.0823461556
-0.1269285656
-0.1330419575
-0.0698795940
-0.0268366391
-0.0487369295
-0.0600641930
-0.0401700094
-0.0176341079
-0.0018885243
0.0123177369
0.0277697335
0.0448508297
0.0618535779
0.0793375911
0.0974695725
0.1129360106
0.1193172834
0.1221722152
0.1251359111
0.1190551551
0.0923648351
0.0519428932
0.0072830923
-0.0301489339
-0.0360771957
-0.0232058958
-0.0229720326
-0.0244579206
-0.0151219955
-0.0132662852
-0.0174952617
-0.0158344267
-0.0224909845
-0.0500360245
-0.0809790667
-0.1055715229
-0.1240784904
-0.1386186835
-0.1208676882
-0.0889212914
-0.0537465190
-0.0097347497
0.0437101312
0.0769531620
0.0257858128
-0.0804132517
-0.1146149586
-0.0925116908
-0.0570001291
-0.0406594068
-0.0806307795
-0.1047102524
-0.0655183080
-0.0216413625
-0.0275468063
-0.0484482793
-0.0470377619
-0.0335937028
-0.0203622292
-0.0162060490
-0.0285908193
-0.0348540375
-0.0119456434
0.0166171849
0.0033899417
-0.0321616364
-0.0514444559
-0.0458197851
-0.0252923130
-0.0057718039
0.0030591002
0.0094512464
0.0286840863
0.0528990095
0.0712614924
0.0786979352
0.0713596590
0.0464188446
0.0231201026
0.0200147455
0.0146629767
0.0142946285
0.0183595320
0.0174362477
0.0341493506
0.0623756369
0.0910308049
0.1172667047
0.1351757681
0.1430900961
0.1461970958
0.1512433554
0.1325279032
0.0855664492
0.0287811587
-0.0179312571
-0.0238729976
0.0012847306
0.0305465563
0.0514994950
0.0599955306
0.0887707390
0.1477933539
0.2083873051
0.2350631710
0.2233460229
0.2146402511
0.2201760074
0.1991989633
0.1603977159
0.1189947433
0.0761845602
0.0386877528
0.0177553915
0.0071664844
-0.0023360852
-0.0102519694
-0.0159157766
-0.0190548614
-0.0292829321
-0.0641572832
-0.1111725727
-0.1516036947
-0.1667160034
-0.1567493872
-0.1369684189
-0.1286506631
-0.1373166538
-0.1343028808
-0.1185027038
-0.1095996481
-0.1354102000
-0.1789597056
-0.2152410524
-0.2254025410
-0.2236944091
-0.2429106202
-0.2608052407
-0.2257961376
-0.1668730212
-0.1187814576
-0.1051107752
-0.1154934125
-0.1290896762
-0.1349259422
-0.1098357246
-0.0682878007
-0.0282528286
-0.0087495314
-0.0158265934
-0.0265815944
-0.0255059446
-0.0203789109
-0.0164584826
-0.0137385722
-0.0077884469
0.0073580543
0.0236795141
0.0227875184
0.0201786456
0.0433027789
0.0822881310
0.1279533726
0.1662323053
0.1569383377
0.0953155954
0.0494711946
0.0531532317
0.0829395904
0.1228860969
0.1495259278
0.1397372515
0.1299779963
0.1606733532
0.1953752531
0.2023759052
0.2022266300
0.2113095147
0.1935246952
0.1418819011
0.0828767784
0.0369057214
0.0141434259
-0.0067123972
-0.0306959658
-0.0307652736
-0.0012344398
0.0398030060
0.0799346190
0.0999492434
0.0788100567
0.0437290987
0.0094196822
-0.0231577978
-0.0478353378
-0.0546808000
-0.0537122294
-0.0459677395
-0.0164469229
0.0212021094
0.0535699499
0.0688197009
0.0772555772
0.0869870683
0.0917538930
0.0789450040
0.0575678296
0.0527376238
0.0717907703
0.0959602695
0.1098188472
0.1164722258
0.1235604511
0.1288916202
0.1140322725
0.0705253227
0.0154877636
-0.0315768396
-0.0508024843
-0.0491899954
-0.0560230282
-0.0688640510
-0.0822511474
-0.0929930326
-0.0933377579
-0.0833361054
-0.0699530659
-0.0593606073
-0.0622870918
-0.0776095759
-0.0974423538
-0.1189510195
-0.1346884969
-0.1298105044
-0.1150597995
-0.1094294973
-0.1130915646
-0.1184011957
-0.1171682549
-0.1038625379
-0.0900417956
-0.0860305967
-0.0844441484
-0.0773091027
-0.0700151454
-0.0726422189
-0.0764617164
-0.0524824653
0.0003348988
0.0575017792
0.0993460465
0.1191418564
0.1333978358
0.1386126550
0.1120501591
0.0718928947
0.0300907824
-0.0137064024
-0.0506265717
-0.0697845448
-0.0844943349
-0.1179452838
-0.1302139679
-0.1020914950
-0.0607049729
-0.0162261158
0.0195531395
0.0209474256
-0.0055393722
-0.0302870551
-0.0524293042
-0.0737696860
-0.0876252041
-0.0896859050
-0.0779687006
-0.0600069557
-0.0517932249
-0.0476621583
-0.0419218855
-0.0387200494
-0.0476209150
-0.0663173647
-0.0826411743
-0.0871387560
-0.0860458557
-0.0830568995
-0.0639135413
-0.0178055004
0.0370941198
0.0906927350
0.1468630902
0.2065050387
0.2581385219
0.2702478682
0.2453665916
0.2037584155
0.1414711339
0.0671484498
-0.0112942653
-0.0742197173
-0.0754367468
-0.0384802431
0.0028138273
0.0427383375
0.0843302129
0.1290697381
0.1668946373
0.1748221580
0.1589190445
0.1253843527
0.0849411828
0.0422852448
0.0032156828
-0.0083431518
0.0054583321
0.0278477698
0.0327859460
-0.0219887281
-0.1008407014
-0.1451733241
-0.1307034065
-0.1049375320
-0.1332139052
-0.2034463477
-0.2733469182
-0.2570530786
-0.0997312336
0.0432143839
0.0783353426
0.1017831294
0.1516239476
0.2021833409
0.2088657674
0.1885622376
0.1622909231
0.1274843605
0.0972182764
0.1080146726
0.1267965672
0.1089204154
0.0549972047
0.0124975365
0.0307658996
0.0827891123
0.1339971279
0.1508884910
0.1155555001
0.0701953048
0.0401929746
0.0116195899
-0.0344908565
-0.0845072946
-0.1085887293
-0.0761482666
-0.0238543656
0.0319967901
0.0881717378
0.1159352188
0.0833333015
0.0309208114
-0.0172473470
-0.0639234064
-0.1072184387
-0.1410310341
-0.1576632446
-0.1383296804
-0.0886126798
-0.0363271013
0.0161815283
0.0815642713
0.1618628512
0.2214501773
0.1878415289
0.1036110573
0.0191811835
-0.0515929839
-0.1021898863
-0.1582705262
-0.2077245141
-0.2075255874
-0.1753039096
-0.1319886036
-0.0836851166
-0.0566916440
-0.0613227872
-0.0720092413
-0.0689950274
-0.0560646304
-0.0614424109
-0.0893276867
-0.1291136690
-0.1734949184
-0.1897040992
-0.1446736432
-0.0663522845
0.0209751589
0.0885081450
0.0688650471
-0.0116473700
-0.0977619235
-0.1495389347
-0.1571900219
-0.1618848047
-0.1770193274
-0.1906004996
-0.1815466963
-0.1429161698
-0.0960627429
-0.0373856002
0.0345748224
0.0842256405
0.0448557576
-0.0312983418
-0.0535354624
-0.0501617553
-0.0486610831
-0.0416874559
-0.0341539989
-0.0290169968
-0.0267299650
-0.0300059756
-0.0562070917
-0.0926410975
-0.1165197366
-0.1187326375
-0.1103349380
-0.1069158677
-0.1003538037
-0.0562146560
-0.0120702368
0.0204214535
0.0678979431
0.1089271911
0.1658967549
0.2456836319
0.3049636826
0.3618045449
0.3901965286
0.4180474272
0.4334182595
0.4210550529
0.4032788951
0.3326126280
0.1743862151
0.0171521213
-0.0889549378
-0.1404244004
-0.1758973875
-0.2053274357
-0.2141395670
-0.2189878250
-0.2169599602
-0.1677092375
-0.0858294230
-0.0142831826
0.0014505347
-0.0126748304
-0.0250421756
-0.0275932442
-0.0126141771
-0.0033638894
-0.0165317912
-0.0399094725
-0.0701614552
-0.1071395139
-0.1317606069
-0.1137621699
-0.0801989610
-0.0515436381
-0.0254153843
-0.0019648586
0.0230203482
0.0481195807
0.0751114854
0.1039513211
0.1412846257
0.1855788850
0.2221607092
0.2173833528
0.1884573235
0.1642736966
0.1644078885
0.1806883833
0.1773738974
0.1481935081
0.1095958816
0.0668364034
0.0220049185
-0.0157404849
-0.0435675832
-0.0706205741
-0.1003710957
-0.1254998000
-0.1318929147
-0.1217456206
-0.1064380439
-0.0880704269
-0.0681215174
-0.0518952465
-0.0431956489
-0.0363277796
-0.0289810349
-0.0221074272
-0.0161700237
-0.0103265748
-0.0023829947
0.0062359366
0.0139833974
0.0211297508
0.0279796255
0.0341566531
0.0371816079
0.0358548329
0.0320708098
0.0288164398
0.0338090818
0.0523752686
0.0669755322
0.0569138294
0.0400280904
0.0436783382
0.0611685564
0.0762963686
0.0854630852
0.0937956912
0.0990806570
0.0907488741
0.0732538334
0.0538575703
0.0330949531
0.0139204286
0.0045488766
0.0075209292
0.0136955538
0.0198201821
0.0269773477
0.0346687432
0.0373553808
0.0279511516
0.0136531810
-0.0009212298
-0.0138923726
-0.0187341426
-0.0175404728
-0.0156237497
-0.0193453994
-0.0307537720
-0.0376686150
-0.0307079316
-0.0193443579
-0.0076519242
0.0041856945
0.0130176785
0.0145721587
0.0133056259
0.0120633166
0.0108461003
0.0102241794
0.0091649487
0.0042306223
-0.0057849729
-0.0136774740
-0.0100821983
0.0012112498
0.0134882020
0.0274665459
0.0427974646
0.0513077804
0.0378600084
0.0158053430
-0.0060962165
-0.0280506743
-0.0453735929
-0.0565447081
-0.0660321248
-0.0723355288
-0.0639158695
-0.0454117015
-0.0270670780
-0.0158215726
-0.0086906730
-0.0045499587
-0.0014091844
0.0095234698
0.0261699724
0.0441067862
0.0608183883
0.0691437442
0.0688212147
0.0664838559
0.0596488563
0.0373160843
0.0080392592
-0.0224289014
-0.0487168101
-0.0569734385
-0.0487891395
-0.0252426804
0.0102369156
0.0482424845
0.0835275837
0.1102063159
0.1310833244
0.1384570197
0.1038878950
0.0405812090
-0.0283193640
-0.0860107841
-0.1007495328
-0.0914473595
-0.0780956662
-0.0652576722
-0.0580625448
-0.0600630947
-0.0532429116
-0.0491563627
-0.0582960186
-0.0677947965
-0.0663023995
-0.0556822390
-0.0481197818
-0.0528146814
-0.0622068110
-0.0559785852
-0.0410895285
-0.0270001179
-0.0180971892
-0.0144619685
-0.0115829759
-0.0087367402
-0.0069204023
-0.0051300512
0.0026043817
0.0219417358
0.0457556869
0.0697967549
0.0924357280
0.1073331099
0.1128770983
0.1071372755
0.0852409188
0.0574531269
0.0296285893
0.0004527901
-0.0259927586
-0.0442212470
-0.0566364319
-0.0703273648
-0.0851631489
-0.0951608333
-0.0855015757
-0.0663043195
-0.0512928466
-0.0531053546
-0.0622092168
-0.0663425508
-0.0543143085
-0.0322975449
-0.0123001916
-0.0006596750
0.0056578434
0.0066100359
-0.0000262886
-0.0090267952
-0.0187964793
-0.0275112938
-0.0306693456
-0.0278786325
-0.0234822658
-0.0194500092
-0.0157674449
-0.0108583254
-0.0015145396
0.0101376857
0.0203861256
0.0250772987
0.0251701832
0.0214782269
0.0087736706
-0.0081643448
-0.0198786725
-0.0263045776
-0.0369503022
-0.0558602748
-0.0775796971
-0.0909358214
-0.0772241317
-0.0535197772
-0.0310734238
-0.0087605481
0.0153315717
0.0427254070
0.0625523364
0.0518965015
0.0170728270
-0.0241206523
-0.0603795597
-0.0705906847
-0.0537409131
-0.0296084901
-0.0042772573
0.0213749764
0.0377254899
0.0358506014
0.0275746178
0.0200275865
0.0113428658
0.0020003902
-0.0049023127
-0.0003558505
0.0111253030
0.0241122148
0.0363090625
0.0439415529
0.0454106729
0.0448900511
0.0446864232
0.0451269787
0.0446880805
0.0383666056
0.0242765469
0.0066807800
-0.0118417088
-0.0254341194
-0.0238558112
-0.0166170957
-0.0100499354
-0.0018898483
0.0076640015
0.0122377232
-0.0021218985
-0.0265066976
-0.0507036378
-0.0696411230
-0.0802860850
-0.0894427990
-0.0978209342
-0.1000152730
-0.0940218368
-0.0851847744
-0.0745586858
-0.0627580591
-0.0497779019
-0.0360493072
-0.0257967213
-0.0263248483
-0.0310635277
-0.0354567654
-0.0404923261
-0.0459466122
-0.0497700848
-0.0473984164
-0.0422587329
-0.0385646029
-0.0368102033
-0.0304422849
-0.0049065329
0.0317672571
0.0548727433
0.0523099993
0.0415175790
0.0316897245
0.0217016880
0.0118277159
0.0013209010
-0.0098603470
-0.0210666339
-0.0270381950
-0.0231080603
-0.0158690661
-0.0084642228
0.0022211930
0.0161481255
0.0319131927
0.0462551110
0.0541887576
0.0565411926
0.0630841880
0.0762568008
0.0799345386
0.0665554165
0.0481855246
0.0300965936
0.0125845956
-0.0047977545
-0.0240696136
-0.0453147470
-0.0592957388
-0.0482069278
-0.0228482049
0.0040146144
0.0257273174
0.0301807961
0.0274033108
0.0204042712
0.0074004153
-0.0080108161
-0.0203044829
-0.0206285459
-0.0133939563
-0.0053701621
0.0021850592
0.0084739918
0.0145303581
0.0208417547
0.0277024372
0.0337755504
0.0359167426
0.0322583068
0.0267463772
0.0210351297
0.0158825687
0.0135688248
0.0147509335
0.0171754977
0.0189232912
0.0174552038
0.0135129922
0.0092469391
0.0051952285
0.0013273698
-0.0032594061
-0.0093048595
-0.0131184209
-0.0052347693
0.0114416939
0.0153378311
-0.0027995865
-0.0268279080
-0.0459692475
-0.0580425854
-0.0683907325
-0.0842693786
-0.0931483037
-0.0968851476
-0.0984704165
-0.1000006360
-0.1011455687
-0.1034303630
-0.1068507471
-0.1058029255
-0.0899091508
-0.0674654727
-0.0540946151
-0.0440683941
-0.0310713363
-0.0167695116
-0.0022485694
0.0110597806
0.0215255159
0.0303333203
0.0385927785
0.0422237905
0.0377350851
0.0302517839
0.0251166908
0.0265008282
0.0310912320
0.0357479506
0.0423719903
0.0509032922
0.0591305542
0.0623650390
0.0603579453
0.0569435277
0.0546688353
0.0537573493
0.0534133567
0.0526746227
0.0518782086
0.0516996336
0.0521953168
0.0497140552
0.0385403161
0.0238259410
0.0097879126
-0.0051190895
-0.0202419004
-0.0322153059
-0.0337795089
-0.0312318288
-0.0286563708
-0.0260072047
-0.0233007224
-0.0212007363
-0.0203994132
-0.0201111784
-0.0197285819
-0.0193515021
-0.0188588671
-0.0185756346
-0.0182693200
-0.0177243211
-0.0159733063
-0.0136755657
-0.0113241967
-0.0090655237
-0.0067964369
-0.0046229108
-0.0024753120
-0.0003538964
0.0020119675
0.0044413478
0.0068209581
0.0090037662
0.0112415851
0.0137496257
0.0161212646
0.0158003681
0.0111346507
0.0054678248
0.0014238004
-0.0014232655
-0.0039531307
-0.0066318955
-0.0084887949
-0.0087962104
-0.0083904101
-0.0069804912
-0.0017494616
0.0056195162
0.0132527334
0.0206403454
0.0273496189
0.0322774405
0.0363430542
0.0402080292
0.0440618688
0.0477664177
0.0505056602
0.0509930657
0.0507434936
0.0504478308
0.0501491761
0.0499416928
0.0493381754
0.0469720967
0.0430384228
0.0388002246
0.0347395778
0.0309312549
0.0271586099
0.0227471384
0.0176801770
0.0126285262
0.0072404285
0.0013001153
-0.0016210416
0.0040356580
0.0125644771
0.0136666696
0.0089954234
0.0035079672
-0.0012826151
-0.0056304870
-0.0095533231
-0.0138074973
-0.0178592183
-0.0189856700
-0.0130371328
-0.0051174046
0.0019035974
0.0083124686
0.0142377990
0.0197048633
0.0237724797
0.0250431042
0.0244489302
0.0218205762
0.0184593681
0.0154046466
0.0124594020
0.0099449734
0.0081975789
0.0071649319
0.0063166273
0.0055693312
0.0048597244
0.0042015471
0.0036109390
0.0032338474
0.0030627048
0.0029583982
0.0028127767
0.0026448078
0.0024705746
0.0023854385
0.0023989438
0.0024038267
0.0023430831
0.0022379581
0.0020991427
0.0019395450
0.0016759272
0.0011730516
0.0005515962
-0.0000368326
-0.0005705369
-0.0010037597
-0.0012934529
-0.0015343354
-0.0017807431
-0.0020147222
-0.0022500673
-0.0024993883
-0.0027788191
-0.0030492413
-0.0032984057
-0.0035339591
-0.0037734048
-0.0040118857
-0.0042316907
-0.0044193837
-0.0045746398
-0.0047201085
-0.0048680078
-0.0050197739
-0.0051720193
-0.0053203336
-0.0054654421
-0.0056071375
-0.0057466942
-0.0058835082
-0.0060165818
-0.0061462662
-0.0062749011
-0.0064030200
-0.0065291985
-0.0066509201
-0.0067685398
-0.0068858179
-0.0070037369
-0.0071213627
-0.0072359749
-0.0073461752
-0.0074521036
-0.0075536754
-0.0076503176
-0.0077416553
-0.0078279155
-0.0079092130
-0.0079855625
-0.0080568796
-0.0081230876
-0.0081841346
-0.0082400051
-0.0082906647
-0.0083360735
-0.0083761791
-0.0084109411
-0.0084403194
-0.0084642780
-0.0084827858
-0.0084958108
-0.0085033262
