0.0091216875
0.0089736708
0.0088253893
0.0086768269
0.0085279405
0.0083787842
0.0082293386
0.0080794906
0.0079293512
0.0077787906
0.0076278998
0.0074766227
0.0073106447
0.0071563947
0.0070014131
0.0068459848
0.0066897047
0.0065330181
0.0063754347
0.0061864329
0.0060246939
0.0058625490
0.0056992890
0.0055351572
0.0053706845
0.0051572657
0.0049878832
0.0048182243
0.0046472210
0.0044753712
0.0043033432
0.0041299030
0.0039556604
0.0037813105
0.0036054875
0.0034288748
0.0032514554
0.0030740313
0.0028950783
0.0027153499
0.0025356682
0.0023544245
0.0021724240
0.0019905161
0.0018070597
0.0016228245
0.0014378482
0.0012530343
0.0010666315
0.0008795056
0.0006925193
0.0005039347
0.0003146346
0.0001254439
-0.0000653925
-0.0002569563
-0.0004493108
-0.0006414352
-0.0007454566
-0.0009399378
-0.0011342746
-0.0013302002
-0.0015259793
-0.0017233427
-0.0018308391
-0.0020296710
-0.0022283253
-0.0024285473
-0.0026286069
-0.0028302528
-0.0030317579
-0.0031451115
-0.0033479479
-0.0035524472
-0.0037567015
-0.0039616438
-0.0041681707
-0.0043744808
-0.0045824035
-0.0047900888
-0.0049984397
-0.0052083692
-0.0054180660
-0.0056284263
-0.0058403427
-0.0060520140
-0.0062652755
-0.0064782572
-0.0066918820
-0.0069070923
-0.0071220450
-0.0073376277
-0.0076444829
-0.0078613413
-0.0080797087
-0.0082978219
-0.0085174087
-0.0087368144
-0.0089576791
-0.0092680244
-0.0094901074
-0.0097128162
-0.0099352093
-0.0101591504
-0.0103827608
-0.0106975900
-0.0109232685
-0.0111486441
-0.0113754996
-0.0116029168
-0.0118300163
-0.0120585854
-0.0123774421
-0.0126071555
-0.0128373956
-0.0130673028
-0.0132986099
-0.0135305411
-0.0138526725
-0.0140856397
-0.0143191440
-0.0145522550
-0.0147867891
-0.0150218719
-0.0152574573
-0.0154038164
-0.0156403749
-0.0158775078
-0.0161141708
-0.0163522496
-0.0165908002
-0.0167401324
-0.0169787739
-0.0172187722
-0.0174592470
-0.0177001716
-0.0179406623
-0.0181824888
-0.0184247990
-0.0186666296
-0.0189098406
-0.0191533866
-0.0193965277
-0.0196409266
-0.0199755699
-0.0202208076
-0.0204656300
-0.0207116865
-0.0209582300
-0.0212050713
-0.0215420730
-0.0217897021
-0.0220368177
-0.0222852343
-0.0225339987
-0.0226933618
-0.0229428218
-0.0231926287
-0.0233521719
-0.0236026224
-0.0238534798
-0.0241046080
-0.0242654765
-0.0245172561
-0.0247684636
-0.0249311421
-0.0251829391
-0.0254358813
-0.0255985452
-0.0258520782
-0.0261050302
-0.0263581606
-0.0267022537
-0.0269559248
-0.0272107754
-0.0274649527
-0.0277203021
-0.0279749421
-0.0282307218
-0.0285755212
-0.0288317301
-0.0290880876
-0.0293437910
-0.0296005706
-0.0298566615
-0.0302035340
-0.0304608671
-0.0307174500
-0.0310648170
-0.0313226079
-0.0315805505
-0.0319283579
-0.0321856751
-0.0325337578
-0.0327922068
-0.0330507792
-0.0333991591
-0.0336588253
-0.0339176854
-0.0338168872
-0.0338067103
-0.0341555307
-0.0344137383
-0.0347626828
-0.0350210375
-0.0353700831
-0.0356293928
-0.0359776219
-0.0362370093
-0.0365861474
-0.0368455067
-0.0371946070
-0.0374539439
-0.0378030538
-0.0380623238
-0.0383216478
-0.0385808815
-0.0387504014
-0.0390095684
-0.0392686892
-0.0394379768
-0.0396969557
-0.0398660860
-0.0401248791
-0.0403834973
-0.0405514353
-0.0408098549
-0.0410682269
-0.0413255510
-0.0415835741
-0.0418415295
-0.0420983665
-0.0423559591
-0.0426133901
-0.0428706550
-0.0431268298
-0.0433837083
-0.0436403163
-0.0438958921
-0.0441521039
-0.0444080861
-0.0446629709
-0.0449184675
-0.0451737596
-0.0453381348
-0.0455928537
-0.0458473540
-0.0460109072
-0.0462647986
-0.0465174622
-0.0466810471
-0.0469330868
-0.0471848378
-0.0474370956
-0.0475984481
-0.0478490971
-0.0481003512
-0.0482606244
-0.0485102539
-0.0487594720
-0.0490083050
-0.0492567185
-0.0495953464
-0.0498429325
-0.0500900839
-0.0504274167
-0.0506737003
-0.0509195125
-0.0511657602
-0.0515003676
-0.0517456790
-0.0519895873
-0.0523236112
-0.0525665303
-0.0528098783
-0.0531414536
-0.0533836808
-0.0536253760
-0.0538655945
-0.0541061828
-0.0543461825
-0.0545856197
-0.0549132762
-0.0551515688
-0.0553891815
-0.0556262108
-0.0558617098
-0.0560975013
-0.0564224164
-0.0566569039
-0.0568907108
-0.0571238547
-0.0573563464
-0.0575881519
-0.0578183095
-0.0579590025
-0.0581886878
-0.0584176852
-0.0586459088
-0.0588724937
-0.0590992491
-0.0592355038
-0.0594607071
-0.0596842383
-0.0599079163
-0.0601307425
-0.0603518989
-0.0605730807
-0.0607935267
-0.0610121680
-0.0612309005
-0.0614487665
-0.0616657968
-0.0618810327
-0.0620962844
-0.0623106396
-0.0625232044
-0.0627357250
-0.0629473630
-0.0631571583
-0.0633669280
-0.0635757605
-0.0637827505
-0.0639896502
-0.0641956112
-0.0643996482
-0.0646036269
-0.0648065953
-0.0650085641
-0.0652085915
-0.0654085197
-0.0656073967
-0.0658043509
-0.0660011276
-0.0661968585
-0.0663906116
-0.0665841290
-0.0666869000
-0.0668773140
-0.0670675211
-0.0672557134
-0.0674436733
-0.0676304488
-0.0677254890
-0.0679099794
-0.0680924075
-0.0682745637
-0.0684546599
-0.0686335092
-0.0688120347
-0.0688987774
-0.0690749153
-0.0692488620
-0.0694224749
-0.0696837164
-0.0698539319
-0.0700237732
-0.0702811735
-0.0704484734
-0.0706144435
-0.0708679298
-0.0709415537
-0.0711026936
-0.0712633759
-0.0714227181
-0.0715797927
-0.0717363984
-0.0718010371
-0.0719548601
-0.0721064603
-0.0722575065
-0.0724062536
-0.0725544959
-0.0727003706
-0.0727559668
-0.0728990032
-0.0730406072
-0.0731816105
-0.0733202224
-0.0735470891
-0.0736836416
-0.0738177970
-0.0739512987
-0.0740824242
-0.0742129227
-0.0743409832
-0.0745580972
-0.0746830605
-0.0748073692
-0.0749301231
-0.0750503607
-0.0751699282
-0.0753767128
-0.0754930720
-0.0756077914
-0.0757200180
-0.0758314741
-0.0759412947
-0.0760485806
-0.0762448064
-0.0763496482
-0.0764528069
-0.0765542771
-0.0766532083
-0.0767513114
-0.0769373627
-0.0770320642
-0.0771249696
-0.0772161370
-0.0773056160
-0.0773924219
-0.0774783507
-0.0775625318
-0.0776448932
-0.0777255289
-0.0778043720
-0.0778813409
-0.0779565628
-0.0780299827
-0.0781015609
-0.0781703851
-0.0782382840
-0.0783043430
-0.0783684790
-0.0784307917
-0.0784912706
-0.0785498712
-0.0786065264
-0.0785715627
-0.0786234828
-0.0786744476
-0.0787234957
-0.0787706520
-0.0788149724
-0.0787684729
-0.0788097595
-0.0788491261
-0.0788855630
-0.0789209415
-0.0789543628
-0.0789849116
-0.0789246211
-0.0789520477
-0.0789765917
-0.0789999689
-0.0790204643
-0.0790398305
-0.0789665416
-0.0789818335
-0.0789941856
-0.0790053337
-0.0790135448
-0.0790205584
-0.0790246480
-0.0789377999
-0.0789376949
-0.0789355113
-0.0789320377
-0.0789256503
-0.0790077308
-0.0789970913
-0.0789843158
-0.0789702703
-0.0789532323
-0.0790246527
-0.0790041912
-0.0789806465
-0.0789558218
-0.0789279253
-0.0789884637
-0.0788674064
-0.0788329309
-0.0787971864
-0.0787583528
-0.0787182000
-0.0786749837
-0.0785406326
-0.0784929317
-0.0784438500
-0.0783916833
-0.0783381391
-0.0782814806
-0.0782234539
-0.0780725733
-0.0780099981
-0.0779443378
-0.0778763377
-0.0778070005
-0.0778241703
-0.0777502437
-0.0776731738
-0.0775937845
-0.0775129570
-0.0774289483
-0.0773434903
-0.0773445660
-0.0772544644
-0.0771620708
-0.0770664151
-0.0769693646
-0.0768690568
-0.0768570449
-0.0767529488
-0.0766456130
-0.0765367915
-0.0764256064
-0.0763111646
-0.0761952656
-0.0760769764
-0.0759554585
-0.0758324155
-0.0757070022
-0.0755783287
-0.0754482137
-0.0753156652
-0.0751798401
-0.0750425401
-0.0749028101
-0.0746700563
-0.0745254956
-0.0743785467
-0.0742282653
-0.0740764967
-0.0739213884
-0.0736750594
-0.0735150845
-0.0733536315
-0.0731888151
-0.0730224889
-0.0728528004
-0.0726816353
-0.0724173552
-0.0722403866
-0.0720618747
-0.0718800325
-0.0716966406
-0.0715099311
-0.0713207139
-0.0711299915
-0.0709358822
-0.0707393311
-0.0705412161
-0.0703397722
-0.0701358206
-0.0699303325
-0.0697214853
-0.0695110709
-0.0692973285
-0.0690810729
-0.0688632688
-0.0686421092
-0.0684184686
-0.0682829901
-0.0680544483
-0.0678243396
-0.0675908389
-0.0673557758
-0.0671173792
-0.0668773871
-0.0667237271
-0.0664788156
-0.0662305139
-0.0659806761
-0.0657274487
-0.0654726118
-0.0653050820
-0.0650444439
-0.0647821985
-0.0645175519
-0.0642495270
-0.0639798926
-0.0637078141
-0.0634323915
-0.0631553830
-0.0628759275
-0.0625930968
-0.0623087129
-0.0620218831
-0.0617316954
-0.0614399955
-0.0611458189
-0.0608483100
-0.0605492101
-0.0602476421
-0.0599427738
-0.0596363703
-0.0593275212
-0.0590153311
-0.0587016173
-0.0583854811
-0.0580669016
-0.0577449955
-0.0574215994
-0.0570957367
-0.0567665422
-0.0564357874
-0.0561026869
-0.0557662223
-0.0554282534
-0.0550878440
-0.0547441614
-0.0543990161
-0.0540514631
-0.0537006077
-0.0533482265
-0.0529934842
-0.0526354419
-0.0522759183
-0.0519140148
-0.0515488547
-0.0511822469
-0.0508132713
-0.0504410464
-0.0500673781
-0.0496913783
-0.0493120755
-0.0489313777
-0.0485483152
-0.0481620288
-0.0477743682
-0.0473842939
-0.0469910319
-0.0465964040
-0.0461994176
-0.0457992222
-0.0453976682
-0.0449938066
-0.0445867573
-0.0441783223
-0.0437675773
-0.0433537224
-0.0429384823
-0.0425209571
-0.0421012279
-0.0416783133
-0.0412541069
-0.0408276365
-0.0403980419
-0.0399671210
-0.0395340029
-0.0390977425
-0.0386601965
-0.0382204607
-0.0377776379
-0.0373335892
-0.0368873034
-0.0364380068
-0.0359874351
-0.0355346966
-0.0350789413
-0.0346219309
-0.0341627883
-0.0337903510
-0.0333269535
-0.0328614683
-0.0323938712
-0.0319233086
-0.0314515700
-0.0310674250
-0.0305915786
-0.0301136082
-0.0296336188
-0.0291515905
-0.0286666143
-0.0281804977
-0.0276026585
-0.0271125883
-0.0266204251
-0.0261254337
-0.0256293444
-0.0251312763
-0.0245415724
-0.0240388094
-0.0235348610
-0.0230290060
-0.0225203943
-0.0220107382
-0.0214991108
-0.0208949821
-0.0203796158
-0.0198624396
-0.0193424867
-0.0188215452
-0.0182978947
-0.0176835550
-0.0171562077
-0.0166279127
-0.0160969532
-0.0155651090
-0.0150305547
-0.0144951400
-0.0138673727
-0.0133275374
-0.0127868569
-0.0122435405
-0.0116985903
-0.0111527611
-0.0106043929
-0.0100542908
-0.0095034457
-0.0089500505
-0.0083958415
-0.0078391124
-0.0072807455
-0.0067217529
-0.0061601908
-0.0055970281
-0.0050331875
-0.0044669042
-0.0038990576
-0.0033305637
-0.0027596019
-0.0022778129
-0.0017038721
-0.0011284091
-0.0005523726
0.0000260031
0.0006049779
0.0011862078
0.0016783023
0.0022624329
0.0028470144
0.0034339503
0.0040213426
0.0046101356
0.0051114508
0.0057029535
0.0062957434
0.0068907762
0.0074861551
0.0080828540
0.0086816864
0.0091912300
0.0097916896
0.0103933640
0.0109971869
0.0116013258
0.0122066412
0.0127233815
0.0133309967
0.0139406703
0.0145505521
0.0151615436
0.0157736467
0.0163868138
0.0170908200
0.0177061140
0.0183233802
0.0189407772
0.0195591950
0.0201786175
0.0208896066
0.0215110111
0.0221333221
0.0227575255
0.0233816717
0.0240067856
0.0246336748
0.0253502526
0.0259779743
0.0266074221
0.0272368524
0.0278679867
0.0284990391
0.0292214764
0.0298540423
0.0304883117
0.0311223820
0.0317580828
0.0323935500
0.0330306550
0.0337581220
0.0343956461
0.0350347181
0.0356735113
0.0363138034
0.0369547311
0.0375952806
0.0382373260
0.0388798702
0.0395220953
0.0401657164
0.0408098117
0.0414534421
0.0420984725
0.0427439039
0.0433888666
0.0440351853
0.0446818589
0.0453280805
0.0459754844
0.0466223975
0.0471807490
0.0478291731
0.0484769954
0.0491259621
0.0497743003
0.0504238478
0.0510726452
0.0516327903
0.0522819213
0.0529320857
0.0535816022
0.0542321381
0.0548818584
0.0554419952
0.0560928183
0.0567427872
0.0573927795
0.0580437151
0.0586937470
0.0593437847
0.0599049377
0.0605549296
0.0612048184
0.0618546542
0.0625052663
0.0631548737
0.0637146784
0.0643639929
0.0650132007
0.0656621589
0.0663118642
0.0669603846
0.0676086481
0.0683464001
0.0689942011
0.0696416617
0.0702897034
0.0709365281
0.0715830270
0.0723188712
0.0729654554
0.0736107283
0.0742555858
0.0749009066
0.0755448727
0.0761883024
0.0768321792
0.0774745845
0.0781164717
0.0787586647
0.0793993525
0.0800394535
0.0806798379
0.0813187166
0.0819569078
0.0825953606
0.0832321951
0.0838683251
0.0845046213
0.0851393674
0.0857733046
0.0864073589
0.0871294183
0.0877618822
0.0883925589
0.0890232515
0.0896521495
0.0902801649
0.0909978828
0.0916240719
0.0922501725
0.0928744278
0.0934985697
0.0941216465
0.0947428347
0.0954535972
0.0960726345
0.0966914960
0.0972195134
0.0978352231
0.0984506821
0.0989743662
0.0995874511
0.1001087392
0.1007184453
0.1012381757
0.1018454148
0.1023616594
0.1029663159
0.1034799544
0.1040819269
0.1045928476
0.1051920542
0.1057899400
0.1063863460
0.1069813081
0.1075747584
0.1082565357
0.1088470377
0.1094360766
0.1101132405
0.1106991688
0.1112834908
0.1119559504
0.1125379734
0.1131174576
0.1137849985
0.1143611133
0.1149364515
0.1155091705
0.1160801402
0.1166502552
0.1172177027
0.1177833627
0.1183481146
0.1189101420
0.1194703228
0.1200295461
0.1205859607
0.1211404896
0.1216940094
0.1222446686
0.1227933540
0.1233408868
0.1238856435
0.1244283025
0.1250596117
0.1255981476
0.1261355561
0.1266699302
0.1272031046
0.1277332390
0.1283518549
0.1288776431
0.1294021156
0.1299234660
0.1304434844
0.1309603451
0.1314758290
0.1320778130
0.1325886523
0.1330971670
0.1335127238
0.1340165853
0.1345170931
0.1349263485
0.1354220141
0.1358264161
0.1363172222
0.1367158120
0.1372024699
0.1375959936
0.1380766710
0.1384650318
0.1389405706
0.1393238185
0.1397941049
0.1402618152
0.1407268121
0.1411891480
0.1416488094
0.1421954452
0.1426496217
0.1431010883
0.1436395177
0.1440854599
0.1445284520
0.1450584130
0.1454957576
0.1459311599
0.1464525120
0.1468812184
0.1473079231
0.1477307890
0.1481507029
0.1485685374
0.1488927441
0.1493036426
0.1496218197
0.1500265986
0.1503386130
0.1507381615
0.1510439831
0.1514354548
0.1517350118
0.1521211314
0.1524072025
0.1527869552
0.1531634856
0.1534533024
0.1539068355
0.1544584066
0.1549116353
0.1553623892
0.1558089173
0.1562521303
0.1567816819
0.1572190739
0.1576530604
0.1580835986
0.1585996234
0.1590241484
0.1594443587
0.1598610611
0.1602751864
0.1607745544
0.1597451912
0.1587104173
0.1590178803
0.1599498163
0.1607893247
0.1616251550
0.1625480417
0.1633775454
0.1621406595
0.1608973811
0.1596485883
0.1583950781
0.1600978035
0.1617097101
0.1634057483
0.1651042954
0.1667980848
0.1684899129
0.1675769501
0.1666573217
0.1657338730
0.1648935193
0.1657547882
0.1666130168
0.1673775999
0.1682288969
0.1690760833
0.1699211453
0.1673509927
0.1647731361
0.1621904381
0.1634588221
0.1646352894
0.1658982643
0.1663505050
0.1668883718
0.1673332398
0.1678636520
0.1683001197
0.1688221952
0.1692512085
0.1696768826
0.1701871289
0.1706043214
0.1711078316
0.1715164396
0.1720112874
0.1724131380
0.1722722376
0.1720363214
0.1717951379
0.1716402243
0.1703127109
0.1690696509
0.1677305692
0.1710543814
0.1742856948
0.1775171833
0.1807469012
0.1839753126
0.1810996846
0.1782147348
0.1753224519
0.1723323429
0.1694256382
0.1703704419
0.1713115518
0.1723387122
0.1732723979
0.1742023001
0.1751285045
0.1718312668
0.1685276043
0.1652136573
0.1618931828
0.1585630077
0.1600720789
0.1615799513
0.1630829773
0.1675461105
0.1720979439
0.1765615603
0.1751892915
0.1737197338
0.1723352210
0.1667234385
0.1610135455
0.1622941360
0.1635707365
0.1647535938
0.1675492632
0.1703426152
0.1731336898
0.1717047064
0.1703586786
0.1690058126
0.1676469676
0.1703224265
0.1729039585
0.1755746699
0.1781523726
0.1831529690
0.1880618218
0.1840849174
0.1801898958
0.1762836820
0.1730877135
0.1697922933
0.1744786731
0.1791652122
0.1838513670
0.1886283131
0.1933139146
0.1911773251
0.1890345409
0.1811370711
0.1732287218
0.1653044899
0.1573698681
0.1573205666
0.1572651040
0.1571154088
0.1583965241
0.1595841217
0.1608578255
0.1620383240
0.1593554359
0.1566631939
0.1539637180
0.1513458090
0.1531188206
0.1549779826
0.1567446742
0.1585092038
0.1603578523
0.1616665416
0.1629705033
0.1642717724
0.1633245894
0.1623710074
0.1614109978
0.1605352680
0.1595634109
0.1585851358
0.1576910759
0.1567008677
0.1553452991
0.1540730866
0.1527944062
0.1514186188
0.1494092595
0.1473020685
0.1451878218
0.1485424141
0.1519836591
0.1553351012
0.1595815635
0.1638279646
0.1680729276
0.1667519598
0.1654234321
0.1640892940
0.1627494407
0.1614018406
0.1600477141
0.1586870377
0.1573207155
0.1559460837
0.1573487854
0.1587476233
0.1600528841
0.1614438693
0.1628309698
0.1642159215
0.1655054370
0.1668815737
0.1640351525
0.1611811192
0.1583178189
0.1522144442
0.1461010091
0.1399736781
0.1403893648
0.1408001929
0.1411165376
0.1419671819
0.1429026786
0.1437446301
0.1401844520
0.1365242110
0.1329453101
0.1293569216
0.1257613342
0.1220655567
0.1184519570
0.1148280672
0.1085928826
0.1023446242
0.0960869335
0.1012180311
0.1063478148
0.1142621487
0.1222682445
0.1183389992
0.1144905966
0.1060543048
0.0976946482
0.0974005665
0.0971005151
0.1059543740
0.1148068946
0.1237584960
0.1246337490
0.1255041934
0.1263705625
0.1272339439
0.1280924053
0.1249068351
0.1216238849
0.1183314723
0.1203278102
0.1222324253
0.1242221476
0.1261214168
0.1243354536
0.1225428504
0.1207444455
0.1189385133
0.1268191935
0.1346172139
0.1425045276
0.1503090725
0.1450104136
0.1396988172
0.1315965261
0.1235690378
0.1154391503
0.1073849219
0.1029092201
0.0984232572
0.0940188066
0.0895140223
0.0903865933
0.0911652188
0.0957998726
0.1004360207
0.1050702574
0.1006389777
0.0961994769
0.0858244375
0.0755265891
0.0652095300
0.0593684066
0.0536041259
0.0541148590
0.0546209340
0.0551232403
0.0556225867
0.0608734712
0.0662176521
0.0714713513
0.0767276146
0.0820735735
0.0825746123
0.0831606942
0.0837433242
0.0785774187
0.0734006147
0.0683055120
0.0631098994
0.0579051961
0.0595134959
0.0611186873
0.0627213783
0.0627953487
0.0628658518
0.0629319442
0.0660459930
0.0690687156
0.0622160556
0.0554442647
0.0439900503
0.0325233503
0.0340558566
0.0354950552
0.0510286871
0.0666588774
0.0822175470
0.0903340915
0.0844510080
0.0786497510
0.0672716882
0.0559693885
0.0520111976
0.0481351813
0.0490093788
0.0498803670
0.0507489935
0.0516144846
0.0470002184
0.0422903186
0.0375698459
0.0329317305
0.0281954160
0.0234508756
0.0186967438
0.0182442352
0.0177874008
0.0173269743
0.0168628430
0.0163043063
0.0090991305
0.0017954096
-0.0055229679
-0.0034241982
-0.0012355101
0.0008605218
0.0101403085
0.0195126712
0.0288052067
0.0381914423
0.0351973926
0.0322876313
0.0224587784
0.0125293844
0.0094066447
0.0061890458
0.0088906098
0.0115012281
0.0142036494
0.0068513394
-0.0005131886
-0.0193740184
-0.0383530562
-0.0483737798
-0.0584999642
-0.0512233378
-0.0440294911
-0.0307295440
-0.0175030043
-0.0119882746
-0.0064685969
-0.0108190734
-0.0151777732
-0.0196323661
-0.0271473767
-0.0347601981
-0.0422950575
-0.0468764156
-0.0513751655
-0.0559706961
-0.0605732509
-0.0569231308
-0.0531803458
-0.0383079480
-0.0234160537
-0.0084266056
-0.0020354590
0.0044465907
-0.0025307333
-0.0095139412
-0.0222548475
-0.0350070066
-0.0478680899
-0.0478144950
-0.0478526293
-0.0478917926
-0.0463159721
-0.0448313573
-0.0432533882
-0.0416782583
-0.0360593737
-0.0303497919
-0.0246319334
-0.0189129606
-0.0184819389
-0.0180523553
-0.0283970055
-0.0387504629
-0.0517218878
-0.0647931081
-0.0778833664
-0.0864959234
-0.0951219523
-0.0949573365
-0.0947032672
-0.0945399717
-0.0942857054
-0.1057004781
-0.1170415677
-0.1283897902
-0.1398448323
-0.1512173173
-0.1519229789
-0.1527171034
-0.1423799930
-0.1320355790
-0.1217660687
-0.1175030580
-0.1133222570
-0.1091396120
-0.1108752983
-0.1127029386
-0.1165961339
-0.1204932605
-0.1243941157
-0.1275796820
-0.1307678257
-0.1338699043
-0.1366148990
-0.1392710142
-0.1286426180
-0.1180956739
-0.1044795571
-0.0909436118
-0.0909442541
-0.1048567238
-0.1188755662
-0.1329039856
-0.1468606865
-0.1535567061
-0.1603489905
-0.1587094829
-0.1571533968
-0.1494940623
-0.1418206550
-0.1341409335
-0.1263588489
-0.1261984679
-0.1261257151
-0.1259621133
-0.1257945530
-0.1267930006
-0.1277899386
-0.1286967353
-0.1296918134
-0.1306853209
-0.1316789922
-0.1269252747
-0.1221627274
-0.1173955605
-0.1192620818
-0.1210380076
-0.1326897210
-0.1442565389
-0.1614945325
-0.1787411721
-0.1960985176
-0.2133755874
-0.2204385304
-0.2275033496
-0.2231721016
-0.2188337744
-0.2144875237
-0.2060947721
-0.1975968261
-0.1891801924
-0.1893667862
-0.1895504098
-0.2029284325
-0.2163125202
-0.2341114005
-0.2518272685
-0.2602278277
-0.2686305399
-0.2610587164
-0.2535676874
-0.2351978914
-0.2168114954
-0.2044989181
-0.2022264167
-0.2126053657
-0.2228982189
-0.2332910504
-0.2330050813
-0.2328030033
-0.2226354233
-0.2125369733
-0.2024277221
-0.1948127330
-0.1872777138
-0.1923850715
-0.1974029551
-0.2024215892
-0.2074391714
-0.2033892230
-0.1993326973
-0.1951743019
-0.1910979653
-0.1869195349
-0.1828221760
-0.1832929799
-0.1837581569
-0.1952618614
-0.2066775014
-0.2242087012
-0.2417458168
-0.2592115188
-0.2708506335
-0.2824978776
-0.2866088659
-0.2908083038
-0.2894397539
-0.2880633958
-0.2866780065
-0.2967762983
-0.3069660045
-0.3171618060
-0.3272687566
-0.3374725571
-0.3335853948
-0.3297747709
-0.3172483982
-0.3047867754
-0.2923102348
-0.2797168605
-0.2794052262
-0.2790846051
-0.2894372748
-0.2997964004
-0.3158089112
-0.3317470297
-0.3400603231
-0.3345487135
-0.3289363531
-0.3156763078
-0.3023982113
-0.2890935873
-0.2864528338
-0.2837981231
-0.2910961984
-0.2983067006
-0.3056039586
-0.3128118454
-0.3200167433
-0.3177950407
-0.3156537302
-0.3067660053
-0.2978637253
-0.2890279081
-0.2800880005
-0.2820804980
-0.2839751094
-0.2931361204
-0.3022035205
-0.3113631402
-0.3211496635
-0.3309387042
-0.3406360110
-0.3445008654
-0.3483587570
-0.3441309652
-0.3398916665
-0.3255789926
-0.3112468477
-0.2967948573
-0.2824117870
-0.2679984799
-0.2534753565
-0.2462827504
-0.2504750232
-0.2672302329
-0.2840781030
-0.3008473776
-0.3085545904
-0.3161712192
-0.3169607087
-0.3176512870
-0.3184203998
-0.3191792006
-0.3198379552
-0.3205762091
-0.3212130630
-0.3219310057
-0.3225466619
-0.3232423148
-0.3334409563
-0.3436407870
-0.3538372608
-0.3640356173
-0.3742299762
-0.3755372409
-0.3769237252
-0.3782101659
-0.3777813328
-0.3773384352
-0.3768839318
-0.3763253658
-0.3758447910
-0.3823525581
-0.3888539284
-0.3952626554
-0.4017519843
-0.3912693439
-0.3806767180
-0.3655675814
-0.3505247666
-0.3442457052
-0.3524909402
-0.3606445981
-0.3715722700
-0.3825034403
-0.3828384305
-0.3830708315
-0.3833794933
-0.3835855489
-0.3838685763
-0.3840488574
-0.3757789934
-0.3673950737
-0.3408609393
-0.3141873220
-0.2875707540
-0.2608990274
-0.2438099899
-0.2383442014
-0.2460630223
-0.2538577094
-0.2616572403
-0.2694435292
-0.2700470078
-0.2706369632
-0.2712128971
-0.2716855782
-0.2701703685
-0.2686410834
-0.2788511303
-0.2891519392
-0.3162293234
-0.3433319033
-0.3705283205
-0.3976584809
-0.4247937072
-0.4352543528
-0.4343081781
-0.4143114977
-0.3942869794
-0.3742203345
-0.3624713183
-0.3620056632
-0.3741786730
-0.3864452017
-0.4070525437
-0.4275846888
-0.4482060761
-0.4611206573
-0.4740335933
-0.4869392695
-0.4971562771
-0.5074581390
-0.5177534075
-0.5206944486
-0.5235224466
-0.5264343207
-0.5293312705
-0.5321237380
-0.5242335998
-0.5056250432
-0.4869028105
-0.4682276701
-0.4495275206
-0.4307842825
-0.4198229754
-0.4087406235
-0.4061634214
-0.4035687197
-0.4009562632
-0.3983266416
-0.3957695654
-0.3857442337
-0.3756959847
-0.3657094614
-0.3634193719
-0.3758377261
-0.4059307536
-0.4359623405
-0.4660910761
-0.4962430840
-0.5133077370
-0.5200483638
-0.5160976583
-0.4976781093
-0.4792255738
-0.4533733431
-0.4274926161
-0.4104466713
-0.3933747149
-0.3853331069
-0.3772727759
-0.3768182082
-0.3762596985
-0.3757775822
-0.3593038890
-0.3427942065
-0.3108225975
-0.2787017246
-0.2387325578
-0.1987042195
-0.1655349922
-0.1477567465
-0.1501416845
-0.1737939443
-0.2138780435
-0.2540063270
-0.2886732054
-0.3130504299
-0.3269303849
-0.3304924382
-0.3197724515
-0.3089346683
-0.2934981546
-0.2780284290
-0.2688172248
-0.2595808253
-0.2575946659
-0.2556844329
-0.2613864714
-0.2670871760
-0.2727769958
-0.2675098272
-0.2622262472
-0.2474057839
-0.2324739853
-0.2175995233
-0.2081734522
-0.2080647720
-0.2197858024
-0.2314273484
-0.2430616228
-0.2547013533
-0.2591574958
-0.2636089034
-0.2637417764
-0.2638634640
-0.2639743564
-0.2776319858
-0.2911956656
-0.3048589659
-0.3178905477
-0.3204247790
-0.3121796572
-0.2890974690
-0.2658973016
-0.2339450118
-0.2018694926
-0.1797074751
-0.1574234642
-0.1517974149
-0.1608814273
-0.1854927125
-0.2239370460
-0.2624243376
-0.2942845678
-0.3101985236
-0.3110337006
-0.3000088671
-0.2889642896
-0.2723294390
-0.2555806857
-0.2387980475
-0.2349172083
-0.2427831379
-0.2648243441
-0.2867971722
-0.3088642610
-0.3242194599
-0.3239559796
-0.3236832179
-0.3129886937
-0.3022678443
-0.2915300807
-0.2807675955
-0.2762680075
-0.2718443835
-0.2674058031
-0.2651963965
-0.2630636306
-0.2609198731
-0.2525704315
-0.2441998337
-0.2214525137
-0.1831306312
-0.1448606206
-0.1065279948
-0.0798295540
-0.0765984547
-0.0983156165
-0.1415060551
-0.1848074638
-0.2280715671
-0.2630972407
-0.2849645730
-0.3068367970
-0.3205569892
-0.3342812915
-0.3480103026
-0.3655945483
-0.3832920912
-0.3941673727
-0.4050476785
-0.4033548924
-0.4017395501
-0.3848587796
-0.3493562560
-0.3138148653
-0.2783140570
-0.2379218670
-0.1974648457
-0.1388397118
-0.0802101418
-0.0313154292
-0.0064939390
-0.0068620371
-0.0262465065
-0.0576764200
-0.0892190708
-0.1206862957
-0.1373728337
-0.1402379716
-0.1430968226
-0.1460353548
-0.1525592141
-0.1590755835
-0.1603834270
-0.1615904241
-0.1628789287
-0.1640663997
-0.1653338364
-0.1554622046
-0.1455654589
-0.1244299401
-0.0891594688
-0.0538508029
-0.0133610421
0.0271634798
0.0556350358
0.0694249432
0.0686050311
0.0519998260
0.0354716058
0.0037804159
-0.0280356906
-0.0649768470
-0.1019604925
-0.1288135216
-0.1442919025
-0.1460346503
-0.1478595188
-0.1496717907
-0.1513833004
-0.1635846781
-0.1757981408
-0.1880053604
-0.2002157353
-0.2124198256
-0.2090064265
-0.2054969023
-0.1901118601
-0.1746121040
-0.1590781107
-0.1488235184
-0.1386251325
-0.1144158715
-0.0756960464
-0.0261692406
0.0233476783
0.0730020252
0.1125892875
0.1380386897
0.1462054442
0.1364425288
0.1267573520
0.1090122529
0.0912432956
0.0733874042
0.0620703879
0.0599125450
0.0717675842
0.0836441785
0.1118868471
0.1401627924
0.1685752401
0.1969299393
0.2083679224
0.2035717512
0.1820829986
0.1474009146
0.1126722552
0.0826890287
0.0679353396
0.0532713665
0.0492780794
0.0453839399
0.0414900030
0.0375153675
0.0336303977
0.0297529571
0.0257859718
0.0321468024
0.0385231546
0.0449121467
0.0512254030
0.0576424644
0.0640712065
0.0705134345
0.0760703437
0.0816385465
0.0871277066
0.0927179257
0.0854788486
0.0782406587
0.0709946236
0.0636590950
0.0564017329
0.0491512081
0.0418799218
0.0345246927
0.0272461848
0.0291244895
0.0309174912
0.0414984577
0.0521004192
0.0762632864
0.1003674218
0.1275360102
0.1548319145
0.1732608424
0.1918016596
0.2102626589
0.2213827046
0.2325072723
0.2437316707
0.2455357454
0.2473344133
0.2312696194
0.2151736294
0.1934072216
0.1716890651
0.1499506648
0.1393037812
0.1287319591
0.1180369748
0.1073354284
0.0966891832
0.0859451227
0.0751650931
0.0694813346
0.0636804346
0.0669393229
0.0700883134
0.0894740060
0.1087761026
0.1281721064
0.1480207495
0.1678730935
0.1877294377
0.2024635250
0.2172892893
0.2320103398
0.2467341404
0.2580358956
0.2693310747
0.2726242054
0.2758983397
0.2792415701
0.2779855654
0.2767953628
0.2755779852
0.2742455037
0.2729736196
0.2875602642
0.3021366369
0.3220791874
0.3420144406
0.3618403291
0.3817456020
0.4016245628
0.4214886561
0.4360270456
0.4506294871
0.4651086838
0.4879163698
0.5107002684
0.5402087162
0.5696268670
0.5990545266
0.6285852861
0.6365959249
0.6218202766
0.5930189746
0.5641982989
0.5456647591
0.5382446745
0.5444468061
0.5657761949
0.5870735685
0.6140431945
0.6409314597
0.6607715545
0.6707738977
0.6666648914
0.6622525123
0.6467810400
0.6310898176
0.6152524914
0.6107881718
0.6179544740
0.6370479793
0.6563849699
0.6758913166
0.6957161663
0.7012949218
0.6964305362
0.6792101257
0.6623241949
0.6390578434
0.6160056623
0.6013389208
0.5865490888
0.5838102649
0.5805321440
0.5763599217
0.5730364155
0.5687630817
0.5497978202
0.5299195720
0.5047176574
0.4788990167
0.4630222809
0.4472154622
0.4458788543
0.4454972524
0.4462357246
0.4484612980
0.4461532055
0.4454559487
0.4464605179
0.4395943894
0.4337322840
0.4147402306
0.3956172465
0.3758349684
0.3549079021
0.3419081236
0.3384141492
0.3453080510
0.3600942814
0.3828731511
0.4151717343
0.4592064883
0.5147328624
0.5699373364
0.6168948868
0.6511454170
0.6717686201
0.6946435925
0.7059933283
0.7199709330
0.7188147707
0.7199277676
0.7165733352
0.7144929965
0.7129257299
0.7113064281
0.7163590608
0.7200278473
0.7216947756
0.7233561599
0.7226027066
0.7193061807
0.7113422674
0.7014990630
0.6943215798
0.6864362146
0.6782747590
0.6704901138
0.6637083852
0.6581555952
0.6459469898
0.6354021660
0.6266983900
0.6080352703
0.5907492288
0.5558374790
0.5215153400
0.4875395755
0.4660453045
0.4621698144
0.4577240187
0.4523360150
0.4477089553
0.4420282022
0.4276405036
0.4123750809
0.3851036505
0.3573085036
0.3151145525
0.2727724310
0.2254594420
0.1784765055
0.1317671231
0.0947015804
0.0724231773
0.0504648811
0.0451880384
0.0400997931
0.0432924905
0.0576290418
0.0719797562
0.0862795139
0.1004337268
0.1144169066
0.1099637210
0.1052503252
0.0946247265
0.0837489869
0.0726453030
0.0613118915
0.0498086299
0.0533062197
0.0768664846
0.1280006584
0.1928149788
0.2420889825
0.2624200125
0.2743405003
0.2861921635
0.2979751639
0.2772787452
0.2563759500
0.2465988755
0.2368094078
0.2353727651
0.2584768568
0.2670847427
0.2633568236
0.2839346695
0.3220402831
0.3670053586
0.4120696283
0.4414193780
0.4709002540
0.4928691499
0.5149867716
0.5318900761
0.5490688507
0.5664606211
0.5839895333
0.5887484012
0.5936771998
0.5869504645
0.5630779096
0.5394098383
0.5161138924
0.5013847076
0.4869877665
0.4583883634
0.4421312997
0.4262233516
0.4253696209
0.4384267918
0.4658546594
0.4605107244
0.4447912894
0.4386148647
0.4563043897
0.4548749229
0.4536664045
0.4665436458
0.4860590596
0.5056868059
0.4961452603
0.4625699633
0.4543356631
0.4460370758
0.4376224863
0.4117423420
0.3965095937
0.3810588987
0.3653478071
0.3493683323
0.3330880857
0.2968595891
0.2736591341
0.2279078352
0.1734663877
0.1188241191
0.0744549031
0.0548049001
0.0575818916
0.0602208478
0.0452526563
0.0533643729
0.1081322018
0.1844824915
0.2475740712
0.2682958930
0.2890865828
0.3061638411
0.3231918512
0.3403192555
0.3573397058
0.3541757172
0.3508533240
0.3519695098
0.3432629006
0.3341542463
0.3645901331
0.3944667184
0.3970548135
0.4085009376
0.4431277543
0.4769223236
0.4977782648
0.5295322007
0.5605102925
0.5599689379
0.5464785485
0.5325183692
0.5249629286
0.5171411239
0.4982572513
0.4794347912
0.4665924040
0.4541916101
0.4280170874
0.4151482545
0.4271109530
0.4406007677
0.4500616738
0.4427394670
0.4379144378
0.4661964123
0.4881875737
0.4987664822
0.5264283271
0.5562949269
0.5972735964
0.6229767654
0.6337807740
0.6431230515
0.6470129263
0.6508997409
0.6430325828
0.6370774532
0.6497571432
0.6620588158
0.6802604363
0.6937839402
0.7102200839
0.7232808413
0.7419583581
0.7755430176
0.8132591968
0.8318285708
0.8467265576
0.8513557969
0.8123220406
0.6598013337
0.4058428249
0.1898574154
0.1004716589
0.0795900865
0.0763666980
0.0804340823
0.1058978709
0.1271669851
0.1389668865
0.1413901218
0.1258716784
0.1013329480
0.1030887525
0.1228505148
0.1374736309
0.1560557186
0.1748907912
0.2035556490
0.2399416715
0.2512571250
0.2638136218
0.2741498554
0.3150409511
0.3334925335
0.3317806268
0.3432927597
0.3108825837
0.2484498310
0.2313701006
0.2283605738
0.2217794515
0.2124652480
0.1949277189
0.1878030760
0.2087628536
0.2280866728
0.2328308286
0.2217688656
0.2001525066
0.1878697622
0.1925076799
0.1974968160
0.2033533343
0.2102651823
0.2397223795
0.2709327123
0.2960202030
0.3060529267
0.2987258868
0.2725157038
0.2487390999
0.2271456282
0.2166659574
0.2172442328
0.1933494672
0.1970875183
0.2177612018
0.2276022457
0.2383699380
0.2702741605
0.3116952301
0.3369526566
0.3522495097
0.3566936239
0.3606473557
0.3637383369
0.3658867420
0.3670851466
0.3670665079
0.3711155152
0.3741471293
0.3677217780
0.3735556554
0.3684837833
0.3187925553
0.2037248062
0.0667345738
-0.0295044529
-0.0716448700
-0.0901510858
-0.1087952672
-0.1274627469
-0.1464399515
-0.1556378616
-0.1653679760
-0.1705364533
-0.1641569679
-0.1420955168
-0.1211688191
-0.1015723870
-0.0864561750
-0.0725725186
-0.0563652507
-0.0410546548
-0.0264326962
-0.0121867678
0.0174371043
0.0474769929
0.0783591102
0.0976017106
0.0987923631
0.0838701695
0.0707454204
0.0493450449
0.0047723480
-0.0586602315
-0.1032402513
-0.1180847836
-0.1233178904
-0.1284414248
-0.1379851511
-0.1485650223
-0.1481431048
-0.1497194746
-0.1462424012
-0.1452283250
-0.1467441836
-0.1405714717
-0.1363408576
-0.1337470969
-0.1318306317
-0.1401491110
-0.1608929610
-0.1945211419
-0.2274769562
-0.2592760851
-0.2790183240
-0.2919226068
-0.2936095521
-0.2833651865
-0.2787354852
-0.2869883507
-0.3437540167
-0.4343472421
-0.4954538837
-0.5228950361
-0.5581973060
-0.6139513487
-0.6419538126
-0.6369875337
-0.6128909019
-0.6370533013
-0.6841446478
-0.7183523346
-0.7022618554
-0.6656626157
-0.6344584524
-0.6360470316
-0.6769504178
-0.7088050387
-0.7159746592
-0.7159626863
-0.7126125759
-0.7116086798
-0.7272858803
-0.7483731218
-0.7505678423
-0.7422887502
-0.7366870638
-0.7619533341
-0.7903502229
-0.8049959916
-0.8207199028
-0.8225796183
-0.7522309300
-0.5878935752
-0.4595039130
-0.4366470900
-0.4606946430
-0.4713525626
-0.4716842856
-0.4712388931
-0.4742944279
-0.4780955333
-0.4835215975
-0.4914400956
-0.5093159496
-0.5312472684
-0.5372597765
-0.5476455611
-0.5620883220
-0.5823479402
-0.6045220805
-0.6272682344
-0.6489578259
-0.6684270353
-0.6934207760
-0.7148500218
-0.7383862184
-0.7590325411
-0.7774625098
-0.7893349222
-0.7999030850
-0.8090271933
-0.8160793105
-0.8288103748
-0.8372020366
-0.8237439660
-0.8038976616
-0.7881924663
-0.7783729481
-0.7642261413
-0.7357237048
-0.7073145492
-0.6658707129
-0.6292222380
-0.5905191011
-0.5587848049
-0.5284331523
-0.4945007380
-0.4577913489
-0.4236808945
-0.4141514781
-0.4242068865
-0.4222289166
-0.3897206860
-0.3559309631
-0.3386598657
-0.3218385018
-0.2985210176
-0.2586293964
-0.2217381979
-0.1827225781
-0.1469122119
-0.1307704469
-0.1648815874
-0.2386751544
-0.2892854437
-0.3020984693
-0.3012467886
-0.2992687507
-0.3041899541
-0.3075256691
-0.3174935119
-0.3256373147
-0.3380777661
-0.3484393496
-0.3567875887
-0.3628372382
-0.3666601395
-0.3695925473
-0.3701525934
-0.3681661414
-0.3495745629
-0.3286706706
-0.2936098456
-0.2565478107
-0.2179326942
-0.1876924785
-0.1564665550
-0.1425375067
-0.1282342211
-0.1243693563
-0.1209385922
-0.1181426321
-0.1068059041
-0.0875835058
-0.0697291595
-0.0751275963
-0.0822137957
-0.0718808108
-0.0423825272
-0.0146475580
0.0112077698
0.0107879306
-0.0052996021
-0.0116216689
0.0031544424
0.0165455576
0.0168960549
0.0160080743
0.0140309007
0.0071753353
-0.0003464548
-0.0152148088
-0.0304363117
-0.0371390483
-0.0440512267
-0.0434032074
-0.0425908163
-0.0415866529
-0.0490888400
-0.0562190226
-0.0741313800
-0.0915635398
-0.1171830013
-0.1421932114
-0.1665752780
-0.1903544565
-0.2135378974
-0.2361762259
-0.2512972803
-0.2659605644
-0.2687255322
-0.2711403636
-0.2584597763
-0.2456314825
-0.2245632259
-0.2033822788
-0.1821613568
-0.1609487730
-0.1398974516
-0.1372702017
-0.1348163383
-0.1325690108
-0.1344112405
-0.1365090996
-0.1552020090
-0.1741859797
-0.1769277689
-0.1799203124
-0.1831473884
-0.1908971569
-0.1988349929
-0.1947249730
-0.1906409049
-0.1866352220
-0.1895826329
-0.1926341510
-0.1956589664
-0.1985334889
-0.2014001910
-0.2041377328
-0.2067121620
-0.2090969890
-0.2112665651
-0.2195727172
-0.2275370608
-0.2352386282
-0.2427483490
-0.2672144397
-0.3027950788
-0.3381254801
-0.3731788602
-0.3944217754
-0.3992360182
-0.4038598929
-0.4082049839
-0.4122003308
-0.4160358125
-0.4195535498
-0.4229187452
-0.4212369755
-0.4150314030
-0.3975047883
-0.3797783752
-0.3617738642
-0.3436998290
-0.3400834588
-0.3489886538
-0.3434189262
-0.3282171207
-0.3220435306
-0.3157645838
-0.3044418539
-0.2930249318
-0.2921950939
-0.2912007433
-0.2754930734
-0.2597007995
-0.2502061010
-0.2635239844
-0.2768057175
-0.2803487766
-0.2564724754
-0.2161112067
-0.1933460108
-0.1704451385
-0.1288047270
-0.0553557896
0.0037510251
0.0206269845
0.0247689196
0.0411915567
0.0706278121
0.1001372006
0.1363715293
0.1724836127
0.1919609509
0.2281575212
0.2793055742
0.3304704217
0.3551035804
0.3656247762
0.3560839155
0.3464776898
0.3365976911
0.3403563968
0.3346948807
0.3060272288
0.3045975370
0.3155106604
0.3263143489
0.3248615044
0.3123922584
0.3206872251
0.3411195513
0.3515401079
0.3617974627
0.3718051546
0.3633383239
0.3670717322
0.3942551357
0.3871698657
0.4003664426
0.4133092130
0.4163997670
0.4348422574
0.4530641805
0.4710432042
0.4887921306
0.4885415247
0.4880524498
0.4787179007
0.4690497391
0.4788104532
0.4884650157
0.4785359848
0.4594186586
0.4401032125
0.4370958921
0.4338270321
0.4196175762
0.4051538528
0.3849518524
0.3492617366
0.3132968476
0.2567329252
0.1797752534
0.0794179406
-0.0327513061
-0.1133157383
-0.1313058896
-0.1150938832
-0.0843654518
-0.0709901460
-0.0708430492
-0.0706385587
-0.0596039126
-0.0484981753
-0.0259836971
-0.0033870424
-0.0017690299
-0.0356058279
-0.0306934130
-0.0001081688
-0.0010707223
-0.0157490847
-0.0428209873
-0.0697948853
-0.1121458206
-0.1444404552
-0.1520459636
-0.1597406851
-0.1795733372
-0.1882414652
-0.1838358647
-0.1586329331
-0.1544964830
-0.2037206562
-0.2354389356
-0.1493459368
-0.0551782938
-0.1508243554
-0.2751144309
-0.2235813832
-0.1852064162
-0.2214940858
-0.1995867108
-0.0798477743
0.0874914992
0.2583583678
0.3294312068
0.2485279547
0.1555507391
0.1495970738
0.1622040615
0.1399113348
0.1250033614
0.1273677205
0.1367893290
0.1395477294
0.1576966270
0.1782497282
0.2106681552
0.2426733217
0.2677096736
0.2675515371
0.2426436412
0.2085396007
0.1744813427
0.1490409521
0.1236632894
0.1109546748
0.0983539091
0.0993438966
0.1118683865
0.1245591709
0.1375925930
0.1507954331
0.1550300991
0.1596059439
0.1643655518
0.1623042563
0.1605926088
0.1590630107
0.1538478438
0.1489840229
0.1442899328
0.1471204538
0.1501231089
0.1622732516
0.1746813608
0.1873321310
0.2002245119
0.2022231531
0.2044228774
0.1961442148
0.1881118482
0.1734201713
0.1588437254
0.1443944061
0.1301203780
0.1158381928
0.1016013799
0.0944954107
0.0999727497
0.1220636481
0.1605046158
0.1989303388
0.2373468581
0.2668035495
0.2846147762
0.2917091153
0.2890494271
0.2724681106
0.2556556219
0.2275691336
0.1991030748
0.1704440941
0.1413668234
0.1209444279
0.1001719259
0.0868677221
0.0732748458
0.0592385115
0.0498347797
0.0400499420
0.0353490159
0.0302639420
0.0248618958
0.0189818007
-0.0007725250
-0.0210038097
-0.0092476511
0.0347273509
0.0677084904
0.0705481323
0.0729517489
0.0750234988
0.0768577233
0.0782891467
0.0681185785
0.0576616426
0.0359493952
0.0138678148
-0.0147966375
-0.0437057111
-0.0728154083
-0.1020488085
-0.1314073976
-0.1446319804
-0.1581861882
-0.1579857263
-0.1459069753
-0.1187626760
-0.0910918498
-0.0981577695
-0.1173680538
-0.1309838806
-0.1459363535
-0.1542837327
-0.1496798558
-0.1592038605
-0.1812528305
-0.2013280101
-0.2132255482
-0.2092691440
-0.1386313980
0.0456886929
0.2297250226
0.2925030933
0.2543116005
0.2183628758
0.2143525553
0.2078430071
0.1980441581
0.1864155747
0.2011143709
0.2176715704
0.2211719595
0.2103644807
0.1989903935
0.2023465164
0.2044386968
0.1939315001
0.1951555162
0.1971669728
0.1757648225
0.1545278800
0.1503883982
0.1460398479
0.1416348717
0.1373344503
0.1332918880
0.1080116183
0.0828912253
0.0636931114
0.0446523883
0.0355161908
0.0023941788
-0.0213952981
-0.0238587310
-0.0258768189
-0.0075906849
0.0112120833
0.0213895381
0.0320126288
0.0421186625
0.0528770751
0.0702262342
0.0882471590
0.1068562760
0.1121142669
0.1076930308
0.1037734807
0.1004415681
0.0855223536
0.0709813778
0.0380199566
-0.0325957097
-0.1256815479
-0.1961561943
-0.2377568387
-0.2795950727
-0.3216415004
-0.3359641515
-0.3508045956
-0.3561521634
-0.3428593456
-0.3302167554
-0.3307186687
-0.3321579314
-0.3249095040
-0.3133017529
-0.3028568951
-0.3072871295
-0.3127721992
-0.3191869232
-0.3222305169
-0.3261276198
-0.3307924074
-0.3361148288
-0.3502558691
-0.3649573071
-0.3800579910
-0.4049191156
-0.4301748621
-0.4557393469
-0.4816270508
-0.5073598462
-0.5334497507
-0.4806240556
-0.4051173149
-0.3916800326
-0.4191847670
-0.4473951689
-0.4459416381
-0.4452311049
-0.4449660910
-0.4450327714
-0.4412568534
-0.4372837827
-0.4497745390
-0.4707823578
-0.4906194319
-0.4961838586
-0.4999431999
-0.4928140516
-0.4831204800
-0.4702887652
-0.4541256692
-0.4439332468
-0.4455780463
-0.4610706689
-0.4907232736
-0.5159024136
-0.5370598287
-0.5408324869
-0.5420042555
-0.5417923562
-0.5372744340
-0.5343134838
-0.5343967285
-0.5351689337
-0.5414162470
-0.5535379183
-0.5733097355
-0.5987286887
-0.6289492333
-0.6559593333
-0.6854074145
-0.7103764538
-0.7357315457
-0.7551933485
-0.7591160396
-0.7626038545
-0.7751560832
-0.7878809751
-0.8012524881
-0.8153477380
-0.8303699899
-0.8390116740
-0.8459908762
-0.8684192725
-0.8875733447
-0.8984042508
-0.8936270259
-0.8935330654
-0.8975112365
-0.9077436922
-0.9125162779
-0.9145690928
-0.9371696938
-0.9545413904
-0.9566504132
-0.9707709225
-0.9711905058
-0.9479019097
-0.9685838193
-1.0099609062
-0.9963537670
-0.9450522973
-0.9521894287
-0.9829812666
-0.9735149272
-0.9699913364
-0.9861436337
-0.9812158329
-0.9969686235
-1.0200513077
-1.0175661474
-1.0155014699
-1.0283074769
-1.0572900849
-1.0715104003
-1.0393006757
-0.9271047861
-0.7749316678
-0.6123418315
-0.4518457600
-0.3089377648
-0.1795316247
-0.0820614298
-0.0252360503
0.0026102233
0.0075041969
-0.0011480555
-0.0120543804
-0.0304116993
-0.0584960801
-0.0886567101
-0.0924475236
-0.0880214471
-0.0724336233
-0.0643336305
-0.0454786121
0.0033884382
0.0369316899
0.0579443410
0.1321892238
0.1730384930
0.1842270703
0.2093063967
0.2466999305
0.2579139815
0.2646931303
0.2674132607
0.2855346950
0.3006447981
0.2923696102
0.2817481973
0.2855572862
0.2873739069
0.2876418743
0.2679267852
0.2590030412
0.2491449344
0.2388299097
0.2282685601
0.2277186870
0.2178873960
0.1912027140
0.1528952638
0.1154100943
0.0567585247
-0.0229111971
-0.1310966837
-0.2077584598
-0.2002584474
-0.1617733281
-0.1464908850
-0.1573765196
-0.1667987119
-0.1746101542
-0.1978738733
-0.2196978491
-0.2142577106
-0.1599538586
-0.0809885404
-0.0294349222
0.0039768261
0.0489442936
0.0948454986
0.1207428938
0.1327581204
0.1451904820
0.1508240290
0.1566998570
0.1627192360
0.1687533619
0.1745780895
0.1801689279
0.1938111466
0.2066100505
0.2183391396
0.2288903487
0.2382824177
0.2469883949
0.2529983372
0.2587280845
0.2638866572
0.2676785157
0.2688961001
0.2663932401
0.2558889899
0.2421107636
0.2341209853
0.2278772339
0.2362372679
0.2486896371
0.2624910886
0.2590394971
0.2472569881
0.2251035548
0.2082851327
0.1990844449
0.2021713006
0.2284417308
0.2869787647
0.3486880195
0.4040222122
0.4475581051
0.4644579246
0.4458903940
0.4257970728
0.4731396647
0.5312040599
0.5406741720
0.5099634677
0.5014768546
0.4527517238
0.3368247158
0.2458325218
0.2094617775
0.1834005729
0.1490376185
0.1210118068
0.1168310958
0.1161615099
0.1243394385
0.1342801891
0.1442417548
0.1526461530
0.1512326137
0.1489664842
0.1473415278
0.1413574375
0.1374165082
0.1296970537
0.1223974436
0.1148438939
0.1174635978
0.1198027196
0.1221384224
0.1255668640
0.1290891229
0.1326181439
0.1411534305
0.1586306524
0.1850827966
0.2112029895
0.2286187453
0.2313533864
0.2247477644
0.2175647098
0.2098624348
0.2031499418
0.1958799969
0.1879552388
0.1793636944
0.1701999377
0.1702508947
0.1697486238
0.1762520969
0.1823299484
0.1879210413
0.1974410261
0.2065362732
0.2153146813
0.2278643721
0.2401711567
0.2521086856
0.2638826665
0.2753675967
0.2867738955
0.2853067869
0.2689426550
0.2525000573
0.2231952906
0.1938816315
0.1564429198
0.1190558775
0.0728902036
0.0268301678
-0.0190670035
-0.0509754177
-0.0825597970
-0.0980342091
-0.1132228618
-0.1124074010
-0.1113647352
-0.0911254563
-0.0704395892
-0.0469534502
-0.0230075292
0.0012367942
0.0215412850
0.0422248194
0.0631744101
0.0799117816
0.0969868143
0.1143132179
0.1264778829
0.1388600872
0.1516149945
0.1645670031
0.1745324697
0.1846549958
0.1949875811
0.2056221641
0.2141107450
0.2228595289
0.2317617982
0.2338840692
0.2361286865
0.2384631470
0.2408002650
0.2432972873
0.2458526206
0.2484542686
0.2449001158
0.2414516719
0.2379298668
0.2344076147
0.2309663940
0.2422414442
0.2669835258
0.2813202999
0.2784126205
0.2285221740
0.1380904759
0.0829738584
0.0755383350
0.0681525389
0.0422465463
0.0163658739
-0.0095583404
-0.0356347107
-0.0616643874
-0.0877487178
-0.1091137294
-0.1305320952
-0.1465020895
-0.1463549153
-0.1461295759
-0.1459065315
-0.1457916232
-0.1381404297
-0.1304962787
-0.1150351443
-0.0994824489
-0.0894899801
-0.0793967841
-0.0520663225
-0.0022794036
0.0474723419
0.0433987349
-0.0053176171
-0.0540827025
-0.0377474329
0.0259697385
0.0757503319
0.0866796157
0.0546832662
0.0080965887
-0.0160497607
-0.0402491164
-0.0861509020
-0.1320265592
-0.1449782734
-0.1313154173
-0.1177682017
-0.1293884687
-0.1410734939
-0.1444741624
-0.1480153193
-0.1516185619
-0.1401925194
-0.1288131178
-0.0907159938
0.0152911557
0.1757092977
0.2660913697
0.2677481518
0.2581329525
0.2774533455
0.3074953883
0.3278337450
0.3371921885
0.3465102198
0.3450159503
0.3434770946
0.3339108370
0.3241965722
0.3145350703
0.3048214666
0.2848384708
0.2648887242
0.2537872054
0.2425552289
0.2205285841
0.1984490205
0.1763480579
0.1541175806
0.1319544566
0.1156828668
0.0993117206
0.0913618438
0.0833241500
0.0753754786
0.0663581771
0.0573442439
0.0483453064
0.0366620089
0.0249980735
0.0133451175
0.0017163514
-0.0099856558
-0.0215683830
-0.0384272341
-0.0552547866
-0.0720563982
-0.0889205846
-0.0957960363
-0.1025317421
-0.0970134296
-0.0913424358
-0.0856161391
-0.0790155019
-0.0630064610
-0.0333801283
-0.0036435092
0.0001477106
-0.0190660179
-0.0382216055
-0.0525027880
-0.0667149389
-0.0912915869
-0.1157260835
-0.1490167623
-0.1721057364
-0.1596995891
-0.1284503692
-0.1189110796
-0.1364739443
-0.1539880194
-0.1311436000
-0.0711139971
0.0119159972
0.0950512388
0.1342505473
0.1321882412
0.1301074507
0.1450665622
0.1600191249
0.1751569194
0.1902833577
0.2075648867
0.2248464224
0.2423082381
0.2597589921
0.2802673667
0.3008533340
0.3215344586
0.3360999764
0.3402423919
0.3299049979
0.3197112933
0.3000497162
0.2803300344
0.2607408750
0.2411719444
0.2305310203
0.2329433360
0.2354966794
0.2380993844
0.2337421584
0.2294269752
0.2252374255
0.2050055535
0.1848872775
0.2002376708
0.2156316999
0.2220965933
0.2285948432
0.2351245641
0.2416840963
0.2450402315
0.2375571946
0.2175987310
0.1977308267
0.1759603014
0.1622617904
0.1656091661
0.1690558496
0.1866936291
0.2043449760
0.2221083556
0.2265986803
0.2022660488
0.1682165955
0.1448818158
0.1350755085
0.1252302681
0.1117833615
0.0981957215
0.1063121459
0.1550801905
0.2644438022
0.3740266922
0.4159807812
0.4288751029
0.4416505025
0.4649205476
0.4880869084
0.4961567564
0.5041992255
0.5121140858
0.5096740647
0.5071935567
0.4929009102
0.4676810990
0.4235497657
0.3792126586
0.3421592461
0.3218773489
0.3016215692
0.2863996509
0.2712031625
0.2559283099
0.2405865427
0.2286648299
0.2167677089
0.2047050863
0.1926563623
0.1863704101
0.1799353712
0.1735017866
0.1770645169
0.1805641091
0.1955753099
0.2104601022
0.2172954060
0.2150033544
0.2127358391
0.2103033050
0.2117522315
0.2131329268
0.2144564689
0.2230612162
0.2315251075
0.2444069212
0.2572377390
0.2700090655
0.2827260736
0.2952967541
0.3078967562
0.3059877802
0.3039173088
0.3017744057
0.2995590775
0.2842501814
0.2688642499
0.2408963825
0.2128499652
0.2074070960
0.2282717464
0.2693985546
0.3104747342
0.3250571427
0.3396704037
0.3542353076
0.3818453033
0.4093376134
0.4464722940
0.4979549501
0.5706858216
0.6069960137
0.5690399144
0.5178553468
0.5108182741
0.5247101648
0.5210511343
0.4873333029
0.4536230690
0.4103710554
0.3670268330
0.3235594720
0.2999241402
0.2762866760
0.2524798548
0.2285855810
0.1826219244
0.1579061558
0.2427870726
0.3631968352
0.4176680164
0.4143364236
0.4109478290
0.4074986438
0.4039920600
0.3841765195
0.3642929200
0.3526795834
0.3410942829
0.3347400560
0.3283293664
0.3218604143
0.3171319191
0.3123484752
0.2995258500
0.2866375343
0.2697434903
0.2526922057
0.2356726412
0.2200175889
0.2043096184
0.1885375466
0.1635593676
0.1385000110
0.1134774073
0.1009455936
0.1049687093
0.1252161831
0.1585305183
0.1918675043
0.2251819047
0.2476470801
0.2540265263
0.2604698163
0.2667936191
0.2698617798
0.2729877837
0.2759996765
0.2789794398
0.2819358584
0.2836073429
0.2851625001
0.2797801042
0.2744543011
0.2690972460
0.2669393757
0.2646647886
0.2575171062
0.2650586565
0.2905464016
0.3159377696
0.3244697302
0.3328964985
0.3508288667
0.3687566443
0.3866906589
0.3899967575
0.3827852155
0.3617288865
0.3262626879
0.2908503482
0.2692018518
0.2653831617
0.2615495621
0.2433451497
0.2250142126
0.2067515449
0.2024622827
0.1982517023
0.2021115908
0.2059667736
0.1976136448
0.1892506347
0.1808719619
0.1818208114
0.1827684993
0.1837168793
0.1759582173
0.1681048204
0.1603346358
0.1506728528
0.1409132562
0.1312398731
0.1215595899
0.1118769167
0.0984179045
0.0849554324
0.0714838211
0.0540623633
0.0367170946
0.0122780170
-0.0121825078
-0.0366490073
-0.0611343288
-0.0714420701
-0.0817584137
-0.0801211713
-0.0783734777
-0.0689828143
-0.0595601664
-0.0501145156
-0.0407241312
-0.0405541784
-0.0404517472
-0.0484079961
-0.0563512990
-0.0642788802
-0.0799145917
-0.0955393211
-0.1111600910
-0.1324218465
-0.1536905037
-0.1749450941
-0.1963735448
-0.2178864623
-0.2279985451
-0.2381753158
-0.2343385507
-0.2305476225
-0.2266402331
-0.2164070754
-0.1760525434
-0.1144607730
-0.0643265487
-0.0336027913
-0.0205769108
-0.0075097024
-0.0066866884
-0.0059165820
-0.0177735118
-0.0295101462
-0.0502936478
-0.0711446013
-0.0800441225
-0.0889138212
-0.0977541214
-0.1065629270
-0.1101358586
-0.1136717622
-0.1170822795
-0.1141718606
-0.1112149141
-0.1082158673
-0.1019357526
-0.0956111472
-0.0892343809
-0.0828100774
-0.0763335407
-0.0698090399
-0.0663773409
-0.0628934110
-0.0592686649
-0.0556918567
-0.0519742953
-0.0497389479
-0.0474519592
-0.0515723721
-0.0670625149
-0.1019959385
-0.1370199249
-0.1719323426
-0.2053200533
-0.2386859979
-0.2778877296
-0.3170721026
-0.3506020848
-0.3732486170
-0.3808943757
-0.3717076023
-0.3623765831
-0.3530724247
-0.3436241388
-0.3457940929
-0.3479097147
-0.3364323358
-0.3158296797
-0.2796301830
-0.2051755267
-0.1307134860
-0.1026947708
-0.1104218943
-0.1182114403
-0.1164362169
-0.1146153296
-0.1127494811
-0.1142390936
-0.1156027287
-0.1170110526
-0.1277949889
-0.1534526257
-0.1790832425
-0.2097337855
-0.2402706746
-0.2708959413
-0.3014067515
-0.3320038108
-0.3582707902
-0.3844501311
-0.4031480512
-0.4217323078
-0.4287173206
-0.4356594912
-0.4324305571
-0.4290611425
-0.4157807205
-0.4023421565
-0.3705507653
-0.3387544340
-0.3009796098
-0.2630181257
-0.2358518132
-0.2258455122
-0.2337439068
-0.2416150103
-0.2494531969
-0.2572643209
-0.2650442156
-0.2727973031
-0.2805200097
-0.2882168792
-0.2885232713
-0.2888851960
-0.2827495349
-0.2764818364
-0.2621884103
-0.2479303115
-0.2286924475
-0.2093955857
-0.1901440073
-0.1817859168
-0.1733021641
-0.1768073527
-0.1802839185
-0.1837370801
-0.1871631162
-0.1913732189
-0.1956488239
-0.1998122271
-0.2040412844
-0.2015179755
-0.1989652679
-0.1963840902
-0.1938659033
-0.1871912736
-0.1805762789
-0.1739293409
-0.1645626544
-0.1550707601
-0.1456407438
-0.1361775217
-0.1265965994
-0.1229972545
-0.1192878428
-0.1156432865
-0.1166456420
-0.1177218254
-0.1186920519
-0.1196470199
-0.1206770343
-0.1117272235
-0.1027559416
-0.0810991595
-0.0593221846
-0.0489064229
-0.0530118624
-0.0571937918
-0.0514123529
-0.0455195557
-0.0397046354
-0.0403381564
-0.0408622425
-0.0414830845
-0.0420857609
-0.0495080103
-0.0568398877
-0.0642716094
-0.0768104491
-0.0894550298
-0.1021015656
-0.1147641260
-0.1273402401
-0.1400232631
-0.1447221225
-0.1494275707
-0.1453376807
-0.1412425739
-0.1371432672
-0.1296268450
-0.1221048864
-0.1145753498
-0.1070408730
-0.0994996854
-0.1037107426
-0.1079324958
-0.1232906982
-0.1385841239
-0.1584698968
-0.1783908704
-0.1984185137
-0.2183882266
-0.2329127439
-0.2475506171
-0.2514273151
-0.2553290204
-0.2496276868
-0.2308241960
-0.2120202359
-0.1833177033
-0.1546067749
-0.1257758459
-0.0970265365
-0.0682482829
-0.0393711736
-0.0196253204
0.0001264847
0.0127885361
0.0255461275
0.0315717321
0.0376746168
0.0369554001
0.0363031229
0.0290784276
0.0219299151
0.0147490333
0.0074622725
-0.0005719391
-0.0086282764
-0.0168035569
-0.0249111095
-0.0331385005
-0.0412983902
-0.0511057693
-0.0608482158
-0.0707132620
-0.0805142713
-0.0904378239
-0.0945533963
-0.0986955502
-0.1028607924
-0.1030104286
-0.1031816722
-0.1032836294
-0.1034956300
-0.1021136630
-0.1006616838
-0.0993188753
-0.0979963536
-0.0966946705
-0.0953229450
-0.0940620177
-0.0928211098
-0.0916027179
-0.0971353667
-0.1027901771
-0.1084693429
-0.1141803742
-0.1199176387
-0.1256869544
-0.1211604325
-0.1167415559
-0.1122515466
-0.1027522066
-0.0931786444
-0.0837056511
-0.0717349852
-0.0596818742
-0.0477331643
-0.0436921489
-0.0397610491
-0.0438395774
-0.0479434790
-0.0520783047
-0.0567760332
-0.0614141786
-0.0661702092
-0.0702368718
-0.0743288978
-0.0784518120
-0.0825992716
-0.0867749578
-0.0909775837
-0.0974540046
-0.1039565485
-0.1104917329
-0.1169638406
-0.1235602360
-0.1244325558
-0.1253358885
-0.1181776578
-0.1109467331
-0.0996027309
-0.0882640698
-0.0769389885
-0.0723532045
-0.0678753386
-0.0634120301
-0.0644420728
-0.0654936699
-0.0665680462
-0.0676638641
-0.0688708385
-0.0598630199
-0.0509592512
-0.0338026162
-0.0166534723
0.0005009011
0.0184547315
0.0365058134
0.0545501158
0.0678449547
0.0811229170
0.0881297349
0.0951090494
0.1020887234
0.1090597485
0.1125151666
0.1160515063
0.1194809568
0.1138325615
0.1082486957
0.0922411379
0.0762801414
0.0602950889
0.0433704185
0.0264219032
0.0094356299
-0.0075761671
-0.0246260223
-0.0380202420
-0.0514471800
-0.0648947711
-0.0783747975
-0.0897227902
-0.1011873946
-0.1126712825
-0.1240929326
-0.1288919500
-0.1338000713
-0.1280362327
-0.1223656027
-0.1064698773
-0.0905604638
-0.0746494350
-0.0587242160
-0.0525794085
-0.0463448309
-0.0402017752
-0.0397152438
-0.0392349023
-0.0387611975
-0.0421527322
-0.0455545109
-0.0488750885
-0.0522952117
-0.0556333652
-0.0590705377
-0.0625148437
-0.0631837684
-0.0639479107
-0.0647164220
-0.0654880817
-0.0651868126
-0.0648880324
-0.0645906779
-0.0643848152
-0.0640899499
-0.0637963806
-0.0635037376
-0.0633006105
-0.0630080756
-0.0568818788
-0.0507465466
-0.0446061999
-0.0383671073
-0.0361597126
-0.0339489958
-0.0395430687
-0.0451432615
-0.0507444689
-0.0611988236
-0.0716582451
-0.0821287363
-0.0926037537
-0.1029988550
-0.1149228907
-0.1267691964
-0.1386195973
-0.1504815778
-0.1623469509
-0.1742212505
-0.1860988429
-0.1905344211
-0.1949733827
-0.1994068545
-0.1973744864
-0.1953274145
-0.1833145190
-0.1712752772
-0.1592208748
-0.1482167854
-0.1371992535
-0.1336089133
-0.1299176972
-0.1263025490
-0.1262654049
-0.1262176334
-0.1262520482
-0.1261857629
-0.1262001979
-0.1261143941
-0.1196455232
-0.1130678545
-0.1065633947
-0.0999501327
-0.0926923397
-0.0854139923
-0.0781189454
-0.0708018811
-0.0667891676
-0.0626679444
-0.0585329533
-0.0543799507
-0.0532630625
-0.0521322938
-0.0510784637
-0.0499199392
-0.0532361200
-0.0565431327
-0.0597498675
-0.0702206495
-0.0805965617
-0.0909722020
-0.1013418197
-0.1118019097
-0.1221665425
-0.1325310955
-0.1368764533
-0.1412136000
-0.1455397254
-0.1498575684
-0.1491380301
-0.1483129777
-0.1475637254
-0.1399743803
-0.1322757198
-0.1246418449
-0.1168984346
-0.1092192052
-0.1014299621
-0.0937050911
-0.0858715586
-0.0858218871
-0.0856681201
-0.0855895166
-0.0937532471
-0.1020029306
-0.1101544590
-0.1188416141
-0.1275202388
-0.1361956941
-0.1395675669
-0.1430188705
-0.1463685343
-0.1467445609
-0.1471058716
-0.1475440335
-0.1478770216
-0.1481972178
-0.1485028630
-0.1472676801
-0.1460162870
-0.1447503716
-0.1434691936
-0.1375914532
-0.1316967738
-0.1257792485
-0.1198436331
-0.1143341966
-0.1087172171
-0.1031694610
-0.1016426353
-0.1000990585
-0.0985418001
-0.0986743252
-0.0987933499
-0.0988107062
-0.0989034173
-0.0988945957
-0.0989615125
-0.0989251863
-0.0989675410
-0.0923515593
-0.0857203490
-0.0789769887
-0.0699731158
-0.0609439414
-0.0518969063
-0.0428248469
-0.0382229373
-0.0336023459
-0.0289680102
-0.0314978234
-0.0340182740
-0.0365306272
-0.0445097337
-0.0523995159
-0.0602831690
-0.0681682644
-0.0694056766
-0.0706359928
-0.0655739455
-0.0605838381
-0.0554916821
-0.0504727293
-0.0454389377
-0.0403008224
-0.0455613365
-0.0508204642
-0.0632526820
-0.0756057578
-0.0880479906
-0.1004094973
-0.1128615497
-0.1185894257
-0.1244015978
-0.1301254925
-0.1296528908
-0.1290825232
-0.1285039835
-0.1222616168
-0.1160078742
-0.1097394725
-0.1034591404
-0.0944698331
-0.0854682967
-0.0763595092
-0.0673272659
-0.0581870132
-0.0491246563
-0.0400442512
-0.0376833031
-0.0353158170
-0.0394918708
-0.0436715512
-0.0478473614
-0.0546299808
-0.0615014379
-0.0683802661
-0.0751696071
-0.0820542386
-0.0888505542
-0.0957433612
-0.1025483018
-0.1094491894
-0.1163514059
-0.1231725439
-0.1300848145
-0.1369147155
-0.1413227080
-0.1457360587
-0.1500611419
-0.1494516924
-0.1489303345
-0.1483172009
-0.1437530267
-0.1391812698
-0.1346060688
-0.1300229036
-0.1254363597
-0.1201251518
-0.1148989481
-0.1096663477
-0.1043394117
-0.0990947518
-0.0988741246
-0.0985632010
-0.0983426177
-0.0981216310
-0.0978128335
-0.0975946600
-0.0973768117
-0.0896188331
-0.0817665488
-0.0739936062
-0.0662188798
-0.0596013125
-0.0530711400
-0.0465348806
-0.0399954222
-0.0347966377
-0.0296858941
-0.0244810708
-0.0193655481
-0.0120912846
-0.0049044136
0.0033671069
0.0115509007
0.0187553847
0.0260515165
0.0332626939
0.0345530910
0.0358415844
0.0372160202
0.0314951570
0.0258561957
0.0202056882
0.0145458668
0.0087837623
0.0031035105
-0.0025895140
-0.0082911721
-0.0140137095
-0.0198189949
-0.0278899898
-0.0360615673
-0.0441595150
-0.0523583970
-0.0605743880
-0.0622485756
-0.0640210395
-0.0657106201
-0.0641753350
-0.0625536628
-0.0609366699
-0.0594134922
-0.0578052938
-0.0562911254
-0.0546904252
-0.0531846539
-0.0440502925
-0.0349161005
-0.0257761692
-0.0167252372
-0.0109004184
-0.0051674243
0.0005669447
0.0006452634
0.0006267654
0.0006022994
0.0005705980
0.0005328326
0.0085688603
0.0166033820
0.0245536217
0.0390535460
0.0534778724
0.0679955483
0.0825256588
0.0969703688
0.1115144305
0.1163756686
0.1213212493
0.1261794229
0.1238442619
0.1215033861
0.1191564171
0.1135732904
0.1078787749
0.1021746262
0.0964561648
0.0907260519
0.0849812709
0.0792251406
0.0734545213
0.0676723221
0.0658250955
0.0638802182
0.0619253802
0.0600531180
0.0582595280
0.0565477956
0.0548269276
0.0530980843
0.0500134447
0.0470087118
0.0439033823
0.0408783537
0.0377530532
0.0398235059
0.0418903706
0.0439519464
0.0493314309
0.0547085590
0.0601756398
0.0655503041
0.0709249004
0.0762971586
0.0816703631
0.0809374925
0.0801965013
0.0794479041
0.0712408677
0.0630207613
0.0547826739
0.0465332218
0.0396112428
0.0326791596
0.0257299389
0.0209239143
0.0161045167
0.0112760098
0.0064344392
0.0016734052
-0.0031905141
-0.0074354638
-0.0116018557
-0.0158679689
-0.0201453860
-0.0193167366
-0.0184917243
-0.0175834736
-0.0167687537
-0.0162284336
-0.0156029473
-0.0149836662
-0.0144579598
-0.0158231362
-0.0171950523
-0.0184837159
-0.0198699036
-0.0212621421
-0.0226611910
-0.0240671816
-0.0254810076
-0.0268997580
-0.0245557023
-0.0223048751
-0.0199654701
-0.0128730842
-0.0056855791
0.0014116418
0.0151580499
0.0289983997
0.0427645775
0.0571629930
0.0715766657
0.0859965325
0.0907349417
0.0955610558
0.1003006428
0.1031523709
0.1060053133
0.1088548645
0.1117049425
0.1144609336
0.1173081178
0.1162922358
0.1151821684
0.1140667546
0.1075564495
0.1009503798
0.0943295066
0.0877893794
0.0811474574
0.0744966432
0.0684601891
0.0624172506
0.0562714085
0.0502082029
0.0441313793
0.0352653821
0.0264729444
0.0175812137
0.0087629966
0.0046923405
0.0007029303
0.0042448351
0.0077898900
0.0184241028
0.0289809914
0.0395407959
0.0514597861
0.0634736091
0.0754115281
0.0874442917
0.0962580165
0.1051654904
0.1140820710
0.1165402368
0.1189978465
0.1214559135
0.1196036293
0.1178376995
0.1159759084
0.1142002714
0.1123305460
0.1172770967
0.1222276819
0.1271801004
0.1340213616
0.1409554173
0.1478971812
0.1510709193
0.1542432499
0.1574232209
0.1559268603
0.1544369179
0.1529355689
0.1455109543
0.1379834675
0.1305376663
0.1164338978
0.1024101399
0.0882736636
0.0742162840
0.0602247737
0.0463132984
0.0322891466
0.0230116194
0.0137184046
0.0043277018
0.0007574626
-0.0028175065
-0.0063967597
-0.0099823546
-0.0103416822
-0.0107033662
-0.0110658585
-0.0114308595
-0.0119779955
-0.0125274078
-0.0130782856
-0.0136308590
-0.0151737253
-0.0168086402
-0.0184467597
-0.0199976253
-0.0216425529
-0.0232895953
-0.0215291644
-0.0198574997
-0.0181853374
-0.0096016561
-0.0010082188
0.0075899135
0.0184443065
0.0293044595
0.0401789572
0.0510599378
0.0575556647
0.0639646853
0.0704706298
0.0769808301
0.0801770199
0.0834632046
0.0866640654
0.0899552268
0.0932498971
0.0964562958
0.0997559414
0.1030562095
0.1062704149
0.1024860766
0.0986943310
0.0948092281
0.0875962376
0.0802871488
0.0730568567
0.0657302115
0.0653964006
0.0649710322
0.0646342983
0.0699502300
0.0752724966
0.0805991703
0.0858416069
0.0854324826
0.0850215745
0.0846097257
0.0816829527
0.0788424194
0.0759086382
0.0729703150
0.0730798922
0.0731007304
0.0731190232
0.0732270286
0.0732434816
0.0733507648
0.0733665899
0.0706002838
0.0677380278
0.0649639688
0.0620957506
0.0593137171
0.0565273508
0.0536486514
0.0508552593
0.0479688298
0.0451686607
0.0423650436
0.0443149742
0.0463557549
0.0483096984
0.0535849505
0.0587760794
0.0639709806
0.0687957412
0.0739941691
0.0792879310
0.0844899630
0.0896945215
0.0916657775
0.0936348941
0.0956883039
0.0976490183
0.0996026982
0.1015527390
0.1034974671
0.1055250640
0.1008281758
0.0961248291
0.0915084184
0.0867967599
0.0806522607
0.0745937666
0.0684475457
0.0623897841
0.0594607019
0.0565314806
0.0535156908
0.0505902070
0.0515887337
0.0524962832
0.0534919870
0.0544854336
0.0553885804
0.0563779846
0.0572759835
0.0511591870
0.0450531897
0.0389550952
0.0328709669
0.0267091224
0.0206507030
0.0145178672
0.0121995133
0.0098879926
0.0074992399
0.0082016042
0.0089950423
0.0097033639
0.0104148850
0.0149893086
0.0195536872
0.0241108058
0.0332026959
0.0423615597
0.0514011857
0.0605026453
0.0698312787
0.0791295310
0.0883900086
0.0935343386
0.0987387065
0.0982015128
0.0977456646
0.0898521047
0.0819846211
0.0741408941
0.0637451629
0.0533841351
0.0430677812
0.0374223040
0.0318028057
0.0261205617
0.0243958496
0.0225939374
0.0208896416
0.0191090783
0.0174256019
0.0156682803
0.0139223168
0.0148924638
0.0157762807
0.0167433985
0.0176242221
0.0185021338
0.0194625168
0.0159020053
0.0122816318
0.0087685334
0.0029511392
-0.0027471723
-0.0084848794
-0.0141015564
-0.0151304912
-0.0161459976
-0.0171458726
-0.0145164715
-0.0118148422
-0.0092047296
-0.0065243349
-0.0039360571
-0.0013594114
0.0012864547
0.0038382540
0.0064589608
0.0119687899
0.0174452547
0.0228822233
0.0282829757
0.0329241771
0.0375310405
0.0420224749
0.0416318795
0.0411640112
0.0406992868
0.0402383055
0.0399386656
0.0396406150
0.0393451774
0.0390522342
0.0400871047
0.0411122815
0.0421293539
0.0431355841
0.0441332315
0.0451196532
0.0460964829
0.0471390072
0.0480950457
0.0483527046
0.0485312596
0.0487814321
0.0519007925
0.0549858536
0.0579644391
0.0609827907
0.0639678177
0.0669165827
0.0697566590
0.0726343419
0.0744414385
0.0762214633
0.0779760006
0.0797034315
0.0814035727
0.0830028583
0.0812351699
0.0794782939
0.0776588345
0.0759235624
0.0729791272
0.0700611988
0.0671672701
0.0643725949
0.0615312022
0.0587188394
0.0559322815
0.0531749607
0.0504449887
0.0477443712
0.0418791757
0.0360857980
0.0303605541
0.0247091599
0.0191280558
0.0136226936
0.0137640086
0.0139073689
0.0140512808
0.0155411962
0.0170153071
0.0185374905
0.0199759775
0.0197396868
0.0195741185
0.0193473960
0.0191262759
0.0159740771
0.0128687699
0.0097467823
0.0067380794
0.0037795286
0.0009321892
-0.0018645413
-0.0046140862
-0.0030773118
-0.0014930746
0.0000128223
0.0054383157
0.0107235331
0.0159955682
0.0214334182
0.0267909435
0.0320620061
0.0372512576
0.0405957101
0.0438840501
0.0471143366
0.0502875602
0.0534018222
0.0564581845
0.0594543179
0.0623930428
0.0652117461
0.0637222538
0.0622480457
0.0607889453
0.0578524106
0.0549569641
0.0521053361
0.0524081125
0.0526969868
0.0529724732
0.0544046084
0.0558020436
0.0571633549
0.0584346317
0.0597242684
0.0589652390
0.0581547090
0.0574012970
0.0566506706
0.0545697214
0.0524663777
0.0504444043
0.0484530572
0.0464380755
0.0445069649
0.0426052312
0.0407336660
0.0388407893
0.0370307336
0.0362108583
0.0353512757
0.0345526907
0.0337155354
0.0342233376
0.0346645621
0.0350898377
0.0354991300
0.0358917949
0.0340139969
0.0322168455
0.0304062682
0.0286298292
0.0268883860
0.0253209859
0.0237857258
0.0222815415
0.0207639169
0.0180053750
0.0153564891
0.0127242288
0.0101553156
0.0076502738
0.0052542611
0.0051098703
0.0050188656
0.0049354007
0.0048615849
0.0069236458
0.0089365096
0.0109019088
0.0139412225
0.0169013810
0.0197382684
0.0225368531
0.0252520294
0.0278864142
0.0284523306
0.0289542194
0.0294714386
0.0299642207
0.0304316799
0.0308369682
0.0307656468
0.0306480271
0.0305218822
0.0304243390
0.0302808037
0.0293379343
0.0284136099
0.0275075617
0.0266201631
0.0257511481
0.0249005473
0.0262031578
0.0274815762
0.0287022354
0.0298646852
0.0312295293
0.0324949015
0.0337267558
0.0348911778
0.0347495330
0.0345894346
0.0344110980
0.0328980378
0.0313890171
0.0299166585
0.0272947963
0.0247578336
0.0223041879
0.0199337629
0.0175634141
0.0152523285
0.0130269281
0.0108881125
0.0088598057
0.0075321879
0.0062597315
0.0050423483
0.0038791509
0.0027704682
0.0016907297
0.0010665315
0.0004532161
-0.0001244718
-0.0006675730
-0.0011759354
-0.0016507705
-0.0014023571
-0.0011338572
-0.0008887319
-0.0006247587
-0.0003834699
0.0003338038
0.0010242025
0.0016885782
0.0023076408
0.0029210106
0.0035083780
0.0045203630
0.0054823284
0.0063958593
0.0072437486
0.0080620226
0.0087016121
0.0093031760
0.0098506028
0.0103776388
0.0108679031
0.0113074625
0.0117271890
0.0121127413
0.0121676885
0.0122218171
0.0122469052
0.0122713105
0.0116825807
0.0111304963
0.0106015447
0.0100826924
0.0095988963
0.0090778549
0.0085707972
0.0081001669
0.0076535912
0.0072196643
0.0072490555
0.0072706591
0.0072845493
0.0072909223
0.0072137820
0.0071443827
0.0070638395
0.0069818581
0.0064920980
0.0060318411
0.0056006735
0.0051972600
0.0048211909
0.0044713922
0.0046514685
0.0048228215
0.0049712087
0.0051113027
0.0051231220
0.0051298040
0.0051313699
0.0048281711
0.0045520800
0.0042901180
0.0040479358
0.0038300280
0.0036247262
0.0037139856
0.0037945077
0.0038667455
0.0040851076
0.0042854511
0.0044591060
0.0046119273
0.0047485239
0.0048613659
0.0048131089
0.0047613387
0.0047061916
0.0045609826
0.0044251057
0.0042913675
0.0041662855
0.0040431004
0.0039249704
0.0038143979
0.0037053652
0.0036006551
0.0035026200
0.0034850000
0.0034640680
0.0034375067
0.0034033877
0.0033664679
0.0033246359
0.0032762775
0.0032255569
0.0031706562
0.0031200759
0.0030662806
0.0030062113
0.0029433718
0.0028763421
0.0028041035
0.0027636180
0.0027149482
0.0026586194
0.0025951952
0.0025241498
0.0024481833
0.0023293064
0.0022110829
0.0020935769
0.0019760649
0.0018602892
0.0017254796
0.0015949582
0.0014685202
0.0013459930
0.0012271931
0.0011002453
0.0009782759
0.0008620168
0.0007505813
0.0006254769
0.0005080698
0.0003977969
0.0002940552
0.0001934898
0.0000989787
0.0000099859
-0.0000740350
-0.0001535766
-0.0002291279
-0.0003011346
-0.0003614801
-0.0004209837
-0.0004801871
-0.0005283228
-0.0005790950
-0.0006320333
-0.0006801435
-0.0007321267
-0.0007876713
-0.0008462077
-0.0009074868
-0.0009711828
-0.0010395878
-0.0011089804
-0.0011792086
-0.0012501333
-0.0013223899
-0.0013948220
-0.0014673630
-0.0015399531
-0.0016125373
-0.0016850654
-0.0017574925
-0.0018300854
-0.0019023635
-0.0019743136
-0.0020459586
-0.0021172834
-0.0021880553
-0.0022586365
-0.0023289945
-0.0023991023
-0.0024689375
-0.0025384821
-0.0026077229
-0.0026767306
-0.0027453520
-0.0028136103
-0.0028815258
-0.0029491159
-0.0030163958
-0.0030833773
-0.0031500711
-0.0032164856
-0.0032826273
-0.0033485011
-0.0034141107
-0.0034794585
-0.0035445461
-0.0036093743
