-0.0008570549
-0.0009248603
-0.0009940175
-0.0010609990
-0.0011292354
-0.0011955654
-0.0012630180
-0.0013289058
-0.0013960189
-0.0014621009
-0.0015278225
-0.0015922715
-0.0016562952
-0.0017189542
-0.0017802610
-0.0018401592
-0.0018969845
-0.0019538968
-0.0020114357
-0.0020696964
-0.0021255360
-0.0021824883
-0.0022344949
-0.0022939115
-0.0023687477
-0.0024428045
-0.0025035446
-0.0025704419
-0.0026355037
-0.0027028163
-0.0027698626
-0.0028450158
-0.0029154238
-0.0029760697
-0.0030824291
-0.0032053600
-0.0029321105
-0.0023142862
-0.0024685700
-0.0027554967
-0.0029985256
-0.0034098372
-0.0033550639
-0.0026159937
-0.0014295636
-0.0010944780
-0.0038406383
-0.0060112204
-0.0052774138
-0.0043848019
-0.0035606033
-0.0039918383
-0.0043914977
-0.0040647923
-0.0034530917
-0.0033351121
-0.0066571196
-0.0063113347
-0.0007390373
0.0006109461
-0.0057368959
-0.0118645701
-0.0093244261
-0.0056234895
-0.0014087703
0.0024011447
-0.0057577074
-0.0045148231
-0.0008038691
0.0006559682
0.0053997410
0.0077806191
-0.0016580072
-0.0034592088
0.0007775419
-0.0047300824
-0.0099470479
-0.0103927075
-0.0046839596
0.0007077724
-0.0011552945
-0.0096005511
-0.0175093241
-0.0107574943
0.0070645514
0.0076478667
-0.0174248208
-0.0335635124
-0.0049356238
0.0242762386
0.0082799101
-0.0256374703
-0.0366937407
-0.0071688431
0.0159921748
-0.0167722606
-0.0242312856
0.0020819472
0.0255486626
0.0175094841
-0.0161911696
-0.0532789968
-0.0450638982
0.0152567001
0.0554771141
0.0113115454
-0.0437325940
-0.0492437735
0.0174202958
0.0241014233
-0.0407131085
-0.0452258510
-0.0245378527
-0.0065678640
0.0144342486
-0.0039933870
-0.0547490989
-0.0626909709
-0.0238352149
0.0162042183
0.0186522721
-0.0124851877
-0.0191678905
0.0022391859
-0.0139314936
-0.0142493616
0.0001480012
0.0086871003
0.0174199684
-0.0006208011
-0.0229361224
-0.0429883314
-0.0257727647
0.0035559164
0.0287375815
0.0212804814
-0.0034213661
-0.0246684198
-0.0181063560
0.0060813759
0.0064402663
-0.0139403510
-0.0203561904
-0.0004667682
0.0153960290
-0.0061016549
-0.0295143582
-0.0229879614
-0.0149846593
-0.0055719184
0.0024868063
-0.0127768730
-0.0312403091
-0.0108298753
0.0164792263
0.0151888114
-0.0100958292
-0.0221115463
-0.0138272112
-0.0064162049
0.0020064137
0.0061541847
-0.0035920728
-0.0124740161
-0.0032815838
0.0105520911
0.0157360355
-0.0081530682
-0.0013421779
0.0075161944
-0.0386833184
-0.0409002293
-0.0131289368
0.0095333818
0.0151726579
-0.0080496626
-0.0362793361
-0.0342338291
-0.0074398768
0.0192007710
0.0239327060
0.0043856768
-0.0059814671
0.0013909556
0.0019687271
-0.0015006153
-0.0020459540
-0.0040254522
-0.0036390369
-0.0043514334
-0.0041649573
-0.0010714063
0.0057171610
0.0074595718
-0.0002005362
-0.0061198090
0.0045023144
-0.0087431302
-0.0029826537
0.0114536635
0.0157696878
0.0088824955
-0.0010270832
-0.0096101548
-0.0160641086
-0.0101655624
-0.0043604211
-0.0108074739
-0.0190224563
-0.0076432725
0.0026411580
-0.0047549111
0.0033743472
0.0176015450
0.0268363913
0.0161820801
0.0011702524
0.0082654258
0.0174332002
0.0245994099
0.0149532938
-0.0120887827
-0.0354508647
-0.0175302019
0.0155230953
-0.0284628649
-0.0092929531
0.0294162011
0.0108736156
-0.0124596695
0.0100301934
0.0344370883
0.0159061852
0.0007155598
-0.0154413339
-0.0192664563
-0.0085615748
0.0035658000
-0.0082423470
-0.0202553693
-0.0064524834
0.0016440908
0.0002897292
0.0135476966
0.0252556133
0.0076290358
-0.0024353444
0.0267780205
0.0152177248
-0.0081422150
-0.0250123081
-0.0223132275
-0.0125613122
-0.0002448587
0.0115068767
-0.0058923001
-0.0288864905
-0.0171057471
-0.0054367039
0.0047479685
0.0180493439
0.0249472421
0.0066708109
0.0099031378
0.0243385074
0.0115125121
-0.0034785183
-0.0083543390
-0.0071519158
-0.0042549759
-0.0023446625
-0.0009904730
-0.0124410600
-0.0333916982
-0.0026967853
0.0724300207
0.0453756024
0.0043898704
-0.0245836928
-0.0474792993
-0.0315196754
-0.0130381491
0.0036031365
0.0173444391
0.0165470056
-0.0168028765
-0.0519959139
-0.0287759715
0.0164022444
0.0585498170
0.0601520815
0.0141841107
-0.0475768506
-0.1013156816
-0.0273202393
0.0717122874
0.0400718779
0.0029774662
-0.0186453273
-0.0239364219
-0.0571664900
-0.0947213666
-0.0139027532
0.0766972554
0.0389151132
-0.0247687761
-0.0701719310
-0.0102254949
0.0305679432
0.0269304277
-0.0012958366
-0.0416767210
-0.0401062290
-0.0046395362
0.0151692379
-0.0103396392
-0.0362051653
-0.0622748569
-0.0713748913
-0.0515634881
-0.0277303400
-0.0534488234
-0.1325543472
-0.1153145586
-0.0655836462
-0.0345635577
-0.0357008136
-0.0513850064
-0.0351407932
-0.0194562729
-0.0083152780
-0.0369294163
-0.0669172355
-0.0344874822
0.0352381026
0.0909409774
0.0189390838
-0.0777265247
-0.0181186108
0.0517758355
0.0869626232
0.0546202389
0.0123722464
0.0062530459
0.0344747167
0.0679168489
0.1074335062
0.1371888098
0.0667327895
-0.0176144768
-0.0302471793
0.0168633471
0.0475764435
0.0195516992
0.0162419470
0.0253847020
0.0266640944
0.0306897314
0.0345379418
0.0396162223
0.0421483453
0.0462562813
0.0595162882
0.0812131345
0.0978097849
0.1162019813
0.1453691714
0.1685467965
0.0594192572
-0.0703976809
-0.1139869969
-0.0600652518
0.0104814686
0.0713646914
0.0673746889
0.0324731044
0.0108668537
0.0401272720
0.0986551041
0.1223228069
0.1282941468
0.1285800301
0.1337549427
0.1331226674
0.1399104298
0.1409661076
0.1337015907
0.1110133184
0.0940882457
0.1045820315
0.1418010520
0.1364858147
0.1149354381
0.0916820674
0.0711394319
0.0408809769
0.0178373874
0.0107757299
0.0193277325
0.0328348645
0.0162658014
-0.1395852147
-0.1550952697
-0.0885606653
-0.0529292954
-0.1089123624
-0.1706666259
-0.1154172776
-0.0607321911
-0.0639017720
-0.0848631875
-0.0761517351
-0.0421464388
-0.0158302716
-0.0328773430
-0.0493727252
-0.0216701244
-0.0811169952
-0.1579469033
-0.2058528311
-0.2193545263
-0.2110363434
-0.2243058680
-0.2474569702
-0.1977520902
-0.1197401544
-0.0448283510
0.0344706930
0.0752550775
0.0902312775
0.0852747618
0.0936701069
0.1894870183
0.1663551831
0.1124569563
0.0809234928
0.0479105902
0.0723785327
0.0536492222
-0.0368210254
-0.1323372001
-0.1531005711
-0.1063461658
-0.0547154329
-0.0071107556
0.0551523556
0.1166161425
0.1119144956
0.0304118551
-0.0100237649
0.0147489301
0.0434728836
0.0044474862
-0.1075850977
-0.2295107029
-0.2345273923
-0.1111665807
-0.0033264175
-0.0384678865
-0.0883121217
-0.0996099075
-0.0256872525
0.0574141736
0.0276920426
-0.0399713958
-0.1013286836
-0.0710171023
0.0167425664
0.0537005856
-0.0031866606
-0.0421153621
0.0381541247
0.1152113344
0.1683953624
0.1331340179
0.1119605973
0.2129224694
0.2837721616
0.3231848044
0.3213408968
0.3079920953
0.2461333760
0.1498740893
0.0870425755
0.0464915655
0.0153244637
0.0466391395
0.0871194714
0.1244563721
0.1791103945
0.2413151536
0.2935333622
0.1964793595
0.0882745901
0.1338060782
0.1816280969
0.1514367124
0.1279635797
0.1159383393
0.1119690824
0.1064224560
0.1036186270
0.0982576545
0.0900435150
0.0921122491
0.1426455501
0.2038627750
0.2562089986
0.2337177469
0.1983821650
0.1715373613
0.1353030416
0.1005877430
0.0635528338
0.0371584785
0.0226222563
0.0097105183
-0.0045289256
-0.0131181839
-0.0212236493
-0.0289046808
-0.0466785770
-0.0735768547
-0.1012297938
-0.1325296936
-0.1621555348
-0.1555758107
-0.1275292061
-0.1018923027
-0.0738289587
-0.0426401942
-0.0134099650
-0.0026659520
0.0072793850
0.0182538665
0.0052287309
-0.0201461317
-0.0455121398
-0.0731377315
-0.0910884768
-0.0923429458
-0.0927573153
-0.1016563117
-0.1050958780
-0.0921612137
-0.0908111757
-0.1262211890
-0.1729724879
-0.2101191876
-0.1526994034
-0.1039401589
-0.1442267241
-0.1836858680
-0.2231915101
-0.2550709621
-0.2438268474
-0.2520898256
-0.2882138037
-0.3199502408
-0.3322170761
-0.3232233372
-0.3543689283
-0.4092065365
-0.4157963613
-0.3495978651
-0.3089934877
-0.3438737170
-0.3731372346
-0.3341932570
-0.2919151189
-0.3015958862
-0.2860370028
-0.2892195620
-0.3447504737
-0.3617552945
-0.3232848781
-0.3048164326
-0.3133977374
-0.3165610455
-0.3212524282
-0.3124556912
-0.2865600740
-0.2567662456
-0.2461158469
-0.2614845436
-0.2799879742
-0.2948038801
-0.3088525199
-0.3184990024
-0.3313104702
-0.3414439700
-0.3531749412
-0.3691465588
-0.3870884257
-0.3471212753
-0.2848456493
-0.3047899372
-0.3866593229
-0.3062083014
-0.2074673813
-0.2019107788
-0.2008843349
-0.2062326767
-0.1987596495
-0.1420038845
-0.0792707129
-0.0793301408
-0.0942031376
-0.0983893083
-0.0574593440
0.0372887876
0.1293865821
0.1568581371
0.2018310384
0.2747500586
0.3018499567
0.4116867151
0.5410006624
0.5749700087
0.6061629429
0.6164771800
0.6404889601
0.6924352105
0.6914329401
0.7504425163
0.7483739236
0.6242361957
0.6485302603
0.7173379519
0.5702287165
0.3437748737
0.2001329565
0.2110742651
0.2893653305
0.3460335128
0.3758870615
0.3795860191
0.3558781997
0.3214275078
0.2869198465
0.2697553772
0.2538445976
0.1912311398
0.1575529184
0.1762418157
0.1918243758
0.2037665162
0.2179552717
0.2277620467
0.2216252912
0.2196888992
0.2471893903
0.2731285174
0.2678167504
0.2614765309
0.2504981506
0.2114267080
0.1702340803
0.1545741538
0.1475775149
0.1405546558
0.1333751998
0.1116292530
0.1045467630
0.1048607026
0.1017912227
0.1045961477
0.1121359340
0.1217553392
0.1054185396
0.0729841411
0.0432105545
0.0205822104
0.0094135837
-0.0003612836
-0.0143434760
-0.0205597902
-0.0110141449
-0.0021851991
-0.0236958195
-0.0585879814
-0.1094824140
-0.1640087460
-0.2189071145
-0.2724783084
-0.3241597617
-0.3763745857
-0.4241814576
-0.4250939454
-0.4034966703
-0.3941302674
-0.4498458802
-0.4719322950
-0.3893763733
-0.2967237528
-0.2114568633
-0.1786012423
-0.1636318907
-0.0894661915
-0.0045252852
0.0683542210
0.0640521544
0.0379701513
0.0297015646
0.0693217565
0.1147875075
0.1534893673
0.2009448581
0.2420720819
0.2687015445
0.2863197966
0.3014012055
0.3189888769
0.3427066748
0.3233481639
0.2263109367
0.1290413011
0.0889239996
0.0998610002
0.1004227720
0.0795479284
0.0793686530
0.1184315049
0.1602786568
0.1939882637
0.2314138696
0.2575948587
0.2395177484
0.1995198654
0.1897342525
0.1744844336
0.1078199903
0.0304926417
-0.0455898761
-0.1004291762
-0.0793559491
-0.0714265133
-0.1291953230
-0.1942489647
-0.1903201837
-0.1423898150
-0.1439589015
-0.1775397217
-0.1984747334
-0.1998708433
-0.2011496544
-0.2241645183
-0.2491124187
-0.2725170936
-0.2976613977
-0.3437140961
-0.3868564667
-0.4420812159
-0.4841587795
-0.5118461371
-0.5619535790
-0.5921420217
-0.5769017288
-0.6010832732
-0.6687228616
-0.6925039010
-0.6601632564
-0.5564342579
-0.3942173578
-0.2593473948
-0.1580393277
-0.0469108211
0.0783829676
0.1788354694
0.2465016413
0.2557122333
0.2367566073
0.2677698887
0.3185003064
0.3302751055
0.3470220410
0.3598174585
0.3498402413
0.3220081852
0.3028020614
0.2726472622
0.2228687264
0.1630721035
0.1352015984
0.1457332730
0.1649813608
0.1293857733
0.0681611655
0.0264988260
0.0167550757
0.0109497275
0.0041554718
0.0094147828
0.0315714598
0.0540209359
0.0673532602
0.0809244647
0.1047817890
0.1216324835
0.1277056398
0.1155894561
0.0587737405
0.0272310878
0.0288182730
0.0222554840
-0.0124432137
-0.0411644927
-0.0529152275
-0.0298486383
0.0293152416
0.0794953170
0.1241642422
0.1787492412
0.2234230599
0.2424820449
0.2519505164
0.2621947941
0.2803499202
0.2432047965
0.1855822869
0.1247192977
0.0800852055
0.0380090873
-0.0095095626
-0.0386575432
-0.0364750253
-0.0636715075
-0.1240953056
-0.1708769682
-0.1603750733
-0.1207654081
-0.0722907146
-0.0243808909
-0.0458364354
-0.0714929169
-0.0751806250
-0.0981449633
-0.1285759116
-0.1526865668
-0.1189453203
-0.0767633015
-0.0359686356
0.0078554003
-0.0064453403
-0.0382936969
-0.0316483175
-0.0356763969
-0.0506312587
-0.0591232574
-0.0493782065
-0.0282686549
-0.0305235205
-0.0561005298
-0.0492774648
0.0023484028
0.0470758471
0.0663109701
0.0400946894
0.0085103570
-0.0148229822
-0.0623213098
-0.1339165302
-0.1985927956
-0.2546595862
-0.3098821399
-0.3531010411
-0.3986641373
-0.4551609324
-0.5129591471
-0.5145940015
-0.5095629802
-0.5094094918
-0.4968343134
-0.4954822898
-0.5070169325
-0.4898430430
-0.4104316723
-0.3240799130
-0.2745833223
-0.2530057961
-0.2353600329
-0.2041087437
-0.1499148225
-0.0969395436
-0.0526069115
-0.0058218982
0.0463343848
0.0895519535
0.0654099278
0.0873384249
0.1256133154
0.1279350928
0.1275638805
0.1248171084
0.1206265256
0.1195299225
0.1317901594
0.1403222829
0.1486635861
0.1663876742
0.1797363683
0.1758503119
0.1713698921
0.1809268906
0.2108532843
0.2394880062
0.2419456581
0.2402584311
0.2750133132
0.3146089886
0.3505241470
0.3745318195
0.3719287693
0.3993506269
0.4299536367
0.4533188379
0.4825650509
0.4896859709
0.4428726515
0.3876181952
0.3483235069
0.3127534432
0.2802549116
0.2798572856
0.2984861410
0.3095854860
0.2799200791
0.2142046939
0.2155102309
0.2289908961
0.2368438165
0.2076259912
0.1237394451
0.0548539721
0.0328108065
-0.0042877349
-0.0604907617
-0.1144830180
-0.1707231991
-0.2057775425
-0.1789738403
-0.1427295982
-0.1083450521
-0.0894052963
-0.0918522336
-0.0896652080
-0.0839091544
-0.1057646643
-0.1670355257
-0.2237048391
-0.2191323403
-0.2011944500
-0.1879249943
-0.1822301375
-0.1810459198
-0.1572841361
-0.1323798572
-0.1158525111
-0.1107704760
-0.1200461391
-0.1324995092
-0.1450795339
-0.1561875554
-0.1166579409
-0.0652124860
-0.0209349463
-0.0413891558
-0.0776367004
-0.0696324953
-0.0184297483
0.0365868359
0.0680573105
0.0817667872
0.1023845556
0.1054780863
0.0981061031
0.0940067153
0.0967247349
0.1213233957
0.1445147874
0.1748896932
0.1851992298
0.1167899258
0.0676615477
0.1189701622
0.1700961065
0.1877390392
0.1630868197
0.1387984493
0.1912925713
0.2685377556
0.2388250752
0.1879217586
0.1482941174
0.1493094818
0.1829434985
0.1794970267
0.1618763606
0.1421721043
0.1192451301
0.0937083730
0.0730084474
0.0752506616
0.0808487454
0.0827672865
0.0870014316
0.0998229524
0.1068369806
0.0324212555
-0.0362689183
-0.0141640571
-0.0306616380
-0.1129927977
-0.1300441560
-0.1224019827
-0.1767996875
-0.1975268416
-0.1841085059
-0.1744545514
-0.1728308174
-0.2001111389
-0.2318047236
-0.2439064940
-0.2284613420
-0.2142296493
-0.1969940221
-0.1337005721
-0.0904980013
-0.1044506590
-0.1169271764
-0.0975010344
-0.0699452413
-0.0393287608
-0.0001886851
-0.0083960362
-0.0931880735
-0.1582025575
-0.1068627910
-0.0507610811
-0.0809016093
-0.1262461258
-0.1574513138
-0.1584119379
-0.1353176185
-0.1037964131
-0.0739795859
-0.1051845445
-0.1582162384
-0.1651795145
-0.1518859454
-0.1431240316
-0.1374876309
-0.1069653940
-0.1166973870
-0.1541102825
-0.1839839039
-0.1639034608
-0.1337040913
-0.1122996840
-0.0835486529
-0.0355555470
0.0168599770
0.0748405496
0.1176524394
0.0628896260
0.0088057361
0.0644231899
0.0873149652
0.0515344283
0.0282892093
0.0422245600
0.0615736363
0.0794201850
0.1006749465
0.0780669082
0.0407283713
0.0060150475
-0.0307678662
-0.0741284197
-0.1174490959
-0.0987368344
-0.0309598308
0.0375337076
0.0543172757
0.0039122185
0.0024723650
0.0418562770
0.0805805119
0.1053366444
0.0565654378
0.0275350901
0.0634470539
0.1041302537
0.1383250357
0.1004834825
0.0476150309
0.0760040109
0.1192429234
0.1444331581
0.0615480255
-0.0080713242
0.0195589138
0.0420757646
0.0429526803
0.0023645032
-0.0430121524
-0.0643752743
-0.0301986967
0.0076114503
-0.0138008223
-0.0706566207
-0.0627553783
-0.0071303731
0.0320417039
0.0056968350
-0.0254467757
-0.0516129292
-0.0786231699
-0.0907157163
-0.1034836557
-0.1175225718
-0.1088935210
-0.0663219850
-0.0184252996
-0.0043140841
-0.0335469863
-0.0486180819
-0.0014815260
0.0555766416
0.1057484283
0.0622051214
-0.0095730664
-0.0234374518
0.0342357221
0.0289602827
-0.0130890842
-0.0434873754
-0.0505145274
0.0256965592
0.0976429987
0.0787783071
0.0377157961
0.0084857221
-0.0061192092
0.0173393631
0.0397670780
0.0396000179
-0.0313510482
-0.1099219227
-0.1369000074
-0.0490270220
0.0451606497
0.0647436578
0.0120348262
-0.0502098198
-0.0943139670
-0.0135490677
0.0976775030
0.1869946813
0.1259571176
0.0309001340
-0.0157248939
0.0018682310
0.0196040793
-0.0428438588
0.0046610472
0.0633585457
0.0323174694
0.0015333751
0.0375780540
0.1076426172
0.1732786180
0.1433950336
0.0664321427
0.0679588807
0.1215106396
0.1804447277
0.2244133518
0.1688504292
0.0918965693
0.0272396811
0.0106551237
0.0408153694
-0.0113362164
-0.0960206288
-0.1678961458
-0.1388750669
-0.0969097891
-0.0637168794
-0.0373153891
-0.0385891001
-0.0265100130
0.0081969176
0.0464083496
0.0803081980
0.0785919994
0.0882070359
0.1202116341
0.1406715885
0.0951002863
0.0581252966
0.0850603506
0.1108591710
0.1382907029
0.1526132173
0.1159959470
0.1006058340
0.1142304509
0.1229898599
0.1180404818
0.0802644542
0.0410900812
-0.0012406043
-0.0429982277
-0.0486812737
-0.0454398222
-0.0444522311
-0.0338950577
-0.0538321659
-0.1269564838
-0.1528004035
-0.0870421931
-0.0115386637
0.0418295177
-0.0322836410
-0.1228326264
-0.1282045619
-0.0881752310
-0.0437541998
-0.0362748079
-0.0577718041
-0.0351269991
0.0108390992
-0.0473487041
-0.1058113446
-0.0863191789
-0.0664088354
-0.0507432546
-0.0487432510
-0.0856972657
-0.1288726848
-0.1446064763
-0.0985451574
-0.0442525388
-0.0416763335
-0.0996118223
-0.1550258988
-0.1016810117
-0.0211017786
-0.0565433204
-0.0927608717
-0.0676323173
-0.0688199792
-0.0915848400
-0.0751633375
-0.0506139362
-0.0303705337
-0.0085851846
0.0106192052
0.0289475618
0.0512109871
0.0710550675
0.0562574373
0.0295571756
0.0359211288
0.0450174614
0.0570369982
0.0692477115
0.0427749402
-0.0005059110
0.0238126280
0.0881568078
0.1347390748
0.0699261561
-0.0101004675
-0.0474666897
-0.0132254359
0.0393863352
0.0483405645
-0.0384785224
-0.0588504195
0.0039335386
0.0480062056
0.0414168177
0.0108343350
-0.0140993201
-0.0467680708
-0.0446714261
-0.0414623674
-0.0382317490
-0.0344157056
-0.0260338964
-0.0281469887
-0.0469581621
-0.0405373306
0.0026856519
0.0420212614
0.0867427784
0.1304060383
0.1512579823
0.1453425570
0.1423242948
0.1380773718
0.1555293073
0.1835374284
0.2027268162
0.1168901725
0.0471520984
0.0666596988
0.0891686544
0.1018016345
0.0511555650
0.0182054335
0.0478852860
0.0763628903
0.1045674321
0.1030266281
0.0750866117
0.0455779456
0.0204939416
-0.0020618427
-0.0359021444
-0.0888012721
-0.1432874521
-0.2003808221
-0.2386652182
-0.2246933377
-0.2048530543
-0.1953139230
-0.1833843812
-0.1570443586
-0.1062055825
-0.0880898342
-0.1060765565
-0.1251048932
-0.1422611346
-0.1594814083
-0.1722154331
-0.1848838133
-0.2044784209
-0.2249646484
-0.1539885894
-0.0373050228
-0.0100517757
-0.0368921535
-0.0564461272
-0.0296887032
0.0367053113
0.0535005973
0.0319972538
0.0125142942
0.0253757131
0.0548081066
0.0890069486
0.1032620432
0.0637063204
0.0160900817
0.0101345427
0.0265585051
0.0323538896
-0.0458349619
-0.0642353882
-0.0326038359
-0.0637086280
-0.1131976793
-0.0965265952
-0.0734667711
-0.0587146315
-0.0361145841
-0.0265171543
-0.0249792198
-0.0302580869
-0.0479748233
-0.0681681157
-0.0869647396
-0.1070721774
-0.1262081395
-0.1470333572
-0.1678830292
-0.1623071883
-0.1395924098
-0.1190996644
-0.0961175264
-0.0723542300
-0.0474713995
-0.0235063076
0.0176264889
0.0752652820
0.1327251785
0.1666194436
0.1866276695
0.2199087133
0.2482296180
0.2505329856
0.2505356031
0.2529667777
0.2519240038
0.2514780715
0.2519772113
0.2549881592
0.2582212192
0.2606293122
0.2505540262
0.2369447517
0.2215403572
0.2057096438
0.2163858817
0.2352835900
0.2410799069
0.2054129683
0.1658073303
0.1536238151
0.1477154869
0.1187985827
0.0462748034
-0.0269641601
-0.0553257675
-0.0584381853
-0.0739517673
-0.1001662332
-0.1159500483
-0.1027992024
-0.0926209143
-0.1198146284
-0.1531607367
-0.1789307437
-0.2118772927
-0.2495531323
-0.2809015916
-0.2458839412
-0.2036457230
-0.1592333074
-0.0838730761
-0.0569258338
-0.0574230793
-0.0184805328
0.0191654070
0.0586324878
0.1023190453
0.0946987399
0.0238756434
-0.0037312872
-0.0008739168
-0.0064779189
-0.0393012140
-0.0766618085
-0.0940459897
-0.0892704607
-0.1025175731
-0.1256755700
-0.1418103854
-0.1355798439
-0.1243137319
-0.1347217125
-0.1531305953
-0.1712851271
-0.1892103076
-0.2079543380
-0.2232406324
-0.2387896742
-0.2612694063
-0.2823636566
-0.2812414414
-0.2578316711
-0.2335396567
-0.2235366009
-0.2200317909
-0.1876592907
-0.1463133183
-0.1148133938
-0.1145655579
-0.0969895079
-0.0559165329
-0.0198903983
0.0212927016
0.0615801606
0.0749910099
0.0765396772
0.0964890255
0.1152048945
0.1170782295
0.1060447907
0.0957308563
0.0808186329
0.0671138278
0.0874040161
0.1245557970
0.1635006162
0.1995980963
0.1793848226
0.1568285941
0.1957691857
0.2472426061
0.2986599151
0.3530448171
0.3445787342
0.3012128719
0.2603726477
0.2731531399
0.3195682583
0.2904110611
0.2698852743
0.3083659194
0.2980189315
0.2807084700
0.2952398725
0.3128841726
0.3218642725
0.2674385265
0.2066545325
0.2041563952
0.2223730160
0.2380685037
0.2275744443
0.1976766706
0.1971697835
0.2008526823
0.2028172710
0.2056595474
0.1745266906
0.1271004135
0.0762442824
0.0281982316
0.0202069697
-0.0090153857
-0.0781601527
-0.1481410178
-0.1785351075
-0.1301716290
-0.0788522772
-0.0812245354
-0.1044874519
-0.1151725017
-0.0926428378
-0.0843586249
-0.1228774426
-0.1430916629
-0.1538904175
-0.1742947210
-0.1805583720
-0.1585630658
-0.1341760034
-0.1245188220
-0.1300676790
-0.1351930207
-0.1399343951
-0.1524292267
-0.1665059660
-0.1807311866
-0.1973197228
-0.1928466888
-0.1498021608
-0.1077058327
-0.0881777508
-0.0651295387
-0.0365798032
-0.0285035891
-0.0709811920
-0.0993827464
-0.0868216896
-0.0977107430
-0.1136103013
-0.1251841057
-0.1362805641
-0.1169155717
-0.0944465074
-0.0745763235
-0.0483475232
-0.0145705288
0.0195745395
0.0568160149
0.0937689864
0.0907255516
0.0728487340
0.0889822863
0.1057013252
0.0864570403
0.0542911684
0.0508037860
0.0796182026
0.1093354982
0.1390139519
0.1707678628
0.1860910219
0.1975299623
0.1932729612
0.1778372923
0.1641885125
0.1561703664
0.1422740367
0.1130323115
0.0815548001
0.0605543254
0.0687844576
0.0794399590
0.0844516249
0.0907160067
0.0988207404
0.1151172071
0.1259426729
0.1132235332
0.0975898993
0.0839641448
0.0668726281
0.0509786219
0.0344811942
0.0179877996
0.0076157260
0.0062060006
-0.0059006297
-0.0384299702
-0.0703937404
-0.0744048944
-0.0746059315
-0.0753089573
-0.0748652419
-0.0879653259
-0.1052072963
-0.1205612538
-0.1423535940
-0.1612645978
-0.1384020505
-0.0971264684
-0.0839340538
-0.0752610994
-0.0645579703
-0.0546786239
-0.0477962125
-0.0475546678
-0.0549232513
-0.0836064392
-0.1174323632
-0.1510294891
-0.1862769215
-0.1752639202
-0.1574077513
-0.1434203124
-0.1176349299
-0.0623776929
-0.0012138096
0.0477144478
0.0552007924
0.0758616539
0.1071445223
0.1336233625
0.1193742157
0.0382856095
-0.0285379788
-0.0512372522
-0.0741967407
-0.0989306530
-0.1211585406
-0.1440061025
-0.1407767860
-0.1116135070
-0.0829162724
-0.0537297463
-0.0180950665
0.0141057185
-0.0047253675
-0.0351257691
-0.0601580830
-0.0900173061
-0.1204376099
-0.1534362530
-0.1662162820
-0.1425883788
-0.1151272549
-0.0889681935
-0.0615547451
-0.0523645780
-0.0447814142
-0.0214959366
0.0096766886
0.0308203209
0.0084817486
-0.0177092459
-0.0129975217
-0.0098527311
-0.0240921960
-0.0425339885
-0.0564071639
-0.0355155346
0.0004608046
0.0310945421
0.0662444886
0.1042591969
0.1402068171
0.1349178196
0.1306940863
0.1495630644
0.1617758003
0.1442934906
0.1243628890
0.1048936647
0.0920905214
0.0975923772
0.1028297178
0.0732057049
0.0293776488
-0.0125487739
-0.0325960776
-0.0284096681
-0.0388618893
-0.0635263790
-0.0868743617
-0.1079609005
-0.1301095610
-0.1520409302
-0.1751170719
-0.1989153149
-0.2052555112
-0.1807291891
-0.1543789175
-0.1296950880
-0.1207212327
-0.1170844138
-0.1016474854
-0.0742880795
-0.0435416660
-0.0139231948
-0.0045976376
-0.0118550852
-0.0161010527
-0.0284756803
-0.0611076172
-0.0784401449
-0.0549348228
-0.0324037139
-0.0397736491
-0.0510625884
-0.0483690492
-0.0379222855
-0.0259853772
-0.0143280977
-0.0066293772
-0.0091617193
-0.0115441822
-0.0077942597
0.0018544050
0.0118516158
0.0131282930
-0.0058975749
-0.0260120242
-0.0453428691
-0.0662648854
-0.0876694399
-0.1079897548
-0.1227632897
-0.1304891463
-0.1111329442
-0.0690449306
-0.0247714588
0.0141482012
0.0200877553
0.0237175564
0.0260364211
0.0033345980
-0.0207136531
-0.0426070264
-0.0702077463
-0.0952314426
-0.0836513741
-0.0569062804
-0.0351570272
-0.0091192648
0.0211328061
0.0480914747
0.0171854337
-0.0213317253
-0.0554454519
-0.0867111335
-0.0982009270
-0.1096401072
-0.1221661783
-0.1204249291
-0.1002519559
-0.0786001443
-0.0566379586
-0.0378018503
-0.0350205467
-0.0343177679
-0.0326890580
-0.0304348100
-0.0294787326
-0.0518913861
-0.0820963622
-0.1106489405
-0.1231393612
-0.1069920997
-0.0906209027
-0.0716240983
-0.0449368917
-0.0173061159
0.0130201150
0.0418494031
0.0263099013
0.0053523534
0.0071417334
0.0184912936
0.0224425526
0.0181493659
0.0212048695
0.0361387137
0.0527896260
0.0684439513
0.0751618103
0.0762316066
0.0845196501
0.0954682285
0.1059769192
0.1160371364
0.1272574727
0.1356876860
0.1405353116
0.1406989908
0.1297904724
0.1166753290
0.1057154960
0.0902148721
0.0687961377
0.0481237738
0.0466766105
0.0521763990
0.0562553005
0.0624585862
0.0676409838
0.0703500737
0.0718299242
0.0744219639
0.0776336416
0.0753759219
0.0533621498
0.0296095469
0.0068594824
-0.0179042529
-0.0386798342
-0.0528178095
-0.0665804625
-0.0814806803
-0.0954626517
-0.0984281903
-0.0976265633
-0.0977851546
-0.0921963691
-0.0808843441
-0.0694007400
-0.0589136753
-0.0472867566
-0.0243470253
0.0008961860
0.0256971648
0.0537657586
0.0729784534
0.0632480449
0.0500327391
0.0395129172
0.0254348329
0.0128270409
-0.0012459598
-0.0152278342
-0.0199210997
-0.0080387848
0.0043201031
0.0153167564
0.0256712607
0.0359681689
0.0475025227
0.0590341509
0.0612543427
0.0613936310
0.0620590878
0.0622814112
0.0631147464
0.0564944786
0.0394752657
0.0218451911
0.0025666554
-0.0167680305
-0.0117406462
0.0045591247
0.0193139243
0.0231234011
0.0141209409
0.0180567530
0.0267588227
0.0336840898
0.0418630737
0.0506606800
0.0559464977
0.0557902544
0.0558649715
0.0560340621
0.0474055211
0.0341973574
0.0212394910
0.0077292312
-0.0059708088
-0.0194099139
-0.0333399294
-0.0479027735
-0.0554560410
-0.0521895621
-0.0515949051
-0.0569737347
-0.0615101585
-0.0657613855
-0.0720796206
-0.0778875920
-0.0666791567
-0.0454004995
-0.0250505679
-0.0035863655
0.0185439331
0.0411030684
0.0577642155
0.0638463751
0.0577099539
0.0430639224
0.0259057247
0.0084753475
0.0064901706
0.0240665731
0.0431522098
0.0605108137
0.0649552916
0.0673961940
0.0737370639
0.0850805736
0.0987905648
0.1116591161
0.1095774350
0.0974516345
0.0870043396
0.0750344791
0.0577496212
0.0373647338
0.0179393929
0.0027277527
-0.0063194314
-0.0159199229
-0.0215045718
-0.0235228189
-0.0262171151
-0.0285983366
-0.0145031332
0.0028354806
0.0181128281
0.0242699626
0.0269659658
0.0332364291
0.0416769378
0.0511015069
0.0609489338
0.0682683493
0.0663655248
0.0777126997
0.0920310468
0.0950829241
0.0895453570
0.0822447965
0.0791965255
0.0845108015
0.0902329764
0.0787248041
0.0660470700
0.0545152133
0.0405747902
0.0282593087
0.0269618991
0.0269850418
0.0263205303
0.0267516979
0.0219428195
0.0128720556
0.0037862794
-0.0052487860
-0.0153471202
-0.0252485393
-0.0260218219
-0.0211890501
-0.0167385048
-0.0116031261
-0.0063514121
-0.0012710921
0.0045267640
0.0101848453
0.0073928901
-0.0028790520
-0.0140036471
-0.0248375906
-0.0254498261
-0.0229816819
-0.0214141920
-0.0187337652
-0.0156358356
-0.0122870874
-0.0094607707
-0.0065784982
-0.0019987887
0.0004753497
-0.0138839296
-0.0292135886
-0.0226355875
-0.0115035557
-0.0019234087
0.0051702347
0.0107991179
0.0163926197
0.0216088355
0.0272605166
0.0326446552
0.0310070901
0.0264024201
0.0222879233
0.0160677206
0.0049531170
-0.0078890935
-0.0182515882
-0.0154719505
-0.0098450044
-0.0007914947
0.0108044272
0.0216421529
0.0316843088
0.0345925420
0.0372030439
0.0397428616
0.0421771708
0.0440075948
0.0461553891
0.0497064757
0.0544777115
0.0587399389
0.0630906688
0.0680698301
0.0729478693
0.0681496625
0.0553068435
0.0422726467
0.0293828948
0.0160289418
0.0024571717
-0.0105413621
-0.0181024153
-0.0245601634
-0.0313342769
-0.0378937499
-0.0444046787
-0.0451115709
-0.0412355112
-0.0372972418
-0.0322048182
-0.0285418080
-0.0385566361
-0.0498921129
-0.0598801682
-0.0722289102
-0.0802389931
-0.0739840024
-0.0656766596
-0.0592832223
-0.0509372080
-0.0435281222
-0.0371842177
-0.0329731027
-0.0283082361
-0.0242886796
-0.0199780489
-0.0162441086
-0.0121847622
-0.0084337640
-0.0045812719
-0.0030428818
-0.0013399233
-0.0000205996
0.0013790520
0.0023892217
0.0038455727
0.0052970569
0.0070661335
0.0083916192
0.0101858198
0.0106664574
0.0097789958
0.0083539161
0.0074939627
0.0060968108
0.0051539121
0.0026162185
0.0002290699
-0.0025924648
-0.0047110000
-0.0070694337
-0.0116091164
-0.0214034786
-0.0306995757
-0.0401010277
-0.0482806178
-0.0570126434
-0.0669337382
-0.0735900881
-0.0563588585
-0.0529103091
-0.0542693771
-0.0510915216
-0.0504253298
-0.0488737106
-0.0480373676
-0.0475631011
-0.0482810199
-0.0485868097
-0.0497014823
-0.0496325150
-0.0442428519
-0.0381549894
-0.0330485782
-0.0273036968
-0.0222794156
-0.0171338224
-0.0125651080
-0.0080466739
-0.0037939552
0.0002903392
0.0017178256
0.0011389413
0.0004059427
-0.0002404190
-0.0011284446
-0.0018272759
-0.0018623106
-0.0016657957
-0.0017802051
-0.0016522984
-0.0016515977
-0.0029024335
-0.0053580004
-0.0075090830
-0.0095932323
-0.0113275477
-0.0121932870
-0.0127781899
-0.0134109807
-0.0138318301
-0.0139571722
-0.0135182177
-0.0130894327
-0.0124461672
-0.0117718823
-0.0111631160
-0.0105953578
-0.0097317283
-0.0087616708
-0.0079089094
-0.0071537429
-0.0065004115
-0.0059702267
-0.0054026482
-0.0050902994
-0.0062672388
-0.0074598594
-0.0082775311
-0.0091049465
-0.0096887191
-0.0101365234
-0.0104489424
-0.0106880146
-0.0102462320
-0.0091904751
-0.0082233064
-0.0074277977
-0.0066817663
-0.0060900967
-0.0055845676
-0.0051981593
-0.0049045393
-0.0047345415
-0.0046144830
-0.0047531989
-0.0049906043
-0.0051610583
-0.0050624714
-0.0049460332
-0.0050119218
-0.0050721593
-0.0051142497
-0.0051692077
-0.0052184495
-0.0052548827
-0.0052755136
-0.0053014488
-0.0053276013
-0.0053559218
-0.0053834930
-0.0054108816
-0.0054349292
-0.0054572807
-0.0054753484
-0.0054906882
-0.0055011644
-0.0055082839
-0.0055090113
-0.0055058552
-0.0054988731
-0.0054915722
-0.0054789673
-0.0054601516
-0.0054360643
-0.0054072018
-0.0053737842
-0.0053363957
-0.0052951398
-0.0052503113
-0.0052021767
-0.0051509429
-0.0050965676
-0.0050391482
-0.0049786722
-0.0049151951
-0.0048486692
-0.0047791054
-0.0047065019
-0.0046308610
-0.0045521684
-0.0044704117
-0.0043855752
-0.0042976456
-0.0042066092
-0.0041124534
-0.0040151687
