0.0007551941
0.0007533839
0.0007515869
0.0007497888
0.0007480078
0.0007462144
0.0007444339
0.0007426469
0.0007408657
0.0007390932
0.0007373267
0.0007355666
0.0007338213
0.0007320963
0.0007303933
0.0007286242
0.0007267903
0.0007249157
0.0007231268
0.0007214863
0.0007199522
0.0007183417
0.0007165721
0.0007146108
0.0007125976
0.0007107090
0.0007090480
0.0007075289
0.0007060825
0.0007046662
0.0007031519
0.0007010415
0.0006979003
0.0006940146
0.0006905112
0.0006884227
0.0006879443
0.0006882589
0.0006888177
0.0006899829
0.0006919751
0.0006929036
0.0006897476
0.0006817545
0.0006717075
0.0006634307
0.0006589169
0.0006581741
0.0006607497
0.0006661749
0.0006736602
0.0006810046
0.0006839164
0.0006777163
0.0006623587
0.0006446889
0.0006347192
0.0006392820
0.0006571227
0.0006770360
0.0006827802
0.0006651677
0.0006305389
0.0005960434
0.0005769218
0.0005787071
0.0005994645
0.0006335064
0.0006708593
0.0006956552
0.0006905392
0.0006488655
0.0005849259
0.0005279986
0.0005032101
0.0005150089
0.0005468200
0.0005782231
0.0006077157
0.0006500760
0.0007035112
0.0007337457
0.0007057812
0.0006270787
0.0005455082
0.0005042865
0.0005090446
0.0005381706
0.0005728768
0.0006112634
0.0006596508
0.0007139583
0.0007550483
0.0007581302
0.0007099385
0.0006266941
0.0005530135
0.0005308378
0.0005668331
0.0006279811
0.0006669544
0.0006588403
0.0006187875
0.0005789477
0.0005461540
0.0004913447
0.0003943359
0.0002927377
0.0002612905
0.0003239133
0.0004089487
0.0004254785
0.0003696725
0.0003204675
0.0003409420
0.0004224180
0.0005295006
0.0006505746
0.0007654392
0.0008069337
0.0007090502
0.0004883489
0.0002654187
0.0001959883
0.0003538980
0.0006675180
0.0009453545
0.0009848004
0.0007146781
0.0002636420
-0.0001423096
-0.0003290944
-0.0002053743
0.0002467833
0.0008821650
0.0013268372
0.0011944784
0.0004448000
-0.0005346040
-0.0012447008
-0.0014622194
-0.0013026738
-0.0009994113
-0.0006969690
-0.0004341504
-0.0002245589
-0.0000817675
0.0000172888
0.0001490218
0.0003815219
0.0006610310
0.0008056531
0.0006690513
0.0003370463
0.0000820477
0.0000880049
0.0003122394
0.0006088607
0.0009263303
0.0012600532
0.0014474287
0.0011979906
0.0004055220
-0.0006512762
-0.0014732977
-0.0016791300
-0.0011941073
-0.0002531507
0.0006749709
0.0011047851
0.0008807948
0.0002565369
-0.0003618404
-0.0006630885
-0.0005038595
0.0000496527
0.0006279616
0.0007435572
0.0002480555
-0.0004861300
-0.0008848231
-0.0006643707
-0.0000667330
0.0004033848
0.0004543199
0.0001691737
-0.0002668049
-0.0008424655
-0.0016175864
-0.0024504536
-0.0029755520
-0.0028761317
-0.0021322808
-0.0010582114
-0.0001542715
0.0001343229
-0.0002574203
-0.0009264824
-0.0013178433
-0.0012092363
-0.0008828652
-0.0008653775
-0.0013537755
-0.0019372303
-0.0020228328
-0.0015211508
-0.0009529375
-0.0008229817
-0.0010546325
-0.0011318206
-0.0006637522
0.0003122814
0.0014996863
0.0025094089
0.0029776215
0.0028277861
0.0024893348
0.0026744652
0.0037349443
0.0050984750
0.0056143672
0.0045835917
0.0023434669
-0.0001440643
-0.0019415245
-0.0023465222
-0.0013371463
-0.0000552781
-0.0001159285
-0.0019831845
-0.0044069477
-0.0056745548
-0.0051490140
-0.0033339924
-0.0011677129
0.0002974847
0.0002756504
-0.0009647072
-0.0020250744
-0.0017172557
-0.0004823547
0.0001631978
-0.0005442350
-0.0017327821
-0.0020845100
-0.0014649950
-0.0009608553
-0.0013874752
-0.0020970656
-0.0017297511
0.0000368161
0.0019335706
0.0023717512
0.0009675020
-0.0011966900
-0.0025884206
-0.0022367016
-0.0000571558
0.0031106291
0.0054885467
0.0051868068
0.0017795695
-0.0030564472
-0.0068418896
-0.0081356816
-0.0072998087
-0.0057060754
-0.0046406094
-0.0047308247
-0.0058469425
-0.0071472568
-0.0074525962
-0.0058654567
-0.0023133909
0.0023688308
0.0071102703
0.0111578345
0.0138559968
0.0142873920
0.0118634161
0.0074902581
0.0035931043
0.0022161021
0.0033303703
0.0053410945
0.0067885302
0.0069448685
0.0052793356
0.0015380315
-0.0033851471
-0.0074291689
-0.0087950952
-0.0074137012
-0.0049007586
-0.0032944989
-0.0037610317
-0.0061080278
-0.0089491658
-0.0102719848
-0.0086521680
-0.0046608563
-0.0006341831
0.0014172972
0.0014185425
0.0006439234
0.0001221547
-0.0000824699
-0.0004068995
-0.0008195528
-0.0005271731
0.0015426638
0.0056948467
0.0106037012
0.0135445428
0.0123158840
0.0073585121
0.0015212717
-0.0021158106
-0.0022044065
0.0005900928
0.0044377183
0.0069021912
0.0057729251
0.0005882047
-0.0065085991
-0.0122611501
-0.0146931905
-0.0138536210
-0.0105063724
-0.0053761093
0.0000497371
0.0032977292
0.0025618671
-0.0013425064
-0.0053011675
-0.0063193472
-0.0037895164
0.0002381513
0.0030889464
0.0036221801
0.0028658776
0.0028403528
0.0046678029
0.0076433552
0.0098953693
0.0097002109
0.0066017306
0.0019241558
-0.0017371889
-0.0019792998
0.0018121800
0.0075849270
0.0117743251
0.0119767646
0.0086164983
0.0039288370
-0.0000706178
-0.0024164722
-0.0028000707
-0.0017092433
-0.0007016417
-0.0016088163
-0.0048964645
-0.0090902862
-0.0120666040
-0.0126819085
-0.0114248319
-0.0098685379
-0.0092809602
-0.0098351208
-0.0108375206
-0.0114510213
-0.0111387562
-0.0099311335
-0.0082775503
-0.0066042595
-0.0050951988
-0.0036845164
-0.0023056783
-0.0007866116
0.0014951827
0.0051252799
0.0092246886
0.0112821360
0.0093708153
0.0042726362
-0.0007935738
-0.0027502174
-0.0012473243
0.0010296164
0.0008786901
-0.0025351556
-0.0069444583
-0.0089256189
-0.0070695294
-0.0036625858
-0.0026692883
-0.0057798908
-0.0108499591
-0.0144772118
-0.0149877271
-0.0131553335
-0.0106908502
-0.0086482546
-0.0071902890
-0.0063426742
-0.0067376253
-0.0088487398
-0.0114437052
-0.0114167533
-0.0060739295
0.0034664517
0.0115837231
0.0129451544
0.0082534483
0.0033888386
0.0025986228
0.0049387934
0.0070438094
0.0071642523
0.0061228034
0.0056625472
0.0066500604
0.0087154476
0.0108938785
0.0121466222
0.0116835038
0.0092478788
0.0052956163
0.0008718195
-0.0027504246
-0.0045180127
-0.0043145760
-0.0033194270
-0.0031773844
-0.0044926785
-0.0064688901
-0.0078493293
-0.0077580659
-0.0058344520
-0.0019601036
0.0035347840
0.0090327088
0.0122794724
0.0123956726
0.0107814184
0.0095698754
0.0095158672
0.0097631751
0.0092458467
0.0078751495
0.0068443093
0.0076312338
0.0097881027
0.0101077629
0.0057211446
-0.0022498184
-0.0092931350
-0.0115953868
-0.0092193658
-0.0055584972
-0.0041914910
-0.0063809577
-0.0109761996
-0.0158125251
-0.0190913236
-0.0199660481
-0.0184130647
-0.0147895004
-0.0098224049
-0.0048035483
-0.0013326328
-0.0002328024
-0.0008115228
-0.0014326693
-0.0009114362
0.0006383434
0.0024962051
0.0045278638
0.0074300434
0.0116958254
0.0166942743
0.0208538919
0.0227583725
0.0220556320
0.0196946193
0.0171158100
0.0151461909
0.0134353901
0.0110380813
0.0076740422
0.0040424941
0.0007096823
-0.0027420456
-0.0067927145
-0.0108115879
-0.0134866598
-0.0141661455
-0.0131872450
-0.0111793668
-0.0089361800
-0.0079887831
-0.0098387148
-0.0139144984
-0.0171885755
-0.0168319666
-0.0129440254
-0.0082101784
-0.0049561859
-0.0030375929
-0.0006925179
0.0030965164
0.0075985887
0.0115526713
0.0146583684
0.0171854165
0.0186877689
0.0181553783
0.0155771521
0.0125617239
0.0104378064
0.0084569926
0.0048061461
-0.0008070642
-0.0061483633
-0.0083907421
-0.0069317245
-0.0043325582
-0.0040177626
-0.0070065158
-0.0110502194
-0.0129058080
-0.0110278853
-0.0062667538
-0.0007882832
0.0030869692
0.0040630614
0.0027762279
0.0013298688
0.0013553252
0.0024276856
0.0027472895
0.0014736539
-0.0002886814
-0.0010879855
-0.0009854594
-0.0012826851
-0.0026339305
-0.0039829668
-0.0036447314
-0.0010304087
0.0027576789
0.0057570878
0.0067998867
0.0061999866
0.0049412992
0.0036202130
0.0018550099
-0.0012993496
-0.0059047007
-0.0102151410
-0.0117524601
-0.0094979218
-0.0049691035
-0.0008650736
0.0013673470
0.0023416251
0.0032911063
0.0045759049
0.0057214808
0.0060990483
0.0052569777
0.0031500756
0.0003344783
-0.0019810202
-0.0024195941
-0.0004520910
0.0026325090
0.0044070481
0.0034180037
0.0004402586
-0.0025595172
-0.0046924240
-0.0066101747
-0.0090826886
-0.0116549049
-0.0127661984
-0.0112286179
-0.0074691785
-0.0030907869
0.0006620757
0.0037527810
0.0065789070
0.0089060152
0.0099707145
0.0094390605
0.0080293172
0.0070311510
0.0071973542
0.0083300721
0.0096666072
0.0104023679
0.0098565728
0.0075936035
0.0039413210
0.0000246397
-0.0029569045
-0.0044843238
-0.0051528359
-0.0063647353
-0.0091895318
-0.0133928753
-0.0175400158
-0.0200903477
-0.0205856310
-0.0194426330
-0.0172247149
-0.0146372302
-0.0130216682
-0.0136003128
-0.0158825965
-0.0174389392
-0.0157747107
-0.0102697041
-0.0023999706
0.0056453097
0.0121403582
0.0160775041
0.0172680904
0.0164704783
0.0148359176
0.0128505256
0.0101111678
0.0061847220
0.0014686541
-0.0028374151
-0.0057534100
-0.0075946547
-0.0096186266
-0.0125733458
-0.0158611396
-0.0181879779
-0.0187160450
-0.0176744938
-0.0160327741
-0.0147153160
-0.0137693124
-0.0123964916
-0.0098173985
-0.0059618289
-0.0012711197
0.0035299461
0.0074488970
0.0097530695
0.0104754372
0.0103081502
0.0099216003
0.0096989854
0.0098092819
0.0103757502
0.0114623962
0.0128346101
0.0140802817
0.0153073168
0.0172528040
0.0199274501
0.0214692041
0.0195246006
0.0139183408
0.0072608253
0.0028403132
0.0022325403
0.0047776082
0.0085122117
0.0109259032
0.0098450876
0.0047950468
-0.0022538292
-0.0078646531
-0.0095948687
-0.0075991758
-0.0039532986
-0.0009644839
-0.0001175932
-0.0015925974
-0.0043149958
-0.0067472838
-0.0080592880
-0.0087051974
-0.0097409800
-0.0113777623
-0.0127458835
-0.0131601899
-0.0130698048
-0.0132673550
-0.0136302761
-0.0132827986
-0.0117064118
-0.0089963059
-0.0055803693
-0.0022320815
0.0001089684
0.0010060763
0.0013919689
0.0034240416
0.0086691940
0.0157529929
0.0208565064
0.0213433373
0.0185212737
0.0160463284
0.0159763620
0.0171130821
0.0168657039
0.0141403787
0.0103975566
0.0083602381
0.0094467099
0.0120436475
0.0127959040
0.0098362256
0.0046850424
0.0009774814
0.0010241214
0.0037754727
0.0059156154
0.0047522247
0.0004508410
-0.0044208916
-0.0072511089
-0.0072886275
-0.0059259431
-0.0052003980
-0.0060698148
-0.0078791489
-0.0091154519
-0.0087111161
-0.0068685726
-0.0049021861
-0.0042231418
-0.0052841383
-0.0071644720
-0.0083352537
-0.0080975585
-0.0073060271
-0.0072921676
-0.0082910902
-0.0091309773
-0.0087167795
-0.0074441048
-0.0064602392
-0.0061779061
-0.0059555736
-0.0054089454
-0.0052606843
-0.0065068603
-0.0090492544
-0.0116876383
-0.0134237017
-0.0142749894
-0.0146650336
-0.0141440713
-0.0115177807
-0.0066435274
-0.0016106900
0.0008284829
-0.0001143884
-0.0025164103
-0.0033730580
-0.0006927871
0.0050205379
0.0106185826
0.0125536732
0.0101939738
0.0067821206
0.0064647686
0.0101206500
0.0145098597
0.0155198562
0.0117456712
0.0051103190
-0.0012492958
-0.0053625461
-0.0070062640
-0.0068054376
-0.0052479392
-0.0028174688
-0.0009460901
-0.0015665503
-0.0048498504
-0.0087743417
-0.0113686306
-0.0128722562
-0.0148326611
-0.0175567970
-0.0194894329
-0.0191175628
-0.0169682026
-0.0151802011
-0.0150095525
-0.0151400576
-0.0131110884
-0.0083152805
-0.0027322571
0.0013471477
0.0037576177
0.0062940356
0.0103217066
0.0152882080
0.0194324012
0.0216519511
0.0220118892
0.0210209413
0.0191637477
0.0169381110
0.0146547181
0.0119281505
0.0079287611
0.0024589896
-0.0036365883
-0.0090322331
-0.0125931879
-0.0136640366
-0.0125089682
-0.0104419146
-0.0089624999
-0.0084897384
-0.0082318255
-0.0071650641
-0.0051638321
-0.0032668944
-0.0029534682
-0.0047519279
-0.0075080311
-0.0090710961
-0.0080180555
-0.0050006977
-0.0021347143
-0.0006947141
-0.0000568901
0.0005533620
0.0001466429
-0.0029372027
-0.0082296167
-0.0125944895
-0.0131725115
-0.0103352716
-0.0068883333
-0.0048842091
-0.0041033146
-0.0032220168
-0.0017126750
-0.0003655201
-0.0003431662
-0.0017680445
-0.0031091060
-0.0023857610
0.0007875576
0.0041241235
0.0043876774
0.0004307867
-0.0055627713
-0.0100405856
-0.0111732188
-0.0096311626
-0.0070670482
-0.0046159722
-0.0025267389
-0.0004774786
0.0021196363
0.0054079347
0.0083797619
0.0094396231
0.0075045486
0.0026884912
-0.0037792465
-0.0099789433
-0.0138684116
-0.0143488649
-0.0122612333
-0.0099879885
-0.0094345818
-0.0103025604
-0.0106223125
-0.0089722432
-0.0057578636
-0.0023945629
0.0001574400
0.0019020803
0.0034221318
0.0052701338
0.0075488362
0.0099807125
0.0125071854
0.0153228120
0.0180889058
0.0197610691
0.0194536065
0.0173042957
0.0145316572
0.0127922891
0.0132524477
0.0154927688
0.0173528963
0.0162372468
0.0109921808
0.0028178055
-0.0055761138
-0.0117324649
-0.0147368425
-0.0152657332
-0.0147052977
-0.0141342934
-0.0139031675
-0.0140418201
-0.0146279181
-0.0156211744
-0.0165842735
-0.0167157728
-0.0154192312
-0.0129463066
-0.0102594866
-0.0081552460
-0.0064010127
-0.0039223629
-0.0000219704
0.0047102125
0.0091875847
0.0132393148
0.0172995062
0.0205574210
0.0206665559
0.0162646667
0.0091761893
0.0032527172
0.0012796405
0.0027108213
0.0044462708
0.0037851392
0.0006424095
-0.0028124263
-0.0045568414
-0.0047968956
-0.0054618692
-0.0080157338
-0.0119678185
-0.0153837848
-0.0167381335
-0.0163650630
-0.0159682987
-0.0169438518
-0.0190646393
-0.0205695066
-0.0192686113
-0.0139295836
-0.0050198217
0.0053307602
0.0140276246
0.0181608096
0.0168242843
0.0121115296
0.0075256310
0.0051496158
0.0046585074
0.0048194441
0.0049115784
0.0047802733
0.0042881802
0.0033276679
0.0020394431
0.0004819386
-0.0019142784
-0.0058739904
-0.0111465844
-0.0160130228
-0.0185099036
-0.0177494615
-0.0140538144
-0.0083605853
-0.0021296775
0.0024812595
0.0037343158
0.0020743205
0.0001557404
0.0007807230
0.0046318270
0.0100943441
0.0148008109
0.0171227590
0.0168722256
0.0151602583
0.0133770445
0.0119410359
0.0103323198
0.0082015097
0.0060912724
0.0046727271
0.0036385929
0.0020375210
-0.0004743202
-0.0029317703
-0.0036801289
-0.0019490628
0.0005182628
0.0001645937
-0.0048813870
-0.0124699113
-0.0182897386
-0.0196703304
-0.0170282282
-0.0123110344
-0.0071089881
-0.0023814936
0.0009689567
0.0022136648
0.0017177614
0.0011544104
0.0021239912
0.0046139709
0.0074437753
0.0096502978
0.0109075818
0.0110743428
0.0104153357
0.0101606155
0.0117006898
0.0145822770
0.0163560955
0.0149717274
0.0108734316
0.0062292765
0.0027557669
0.0006751123
-0.0005625029
-0.0011546954
-0.0004542725
0.0019972542
0.0052361258
0.0070780783
0.0059155724
0.0022586680
-0.0014889207
-0.0026832979
-0.0001925429
0.0046285310
0.0086704068
0.0095050829
0.0076126428
0.0059577956
0.0072088586
0.0107689756
0.0131528094
0.0114097223
0.0061380259
0.0007136155
-0.0021206605
-0.0020286586
-0.0000734460
0.0026395389
0.0048863681
0.0050882001
0.0024304176
-0.0018899383
-0.0053433160
-0.0063368194
-0.0052658690
-0.0031488471
-0.0002332346
0.0036724403
0.0082147625
0.0118934259
0.0124832394
0.0086589152
0.0016862524
-0.0049350355
-0.0079700082
-0.0067162643
-0.0035473026
-0.0022228505
-0.0050777143
-0.0110774345
-0.0165250110
-0.0178132713
-0.0142798206
-0.0089589285
-0.0060863029
-0.0076476900
-0.0119844576
-0.0154553349
-0.0155043135
-0.0124138736
-0.0087020000
-0.0068271906
-0.0070846035
-0.0078684576
-0.0075669354
-0.0062932623
-0.0057171546
-0.0072354592
-0.0099648937
-0.0110520451
-0.0082642698
-0.0022856657
0.0036212158
0.0063542043
0.0055788038
0.0037173452
0.0033730277
0.0047494388
0.0061254561
0.0062540383
0.0057126882
0.0054444047
0.0048198780
0.0021529987
-0.0029259753
-0.0083222732
-0.0108052874
-0.0085877415
-0.0028867646
0.0028179238
0.0052871855
0.0037179398
-0.0002681091
-0.0042404905
-0.0065474044
-0.0067528327
-0.0054768760
-0.0039159890
-0.0029163705
-0.0022081936
-0.0007787308
0.0017590181
0.0046575161
0.0069664895
0.0083448131
0.0090068253
0.0097165727
0.0115271729
0.0143425598
0.0160990302
0.0145674427
0.0101772942
0.0061676610
0.0057615553
0.0093875635
0.0143154275
0.0167029161
0.0146237750
0.0095855718
0.0048291675
0.0021593072
0.0008282755
-0.0007805744
-0.0031646191
-0.0053567777
-0.0062831682
-0.0059813182
-0.0054007934
-0.0052146389
-0.0050448173
-0.0039448674
-0.0014800458
0.0016933231
0.0041626588
0.0047983415
0.0037209128
0.0022275074
0.0019314212
0.0037456613
0.0075993632
0.0124793579
0.0168153926
0.0193043262
0.0199001325
0.0198954706
0.0205036489
0.0209823288
0.0190024130
0.0129978131
0.0040104213
-0.0049696496
-0.0110290958
-0.0128819776
-0.0119240381
-0.0116965821
-0.0151425633
-0.0219890039
-0.0289558350
-0.0325534608
-0.0314423395
-0.0265640907
-0.0198908821
-0.0136626564
-0.0099074490
-0.0093965708
-0.0107675026
-0.0113946595
-0.0092389501
-0.0039323964
0.0029901718
0.0085138552
0.0099851124
0.0076412095
0.0048551627
0.0051398593
0.0090507084
0.0141834905
0.0182238345
0.0210497707
0.0233712537
0.0244117546
0.0222555751
0.0162604174
0.0082077676
0.0010695209
-0.0031187822
-0.0040098312
-0.0024384989
0.0003488596
0.0028962323
0.0035815511
0.0013317645
-0.0031415406
-0.0071694794
-0.0078553834
-0.0044125765
0.0009948273
0.0048216233
0.0050598623
0.0024698775
-0.0008922770
-0.0038713533
-0.0063883591
-0.0080758595
-0.0078578377
-0.0049224727
0.0000436402
0.0047739427
0.0065190766
0.0037591306
-0.0025448511
-0.0093538363
-0.0135541233
-0.0141354711
-0.0125661133
-0.0109927073
-0.0102784249
-0.0100417238
-0.0099787573
-0.0102459505
-0.0105905165
-0.0099946177
-0.0077559712
-0.0044117222
-0.0011683586
0.0012554539
0.0030696552
0.0048375450
0.0065419031
0.0076426150
0.0079520729
0.0082755080
0.0099113453
0.0132248322
0.0166153399
0.0175944854
0.0152785491
0.0113335658
0.0084187897
0.0076797746
0.0077311520
0.0063457919
0.0028832609
-0.0011950868
-0.0037690276
-0.0035667137
0.0000016591
0.0069331567
0.0151891419
0.0206420169
0.0201699144
0.0146749008
0.0085712278
0.0062403445
0.0088795984
0.0143435948
0.0191011880
0.0206186078
0.0187026228
0.0150156549
0.0115521137
0.0095756803
0.0092957340
0.0098547962
0.0102623412
0.0102614677
0.0096029640
0.0071410126
0.0018143953
-0.0054926844
-0.0122218201
-0.0163626474
-0.0180949001
-0.0188475664
-0.0194648880
-0.0195484629
-0.0183954116
-0.0161829899
-0.0138322128
-0.0119231224
-0.0101972865
-0.0084278894
-0.0071166429
-0.0068261308
-0.0071586142
-0.0071589190
-0.0064099983
-0.0053011467
-0.0042124480
-0.0027109653
0.0001618163
0.0049288115
0.0110181637
0.0167847656
0.0204295333
0.0213319400
0.0206342410
0.0199919713
0.0197707630
0.0191936923
0.0182329853
0.0181368273
0.0192843990
0.0194315144
0.0155242468
0.0072622287
-0.0020315732
-0.0081726272
-0.0091988995
-0.0063958997
-0.0032140863
-0.0031069857
-0.0072279787
-0.0136782244
-0.0190985727
-0.0213552688
-0.0209363495
-0.0199849160
-0.0201265935
-0.0211702301
-0.0217221758
-0.0205801116
-0.0174457323
-0.0130557972
-0.0086863557
-0.0050464197
-0.0016860164
0.0021109119
0.0062109719
0.0098250404
0.0123093035
0.0138152105
0.0150696230
0.0165257567
0.0177845039
0.0179125151
0.0160438622
0.0119295872
0.0065567394
0.0021917558
0.0012711527
0.0044663786
0.0097013640
0.0133288469
0.0129914500
0.0095510558
0.0062185037
0.0055289162
0.0070810214
0.0081252863
0.0062826758
0.0017017284
-0.0031906792
-0.0058945126
-0.0060558700
-0.0053916013
-0.0057054092
-0.0072246109
-0.0089261822
-0.0098287762
-0.0094811340
-0.0077975643
-0.0052367059
-0.0029527000
-0.0020739753
-0.0024716026
-0.0025417797
-0.0006782072
0.0031545821
0.0073763755
0.0101100910
0.0103841553
0.0086661847
0.0063113447
0.0043743484
0.0029330631
0.0013684314
-0.0006032016
-0.0020498260
-0.0015372778
0.0009756631
0.0033364500
0.0030309679
-0.0003917445
-0.0052045887
-0.0096915785
-0.0135907922
-0.0173301642
-0.0208110562
-0.0237878221
-0.0263531733
-0.0282497502
-0.0285863064
-0.0268035831
-0.0232845997
-0.0187250380
-0.0136118716
-0.0084450814
-0.0038403638
0.0000817777
0.0037405812
0.0074304774
0.0112940296
0.0156721680
0.0206271682
0.0252512435
0.0279454510
0.0279115092
0.0264471673
0.0261232642
0.0279540432
0.0298473218
0.0287824980
0.0240654141
0.0180945832
0.0137505242
0.0118405880
0.0110288175
0.0097092208
0.0071145701
0.0029734938
-0.0029961630
-0.0106323769
-0.0185085534
-0.0241264617
-0.0252158641
-0.0214530336
-0.0151002488
-0.0094464226
-0.0063480919
-0.0051293855
-0.0037714658
-0.0011934331
0.0016835975
0.0028207530
0.0011036674
-0.0023094285
-0.0045420611
-0.0033918485
0.0007691336
0.0056718721
0.0097793807
0.0139384114
0.0201381200
0.0284598314
0.0358421296
0.0388857119
0.0373199151
0.0335340882
0.0291168060
0.0236357675
0.0168526463
0.0101537103
0.0048078830
0.0001295736
-0.0051394452
-0.0102396786
-0.0127695348
-0.0121170638
-0.0111387368
-0.0134012144
-0.0194015751
-0.0262384131
-0.0308328413
-0.0323969371
-0.0320127890
-0.0307883207
-0.0287879428
-0.0256083706
-0.0213357762
-0.0166293370
-0.0118346640
-0.0067187132
-0.0013302799
0.0034856234
0.0068293239
0.0089327066
0.0107823097
0.0125072804
0.0130176348
0.0116194787
0.0089744838
0.0060442136
0.0028713673
-0.0007408326
-0.0038812964
-0.0046158742
-0.0022136289
0.0012867418
0.0027187390
0.0008112175
-0.0030788291
-0.0069803618
-0.0100015590
-0.0118761477
-0.0120192688
-0.0099264490
-0.0062629849
-0.0028654975
-0.0012294422
-0.0011091064
-0.0010082984
0.0002017813
0.0026546848
0.0057806204
0.0087473794
0.0109322800
0.0122969571
0.0130441501
0.0130338889
0.0117881283
0.0092134242
0.0060860060
0.0037073127
0.0031881065
0.0045148314
0.0061339788
0.0059525201
0.0032956904
-0.0003009752
-0.0023263293
-0.0013128306
0.0021153902
0.0060069935
0.0086831732
0.0098347129
0.0100177927
0.0096650803
0.0088439042
0.0076052490
0.0059706023
0.0035366704
-0.0004114766
-0.0057663790
-0.0108136229
-0.0133097518
-0.0124528511
-0.0094848121
-0.0066070049
-0.0053821903
-0.0061273836
-0.0083621635
-0.0114767404
-0.0150922755
-0.0190731081
-0.0228418024
-0.0248860867
-0.0238487314
-0.0203802769
-0.0168638536
-0.0144654075
-0.0112974099
-0.0044911212
0.0062945270
0.0180074743
0.0268867993
0.0314945831
0.0333251178
0.0348025544
0.0369556347
0.0390803502
0.0399258150
0.0387767680
0.0357051743
0.0313810869
0.0267050664
0.0226788052
0.0204071125
0.0207620319
0.0234810195
0.0265006354
0.0267186686
0.0218221002
0.0121916632
0.0012237214
-0.0068122465
-0.0098396360
-0.0094900462
-0.0099689511
-0.0148079179
-0.0241040613
-0.0347579366
-0.0433466920
-0.0486299798
-0.0514423134
-0.0525506348
-0.0515319485
-0.0475510639
-0.0405755878
-0.0312840226
-0.0205114180
-0.0090936990
0.0019027243
0.0111711909
0.0179782737
0.0225413702
0.0255126291
0.0271647267
0.0273515208
0.0262600893
0.0248025746
0.0239522462
0.0237859615
0.0233530782
0.0216295957
0.0184462648
0.0143508468
0.0100475898
0.0062927582
0.0036697604
0.0015439573
-0.0020608973
-0.0085449516
-0.0166970183
-0.0233659352
-0.0262111645
-0.0255435344
-0.0238662277
-0.0238302532
-0.0261967855
-0.0294435515
-0.0311229167
-0.0298277398
-0.0257858755
-0.0199176429
-0.0129250371
-0.0052211424
0.0029081718
0.0109852037
0.0181058236
0.0232896903
0.0261522514
0.0270819172
0.0267841914
0.0258582248
0.0248089606
0.0238357362
0.0225604619
0.0206675773
0.0185158084
0.0162609500
0.0131048524
0.0085367843
0.0039494818
0.0014624007
0.0008819464
-0.0002946175
-0.0035199218
-0.0073273947
-0.0097386836
-0.0113232293
-0.0145509698
-0.0201167310
-0.0252352926
-0.0261485884
-0.0215168414
-0.0131143503
-0.0041179647
0.0029497981
0.0072160381
0.0092879923
0.0105531139
0.0123699673
0.0154234116
0.0196026483
0.0241688859
0.0280590034
0.0304313744
0.0315918871
0.0328338309
0.0346606627
0.0355978383
0.0335982226
0.0285454607
0.0223348625
0.0168882601
0.0129157019
0.0103506227
0.0089526937
0.0081159909
0.0068272685
0.0041985964
-0.0001352835
-0.0057669571
-0.0117055584
-0.0169388754
-0.0208277526
-0.0230479083
-0.0237066464
-0.0235299066
-0.0231734510
-0.0223506785
-0.0201706253
-0.0163187096
-0.0116646705
-0.0078237089
-0.0059083279
-0.0054331124
-0.0042455577
-0.0001445219
0.0067734045
0.0138564655
0.0188042379
0.0226757756
0.0287230346
0.0379437465
0.0469217484
0.0506699531
0.0472297217
0.0390159380
0.0302645439
0.0236015400
0.0193227946
0.0169426605
0.0161612798
0.0163059648
0.0160384342
0.0141190548
0.0104877146
0.0064188597
0.0033254178
0.0016744386
0.0013971419
0.0023517264
0.0036670131
0.0036546751
0.0011999460
-0.0032222684
-0.0084813191
-0.0139025580
-0.0189905346
-0.0228707027
-0.0247772218
-0.0246431036
-0.0228864894
-0.0199793558
-0.0165602660
-0.0133676823
-0.0106660491
-0.0081413867
-0.0056362624
-0.0040694003
-0.0053777911
-0.0107014389
-0.0187208403
-0.0263103386
-0.0305497771
-0.0305115173
-0.0277895067
-0.0249827437
-0.0233248309
-0.0217218821
-0.0182993425
-0.0127690494
-0.0071365455
-0.0039806296
-0.0040476012
-0.0057884427
-0.0068649147
-0.0058062866
-0.0027359385
0.0007781382
0.0027425828
0.0022412821
0.0003224840
-0.0008049276
0.0004912042
0.0037022302
0.0063594707
0.0060079164
0.0023683767
-0.0024702629
-0.0059305352
-0.0070637756
-0.0071260275
-0.0078885569
-0.0094800878
-0.0103738773
-0.0091171650
-0.0056507894
-0.0007030188
0.0053494679
0.0124189769
0.0197886403
0.0258771654
0.0294009343
0.0305483423
0.0305412028
0.0298266442
0.0274324036
0.0224567251
0.0158890985
0.0101591073
0.0070207245
0.0063707146
0.0067498598
0.0064878474
0.0048309167
0.0022402266
0.0000984681
-0.0004353530
0.0000876181
-0.0006931424
-0.0048938273
-0.0119143367
-0.0185224908
-0.0213416117
-0.0188216805
-0.0116882512
-0.0026705130
0.0043114920
0.0065559512
0.0048320605
0.0026666855
0.0031492782
0.0067502128
0.0117569116
0.0157944599
0.0172008073
0.0159654256
0.0137625822
0.0128531253
0.0148057589
0.0200767379
0.0279840980
0.0362185185
0.0412565048
0.0408069604
0.0361515273
0.0311634696
0.0287728796
0.0283350320
0.0265883265
0.0211770400
0.0127610266
0.0034694857
-0.0051365653
-0.0123077636
-0.0173504106
-0.0197084576
-0.0196512223
-0.0180471072
-0.0153953640
-0.0118802387
-0.0083510856
-0.0061717918
-0.0060817657
-0.0075463329
-0.0092593271
-0.0099883918
-0.0093910920
-0.0082094133
-0.0075641350
-0.0077113785
-0.0073863336
-0.0045133605
0.0016805302
0.0091347566
0.0141594135
0.0145556670
0.0113466714
0.0072813505
0.0043009588
0.0027274707
0.0021170355
0.0020610659
0.0020745793
0.0014163174
-0.0003197398
-0.0022620534
-0.0025056208
0.0002884476
0.0056653089
0.0113444929
0.0144052556
0.0129523642
0.0072103202
-0.0007490706
-0.0081892188
-0.0130811716
-0.0148100855
-0.0140423658
-0.0119201828
-0.0091797216
-0.0058682070
-0.0019159934
0.0023106089
0.0061138765
0.0092437784
0.0126433428
0.0174946495
0.0234137923
0.0282697132
0.0303196139
0.0300097200
0.0293520540
0.0295860517
0.0300939996
0.0292925545
0.0260531694
0.0208050971
0.0157463752
0.0137727741
0.0160979506
0.0205775240
0.0228058989
0.0191215116
0.0087527919
-0.0059913636
-0.0210346335
-0.0325129954
-0.0384530664
-0.0395218227
-0.0383824470
-0.0375597986
-0.0375169718
-0.0366733230
-0.0333090192
-0.0274895054
-0.0212273021
-0.0168043040
-0.0148812306
-0.0140454169
-0.0121945379
-0.0083937561
-0.0035071394
0.0009319930
0.0044354486
0.0083622556
0.0149838725
0.0255708615
0.0385861765
0.0496706624
0.0547022576
0.0528940185
0.0467140251
0.0390451960
0.0311260545
0.0229748724
0.0149310518
0.0082284070
0.0034768075
-0.0005579483
-0.0056952135
-0.0121876287
-0.0188408578
-0.0248463270
-0.0301980802
-0.0345669989
-0.0371555161
-0.0377831956
-0.0373513786
-0.0368743645
-0.0364860259
-0.0355916900
-0.0334627916
-0.0295071982
-0.0237260758
-0.0174597746
-0.0130342584
-0.0118038020
-0.0126921218
-0.0130153823
-0.0111255655
-0.0076144913
-0.0039231770
-0.0008354249
0.0016870763
0.0037529743
0.0054408186
0.0069837794
0.0087373229
0.0109469357
0.0134572743
0.0154215196
0.0158413291
0.0146515781
0.0128755617
0.0115892439
0.0105209177
0.0077738109
0.0016584153
-0.0067844460
-0.0137365382
-0.0155830897
-0.0119821580
-0.0059649279
-0.0013479872
-0.0002350516
-0.0024050614
-0.0061758227
-0.0095111403
-0.0110489165
-0.0107375067
-0.0096258887
-0.0088762789
-0.0089237473
-0.0093673008
-0.0095076299
-0.0084785044
-0.0052828617
0.0006179863
0.0082913758
0.0152317553
0.0191411815
0.0199552730
0.0197983431
0.0205261213
0.0218891707
0.0223065102
0.0208416863
0.0181636711
0.0158207908
0.0147185936
0.0144341222
0.0136383356
0.0108577727
0.0051269607
-0.0035407197
-0.0141274479
-0.0248765271
-0.0337398800
-0.0389275893
-0.0397171018
-0.0369032071
-0.0322525535
-0.0273597268
-0.0230108045
-0.0194413740
-0.0166445285
-0.0141943451
-0.0113523607
-0.0077667180
-0.0040791701
-0.0012409096
0.0004929223
0.0017715806
0.0034647353
0.0060620734
0.0096280759
0.0141446966
0.0195773781
0.0252018002
0.0289682985
0.0285981118
0.0235139558
0.0153419837
0.0065951647
-0.0009109531
-0.0063678549
-0.0093260862
-0.0093587577
-0.0068927001
-0.0043181151
-0.0050764107
-0.0107900652
-0.0195170910
-0.0270327532
-0.0299024201
-0.0278093354
-0.0232058466
-0.0189000073
-0.0161970927
-0.0150301225
-0.0150967167
-0.0163691943
-0.0186477087
-0.0210887133
-0.0223453079
-0.0215156039
-0.0193331982
-0.0181628170
-0.0202525684
-0.0254068583
-0.0307115032
-0.0328055106
-0.0303661225
-0.0243259156
-0.0164318554
-0.0080614936
-0.0001953696
0.0063026039
0.0109204138
0.0141496768
0.0173279498
0.0211190868
0.0248784198
0.0276115490
0.0289871654
0.0291181529
0.0274871875
0.0231166729
0.0159317186
0.0072184932
-0.0014949530
-0.0092516354
-0.0155078405
-0.0197934330
-0.0220140325
-0.0228525240
-0.0236933173
-0.0256173325
-0.0283948887
-0.0304256401
-0.0297099353
-0.0253148001
-0.0182355001
-0.0107921595
-0.0053058521
-0.0031823249
-0.0047040201
-0.0089629583
-0.0138265624
-0.0166947912
-0.0157306069
-0.0108039474
-0.0031446762
0.0056867251
0.0145592923
0.0228950217
0.0305655789
0.0371423242
0.0415131011
0.0428177311
0.0414023532
0.0382519517
0.0338571047
0.0283721688
0.0223357241
0.0166378893
0.0114632127
0.0063154169
0.0013787080
-0.0018175374
-0.0018711602
0.0004899688
0.0027517628
0.0029431490
0.0011377331
-0.0013005903
-0.0033813981
-0.0050541253
-0.0066179690
-0.0079428020
-0.0081942237
-0.0060977040
-0.0006575668
0.0078086875
0.0173965371
0.0256413366
0.0307792513
0.0324580192
0.0315768568
0.0296680959
0.0283424787
0.0287814572
0.0311805594
0.0345408597
0.0371191279
0.0374351098
0.0350212332
0.0305206345
0.0251850377
0.0200932199
0.0155477211
0.0109797432
0.0052450749
-0.0025456365
-0.0118778186
-0.0206636264
-0.0264883491
-0.0281589708
-0.0260713995
-0.0218015547
-0.0176051657
-0.0152993666
-0.0150888004
-0.0157267863
-0.0159490213
-0.0156900687
-0.0159500115
-0.0177035956
-0.0210479816
-0.0251885097
-0.0287382940
-0.0304276029
-0.0296178352
-0.0266270061
-0.0224882225
-0.0181318977
-0.0137974485
-0.0095037571
-0.0056088098
-0.0025971060
-0.0004054286
0.0013581146
0.0022570431
0.0010128684
-0.0029291059
-0.0084585103
-0.0136723059
-0.0173043890
-0.0190988860
-0.0193247942
-0.0186875140
-0.0183574689
-0.0193601077
-0.0218409789
-0.0251786614
-0.0287196793
-0.0319477420
-0.0343826024
-0.0356713764
-0.0357810114
-0.0350006392
-0.0336668570
-0.0319700264
-0.0301448790
-0.0287478037
-0.0282428266
-0.0286447939
-0.0298175268
-0.0314598879
-0.0326630084
-0.0319308456
-0.0284617027
-0.0234640705
-0.0196407792
-0.0188019354
-0.0202322498
-0.0214843980
-0.0208003581
-0.0186584385
-0.0171068556
-0.0178289556
-0.0205124804
-0.0228724396
-0.0222399577
-0.0174764769
-0.0100515076
-0.0027141800
0.0027315661
0.0064674456
0.0098421822
0.0136809628
0.0174783920
0.0199909415
0.0201038192
0.0171874286
0.0109772499
0.0016753585
-0.0098112570
-0.0219091565
-0.0327208418
-0.0405623663
-0.0445857064
-0.0448295593
-0.0415857575
-0.0350250369
-0.0258094443
-0.0159425722
-0.0081087382
-0.0035642217
-0.0012431971
0.0007611845
0.0031566751
0.0054434346
0.0073069157
0.0090570134
0.0109006621
0.0126151534
0.0141376851
0.0160375733
0.0192976180
0.0243608921
0.0298361162
0.0324133207
0.0290178986
0.0198772899
0.0087248259
-0.0006994041
-0.0076872950
-0.0138706287
-0.0204075248
-0.0266331751
-0.0310859165
-0.0332353560
-0.0337353554
-0.0332083804
-0.0316202226
-0.0290368173
-0.0265342224
-0.0256284742
-0.0266530099
-0.0282086105
-0.0283710359
-0.0258607712
-0.0200738868
-0.0109602271
0.0004088447
0.0117120770
0.0209156755
0.0278384696
0.0337681499
0.0395954447
0.0449490942
0.0488842793
0.0508584778
0.0512305093
0.0508232479
0.0499638161
0.0486756211
0.0472372658
0.0455491604
0.0428381057
0.0387835442
0.0342622418
0.0304790566
0.0276796337
0.0251966942
0.0222699379
0.0183929617
0.0132657278
0.0067024198
-0.0012575843
-0.0098119488
-0.0172779235
-0.0220666123
-0.0237902439
-0.0232160153
-0.0216143923
-0.0199687127
-0.0186093753
-0.0171647935
-0.0149754340
-0.0120225094
-0.0093703335
-0.0081595624
-0.0085814371
-0.0105001407
-0.0141450890
-0.0193870259
-0.0246678180
-0.0276513316
-0.0272316295
-0.0240958895
-0.0191924783
-0.0127630821
-0.0055345346
0.0004090548
0.0034132572
0.0046052288
0.0073668746
0.0139741808
0.0231694694
0.0312562734
0.0352432313
0.0348685225
0.0318185310
0.0276189346
0.0222300282
0.0149000164
0.0058161277
-0.0031764200
-0.0095062237
-0.0119014304
-0.0113828352
-0.0101053265
-0.0094803979
-0.0094205592
-0.0087114462
-0.0059971608
-0.0007925786
0.0064053534
0.0147844572
0.0233378127
0.0305983437
0.0353208181
0.0377098500
0.0394666419
0.0422819245
0.0463880578
0.0505741034
0.0535755602
0.0550322140
0.0550841464
0.0539740478
0.0522386991
0.0503869377
0.0483802160
0.0460102949
0.0434011204
0.0406367656
0.0372138286
0.0323772964
0.0262310657
0.0202349646
0.0160562216
0.0141682137
0.0140409790
0.0150019041
0.0161929158
0.0165275499
0.0152347240
0.0120934789
0.0072721538
0.0013328492
-0.0049691979
-0.0113404256
-0.0182578886
-0.0260440720
-0.0338966122
-0.0405361076
-0.0459073594
-0.0510268797
-0.0557804503
-0.0579587448
-0.0556033325
-0.0495728793
-0.0428936705
-0.0376560455
-0.0336847815
-0.0301633174
-0.0272070114
-0.0254284599
-0.0249934503
-0.0254869190
-0.0263630714
-0.0264217249
-0.0236210990
-0.0170693081
-0.0092689991
-0.0050273084
-0.0073315560
-0.0149253859
-0.0237321655
-0.0303791436
-0.0343258788
-0.0374427023
-0.0424210984
-0.0508720815
-0.0617873643
-0.0717951926
-0.0778228516
-0.0799116165
-0.0806539570
-0.0819319456
-0.0832037390
-0.0830477162
-0.0812419692
-0.0783519856
-0.0739858273
-0.0671584455
-0.0581750140
-0.0489655039
-0.0408956973
-0.0330425004
-0.0232872178
-0.0110263427
0.0019367014
0.0130944029
0.0213685320
0.0272029210
0.0309990576
0.0322392873
0.0303548391
0.0261012047
0.0213030174
0.0174542310
0.0149632863
0.0136942687
0.0135935497
0.0144349025
0.0158658385
0.0178450452
0.0204883410
0.0236466394
0.0267516495
0.0290841214
0.0301368535
0.0299307140
0.0289601188
0.0280881926
0.0283966192
0.0308604183
0.0355299821
0.0412709869
0.0463328254
0.0494022904
0.0505562308
0.0509637164
0.0513525592
0.0512559768
0.0499813736
0.0480800116
0.0470254663
0.0470140458
0.0462753194
0.0432658262
0.0387940375
0.0353865067
0.0350666973
0.0381440828
0.0433297584
0.0484969753
0.0519470048
0.0535649226
0.0547837254
0.0568566420
0.0592463829
0.0605059901
0.0600826030
0.0583003726
0.0550137217
0.0494507041
0.0411662708
0.0306272240
0.0188199304
0.0070444053
-0.0029282393
-0.0093656732
-0.0116651576
-0.0111653090
-0.0102563607
-0.0100017714
-0.0095540061
-0.0079914567
-0.0056111861
-0.0028568790
0.0009881371
0.0071367493
0.0157407958
0.0256077482
0.0346324108
0.0404386535
0.0417594647
0.0397079057
0.0370394664
0.0359785281
0.0370770018
0.0397893372
0.0431923274
0.0459375021
0.0465652770
0.0446403972
0.0411953306
0.0379792265
0.0361779486
0.0356056043
0.0354089479
0.0354150327
0.0362697697
0.0379728859
0.0391551275
0.0384803868
0.0358480023
0.0314425493
0.0250057460
0.0169017662
0.0089174511
0.0029170087
-0.0013456748
-0.0059689893
-0.0124879634
-0.0200067260
-0.0259066531
-0.0282468229
-0.0275451071
-0.0261991821
-0.0261051490
-0.0268388650
-0.0264616759
-0.0238646334
-0.0198884237
-0.0164357717
-0.0151031374
-0.0167072064
-0.0212113526
-0.0274151961
-0.0330200210
-0.0361326353
-0.0369415206
-0.0374677890
-0.0392118878
-0.0414876767
-0.0424108177
-0.0413322873
-0.0396630770
-0.0391205185
-0.0397605846
-0.0399563631
-0.0383711179
-0.0355618332
-0.0335204086
-0.0336884324
-0.0353611273
-0.0359055042
-0.0327457120
-0.0255483262
-0.0170663928
-0.0111200962
-0.0095013499
-0.0108355214
-0.0123123196
-0.0123589883
-0.0117186501
-0.0123466254
-0.0152625428
-0.0193552170
-0.0222514001
-0.0225215994
-0.0211864787
-0.0206268010
-0.0221862799
-0.0249546676
-0.0264397652
-0.0242878575
-0.0178763989
-0.0086014427
0.0012279993
0.0096095403
0.0152920286
0.0177653261
0.0171995128
0.0147916623
0.0127471570
0.0131252557
0.0164702463
0.0213374815
0.0254854610
0.0279072913
0.0293507906
0.0308161122
0.0322682226
0.0334496531
0.0351515002
0.0385101894
0.0432440905
0.0472783640
0.0480692048
0.0444619223
0.0376074871
0.0304887381
0.0260307085
0.0251540675
0.0263473077
0.0274369504
0.0273253573
0.0260193048
0.0237774715
0.0209084576
0.0183079878
0.0172889890
0.0182670429
0.0198587806
0.0199015273
0.0172861589
0.0126893456
0.0075451659
0.0026423664
-0.0022610608
-0.0076996077
-0.0138079975
-0.0201380380
-0.0258734584
-0.0304204703
-0.0344399817
-0.0399022504
-0.0482370737
-0.0581218074
-0.0660006016
-0.0693786098
-0.0687177137
-0.0660695266
-0.0625751474
-0.0578958242
-0.0518142691
-0.0453501081
-0.0394456014
-0.0334252681
-0.0257273677
-0.0158733015
-0.0050454625
0.0050761686
0.0139585700
0.0224352203
0.0312640895
0.0398876998
0.0470470349
0.0520182892
0.0548966650
0.0560861698
0.0556284905
0.0532572143
0.0490979892
0.0440411372
0.0391251922
0.0345378978
0.0297629988
0.0248703694
0.0210615731
0.0195672412
0.0204516917
0.0223914641
0.0236661535
0.0232114228
0.0209667818
0.0178436616
0.0152092100
0.0144041163
0.0161024590
0.0196662919
0.0234979474
0.0262265624
0.0273359298
0.0271141433
0.0266491772
0.0273974983
0.0301080651
0.0343997650
0.0391820856
0.0433039807
0.0457897684
0.0461980182
0.0453281838
0.0453010459
0.0482032418
0.0543895805
0.0622388361
0.0693106244
0.0735326957
0.0738447296
0.0706576757
0.0654103410
0.0586555360
0.0492176678
0.0359901168
0.0202189576
0.0054404007
-0.0052787477
-0.0117982978
-0.0165042425
-0.0217977042
-0.0284463899
-0.0354874670
-0.0410843658
-0.0436744347
-0.0427220237
-0.0386381075
-0.0324574241
-0.0254108592
-0.0184017614
-0.0116491532
-0.0049721496
0.0020732313
0.0099810015
0.0188333990
0.0283484470
0.0381353526
0.0477249516
0.0562194944
0.0623627403
0.0654614053
0.0658132568
0.0640463942
0.0605757116
0.0561327736
0.0523348312
0.0513075792
0.0540212757
0.0589694251
0.0633735902
0.0655240899
0.0651308515
0.0621017566
0.0561912820
0.0479594395
0.0391834541
0.0318778420
0.0266178857
0.0221354080
0.0168640385
0.0103397583
0.0031918382
-0.0036419597
-0.0091421031
-0.0125448224
-0.0138648959
-0.0139129930
-0.0135073193
-0.0128324942
-0.0114863676
-0.0089258033
-0.0050292303
-0.0005251236
0.0031254727
0.0049490236
0.0052473747
0.0046457575
0.0025227641
-0.0028195493
-0.0121417452
-0.0239007253
-0.0355414037
-0.0455327225
-0.0538485944
-0.0603383357
-0.0639548598
-0.0643949331
-0.0634818452
-0.0638145110
-0.0663601609
-0.0697313644
-0.0714696766
-0.0701912982
-0.0667178809
-0.0626438790
-0.0583939433
-0.0530672103
-0.0459447296
-0.0376277855
-0.0295150968
-0.0225308275
-0.0165221432
-0.0108206901
-0.0050870866
0.0001792496
0.0037981697
0.0050863952
0.0047248382
0.0040706062
0.0038383725
0.0033556398
0.0011149915
-0.0035002390
-0.0090501278
-0.0130711683
-0.0140411764
-0.0127560203
-0.0118770387
-0.0138923691
-0.0192905551
-0.0270345640
-0.0361775336
-0.0462824465
-0.0566792181
-0.0657934767
-0.0714216673
-0.0713509198
-0.0643337209
-0.0513440775
-0.0357423155
-0.0213794127
-0.0099076965
0.0000043325
0.0107496969
0.0231810190
0.0358737182
0.0462750213
0.0526499126
0.0553077363
0.0562107376
0.0573203909
0.0588306944
0.0592674480
0.0576154924
0.0550033529
0.0538747016
0.0554555184
0.0586483787
0.0613376165
0.0620552370
0.0601954296
0.0550889523
0.0459872883
0.0335585372
0.0204182137
0.0093406669
0.0012092649
-0.0051226973
-0.0109845660
-0.0164272274
-0.0202919702
-0.0215357535
-0.0207030213
-0.0199943287
-0.0216490492
-0.0265086007
-0.0340549777
-0.0429964773
-0.0515473469
-0.0578064201
-0.0612504014
-0.0634937051
-0.0669495906
-0.0725123746
-0.0788189210
-0.0839330609
-0.0875307489
-0.0908530023
-0.0946032848
-0.0977188714
-0.0985029903
-0.0962650496
-0.0913527023
-0.0843784964
-0.0765286342
-0.0698392043
-0.0661143389
-0.0655182252
-0.0667416822
-0.0683314669
-0.0693946769
-0.0693629745
-0.0678993110
-0.0653558469
-0.0626833008
-0.0600379873
-0.0558167976
-0.0477820407
-0.0348889743
-0.0181725608
-0.0005810358
0.0137632591
0.0216666342
0.0234448309
0.0226740885
0.0228473241
0.0248376153
0.0275796660
0.0301858676
0.0324824786
0.0339153997
0.0331293322
0.0287265724
0.0205063616
0.0098863679
-0.0013348305
-0.0122512299
-0.0226077218
-0.0315807963
-0.0378626115
-0.0408013672
-0.0415050984
-0.0424572719
-0.0456182072
-0.0509191548
-0.0562715166
-0.0593337964
-0.0597990171
-0.0596508199
-0.0610888758
-0.0644847326
-0.0682501348
-0.0701532598
-0.0690440918
-0.0658136638
-0.0625547926
-0.0608147829
-0.0611177210
-0.0637151773
-0.0686944605
-0.0751126885
-0.0811433639
-0.0857891773
-0.0902278625
-0.0966107053
-0.1053933101
-0.1143331738
-0.1205244007
-0.1232027936
-0.1240716695
-0.1252564555
-0.1274931520
-0.1302351656
-0.1328444413
-0.1352139084
-0.1370486067
-0.1375760930
-0.1364584050
-0.1341648251
-0.1311762047
-0.1278458692
-0.1250191851
-0.1239503695
-0.1251759378
-0.1279552371
-0.1309598434
-0.1331450496
-0.1340249883
-0.1333762454
-0.1308953348
-0.1262864888
-0.1196906279
-0.1116827076
-0.1027710081
-0.0929932282
-0.0822755501
-0.0707912909
-0.0585262020
-0.0450211877
-0.0300376914
-0.0143457266
0.0002519534
0.0117228359
0.0192334659
0.0238753340
0.0278392165
0.0324195989
0.0369625069
0.0399196327
0.0407276407
0.0403836654
0.0405194322
0.0421816927
0.0451736774
0.0483909787
0.0510004797
0.0532358980
0.0558888706
0.0593610776
0.0634486941
0.0676652031
0.0716656994
0.0753276985
0.0784391506
0.0807014506
0.0820911001
0.0828858617
0.0830045655
0.0816388605
0.0779182995
0.0717624636
0.0637753050
0.0544584364
0.0438194743
0.0316390319
0.0180557650
0.0038055068
-0.0100993841
-0.0229687333
-0.0344714706
-0.0448919118
-0.0555426648
-0.0682579279
-0.0837481827
-0.1002445696
-0.1147619176
-0.1255703993
-0.1328665541
-0.1375219977
-0.1399723840
-0.1403567923
-0.1392636683
-0.1374223199
-0.1346770164
-0.1297241154
-0.1210056993
-0.1080615744
-0.0924269728
-0.0773091663
-0.0657621205
-0.0586007329
-0.0540281962
-0.0494665744
-0.0439397898
-0.0386635982
-0.0353374073
-0.0343299488
-0.0346747047
-0.0352557204
-0.0353751750
-0.0341735256
-0.0307044193
-0.0251302361
-0.0190687221
-0.0139185820
-0.0090559443
-0.0025887183
0.0062729952
0.0161085551
0.0248600893
0.0319733851
0.0383326020
0.0449345433
0.0521300050
0.0596146389
0.0668597219
0.0737703939
0.0809770855
0.0891857657
0.0982273682
0.1069123483
0.1141259271
0.1200951613
0.1260289240
0.1327045161
0.1396907751
0.1460598191
0.1513382724
0.1554562544
0.1585441974
0.1609072683
0.1630564072
0.1651006039
0.1663982597
0.1659998652
0.1632787082
0.1579477087
0.1501278184
0.1406981828
0.1311972763
0.1230327119
0.1167423952
0.1121913927
0.1090353565
0.1067762768
0.1045232674
0.1012172747
0.0964006398
0.0905020757
0.0842290187
0.0779813873
0.0718070085
0.0656256100
0.0596766060
0.0546736720
0.0513377891
0.0493307960
0.0472449826
0.0441232976
0.0406820554
0.0387924150
0.0398116840
0.0432198487
0.0468136608
0.0479665119
0.0446667670
0.0361493854
0.0231405748
0.0077525093
-0.0074925534
-0.0211344573
-0.0330300277
-0.0432550640
-0.0516374517
-0.0584418454
-0.0648557183
-0.0720326013
-0.0795908945
-0.0853316560
-0.0866443427
-0.0827323782
-0.0748218289
-0.0646297271
-0.0532093443
-0.0410632808
-0.0288423993
-0.0176052127
-0.0084933829
-0.0020347539
0.0022016151
0.0049954979
0.0067152175
0.0075224951
0.0078038334
0.0078132497
0.0067906836
0.0028690033
-0.0059185592
-0.0204938909
-0.0400696233
-0.0621449743
-0.0838290746
-0.1033921653
-0.1209518115
-0.1376336235
-0.1540268540
-0.1695560811
-0.1828334167
-0.1927207277
-0.1995234301
-0.2048561138
-0.2102003067
-0.2155667756
-0.2195113424
-0.2209070031
-0.2202079150
-0.2185198884
-0.2163124353
-0.2134688692
-0.2102352236
-0.2071511344
-0.2043797439
-0.2017294574
-0.1994023860
-0.1981706622
-0.1984142635
-0.1995447284
-0.2005598552
-0.2008916977
-0.2001775016
-0.1976605718
-0.1924883152
-0.1847418875
-0.1755909783
-0.1662776331
-0.1572893246
-0.1484358560
-0.1390921670
-0.1286331658
-0.1169489419
-0.1046975289
-0.0928041602
-0.0814423469
-0.0696870005
-0.0564929008
-0.0418967492
-0.0268763414
-0.0122694113
0.0018674601
0.0158960550
0.0300263584
0.0441164467
0.0580707427
0.0718170318
0.0845889557
0.0944938486
0.0993663165
0.0983551358
0.0927588183
0.0854019685
0.0788689746
0.0742071936
0.0712793179
0.0698812911
0.0703565426
0.0731612306
0.0781452130
0.0845157929
0.0915101019
0.0990957631
0.1076729498
0.1169763951
0.1258522298
0.1332595834
0.1391240422
0.1440003086
0.1483192980
0.1522251855
0.1557409386
0.1588529602
0.1615458322
0.1638711268
0.1661394595
0.1690233176
0.1735447475
0.1804693323
0.1896820808
0.2003174342
0.2117354525
0.2238531861
0.2365427963
0.2491950925
0.2612229551
0.2725763030
0.2832712055
0.2929260049
0.3007764627
0.3065455036
0.3107753743
0.3140815000
0.3164542274
0.3175933240
0.3173345707
0.3156036518
0.3121563577
0.3068297391
0.3002184111
0.2935854577
0.2878094225
0.2825770363
0.2767142679
0.2690112193
0.2590342240
0.2475597239
0.2361756858
0.2263098581
0.2186491430
0.2132111699
0.2097445137
0.2080939195
0.2080149488
0.2086040116
0.2086149644
0.2073605425
0.2048423937
0.2003577872
0.1915259414
0.1760707553
0.1548656868
0.1318305545
0.1104555301
0.0911794862
0.0717018794
0.0499929847
0.0267439678
0.0051881143
-0.0111347290
-0.0210877874
-0.0265842194
-0.0311279665
-0.0373358034
-0.0455199046
-0.0544554059
-0.0629999904
-0.0708691833
-0.0782521566
-0.0854419940
-0.0925659863
-0.0994874158
-0.1058073150
-0.1110776909
-0.1153350700
-0.1194338317
-0.1246455868
-0.1321035982
-0.1425891066
-0.1561469874
-0.1716895531
-0.1869682277
-0.1999019254
-0.2098479440
-0.2177085591
-0.2248735089
-0.2320256799
-0.2387866886
-0.2442241874
-0.2475909950
-0.2488384257
-0.2486162920
-0.2476861016
-0.2462664201
-0.2441390047
-0.2413159656
-0.2383867588
-0.2359259305
-0.2340028506
-0.2323101488
-0.2305805211
-0.2286260693
-0.2259801326
-0.2218997474
-0.2160160694
-0.2087382944
-0.2011104763
-0.1943247488
-0.1891104483
-0.1850578499
-0.1804795969
-0.1735374786
-0.1636907884
-0.1517906813
-0.1390117363
-0.1262481380
-0.1143695210
-0.1043273219
-0.0962698731
-0.0887404886
-0.0795632480
-0.0678265181
-0.0549398427
-0.0436674249
-0.0363010909
-0.0331092822
-0.0318354470
-0.0289419104
-0.0217726040
-0.0098963822
0.0050043457
0.0204358906
0.0345921782
0.0472526504
0.0595225194
0.0727347853
0.0872134687
0.1016792762
0.1141737946
0.1237681662
0.1314106071
0.1392751555
0.1492317650
0.1615185857
0.1748165815
0.1874364198
0.1981866962
0.2067192380
0.2135603539
0.2197355445
0.2261502521
0.2331723297
0.2405914152
0.2481569273
0.2558832040
0.2636008334
0.2702700461
0.2740211952
0.2730202672
0.2664338407
0.2548507070
0.2401307965
0.2249069328
0.2117005578
0.2022478304
0.1968834937
0.1942787835
0.1917111984
0.1858304729
0.1739474741
0.1554304488
0.1316749447
0.1046049833
0.0753939668
0.0449939512
0.0149718705
-0.0122865654
-0.0343200591
-0.0502379598
-0.0608404426
-0.0675457981
-0.0713703811
-0.0725490723
-0.0710458107
-0.0674480319
-0.0634429567
-0.0608312862
-0.0600149838
-0.0598577457
-0.0595257144
-0.0599480063
-0.0628783421
-0.0689170608
-0.0767302337
-0.0842294216
-0.0901947999
-0.0946939157
-0.0985224347
-0.1023808229
-0.1063435300
-0.1098242935
-0.1119971920
-0.1121807519
-0.1103278089
-0.1074788372
-0.1051218553
-0.1042356916
-0.1050945759
-0.1072929384
-0.1094893104
-0.1099093589
-0.1077570111
-0.1036472005
-0.0983703035
-0.0919609033
-0.0844335591
-0.0767393455
-0.0705559862
-0.0670621361
-0.0664051060
-0.0679434421
-0.0708484676
-0.0743824740
-0.0779449169
-0.0812118610
-0.0842845682
-0.0875928349
-0.0914936549
-0.0958455592
-0.0997960767
-0.1019870718
-0.1014442932
-0.0983856138
-0.0942342244
-0.0910535245
-0.0905277981
-0.0932709056
-0.0988374105
-0.1060041988
-0.1130300796
-0.1183497746
-0.1219630030
-0.1260161290
-0.1332048032
-0.1443642737
-0.1577892559
-0.1706480804
-0.1808702548
-0.1883646006
-0.1952461570
-0.2049549991
-0.2202315007
-0.2409912206
-0.2641817056
-0.2864492016
-0.3064096487
-0.3247468350
-0.3423009380
-0.3587546019
-0.3732015758
-0.3851129703
-0.3947572477
-0.4026810368
-0.4092264516
-0.4143535259
-0.4175890962
-0.4185491310
-0.4178564031
-0.4171574873
-0.4176870886
-0.4191170695
-0.4201657103
-0.4200190140
-0.4188208545
-0.4169998593
-0.4148721496
-0.4126922058
-0.4102268169
-0.4058165517
-0.3974002134
-0.3851554850
-0.3724041803
-0.3629298538
-0.3578725947
-0.3554083544
-0.3528697764
-0.3488881948
-0.3436487646
-0.3379967217
-0.3324348837
-0.3265370048
-0.3188815168
-0.3077478264
-0.2922600830
-0.2728961563
-0.2505693497
-0.2259479609
-0.1998670744
-0.1734835986
-0.1479164719
-0.1235259609
-0.0998673894
-0.0765926870
-0.0538205500
-0.0321250238
-0.0118761028
0.0072065475
0.0255705220
0.0431978309
0.0594358768
0.0736688262
0.0860801489
0.0976418921
0.1093817387
0.1217094218
0.1343236210
0.1466489128
0.1581209690
0.1681582162
0.1765084208
0.1836562397
0.1905279560
0.1974978216
0.2041517806
0.2101876421
0.2164019979
0.2243381242
0.2352904363
0.2491677214
0.2637666747
0.2747402510
0.2769247887
0.2666108992
0.2436603383
0.2119078069
0.1766964595
0.1415850893
0.1068493065
0.0719355756
0.0378779983
0.0071598932
-0.0183349652
-0.0385339388
-0.0550548191
-0.0702460130
-0.0858185749
-0.1016985750
-0.1162610624
-0.1281375941
-0.1376596886
-0.1460230743
-0.1535937854
-0.1595596682
-0.1629641774
-0.1636036524
-0.1621316436
-0.1596214955
-0.1568940903
-0.1538908448
-0.1493400594
-0.1414843540
-0.1294197461
-0.1137068871
-0.0956016020
-0.0762879305
-0.0572533087
-0.0404598774
-0.0273061609
-0.0173731584
-0.0082015491
0.0033958130
0.0192738811
0.0382974255
0.0568356936
0.0714837392
0.0813602095
0.0878768024
0.0928211855
0.0970918635
0.1008121752
0.1037347365
0.1053904290
0.1054287174
0.1041191574
0.1028600215
0.1039026306
0.1091301288
0.1183711923
0.1291584064
0.1386523770
0.1458842194
0.1521582159
0.1593611766
0.1681438408
0.1777599549
0.1867285896
0.1933436596
0.1963957899
0.1954289308
0.1901318608
0.1797432355
0.1637042002
0.1430818372
0.1208546582
0.1007938223
0.0859970799
0.0778347501
0.0755934899
0.0771124412
0.0803068921
0.0844081894
0.0896113901
0.0954509645
0.1001576474
0.1021156126
0.1016754045
0.1012606365
0.1034897955
0.1093443406
0.1181295448
0.1287157879
0.1405807245
0.1535275786
0.1669008246
0.1799193081
0.1925461063
0.2056715934
0.2201934415
0.2360140010
0.2516997506
0.2648239492
0.2724857190
0.2721214364
0.2627587012
0.2461453275
0.2268964698
0.2105849262
0.2010411338
0.1984129963
0.2000297894
0.2029437119
0.2053088341
0.2061269996
0.2050893827
0.2030970310
0.2020800070
0.2033750011
0.2063967153
0.2091603568
0.2098605429
0.2081007195
0.2048486038
0.2018681956
0.2011178312
0.2043412141
0.2129712558
0.2272928186
0.2455438299
0.2647627294
0.2824673124
0.2972462785
0.3083904804
0.3159800147
0.3208925181
0.3244302385
0.3276673317
0.3311023118
0.3347465105
0.3381882215
0.3408434043
0.3423735597
0.3431441285
0.3441915036
0.3462721493
0.3492420992
0.3526081139
0.3560669364
0.3592594502
0.3616492086
0.3632360522
0.3651248470
0.3688129018
0.3746871591
0.3815568105
0.3876738653
0.3919402442
0.3943374448
0.3956308816
0.3967149117
0.3981523378
0.4004547310
0.4040515177
0.4087051865
0.4131647160
0.4156575796
0.4148978990
0.4108094280
0.4045076202
0.3974448147
0.3902378902
0.3824951983
0.3736070249
0.3635958023
0.3527791684
0.3412281165
0.3288516672
0.3155579855
0.3012870272
0.2861378109
0.2704556508
0.2547651157
0.2395871144
0.2255820336
0.2131353084
0.2020996707
0.1919006477
0.1815838638
0.1704531517
0.1589075590
0.1480734664
0.1388449864
0.1312563394
0.1249597057
0.1199427647
0.1163609592
0.1139352903
0.1121529516
0.1109671883
0.1109026462
0.1122610896
0.1150436779
0.1195722018
0.1266844028
0.1371646669
0.1512047309
0.1682820295
0.1873701575
0.2071636647
0.2260005105
0.2421962901
0.2550088256
0.2654360457
0.2755151337
0.2866178029
0.2983444681
0.3092977589
0.3182831364
0.3250139213
0.3299659675
0.3337132968
0.3366401188
0.3389658855
0.3411683574
0.3441079150
0.3481907588
0.3524326154
0.3548593522
0.3540075957
0.3498761428
0.3435600576
0.3361512559
0.3280055239
0.3187223052
0.3079273930
0.2961209101
0.2846253668
0.2747024839
0.2664874062
0.2588387484
0.2502075904
0.2397221212
0.2277301653
0.2152003519
0.2029088335
0.1913460772
0.1809515600
0.1718716362
0.1639158952
0.1568676086
0.1506162087
0.1447559723
0.1384574251
0.1312090353
0.1236576670
0.1172878846
0.1132117350
0.1115753193
0.1119517412
0.1139712595
0.1173704934
0.1215705643
0.1253933364
0.1274403905
0.1271009291
0.1250139834
0.1224990425
0.1203559267
0.1183048809
0.1159813427
0.1140153345
0.1136154248
0.1150572125
0.1166160296
0.1158307364
0.1117323865
0.1056424965
0.0998115882
0.0950479042
0.0897466022
0.0815268450
0.0697563960
0.0561128558
0.0428803315
0.0305610895
0.0173583637
0.0012466199
-0.0174231170
-0.0359702336
-0.0519883733
-0.0653106790
-0.0780779688
-0.0927631630
-0.1102928571
-0.1301738251
-0.1518504322
-0.1752005222
-0.1998814222
-0.2249757899
-0.2498808964
-0.2746436786
-0.2992630431
-0.3227837536
-0.3437458237
-0.3614944888
-0.3764920279
-0.3895357762
-0.4013063122
-0.4125324391
-0.4240142048
-0.4361352082
-0.4485411190
-0.4607315875
-0.4724830918
-0.4834933403
-0.4932001222
-0.5013187953
-0.5080032832
-0.5131776379
-0.5163996126
-0.5182480416
-0.5202704465
-0.5215182770
-0.5167648230
-0.5019019825
-0.4837333052
-0.4805024959
-0.4927642187
-0.5167641571
-0.5233908149
-0.5025642966
-0.5059418293
-0.4960975005
-0.5220959024
-0.5349315464
-0.5486479749
-0.5381272994
-0.5315397211
-0.5365274954
-0.5304271276
-0.5560751574
-0.5602473923
-0.5601089998
-0.5438215386
-0.5630401285
-0.5612508542
-0.5728205512
-0.5923396895
-0.5816071307
-0.5847183680
-0.5824027751
-0.5872090421
-0.5851891664
-0.6025947858
-0.5975509126
-0.5969838672
-0.6006027979
-0.5999767245
-0.5986939745
-0.5791600765
-0.5551609577
-0.5154187024
-0.4805685838
-0.4463385870
-0.4098818367
-0.3728421951
-0.3362331714
-0.3040392248
-0.2790998775
-0.2634315827
-0.2558385905
-0.2501558867
-0.2380809592
-0.2147727365
-0.1813909805
-0.1428140124
-0.1041639282
-0.0689081666
-0.0388972184
-0.0146254580
0.0047779822
0.0213741089
0.0374753446
0.0544197226
0.0720365673
0.0893965823
0.1062192458
0.1234541324
0.1423132865
0.1629505715
0.1842186563
0.2044499251
0.2222348081
0.2362839157
0.2449735708
0.2463655410
0.2389188319
0.2229756515
0.2017334653
0.1803509926
0.1637607813
0.1548066234
0.1541113032
0.1607954630
0.1726965621
0.1866061877
0.1994365878
0.2096585249
0.2174117193
0.2233837422
0.2280973264
0.2314876518
0.2330438978
0.2322061414
0.2286997376
0.2227881112
0.2154603221
0.2079035045
0.2007046451
0.1937170525
0.1869407430
0.1807573417
0.1749553713
0.1682984941
0.1598188995
0.1502646768
0.1414055122
0.1340944186
0.1273333005
0.1191418634
0.1082867318
0.0953795336
0.0822857213
0.0702214558
0.0586643702
0.0465717207
0.0342158833
0.0228408293
0.0127942884
0.0029177413
-0.0078382646
-0.0186036370
-0.0272549701
-0.0325839654
-0.0352986125
-0.0369262662
-0.0381472470
-0.0382292448
-0.0360476258
-0.0312179675
-0.0242323313
-0.0158636096
-0.0069897271
0.0013165663
0.0085140066
0.0156609935
0.0252790059
0.0394491569
0.0576891020
0.0772389897
0.0957709783
0.1135602548
0.1331615777
0.1568212909
0.1839646031
0.2112497417
0.2348678665
0.2529976770
0.2668232084
0.2794312273
0.2934940883
0.3096538701
0.3266713784
0.3426203202
0.3565648654
0.3693311339
0.3821470147
0.3945767766
0.4045527566
0.4109992585
0.4154847846
0.4203935099
0.4259035446
0.4297874882
0.4296609367
0.4250731998
0.4176231997
0.4095677575
0.4023206206
0.3956486554
0.3878852270
0.3771632481
0.3630758075
0.3470530479
0.3309856933
0.3150472108
0.2973021493
0.2760020753
0.2521726002
0.2289338677
0.2081844844
0.1889930919
0.1696179212
0.1495497309
0.1290419871
0.1082864037
0.0879014958
0.0692787464
0.0535857630
0.0399588437
0.0255889366
0.0083333263
-0.0106650538
-0.0280391055
-0.0418389750
-0.0531821075
-0.0647334588
-0.0779795222
-0.0918792881
-0.1038172858
-0.1117246899
-0.1156802085
-0.1176427275
-0.1194968504
-0.1217926667
-0.1241278634
-0.1262204592
-0.1282836210
-0.1305750768
-0.1328854998
-0.1345770134
-0.1351411694
-0.1347117415
-0.1342437995
-0.1349574252
-0.1371091008
-0.1393420531
-0.1396363498
-0.1372137269
-0.1333225222
-0.1298694390
-0.1278320635
-0.1270871073
-0.1271547307
-0.1276601165
-0.1281745054
-0.1286361220
-0.1298714393
-0.1328574468
-0.1374432612
-0.1423196364
-0.1462817255
-0.1491838716
-0.1516093623
-0.1543891604
-0.1584398517
-0.1643927207
-0.1719850782
-0.1801123551
-0.1877477715
-0.1950023091
-0.2037997184
-0.2168501324
-0.2353935597
-0.2579100773
-0.2815076363
-0.3039254095
-0.3242173734
-0.3423999201
-0.3585656314
-0.3720578695
-0.3811518408
-0.3840441152
-0.3805783688
-0.3730700648
-0.3652231932
-0.3598745121
-0.3577504513
-0.3576863690
-0.3579900396
-0.3577219518
-0.3570326872
-0.3565005936
-0.3561269335
-0.3548879652
-0.3513711462
-0.3453599556
-0.3389874954
-0.3356038636
-0.3369011743
-0.3411474101
-0.3448535206
-0.3458218176
-0.3440754089
-0.3406750528
-0.3363962999
-0.3312246767
-0.3243891519
-0.3150064409
-0.3035192520
-0.2923281397
-0.2842689691
-0.2798459911
-0.2765073848
-0.2707747876
-0.2610681532
-0.2481776592
-0.2333431312
-0.2164895182
-0.1966335753
-0.1731601027
-0.1463651391
-0.1177247396
-0.0893509340
-0.0629186666
-0.0390746974
-0.0180059120
-0.0004729772
0.0125452640
0.0210227700
0.0265334295
0.0312861658
0.0366935369
0.0430253186
0.0499365841
0.0569237587
0.0637174484
0.0703410355
0.0764410065
0.0813510676
0.0852806598
0.0898126303
0.0968840676
0.1070972844
0.1189160514
0.1297008013
0.1378522355
0.1438403351
0.1494276099
0.1560462591
0.1638093214
0.1715127961
0.1774998785
0.1807180178
0.1813235092
0.1805428885
0.1799242599
0.1801999570
0.1808057080
0.1801790847
0.1767324265
0.1698884331
0.1606438757
0.1510079887
0.1423595569
0.1343477492
0.1256897541
0.1158906074
0.1056573245
0.0955675527
0.0853119705
0.0744697573
0.0631201384
0.0515753888
0.0404724354
0.0309926729
0.0239814528
0.0184038367
0.0115364728
0.0015368867
-0.0104953558
-0.0217857222
-0.0308624870
-0.0383968017
-0.0456264443
-0.0530163671
-0.0607273707
-0.0693611570
-0.0792775464
-0.0897826069
-0.0995539094
-0.1078439536
-0.1150200110
-0.1217535643
-0.1280179051
-0.1335337868
-0.1384346687
-0.1429870643
-0.1469548687
-0.1497614302
-0.1511902544
-0.1513455417
-0.1501131329
-0.1473822231
-0.1437558452
-0.1405989955
-0.1390444874
-0.1390451890
-0.1398620595
-0.1413092967
-0.1438845702
-0.1475890769
-0.1512604829
-0.1534512083
-0.1539359150
-0.1541950717
-0.1562244688
-0.1605843897
-0.1657469747
-0.1692055890
-0.1693485750
-0.1666835776
-0.1633494719
-0.1612628501
-0.1606317905
-0.1601453822
-0.1582875568
-0.1548954308
-0.1516745130
-0.1511286527
-0.1545603382
-0.1609506535
-0.1679342524
-0.1736856966
-0.1779089338
-0.1813145531
-0.1846264307
-0.1879529474
-0.1906980106
-0.1919254917
-0.1910426605
-0.1885782519
-0.1863843967
-0.1865992222
-0.1900259783
-0.1954785565
-0.2005565070
-0.2031541344
-0.2026191091
-0.1998425882
-0.1960907815
-0.1917824679
-0.1862541944
-0.1786955710
-0.1693227402
-0.1597468392
-0.1519503065
-0.1465725693
-0.1419735821
-0.1352433428
-0.1245518704
-0.1106925179
-0.0965462351
-0.0846152601
-0.0751110783
-0.0665416026
-0.0578622945
-0.0494204678
-0.0419112861
-0.0350056856
-0.0276534092
-0.0195007273
-0.0113688516
-0.0047740929
-0.0010680928
-0.0003181536
-0.0011409929
-0.0021760652
-0.0031870762
-0.0043982107
-0.0057929969
-0.0073875208
-0.0091769747
-0.0103260646
-0.0091651004
-0.0044895819
0.0030670185
0.0115244457
0.0195165330
0.0273002948
0.0357205197
0.0450888238
0.0554498254
0.0668327379
0.0786983601
0.0897049300
0.0988548815
0.1065642727
0.1143260714
0.1234121573
0.1337855293
0.1439569927
0.1520673003
0.1572906511
0.1600174374
0.1608810661
0.1602072591
0.1584399892
0.1564820736
0.1553885643
0.1556487824
0.1572408335
0.1600413207
0.1639896274
0.1691051253
0.1753755038
0.1824537390
0.1894565323
0.1955398684
0.2005097788
0.2047969589
0.2088898875
0.2129866542
0.2171712422
0.2212547074
0.2243771827
0.2251146267
0.2224042873
0.2164744060
0.2087037727
0.2005439484
0.1926084308
0.1848403215
0.1774293865
0.1710580272
0.1658813239
0.1606160643
0.1536735276
0.1450249621
0.1360632576
0.1281448973
0.1217214937
0.1166629046
0.1126125351
0.1084641960
0.1025127778
0.0940379007
0.0845176604
0.0766503088
0.0718652159
0.0692285800
0.0669594642
0.0644128225
0.0621152984
0.0605537325
0.0592840841
0.0571799835
0.0534922758
0.0485431301
0.0436483806
0.0404744084
0.0397648818
0.0401148016
0.0387482814
0.0339639053
0.0266414867
0.0189443579
0.0121474526
0.0064075904
0.0019114469
-0.0011581065
-0.0036976120
-0.0072764793
-0.0121373661
-0.0165896335
-0.0185966413
-0.0178597441
-0.0161984573
-0.0160435260
-0.0189439353
-0.0250025835
-0.0328101617
-0.0398878606
-0.0440644233
-0.0455477589
-0.0472646884
-0.0524426504
-0.0617100294
-0.0722236624
-0.0797855689
-0.0822114773
-0.0810064072
-0.0795440878
-0.0799313891
-0.0818771344
-0.0834900271
-0.0829071556
-0.0799430087
-0.0764049317
-0.0744422088
-0.0746581458
-0.0757311769
-0.0757260167
-0.0736896055
-0.0702765700
-0.0670621143
-0.0652062911
-0.0647567875
-0.0647935620
-0.0640710961
-0.0618240142
-0.0580800751
-0.0533886609
-0.0486255884
-0.0447510180
-0.0424089528
-0.0412593851
-0.0400071049
-0.0375730068
-0.0340404320
-0.0301575058
-0.0266547680
-0.0240861323
-0.0225667751
-0.0212690014
-0.0187324154
-0.0138162008
-0.0068955242
-0.0002634488
0.0031455111
0.0022845268
-0.0008598504
-0.0026260813
-0.0005450380
0.0049609302
0.0115446832
0.0173342439
0.0220501690
0.0261222427
0.0294822457
0.0316087472
0.0325966956
0.0336590003
0.0360012163
0.0399146940
0.0452874999
0.0527483032
0.0636767919
0.0788819715
0.0974910797
0.1169998462
0.1344588932
0.1478887502
0.1574036000
0.1649223034
0.1727352484
0.1819973689
0.1924106031
0.2033101438
0.2144784537
0.2256448872
0.2357572883
0.2437144795
0.2496688956
0.2549665486
0.2606869171
0.2666673712
0.2722325087
0.2771385679
0.2813884471
0.2847186498
0.2866239243
0.2866618995
0.2845816884
0.2801414468
0.2730910505
0.2632907257
0.2504004641
0.2337597719
0.2133625654
0.1912553455
0.1710242273
0.1554744318
0.1450980860
0.1384734804
0.1337220475
0.1295120767
0.1251204344
0.1204620974
0.1163460931
0.1142247640
0.1150159314
0.1183259353
0.1229818553
0.1278599771
0.1320829217
0.1350893842
0.1369241258
0.1381295450
0.1393421527
0.1410908118
0.1437210608
0.1471451740
0.1506353787
0.1533939777
0.1553568972
0.1571007850
0.1590648812
0.1609634568
0.1619797220
0.1615901026
0.1600872573
0.1583008344
0.1568624821
0.1556822677
0.1540446452
0.1511910308
0.1470362599
0.1423861144
0.1385692650
0.1366558063
0.1366575394
0.1371561519
0.1360331322
0.1319569714
0.1251530641
0.1168480475
0.1081779528
0.0995675320
0.0910175044
0.0828428262
0.0754120340
0.0683430326
0.0605562206
0.0517898826
0.0434693689
0.0372075598
0.0330781986
0.0300032917
0.0270441000
0.0233895435
0.0180522012
0.0109233181
0.0036649422
-0.0017445360
-0.0054292499
-0.0094455769
-0.0153600129
-0.0228603811
-0.0306203240
-0.0375159077
-0.0429834190
-0.0469414439
-0.0500357518
-0.0536314101
-0.0588773750
-0.0656641533
-0.0727848888
-0.0790141994
-0.0840323212
-0.0887486710
-0.0946386272
-0.1023287356
-0.1108855747
-0.1185165905
-0.1239173307
-0.1271048638
-0.1292807419
-0.1318997750
-0.1356142842
-0.1399536751
-0.1441899316
-0.1484388199
-0.1535724733
-0.1599333176
-0.1666125245
-0.1720850923
-0.1755431784
-0.1776433292
-0.1799323657
-0.1834951121
-0.1881576489
-0.1927155067
-0.1960396813
-0.1979734037
-0.1998358157
-0.2040340122
-0.2124405987
-0.2245884405
-0.2374511563
-0.2474311513
-0.2526868730
-0.2543381820
-0.2556031459
-0.2594459694
-0.2665676480
-0.2752343704
-0.2828741225
-0.2880995808
-0.2916330170
-0.2952154741
-0.3000310385
-0.3059880371
-0.3122568309
-0.3183532062
-0.3240576554
-0.3287651615
-0.3315081608
-0.3315232209
-0.3286598444
-0.3235822867
-0.3175264465
-0.3113725246
-0.3048778531
-0.2972113684
-0.2885454948
-0.2805476299
-0.2747748950
-0.2707572666
-0.2663916847
-0.2604877490
-0.2545312639
-0.2512070326
-0.2511919701
-0.2524409906
-0.2525432694
-0.2509236710
-0.2483400449
-0.2452484167
-0.2420489367
-0.2405270224
-0.2431774573
-0.2508009243
-0.2613471030
-0.2715866372
-0.2797493679
-0.2863275575
-0.2930457746
-0.3013647143
-0.3116996051
-0.3231897802
-0.3337408029
-0.3412463682
-0.3452357498
-0.3469670691
-0.3483827877
-0.3505859221
-0.3530337956
-0.3541644572
-0.3529273679
-0.3492459330
-0.3435102919
-0.3364457140
-0.3290582846
-0.3219695940
-0.3145375066
-0.3052600577
-0.2935240854
-0.2808062135
-0.2693980301
-0.2602625720
-0.2526556888
-0.2454122938
-0.2379853695
-0.2301909205
-0.2215593797
-0.2113122257
-0.1993169602
-0.1866023422
-0.1744603576
-0.1632330920
-0.1519898845
-0.1391481714
-0.1237014820
-0.1063652527
-0.0894344828
-0.0754787358
-0.0655144160
-0.0582559242
-0.0512735733
-0.0428823357
-0.0331313094
-0.0237147370
-0.0167203994
-0.0128897384
-0.0109361780
-0.0089503603
-0.0066428107
-0.0055418680
-0.0070833050
-0.0106830805
-0.0137967006
-0.0139271046
-0.0110964359
-0.0077526566
-0.0058590469
-0.0048255848
-0.0027246208
0.0014501055
0.0072916928
0.0138842158
0.0205409857
0.0266787751
0.0314095103
0.0342059055
0.0360146283
0.0388159896
0.0438190702
0.0502703301
0.0562956738
0.0609645814
0.0655192099
0.0727245454
0.0840096980
0.0972405054
0.1081655086
0.1141612274
0.1163044489
0.1177006455
0.1205709449
0.1251510125
0.1308678962
0.1377651701
0.1465236650
0.1576802289
0.1707136215
0.1841316854
0.1963525744
0.2065695271
0.2148013269
0.2218731064
0.2294072797
0.2386376026
0.2487120526
0.2571240877
0.2621394041
0.2644307833
0.2659385092
0.2678616209
0.2701230310
0.2722635480
0.2740948152
0.2756579318
0.2765698078
0.2757947442
0.2723970915
0.2666443257
0.2601883700
0.2549839205
0.2523946190
0.2528215209
0.2553730258
0.2580658186
0.2592359040
0.2587862527
0.2579393751
0.2578224806
0.2580709461
0.2569925376
0.2533584435
0.2477686108
0.2419861957
0.2371103104
0.2329462828
0.2290535121
0.2255132255
0.2223202448
0.2186101414
0.2134542114
0.2071325237
0.2010219456
0.1961816868
0.1924762931
0.1885439737
0.1826204311
0.1740826951
0.1642078649
0.1551925066
0.1482233268
0.1426237444
0.1370054654
0.1308592647
0.1250309565
0.1206473186
0.1180148257
0.1165567023
0.1157520737
0.1160082217
0.1182509360
0.1225977263
0.1278354878
0.1326378331
0.1369547956
0.1415403326
0.1465611841
0.1512637147
0.1545800802
0.1561746262
0.1570994583
0.1592969377
0.1641951801
0.1719229158
0.1816422063
0.1920203992
0.2015162191
0.2090683906
0.2148781486
0.2201263158
0.2255724818
0.2306697095
0.2342804444
0.2357846336
0.2353478659
0.2331276528
0.2288926466
0.2222118438
0.2130814340
0.2023959840
0.1915778191
0.1814615523
0.1718555735
0.1626294155
0.1548580122
0.1500929934
0.1482124044
0.1462971641
0.1407110166
0.1305814146
0.1186196756
0.1083782507
0.1011356520
0.0955805544
0.0900066346
0.0839241310
0.0778290263
0.0722614857
0.0678155478
0.0653760033
0.0652918138
0.0662412622
0.0656457950
0.0617246473
0.0550454745
0.0478816134
0.0421385202
0.0382099923
0.0354985907
0.0331524381
0.0299444625
0.0244453175
0.0161368984
0.0066398801
-0.0007516694
-0.0037936290
-0.0039986569
-0.0054455776
-0.0109302321
-0.0195127635
-0.0277414556
-0.0329825802
-0.0353594070
-0.0366415781
-0.0380074874
-0.0391226997
-0.0388962499
-0.0365761456
-0.0323381456
-0.0273488552
-0.0236377319
-0.0235533418
-0.0281499455
-0.0358581285
-0.0432540064
-0.0475630803
-0.0484513793
-0.0475332564
-0.0467081551
-0.0469808300
-0.0483652212
-0.0503651294
-0.0524530778
-0.0545058159
-0.0566974907
-0.0589849668
-0.0608372630
-0.0618760130
-0.0624448346
-0.0634219994
-0.0653800072
-0.0679593835
-0.0699884538
-0.0701807037
-0.0678856622
-0.0636128458
-0.0591819120
-0.0567657390
-0.0572609669
-0.0593581486
-0.0605900754
-0.0594060080
-0.0562315042
-0.0526637117
-0.0499095516
-0.0480980684
-0.0464093263
-0.0440661938
-0.0414056314
-0.0396873229
-0.0396694101
-0.0407563292
-0.0420394733
-0.0432688347
-0.0445826893
-0.0459341976
-0.0470398647
-0.0476851655
-0.0477907056
-0.0473296429
-0.0464605360
-0.0458634618
-0.0462402940
-0.0474183954
-0.0486295134
-0.0494447385
-0.0497231345
-0.0488901839
-0.0463928381
-0.0431095955
-0.0413311859
-0.0424202210
-0.0449485226
-0.0462668528
-0.0456218495
-0.0444929538
-0.0439284936
-0.0430903894
-0.0407177760
-0.0373517783
-0.0352003501
-0.0361850455
-0.0401196979
-0.0447704175
-0.0475309512
-0.0475147331
-0.0460039989
-0.0447303580
-0.0441135648
-0.0434247553
-0.0424365824
-0.0421467472
-0.0434065155
-0.0456450602
-0.0476517388
-0.0489148927
-0.0496908487
-0.0502243609
-0.0506189251
-0.0512056377
-0.0523100637
-0.0537551588
-0.0550660072
-0.0562158391
-0.0578556452
-0.0606958228
-0.0648758178
-0.0699385522
-0.0749569780
-0.0787166112
-0.0803146073
-0.0798421587
-0.0782473286
-0.0764387803
-0.0748168307
-0.0733555768
-0.0720224294
-0.0708678230
-0.0701639533
-0.0702442781
-0.0710032776
-0.0718382353
-0.0724828288
-0.0733323529
-0.0746151714
-0.0757946199
-0.0760293629
-0.0748426185
-0.0725885940
-0.0704328493
-0.0696585262
-0.0705840710
-0.0719280876
-0.0715648851
-0.0684667172
-0.0639779446
-0.0605271740
-0.0589220562
-0.0574294385
-0.0539058768
-0.0483008180
-0.0424963738
-0.0380663335
-0.0349190849
-0.0324818122
-0.0312232684
-0.0320721047
-0.0349357222
-0.0382778214
-0.0399646010
-0.0386076582
-0.0346811043
-0.0304869514
-0.0286058363
-0.0299544423
-0.0336316329
-0.0383993840
-0.0438617420
-0.0503271393
-0.0579930983
-0.0665810318
-0.0756023473
-0.0847358776
-0.0938997574
-0.1030845628
-0.1120651540
-0.1203932892
-0.1279843088
-0.1354854405
-0.1436676906
-0.1526838357
-0.1616779043
-0.1693766879
-0.1749137548
-0.1784270293
-0.1810807136
-0.1840051404
-0.1873654269
-0.1904247003
-0.1921440766
-0.1917493326
-0.1889040226
-0.1834394549
-0.1748328971
-0.1622436108
-0.1456725410
-0.1271622544
-0.1099924676
-0.0962838388
-0.0857897874
-0.0768065290
-0.0679063529
-0.0588989614
-0.0508335209
-0.0452359356
-0.0429793711
-0.0435255879
-0.0451355691
-0.0458692463
-0.0446722780
-0.0415153394
-0.0366970837
-0.0304128421
-0.0231707688
-0.0156715470
-0.0079994049
0.0001262709
0.0081770999
0.0149222145
0.0200587241
0.0247868272
0.0302044053
0.0358149785
0.0401678873
0.0424325190
0.0427375311
0.0412345281
0.0376408758
0.0318667669
0.0246260947
0.0173638859
0.0117825833
0.0089891299
0.0086458907
0.0091982070
0.0088583251
0.0065344091
0.0021704763
-0.0032595314
-0.0081686151
-0.0109973421
-0.0111056378
-0.0094100014
-0.0079853843
-0.0087764858
-0.0122060322
-0.0170805788
-0.0216893262
-0.0244268489
-0.0234396654
-0.0172466807
-0.0063554307
0.0065909028
0.0189153204
0.0296437627
0.0390670610
0.0471494232
0.0532383101
0.0571477983
0.0597732925
0.0622532297
0.0648387919
0.0667945055
0.0672199216
0.0659208789
0.0636276861
0.0615963068
0.0606877293
0.0604188026
0.0589973387
0.0548517533
0.0483362305
0.0415419882
0.0363601482
0.0329344736
0.0297923193
0.0251954023
0.0186561107
0.0115404925
0.0060092897
0.0031756791
0.0023678552
0.0023700272
0.0031184955
0.0059544477
0.0121033321
0.0211308700
0.0311614679
0.0405095000
0.0489418557
0.0572367011
0.0652928823
0.0713178807
0.0737212290
0.0732288604
0.0721612517
0.0722957143
0.0739154969
0.0761326854
0.0778554412
0.0785014182
0.0780091660
0.0764881529
0.0741946618
0.0714505761
0.0682226794
0.0644251665
0.0606155603
0.0580005546
0.0571758987
0.0569502998
0.0554198055
0.0523104673
0.0496581935
0.0494929545
0.0511504905
0.0517636078
0.0493023213
0.0446623137
0.0407321156
0.0398881016
0.0422337477
0.0456248721
0.0472318387
0.0456023713
0.0415392064
0.0372432865
0.0345695922
0.0341475545
0.0357226619
0.0383802260
0.0404192025
0.0399363905
0.0364438732
0.0321409401
0.0306778233
0.0337018381
0.0389147864
0.0422416134
0.0417486472
0.0391033040
0.0376237794
0.0397897649
0.0458626139
0.0537447295
0.0601895568
0.0631530319
0.0634552061
0.0636123880
0.0650795556
0.0673219652
0.0691682598
0.0700647420
0.0698565419
0.0685077523
0.0662672155
0.0637341664
0.0617506458
0.0608891155
0.0608837991
0.0608488749
0.0603434119
0.0599613282
0.0604815233
0.0617712065
0.0625663314
0.0616383221
0.0589695692
0.0555676680
0.0524923754
0.0501725062
0.0486052900
0.0477106283
0.0471651761
0.0463060645
0.0448006245
0.0430106665
0.0413637068
0.0397171498
0.0375765759
0.0349953107
0.0330271744
0.0330724718
0.0353474455
0.0380502921
0.0383728067
0.0348571044
0.0287328937
0.0229655975
0.0199275227
0.0200294749
0.0217556033
0.0228712607
0.0218803379
0.0189450459
0.0157433179
0.0143018078
0.0154567986
0.0180578533
0.0196316234
0.0182016778
0.0137801371
0.0083900421
0.0047269666
0.0042238577
0.0061144184
0.0083049921
0.0087528852
0.0061725681
0.0001807255
-0.0083807034
-0.0173483892
-0.0244323765
-0.0292431217
-0.0334836616
-0.0388648353
-0.0457364822
-0.0534981596
-0.0614207856
-0.0690167026
-0.0756999185
-0.0806953523
-0.0835789282
-0.0849221691
-0.0860258804
-0.0875382983
-0.0886276139
-0.0874246424
-0.0821899448
-0.0726277977
-0.0600967924
-0.0463865728
-0.0326025540
-0.0197209006
-0.0096710380
-0.0044319490
-0.0037206610
-0.0044753630
-0.0030228556
0.0021378879
0.0093493026
0.0154393111
0.0184263842
0.0189194677
0.0188857971
0.0193157377
0.0195233165
0.0185295794
0.0163014424
0.0135631785
0.0108277379
0.0081507771
0.0054466098
0.0025551570
-0.0007715572
-0.0047761235
-0.0094901715
-0.0146500609
-0.0197690207
-0.0242092577
-0.0272242004
-0.0282578959
-0.0272055681
-0.0245260116
-0.0211639712
-0.0180415576
-0.0151153013
-0.0112220882
-0.0055862292
0.0005950691
0.0050054891
0.0065289644
0.0062708250
0.0064802002
0.0087893406
0.0132476412
0.0188809831
0.0249245200
0.0313053124
0.0381603494
0.0450725999
0.0509025724
0.0546779151
0.0569236152
0.0597489614
0.0649260878
0.0719000240
0.0781629643
0.0817766722
0.0829975220
0.0836844704
0.0852397287
0.0871997205
0.0878686771
0.0861511644
0.0823935498
0.0776167308
0.0724459678
0.0666803802
0.0597061855
0.0515630099
0.0435523437
0.0376374969
0.0346729421
0.0331015413
0.0302647613
0.0249343357
0.0180762618
0.0113103729
0.0054782197
0.0007335560
-0.0028251563
-0.0054004441
-0.0079770193
-0.0115042268
-0.0154488924
-0.0177389163
-0.0166353532
-0.0123105719
-0.0065048461
-0.0007333092
0.0048671914
0.0114672980
0.0204033650
0.0317786221
0.0439283864
0.0543194835
0.0616700577
0.0668283893
0.0713745505
0.0761227162
0.0810422551
0.0855844396
0.0890693690
0.0911060774
0.0917115508
0.0913281612
0.0910235965
0.0917299031
0.0932470431
0.0945768387
0.0950748056
0.0951637297
0.0959283123
0.0977958752
0.1001024701
0.1016644813
0.1019196202
0.1014979638
0.1017559622
0.1035223067
0.1060937820
0.1075509297
0.1065326386
0.1036133108
0.1005646627
0.0981784433
0.0955295430
0.0912965772
0.0852316135
0.0782897919
0.0716583136
0.0662069010
0.0625568370
0.0610353343
0.0614580674
0.0631241861
0.0648408532
0.0650306045
0.0625956681
0.0583395764
0.0551241748
0.0552328200
0.0572687431
0.0565620129
0.0494141063
0.0366419977
0.0225131001
0.0110576017
0.0037296569
-0.0001980392
-0.0025447036
-0.0052905090
-0.0096231378
-0.0152167478
-0.0208113181
-0.0255175681
-0.0291160710
-0.0316148493
-0.0329429868
-0.0331347718
-0.0322134743
-0.0299832579
-0.0265288275
-0.0231719322
-0.0217601883
-0.0225070518
-0.0230614706
-0.0204973544
-0.0142120641
-0.0058612298
0.0029439842
0.0118808941
0.0208753041
0.0292852844
0.0365190907
0.0425583283
0.0475055665
0.0511879896
0.0532813348
0.0538578609
0.0533010228
0.0517722834
0.0493901853
0.0467225461
0.0444465580
0.0422303550
0.0389322748
0.0339517476
0.0279918341
0.0223585480
0.0178797012
0.0146431541
0.0123517969
0.0104292614
0.0081018295
0.0049637907
0.0015826571
-0.0011773382
-0.0036325353
-0.0074846878
-0.0141129505
-0.0227378801
-0.0308679149
-0.0362727374
-0.0380253200
-0.0366310846
-0.0342938145
-0.0343244348
-0.0388783298
-0.0468659356
-0.0540418672
-0.0551779379
-0.0468361590
-0.0298177570
-0.0096978769
0.0063255758
0.0142394283
0.0152703657
0.0136341405
0.0127918657
0.0133695183
0.0138617754
0.0126392476
0.0092573267
0.0044539589
-0.0006136501
-0.0049055045
-0.0077450503
-0.0090859726
-0.0095793268
-0.0098921995
-0.0103124586
-0.0112745838
-0.0136649245
-0.0177302128
-0.0219336057
-0.0241315062
-0.0240708949
-0.0237663080
-0.0251526291
-0.0281678009
-0.0313667945
-0.0336497492
-0.0346085812
-0.0340484118
-0.0323896671
-0.0312215506
-0.0323217736
-0.0355520479
-0.0383599723
-0.0380627908
-0.0344233216
-0.0294827209
-0.0252054752
-0.0217616288
-0.0180390851
-0.0129888123
-0.0065001406
0.0005681157
0.0070206403
0.0119036068
0.0150123129
0.0169147796
0.0185389061
0.0206988810
0.0239785548
0.0284550936
0.0332412382
0.0367812384
0.0380301866
0.0375295017
0.0367131193
0.0359001830
0.0337529282
0.0292831339
0.0235412464
0.0184539990
0.0145668379
0.0107802589
0.0061105858
0.0010262638
-0.0028547043
-0.0043457164
-0.0038602781
-0.0028693920
-0.0022087090
-0.0010250899
0.0023368937
0.0082047149
0.0145989724
0.0189251543
0.0203579472
0.0204867900
0.0218761786
0.0259314467
0.0316766883
0.0364590395
0.0379941099
0.0357153751
0.0305694291
0.0241981999
0.0184998454
0.0148370964
0.0127512206
0.0099498011
0.0041758154
-0.0047524932
-0.0146518086
-0.0223338350
-0.0257404126
-0.0251667326
-0.0227126378
-0.0205546285
-0.0196411018
-0.0196932303
-0.0199965737
-0.0200831657
-0.0198115426
-0.0193146520
-0.0191166197
-0.0199908154
-0.0222399297
-0.0252589812
-0.0280461923
-0.0300618825
-0.0314707746
-0.0326895090
-0.0338617620
-0.0347669703
-0.0350465581
-0.0344869719
-0.0331455101
-0.0315720888
-0.0305018748
-0.0300282601
-0.0293605070
-0.0276904680
-0.0251867307
-0.0231155316
-0.0226724545
-0.0234986904
-0.0238758379
-0.0225314559
-0.0198461718
-0.0171505487
-0.0152079808
-0.0138488141
-0.0127585448
-0.0117916299
-0.0105201498
-0.0081369672
-0.0040724151
0.0013877542
0.0069661436
0.0107949454
0.0113324778
0.0085308052
0.0037925912
-0.0013678882
-0.0060448978
-0.0093747680
-0.0105902854
-0.0101873346
-0.0103493901
-0.0135330646
-0.0203820696
-0.0291619049
-0.0370549904
-0.0421622438
-0.0446307243
-0.0463887979
-0.0496125204
-0.0548872356
-0.0605645545
-0.0642025116
-0.0651352085
-0.0654009605
-0.0676516670
-0.0724195157
-0.0777141684
-0.0807853361
-0.0804399465
-0.0775625174
-0.0738557189
-0.0701935509
-0.0663014356
-0.0619401340
-0.0579454577
-0.0558198096
-0.0565744701
-0.0600115046
-0.0647805152
-0.0690189819
-0.0711029842
-0.0703619912
-0.0671846413
-0.0625496358
-0.0575826362
-0.0535794665
-0.0515157237
-0.0513181008
-0.0518509609
-0.0518251585
-0.0508050764
-0.0494046511
-0.0486334292
-0.0490877180
-0.0506025007
-0.0523717420
-0.0534473200
-0.0532133530
-0.0518163097
-0.0504579049
-0.0507775830
-0.0533664961
-0.0569767113
-0.0595022148
-0.0598428814
-0.0586118989
-0.0570615732
-0.0557826063
-0.0546492070
-0.0537635611
-0.0538739353
-0.0560870311
-0.0610281279
-0.0680805577
-0.0753332624
-0.0807069040
-0.0835914295
-0.0850471675
-0.0866455815
-0.0892424038
-0.0926664409
-0.0960340517
-0.0985596319
-0.1002652104
-0.1020877255
-0.1050558011
-0.1091370107
-0.1128824534
-0.1147991776
-0.1153229235
-0.1167567608
-0.1207060546
-0.1256208955
-0.1278426142
-0.1252213511
-0.1189077981
-0.1117668442
-0.1058039325
-0.1012331417
-0.0974437746
-0.0938884347
-0.0901715600
-0.0860222977
-0.0818436590
-0.0789146883
-0.0784207686
-0.0800265908
-0.0817029149
-0.0810541913
-0.0770039208
-0.0705116560
-0.0638497333
-0.0591961134
-0.0577014448
-0.0588903842
-0.0611611206
-0.0629112786
-0.0631143950
-0.0612965760
-0.0575813574
-0.0530826586
-0.0497482973
-0.0489954023
-0.0504495231
-0.0523735432
-0.0530940722
-0.0521980759
-0.0508035960
-0.0505487660
-0.0518794580
-0.0533095884
-0.0526160605
-0.0487282441
-0.0422358085
-0.0346173677
-0.0276929862
-0.0231451328
-0.0216456364
-0.0221837783
-0.0226025580
-0.0210390089
-0.0174077749
-0.0140927739
-0.0146900754
-0.0211391508
-0.0318461161
-0.0430615729
-0.0518435080
-0.0577425870
-0.0620284816
-0.0658976767
-0.0691782130
-0.0706689375
-0.0697766832
-0.0676957813
-0.0666205999
-0.0674620122
-0.0688328606
-0.0689435215
-0.0680642920
-0.0683908869
-0.0716053273
-0.0770757415
-0.0822823239
-0.0846160017
-0.0830592784
-0.0787800779
-0.0739252112
-0.0696450465
-0.0650133408
-0.0579598086
-0.0476505139
-0.0356914145
-0.0248208120
-0.0170991835
-0.0136416141
-0.0148371086
-0.0196115996
-0.0249467558
-0.0275140627
-0.0261292405
-0.0223871979
-0.0189299490
-0.0176534487
-0.0190177890
-0.0220259560
-0.0247006757
-0.0249637084
-0.0221116276
-0.0175729065
-0.0138289665
-0.0122975764
-0.0122905511
-0.0121921336
-0.0111832673
-0.0095867469
-0.0078245419
-0.0057648108
-0.0033379397
-0.0013303269
-0.0009838071
-0.0027768771
-0.0057165287
-0.0079562165
-0.0080085457
-0.0057854725
-0.0024876426
0.0006198972
0.0032310026
0.0057270164
0.0082406337
0.0104826167
0.0124702747
0.0147689981
0.0175583450
0.0199205151
0.0207193560
0.0194538816
0.0163529588
0.0123883011
0.0091069972
0.0075991095
0.0072545500
0.0062159299
0.0032951413
-0.0006859803
-0.0037143361
-0.0044298227
-0.0031272132
-0.0012244372
-0.0000342469
-0.0002076021
-0.0018051564
-0.0045162997
-0.0075998782
-0.0100514456
-0.0112672327
-0.0114791495
-0.0115668684
-0.0127890070
-0.0162291868
-0.0217994943
-0.0277406553
-0.0313901505
-0.0309821484
-0.0269018406
-0.0215019202
-0.0174441303
-0.0158774433
-0.0158596092
-0.0154638653
-0.0137487125
-0.0118005068
-0.0115796351
-0.0137434967
-0.0169564193
-0.0194763727
-0.0211052624
-0.0228906579
-0.0249595277
-0.0254985676
-0.0224151920
-0.0159649368
-0.0088396000
-0.0037006270
-0.0010320880
0.0006833994
0.0035029171
0.0086499611
0.0157560119
0.0232081278
0.0291256141
0.0321262209
0.0318406437
0.0292909225
0.0265372948
0.0254115222
0.0263172723
0.0280251825
0.0286895500
0.0273943051
0.0245809931
0.0210696722
0.0170349606
0.0123840546
0.0080665572
0.0059704742
0.0067863884
0.0086245220
0.0085210368
0.0050049752
-0.0007739323
-0.0061329330
-0.0089392676
-0.0087645542
-0.0066973870
-0.0043519180
-0.0029455908
-0.0028226761
-0.0034439039
-0.0041118193
-0.0047434260
-0.0058086171
-0.0074861965
-0.0092018949
-0.0099415683
-0.0088157819
-0.0055640112
-0.0007971071
0.0042890976
0.0088618905
0.0129996292
0.0169868376
0.0202491063
0.0214954302
0.0201461932
0.0172963826
0.0149473316
0.0144675752
0.0157897552
0.0175467453
0.0179704982
0.0162155231
0.0132331677
0.0111251013
0.0114134127
0.0138507099
0.0169859082
0.0197842670
0.0223911785
0.0253988307
0.0286818972
0.0310309450
0.0309108294
0.0277739949
0.0229553321
0.0192071825
0.0189155843
0.0224864189
0.0280160083
0.0325855927
0.0344208061
0.0341912639
0.0340601791
0.0357234037
0.0396413157
0.0454873912
0.0521379912
0.0573604417
0.0588437318
0.0561852592
0.0516538939
0.0485814475
0.0491136801
0.0531970821
0.0589844833
0.0637244079
0.0652186085
0.0635382665
0.0610921474
0.0604149491
0.0618672678
0.0639807948
0.0655288875
0.0665601290
0.0675180234
0.0682094598
0.0678932644
0.0661740251
0.0635744851
0.0611595699
0.0595988703
0.0586170553
0.0576148323
0.0565524494
0.0561770336
0.0571741237
0.0591787647
0.0613157890
0.0635087341
0.0665754792
0.0710250896
0.0764074172
0.0814723485
0.0848729292
0.0862024695
0.0863398075
0.0867907814
0.0887157597
0.0920413865
0.0953076938
0.0969506938
0.0968975202
0.0963953361
0.0962760421
0.0956820683
0.0926625133
0.0862708879
0.0781894888
0.0718676101
0.0693920005
0.0692723712
0.0678716815
0.0632548401
0.0573602458
0.0538618969
0.0543136313
0.0569631119
0.0590868515
0.0593948867
0.0580464791
0.0555600703
0.0523936848
0.0493859892
0.0477000056
0.0480187320
0.0499697980
0.0524291116
0.0541265230
0.0540461432
0.0517221736
0.0476005014
0.0430949915
0.0399105848
0.0390904290
0.0408372315
0.0449668327
0.0512819230
0.0592908433
0.0677745970
0.0749463900
0.0793633827
0.0810369442
0.0815778479
0.0827506022
0.0851580319
0.0884267099
0.0918267316
0.0942479960
0.0947019414
0.0935055644
0.0922177719
0.0918058001
0.0916640794
0.0908965254
0.0900212239
0.0908063468
0.0940359300
0.0979992100
0.0997598660
0.0980199322
0.0943768843
0.0911787500
0.0888831306
0.0861254780
0.0818173456
0.0766440020
0.0726012892
0.0713545539
0.0728260213
0.0748238838
0.0741796456
0.0690162458
0.0604701916
0.0520926336
0.0471330438
0.0461983761
0.0473942011
0.0483506040
0.0479983646
0.0467641077
0.0453978373
0.0440280806
0.0424433428
0.0408311147
0.0399671246
0.0406796567
0.0432759259
0.0472923575
0.0518539447
0.0565708477
0.0617938346
0.0671841575
0.0704932347
0.0692349275
0.0637966089
0.0579860894
0.0559411575
0.0584504054
0.0627044356
0.0654569984
0.0659980074
0.0660829557
0.0675553978
0.0704520458
0.0726716936
0.0715309467
0.0661101225
0.0587134926
0.0534066418
0.0528705456
0.0563884072
0.0610130100
0.0642604377
0.0654250058
0.0650830317
0.0641904126
0.0637051404
0.0647019553
0.0681839193
0.0740316236
0.0802303253
0.0843462825
0.0860336799
0.0872601631
0.0897339485
0.0929602290
0.0954287314
0.0966915035
0.0975927731
0.0989088670
0.1005421777
0.1017998236
0.1018824379
0.1002831548
0.0972984608
0.0940824731
0.0915280262
0.0887899922
0.0837916643
0.0757695432
0.0665772588
0.0592655514
0.0555282439
0.0548041092
0.0555036097
0.0563327679
0.0559991147
0.0527971493
0.0458323603
0.0366109815
0.0286945558
0.0253236683
0.0272029701
0.0322652897
0.0374066322
0.0409157494
0.0432289412
0.0456518193
0.0486699057
0.0519309586
0.0553540056
0.0590688757
0.0621722685
0.0629582109
0.0607715686
0.0569846033
0.0539280066
0.0530321486
0.0542977754
0.0569970820
0.0602441723
0.0628680092
0.0633079887
0.0605618436
0.0552455564
0.0495174218
0.0456137407
0.0445911273
0.0459901193
0.0484284443
0.0504158853
0.0512012488
0.0508118674
0.0493485172
0.0466911830
0.0429789782
0.0389680074
0.0353261864
0.0319463828
0.0283450240
0.0247721672
0.0223966100
0.0222549734
0.0243383328
0.0278104152
0.0318085804
0.0354876377
0.0377423965
0.0377196844
0.0356405917
0.0328276412
0.0308174936
0.0305663955
0.0321537570
0.0346788059
0.0365777925
0.0366702940
0.0351374458
0.0330559940
0.0310579249
0.0287993527
0.0257329140
0.0219500092
0.0180107626
0.0141804837
0.0105055364
0.0073091055
0.0049357285
0.0030073249
0.0004901183
-0.0033670647
-0.0085056005
-0.0144289568
-0.0203381563
-0.0251211167
-0.0278950215
-0.0290372259
-0.0300765134
-0.0320126099
-0.0339463936
-0.0341557263
-0.0324656942
-0.0308461030
-0.0313632233
-0.0339635950
-0.0362903272
-0.0355295775
-0.0306993535
-0.0236529644
-0.0178997248
-0.0159298791
-0.0169380411
-0.0172328015
-0.0134761430
-0.0058741755
0.0023034717
0.0082872125
0.0120935838
0.0157421876
0.0209081724
0.0279213806
0.0356502933
0.0414503580
0.0421963339
0.0367568439
0.0274097584
0.0181303034
0.0116213491
0.0078974375
0.0054199353
0.0032230030
0.0016129528
0.0012350429
0.0016479220
0.0009185455
-0.0029822149
-0.0100023284
-0.0174704232
-0.0220799435
-0.0227110488
-0.0211170353
-0.0199367068
-0.0205908453
-0.0231613779
-0.0271105235
-0.0313921043
-0.0342753535
-0.0341112450
-0.0307416770
-0.0258718786
-0.0216715187
-0.0190119502
-0.0173355893
-0.0159770255
-0.0152605934
-0.0161575056
-0.0190309301
-0.0229930216
-0.0262736594
-0.0272805739
-0.0253958250
-0.0214940026
-0.0175945838
-0.0154555603
-0.0152569104
-0.0157375392
-0.0155438928
-0.0142427897
-0.0122443268
-0.0103849523
-0.0097159576
-0.0109080956
-0.0133316696
-0.0148908050
-0.0136474942
-0.0102289818
-0.0077994689
-0.0089273776
-0.0128300746
-0.0160105310
-0.0153876655
-0.0107155272
-0.0041850824
0.0012827195
0.0032988935
0.0009218553
-0.0046898944
-0.0107994599
-0.0151991164
-0.0181744524
-0.0220939018
-0.0288012181
-0.0376379489
-0.0459214060
-0.0508775711
-0.0513409112
-0.0481093549
-0.0432049304
-0.0388566295
-0.0366991243
-0.0374237360
-0.0405951134
-0.0449909177
-0.0493440756
-0.0528363390
-0.0550675909
-0.0557585190
-0.0547396558
-0.0522382515
-0.0487968538
-0.0444700520
-0.0396244143
-0.0348312306
-0.0320575964
-0.0325483582
-0.0349718243
-0.0364116587
-0.0349994475
-0.0311454301
-0.0266807627
-0.0234801009
-0.0227319816
-0.0242874701
-0.0263900426
-0.0264633114
-0.0229867461
-0.0171892097
-0.0122797965
-0.0108131000
-0.0126273261
-0.0151388535
-0.0158683542
-0.0150387760
-0.0152948282
-0.0187056099
-0.0244784994
-0.0297805619
-0.0322515450
-0.0313187794
-0.0279795138
-0.0240339358
-0.0215944727
-0.0225561405
-0.0275512157
-0.0351048422
-0.0420590937
-0.0454585654
-0.0445740742
-0.0416134975
-0.0400374246
-0.0419020023
-0.0467507797
-0.0527592624
-0.0585378540
-0.0638362333
-0.0689930694
-0.0739942113
-0.0782821436
-0.0813592924
-0.0835606969
-0.0857752928
-0.0883146648
-0.0905003622
-0.0914833028
-0.0913680667
-0.0913560187
-0.0927143550
-0.0953363612
-0.0973637089
-0.0966692229
-0.0927433752
-0.0871005527
-0.0816938599
-0.0772337958
-0.0734296938
-0.0701602403
-0.0676904060
-0.0659124047
-0.0642618643
-0.0623096695
-0.0600610385
-0.0578638962
-0.0563403732
-0.0558899400
-0.0562471118
-0.0565567509
-0.0559147217
-0.0537695450
-0.0501934422
-0.0458259487
-0.0414025318
-0.0375164256
-0.0345635726
-0.0325140875
-0.0311344957
-0.0303626416
-0.0300452020
-0.0296972333
-0.0290991302
-0.0288183823
-0.0298196022
-0.0323858432
-0.0354930668
-0.0371882135
-0.0358764899
-0.0321469800
-0.0291428979
-0.0299776238
-0.0345745081
-0.0394271819
-0.0408765295
-0.0384737222
-0.0348432582
-0.0328182506
-0.0334523586
-0.0366879594
-0.0422841531
-0.0495290331
-0.0570092126
-0.0637712154
-0.0699618685
-0.0758177371
-0.0806638701
-0.0835335998
-0.0845488485
-0.0851899350
-0.0871529433
-0.0908790544
-0.0951657978
-0.0981508680
-0.0986619679
-0.0969748133
-0.0944996416
-0.0927406435
-0.0925023771
-0.0936981538
-0.0957699962
-0.0980657106
-0.0999304126
-0.1006497756
-0.0998156440
-0.0975950686
-0.0944386254
-0.0907159492
-0.0868146644
-0.0834557004
-0.0813850982
-0.0807325307
-0.0809400995
-0.0813320371
-0.0815385588
-0.0813188704
-0.0803352522
-0.0782085400
-0.0750217807
-0.0713164117
-0.0677333279
-0.0646856933
-0.0622539561
-0.0601008972
-0.0574757819
-0.0534922553
-0.0478989533
-0.0418672936
-0.0376091177
-0.0367929068
-0.0390622411
-0.0422527018
-0.0440410079
-0.0434954684
-0.0417133969
-0.0408790033
-0.0422665941
-0.0448887349
-0.0462636157
-0.0447374780
-0.0410245106
-0.0372105999
-0.0349311645
-0.0345527168
-0.0356528685
-0.0377555279
-0.0404787164
-0.0434017467
-0.0460670361
-0.0479627754
-0.0484633880
-0.0473779675
-0.0455642898
-0.0444706930
-0.0446692627
-0.0453873836
-0.0458061807
-0.0463854247
-0.0484406841
-0.0524083683
-0.0570143490
-0.0604519927
-0.0617961232
-0.0611746210
-0.0591695514
-0.0564021196
-0.0537060399
-0.0520619614
-0.0518463466
-0.0523175588
-0.0520540581
-0.0499569041
-0.0459527409
-0.0410781924
-0.0368393833
-0.0340140657
-0.0319940884
-0.0298735683
-0.0279242179
-0.0273743400
-0.0290230190
-0.0324485508
-0.0365499332
-0.0404815681
-0.0439826883
-0.0470544827
-0.0496939965
-0.0519426842
-0.0539162747
-0.0558490627
-0.0579398826
-0.0601921733
-0.0621803287
-0.0631371488
-0.0625398476
-0.0605576701
-0.0577166878
-0.0541601598
-0.0496356625
-0.0442136056
-0.0387552377
-0.0344676082
-0.0318428337
-0.0301907983
-0.0281961465
-0.0246591897
-0.0189561260
-0.0118025681
-0.0053782344
-0.0018129950
-0.0011297664
-0.0011396823
0.0005757377
0.0043220928
0.0082244445
0.0103885482
0.0106255777
0.0099513407
0.0089915781
0.0075480837
0.0050670668
0.0011236518
-0.0041908783
-0.0098681679
-0.0143908955
-0.0168034569
-0.0173396323
-0.0167927543
-0.0156063565
-0.0140850426
-0.0131707002
-0.0143205441
-0.0182931981
-0.0242361778
-0.0301339972
-0.0341255347
-0.0356408475
-0.0354928266
-0.0347413449
-0.0335029717
-0.0309525344
-0.0266930313
-0.0219387723
-0.0188225547
-0.0184751874
-0.0202528781
-0.0226678217
-0.0246256010
-0.0258525759
-0.0267023244
-0.0278017315
-0.0295862664
-0.0318445279
-0.0336403792
-0.0337962528
-0.0317650996
-0.0278891975
-0.0230361189
-0.0180216892
-0.0134361495
-0.0098349521
-0.0077404350
-0.0072136997
-0.0075795446
-0.0079061638
-0.0076002394
-0.0065043352
-0.0046243496
-0.0022790677
-0.0004052654
-0.0000762211
-0.0014468316
-0.0034669299
-0.0047360695
-0.0045257759
-0.0030524089
-0.0010640642
0.0006667841
0.0018248850
0.0028478271
0.0045877447
0.0072058390
0.0096186934
0.0102686510
0.0086921718
0.0059885877
0.0038690813
0.0034659321
0.0048053470
0.0068483377
0.0082225477
0.0083052957
0.0076094894
0.0071582561
0.0075061196
0.0083950258
0.0092553831
0.0099382846
0.0108611930
0.0124917030
0.0147269721
0.0168896824
0.0181717310
0.0181718989
0.0171098613
0.0156819964
0.0147156733
0.0146782895
0.0154975537
0.0169622129
0.0188897984
0.0207618338
0.0216630911
0.0211043077
0.0197347062
0.0188501458
0.0192824288
0.0209252277
0.0232007315
0.0255904248
0.0276291174
0.0288511865
0.0290079401
0.0281012256
0.0262837086
0.0238669133
0.0214547271
0.0198401640
0.0195416358
0.0204239633
0.0216414084
0.0219206683
0.0203369939
0.0170572360
0.0132846887
0.0103752897
0.0089503175
0.0087920382
0.0093593961
0.0102480312
0.0112102164
0.0119393936
0.0120593914
0.0114688606
0.0105369514
0.0098627480
0.0098253178
0.0103628188
0.0110327042
0.0112014735
0.0103550480
0.0084563968
0.0061552613
0.0046074747
0.0048627994
0.0071239525
0.0105214045
0.0137215718
0.0159398372
0.0174682429
0.0192014070
0.0216813840
0.0244090014
0.0260650987
0.0256284566
0.0233856989
0.0207287936
0.0190875951
0.0190090521
0.0201511628
0.0219174829
0.0239719573
0.0262023214
0.0283812687
0.0301388009
0.0312577856
0.0318198529
0.0321295222
0.0325253650
0.0332543419
0.0344113043
0.0358694586
0.0373499461
0.0385451997
0.0392644418
0.0395408644
0.0395976342
0.0396842779
0.0398756312
0.0400513443
0.0400513303
0.0398041673
0.0393714983
0.0389505355
0.0388641765
0.0394561725
0.0408605913
0.0428525402
0.0450254203
0.0470651578
0.0488037754
0.0501068927
0.0508262926
0.0509426969
0.0506997069
0.0504780239
0.0505292593
0.0508655801
0.0512915997
0.0514316951
0.0508664117
0.0494700420
0.0476800448
0.0463105553
0.0459362501
0.0464741917
0.0473222766
0.0478834764
0.0479583042
0.0477177417
0.0474523422
0.0473614424
0.0475031371
0.0478412880
0.0482468183
0.0485577009
0.0487432808
0.0489620642
0.0493867882
0.0500550692
0.0508587470
0.0516033483
0.0521561602
0.0525888908
0.0530971705
0.0536970475
0.0541016246
0.0539877334
0.0533373172
0.0524684016
0.0517869169
0.0515389012
0.0516388061
0.0516851232
0.0512628422
0.0503594694
0.0494178480
0.0488788401
0.0486555815
0.0482764666
0.0475001059
0.0466313779
0.0461939367
0.0464439507
0.0472224010
0.0481116428
0.0486910339
0.0487674956
0.0484562876
0.0480692874
0.0478679047
0.0478565531
0.0478306219
0.0476450111
0.0473880137
0.0472859043
0.0474540182
0.0478177727
0.0481986700
0.0483880573
0.0482134264
0.0476474800
0.0468938644
0.0462767637
0.0459839448
0.0459432517
0.0459425329
0.0458242547
0.0455609405
0.0452141275
0.0448736690
0.0446409872
0.0445871113
0.0446663856
0.0446820377
0.0444370555
0.0439240425
0.0433214362
0.0428315395
0.0425366441
0.0424000554
0.0423327293
0.0422586733
0.0421365627
0.0419455399
0.0416695413
0.0413125491
0.0409268977
0.0405866223
0.0403013387
0.0399947065
0.0396068280
0.0391946431
0.0389006364
0.0388256968
0.0389479073
0.0391501994
0.0393025653
0.0393170400
0.0391694397
0.0389140333
0.0386586260
0.0384919513
0.0384048596
0.0382893967
0.0380455275
0.0376893175
0.0373348803
0.0370637328
0.0368428494
0.0365864505
0.0362671211
0.0359407696
0.0356796360
0.0355050676
0.0353667217
0.0351794296
0.0348941160
0.0345322906
0.0341535941
0.0338049649
0.0334969850
0.0332111101
0.0329198765
0.0326093687
0.0322944983
0.0320062604
0.0317591151
0.0315322724
0.0312919224
0.0310278617
0.0307604093
0.0305111590
0.0302753976
0.0300251289
0.0297402100
0.0294338152
0.0291404518
0.0288763795
0.0286185971
0.0283293815
0.0279989157
0.0276540290
0.0273262569
0.0270179488
0.0267042890
0.0263627248
0.0259970480
0.0256313907
0.0252843057
0.0249538365
0.0246284176
0.0243046012
0.0239894290
0.0236872500
0.0233892406
0.0230803597
0.0227552573
0.0224233368
0.0220966687
0.0217764626
0.0214557859
0.0211318758
0.0208093185
0.0204928386
0.0201819435
0.0198739006
0.0195685100
0.0192666020
0.0189656461
0.0186593354
0.0183419265
0.0180128994
0.0176778263
0.0173449710
0.0170205143
0.0167050793
0.0163942847
0.0160822102
0.0157645261
0.0154397667
0.0151095101
0.0147774867
0.0144475758
0.0141210088
0.0137956737
0.0134684975
0.0131382597
0.0128058964
0.0124728985
0.0121403082
0.0118088044
0.0114785053
0.0111488770
0.0108189487
0.0104880775
0.0101563368
0.0098243817
0.0094929179
0.0091622918
0.0088322756
0.0085023725
0.0081724071
0.0078428986
0.0075147669
0.0071885298
0.0068637615
0.0065394312
0.0062146896
0.0058893053
0.0055635314
0.0052378459
0.0049127435
0.0045885654
0.0042653621
0.0039429290
0.0036210021
0.0032993915
0.0029779997
0.0026568397
0.0023360650
0.0020159040
0.0016965078
0.0013778865
0.0010599641
0.0007426856
0.0004260520
0.0001101029
-0.0002051157
-0.0005195465
-0.0008331250
-0.0011458075
-0.0014575840
-0.0017684676
-0.0020784657
-0.0023875700
-0.0026957530
-0.0030029823
-0.0033092319
-0.0036144876
-0.0039187367
-0.0042219572
-0.0045241220
-0.0048252082
-0.0051251985
-0.0054240738
-0.0057218094
-0.0060183795
-0.0063137626
-0.0066079421
-0.0069009032
-0.0071926293
-0.0074831015
-0.0077722993
-0.0080602029
-0.0083467942
-0.0086320562
-0.0089159724
-0.0091985255
-0.0094796982
-0.0097594733
-0.0100378341
-0.0103147643
-0.0105902472
-0.0108642663
-0.0111368049
-0.0114078469
-0.0116773762
-0.0119453770
-0.0122118337
-0.0124767307
-0.0127400525
-0.0130017839
-0.0132619097
-0.0135204151
-0.0137772853
-0.0140325058
-0.0142860623
-0.0145379404
-0.0147881263
-0.0150366061
-0.0152833661
