0.0039739625
0.0040865352
0.0041948256
0.0043047980
0.0044167550
0.0045067960
0.0045758951
0.0046423421
0.0047231214
0.0048588590
0.0050524238
0.0052693123
0.0054600796
0.0055394553
0.0055657399
0.0056091701
0.0056674455
0.0056931422
0.0058065177
0.0060064552
0.0061800476
0.0063866587
0.0064095678
0.0063483151
0.0062036011
0.0058905168
0.0056142872
0.0056410548
0.0061015736
0.0067888289
0.0071343662
0.0072086139
0.0072544103
0.0070723063
0.0065521973
0.0060250746
0.0062040286
0.0070940361
0.0085044024
0.0100476139
0.0110876425
0.0117400918
0.0118175969
0.0112961873
0.0107478043
0.0102181798
0.0095490177
0.0088340416
0.0080659065
0.0077125646
0.0086118476
0.0103474751
0.0115501494
0.0115689188
0.0109939000
0.0101813508
0.0092852068
0.0092351898
0.0096428447
0.0090867754
0.0078012824
0.0071306486
0.0062150531
0.0050168848
0.0052934992
0.0082564959
0.0128481906
0.0173749899
0.0197387794
0.0183913271
0.0156761298
0.0143251380
0.0147294269
0.0165434638
0.0178841197
0.0166559873
0.0123995203
0.0074291416
0.0046828174
0.0054152005
0.0086659812
0.0140979966
0.0194377016
0.0233725006
0.0249160415
0.0244842609
0.0218440322
0.0171681611
0.0115000550
0.0058473156
0.0013787194
-0.0007503824
-0.0007064661
0.0020697383
0.0081508638
0.0154082171
0.0194418090
0.0188500142
0.0155844240
0.0125745670
0.0111796510
0.0095627742
0.0074423736
0.0060900374
0.0060981179
0.0078890316
0.0102719134
0.0127884246
0.0145598918
0.0133334153
0.0085194247
0.0022056239
-0.0036856150
-0.0077284558
-0.0074407098
-0.0017901512
0.0080028341
0.0173076933
0.0232482150
0.0262372447
0.0241955051
0.0172195340
0.0097744227
0.0041243910
0.0001649746
-0.0032255820
-0.0043969425
-0.0014912943
0.0041980628
0.0098756071
0.0136881799
0.0150789060
0.0129891327
0.0081170044
0.0019895405
-0.0029410000
-0.0038421101
-0.0002385614
0.0062056806
0.0129341830
0.0187046534
0.0231252303
0.0254624137
0.0243193159
0.0204561714
0.0178054083
0.0169709212
0.0158924358
0.0153000259
0.0171144078
0.0204234946
0.0227844937
0.0212815241
0.0160613422
0.0086178775
0.0020293315
-0.0010536619
0.0001569426
0.0031394251
0.0061014890
0.0092834168
0.0120984402
0.0136070613
0.0128621873
0.0112317047
0.0102088049
0.0088298071
0.0072961240
0.0070327070
0.0095677271
0.0152477735
0.0227523902
0.0295098605
0.0332475368
0.0335588550
0.0312383396
0.0279064301
0.0237386654
0.0189243416
0.0127859790
0.0057932748
-0.0020927653
-0.0100102347
-0.0157952942
-0.0182291430
-0.0165119942
-0.0106051670
-0.0038891418
0.0014054073
0.0056385981
0.0083736000
0.0101007420
0.0122768463
0.0143398134
0.0161088434
0.0164811538
0.0149263844
0.0130111314
0.0118697143
0.0127188784
0.0145899997
0.0140734575
0.0095283109
0.0023123386
-0.0059868531
-0.0113148468
-0.0092758390
0.0013074832
0.0171144566
0.0331189255
0.0459469618
0.0514800302
0.0497282871
0.0404734035
0.0217349422
-0.0003690546
-0.0210792458
-0.0368100495
-0.0424377936
-0.0378789060
-0.0238534200
-0.0054838012
0.0105953690
0.0203357802
0.0211095418
0.0114941319
-0.0059993364
-0.0239695506
-0.0355653587
-0.0390561051
-0.0351105015
-0.0235772939
-0.0034779086
0.0141899351
0.0219623466
0.0241201098
0.0213307126
0.0128505277
0.0017259403
-0.0068069100
-0.0099388732
-0.0102789834
-0.0118737587
-0.0157168104
-0.0218584867
-0.0308000987
-0.0416516123
-0.0508139602
-0.0533016187
-0.0468780020
-0.0320788129
-0.0153999194
-0.0023152762
0.0057354317
0.0122953625
0.0182191208
0.0218750231
0.0224002879
0.0168451654
0.0039873415
-0.0103117935
-0.0200260370
-0.0222611614
-0.0169136998
-0.0091226821
-0.0056967630
-0.0085040011
-0.0130120960
-0.0137582708
-0.0079953964
0.0014590199
0.0087192793
0.0076201523
-0.0013467620
-0.0154500144
-0.0310754207
-0.0461076875
-0.0593653018
-0.0669090667
-0.0683517940
-0.0645879758
-0.0540285335
-0.0305869312
-0.0014942185
0.0231093685
0.0364373878
0.0399048112
0.0364610877
0.0281097790
0.0148430773
-0.0016080858
-0.0177217666
-0.0290724033
-0.0332844623
-0.0316257894
-0.0242363903
-0.0139864053
-0.0058354333
-0.0013468915
-0.0008811379
-0.0025961981
-0.0047953340
-0.0082073123
-0.0133755878
-0.0198549325
-0.0253202973
-0.0291329407
-0.0322598626
-0.0365774455
-0.0427766224
-0.0492671454
-0.0534296277
-0.0539400822
-0.0511597548
-0.0431412381
-0.0298936301
-0.0153206240
-0.0047204188
-0.0001466726
-0.0014220808
-0.0070294568
-0.0140130302
-0.0218551997
-0.0303196304
-0.0360629079
-0.0360687536
-0.0291516231
-0.0173604504
-0.0061801028
-0.0004659531
-0.0004726116
-0.0037364095
-0.0063269221
-0.0057678191
-0.0020397727
0.0036340068
0.0080164440
0.0087467959
0.0046334595
-0.0060870435
-0.0207693153
-0.0329447832
-0.0389605505
-0.0381127604
-0.0280745045
-0.0116939869
0.0009899263
0.0075639581
0.0082936192
0.0025325089
-0.0063017332
-0.0135430984
-0.0183408528
-0.0200905001
-0.0197109264
-0.0190577297
-0.0189361067
-0.0198921644
-0.0235856788
-0.0308184047
-0.0410566119
-0.0521618949
-0.0612020104
-0.0678511558
-0.0729544671
-0.0767285309
-0.0807833284
-0.0858929045
-0.0907527898
-0.0927832635
-0.0921485585
-0.0897628150
-0.0867228719
-0.0847251208
-0.0854166106
-0.0894247998
-0.0972472540
-0.1063511257
-0.1129287919
-0.1139337724
-0.1047979909
-0.0815564386
-0.0495181139
-0.0244901260
-0.0112638076
-0.0054494823
-0.0053664847
-0.0097141502
-0.0166911906
-0.0224238283
-0.0209831315
-0.0113675186
0.0011994116
0.0107489412
0.0172802484
0.0229835422
0.0275134291
0.0312371225
0.0372554218
0.0490560225
0.0685083380
0.0925535689
0.1087835654
0.1056717289
0.0658101656
-0.0136586598
-0.0712105957
-0.0959683658
-0.1092538850
-0.1181675275
-0.1191198903
-0.1068816509
-0.0882088511
-0.0750782533
-0.0731546278
-0.0811045635
-0.0936285158
-0.1060350077
-0.1131482548
-0.1118071210
-0.0962322951
-0.0340545367
0.0557954692
0.1160906823
0.1495530693
0.1707483398
0.1769881637
0.1652144352
0.1328055538
0.0820368185
0.0278418527
0.0019768704
0.0034928269
0.0153181598
0.0267010719
0.0259894753
-0.0028054994
-0.0540775727
-0.0985074810
-0.1263104241
-0.1519797377
-0.1773846245
-0.1937128020
-0.2004094436
-0.1987364693
-0.1937474381
-0.1866104562
-0.1753284269
-0.1560525943
-0.1308577257
-0.1089750448
-0.1002114855
-0.1012384146
-0.1018765420
-0.0969125827
-0.0827405409
-0.0498882708
0.0067867524
0.0668765391
0.1164583481
0.1574028103
0.1908463546
0.2168273808
0.2375238426
0.2579372186
0.2754261424
0.2878227390
0.3051496923
0.3326972258
0.3505390419
0.3392925364
0.3067164004
0.2765654248
0.2594731300
0.2410904536
0.2039165713
0.1557770588
0.1107327831
0.0719063145
0.0480193374
0.0388702475
0.0378511605
0.0434186104
0.0540528383
0.0654909834
0.0782032959
0.0917368567
0.1017387925
0.1098395357
0.1177511492
0.1253487340
0.1324205990
0.1386316548
0.1438551467
0.1456152099
0.1369822298
0.1043864140
0.0203822826
-0.0776551299
-0.1056960600
-0.0823789495
-0.0793486050
-0.1014447218
-0.1174053761
-0.1097633545
-0.0909639893
-0.0715467070
-0.0567141904
-0.0509153019
-0.0516463513
-0.0617721359
-0.0870389082
-0.1161914581
-0.1231505096
-0.0882115744
-0.0479242287
-0.0177234689
0.0056782100
0.0290522096
0.0531440696
0.0599655566
0.0666376870
0.0859565037
0.1068596616
0.1321525157
0.1623555717
0.1973267697
0.2281646060
0.2510396610
0.2695883575
0.2820475824
0.2825545284
0.2683768608
0.2417125810
0.2053966838
0.1677906643
0.1370812741
0.1101443712
0.0842792145
0.0587142634
0.0318598431
0.0053520247
-0.0196501389
-0.0408142108
-0.0551640589
-0.0704078747
-0.0867983910
-0.0912980245
-0.0849893640
-0.0714161935
-0.0533818481
-0.0377829926
-0.0311452312
-0.0380794813
-0.0505505892
-0.0658001376
-0.0834477055
-0.1019486704
-0.1209547343
-0.1390191139
-0.1563087281
-0.1719626323
-0.1847400855
-0.1938506631
-0.1990069180
-0.1944641447
-0.1799406452
-0.1598248694
-0.1371213632
-0.1144801890
-0.0944164771
-0.0792118012
-0.0689188540
-0.0604070893
-0.0460852376
-0.0201589693
0.0115292436
0.0407676445
0.0629829652
0.0793632106
0.0867838969
0.0831113243
0.0693227450
0.0438864297
0.0026522158
-0.0502330715
-0.1034906086
-0.1465210366
-0.1769046848
-0.2009750777
-0.2183276790
-0.2217383044
-0.2033756767
-0.1747666223
-0.1439858135
-0.1110007648
-0.0849222527
-0.0658378457
-0.0492369605
-0.0377228600
-0.0349770775
-0.0463111110
-0.0799521183
-0.1239690860
-0.1565364991
-0.1736013569
-0.1876313643
-0.2003800340
-0.2091368589
-0.2114737168
-0.2050401705
-0.1924463199
-0.1768131895
-0.1608830990
-0.1449748355
-0.1260729243
-0.1031450479
-0.0777627631
-0.0510823858
-0.0248528713
-0.0040334881
0.0060370087
0.0058036380
-0.0009651384
-0.0096694580
-0.0161124188
-0.0209485176
-0.0281364718
-0.0388705570
-0.0490864862
-0.0597221317
-0.0723726758
-0.0844636697
-0.0933600369
-0.1009610570
-0.1058427164
-0.1035541981
-0.0913710481
-0.0658323362
-0.0308577323
0.0046041725
0.0365996142
0.0648074786
0.0912296737
0.1185543965
0.1397975884
0.1517853697
0.1592442423
0.1649813904
0.1736914511
0.1864895219
0.2011920502
0.2092599957
0.2101522627
0.2078509661
0.2013744869
0.1902295189
0.1733145543
0.1588156255
0.1522249655
0.1508843251
0.1490072744
0.1423643920
0.1313551773
0.1224960586
0.1176884386
0.1167142260
0.1205698019
0.1289499350
0.1406293029
0.1526188353
0.1614735966
0.1659099551
0.1579379656
0.1427728718
0.1236212624
0.1004510894
0.0770496704
0.0646200945
0.0581721316
0.0470883792
0.0351636542
0.0284497068
0.0240456135
0.0208987764
0.0208653910
0.0237171823
0.0283451759
0.0300206109
0.0259886730
0.0187205457
0.0114610430
0.0082124727
0.0178600658
0.0473826685
0.0772000877
0.0930899350
0.1015561060
0.1021228827
0.0897281852
0.0641283695
0.0225035225
-0.0412961356
-0.1133909886
-0.1667881884
-0.1969914394
-0.2080675409
-0.1974963349
-0.1596125738
-0.1130684546
-0.0716509569
-0.0351549394
-0.0074557817
0.0105504651
0.0265499094
0.0425032503
0.0515575932
0.0572745666
0.0668921296
0.0814440130
0.0988557558
0.1160795773
0.1278326593
0.1292467255
0.1196387489
0.0958361002
0.0564042448
0.0083168213
-0.0412217595
-0.0854259525
-0.1223629686
-0.1554303147
-0.1838378547
-0.2039199783
-0.2181951159
-0.2339043170
-0.2561766049
-0.2808945870
-0.3029758076
-0.3215059187
-0.3357668988
-0.3444297695
-0.3445302707
-0.3261167564
-0.2946796096
-0.2581753103
-0.1975150883
-0.1256502240
-0.0771269342
-0.0560235597
-0.0456122693
-0.0441294580
-0.0477776377
-0.0530275055
-0.0577573065
-0.0636193473
-0.0685744372
-0.0599559048
-0.0298156302
0.0138159182
0.0759395539
0.1556177117
0.2213870732
0.2926599758
0.3606851027
0.4013174990
0.4292491310
0.4020192820
0.3284887680
0.2790297807
0.1877645303
0.0881949088
0.0417733549
0.0290358685
0.0287921207
0.0374043089
0.0509432457
0.0605297596
0.0604474857
0.0531528758
0.0447270739
0.0374514256
0.0318632582
0.0287042777
0.0291010318
0.0321294860
0.0380290633
0.0481982005
0.0630366847
0.0814738858
0.1013970983
0.1197055080
0.1347993845
0.1469648064
0.1547502451
0.1587246260
0.1602384022
0.1585318380
0.1578104107
0.1596052968
0.1641679933
0.1734629220
0.1900673572
0.2093004742
0.2216482374
0.2237832827
0.2192169983
0.2090621082
0.1930502452
0.1727813174
0.1504286945
0.1277894443
0.1063001532
0.0882037695
0.0745904462
0.0649331365
0.0589682055
0.0533475357
0.0459590895
0.0351133807
0.0206088022
0.0044774611
-0.0113163341
-0.0259227425
-0.0388762652
-0.0516870234
-0.0660218538
-0.0822705617
-0.1011183555
-0.1226990074
-0.1473682115
-0.1722502810
-0.1995714316
-0.2262014899
-0.2446760976
-0.2545036785
-0.2563997453
-0.2498925417
-0.2347456937
-0.2197604169
-0.2082766365
-0.1990179947
-0.1904165921
-0.1806331754
-0.1662229319
-0.1457345704
-0.1166364079
-0.0785710680
-0.0344233471
0.0094774333
0.0475990870
0.0785999025
0.0997904932
0.1115253464
0.1137895367
0.1088462954
0.0985572261
0.0830450042
0.0614557113
0.0339241306
-0.0016735575
-0.0529439543
-0.1250585202
-0.2062516870
-0.2866841644
-0.3446100177
-0.3651374068
-0.3800440877
-0.3932008405
-0.3871701654
-0.3523900305
-0.3003488407
-0.2444804836
-0.1812541570
-0.1079647748
-0.0389026077
0.0198206208
0.0683499832
0.1064305117
0.1300870616
0.1361678432
0.1199953165
0.0762089887
0.0161702545
-0.0433173706
-0.0884996065
-0.1175572999
-0.1331765491
-0.1338404695
-0.1135001496
-0.0704956687
-0.0190121487
0.0259746891
0.0635816206
0.0931264705
0.1132452657
0.1257819250
0.1346911761
0.1416603817
0.1483437318
0.1556022409
0.1674763557
0.1791199135
0.1866085284
0.1916432382
0.1952095890
0.1996654276
0.2081038648
0.2222113988
0.2428678528
0.2684384357
0.2967045433
0.3248670548
0.3495032470
0.3662637595
0.3716801967
0.3635799896
0.3404852292
0.3028021080
0.2568166268
0.2081171390
0.1649218417
0.1283651105
0.0971398141
0.0738273392
0.0588292155
0.0511416781
0.0424705651
0.0301718177
0.0152885262
-0.0013791196
-0.0184020811
-0.0350144320
-0.0517334670
-0.0685342876
-0.0863596708
-0.1060088517
-0.1280966825
-0.1534222096
-0.1814955840
-0.2123383087
-0.2440064018
-0.2749762285
-0.3024170103
-0.3261545723
-0.3462741539
-0.3617451893
-0.3720641156
-0.3765054622
-0.3725083230
-0.3589991337
-0.3379565107
-0.3074173437
-0.2684864263
-0.2283546376
-0.1920742755
-0.1663230534
-0.1495588243
-0.1365538047
-0.1244638032
-0.1102932553
-0.0937672328
-0.0765395052
-0.0601564742
-0.0451930633
-0.0321284051
-0.0193448145
-0.0063222218
0.0076378980
0.0231268662
0.0385916925
0.0509228790
0.0588660307
0.0621197073
0.0614813633
0.0608806769
0.0625366090
0.0664644654
0.0733891555
0.0838410301
0.0969235750
0.1092922918
0.1162437672
0.1191332816
0.1202083246
0.1204689553
0.1210810133
0.1219086328
0.1216660100
0.1209968332
0.1178323135
0.1093910868
0.0962918026
0.0801490109
0.0646271657
0.0519387463
0.0426835840
0.0364567772
0.0353645017
0.0364407435
0.0348966223
0.0285850597
0.0162567407
0.0002490034
-0.0153727750
-0.0264655295
-0.0333009958
-0.0374995455
-0.0389633229
-0.0354491544
-0.0292017723
-0.0258748967
-0.0280925716
-0.0385935962
-0.0573359232
-0.0792404757
-0.1006574183
-0.1207596367
-0.1372897620
-0.1475674394
-0.1530677680
-0.1550938051
-0.1530445356
-0.1455187456
-0.1342675658
-0.1231001238
-0.1146111073
-0.1110901405
-0.1107459610
-0.1112616043
-0.1110299365
-0.1095723201
-0.1068040754
-0.1028231182
-0.0984595763
-0.0929669453
-0.0855554347
-0.0741237996
-0.0582372296
-0.0414090224
-0.0256943398
-0.0106994820
0.0040627341
0.0180348097
0.0300738869
0.0400790142
0.0471018809
0.0511662764
0.0533963376
0.0547119543
0.0556002898
0.0540398036
0.0452296464
0.0320463801
0.0195728926
0.0092178958
0.0054055182
0.0090103169
0.0150427704
0.0214079651
0.0274392858
0.0325629644
0.0373452874
0.0429293531
0.0513046931
0.0632302351
0.0778337167
0.0925974341
0.1059717966
0.1157188093
0.1213507516
0.1230223781
0.1201988405
0.1148408515
0.1085502253
0.1021230315
0.0979278122
0.0991047532
0.1078759967
0.1255923562
0.1467621150
0.1653668174
0.1798615465
0.1854776948
0.1820953981
0.1732335797
0.1600421124
0.1453015398
0.1335170915
0.1261754124
0.1226053650
0.1226025964
0.1244229054
0.1243739628
0.1220654335
0.1189278092
0.1138777259
0.1080641619
0.1009571027
0.0929533524
0.0856777467
0.0790970504
0.0711831941
0.0611480332
0.0466316124
0.0254266080
-0.0013701935
-0.0277610682
-0.0479627403
-0.0613918464
-0.0705048835
-0.0760679593
-0.0777833428
-0.0772406349
-0.0772909519
-0.0804293954
-0.0875318360
-0.0972808531
-0.1055950609
-0.1111159895
-0.1135811150
-0.1130677971
-0.1090684119
-0.1016233834
-0.0925144879
-0.0835462680
-0.0751137532
-0.0675585476
-0.0608533974
-0.0539408545
-0.0454280119
-0.0364867189
-0.0283792446
-0.0196460504
-0.0110339887
-0.0032485141
0.0032687772
0.0082249590
0.0120328549
0.0154398928
0.0203002273
0.0287308742
0.0439393015
0.0677719263
0.0946806787
0.1182514378
0.1340543453
0.1401627861
0.1383323045
0.1298499987
0.1176907157
0.1077713146
0.1038958640
0.1062379404
0.1122126231
0.1177003980
0.1201029091
0.1170069921
0.1081641116
0.0944531831
0.0779241737
0.0592848752
0.0417700975
0.0254925326
0.0092339792
-0.0071704218
-0.0238205080
-0.0402809035
-0.0554802557
-0.0672226781
-0.0750639381
-0.0811157131
-0.0853774643
-0.0881727455
-0.0918571340
-0.0974271424
-0.1061957662
-0.1171359700
-0.1297642467
-0.1425675688
-0.1528256013
-0.1603230311
-0.1653084949
-0.1674229338
-0.1679232151
-0.1675643950
-0.1666195829
-0.1649030101
-0.1614044715
-0.1557011466
-0.1473217235
-0.1360839828
-0.1236440643
-0.1114573563
-0.1003809125
-0.0903029158
-0.0819350762
-0.0761577140
-0.0720612988
-0.0679811709
-0.0633185579
-0.0570312129
-0.0475320240
-0.0346629507
-0.0193987006
-0.0034734432
0.0117386504
0.0254714655
0.0373693522
0.0474279740
0.0548697176
0.0597396369
0.0634092728
0.0666188338
0.0704617032
0.0758767843
0.0812337246
0.0851910359
0.0888839285
0.0924269162
0.0952410985
0.0975165684
0.0998547821
0.1030759257
0.1057212001
0.1074482610
0.1085138884
0.1068761659
0.1016595562
0.0947163540
0.0857199040
0.0734917206
0.0584187927
0.0431311240
0.0294636981
0.0169624159
0.0060156680
-0.0033159844
-0.0113937127
-0.0189361860
-0.0269147288
-0.0345322377
-0.0408159983
-0.0448439745
-0.0455331005
-0.0428985849
-0.0384701522
-0.0346259851
-0.0316365039
-0.0294333448
-0.0283961325
-0.0295859057
-0.0319299807
-0.0338658211
-0.0361033509
-0.0387706431
-0.0415595374
-0.0458502687
-0.0523159645
-0.0594694107
-0.0662030567
-0.0718921996
-0.0759914874
-0.0782430757
-0.0775801697
-0.0745520815
-0.0699227739
-0.0641574564
-0.0574156919
-0.0499744108
-0.0430551484
-0.0375274035
-0.0330017897
-0.0304791665
-0.0310908804
-0.0336020070
-0.0370833306
-0.0407617945
-0.0432923804
-0.0445991153
-0.0444565834
-0.0429413967
-0.0393271856
-0.0327951980
-0.0249833030
-0.0175626252
-0.0117659570
-0.0069385545
-0.0032711913
-0.0000594216
0.0041699974
0.0089197480
0.0122482181
0.0133102098
0.0124249581
0.0108808826
0.0097118316
0.0086292819
0.0083600317
0.0101424803
0.0146145910
0.0208442492
0.0288838668
0.0383438649
0.0455959536
0.0485455868
0.0479107312
0.0462935003
0.0448303319
0.0437737731
0.0441960060
0.0457962718
0.0485658026
0.0514226009
0.0527608123
0.0523441689
0.0498197698
0.0456743933
0.0416981737
0.0371186285
0.0317043936
0.0252112185
0.0181518745
0.0113736137
0.0057985514
0.0013570143
-0.0032675530
-0.0095141447
-0.0173286734
-0.0244083576
-0.0304512663
-0.0359020038
-0.0409846571
-0.0447250896
-0.0464621128
-0.0472896705
-0.0470122640
-0.0446886398
-0.0400800497
-0.0345323264
-0.0292444123
-0.0245014894
-0.0206880472
-0.0166584144
-0.0135150809
-0.0114195326
-0.0108604363
-0.0120485368
-0.0133017901
-0.0142729640
-0.0141572717
-0.0121619185
-0.0086108282
-0.0041891672
0.0001289837
0.0029460820
0.0041791501
0.0052315291
0.0070584795
0.0090718998
0.0108642484
0.0137705813
0.0161249848
0.0180128552
0.0192614998
0.0171672990
0.0107315446
0.0029954545
-0.0027847102
-0.0047004097
-0.0018544379
0.0037818368
0.0101328450
0.0163434986
0.0215626557
0.0259046825
0.0279140233
0.0275459499
0.0253672932
0.0230612484
0.0201574518
0.0160436799
0.0117008275
0.0086968999
0.0077715076
0.0085611732
0.0103290369
0.0120940609
0.0124240795
0.0109193129
0.0083549296
0.0045807977
-0.0002809673
-0.0051691523
-0.0100746271
-0.0142790365
-0.0160981367
-0.0155021204
-0.0128633537
-0.0097832775
-0.0077363150
-0.0087188276
-0.0127073163
-0.0172215363
-0.0208904952
-0.0238747042
-0.0256664391
-0.0265879343
-0.0255889081
-0.0218655941
-0.0143665466
-0.0045968291
0.0040952127
0.0092254095
0.0107600724
0.0101494484
0.0080410658
0.0043005123
-0.0000480600
-0.0028136967
-0.0025873467
0.0001827547
0.0044230680
0.0088401616
0.0121849199
0.0133097955
0.0125989131
0.0097436126
0.0045646191
-0.0012412402
-0.0068816898
-0.0128167344
-0.0179519863
-0.0214746337
-0.0225849498
-0.0211068570
-0.0173123368
-0.0124586168
-0.0067986087
-0.0008377646
0.0045849791
0.0095283428
0.0140350694
0.0184656169
0.0222107237
0.0246493206
0.0252253592
0.0241918431
0.0220003224
0.0203184916
0.0199644874
0.0205133531
0.0210759558
0.0203451245
0.0178816970
0.0140199645
0.0096131497
0.0064928368
0.0052355040
0.0060318897
0.0086611789
0.0120505495
0.0147006276
0.0165096428
0.0169490473
0.0167616885
0.0163468169
0.0163374092
0.0170511983
0.0179149091
0.0182540499
0.0175838039
0.0169314985
0.0166597367
0.0168676557
0.0174929403
0.0178086693
0.0177662384
0.0177870045
0.0177119627
0.0169663454
0.0152453579
0.0137713493
0.0119786057
0.0093878688
0.0050943368
0.0005087993
-0.0027450873
-0.0039017759
-0.0015713701
0.0026364752
0.0065175397
0.0085581202
0.0091113334
0.0093664784
0.0088985517
0.0087568838
0.0094752078
0.0104344913
0.0097895556
0.0079441899
0.0051465738
0.0016089807
-0.0010591550
-0.0018591769
-0.0019328444
-0.0012904720
-0.0008886420
0.0001625812
0.0020028201
0.0026471647
0.0026521721
0.0019509629
-0.0006172744
-0.0046635844
-0.0089454083
-0.0130252264
-0.0161804704
-0.0173051081
-0.0161103043
-0.0130039449
-0.0097873237
-0.0071882592
-0.0054597214
-0.0037135289
-0.0019257476
-0.0007236261
-0.0013036525
-0.0032258400
-0.0045344203
-0.0055665296
-0.0072142288
-0.0089385529
-0.0098682515
-0.0090251835
-0.0074030902
-0.0070232699
-0.0070363636
-0.0069846271
-0.0085022742
-0.0113349590
-0.0139910888
-0.0171266329
-0.0199340624
-0.0204827800
-0.0188614587
-0.0153458446
-0.0098089243
-0.0041065472
-0.0003956399
0.0017613497
0.0025484305
0.0019465816
-0.0005472905
-0.0040402647
-0.0075421406
-0.0104306022
-0.0120686449
-0.0121771823
-0.0097868096
-0.0049256607
0.0010451932
0.0074995983
0.0129953081
0.0169400893
0.0191274686
0.0188380219
0.0169576859
0.0146278749
0.0122573796
0.0105419789
0.0088359437
0.0068529760
0.0038390221
0.0000175440
-0.0035839703
-0.0065820685
-0.0082110793
-0.0086065414
-0.0081469517
-0.0078766679
-0.0081335241
-0.0093548132
-0.0100996560
-0.0089109687
-0.0070939204
-0.0042196525
-0.0008379311
0.0019719948
0.0035518390
0.0029122218
0.0008595407
-0.0014197936
-0.0030853704
-0.0046757883
-0.0052349497
-0.0046453092
-0.0030921946
-0.0020905699
-0.0018662849
-0.0027550662
-0.0040460079
-0.0051268198
-0.0053210941
-0.0043352195
-0.0023348341
0.0002156804
0.0021790550
0.0036687881
0.0045111882
0.0056837095
0.0075082290
0.0089131135
0.0107821057
0.0129202023
0.0141972731
0.0140799591
0.0134411455
0.0120919506
0.0108075642
0.0099995449
0.0090010508
0.0094554826
0.0117403534
0.0143991648
0.0169090718
0.0195688953
0.0214014812
0.0225839900
0.0233353870
0.0218590644
0.0183257429
0.0146441152
0.0121684430
0.0106403808
0.0106130478
0.0130228118
0.0169119845
0.0203747612
0.0221611107
0.0209836157
0.0159928265
0.0076850719
-0.0006647773
-0.0068661853
-0.0109638142
-0.0137402955
-0.0155730662
-0.0160562473
-0.0150195848
-0.0123685320
-0.0089064588
-0.0062366248
-0.0039280639
-0.0027855061
-0.0038499086
-0.0062579609
-0.0091755425
-0.0122730023
-0.0145928936
-0.0160228524
-0.0162591723
-0.0152766476
-0.0130620514
-0.0099151453
-0.0064912080
-0.0035466179
-0.0006615900
0.0022125771
0.0043442059
0.0060745723
0.0067332894
0.0068461906
0.0074940363
0.0087406097
0.0096757708
0.0104236687
0.0116000902
0.0124346093
0.0123145897
0.0110615864
0.0098671765
0.0092958825
0.0086260293
0.0067656646
0.0041615963
0.0016241608
-0.0007752981
-0.0027263352
-0.0035297642
-0.0036027883
-0.0033520620
-0.0029998638
-0.0022482754
-0.0015967714
-0.0020019656
-0.0037355237
-0.0067300941
-0.0103754736
-0.0143341906
-0.0168120373
-0.0171754801
-0.0157653227
-0.0118079032
-0.0055221105
0.0009150806
0.0052948375
0.0068297660
0.0072698798
0.0066485275
0.0047956371
0.0021419838
0.0001990409
-0.0005737776
-0.0009580504
-0.0012398294
-0.0020250592
-0.0030341769
-0.0034495043
-0.0032356859
-0.0031892292
-0.0043168931
-0.0068959244
-0.0098361338
-0.0126705789
-0.0157243234
-0.0190165585
-0.0221855611
-0.0244532641
-0.0247856797
-0.0234531291
-0.0215769620
-0.0193477658
-0.0169471688
-0.0152041991
-0.0133653538
-0.0110285824
-0.0076901856
-0.0035003391
0.0017525377
0.0066445418
0.0112952043
0.0146257421
0.0160835647
0.0156644516
0.0136376072
0.0103307529
0.0067280264
0.0035014014
0.0011614850
0.0006920225
0.0028930383
0.0070461940
0.0120697502
0.0170923746
0.0212919716
0.0242738908
0.0264024835
0.0278091320
0.0287496771
0.0287866785
0.0273585013
0.0251505591
0.0226608852
0.0198927343
0.0168000814
0.0145222778
0.0131179827
0.0127582778
0.0130259187
0.0143269906
0.0159042548
0.0160529485
0.0142611880
0.0129142591
0.0129003403
0.0130826279
0.0130384380
0.0130224839
0.0134922723
0.0142010274
0.0136331658
0.0116930768
0.0093579888
0.0069805674
0.0042910020
0.0018563977
-0.0003130178
-0.0022293002
-0.0030800258
-0.0031734718
-0.0039018407
-0.0053172561
-0.0064120403
-0.0072433133
-0.0085235759
-0.0094545209
-0.0095818420
-0.0103096635
-0.0122804311
-0.0152797372
-0.0178317192
-0.0206918667
-0.0228989204
-0.0242279357
-0.0257595546
-0.0266398006
-0.0267202930
-0.0269271109
-0.0269674832
-0.0265655512
-0.0259812186
-0.0249271330
-0.0234355977
-0.0223107532
-0.0205546184
-0.0186960530
-0.0166145248
-0.0141518659
-0.0120002656
-0.0097844851
-0.0071860651
-0.0053144960
-0.0038306942
-0.0033671150
-0.0042298392
-0.0061114526
-0.0080914693
-0.0097897340
-0.0108617436
-0.0112265868
-0.0111249784
-0.0104180253
-0.0090443766
-0.0074411524
-0.0058418516
-0.0046243226
-0.0046945567
-0.0054487589
-0.0061004963
-0.0064143839
-0.0063032461
-0.0063796193
-0.0062866469
-0.0052420365
-0.0036042176
-0.0029854992
-0.0033041705
-0.0047642130
-0.0066769909
-0.0077842192
-0.0079392622
-0.0072315517
-0.0050289074
-0.0016405136
0.0019642780
0.0048564139
0.0072550368
0.0091681343
0.0097452144
0.0099673032
0.0105066074
0.0103566500
0.0095406315
0.0088839155
0.0084349740
0.0069761201
0.0056880537
0.0053438014
0.0052582965
0.0057452304
0.0067682649
0.0077434286
0.0081354705
0.0087914561
0.0095844918
0.0094715564
0.0090340079
0.0086703069
0.0077006923
0.0059943784
0.0041874913
0.0025359256
0.0015051935
0.0012079372
0.0011615154
0.0014371735
0.0013090155
0.0008734007
0.0000587811
-0.0004305115
-0.0006652435
-0.0008130180
0.0000434324
0.0017971334
0.0029772392
0.0035829884
0.0040280089
0.0040591814
0.0031976574
0.0019387452
0.0014612256
0.0014933862
0.0019187111
0.0028855416
0.0037385118
0.0039981744
0.0038585799
0.0033550839
0.0027162955
0.0021323931
0.0012191636
0.0002332772
-0.0006536738
-0.0014523624
-0.0025029129
-0.0036459441
-0.0043333016
-0.0046608911
-0.0048548718
-0.0047503009
-0.0045743688
-0.0046716251
-0.0048015384
-0.0048058362
-0.0048645447
-0.0050106683
-0.0051500457
-0.0050824084
-0.0047106554
-0.0041649778
-0.0035341208
-0.0031132070
-0.0027232200
-0.0022048975
-0.0018989993
-0.0016265745
-0.0011967893
-0.0008398793
-0.0005450474
-0.0004023177
-0.0003873507
-0.0004502057
-0.0005100529
-0.0004708280
-0.0003255337
-0.0001220741
-0.0000190592
0.0000601201
0.0001713434
0.0002516036
0.0002731896
0.0002704838
0.0002750965
0.0002887955
0.0002859874
0.0002821306
0.0002712674
0.0002377901
0.0002122650
0.0002276170
0.0002641278
0.0003057014
0.0003467624
0.0003864177
0.0004002891
0.0003836073
0.0003497720
0.0003235183
0.0003139655
0.0003161763
0.0003301900
0.0003529749
0.0003697197
0.0003840507
0.0003940908
0.0003986496
0.0004024520
0.0004051860
0.0004055570
0.0004056244
0.0004064660
0.0004079672
0.0004086588
0.0004091087
0.0004096352
0.0004096395
0.0004097260
0.0004100294
0.0004107233
0.0004116414
0.0004125872
0.0004134018
0.0004139759
0.0004142442
0.0004141893
0.0004138012
0.0004130754
0.0004120104
