-0.0012265073
-0.0012752888
-0.0013250353
-0.0013734291
-0.0014227215
-0.0014708353
-0.0015197575
-0.0015677220
-0.0016165588
-0.0016647843
-0.0017128370
-0.0017601155
-0.0018071738
-0.0018533928
-0.0018987779
-0.0019432895
-0.0019858318
-0.0020284768
-0.0020715757
-0.0021151877
-0.0021572458
-0.0022000668
-0.0022396690
-0.0022841618
-0.0023388005
-0.0023929443
-0.0024383566
-0.0024878203
-0.0025360825
-0.0025858219
-0.0026353808
-0.0026902524
-0.0027419927
-0.0027873019
-0.0028626021
-0.0029487518
-0.0027747187
-0.0023743828
-0.0024809904
-0.0026746406
-0.0028394045
-0.0031146007
-0.0030836753
-0.0026033360
-0.0018291569
-0.0016139049
-0.0034218026
-0.0048516468
-0.0043742532
-0.0037924585
-0.0032554545
-0.0035426717
-0.0038090079
-0.0035982326
-0.0032001560
-0.0031261016
-0.0053106805
-0.0050866722
-0.0014305593
-0.0005467563
-0.0047173944
-0.0087432389
-0.0070772638
-0.0046488304
-0.0018827786
0.0006177255
-0.0047406034
-0.0039251505
-0.0014887897
-0.0005302909
0.0025848604
0.0041487717
-0.0020480816
-0.0032296031
-0.0004460515
-0.0040606340
-0.0074839939
-0.0077739748
-0.0040223750
-0.0004785433
-0.0016980561
-0.0072392455
-0.0124277370
-0.0079891399
0.0037189841
0.0041080195
-0.0123490935
-0.0229393670
-0.0041338881
0.0150555378
0.0045602145
-0.0177021783
-0.0249526660
-0.0055556428
0.0096631721
-0.0118400418
-0.0167263063
0.0005640085
0.0159857670
0.0107202474
-0.0113948977
-0.0357335913
-0.0303242381
0.0092999711
0.0357263150
0.0067425397
-0.0293838624
-0.0329846039
0.0108080230
0.0152144235
-0.0273250430
-0.0302676498
-0.0166619453
-0.0048403355
0.0089729170
-0.0031041069
-0.0364082041
-0.0415986152
-0.0160594475
0.0102576152
0.0118915414
-0.0085272808
-0.0128876209
0.0011973998
-0.0093917759
-0.0095708080
-0.0000866740
0.0055513607
0.0113172642
-0.0004966918
-0.0151168412
-0.0282503353
-0.0169119179
0.0023809914
0.0189514264
0.0140907202
-0.0020928954
-0.0160074006
-0.0116609203
0.0042597339
0.0045340998
-0.0088092706
-0.0129823644
0.0001179920
0.0105748300
-0.0035000151
-0.0188318505
-0.0145041820
-0.0092062757
-0.0029824461
0.0023527139
-0.0076260065
-0.0197054017
-0.0062585005
0.0117186684
0.0109167651
-0.0056402338
-0.0134840822
-0.0079979153
-0.0030849163
0.0024926161
0.0052633957
-0.0010888768
-0.0068733830
-0.0007894219
0.0083423360
0.0117945670
-0.0038433941
0.0006774671
0.0065429146
-0.0237444071
-0.0251511322
-0.0068664756
0.0080635404
0.0118157177
-0.0033835558
-0.0218707769
-0.0204782349
-0.0028349834
0.0147076259
0.0178642375
0.0050784552
-0.0016795002
0.0032109455
0.0036397780
0.0014111201
0.0011024428
-0.0001479762
0.0001551193
-0.0002633294
-0.0000915744
0.0019890393
0.0064959027
0.0076892644
0.0027085907
-0.0011290059
0.0058950354
-0.0027531908
0.0010785249
0.0106071049
0.0134903718
0.0090172495
0.0025595612
-0.0030270504
-0.0072155528
-0.0032929117
0.0005684767
-0.0036152535
-0.0089597625
-0.0014379534
0.0053651326
0.0005587382
0.0059469602
0.0153394649
0.0214539988
0.0145088197
0.0047025464
0.0094126987
0.0154840118
0.0202412573
0.0139591885
-0.0037454231
-0.0190333784
-0.0072134199
0.0145433946
-0.0142861603
-0.0016451593
0.0238262181
0.0117043721
-0.0035629904
0.0112589048
0.0273397801
0.0152263964
0.0053065017
-0.0052477566
-0.0077044606
-0.0006202098
0.0073981160
-0.0003004685
-0.0081336550
0.0009846428
0.0063557970
0.0055208969
0.0142806396
0.0220221793
0.0105012197
0.0039453093
0.0231798743
0.0156403216
0.0003518824
-0.0106760445
-0.0088552380
-0.0024044755
0.0057289476
0.0134901221
0.0021082342
-0.0129492503
-0.0051741908
0.0025254954
0.0092483027
0.0180152844
0.0225749887
0.0106016497
0.0127487966
0.0222491514
0.0138454682
0.0040166555
0.0008261365
0.0016228897
0.0035281942
0.0047813004
0.0056646688
-0.0018648113
-0.0156373719
0.0044970556
0.0538015045
0.0360045426
0.0090538533
-0.0100154165
-0.0251001067
-0.0146777673
-0.0026063366
0.0082496256
0.0171940323
0.0165842593
-0.0054083297
-0.0286191694
-0.0134822191
0.0160649152
0.0436134657
0.0445298377
0.0142010534
-0.0265070179
-0.0619566993
-0.0135410290
0.0513053756
0.0303378684
0.0057794014
-0.0086296226
-0.0123245053
-0.0343749306
-0.0592750517
-0.0064569633
0.0527740586
0.0276951305
-0.0144015412
-0.0445041414
-0.0054401669
0.0210378451
0.0183316789
-0.0005294108
-0.0273805396
-0.0266936183
-0.0037576872
0.0088886132
-0.0082299928
-0.0255902184
-0.0430915570
-0.0494566770
-0.0368437550
-0.0215957453
-0.0388902618
-0.0912452332
-0.0803407004
-0.0481049200
-0.0281582233
-0.0293294039
-0.0400541826
-0.0298145446
-0.0199425506
-0.0130533547
-0.0322673122
-0.0523810263
-0.0315061283
0.0138624537
0.0500280969
0.0023441768
-0.0615280856
-0.0227781457
0.0227349019
0.0454673121
0.0238683509
-0.0042233655
-0.0085790534
0.0096283031
0.0312782755
0.0569327056
0.0761942475
0.0296713832
-0.0259541355
-0.0344695766
-0.0037347162
0.0162548794
-0.0023019696
-0.0046063043
0.0012908542
0.0020503322
0.0046396578
0.0071399147
0.0104761467
0.0121695506
0.0149275118
0.0237255768
0.0380947705
0.0491468332
0.0614103161
0.0807819478
0.0962540024
0.0248837239
-0.0600378155
-0.0883049669
-0.0525084394
-0.0057606839
0.0346764387
0.0325503030
0.0101611836
-0.0034633294
0.0163471205
0.0554093662
0.0716146204
0.0762326679
0.0771496581
0.0813084452
0.0816847175
0.0869630221
0.0885062267
0.0846137967
0.0706201021
0.0604359399
0.0682797788
0.0936946874
0.0912009403
0.0780657786
0.0638297538
0.0513892283
0.0325825679
0.0185250222
0.0149712449
0.0216772319
0.0316419640
0.0218603348
-0.0793783099
-0.0884664552
-0.0436859923
-0.0192049811
-0.0548911334
-0.0943795391
-0.0570547989
-0.0201187973
-0.0211932003
-0.0339742267
-0.0272977952
-0.0040422072
0.0141318944
0.0037967731
-0.0062144107
0.0127551220
-0.0255447236
-0.0753057399
-0.1061239404
-0.1144035489
-0.1084105780
-0.1166505710
-0.1314394488
-0.0984513847
-0.0469411393
0.0024659339
0.0546840833
0.0815403404
0.0913762173
0.0880478766
0.0934093707
0.1560958049
0.1405958986
0.1048119045
0.0836304152
0.0613935313
0.0768157910
0.0637878773
0.0035665875
-0.0600540980
-0.0746756498
-0.0450486865
-0.0123053762
0.0177092369
0.0572648098
0.0962122472
0.0916311413
0.0365392637
0.0083344643
0.0228706432
0.0399264478
0.0124231707
-0.0630890710
-0.1451646078
-0.1505380064
-0.0716750447
-0.0030597456
-0.0283839606
-0.0634160875
-0.0731902151
-0.0270394338
0.0251363560
0.0032053749
-0.0437660725
-0.0867351383
-0.0693583140
-0.0138343696
0.0082791725
-0.0322150875
-0.0615493754
-0.0112003982
0.0391397204
0.0729199780
0.0449161242
0.0251874862
0.0900106323
0.1387999218
0.1641228593
0.1569867992
0.1424259826
0.1010909013
0.0395709219
-0.0028223329
-0.0335029669
-0.0572181921
-0.0375910823
-0.0113773711
0.0118345267
0.0459002711
0.0853140935
0.1186674669
0.0541428957
-0.0177150015
0.0114580023
0.0423012722
0.0220805464
0.0064096389
-0.0016085863
-0.0041936003
-0.0076664556
-0.0091894265
-0.0122420326
-0.0170176589
-0.0148898797
0.0192131530
0.0604834290
0.0960802223
0.0826870368
0.0610096830
0.0450561464
0.0230838874
0.0022537821
-0.0199570620
-0.0350410801
-0.0422014169
-0.0481605086
-0.0548594368
-0.0577186126
-0.0601324103
-0.0621411989
-0.0706516742
-0.0850277027
-0.0997722326
-0.1167821132
-0.1325598454
-0.1244260943
-0.1020528307
-0.0811111996
-0.0584176955
-0.0335048025
-0.0097020345
0.0021465365
0.0136629674
0.0260539051
0.0228889983
0.0118196056
0.0009589756
-0.0111883903
-0.0167966664
-0.0112713558
-0.0050458457
-0.0042706106
0.0001771097
0.0154253748
0.0230714054
0.0065358572
-0.0175419199
-0.0354614717
0.0085124758
0.0465453822
0.0258047427
0.0052609157
-0.0156962312
-0.0320558544
-0.0205259289
-0.0222368950
-0.0426666380
-0.0606192031
-0.0661581267
-0.0580626135
-0.0765949729
-0.1108923087
-0.1136481002
-0.0686776449
-0.0405131245
-0.0618506379
-0.0793822044
-0.0519685694
-0.0221863527
-0.0263442227
-0.0137784733
-0.0134240334
-0.0474309620
-0.0562339090
-0.0288259401
-0.0148987241
-0.0192123298
-0.0205795697
-0.0237006429
-0.0188771137
-0.0039415858
0.0121807644
0.0140603640
-0.0031120150
-0.0245117055
-0.0456581382
-0.0681705967
-0.0890418461
-0.1123921404
-0.1335365386
-0.1547548631
-0.1778808028
-0.2022892643
-0.1901411598
-0.1664110573
-0.2007135433
-0.2793554341
-0.2530172859
-0.2127697089
-0.2277643773
-0.2363824674
-0.2381572968
-0.2212767564
-0.1651702014
-0.1034584468
-0.0873351655
-0.0921611642
-0.1082562411
-0.1152052065
-0.0981539896
-0.0770931869
-0.0783022371
-0.0344078736
0.0723316552
0.1619243158
0.2526307418
0.3131215364
0.3230773894
0.3140967956
0.3019242768
0.3464926141
0.3872533034
0.4070510494
0.4178689955
0.2313648473
0.0706163046
0.1047680029
0.1652828554
0.1653294757
0.1483380895
0.1196907378
0.0711910252
0.0229778443
-0.0138654564
-0.0366083893
-0.0390460458
-0.0275670047
-0.0054784362
0.0142333234
0.0294193619
0.0319113129
-0.0022479924
-0.0190193289
-0.0013446909
0.0150004168
0.0299805057
0.0476121946
0.0633669192
0.0689774415
0.0766456460
0.1019757284
0.1240647001
0.1233905563
0.1201557978
0.1125065915
0.0855449768
0.0567471623
0.0446221239
0.0384071874
0.0327002554
0.0277130597
0.0142619683
0.0117788288
0.0156674504
0.0189413683
0.0276721686
0.0409961091
0.0569455851
0.0567863971
0.0465821106
0.0381789570
0.0340209723
0.0364505082
0.0384208765
0.0359117308
0.0365641044
0.0455307316
0.0519891665
0.0365368212
0.0103759666
-0.0281101421
-0.0705630641
-0.1143252345
-0.1573588139
-0.1979946481
-0.2364293372
-0.2684618716
-0.2662776001
-0.2473468480
-0.2370380895
-0.2726891646
-0.2907078617
-0.2430252765
-0.1874485226
-0.1297906871
-0.0953697938
-0.0617065743
0.0156287898
0.0939074764
0.1466095115
0.1244146790
0.0663968053
0.0109875436
-0.0041797861
0.0090089921
0.0483128685
0.1166619845
0.1860581334
0.2299710966
0.2373010300
0.2107783908
0.1659906948
0.1256344465
0.0765172058
0.0056328954
-0.0392083584
-0.0334028449
0.0029503315
0.0180207399
0.0022788847
-0.0097883122
0.0056745353
0.0353977329
0.0772020744
0.1365342911
0.1954586299
0.2219694959
0.2219973855
0.2252392644
0.2087235482
0.1468794029
0.0734050679
0.0033555118
-0.0443317404
-0.0304999735
-0.0133166048
-0.0296372478
-0.0452474506
-0.0148019118
0.0411867321
0.0586547831
0.0480283221
0.0391215673
0.0385658668
0.0363022097
0.0190989373
0.0003446045
-0.0151789985
-0.0285169666
-0.0559737986
-0.0833331575
-0.1213183124
-0.1639366182
-0.2108511178
-0.2593302981
-0.2729689056
-0.2666090549
-0.3042919227
-0.3485409408
-0.3261363446
-0.2713701669
-0.2146863089
-0.1465312434
-0.0768669376
-0.0124298758
0.0373033998
0.0960793731
0.1867916103
0.2742458722
0.2934235090
0.2868770826
0.3209590680
0.3416769271
0.3046576344
0.2636764179
0.2202480557
0.1659927725
0.1160438563
0.0902872975
0.0732943216
0.0598544719
0.0527513226
0.0714655623
0.1135575611
0.1543735410
0.1471007148
0.1070610941
0.0623440310
0.0217951853
-0.0299930166
-0.0912612450
-0.1470173772
-0.1871261492
-0.2160376609
-0.2349543890
-0.2349763430
-0.2093369788
-0.1717347873
-0.1290117763
-0.0916273811
-0.0828737950
-0.0620919567
-0.0281287464
-0.0104390500
-0.0228012294
-0.0420322666
-0.0591433837
-0.0601774884
-0.0420554743
-0.0324678678
-0.0276978883
-0.0166301697
-0.0116043498
-0.0223607768
-0.0377358008
-0.0501033645
-0.0537703389
-0.0891261493
-0.1322201372
-0.1708431230
-0.1916537924
-0.2034926598
-0.2119174374
-0.2019925039
-0.1662152190
-0.1456509136
-0.1441126707
-0.1321068264
-0.0821966603
-0.0140096416
0.0581404925
0.1271479880
0.1470358113
0.1599194932
0.1824551277
0.1871957594
0.1817035266
0.1749967643
0.2009997875
0.2274203158
0.2479619822
0.2656384726
0.2403500223
0.1987755083
0.1778154229
0.1454839023
0.1022532947
0.0606357038
0.0299555703
0.0077334968
-0.0265385862
-0.0705552741
-0.0858093349
-0.0629316169
-0.0355877381
-0.0167418572
-0.0211948415
-0.0249710850
-0.0216844419
-0.0348911857
-0.0660811498
-0.0953881059
-0.1210964692
-0.1467773912
-0.1630573370
-0.1773322474
-0.1937893837
-0.2056609017
-0.1760001108
-0.1392730368
-0.1058867822
-0.0676649623
-0.0430851715
-0.0354232869
-0.0184103073
0.0301988553
0.0754727254
0.0908434564
0.0847119284
0.0752158096
0.0757038548
0.0933384073
0.1124287398
0.1275441992
0.1449426597
0.1653593513
0.1783637064
0.1449304852
0.1393564690
0.1424065288
0.1203813733
0.0959558814
0.0701867247
0.0443948024
0.0220319688
0.0100394719
-0.0028427104
-0.0145089889
-0.0189782322
-0.0255926515
-0.0430407592
-0.0605381987
-0.0685068883
-0.0627190148
-0.0572558728
-0.0682766799
-0.0811238221
-0.0689692844
-0.0524125049
-0.0369278576
-0.0278239437
-0.0346834426
-0.0202604851
-0.0021345271
0.0128928138
0.0334685157
0.0412264419
0.0152916590
-0.0144665255
-0.0320461610
-0.0455209047
-0.0553789275
-0.0426371508
-0.0159774085
0.0070495379
0.0044925326
-0.0206929006
-0.0009779015
0.0274640571
0.0527761032
0.0541394415
0.0198227154
-0.0046044453
0.0015876991
-0.0024219880
-0.0194662967
-0.0357182379
-0.0542685526
-0.0598848749
-0.0260059359
0.0128147048
0.0490349999
0.0736264152
0.0825942242
0.0929474799
0.1039268411
0.0950155946
0.0584385523
0.0230925742
0.0261817026
0.0362987202
0.0416495443
0.0403901421
0.0346123962
0.0421978675
0.0491792273
0.0494249845
0.0410495769
0.0222780506
0.0005953357
-0.0218468996
-0.0438480685
-0.0329727026
-0.0144962338
-0.0008017756
-0.0295440549
-0.0684505009
-0.0779625658
-0.0586491388
-0.0362580866
-0.0286514443
-0.0319377699
-0.0298368307
-0.0383218847
-0.0526996966
-0.0639029060
-0.0695691185
-0.0597840303
-0.0498271625
-0.0340561062
-0.0303721905
-0.0773076485
-0.1105397200
-0.0768139494
-0.0422434230
-0.0287435906
-0.0421557934
-0.0545284656
-0.0157462306
0.0399585207
0.0260322475
-0.0012776102
-0.0207233143
-0.0130917236
0.0162786926
0.0215534363
0.0177083102
0.0126201444
0.0054821708
-0.0033579701
-0.0090610938
0.0002154608
0.0115696031
0.0203455390
0.0304488236
0.0459716810
0.0574408577
0.0151838925
-0.0235817589
-0.0030039445
-0.0080528719
-0.0566091889
-0.0625758645
-0.0525969297
-0.0836158399
-0.0927752590
-0.0797512859
-0.0694238072
-0.0645803335
-0.0789136308
-0.0963287721
-0.1010504143
-0.0878431552
-0.0755815167
-0.0614872067
-0.0172822873
0.0136031325
0.0068347384
0.0009132609
0.0158171066
0.0359334007
0.0579290558
0.0853847684
0.0816056339
0.0273839480
-0.0140162699
0.0208088600
0.0585716255
0.0395027850
0.0102356121
-0.0099747417
-0.0105652011
0.0043885383
0.0246142591
0.0434504739
0.0219399829
-0.0141859362
-0.0203485168
-0.0134978558
-0.0099099448
-0.0086580521
0.0086569341
-0.0007297675
-0.0285511459
-0.0516670197
-0.0422105812
-0.0263208597
-0.0163971297
-0.0018180664
0.0252512724
0.0551053260
0.0885212287
0.1119123943
0.0711968725
0.0309205214
0.0627005580
0.0730437811
0.0449416211
0.0251796570
0.0299680633
0.0384736813
0.0461796346
0.0563333541
0.0379160287
0.0100757772
-0.0157744633
-0.0427032890
-0.0736591875
-0.1042878212
-0.0938760287
-0.0509354614
-0.0072121769
0.0028671717
-0.0308654295
-0.0321460924
-0.0063298522
0.0193324957
0.0360887362
0.0048148549
-0.0132631700
0.0115168274
0.0396244733
0.0636452068
0.0405160566
0.0076487679
0.0282439138
0.0586728515
0.0773100645
0.0250180401
-0.0185488958
0.0017341351
0.0186311779
0.0212704402
-0.0033846742
-0.0312684465
-0.0434844575
-0.0193459806
0.0070508227
-0.0055785820
-0.0416295711
-0.0353146821
0.0021755399
0.0286963112
0.0120280604
-0.0079603452
-0.0248486975
-0.0424572679
-0.0504325290
-0.0590082856
-0.0685692242
-0.0633886924
-0.0360549263
-0.0053496409
0.0030559503
-0.0171039078
-0.0280575841
0.0017550991
0.0380131958
0.0696919702
0.0397886698
-0.0086883196
-0.0191592154
0.0173330833
0.0124912014
-0.0164873082
-0.0377951429
-0.0437273558
0.0050353077
0.0510431876
0.0374738676
0.0093873864
-0.0108654380
-0.0214462403
-0.0069608135
0.0069231280
0.0060481863
-0.0412268786
-0.0934255456
-0.1116667295
-0.0544134509
0.0070644088
0.0196307144
-0.0151980650
-0.0562168231
-0.0852553833
-0.0322354941
0.0408480743
0.0996028096
0.0596830429
-0.0025256361
-0.0328870725
-0.0210397809
-0.0090621435
-0.0497035044
-0.0181177460
0.0208417754
0.0008963584
-0.0188634874
0.0052721002
0.0517564389
0.0953399513
0.0762063825
0.0261607636
0.0276537002
0.0633056159
0.1024875655
0.1318369849
0.0958236212
0.0457562468
0.0037546897
-0.0066903205
0.0135491147
-0.0202702347
-0.0754618202
-0.1222526142
-0.1028009800
-0.0748591266
-0.0526864445
-0.0349816373
-0.0354571049
-0.0271717945
-0.0040346910
0.0213978923
0.0439943889
0.0431999600
0.0498425369
0.0711841144
0.0849430214
0.0553421373
0.0313850990
0.0493933697
0.0666558540
0.0849912027
0.0947199019
0.0710013259
0.0612230579
0.0704989218
0.0765823680
0.0736665227
0.0491980108
0.0238137519
-0.0036406273
-0.0307163692
-0.0341020818
-0.0316255978
-0.0306272049
-0.0233434519
-0.0360819000
-0.0837437827
-0.1003589240
-0.0568244724
-0.0068907474
0.0285079699
-0.0198024607
-0.0789061030
-0.0820808164
-0.0554451028
-0.0259276060
-0.0206695681
-0.0344410812
-0.0192305785
0.0112901440
-0.0265838256
-0.0646422526
-0.0515171829
-0.0381221276
-0.0275192272
-0.0258947962
-0.0498543683
-0.0779048544
-0.0879422132
-0.0574090217
-0.0214773590
-0.0195111862
-0.0572860178
-0.0934123802
-0.0581312748
-0.0049747753
-0.0280093153
-0.0515614361
-0.0348398277
-0.0354067726
-0.0501506613
-0.0391722429
-0.0228657524
-0.0093958903
0.0050771332
0.0178459120
0.0300298009
0.0447877844
0.0579471954
0.0483495927
0.0309261148
0.0352034269
0.0412645113
0.0492345908
0.0573196592
0.0399932361
0.0116194365
0.0276230943
0.0698983583
0.1004999813
0.0579452138
0.0053902085
-0.0191627888
0.0032940170
0.0378035985
0.0436364232
-0.0134282620
-0.0268706250
0.0142811384
0.0431379256
0.0387201644
0.0185400407
0.0020619262
-0.0195020150
-0.0182439597
-0.0162610291
-0.0142688994
-0.0118966671
-0.0065300197
-0.0080575922
-0.0205518592
-0.0164793153
0.0117581931
0.0374433510
0.0666661536
0.0951959991
0.1087499540
0.1047312177
0.1026194240
0.0997063007
0.1110477246
0.1293279077
0.1418254730
0.0853682504
0.0394916223
0.0522272719
0.0669449739
0.0751897418
0.0418959504
0.0202351641
0.0397131714
0.0584160299
0.0769542948
0.0759757996
0.0576779950
0.0383656593
0.0219742952
0.0072586279
-0.0148513650
-0.0494607698
-0.0850973363
-0.1224313479
-0.1474007551
-0.1380435658
-0.1248204175
-0.1183496815
-0.1102986473
-0.0927756471
-0.0591576137
-0.0470196842
-0.0585823829
-0.0708251249
-0.0818363493
-0.0928891658
-0.1009975807
-0.1090662804
-0.1216884161
-0.1349035801
-0.0880712196
-0.0112377358
0.0068584493
-0.0105817063
-0.0232563229
-0.0055426160
0.0381741431
0.0492966330
0.0352425616
0.0224844913
0.0309319675
0.0502254724
0.0726116736
0.0818630328
0.0557394079
0.0242802815
0.0201327186
0.0306345913
0.0341104038
-0.0176087572
-0.0301177064
-0.0098235220
-0.0307741874
-0.0638468038
-0.0535265772
-0.0390611543
-0.0301001458
-0.0160343998
-0.0105539727
-0.0104116457
-0.0147897431
-0.0273772836
-0.0416310726
-0.0550052778
-0.0692749012
-0.0829382112
-0.0977389604
-0.1125803442
-0.1100905133
-0.0963632141
-0.0841071558
-0.0702240713
-0.0558308630
-0.0407003781
-0.0261652344
-0.0003446440
0.0363322761
0.0729151302
0.0940529319
0.1061072208
0.1269170361
0.1445155812
0.1450813921
0.1441931967
0.1449617895
0.1435166180
0.1425357728
0.1422527883
0.1437010848
0.1453815598
0.1466107688
0.1397371855
0.1306407289
0.1204662693
0.1101152803
0.1172753190
0.1299413141
0.1341132786
0.1111686880
0.0857477962
0.0784430186
0.0753678442
0.0572923002
0.0106890371
-0.0362801454
-0.0536805340
-0.0544041237
-0.0631774475
-0.0788886088
-0.0876670179
-0.0773679309
-0.0689488511
-0.0850042500
-0.1050413452
-0.1200530579
-0.1397344144
-0.1624867815
-0.1810586341
-0.1560354604
-0.1262635009
-0.0950658586
-0.0435584626
-0.0238621573
-0.0222182250
0.0052818750
0.0318792530
0.0596112022
0.0900427227
0.0867036356
0.0417731856
0.0251204785
0.0283632741
0.0259330639
0.0055045785
-0.0180361345
-0.0285997628
-0.0247593710
-0.0329061788
-0.0477192159
-0.0580838217
-0.0539299304
-0.0466402804
-0.0537560035
-0.0663006862
-0.0788547169
-0.0914347639
-0.1047285330
-0.1159264513
-0.1274692500
-0.1437322167
-0.1592507124
-0.1603416091
-0.1469526151
-0.1331327740
-0.1288368167
-0.1289411351
-0.1102145555
-0.0857109222
-0.0677777396
-0.0704602960
-0.0618478781
-0.0378781583
-0.0172817428
0.0066541584
0.0299681729
0.0356135773
0.0334628636
0.0434013379
0.0525503134
0.0506741622
0.0403710213
0.0306020558
0.0178889376
0.0060571769
0.0166492031
0.0384272553
0.0615089910
0.0828590738
0.0673827333
0.0505276064
0.0742229416
0.1063264484
0.1385801751
0.1729771554
0.1663053673
0.1369243535
0.1094138263
0.1173285158
0.1475478462
0.1283647796
0.1150713490
0.1407454865
0.1345785977
0.1240580610
0.1346617205
0.1475210869
0.1548978730
0.1208408422
0.0828024822
0.0832225137
0.0974217940
0.1101333536
0.1058054441
0.0888829000
0.0913942859
0.0967794420
0.1011461066
0.1061856094
0.0889986796
0.0611816664
0.0311668720
0.0030370784
0.0012337196
-0.0145004076
-0.0564534572
-0.0989747386
-0.1155357888
-0.0804300916
-0.0434457271
-0.0417931146
-0.0539473503
-0.0579447018
-0.0402466191
-0.0320287898
-0.0546807044
-0.0654608301
-0.0702156976
-0.0814439905
-0.0835611448
-0.0673037426
-0.0496633294
-0.0418878987
-0.0442945161
-0.0466237356
-0.0489040204
-0.0564802123
-0.0653004256
-0.0744230281
-0.0853010107
-0.0825505093
-0.0546707095
-0.0276075066
-0.0155524081
-0.0013691030
0.0162500452
0.0202562739
-0.0090941140
-0.0293542097
-0.0228600334
-0.0318972796
-0.0443474533
-0.0540691746
-0.0635781706
-0.0531742438
-0.0408093041
-0.0302160070
-0.0155003008
0.0041312765
0.0239763871
0.0458388936
0.0675084035
0.0629234544
0.0486188531
0.0566787248
0.0651664744
0.0500938651
0.0266014447
0.0220153450
0.0387243514
0.0561199133
0.0735921470
0.0925372488
0.1008106470
0.1066574044
0.1023274359
0.0907921360
0.0805696188
0.0741875814
0.0640919742
0.0440686054
0.0227272696
0.0084164952
0.0134506583
0.0202279588
0.0234486324
0.0276392776
0.0331831986
0.0442477530
0.0518577532
0.0441411215
0.0346394382
0.0265795505
0.0163614679
0.0070410250
-0.0025709423
-0.0120825093
-0.0174841045
-0.0169177189
-0.0233000137
-0.0430251796
-0.0623196156
-0.0632081598
-0.0615517621
-0.0601900615
-0.0580485733
-0.0647816641
-0.0742236587
-0.0824229144
-0.0948544422
-0.1054059950
-0.0885467662
-0.0596229528
-0.0491721362
-0.0417278347
-0.0329952428
-0.0248539098
-0.0187359613
-0.0170388884
-0.0204034914
-0.0378325277
-0.0587104946
-0.0795133254
-0.1014775350
-0.0931454829
-0.0804016567
-0.0702811841
-0.0524976945
-0.0154463801
0.0253989533
0.0581257801
0.0635569430
0.0775565201
0.0984498518
0.1161094113
0.1069483437
0.0538233004
0.0099928712
-0.0049334478
-0.0200969771
-0.0364887111
-0.0512944940
-0.0665631440
-0.0647610336
-0.0459781409
-0.0275456640
-0.0088322816
0.0140788551
0.0347029290
0.0217895495
0.0012552328
-0.0157743348
-0.0359895923
-0.0565855846
-0.0788831432
-0.0879093490
-0.0730302093
-0.0556320050
-0.0390834998
-0.0217029645
-0.0162772002
-0.0118926664
0.0028190627
0.0227286213
0.0360737992
0.0208900100
0.0032012631
0.0058305051
0.0074583737
-0.0023002066
-0.0147886115
-0.0242468182
-0.0108464498
0.0124902047
0.0323500239
0.0552066157
0.0799753879
0.1034175619
0.0998125709
0.0969366255
0.1092529120
0.1172263313
0.1057277834
0.0926472831
0.0798941864
0.0715413969
0.0752300353
0.0787652658
0.0594281084
0.0307813079
0.0033988167
-0.0096030745
-0.0066798838
-0.0133581564
-0.0293595560
-0.0444889727
-0.0581275256
-0.0724591519
-0.0866452815
-0.1015817880
-0.1169925809
-0.1209413496
-0.1046249731
-0.0871150783
-0.0707047912
-0.0646167235
-0.0620407245
-0.0517249592
-0.0335900040
-0.0132413918
0.0063554332
0.0126153978
0.0079739375
0.0052969223
-0.0027311101
-0.0240746358
-0.0353862100
-0.0198966610
-0.0050613973
-0.0098748751
-0.0172764395
-0.0155113449
-0.0086698563
-0.0008643951
0.0067431282
0.0117372334
0.0099994559
0.0083465950
0.0107073238
0.0169286122
0.0233664293
0.0240661507
0.0114230976
-0.0019456962
-0.0148103874
-0.0287298204
-0.0429755050
-0.0565181111
-0.0664268485
-0.0717156424
-0.0592287003
-0.0318220173
-0.0029865137
0.0223277775
0.0259809835
0.0281127957
0.0293795428
0.0142130443
-0.0018409308
-0.0164828856
-0.0348750259
-0.0515771700
-0.0442458337
-0.0269580902
-0.0129519383
0.0038693394
0.0234572937
0.0408823562
0.0203113662
-0.0052572355
-0.0279340942
-0.0487403616
-0.0565604858
-0.0643466278
-0.0728455991
-0.0719752023
-0.0590008678
-0.0450543775
-0.0309029357
-0.0188029980
-0.0172439867
-0.0170485851
-0.0162439630
-0.0150273765
-0.0146620154
-0.0296401902
-0.0497339278
-0.0687415372
-0.0772011170
-0.0668551913
-0.0563612482
-0.0441423174
-0.0268727325
-0.0089827472
0.0106779348
0.0293563900
0.0189014436
0.0048894411
0.0058144240
0.0130174784
0.0153630438
0.0122954762
0.0140537303
0.0236121011
0.0342983243
0.0443305008
0.0484950184
0.0489511449
0.0541473348
0.0610908367
0.0677458109
0.0741066281
0.0812295585
0.0865207558
0.0894598828
0.0893237766
0.0819177234
0.0730631972
0.0656244332
0.0552045847
0.0408993023
0.0270847620
0.0258948497
0.0292673015
0.0317075651
0.0355436473
0.0387103164
0.0402539279
0.0409914454
0.0424603979
0.0443374276
0.0426243341
0.0279400795
0.0121154594
-0.0030493785
-0.0195349099
-0.0334000605
-0.0429050387
-0.0521618049
-0.0621637031
-0.0715607485
-0.0737220577
-0.0734076812
-0.0737217154
-0.0702596585
-0.0630372965
-0.0556999776
-0.0490146677
-0.0415784782
-0.0267114378
-0.0103293270
0.0057649802
0.0240075498
0.0364377185
0.0298655890
0.0210079404
0.0139230693
0.0045045964
-0.0039455138
-0.0133547703
-0.0227011904
-0.0259453533
-0.0183023471
-0.0103432970
-0.0032755934
0.0033736285
0.0099882367
0.0174186291
0.0248504945
0.0261714404
0.0261293076
0.0264360124
0.0264551003
0.0268787802
0.0224115692
0.0111194735
-0.0005702985
-0.0133390538
-0.0261412113
-0.0229429162
-0.0123392905
-0.0027466388
-0.0003375432
-0.0063376765
-0.0038385595
0.0017937910
0.0062629845
0.0115589702
0.0172647288
0.0206680953
0.0205015903
0.0204903170
0.0205445897
0.0148256141
0.0061030797
-0.0024515227
-0.0113652690
-0.0204000568
-0.0292599341
-0.0384385921
-0.0480292235
-0.0530135683
-0.0508897444
-0.0505167852
-0.0540626842
-0.0570519013
-0.0598503282
-0.0640025131
-0.0678161416
-0.0604527258
-0.0464733810
-0.0331004060
-0.0189923132
-0.0044434038
0.0103905144
0.0213550152
0.0253763774
0.0213779704
0.0117952132
0.0005662143
-0.0108381937
-0.0120974607
-0.0005086522
0.0120744214
0.0235266938
0.0265023128
0.0281654962
0.0323926883
0.0399079162
0.0489801623
0.0575029688
0.0562119917
0.0483287252
0.0415506184
0.0337757092
0.0225137272
0.0092190660
-0.0034426486
-0.0133346586
-0.0191760632
-0.0253780087
-0.0289402677
-0.0301579921
-0.0318169547
-0.0332676975
-0.0238968459
-0.0123936864
-0.0022414877
0.0019245672
0.0038203884
0.0080657490
0.0137384241
0.0200596173
0.0266607849
0.0316042460
0.0304943013
0.0380869538
0.0476327332
0.0497826749
0.0462945652
0.0416508446
0.0398013128
0.0434448643
0.0473581624
0.0399592882
0.0317942615
0.0243834364
0.0153928007
0.0074708511
0.0067853957
0.0069686676
0.0067019659
0.0071562449
0.0041712066
-0.0016108992
-0.0074014737
-0.0131574051
-0.0196102146
-0.0259324663
-0.0262596583
-0.0229045548
-0.0197993106
-0.0162433017
-0.0126098679
-0.0090879863
-0.0050939993
-0.0011908908
-0.0028355077
-0.0093909264
-0.0165054562
-0.0234284082
-0.0236387541
-0.0218257788
-0.0206036093
-0.0186500962
-0.0164219288
-0.0140286010
-0.0119778983
-0.0098900750
-0.0066873210
-0.0048668643
-0.0140995565
-0.0239692252
-0.0194534070
-0.0119471320
-0.0054597950
-0.0006051402
0.0032877032
0.0071572733
0.0107790233
0.0146865933
0.0184183243
0.0175391625
0.0147114574
0.0122053370
0.0083162192
0.0012129129
-0.0070251947
-0.0136354691
-0.0116166394
-0.0077286773
-0.0015912608
0.0062150096
0.0135228052
0.0203075494
0.0224072270
0.0243106807
0.0261669630
0.0279531726
0.0293420246
0.0309384136
0.0334553602
0.0367725739
0.0397545980
0.0427937473
0.0462445261
0.0496278537
0.0466563450
0.0384013568
0.0300195623
0.0217314450
0.0131373184
0.0043989386
-0.0039642896
-0.0087583640
-0.0128292797
-0.0171092675
-0.0212496766
-0.0253595973
-0.0256598009
-0.0229521181
-0.0202050473
-0.0167016043
-0.0141382711
-0.0205578062
-0.0278460777
-0.0342511609
-0.0422079483
-0.0473174405
-0.0430616340
-0.0374598403
-0.0331164596
-0.0274926461
-0.0224857665
-0.0181800543
-0.0152765552
-0.0120768748
-0.0093027114
-0.0063392192
-0.0037562179
-0.0009613755
0.0016291485
0.0042844559
0.0054183698
0.0066584567
0.0076447343
0.0086818439
0.0094612803
0.0105317567
0.0115970882
0.0128690018
0.0138476679
0.0151321280
0.0155520676
0.0150716674
0.0142362410
0.0137698799
0.0129487520
0.0124238711
0.0108497549
0.0093724468
0.0076078549
0.0063028195
0.0048381963
0.0019392230
-0.0044122250
-0.0104385713
-0.0165361771
-0.0218335500
-0.0274957576
-0.0339408380
-0.0382442667
-0.0268643852
-0.0245367794
-0.0253681165
-0.0232224514
-0.0227281289
-0.0216545025
-0.0210526492
-0.0206906453
-0.0211135679
-0.0212679683
-0.0219556031
-0.0218681119
-0.0182889599
-0.0142534342
-0.0108644486
-0.0070583038
-0.0037274089
-0.0003189319
0.0027086751
0.0057011990
0.0085171820
0.0112205135
0.0121772406
0.0118144679
0.0113484561
0.0109372963
0.0103654211
0.0099157531
0.0098999389
0.0100341572
0.0099622081
0.0100473755
0.0100470259
0.0092228932
0.0076057193
0.0061865151
0.0048093049
0.0036598595
0.0030788116
0.0026802402
0.0022483029
0.0019536221
0.0018510796
0.0021171815
0.0023747237
0.0027712293
0.0031862419
0.0035563818
0.0038977544
0.0044315770
0.0050334657
0.0055565270
0.0060137088
0.0064022383
0.0067081335
0.0070368225
0.0071961709
0.0063758657
0.0055435402
0.0049557079
0.0043597793
0.0039221492
0.0035721280
0.0033093456
0.0030930789
0.0033222517
0.0039529613
0.0045238948
0.0049805180
0.0054030741
0.0057227063
0.0059842250
0.0061659885
0.0062853018
0.0063219328
0.0063242786
0.0061552255
0.0059199057
0.0057270991
0.0057095199
0.0057022433
0.0055738405
0.0054477596
0.0053322212
0.0052068754
0.0050839404
0.0049680890
0.0048613026
0.0047497378
0.0046367505
0.0045210761
0.0044046461
0.0042871046
0.0041705416
0.0040538934
0.0039388757
0.0038244831
0.0037121346
0.0036008575
0.0034926616
0.0033859164
0.0032806011
0.0031744296
0.0030706927
0.0029700026
0.0028717600
0.0027756561
0.0026815638
0.0025891170
0.0024982650
0.0024088320
0.0023206605
0.0022336326
0.0021477936
0.0020630975
0.0019795704
0.0018971940
0.0018160176
0.0017360521
0.0016573171
0.0015798291
0.0015036160
0.0014287045
0.0013551230
0.0012828991
0.0012120604
0.0011426336
0.0010746440
