0.0001283490
0.0001315897
0.0001347776
0.0001378821
0.0001411927
0.0001461677
0.0001524811
0.0001575122
0.0001615745
0.0001662612
0.0001714666
0.0001766624
0.0001818934
0.0001869501
0.0001919231
0.0001872116
0.0001659574
0.0001918769
0.0002369547
0.0002648628
0.0002743206
0.0002736929
0.0002499856
0.0002373600
0.0002444461
0.0002525691
0.0002464140
0.0001822783
0.0000894156
0.0000576801
0.0000682384
0.0001300801
0.0002531481
0.0003135154
0.0002620611
0.0000583230
-0.0002835449
-0.0004558584
-0.0001151840
0.0005419980
0.0010332174
0.0009848008
0.0006336710
0.0004776586
0.0004720160
0.0007179986
0.0011045824
0.0012436111
0.0010068964
0.0006428397
0.0001488210
-0.0003915616
-0.0004829587
-0.0001244188
0.0003847407
0.0006782563
0.0003544266
-0.0005232761
-0.0010773187
-0.0009333626
-0.0001136090
0.0014144118
0.0029391176
0.0037233235
0.0038145594
0.0029190731
0.0013714909
-0.0005336493
-0.0037157221
-0.0053872513
-0.0038854731
-0.0013067671
-0.0000918188
0.0005159116
0.0012510611
0.0013879114
0.0000454205
-0.0027883832
-0.0043509236
-0.0030571632
0.0000979196
0.0022894753
0.0026247592
0.0018034708
0.0015899449
0.0030935267
0.0052391960
0.0068943590
0.0074818963
0.0063659610
0.0035369042
-0.0010685373
-0.0070167739
-0.0119559878
-0.0113278367
-0.0036594564
0.0053188779
0.0081729840
0.0021579404
-0.0067418122
-0.0123485894
-0.0094443715
0.0000074294
0.0087811132
0.0120794885
0.0118611895
0.0111313291
0.0084574004
0.0040282235
0.0011400018
0.0010801043
0.0024546624
0.0021596624
-0.0008275849
-0.0039268686
-0.0039975176
-0.0019801780
-0.0005307893
-0.0005955077
-0.0022837723
-0.0053102124
-0.0099588877
-0.0137387587
-0.0154347242
-0.0150907527
-0.0111648860
-0.0036452417
0.0032974485
0.0047967888
0.0016982075
-0.0017695461
-0.0024529640
0.0029207781
0.0120159276
0.0146762579
0.0109188434
0.0071719749
0.0061089871
0.0065929717
0.0070269982
0.0059762872
0.0022988448
-0.0016051233
-0.0028948714
-0.0030595537
-0.0038265123
-0.0052660103
-0.0071211651
-0.0082692671
-0.0068717659
-0.0030006322
-0.0002680138
-0.0001503718
-0.0004086689
0.0011370026
0.0052512442
0.0101767764
0.0130433528
0.0119468302
0.0082453340
0.0054766131
0.0028810336
-0.0028302683
-0.0086486791
-0.0109107278
-0.0107720560
-0.0094392760
-0.0082584540
-0.0067324354
-0.0043860060
-0.0025671774
-0.0029413231
-0.0061244015
-0.0104429864
-0.0111773937
-0.0095051097
-0.0084392377
-0.0060781929
-0.0011816703
0.0031084262
0.0073556823
0.0115262515
0.0131469350
0.0120603014
0.0102978246
0.0088689496
0.0086457913
0.0092968890
0.0097920623
0.0087226356
0.0039413934
-0.0007139848
-0.0023272369
-0.0041340976
-0.0066313639
-0.0082950890
-0.0083769743
-0.0067428378
-0.0051826824
-0.0039542098
-0.0020574207
0.0009755319
0.0047508696
0.0068034210
0.0071462359
0.0067849784
0.0058168545
0.0051054702
0.0038025671
0.0014535283
-0.0006337125
-0.0023846732
-0.0039401095
-0.0049199861
-0.0054309460
-0.0059784966
-0.0068348367
-0.0094992324
-0.0133209388
-0.0154738164
-0.0144867180
-0.0098719715
-0.0028565473
0.0015740265
0.0022346692
0.0008126060
-0.0011542257
-0.0026057582
-0.0042839247
-0.0056245384
-0.0052458819
-0.0018776957
0.0070294313
0.0139737415
0.0143087459
0.0118335633
0.0090854434
0.0064330282
0.0044722737
0.0020622494
-0.0020229712
-0.0064416534
-0.0085174521
-0.0078515741
-0.0045889114
-0.0012351676
0.0001864929
-0.0004664271
-0.0018956630
-0.0023547320
-0.0003498401
0.0028079972
0.0047063004
0.0055353616
0.0063213462
0.0077762984
0.0061214430
0.0014133460
-0.0009484685
-0.0029666182
-0.0102929425
-0.0201822755
-0.0291774723
-0.0369048254
-0.0388052956
-0.0331389940
-0.0197295838
-0.0043504411
0.0091687847
0.0151867307
0.0128179516
0.0090825974
0.0053059344
0.0013690910
0.0008396849
0.0035810246
0.0057794779
0.0054886275
0.0042696322
0.0053976119
0.0090248526
0.0119576238
0.0121597392
0.0103513896
0.0066708250
0.0036025321
0.0035119890
0.0051227096
0.0048347363
-0.0003887283
-0.0047825951
-0.0044828195
-0.0031235962
-0.0038241250
-0.0103824058
-0.0204118180
-0.0267082877
-0.0259075516
-0.0238455084
-0.0237044698
-0.0238378513
-0.0231406303
-0.0154782425
0.0017148392
0.0203363171
0.0376614726
0.0557673802
0.0690871706
0.0702236815
0.0661898067
0.0564196756
0.0391847178
0.0210835835
0.0054952478
-0.0021073804
0.0007440762
0.0124768412
0.0279177449
0.0419896120
0.0495808720
0.0460306258
0.0358977409
0.0251072094
0.0161684856
0.0076710864
0.0004048380
-0.0045795341
-0.0072764673
-0.0061211818
-0.0005838655
0.0028227569
0.0002885856
-0.0102571461
-0.0326141223
-0.0600665089
-0.0859089892
-0.0952133017
-0.0860906212
-0.0747606766
-0.0544908677
-0.0129655164
0.0362967797
0.0791783353
0.1129526023
0.1287608564
0.1141714394
0.0927751653
0.0802983463
0.0500861208
-0.0154676743
-0.0979800598
-0.1775811545
-0.2411559996
-0.2546924750
-0.2355594428
-0.1748767613
-0.0826610280
-0.0141451297
0.0624258611
0.1795798397
0.2338858214
0.2293972402
0.2253676506
0.2442050023
0.2675026531
0.2530593842
0.1934725565
0.1208136402
0.0643500527
0.0351505693
-0.0103689420
-0.0859148383
-0.0979845223
-0.0307339108
-0.0397912516
-0.1658853679
-0.2326471069
-0.2508991130
-0.2991602644
-0.3658041008
-0.2329829254
-0.1583779802
-0.1751554925
-0.1379052221
0.0129080005
0.0926518560
0.0711863424
0.0626336707
0.0892024524
0.0952063647
0.0705188679
0.0375913869
0.0067125547
-0.0187754687
-0.0375387784
-0.0567543620
-0.0831501710
-0.1135600946
-0.1347903193
-0.1422935704
-0.1316214051
-0.1049102695
-0.0727886550
-0.0377639802
0.0012337927
0.0393265290
0.0682599742
0.0873480226
0.1041465060
0.1216143963
0.1294217902
0.1225265104
0.1135059001
0.1195088379
0.1389348733
0.1668602095
0.1910316392
0.1999493099
0.1992598245
0.1892363840
0.1576500840
0.1144387992
0.0775257807
0.0586159742
0.0534985379
0.0426574072
0.0091827042
-0.0385021535
-0.0927080993
-0.1530235784
-0.2138475396
-0.2543511116
-0.2654280621
-0.2594487397
-0.2458867926
-0.2330092006
-0.2249752638
-0.2227208983
-0.2260439520
-0.2317368782
-0.2344180605
-0.2284091118
-0.2085850917
-0.1689798141
-0.1180304958
-0.0716037938
-0.0356471241
-0.0026253194
0.0381536471
0.0888703939
0.1368651409
0.1805900856
0.2216060244
0.2497619358
0.2664485137
0.2709711889
0.2534272289
0.2294965887
0.2088267214
0.1864209918
0.1591545231
0.1389845473
0.1314358663
0.1085558335
0.0643317785
0.0214435124
-0.0121813009
-0.0393292266
-0.0598671042
-0.0645770970
-0.0588659820
-0.0529337333
-0.0472152540
-0.0385193305
-0.0255754350
-0.0137872162
-0.0110794387
-0.0111808384
-0.0089581827
-0.0055800310
-0.0017346394
0.0078005496
0.0256140051
0.0440595554
0.0595591995
0.0660086287
0.0559901861
0.0396130614
0.0226109384
0.0018704121
-0.0246670754
-0.0537755563
-0.0735052083
-0.0859457039
-0.0992629980
-0.1109283058
-0.1131271913
-0.0782039906
-0.0164841909
0.0338307313
0.0419807663
0.0277559752
0.0050111333
-0.0356199853
-0.0885860303
-0.1400421441
-0.1777676287
-0.1866468419
-0.1544035461
-0.0817437212
0.0042478960
0.0770798052
0.1255666963
0.1440300632
0.1233401124
0.0798893871
0.0403109126
0.0209881456
0.0307489149
0.0692354642
0.1292669018
0.1963799301
0.2469448414
0.2633616079
0.2362513658
0.1816135169
0.1353963420
0.1091596238
0.0907954965
0.0794954210
0.0762304387
0.0750316227
0.0609294710
0.0318379913
-0.0041236835
-0.0429964453
-0.0738336003
-0.0967424819
-0.1203516766
-0.1232078913
-0.1090123588
-0.1226163071
-0.1488289349
-0.1755965161
-0.2001835175
-0.2154262408
-0.2270509106
-0.2412256544
-0.2538009624
-0.2605553390
-0.2630552364
-0.2610588529
-0.2539344818
-0.2427436189
-0.2276683883
-0.2088765705
-0.1785051089
-0.1299329799
-0.0896194480
-0.0666898021
-0.0355650034
0.0070713559
0.0482444904
0.0861472976
0.1231808460
0.1580117379
0.1782849801
0.1790721685
0.1731348166
0.1728828035
0.1773578307
0.1781596238
0.1749889711
0.1658408278
0.1496437358
0.1280086117
0.1039370102
0.0802933137
0.0546361177
0.0299227301
0.0124301788
0.0047247186
0.0009343062
0.0003904980
0.0072185171
0.0151148275
0.0189081493
0.0191916794
0.0179301555
0.0172223876
0.0179896772
0.0130952319
0.0032520128
0.0072290212
0.0142146846
0.0046195156
-0.0079181838
-0.0048517994
0.0027875708
0.0081547677
0.0119029929
0.0131930423
0.0098426873
-0.0010486451
-0.0186181334
-0.0376294222
-0.0531788173
-0.0670464792
-0.0770998799
-0.0796051120
-0.0806167513
-0.0822654088
-0.0856584510
-0.0946345729
-0.1051470051
-0.1118143314
-0.1125877913
-0.0985024150
-0.0734785647
-0.0474081233
-0.0210439979
0.0023896260
0.0169741693
0.0267699234
0.0360362039
0.0386383436
0.0224698068
0.0004850819
-0.0034740368
0.0079459277
0.0202234975
0.0313205376
0.0425548728
0.0516420790
0.0575751391
0.0625165945
0.0680685549
0.0749498964
0.0849314548
0.0962013233
0.0916280836
0.0717204214
0.0506898570
0.0317494776
0.0174412870
0.0060908454
-0.0040271766
-0.0082061283
-0.0129051110
-0.0222231414
-0.0311115450
-0.0400581954
-0.0447337434
-0.0371158096
-0.0255432186
-0.0158211531
-0.0072228541
-0.0043855194
-0.0047230369
0.0005484325
0.0088731680
0.0169422895
0.0244036769
0.0273880811
0.0273323670
0.0294939268
0.0357441548
0.0456835435
0.0562180456
0.0623043647
0.0646051774
0.0662324607
0.0673760438
0.0669011454
0.0622280651
0.0542724856
0.0486970868
0.0507753715
0.0577781998
0.0637630344
0.0658726197
0.0644619539
0.0608299425
0.0546116584
0.0455042601
0.0311575666
-0.0007108587
-0.0348349828
-0.0483381567
-0.0519363322
-0.0556551056
-0.0510638823
-0.0402663371
-0.0339771287
-0.0350429048
-0.0433237108
-0.0563995575
-0.0699896916
-0.0832502016
-0.0960029195
-0.1073414287
-0.1050121925
-0.0742664921
-0.0312358468
-0.0033643440
-0.0025662443
-0.0293456288
-0.0789980415
-0.1173196547
-0.1207057082
-0.1142819368
-0.1125226059
-0.1091560357
-0.1030039816
-0.0904690722
-0.0616355708
-0.0270863198
0.0034487841
0.0214804722
0.0272805208
0.0294702980
0.0295103067
0.0196872837
-0.0024913889
-0.0230304728
-0.0282364427
-0.0252768135
-0.0113354341
0.0218423400
0.0596782126
0.0943816260
0.1251908611
0.1407463921
0.1425203018
0.1344078291
0.1209290315
0.1080521097
0.0958939629
0.0911240838
0.1000927566
0.0929522976
0.0626769387
0.0307243833
0.0032765132
-0.0140960253
-0.0170628898
-0.0171466794
-0.0062544463
0.0276703854
0.0382154926
0.0256651374
0.0098359354
-0.0016858347
-0.0107531957
-0.0203287039
-0.0314963838
-0.0423060751
-0.0476558501
-0.0488202074
-0.0487860597
-0.0489062340
-0.0503099946
-0.0574721557
-0.0757059101
-0.0872702420
-0.0894369992
-0.0903230218
-0.0906295617
-0.0874160310
-0.0802586383
-0.0710695113
-0.0625599423
-0.0546095637
-0.0361819643
-0.0111060095
0.0015867533
0.0040094614
0.0050264954
0.0042165575
0.0021308217
-0.0082548906
-0.0436228789
-0.0703680183
-0.0642762004
-0.0305935909
-0.0073463849
-0.0030582145
0.0026350183
0.0132205052
0.0248044339
0.0361890288
0.0465907695
0.0541608432
0.0574197848
0.0584457515
0.0567524219
0.0395408762
0.0101865845
-0.0182974447
-0.0428712270
-0.0555343611
-0.0561501337
-0.0537969975
-0.0506698439
-0.0312232958
0.0072937635
0.0429999792
0.0558475137
0.0546282725
0.0521319288
0.0468403247
0.0345349073
0.0195438104
0.0167612638
0.0377084192
0.0845452111
0.1113201930
0.1026031508
0.0862182330
0.0786819718
0.0782810251
0.0797690007
0.0941218141
0.1228869702
0.1495588771
0.1675384380
0.1836412930
0.1972848541
0.2053303972
0.2145489465
0.2251646204
0.2349992813
0.2422129734
0.2441902978
0.2432437493
0.2404219307
0.2347570712
0.2253111323
0.2100365846
0.1938611274
0.1837737021
0.1767588870
0.1600210114
0.1420117679
0.1300828761
0.1118285152
0.0845865076
0.0571894657
0.0314417611
0.0055713994
-0.0192417522
-0.0390781315
-0.0540836616
-0.0645600367
-0.0707904409
-0.0753916040
-0.0780582253
-0.0786189766
-0.0770181438
-0.0732234380
-0.0679685267
-0.0622542218
-0.0565870142
-0.0518590226
-0.0497202521
-0.0494004388
-0.0499502295
-0.0507759944
-0.0505471205
-0.0488292562
-0.0465019837
-0.0443126536
-0.0429935583
-0.0437905892
-0.0460901618
-0.0489381142
-0.0522859792
-0.0555964462
-0.0584216224
-0.0623070951
-0.0684572214
-0.0768683613
-0.0866906934
-0.0967891138
-0.1062081434
-0.1158920982
-0.1258063165
-0.1356583395
-0.1427323116
-0.1461825923
-0.1474237926
-0.1468383159
-0.1426931784
-0.1333902056
-0.1195421227
-0.1062457455
-0.0963924248
-0.0904779953
-0.0866018391
-0.0834032584
-0.0807788945
-0.0779536405
-0.0740356301
-0.0692014085
-0.0631454008
-0.0555682954
-0.0479257437
-0.0395752440
-0.0292844052
-0.0205211079
-0.0142292670
-0.0071478418
0.0006115631
0.0076828776
0.0149948825
0.0237769429
0.0311180231
0.0417718873
0.0587043268
0.0760965888
0.0871111249
0.0789340445
0.0609375098
0.0477668644
0.0534649726
0.0486362588
0.0192866040
-0.0115380404
-0.0313606352
-0.0178372148
0.0006352749
-0.0030659571
-0.0083103654
0.0004096930
0.0263094537
0.0617576402
0.0840555844
0.0847373997
0.0807050368
0.0709045546
0.0368184851
-0.0014924228
-0.0103970669
-0.0027956835
0.0021449442
0.0062669488
0.0098761837
0.0067451125
-0.0011367106
-0.0087296271
-0.0120360521
-0.0097356038
-0.0053775873
-0.0005055952
0.0032451052
0.0051431377
0.0059116424
0.0049200484
0.0029761466
0.0015328344
-0.0007101079
-0.0034967031
-0.0068486278
-0.0120976033
-0.0180427070
-0.0243450975
-0.0318708416
-0.0414839393
-0.0512465899
-0.0609560717
-0.0702967099
-0.0793792647
-0.0870043757
-0.0917954366
-0.0944536748
-0.0950426122
-0.0945224240
-0.0929120511
-0.0904873512
-0.0867558248
-0.0822498293
-0.0798881500
-0.0776341970
-0.0735979667
-0.0693249275
-0.0659200479
-0.0618843284
-0.0568728588
-0.0521946176
-0.0479247493
-0.0441354921
-0.0390973510
-0.0337427774
-0.0303738755
-0.0266540918
-0.0231746712
-0.0217339879
-0.0201572852
-0.0172263912
-0.0144895174
-0.0129593276
-0.0115936963
-0.0124688397
-0.0183942272
-0.0185713435
-0.0090045394
-0.0000041320
0.0102691133
0.0234421702
0.0219497807
-0.0117678904
-0.0499934789
-0.0618245276
-0.0577507694
-0.0523835066
-0.0472994193
-0.0417283908
-0.0353563185
-0.0264009012
-0.0165275778
-0.0083729899
-0.0010755926
0.0065884765
0.0161293663
0.0274192821
0.0369812296
0.0455242619
0.0541670521
0.0620270741
0.0674018910
0.0706414040
0.0730440714
0.0735682276
0.0684959743
0.0583821625
0.0474783570
0.0395389094
0.0383751999
0.0394323497
0.0391960867
0.0384284635
0.0374768439
0.0351235253
0.0318292402
0.0290888803
0.0279238249
0.0283817708
0.0294279302
0.0308878446
0.0330292429
0.0360545149
0.0383138207
0.0396523581
0.0412364736
0.0422702630
0.0428618823
0.0436066895
0.0443665029
0.0448711943
0.0446651972
0.0445999917
0.0454087268
0.0466606781
0.0485641061
0.0511985411
0.0523731097
0.0528591428
0.0580778783
0.0666874039
0.0681428033
0.0626400112
0.0529502444
0.0401270448
0.0324214261
0.0310276604
0.0350632642
0.0447450753
0.0522733202
0.0545716609
0.0523349517
0.0434144701
0.0308579661
0.0216143055
0.0181119295
0.0168989217
0.0164772153
0.0161465951
0.0141958083
0.0104139168
0.0061599008
0.0006778074
-0.0080432463
-0.0209468877
-0.0354641231
-0.0506514912
-0.0665784070
-0.0826159668
-0.0968377532
-0.1078759332
-0.1163504515
-0.1237318392
-0.1293770118
-0.1337268675
-0.1375127632
-0.1393398826
-0.1389230463
-0.1371623673
-0.1353699955
-0.1328754151
-0.1288565119
-0.1239857778
-0.1176189831
-0.1084362589
-0.0959115839
-0.0820278576
-0.0678282121
-0.0544684280
-0.0434129719
-0.0340334441
-0.0243639256
-0.0141084642
-0.0045311599
0.0043546479
0.0137938612
0.0236912762
0.0342894438
0.0447974573
0.0556861556
0.0663410209
0.0747174389
0.0814751928
0.0874972159
0.0922938668
0.0968719035
0.1021082856
0.1081379390
0.1141605583
0.1194664239
0.1237044352
0.1248868463
0.1223211023
0.1177071030
0.1126373708
0.1078052358
0.1026692743
0.0954910666
0.0865994956
0.0765501673
0.0661146605
0.0552625396
0.0430317044
0.0311022878
0.0208861250
0.0104369594
-0.0017178093
-0.0139889402
-0.0267283421
-0.0408150450
-0.0551797897
-0.0701852064
-0.0850107759
-0.0976600302
-0.1093087770
-0.1190296168
-0.1250342703
-0.1300107537
-0.1337578446
-0.1354875219
-0.1354379801
-0.1346149580
-0.1331353403
-0.1316517578
-0.1301162159
-0.1269039683
-0.1213037062
-0.1128025752
-0.1021300103
-0.0905087206
-0.0789573027
-0.0681109766
-0.0580770341
-0.0498690089
-0.0429731493
-0.0370466103
-0.0315118803
-0.0256847707
-0.0195686784
-0.0129456784
-0.0060649362
0.0014926387
0.0093054868
0.0167550452
0.0232738190
0.0287921491
0.0341565543
0.0395654854
0.0447730518
0.0505668326
0.0577546857
0.0656400205
0.0730699515
0.0814703498
0.0912320411
0.0996770148
0.1062631527
0.1106761799
0.1121710362
0.1134175460
0.1152666670
0.1160417164
0.1151010765
0.1147207734
0.1156848647
0.1164245303
0.1168384332
0.1164810179
0.1135784261
0.1072969786
0.0985750414
0.0891808660
0.0795315084
0.0693632573
0.0585373073
0.0466546360
0.0352747162
0.0254761893
0.0170045121
0.0105315029
0.0060604761
0.0029540451
-0.0000590352
-0.0054179471
-0.0125839366
-0.0197123123
-0.0269280396
-0.0361170820
-0.0467455991
-0.0579637825
-0.0698319345
-0.0812912310
-0.0908121043
-0.0980550780
-0.1040476455
-0.1097072085
-0.1140592956
-0.1154672871
-0.1141158697
-0.1117031589
-0.1092805652
-0.1071453867
-0.1047978749
-0.1020213117
-0.0991722820
-0.0953863602
-0.0910984467
-0.0865292625
-0.0810910802
-0.0752441968
-0.0694132533
-0.0632853700
-0.0567238434
-0.0510272377
-0.0458168864
-0.0402770979
-0.0351801904
-0.0300442668
-0.0246184503
-0.0189319154
-0.0133865834
-0.0083249412
-0.0043051125
-0.0002084279
0.0052467631
0.0118024301
0.0179771190
0.0234349873
0.0293060263
0.0349545518
0.0393994645
0.0426022376
0.0442539885
0.0441345107
0.0430236048
0.0422356316
0.0424484609
0.0449851026
0.0497371248
0.0571127349
0.0656117153
0.0725102930
0.0774537081
0.0798213519
0.0777151652
0.0729261790
0.0673643995
0.0610586106
0.0563264335
0.0551761064
0.0559331791
0.0570973862
0.0575543854
0.0567718633
0.0557926874
0.0555728011
0.0572506579
0.0607140830
0.0649388764
0.0692280119
0.0728288443
0.0730968076
0.0711429403
0.0689135119
0.0657848656
0.0618890731
0.0586453597
0.0561037789
0.0542209572
0.0534081209
0.0526045245
0.0510133245
0.0490192282
0.0469438421
0.0441902453
0.0408017921
0.0372703546
0.0334651308
0.0293713018
0.0254481267
0.0223645546
0.0193729819
0.0165928715
0.0139711310
0.0118521288
0.0113094411
0.0120521729
0.0126378190
0.0127484666
0.0126498067
0.0111685300
0.0069240879
0.0021963622
-0.0024785132
-0.0083550719
-0.0152436590
-0.0218306430
-0.0279493524
-0.0332439792
-0.0374396755
-0.0410799190
-0.0443573528
-0.0480173080
-0.0529706570
-0.0594819936
-0.0665136140
-0.0740091306
-0.0821716529
-0.0893644815
-0.0952701432
-0.1004385250
-0.1040501802
-0.1064768676
-0.1079419733
-0.1084137286
-0.1079192765
-0.1065835314
-0.1048511325
-0.1032374454
-0.1015723991
-0.0987821181
-0.0949717721
-0.0904596486
-0.0853035830
-0.0792274448
-0.0731496169
-0.0671496176
-0.0603788913
-0.0550174288
-0.0507735526
-0.0455381773
-0.0404896021
-0.0354044793
-0.0292417891
-0.0226336075
-0.0156225395
-0.0084787146
-0.0015872177
0.0058250545
0.0138537379
0.0220535795
0.0293810983
0.0359369278
0.0422512448
0.0471248906
0.0509840021
0.0546754829
0.0577247768
0.0595044975
0.0601211211
0.0605621064
0.0603067087
0.0595045485
0.0581911689
0.0568978674
0.0551680021
0.0532647146
0.0508848282
0.0479389091
0.0453371648
0.0424589290
0.0391936165
0.0367266381
0.0348050000
0.0329563723
0.0310781511
0.0286185146
0.0259786115
0.0237793596
0.0210172292
0.0166613029
0.0112891916
0.0059812642
0.0010157798
-0.0028905888
-0.0058067625
-0.0081353572
-0.0091785971
-0.0097963911
-0.0106629951
-0.0117694793
-0.0130327739
-0.0151145948
-0.0168980538
-0.0181139565
-0.0187227005
-0.0180807283
-0.0161888943
-0.0144139249
-0.0127445087
-0.0109300403
-0.0099382355
-0.0102656009
-0.0112910434
-0.0128756717
-0.0160831791
-0.0212249231
-0.0255182750
-0.0282865068
-0.0296177782
-0.0279956606
-0.0244131669
-0.0194788997
-0.0139505011
-0.0089229500
-0.0048810174
-0.0030124618
-0.0029042206
-0.0026419632
-0.0027991501
-0.0019207163
0.0001243713
0.0017786485
0.0022654392
0.0029591908
0.0032195883
0.0024934762
0.0023041772
0.0032599887
0.0043937420
0.0060218820
0.0075633450
0.0096326263
0.0115395968
0.0123780096
0.0129430936
0.0131139323
0.0114023965
0.0080488007
0.0043189410
0.0003218932
-0.0038029210
-0.0079753898
-0.0115939268
-0.0133649823
-0.0142784010
-0.0137752740
-0.0119615354
-0.0101907141
-0.0083783458
-0.0069013580
-0.0055215824
-0.0045008176
-0.0042510386
-0.0047802617
-0.0053173225
-0.0049964843
-0.0036416043
-0.0012121720
0.0013936028
0.0038439086
0.0065282579
0.0095025885
0.0121141918
0.0144947126
0.0164800866
0.0178256611
0.0186184656
0.0191537917
0.0193357258
0.0199382999
0.0213172620
0.0224077506
0.0236270521
0.0253572314
0.0267206354
0.0291079559
0.0322608343
0.0355986382
0.0380954752
0.0391806646
0.0390912350
0.0370174224
0.0327246447
0.0280791253
0.0240272081
0.0203957306
0.0175554757
0.0159953320
0.0142919073
0.0119614582
0.0097541091
0.0066460954
0.0028877735
-0.0002097367
-0.0027925796
-0.0054152775
-0.0062163508
-0.0050172030
-0.0025622723
-0.0006165915
0.0003214210
0.0005507409
0.0004988901
0.0000933881
-0.0006378828
-0.0019061419
-0.0031513103
-0.0047293758
-0.0062473704
-0.0074712789
-0.0087235477
-0.0099938757
-0.0112403381
-0.0125832673
-0.0143083107
-0.0157449213
-0.0169981534
-0.0179723635
-0.0186477762
-0.0192828761
-0.0197463471
-0.0185993760
-0.0164098442
-0.0130110317
-0.0087876574
-0.0041865096
0.0007578509
0.0063890714
0.0117674297
0.0159291378
0.0202642739
0.0242252007
0.0271291477
0.0288471082
0.0287768688
0.0271352478
0.0246800044
0.0230861520
0.0221668130
0.0205347549
0.0193472659
0.0187569402
0.0181328359
0.0174118158
0.0166501802
0.0159315155
0.0151881877
0.0135460412
0.0102908157
0.0051511596
-0.0013695086
-0.0069554236
-0.0121617944
-0.0165723131
-0.0188560738
-0.0191710557
-0.0187554975
-0.0174109140
-0.0145945094
-0.0109882348
-0.0079910884
-0.0052787677
-0.0029680729
-0.0010148994
-0.0009944675
-0.0019155352
-0.0021123356
-0.0017904385
-0.0005921989
0.0017294550
0.0043139553
0.0071085236
0.0095307649
0.0118629563
0.0130494288
0.0119818690
0.0097789663
0.0066693505
0.0027471688
-0.0014917785
-0.0042487718
-0.0049388002
-0.0042207963
-0.0030758289
-0.0026770044
-0.0028699639
-0.0037696085
-0.0055362043
-0.0070139702
-0.0080160693
-0.0083749494
-0.0083717740
-0.0087560898
-0.0093782311
-0.0093885416
-0.0083482347
-0.0060069569
-0.0028594803
0.0002064421
0.0025678538
0.0036961509
0.0038939602
0.0032611309
0.0015143696
-0.0009641630
-0.0039129125
-0.0067293991
-0.0096262819
-0.0117845887
-0.0138713499
-0.0152900162
-0.0153841112
-0.0150263521
-0.0141437506
-0.0131697530
-0.0121114099
-0.0105011816
-0.0093079166
-0.0088242326
-0.0079891387
-0.0069974790
-0.0058690312
-0.0035639803
-0.0003603255
0.0027861455
0.0057259974
0.0079030755
0.0095858508
0.0111504648
0.0115176480
0.0102172618
0.0081580647
0.0065277271
0.0048659377
0.0032726042
0.0028115059
0.0029672403
0.0029368453
0.0022960764
0.0005175527
-0.0014683951
-0.0033324245
-0.0048154653
-0.0055886623
-0.0054778166
-0.0042769054
-0.0033627369
-0.0035065530
-0.0045022305
-0.0066053702
-0.0081457796
-0.0092969603
-0.0100463979
-0.0100553513
-0.0098517936
-0.0088400482
-0.0075095652
-0.0062731222
-0.0057489699
-0.0058927365
-0.0064993610
-0.0078204085
-0.0098376668
-0.0117407966
-0.0135603626
-0.0153516961
-0.0166432508
-0.0172852194
-0.0173451188
-0.0163871024
-0.0150080912
-0.0136942116
-0.0117631753
-0.0086534509
-0.0057475973
-0.0037448654
-0.0019989379
0.0004095381
0.0035876674
0.0070324657
0.0106298888
0.0130719709
0.0147317380
0.0162432574
0.0167494534
0.0160530752
0.0143036007
0.0126998395
0.0109285020
0.0092020105
0.0079437233
0.0067765764
0.0050983471
0.0031970324
0.0016574245
0.0001102717
-0.0010964069
-0.0026797120
-0.0042532151
-0.0054270876
-0.0063383767
-0.0071694711
-0.0077676488
-0.0078707640
-0.0078847624
-0.0085911408
-0.0096952788
-0.0100552049
-0.0095779663
-0.0089123890
-0.0088173494
-0.0089254701
-0.0091863359
-0.0102320278
-0.0120131107
-0.0138589921
-0.0150243803
-0.0155314774
-0.0158722034
-0.0151809453
-0.0137862105
-0.0124839423
-0.0111757631
-0.0091617686
-0.0071912499
-0.0059565516
-0.0033672123
0.0010412691
0.0051425189
0.0081542245
0.0125853792
0.0180111754
0.0225381738
0.0263903627
0.0294065973
0.0320751095
0.0339173024
0.0341631907
0.0325417922
0.0304244218
0.0286883865
0.0278219040
0.0269355062
0.0255881150
0.0236856891
0.0212152332
0.0182918637
0.0134962900
0.0079700122
0.0034928964
-0.0004608623
-0.0041774543
-0.0072981976
-0.0096366007
-0.0115156388
-0.0122285009
-0.0119152922
-0.0110597473
-0.0094310752
-0.0072675630
-0.0043352489
-0.0010321314
0.0024764493
0.0051313343
0.0064745330
0.0078691707
0.0097065695
0.0105167701
0.0103676584
0.0098174217
0.0085352388
0.0079640092
0.0076891976
0.0070943113
0.0063780965
0.0060232339
0.0057193313
0.0042770600
0.0023125145
0.0008156007
-0.0007398006
-0.0019827564
-0.0038301254
-0.0055524313
-0.0067359247
-0.0077139357
-0.0084232426
-0.0092457747
-0.0105038015
-0.0114228194
-0.0123682433
-0.0128638899
-0.0127927349
-0.0126983555
-0.0123533278
-0.0112752892
-0.0099157049
-0.0088585798
-0.0085417549
-0.0083221542
-0.0077554564
-0.0080613099
-0.0087251494
-0.0089499636
-0.0099940547
-0.0120845908
-0.0145089956
-0.0172875206
-0.0194335414
-0.0215507342
-0.0228121669
-0.0232794033
-0.0233101905
-0.0226769636
-0.0215687671
-0.0207381671
-0.0192338217
-0.0172761477
-0.0153903696
-0.0134479298
-0.0112247834
-0.0093556018
-0.0078714970
-0.0063228202
-0.0036049762
-0.0008777835
0.0013062609
0.0032062198
0.0056918013
0.0078684487
0.0100027625
0.0118163140
0.0130278849
0.0142032764
0.0160279314
0.0189471211
0.0221850655
0.0255617227
0.0277812587
0.0288465300
0.0295946736
0.0293233797
0.0276209777
0.0258133049
0.0251332747
0.0247030108
0.0247224867
0.0253662018
0.0255805180
0.0253400730
0.0241458853
0.0212966800
0.0183111924
0.0154461026
0.0119849829
0.0088880693
0.0068679407
0.0058025780
0.0043216639
0.0032540328
0.0026485830
0.0015097987
0.0001426584
-0.0013406347
-0.0035088731
-0.0051557436
-0.0067658079
-0.0104617001
-0.0136285778
-0.0148945125
-0.0162568551
-0.0181673349
-0.0194455962
-0.0195767251
-0.0188592232
-0.0181732839
-0.0176541865
-0.0175892676
-0.0176638602
-0.0176529773
-0.0173599373
-0.0163880517
-0.0155865222
-0.0155461456
-0.0155141542
-0.0148669990
-0.0144839700
-0.0142285893
-0.0131810742
-0.0119088475
-0.0114026648
-0.0115141162
-0.0116241436
-0.0116440694
-0.0120872366
-0.0126626739
-0.0127470361
-0.0124909501
-0.0118526624
-0.0115142551
-0.0106788576
-0.0096030003
-0.0093522830
-0.0086600717
-0.0073048858
-0.0059742878
-0.0042365140
-0.0020474830
-0.0007548872
0.0007846946
0.0029406191
0.0048073553
0.0059682938
0.0065713535
0.0068906089
0.0066227776
0.0059003050
0.0052319359
0.0046325956
0.0039893381
0.0031767980
0.0015879203
-0.0000545151
-0.0017365263
-0.0034809151
-0.0047701321
-0.0056864971
-0.0059593510
-0.0058941085
-0.0058782013
-0.0059012660
-0.0059104608
-0.0059333592
-0.0056289707
-0.0049108263
-0.0035734864
-0.0011838682
0.0011987690
0.0026466021
0.0040141210
0.0058340157
0.0072465837
0.0081958776
0.0085171702
0.0084331857
0.0083942979
0.0084162738
0.0083897901
0.0081766650
0.0072909354
0.0059767030
0.0050987827
0.0045003268
0.0034679712
0.0028923671
0.0032604858
0.0040104841
0.0042349384
0.0046958997
0.0058888790
0.0069927084
0.0078552433
0.0090595557
0.0103718859
0.0123918926
0.0136553418
0.0141118893
0.0139578637
0.0128912529
0.0119663756
0.0113750099
0.0107932715
0.0095653107
0.0080129995
0.0075910106
0.0071628698
0.0060775137
0.0053419233
0.0044573930
0.0031452743
0.0019039939
0.0013470823
0.0013895558
0.0014383777
0.0013799518
0.0013566240
0.0013627759
0.0016318039
0.0028727871
0.0035936264
0.0034449472
0.0033341372
0.0033806175
0.0033602704
0.0032948160
0.0032772804
0.0032442029
0.0026559600
0.0013936197
0.0000474171
-0.0009236055
-0.0015113528
-0.0024635970
-0.0031773308
-0.0032228662
-0.0033488105
-0.0042874690
-0.0053022641
-0.0054580174
-0.0052679581
-0.0047132623
-0.0040914893
-0.0032259462
-0.0023376911
-0.0017709512
-0.0013290633
-0.0012675356
-0.0015309775
-0.0024520895
-0.0034106640
-0.0036445485
-0.0041421115
-0.0054229283
-0.0069619209
-0.0085735552
-0.0098021952
-0.0109112133
-0.0116426890
-0.0120475707
-0.0120666563
-0.0117571822
-0.0111716480
-0.0114388795
-0.0121065072
-0.0123464382
-0.0128561076
-0.0132455958
-0.0131878999
-0.0125901456
-0.0109679608
-0.0088875975
-0.0062321183
-0.0037008582
-0.0020175639
-0.0008443802
-0.0006881298
-0.0007539851
-0.0001663133
0.0002276130
0.0001542141
0.0000860434
0.0000674455
0.0000284822
0.0000130780
-0.0002313757
-0.0008415795
-0.0007140838
-0.0000958201
0.0000148429
-0.0000974141
0.0001521553
0.0011735766
0.0024340188
0.0032050243
0.0042885510
0.0055071429
0.0072330573
0.0090395585
0.0102308306
0.0122649436
0.0146906402
0.0159472140
0.0169551141
0.0175587405
0.0175001964
0.0173570452
0.0168697657
0.0163045577
0.0162345700
0.0163204014
0.0162930216
0.0157371052
0.0141037394
0.0126627602
0.0110957673
0.0091973551
0.0079302334
0.0064233369
0.0048806740
0.0032362478
0.0020393555
0.0003484505
-0.0015374290
-0.0027937831
-0.0037521108
-0.0038848993
-0.0035569360
-0.0023976281
-0.0001352072
0.0019690198
0.0036894718
0.0053408088
0.0066338400
0.0077394838
0.0088877627
0.0101387491
0.0113816532
0.0125762285
0.0135881662
0.0141209608
0.0149637056
0.0158925617
0.0165693164
0.0174947872
0.0181539878
0.0189664991
0.0198941071
0.0201050038
0.0199311092
0.0197522751
0.0187938487
0.0170924421
0.0157589109
0.0136637256
0.0105305966
0.0075834514
0.0051608383
0.0030434818
0.0012048603
-0.0005886417
-0.0019271490
-0.0030789423
-0.0043041309
-0.0055543290
-0.0068338165
-0.0080779408
-0.0092029383
-0.0101692298
-0.0110085190
-0.0116547360
-0.0125339089
-0.0137282729
-0.0139720256
-0.0137929838
-0.0134172007
-0.0121504256
-0.0114929755
-0.0107659117
-0.0097377147
-0.0096009943
-0.0095949219
-0.0092212613
-0.0095377511
-0.0098466293
-0.0098396037
-0.0098304294
-0.0098508327
-0.0098513532
-0.0098468177
-0.0097579721
-0.0087223262
-0.0077277148
-0.0077347925
-0.0078977965
-0.0078440567
-0.0073254081
-0.0062446763
-0.0056389299
-0.0057082079
-0.0058149976
-0.0058696057
-0.0063335251
-0.0071085605
-0.0083484116
-0.0093321147
-0.0099688427
-0.0101293818
-0.0095513167
-0.0083159524
-0.0068701051
-0.0053134722
-0.0044586902
-0.0035856775
-0.0028095044
-0.0027463826
-0.0032454026
-0.0048101843
-0.0064118142
-0.0078902434
-0.0092152479
-0.0099724370
-0.0105011624
-0.0113654906
-0.0122978521
-0.0129327092
-0.0139636823
-0.0146629165
-0.0146254396
-0.0145194158
-0.0145490216
-0.0145841723
-0.0145982732
-0.0145982706
-0.0145984919
-0.0148462320
-0.0151802153
-0.0147805432
-0.0140152179
-0.0132460303
-0.0120330518
-0.0108371536
-0.0089372544
-0.0068454689
-0.0055171845
-0.0044353399
-0.0032254215
-0.0020489812
-0.0004865048
0.0017656422
0.0033357405
0.0045867304
0.0058988823
0.0062403376
0.0060700071
0.0060447758
0.0060834612
0.0061769757
0.0069649418
0.0082986551
0.0095778043
0.0108220204
0.0124399230
0.0137169542
0.0154143331
0.0172902363
0.0180627236
0.0184030483
0.0185792016
0.0189570980
0.0187497127
0.0183917931
0.0183305087
0.0178577983
0.0170505251
0.0153939836
0.0131208957
0.0115435937
0.0100111309
0.0082080011
0.0067085871
0.0051564014
0.0038619960
0.0022503159
0.0007184240
-0.0010104970
-0.0026856187
-0.0039188076
-0.0051168371
-0.0063101840
-0.0069223933
-0.0068833708
-0.0068202540
-0.0068843331
-0.0065585123
-0.0064232494
-0.0069831460
-0.0077473609
-0.0080838392
-0.0080007562
-0.0074774560
-0.0063270114
-0.0050067775
-0.0036033365
-0.0017632932
-0.0002815996
0.0003287729
0.0002912823
0.0001768209
0.0001653106
0.0002003972
0.0006562447
0.0018432083
0.0031307564
0.0043103034
0.0052713299
0.0055068994
0.0054903256
0.0064480857
0.0074918834
0.0077462434
0.0085630414
0.0095050026
0.0095655142
0.0093672310
0.0091967681
0.0083540541
0.0070260204
0.0060963175
0.0049591132
0.0032850255
0.0021714308
0.0016927869
0.0006983477
-0.0006331954
-0.0012323446
-0.0013076941
-0.0021229028
-0.0032092971
-0.0038179062
-0.0042459861
-0.0043330074
-0.0042692105
-0.0037659054
-0.0025293501
-0.0020436220
-0.0017201135
-0.0013843221
-0.0021592523
-0.0033257741
-0.0035652012
-0.0033896963
-0.0033793028
-0.0034289954
-0.0034508764
-0.0034556169
-0.0034162502
-0.0029273086
-0.0022625928
-0.0012644643
0.0005529527
0.0021078778
0.0032380511
0.0043562908
0.0049216783
0.0050300811
0.0058250496
0.0068351054
0.0074953208
0.0084320844
0.0089903936
0.0089346775
0.0085677612
0.0079167617
0.0072463813
0.0067438102
0.0067097279
0.0070267254
0.0079308232
0.0079697542
0.0068083410
0.0064720582
0.0065009199
0.0056559632
0.0042789857
0.0025474175
0.0012394819
0.0006492796
0.0001629452
-0.0002598938
0.0004807403
0.0022821100
0.0036318740
0.0042242585
0.0044941589
0.0041587563
0.0034139740
0.0027440569
0.0021792459
0.0014077621
0.0003470127
0.0000010330
0.0001388120
0.0001745071
0.0001304957
0.0001030017
0.0000939171
0.0000943875
0.0000949753
0.0000877745
0.0000383007
-0.0001902650
-0.0010787373
-0.0020129497
-0.0021551501
-0.0022382336
-0.0034755668
-0.0044381780
-0.0043786027
-0.0049097144
-0.0062758649
-0.0071499455
-0.0076101395
-0.0084147353
-0.0097228627
-0.0110359221
-0.0122064253
-0.0128937730
-0.0136305772
-0.0146160597
-0.0149381149
-0.0148363108
-0.0148136066
-0.0148461339
-0.0148470846
-0.0148625438
-0.0149211526
-0.0149431033
-0.0149346021
-0.0149328285
-0.0149402142
-0.0146815221
-0.0136671268
-0.0123129254
-0.0110707649
-0.0099048041
-0.0089480452
-0.0087106609
-0.0088221678
-0.0088407224
-0.0087171950
-0.0080141113
-0.0067319112
-0.0050968380
-0.0028602103
-0.0008820036
0.0004416306
0.0021597738
0.0035361796
0.0037471572
0.0044283005
0.0055855527
0.0057240714
0.0055126929
0.0054979938
0.0048612687
0.0035829388
0.0032352340
0.0034300967
0.0034525018
0.0030984063
0.0020480429
0.0011791991
0.0009108650
-0.0002030685
-0.0010318173
-0.0012795516
-0.0018543063
-0.0020085749
-0.0013351662
-0.0006247530
-0.0000302305
0.0004868308
0.0006079638
-0.0000227076
-0.0013589654
-0.0024186784
-0.0033238087
-0.0045323326
-0.0052761141
-0.0046191854
-0.0032379662
-0.0022457003
-0.0014239798
0.0001756901
0.0011780830
0.0017565428
0.0026987391
0.0031111470
0.0029962154
0.0029412791
0.0029734013
0.0029530985
0.0029222568
0.0029227037
0.0029269813
0.0029195740
0.0029738025
0.0036670992
0.0047195620
0.0050503825
0.0049126159
0.0048591222
0.0048715636
0.0048619344
0.0048276486
0.0048312105
0.0052720756
0.0063441897
0.0069725925
0.0070907741
0.0079021054
0.0088894134
0.0090213641
0.0088608896
0.0088652311
0.0091009080
0.0099962984
0.0108751401
0.0109823432
0.0108531104
0.0108587280
0.0108762023
0.0108204038
0.0103472311
0.0092543634
0.0084752297
0.0076968602
0.0067008057
0.0064232672
0.0065097037
0.0058032242
0.0040476997
0.0028736526
0.0023933204
0.0022982008
0.0023307680
0.0023285992
0.0022911796
0.0022743728
0.0022780394
0.0022785824
0.0022705581
0.0022356536
0.0016859588
0.0003521240
-0.0001106491
-0.0000861745
-0.0012250667
-0.0022119593
-0.0021462499
-0.0019865714
-0.0020418502
-0.0021214549
-0.0021479364
-0.0021433871
-0.0021427377
-0.0021482800
-0.0021719648
-0.0021931264
-0.0019518474
-0.0009854967
-0.0000885999
0.0000999394
0.0010575218
0.0022208655
0.0031039968
0.0039405114
0.0045937147
0.0055378827
0.0060977779
0.0060475834
0.0059651075
0.0059594066
0.0059176496
0.0061332932
0.0074078710
0.0082266073
0.0080395457
0.0069994192
0.0058279265
0.0057037128
0.0058896405
0.0058622710
0.0057910783
0.0057913572
0.0058024681
0.0057978525
0.0057733046
0.0056987315
0.0052538093
0.0041933395
0.0033935191
0.0027327044
0.0021213721
0.0017137018
0.0015103926
0.0015007568
0.0015097128
0.0014428139
0.0010727025
0.0000302815
-0.0007416254
-0.0008651707
-0.0016071949
-0.0027096426
-0.0029524594
-0.0027873760
-0.0027849972
-0.0028797803
-0.0029196773
-0.0032234842
-0.0038702901
-0.0039731272
-0.0034573947
-0.0038122410
-0.0048890735
-0.0052433815
-0.0059676805
-0.0071823331
-0.0073982693
-0.0071956475
-0.0072044948
-0.0075886322
-0.0082023227
-0.0083588012
-0.0082700609
-0.0082601915
-0.0082978660
-0.0086984451
-0.0098303297
-0.0106132607
-0.0108075248
-0.0119128443
-0.0130240459
-0.0139699636
-0.0146521479
-0.0142668466
-0.0136375970
-0.0134377578
-0.0129306270
-0.0122979052
-0.0116686021
-0.0110817983
-0.0105337916
-0.0097559191
-0.0087564152
-0.0084369100
-0.0082094737
-0.0075926788
-0.0069228554
-0.0063828793
-0.0055605870
-0.0048921918
-0.0056850946
-0.0066425017
-0.0063922985
-0.0057022328
-0.0051634827
-0.0050357284
-0.0045780711
-0.0039673566
-0.0033559527
-0.0030858119
-0.0023738093
-0.0012410911
-0.0008477964
0.0002450142
0.0019205172
0.0032006718
0.0042401837
0.0050103921
0.0060499414
0.0069956521
0.0069885132
0.0065015408
0.0055071462
0.0046040299
0.0034595012
0.0023598383
0.0016524768
0.0011136950
0.0002614586
0.0000289333
-0.0005107679
-0.0016073362
-0.0023211705
-0.0031745614
-0.0048147278
-0.0061841848
-0.0062703350
-0.0060506370
-0.0060449727
-0.0057438498
-0.0046755542
-0.0038805749
-0.0038561922
-0.0037998959
-0.0031488861
-0.0024775725
-0.0018896637
-0.0015990076
-0.0005645279
0.0005145563
0.0011476096
0.0016416195
0.0018921645
0.0019056562
0.0022654253
0.0023718700
0.0022965277
0.0019978937
0.0013652456
0.0010895881
0.0006316428
0.0002093344
0.0004463676
0.0014505324
0.0023763615
0.0033804882
0.0045211796
0.0057337970
0.0063076458
0.0065002959
0.0069745713
0.0071206700
0.0069903303
0.0069160801
0.0068836648
0.0068789203
0.0072783548
0.0078260176
0.0083171927
0.0085291845
0.0083983182
0.0078700338
0.0071114233
0.0059027400
0.0050813676
0.0048016451
0.0042765124
0.0040154721
0.0040415837
0.0040110545
0.0036883356
0.0030033589
0.0023511005
0.0018745010
0.0018197839
0.0018238407
0.0017612528
0.0016805976
0.0012607038
0.0006743315
-0.0001210087
-0.0010062336
-0.0012027231
-0.0010267020
-0.0004542858
0.0004469788
0.0009781515
0.0013904741
0.0018443580
0.0022546311
0.0023874114
0.0027711116
0.0027791244
0.0021216909
0.0013954399
-0.0000287577
-0.0019326381
-0.0030304070
-0.0030767305
-0.0028998839
-0.0024523698
-0.0014940881
-0.0004701609
0.0000413691
-0.0006250299
-0.0016778292
-0.0021243716
-0.0017925248
-0.0004351376
0.0012321498
0.0027788169
0.0043559335
0.0047816453
0.0040990420
0.0034486811
0.0029863039
0.0027980937
0.0027613169
0.0027666298
0.0031192526
0.0033320823
0.0031894130
0.0027513631
0.0022759404
0.0020777769
0.0015287228
0.0007874542
0.0003160079
-0.0003229343
-0.0007439196
-0.0008490658
-0.0012203413
-0.0016738287
-0.0023028981
-0.0029785080
-0.0034409847
-0.0040920851
-0.0043431375
-0.0036985646
-0.0028643690
-0.0027099963
-0.0027663258
-0.0026844464
-0.0025773873
-0.0022768387
-0.0016159337
-0.0010820098
-0.0003891472
0.0001343623
0.0006033062
0.0012434336
0.0018449167
0.0021717654
0.0026999657
0.0032695156
0.0037802572
0.0038798964
0.0041442024
0.0046351840
0.0051198200
0.0052662974
0.0050440924
0.0047987128
0.0043793645
0.0036354853
0.0028871556
0.0023375268
0.0019698298
0.0014288621
0.0007761667
0.0002346832
-0.0000425924
-0.0002992003
-0.0004565113
-0.0004562911
-0.0002857672
-0.0000823050
0.0001039451
0.0002636033
0.0005406457
0.0009085892
0.0010556425
0.0009761068
0.0010361568
0.0010736938
0.0008486751
0.0004933206
0.0001780262
-0.0001941485
-0.0004483948
-0.0006646052
-0.0007911047
-0.0009317091
-0.0011104251
-0.0011605478
-0.0011582026
-0.0011832213
-0.0012039103
-0.0011126372
-0.0009883851
-0.0010057532
-0.0010607839
-0.0010843010
-0.0010994367
-0.0011214387
-0.0011441983
-0.0011641631
-0.0011814918
-0.0012482893
-0.0013742644
-0.0014125761
-0.0013950727
-0.0014377768
-0.0016271347
-0.0017523787
-0.0017974743
-0.0018333154
-0.0018663118
-0.0019220523
-0.0019851903
-0.0020295008
-0.0020797363
-0.0020416756
-0.0020573509
-0.0020731645
-0.0020358003
-0.0019450527
-0.0018328933
-0.0016900021
-0.0015483012
-0.0013994810
-0.0012564084
-0.0011488709
-0.0010558444
-0.0009872410
-0.0009037639
-0.0008198797
-0.0007412930
-0.0006720321
-0.0006122912
-0.0005725753
-0.0005204601
-0.0004694699
-0.0004232953
-0.0003815586
-0.0003310110
-0.0002998215
-0.0002924111
-0.0002926118
-0.0002972433
-0.0002879276
-0.0002614370
-0.0002359056
-0.0002136074
-0.0001997287
-0.0001871169
-0.0001644753
-0.0001491856
-0.0001445898
-0.0001346378
-0.0001269377
-0.0001209562
-0.0001135577
-0.0001148951
-0.0001162343
-0.0001115400
-0.0001096917
-0.0001111024
-0.0001046618
-0.0000970325
-0.0000885182
-0.0000759562
-0.0000649213
-0.0000572654
-0.0000491217
-0.0000374888
-0.0000258537
-0.0000151888
-0.0000050992
0.0000046851
0.0000136315
0.0000224338
0.0000312424
0.0000399073
0.0000490580
0.0000584449
0.0000675796
0.0000767301
0.0000858748
0.0000950833
0.0001044236
0.0001136666
0.0001227182
0.0001316096
0.0001403336
0.0001488863
0.0001573151
0.0001656067
0.0001737231
0.0001816631
0.0001894383
0.0001970446
0.0002044812
0.0002117507
0.0002188544
0.0002257931
0.0002325670
