0.0012796505
0.0012776218
0.0012755933
0.0012735673
0.0012715353
0.0012695150
0.0012674902
0.0012654733
0.0012634536
0.0012614339
0.0012594053
0.0012573753
0.0012553386
0.0012533044
0.0012512910
0.0012493092
0.0012473284
0.0012453469
0.0012432982
0.0012411686
0.0012389465
0.0012366702
0.0012344148
0.0012323287
0.0012304663
0.0012287420
0.0012268486
0.0012245366
0.0012218664
0.0012192600
0.0012171950
0.0012158682
0.0012149941
0.0012139877
0.0012123346
0.0012100163
0.0012075197
0.0012053893
0.0012038088
0.0012027743
0.0012023685
0.0012025571
0.0012029066
0.0012026705
0.0012010412
0.0011974498
0.0011920004
0.0011859547
0.0011812184
0.0011785916
0.0011768614
0.0011742823
0.0011709454
0.0011685091
0.0011670682
0.0011636920
0.0011553142
0.0011426161
0.0011300859
0.0011223976
0.0011215671
0.0011267338
0.0011347748
0.0011412372
0.0011428267
0.0011408562
0.0011414093
0.0011494510
0.0011633606
0.0011773140
0.0011874417
0.0011932531
0.0011938308
0.0011870932
0.0011743113
0.0011604316
0.0011487202
0.0011366584
0.0011211169
0.0011048261
0.0010973607
0.0011098145
0.0011455416
0.0011947659
0.0012344270
0.0012387658
0.0011975835
0.0011271142
0.0010620579
0.0010312096
0.0010406013
0.0010800843
0.0011395867
0.0012074949
0.0012600167
0.0012671606
0.0012174928
0.0011304898
0.0010421717
0.0009775939
0.0009487437
0.0009594523
0.0009985003
0.0010299489
0.0010112881
0.0009280453
0.0008101540
0.0007130217
0.0006863771
0.0007479663
0.0008660673
0.0009705973
0.0010017270
0.0009522106
0.0008687561
0.0008160022
0.0008388546
0.0009494359
0.0011280210
0.0013144713
0.0014148535
0.0013472251
0.0011055699
0.0007824587
0.0005126542
0.0003899162
0.0004394464
0.0006309480
0.0008813624
0.0010612127
0.0010629593
0.0008828262
0.0006340686
0.0004643184
0.0004797689
0.0007257001
0.0011778743
0.0017255443
0.0021978808
0.0024525282
0.0024577250
0.0022990577
0.0021166947
0.0019972525
0.0019098904
0.0017232670
0.0013345218
0.0007783295
0.0002499211
-0.0000235915
0.0000505392
0.0004178384
0.0009808681
0.0016249061
0.0021280479
0.0022130216
0.0017684799
0.0009927809
0.0002681903
-0.0001174557
-0.0001040619
0.0002042721
0.0006179005
0.0008960817
0.0008339414
0.0003851522
-0.0002727023
-0.0008423345
-0.0011166620
-0.0010569074
-0.0007509796
-0.0003708811
-0.0000880270
0.0000611630
0.0001353121
0.0001261024
0.0000059927
-0.0000642929
0.0002031019
0.0008359198
0.0014491789
0.0015602182
0.0010008595
0.0000203091
-0.0009505221
-0.0015718917
-0.0016775499
-0.0013267085
-0.0007931123
-0.0003899800
-0.0002332393
-0.0002672063
-0.0004378480
-0.0007275129
-0.0009415971
-0.0005989005
0.0007307903
0.0029095271
0.0051721762
0.0066704287
0.0070160023
0.0063960557
0.0053220605
0.0043181421
0.0036984506
0.0034802015
0.0034466674
0.0033659537
0.0031093603
0.0026044769
0.0017964354
0.0008019236
0.0000987325
0.0002605872
0.0012432897
0.0022351011
0.0024223394
0.0017609319
0.0008147044
0.0001293407
-0.0000821778
0.0001157341
0.0003941457
0.0000998773
-0.0012645854
-0.0033895189
-0.0051955189
-0.0056717744
-0.0046940948
-0.0030948465
-0.0019400899
-0.0018128070
-0.0025690102
-0.0035021449
-0.0037227299
-0.0026247583
-0.0002265233
0.0029055040
0.0059975621
0.0083790456
0.0095173704
0.0090981561
0.0072804503
0.0048476254
0.0028278864
0.0018309165
0.0017239540
0.0019516967
0.0021260767
0.0022617516
0.0025635974
0.0032108915
0.0041121282
0.0047823723
0.0044626768
0.0026083288
-0.0004983991
-0.0036649567
-0.0053189837
-0.0044253614
-0.0012859893
0.0023141077
0.0039884486
0.0022177299
-0.0025597859
-0.0081646014
-0.0120785719
-0.0128933049
-0.0106343032
-0.0062971067
-0.0013992586
0.0025067748
0.0044938209
0.0046142907
0.0034993521
0.0018663638
0.0005632897
0.0006280772
0.0025422658
0.0053084575
0.0069919284
0.0063916861
0.0040046164
0.0013925641
-0.0000780211
0.0002261247
0.0021386539
0.0046203226
0.0059968793
0.0049420883
0.0013885072
-0.0035542403
-0.0085030317
-0.0123715808
-0.0144083166
-0.0143376172
-0.0127364281
-0.0104060357
-0.0071844262
-0.0026798699
0.0017863710
0.0038077733
0.0029923207
0.0017514770
0.0027130561
0.0061792737
0.0101449622
0.0121816246
0.0112415480
0.0081960877
0.0050503354
0.0034208538
0.0032536186
0.0031182950
0.0019658821
0.0002817661
-0.0008466495
-0.0012415889
-0.0018564058
-0.0035456880
-0.0058953113
-0.0076045489
-0.0077923854
-0.0067170074
-0.0053745489
-0.0046869283
-0.0050893448
-0.0062714582
-0.0071936619
-0.0067348159
-0.0044479831
-0.0007483811
0.0033068639
0.0063349328
0.0073839700
0.0066922483
0.0055660698
0.0053406921
0.0063784349
0.0079795408
0.0092437823
0.0097846616
0.0097753766
0.0096812610
0.0101277928
0.0112061951
0.0117605711
0.0099619938
0.0051347158
-0.0012445777
-0.0065073908
-0.0086603345
-0.0072642460
-0.0031835726
0.0016507961
0.0045188187
0.0029900025
-0.0031491214
-0.0110781514
-0.0165790681
-0.0170918574
-0.0134711690
-0.0091573992
-0.0074208003
-0.0090076209
-0.0120702811
-0.0138479925
-0.0124941041
-0.0079624569
-0.0019068653
0.0033155663
0.0060949246
0.0065162757
0.0060460595
0.0063629960
0.0082369086
0.0112225752
0.0139629535
0.0150216783
0.0135192098
0.0095566781
0.0041761613
-0.0009246019
-0.0041656744
-0.0052204894
-0.0054887291
-0.0068676799
-0.0099924726
-0.0136701517
-0.0159409040
-0.0157958771
-0.0140446029
-0.0125068825
-0.0122904093
-0.0128226402
-0.0125208015
-0.0102060814
-0.0059490385
-0.0009129860
0.0034440189
0.0062514468
0.0077719163
0.0089940386
0.0107682234
0.0130296001
0.0145678748
0.0140000920
0.0110374842
0.0069151289
0.0035834964
0.0022292182
0.0024378580
0.0028738394
0.0025891061
0.0016072214
0.0002500773
-0.0017557941
-0.0049269023
-0.0087792095
-0.0114549533
-0.0109937074
-0.0073934491
-0.0031358461
-0.0011912300
-0.0023939930
-0.0048152285
-0.0058067121
-0.0046503937
-0.0031199107
-0.0034497424
-0.0061098133
-0.0094278391
-0.0112657363
-0.0105963479
-0.0079481252
-0.0047072678
-0.0021270565
-0.0004998294
0.0005916883
0.0014616386
0.0020627117
0.0024265704
0.0031063082
0.0050477580
0.0089139092
0.0141865980
0.0189236077
0.0207204820
0.0185604214
0.0137594513
0.0090596723
0.0065428093
0.0059561792
0.0047799438
0.0007475562
-0.0056995099
-0.0120443685
-0.0164561262
-0.0192388446
-0.0214535680
-0.0229311030
-0.0224154945
-0.0196156475
-0.0160946670
-0.0137580036
-0.0127416918
-0.0114333209
-0.0084814941
-0.0040621230
0.0008516426
0.0057195059
0.0105050833
0.0150358991
0.0186506928
0.0206179945
0.0206947596
0.0192183413
0.0167724533
0.0137964290
0.0103454695
0.0061599572
0.0012960717
-0.0035614300
-0.0073237649
-0.0095812457
-0.0110303749
-0.0125845779
-0.0143259976
-0.0156426004
-0.0162525324
-0.0164337199
-0.0164477433
-0.0162230329
-0.0157333127
-0.0154136517
-0.0156905443
-0.0161499221
-0.0156960964
-0.0134681242
-0.0094255655
-0.0042384985
0.0008938088
0.0047157402
0.0068728783
0.0084356893
0.0109145725
0.0146429101
0.0184708691
0.0208229796
0.0212033061
0.0205173428
0.0200338308
0.0202613689
0.0208219723
0.0208422568
0.0193939814
0.0157969880
0.0103421190
0.0045122129
0.0002726421
-0.0013065198
-0.0011469363
-0.0017492243
-0.0051524825
-0.0111512127
-0.0173750416
-0.0206965273
-0.0192909688
-0.0140896924
-0.0083598199
-0.0053182849
-0.0058588009
-0.0082785986
-0.0099327302
-0.0089328156
-0.0049395803
0.0006831268
0.0056323122
0.0078442204
0.0066898044
0.0030600599
-0.0011012810
-0.0037139257
-0.0035849552
-0.0009031400
0.0032065480
0.0074442355
0.0108156260
0.0127497656
0.0130040123
0.0116142045
0.0089199926
0.0053499332
0.0010879283
-0.0035935027
-0.0076176583
-0.0091201542
-0.0070152333
-0.0028099316
0.0000099225
-0.0011119009
-0.0056105229
-0.0106249796
-0.0136742864
-0.0142365661
-0.0132068166
-0.0116815151
-0.0106202315
-0.0106037852
-0.0112188354
-0.0108270398
-0.0079107786
-0.0031396153
0.0004388246
-0.0001043760
-0.0046311403
-0.0097283956
-0.0113992450
-0.0080355024
-0.0011895159
0.0059103526
0.0105729407
0.0118909379
0.0105357851
0.0078403743
0.0050564834
0.0030786247
0.0025005398
0.0033830140
0.0049753161
0.0061057042
0.0061810064
0.0058706775
0.0064652555
0.0083249691
0.0103369246
0.0110801458
0.0103902091
0.0092698190
0.0082819332
0.0066823880
0.0035058615
-0.0008029151
-0.0044730738
-0.0064315153
-0.0076689563
-0.0101002343
-0.0142325977
-0.0181525572
-0.0189530755
-0.0155929988
-0.0102364944
-0.0066570652
-0.0073242468
-0.0117556805
-0.0172755856
-0.0208805094
-0.0204788035
-0.0154535652
-0.0070277131
0.0021006162
0.0091019738
0.0127549023
0.0138616812
0.0139804160
0.0139013987
0.0133683471
0.0118844527
0.0096074094
0.0073411680
0.0057737877
0.0052123221
0.0058635992
0.0075370028
0.0091414203
0.0092297413
0.0073230360
0.0042969054
0.0014163954
-0.0007749775
-0.0026538284
-0.0049999215
-0.0083591762
-0.0123791527
-0.0156603871
-0.0164465252
-0.0143543454
-0.0112415389
-0.0096972592
-0.0105390236
-0.0118691526
-0.0105856450
-0.0048731304
0.0044354259
0.0143431670
0.0215188988
0.0242592003
0.0231672315
0.0202273856
0.0173912030
0.0156728726
0.0150689798
0.0148992745
0.0145003962
0.0136924786
0.0128669201
0.0125271287
0.0126791604
0.0125883528
0.0111249856
0.0075757945
0.0024546367
-0.0027880079
-0.0067893332
-0.0090842787
-0.0101954999
-0.0113216977
-0.0136232324
-0.0171908832
-0.0205949766
-0.0216289146
-0.0190357008
-0.0137522659
-0.0080643035
-0.0038886916
-0.0019076050
-0.0015892964
-0.0017278069
-0.0011443019
0.0007147981
0.0037606322
0.0074410981
0.0106986876
0.0123559367
0.0121203362
0.0109358986
0.0101555062
0.0103407997
0.0112212638
0.0124529915
0.0135133118
0.0131064804
0.0097518263
0.0033594170
-0.0039578695
-0.0092628175
-0.0109772509
-0.0097625144
-0.0074889088
-0.0056621947
-0.0045876882
-0.0036561764
-0.0020487423
0.0004344655
0.0027724922
0.0030953349
0.0002146968
-0.0047946055
-0.0086674806
-0.0085061014
-0.0047763914
-0.0010684736
-0.0006155894
-0.0033384031
-0.0062449564
-0.0059390096
-0.0010467626
0.0067801393
0.0138961484
0.0170853969
0.0154244730
0.0103394439
0.0039746860
-0.0021880377
-0.0075930668
-0.0122024979
-0.0161161406
-0.0192700253
-0.0214198821
-0.0223082267
-0.0217775411
-0.0197585372
-0.0163505689
-0.0116912174
-0.0058498599
0.0009629400
0.0081250051
0.0144758502
0.0187789461
0.0203755185
0.0195937332
0.0176021887
0.0157452000
0.0146472419
0.0137087067
0.0117843091
0.0083785729
0.0041533113
0.0000241351
-0.0037878705
-0.0075548406
-0.0110929876
-0.0136329884
-0.0146679038
-0.0143653578
-0.0130250204
-0.0110780866
-0.0094301580
-0.0091236439
-0.0101504978
-0.0109358395
-0.0098432713
-0.0070104366
-0.0041136337
-0.0023264949
-0.0012822901
-0.0001407463
0.0012833194
0.0027379547
0.0039087770
0.0043103879
0.0032166593
0.0004964516
-0.0027628841
-0.0048558953
-0.0047684980
-0.0027770007
0.0000172594
0.0025701288
0.0044087253
0.0057632978
0.0069949929
0.0077909996
0.0073135998
0.0050971618
0.0015267133
-0.0024849300
-0.0061643928
-0.0093490363
-0.0122472205
-0.0148277136
-0.0166336955
-0.0171998092
-0.0164829582
-0.0149752500
-0.0137130840
-0.0137531944
-0.0151742406
-0.0169518739
-0.0179429758
-0.0177236016
-0.0164006160
-0.0140590100
-0.0108560259
-0.0073585811
-0.0042881387
-0.0016814806
0.0014615730
0.0061456499
0.0119619982
0.0169929500
0.0193315342
0.0185535689
0.0157055672
0.0122879302
0.0095111739
0.0080288971
0.0079829838
0.0089505689
0.0101487103
0.0110175203
0.0113992362
0.0112423626
0.0103824680
0.0087314302
0.0066662415
0.0048243601
0.0031017511
0.0004060912
-0.0041247381
-0.0097376941
-0.0143960445
-0.0166499862
-0.0168422013
-0.0165012045
-0.0171773610
-0.0193916649
-0.0221719138
-0.0238440266
-0.0233934544
-0.0211364276
-0.0181081663
-0.0150530486
-0.0122655306
-0.0101840195
-0.0094874789
-0.0103194008
-0.0117063424
-0.0119374652
-0.0096411447
-0.0046724147
0.0016314337
0.0069743267
0.0094713705
0.0086954034
0.0058361241
0.0027101792
0.0007166322
0.0003133980
0.0010356080
0.0019214435
0.0024353602
0.0033729729
0.0062873555
0.0114957273
0.0168198986
0.0191639531
0.0173724076
0.0130269485
0.0086169005
0.0053987556
0.0030252776
0.0007322601
-0.0017451054
-0.0040732794
-0.0058980714
-0.0071845463
-0.0080196092
-0.0082369568
-0.0072577480
-0.0046129624
-0.0008094419
0.0024854975
0.0034974627
0.0019892742
-0.0004239879
-0.0016144467
-0.0006567367
0.0016897661
0.0038718160
0.0047453268
0.0043555242
0.0038764890
0.0046081727
0.0067653902
0.0092596458
0.0108327112
0.0113912648
0.0119242453
0.0131974221
0.0146723756
0.0151505643
0.0140955972
0.0122989916
0.0113703789
0.0124667815
0.0154584350
0.0189268210
0.0210416266
0.0207156538
0.0181685656
0.0145550797
0.0112825672
0.0094000296
0.0090723805
0.0092754321
0.0081395114
0.0044580798
-0.0008785788
-0.0054751222
-0.0073903702
-0.0065565689
-0.0044134581
-0.0026573816
-0.0023122323
-0.0036042928
-0.0061246459
-0.0089646911
-0.0112453250
-0.0130373975
-0.0153936695
-0.0190555406
-0.0232949634
-0.0264117033
-0.0274160941
-0.0269762202
-0.0265885091
-0.0269249959
-0.0271247833
-0.0257890598
-0.0226164483
-0.0186277526
-0.0147924341
-0.0109073367
-0.0060588919
0.0001790965
0.0070889844
0.0134899937
0.0186693583
0.0225599291
0.0251506734
0.0261311953
0.0253175171
0.0232637612
0.0210601651
0.0194477918
0.0182123071
0.0164723793
0.0135188260
0.0093354236
0.0044966960
-0.0001407947
-0.0037007721
-0.0054671509
-0.0051493009
-0.0032208836
-0.0005847930
0.0021932028
0.0049704348
0.0074078330
0.0086792682
0.0084379233
0.0075707025
0.0072058395
0.0071112025
0.0054534383
0.0004253817
-0.0077270646
-0.0164408815
-0.0228710349
-0.0261005385
-0.0271361701
-0.0270276891
-0.0257903849
-0.0234021923
-0.0207887261
-0.0189819757
-0.0178093559
-0.0161960794
-0.0136090781
-0.0106858425
-0.0083054453
-0.0064832802
-0.0042822933
-0.0008960081
0.0032716591
0.0069085875
0.0088761306
0.0088624674
0.0074525792
0.0056618905
0.0040875554
0.0024218135
-0.0000445187
-0.0033791699
-0.0065028647
-0.0080089875
-0.0071816058
-0.0042613077
-0.0002052594
0.0035482599
0.0056439688
0.0056942300
0.0046722613
0.0041985438
0.0052121717
0.0073064926
0.0092991399
0.0105652866
0.0113704852
0.0121395685
0.0125731805
0.0116182468
0.0083593199
0.0029914147
-0.0028293438
-0.0067609691
-0.0071372981
-0.0041204752
-0.0000003490
0.0020534946
0.0001616876
-0.0048891260
-0.0104988003
-0.0140310725
-0.0143369855
-0.0122667330
-0.0098360830
-0.0086735933
-0.0088620575
-0.0089729736
-0.0072876862
-0.0035082878
0.0006742416
0.0028179002
0.0018513015
-0.0010521084
-0.0033373432
-0.0031086307
-0.0002807467
0.0038215360
0.0075406079
0.0097119212
0.0098960980
0.0082059532
0.0049332434
0.0006305317
-0.0037949236
-0.0073062630
-0.0088380934
-0.0075044414
-0.0034402522
0.0011845608
0.0030169100
0.0000322547
-0.0066797248
-0.0136734516
-0.0173783822
-0.0159472843
-0.0099901781
-0.0020176722
0.0051228918
0.0096599830
0.0113222157
0.0105725266
0.0079587983
0.0041481598
0.0001829785
-0.0026313785
-0.0034307247
-0.0023954692
-0.0006004719
0.0008226189
0.0012894492
0.0007353928
-0.0003897498
-0.0011173188
-0.0004982696
0.0017258397
0.0049987716
0.0084085037
0.0110705234
0.0121021089
0.0106850691
0.0064502913
0.0000392757
-0.0070857431
-0.0134053485
-0.0179934369
-0.0207921585
-0.0224257890
-0.0234836768
-0.0236290810
-0.0218331741
-0.0178603836
-0.0130782992
-0.0094620653
-0.0077057774
-0.0067078783
-0.0046847600
-0.0006349517
0.0053357803
0.0121529504
0.0180549955
0.0212902838
0.0213629102
0.0193814948
0.0170902109
0.0154511241
0.0144220109
0.0137498732
0.0134536525
0.0134199840
0.0129717719
0.0113198574
0.0083204501
0.0045174222
0.0005890937
-0.0026800235
-0.0045240478
-0.0048547970
-0.0046697127
-0.0054408438
-0.0079165489
-0.0115867865
-0.0149679127
-0.0167454868
-0.0168948099
-0.0163969276
-0.0156304293
-0.0134542481
-0.0085108012
-0.0012717325
0.0055016796
0.0086846481
0.0073746600
0.0034962349
0.0000446245
-0.0011531333
-0.0001728932
0.0020069832
0.0045612125
0.0068850085
0.0084059928
0.0089930550
0.0093187738
0.0103696993
0.0124575444
0.0149747009
0.0170738995
0.0182641123
0.0183176219
0.0170237156
0.0145667001
0.0117967617
0.0096756828
0.0083130308
0.0070095935
0.0051659939
0.0026981695
-0.0004162346
-0.0045948706
-0.0101124131
-0.0162609874
-0.0210810799
-0.0225762850
-0.0201710965
-0.0151860418
-0.0100954547
-0.0070174615
-0.0066116138
-0.0078876950
-0.0090703228
-0.0088131252
-0.0069774919
-0.0041802294
-0.0008818100
0.0026165366
0.0056100961
0.0071424104
0.0068475838
0.0055329073
0.0047368523
0.0054675808
0.0074298567
0.0094717276
0.0106580079
0.0108605555
0.0102988038
0.0089623480
0.0069538328
0.0050201368
0.0041255828
0.0043268906
0.0045136992
0.0035865900
0.0016967850
0.0001416093
-0.0000476952
0.0009178283
0.0018280534
0.0016020030
-0.0000950633
-0.0033404723
-0.0084208184
-0.0155202719
-0.0236783887
-0.0304624079
-0.0332160085
-0.0312606785
-0.0266730982
-0.0225629790
-0.0205720699
-0.0201539965
-0.0199479603
-0.0191785679
-0.0174475919
-0.0139792791
-0.0080710388
-0.0003653504
0.0070043796
0.0120831532
0.0146486992
0.0159254073
0.0169726760
0.0177330763
0.0174415740
0.0158187268
0.0133597046
0.0107747696
0.0086735133
0.0076388221
0.0081190257
0.0100075120
0.0123861311
0.0141783193
0.0147079686
0.0138504444
0.0119739928
0.0098074880
0.0079930755
0.0065243554
0.0047399426
0.0022924248
-0.0000830459
-0.0012234590
-0.0010719235
-0.0011307833
-0.0031297368
-0.0072710224
-0.0115948118
-0.0133402346
-0.0112652776
-0.0067154943
-0.0024439214
-0.0003384053
-0.0002545599
-0.0007032191
-0.0002485572
0.0016859913
0.0048046652
0.0080686601
0.0099452544
0.0092416080
0.0061519486
0.0024063262
0.0001443211
0.0005830385
0.0034852089
0.0075828411
0.0112977794
0.0133286310
0.0130439079
0.0107629640
0.0075716881
0.0046093953
0.0024117015
0.0008216386
-0.0003270614
-0.0007803479
-0.0002111857
0.0011111819
0.0023504939
0.0027862171
0.0025294744
0.0024536956
0.0032984306
0.0049273469
0.0062884948
0.0063735960
0.0052806332
0.0041489100
0.0041358201
0.0055640974
0.0080054158
0.0106424339
0.0124042773
0.0123381674
0.0101338535
0.0063486881
0.0020126656
-0.0019604221
-0.0047265550
-0.0055241094
-0.0044141724
-0.0027005332
-0.0022340325
-0.0036101427
-0.0055674590
-0.0064528728
-0.0058951482
-0.0049148080
-0.0044357466
-0.0042770160
-0.0038304694
-0.0033427878
-0.0039330762
-0.0063414848
-0.0099475139
-0.0131221533
-0.0144263370
-0.0133135681
-0.0100010365
-0.0051930871
-0.0000754372
0.0039033089
0.0055941359
0.0049249764
0.0032366264
0.0025763279
0.0041536633
0.0074954879
0.0110439312
0.0135511230
0.0146413141
0.0143418830
0.0130474819
0.0117309564
0.0111555263
0.0110393301
0.0105374261
0.0093627541
0.0078467111
0.0062365207
0.0042969421
0.0020408283
0.0004474087
0.0006285105
0.0022328007
0.0032753643
0.0019032184
-0.0018072253
-0.0061476458
-0.0094355585
-0.0112113272
-0.0122910720
-0.0138541022
-0.0162120159
-0.0181687675
-0.0181520032
-0.0161876007
-0.0143557855
-0.0148043712
-0.0173320315
-0.0195268532
-0.0192375617
-0.0166325390
-0.0137065064
-0.0120195984
-0.0113172934
-0.0102144156
-0.0076449072
-0.0036497568
0.0007923252
0.0045792121
0.0073848641
0.0099172310
0.0133364137
0.0179556335
0.0225310472
0.0251931809
0.0249890260
0.0225083138
0.0192045207
0.0162573467
0.0138930160
0.0113864976
0.0076344775
0.0020580339
-0.0045653825
-0.0105015477
-0.0142733560
-0.0154348388
-0.0146263654
-0.0133008685
-0.0131105481
-0.0148236617
-0.0177403366
-0.0203614271
-0.0215185417
-0.0208746638
-0.0184045356
-0.0139523159
-0.0078377865
-0.0016074518
0.0029101029
0.0053323281
0.0068809995
0.0087235099
0.0107781846
0.0124541274
0.0135458543
0.0140067089
0.0135588796
0.0118947111
0.0090499885
0.0053117450
0.0010198363
-0.0032066229
-0.0065857531
-0.0086553020
-0.0094354603
-0.0090077946
-0.0075255000
-0.0059486785
-0.0060568005
-0.0089801154
-0.0139459013
-0.0187679625
-0.0216930070
-0.0222374794
-0.0204241183
-0.0158456313
-0.0083487420
0.0006119653
0.0083040912
0.0128010001
0.0143867637
0.0146931095
0.0148290556
0.0147023528
0.0138501249
0.0124155422
0.0112299720
0.0109946577
0.0116076573
0.0122114961
0.0120547446
0.0112258623
0.0104000077
0.0099279022
0.0092957252
0.0076328793
0.0045767004
0.0006084260
-0.0034024291
-0.0068315798
-0.0094482364
-0.0111203239
-0.0117221375
-0.0114734931
-0.0109982914
-0.0107413784
-0.0104505524
-0.0093299247
-0.0067010782
-0.0025335971
0.0024107939
0.0068601819
0.0094167591
0.0093286630
0.0072682690
0.0048882389
0.0031772816
0.0015416230
-0.0011113946
-0.0046859004
-0.0077047116
-0.0086785915
-0.0073567914
-0.0047198745
-0.0019930012
0.0003036730
0.0024263345
0.0047146668
0.0070061768
0.0087875976
0.0097732862
0.0099530990
0.0090602035
0.0066380880
0.0031731316
0.0003992315
-0.0004420221
-0.0004434342
-0.0021508975
-0.0068177358
-0.0129665471
-0.0177155756
-0.0190630968
-0.0169859969
-0.0128645748
-0.0083278549
-0.0046921025
-0.0027442401
-0.0023417955
-0.0021415404
-0.0003644793
0.0038396137
0.0094739929
0.0142492075
0.0165121105
0.0165638878
0.0160474063
0.0162239575
0.0170455834
0.0174301389
0.0163435444
0.0138699183
0.0112504240
0.0094461702
0.0077298751
0.0044524901
-0.0009905741
-0.0071456355
-0.0115313736
-0.0124757277
-0.0097836984
-0.0044931077
0.0014892987
0.0061815080
0.0085747863
0.0091103820
0.0091569147
0.0100548557
0.0122613011
0.0150615557
0.0171513386
0.0176546931
0.0163824813
0.0134955133
0.0093327273
0.0045295910
0.0000406889
-0.0031788807
-0.0046245717
-0.0048235060
-0.0050625214
-0.0065518351
-0.0099275103
-0.0152263641
-0.0218081098
-0.0282264680
-0.0328118515
-0.0348257009
-0.0346489946
-0.0328467956
-0.0292979298
-0.0234354890
-0.0153918099
-0.0065734766
0.0014760010
0.0085044520
0.0153918266
0.0226578880
0.0291944832
0.0329065263
0.0325607244
0.0287209310
0.0227779416
0.0156450597
0.0076747598
-0.0006424173
-0.0085256892
-0.0155474892
-0.0216005647
-0.0261428979
-0.0284143466
-0.0282770769
-0.0264548258
-0.0240709131
-0.0223256873
-0.0217171128
-0.0214092515
-0.0200216513
-0.0174587252
-0.0155118848
-0.0161126039
-0.0191711829
-0.0222420062
-0.0225914026
-0.0197884604
-0.0163173056
-0.0154572487
-0.0182602388
-0.0225116160
-0.0242623700
-0.0205342459
-0.0115744843
-0.0008331935
0.0078341186
0.0131332796
0.0167819078
0.0211425802
0.0265755806
0.0314116281
0.0338627255
0.0336395696
0.0318565988
0.0297954703
0.0280579199
0.0264439460
0.0241156809
0.0197709033
0.0123235101
0.0020362088
-0.0091587585
-0.0184779660
-0.0240208115
-0.0259600025
-0.0261957833
-0.0265989142
-0.0278473712
-0.0294582038
-0.0303636375
-0.0298137818
-0.0280685098
-0.0260252310
-0.0240051902
-0.0211758105
-0.0164966269
-0.0100346386
-0.0033261938
0.0017495222
0.0043747005
0.0052283415
0.0059133333
0.0079475699
0.0119233925
0.0172361097
0.0227775838
0.0277406335
0.0315736244
0.0334382757
0.0323664351
0.0282300074
0.0222730193
0.0163012993
0.0113508794
0.0071763558
0.0027766217
-0.0026449734
-0.0092383807
-0.0164363277
-0.0231297349
-0.0279647479
-0.0302385691
-0.0303779838
-0.0292866716
-0.0273993879
-0.0245762239
-0.0205208401
-0.0150051977
-0.0080437210
-0.0002774740
0.0070262420
0.0126965207
0.0166157013
0.0198065959
0.0233659497
0.0273059514
0.0306044343
0.0320604988
0.0309602690
0.0270388416
0.0205377839
0.0127330336
0.0057852158
0.0010398619
-0.0022827141
-0.0060166286
-0.0107304656
-0.0152321553
-0.0181084812
-0.0184967010
-0.0156759179
-0.0095419087
-0.0019112273
0.0039173233
0.0055132912
0.0031324290
-0.0009088057
-0.0039620970
-0.0042917387
-0.0017619228
0.0021319223
0.0050898059
0.0055479046
0.0038786947
0.0015819203
-0.0002791017
-0.0015883632
-0.0024785790
-0.0028951480
-0.0029013424
-0.0029836386
-0.0039045887
-0.0062052393
-0.0097457070
-0.0136286549
-0.0165905905
-0.0176900124
-0.0173666984
-0.0174774055
-0.0194892153
-0.0227458416
-0.0251112763
-0.0251567339
-0.0231984371
-0.0204508903
-0.0177562257
-0.0151905761
-0.0126827467
-0.0104568183
-0.0086321273
-0.0068152978
-0.0041231472
0.0004933858
0.0073798574
0.0155232847
0.0230408091
0.0283492540
0.0307748542
0.0306313745
0.0288359161
0.0259709827
0.0219897952
0.0169094728
0.0112795288
0.0058248197
0.0011758617
-0.0019817647
-0.0032000701
-0.0028490583
-0.0020107894
-0.0014325638
-0.0010633347
-0.0006839622
-0.0004013433
-0.0003286146
-0.0001087380
0.0011478143
0.0041594957
0.0086066162
0.0132891636
0.0169547037
0.0187782621
0.0183666718
0.0159502379
0.0125571906
0.0093953126
0.0070356279
0.0048967009
0.0015964533
-0.0037015729
-0.0101576872
-0.0154508091
-0.0175381972
-0.0166510830
-0.0152143568
-0.0154173059
-0.0169574200
-0.0176938524
-0.0163281332
-0.0140020413
-0.0130528882
-0.0144681504
-0.0168670926
-0.0176683708
-0.0155549106
-0.0119977136
-0.0100414823
-0.0113382253
-0.0144324984
-0.0160881795
-0.0142935737
-0.0096400201
-0.0039305977
0.0014892171
0.0058682500
0.0085687677
0.0093361707
0.0090046608
0.0091427253
0.0107675619
0.0136533751
0.0167978354
0.0194557685
0.0215189316
0.0230074987
0.0238195202
0.0241010988
0.0241839071
0.0238148552
0.0220117801
0.0179795815
0.0119478985
0.0048499070
-0.0023744177
-0.0089853883
-0.0140685614
-0.0166211443
-0.0163412467
-0.0141705308
-0.0119851162
-0.0115815827
-0.0135257359
-0.0165545695
-0.0184560190
-0.0177757351
-0.0149449819
-0.0116044289
-0.0091184427
-0.0078043635
-0.0073203965
-0.0072132563
-0.0069866659
-0.0059320696
-0.0033187021
0.0008599459
0.0056003957
0.0095224327
0.0116992737
0.0120353499
0.0113042860
0.0110291988
0.0126629983
0.0161909388
0.0194343596
0.0191441692
0.0136162819
0.0045430380
-0.0036651865
-0.0072744704
-0.0059649110
-0.0025856342
-0.0003620121
-0.0005816802
-0.0024726277
-0.0045620831
-0.0060153664
-0.0067457318
-0.0066737305
-0.0053520659
-0.0024637329
0.0012992615
0.0044803738
0.0058955309
0.0053915248
0.0037501007
0.0021823541
0.0016206671
0.0019417592
0.0019100247
-0.0001159322
-0.0050027654
-0.0120046988
-0.0190875856
-0.0241194493
-0.0261069566
-0.0254211250
-0.0231257555
-0.0202932695
-0.0177064410
-0.0158656613
-0.0151518704
-0.0156891442
-0.0168317467
-0.0171637930
-0.0154008395
-0.0118985149
-0.0089475966
-0.0087888443
-0.0113051724
-0.0140604359
-0.0148333754
-0.0135505683
-0.0117611166
-0.0106805279
-0.0099549575
-0.0082498060
-0.0045135823
0.0012133962
0.0077914088
0.0137229452
0.0180652133
0.0206875225
0.0219404943
0.0222255643
0.0220761142
0.0222122216
0.0230754708
0.0243625018
0.0255239694
0.0267168251
0.0288761619
0.0324527747
0.0361351932
0.0372517845
0.0336038364
0.0249540078
0.0131584741
0.0012402312
-0.0078981962
-0.0131116347
-0.0157483941
-0.0184284439
-0.0226835066
-0.0274594741
-0.0300312503
-0.0284012658
-0.0226126554
-0.0144487232
-0.0062092885
0.0003263901
0.0041278738
0.0047529576
0.0025845754
-0.0007133813
-0.0026997421
-0.0017374288
0.0017629562
0.0058313928
0.0087244663
0.0099781819
0.0099218793
0.0086637172
0.0060367299
0.0024120054
-0.0008420703
-0.0019992440
-0.0001622487
0.0040702191
0.0086052509
0.0107537435
0.0091542659
0.0050215073
0.0012080053
-0.0005381014
-0.0008677819
-0.0013301260
-0.0023867185
-0.0034023638
-0.0037759542
-0.0033453715
-0.0021090015
-0.0003726013
0.0011001463
0.0015551075
0.0009656084
-0.0000983605
-0.0011541083
-0.0019359854
-0.0022519235
-0.0021085168
-0.0020099030
-0.0025366534
-0.0036305384
-0.0046174391
-0.0049718241
-0.0044695197
-0.0028572912
0.0001403127
0.0042777798
0.0084772302
0.0114067522
0.0126450700
0.0129256057
0.0129749673
0.0125209247
0.0106956978
0.0071660244
0.0027816675
-0.0011422534
-0.0038507518
-0.0054272386
-0.0064212165
-0.0074587606
-0.0085981809
-0.0090463535
-0.0076583606
-0.0038467761
0.0019404876
0.0086068237
0.0149065722
0.0195631968
0.0216441998
0.0213348755
0.0201420103
0.0199429947
0.0214460391
0.0238520238
0.0258641862
0.0266272105
0.0259548835
0.0240647397
0.0214581734
0.0188191020
0.0165353331
0.0142246250
0.0111531269
0.0071745731
0.0030223819
-0.0002810088
-0.0020730603
-0.0024608690
-0.0026272305
-0.0043123622
-0.0082580920
-0.0130853459
-0.0163710136
-0.0171138759
-0.0164276441
-0.0157392967
-0.0155053096
-0.0158778565
-0.0173493131
-0.0200497116
-0.0230941605
-0.0254715639
-0.0271072438
-0.0283875148
-0.0290046681
-0.0279735623
-0.0249359887
-0.0208588822
-0.0170066123
-0.0134977422
-0.0093439228
-0.0039139929
0.0020167920
0.0069302952
0.0099633572
0.0113690140
0.0119419807
0.0122858537
0.0125828498
0.0125217840
0.0116817053
0.0103034000
0.0095039786
0.0104290251
0.0129799205
0.0158652613
0.0177809659
0.0184999371
0.0185166634
0.0175065082
0.0138345976
0.0062482063
-0.0038390187
-0.0124288649
-0.0156208521
-0.0125042829
-0.0057233210
0.0007970941
0.0045735488
0.0052962275
0.0040118448
0.0021942778
0.0011370522
0.0015118617
0.0033700344
0.0062972608
0.0094142006
0.0115018296
0.0116626329
0.0099439407
0.0072537279
0.0046105144
0.0024596884
0.0007205037
-0.0009056110
-0.0027580333
-0.0049366017
-0.0071825548
-0.0092196790
-0.0111963883
-0.0135661420
-0.0164844059
-0.0194713456
-0.0214844751
-0.0217712012
-0.0208906383
-0.0201633136
-0.0197975972
-0.0181600240
-0.0135333322
-0.0061404255
0.0020650830
0.0092286862
0.0148053763
0.0191512306
0.0225241240
0.0243128497
0.0232162888
0.0184050414
0.0106610775
0.0022901427
-0.0042384421
-0.0075973987
-0.0080345692
-0.0070484294
-0.0065262555
-0.0076107940
-0.0101108140
-0.0127891088
-0.0141057409
-0.0129967716
-0.0093592180
-0.0040981189
0.0013515193
0.0057493585
0.0085861782
0.0100119749
0.0105691786
0.0108458208
0.0111520756
0.0111417235
0.0099419085
0.0069022372
0.0026037157
-0.0010562130
-0.0025793920
-0.0025207636
-0.0027955531
-0.0045460980
-0.0074526297
-0.0107532581
-0.0138109432
-0.0155526586
-0.0149088229
-0.0121816175
-0.0091705390
-0.0076465192
-0.0079100778
-0.0088905234
-0.0095109404
-0.0097994574
-0.0106689725
-0.0125256143
-0.0145374797
-0.0153025876
-0.0140288007
-0.0111564787
-0.0080407011
-0.0059439707
-0.0046745802
-0.0023934827
0.0027265674
0.0106752880
0.0195237455
0.0268671287
0.0312143997
0.0322625508
0.0305135579
0.0268003199
0.0221892634
0.0179993002
0.0156300380
0.0159556573
0.0182785977
0.0200801345
0.0187108682
0.0135452060
0.0063590520
-0.0002238681
-0.0042194760
-0.0048216866
-0.0023311620
0.0019909326
0.0063457404
0.0093728569
0.0108193440
0.0113542691
0.0117734902
0.0122245875
0.0122207897
0.0112049426
0.0090917028
0.0064679948
0.0042193105
0.0028995561
0.0023538186
0.0018973190
0.0008811554
-0.0007893111
-0.0024509104
-0.0029612848
-0.0015216317
0.0018091982
0.0064347371
0.0116953712
0.0169010292
0.0212151757
0.0238838471
0.0246550485
0.0240054524
0.0227622996
0.0215747712
0.0204659200
0.0189603595
0.0167097036
0.0141155868
0.0122658197
0.0121715746
0.0140861709
0.0175050290
0.0212913927
0.0238760089
0.0242439918
0.0228100912
0.0210427360
0.0199889828
0.0189964195
0.0161015159
0.0100262747
0.0016495458
-0.0063298117
-0.0112961044
-0.0122169505
-0.0098844008
-0.0063898380
-0.0038688720
-0.0032079740
-0.0039285168
-0.0052381357
-0.0070462171
-0.0100589770
-0.0149300472
-0.0210722538
-0.0261530473
-0.0271776969
-0.0224634700
-0.0129745685
-0.0019087717
0.0072165302
0.0125571505
0.0145690695
0.0150508514
0.0154099668
0.0158687966
0.0159052363
0.0149420342
0.0124756368
0.0079920959
0.0012080267
-0.0070435269
-0.0141239250
-0.0169847975
-0.0148574198
-0.0103491211
-0.0075469217
-0.0086940236
-0.0126764246
-0.0163700814
-0.0172781967
-0.0150702237
-0.0112073561
-0.0077237369
-0.0062071877
-0.0068951497
-0.0082777123
-0.0083357440
-0.0063686800
-0.0034241139
-0.0010564434
0.0001270983
0.0005745147
0.0012789824
0.0031526478
0.0063903657
0.0101024691
0.0127465720
0.0132946998
0.0120326341
0.0101291109
0.0087194747
0.0082997026
0.0086214261
0.0088978712
0.0082703020
0.0063909833
0.0037957192
0.0015705972
0.0004283512
0.0001736315
0.0000728166
-0.0000261465
0.0008231633
0.0038111681
0.0091321852
0.0155695430
0.0212859028
0.0248308043
0.0256026648
0.0235294624
0.0187612581
0.0118859761
0.0041709096
-0.0028074152
-0.0077489926
-0.0104861435
-0.0119915275
-0.0132947990
-0.0144127174
-0.0146327620
-0.0135405966
-0.0114274846
-0.0088416992
-0.0061372215
-0.0036948080
-0.0022541136
-0.0024832541
-0.0040845389
-0.0060028607
-0.0073543662
-0.0076548706
-0.0066394828
-0.0047726090
-0.0035267129
-0.0042862171
-0.0067556030
-0.0090563301
-0.0095887092
-0.0085862532
-0.0076798396
-0.0082868768
-0.0103716642
-0.0123017473
-0.0116992290
-0.0071585607
0.0003066124
0.0078409114
0.0130478817
0.0155177417
0.0162554368
0.0162394323
0.0158436321
0.0151783462
0.0145931779
0.0146116555
0.0155558583
0.0172399025
0.0192368804
0.0214036981
0.0241316239
0.0279013039
0.0321705593
0.0350328984
0.0345286652
0.0305161057
0.0250310853
0.0206165219
0.0184407151
0.0179005124
0.0174531129
0.0156227758
0.0118635479
0.0070613503
0.0032191578
0.0023876580
0.0054226177
0.0112655555
0.0175472773
0.0219132383
0.0229636545
0.0204958597
0.0154543256
0.0096447888
0.0049624089
0.0023251086
0.0010325078
-0.0006916009
-0.0039839220
-0.0080945179
-0.0106762789
-0.0095984306
-0.0048447053
0.0014037470
0.0067697878
0.0107765587
0.0143780553
0.0176636143
0.0189950697
0.0165132830
0.0098032443
0.0003976337
-0.0089927488
-0.0159101121
-0.0192875402
-0.0195946544
-0.0183598240
-0.0176776447
-0.0193198293
-0.0235513192
-0.0288752352
-0.0329305623
-0.0338532317
-0.0314245375
-0.0273887144
-0.0244631794
-0.0246524154
-0.0282726450
-0.0340742829
-0.0398920745
-0.0433094595
-0.0424464748
-0.0367149052
-0.0270711202
-0.0156497268
-0.0049553989
0.0033187009
0.0091492343
0.0138334591
0.0188029222
0.0246705377
0.0306831000
0.0349948154
0.0362207146
0.0347350693
0.0323652828
0.0310897687
0.0322267420
0.0364409261
0.0435512449
0.0518491570
0.0582318570
0.0599628946
0.0567500339
0.0506406095
0.0438882662
0.0374350718
0.0316386380
0.0273090863
0.0252566683
0.0251250125
0.0252027370
0.0237183818
0.0203193959
0.0162022078
0.0128211131
0.0106371276
0.0090030836
0.0070945999
0.0048169153
0.0028516151
0.0019449380
0.0020658774
0.0022162532
0.0015157407
0.0002590204
-0.0004740942
-0.0003279754
-0.0003225696
-0.0018534145
-0.0052666154
-0.0096346627
-0.0135456873
-0.0158129351
-0.0159322785
-0.0144416242
-0.0127429762
-0.0120455031
-0.0125829781
-0.0137447227
-0.0148643676
-0.0156320526
-0.0157687643
-0.0150219257
-0.0135609526
-0.0122650328
-0.0122414770
-0.0140460001
-0.0177258408
-0.0231100981
-0.0297165488
-0.0365622411
-0.0426212264
-0.0475727650
-0.0518993637
-0.0559341420
-0.0589447346
-0.0594532877
-0.0561953172
-0.0487443979
-0.0377787433
-0.0253840221
-0.0145683867
-0.0072658220
-0.0030844235
-0.0001869297
0.0028623535
0.0061130520
0.0086712497
0.0097821961
0.0096269991
0.0092995819
0.0101231208
0.0127531364
0.0168640121
0.0215321849
0.0257927487
0.0284587227
0.0282097404
0.0246067055
0.0189085208
0.0133366218
0.0094989099
0.0075575860
0.0065551040
0.0052301914
0.0029248163
-0.0000247082
-0.0031787078
-0.0070046029
-0.0122378107
-0.0183102669
-0.0229495154
-0.0236298264
-0.0194310059
-0.0113456599
-0.0013609799
0.0087726785
0.0180937814
0.0260812698
0.0322198150
0.0361424952
0.0382832007
0.0395437813
0.0402062825
0.0398203227
0.0381893072
0.0357927030
0.0330488275
0.0298647809
0.0263872781
0.0234252771
0.0216407295
0.0205990257
0.0192915275
0.0174791865
0.0161141079
0.0163637185
0.0180133549
0.0190214861
0.0168669225
0.0107948047
0.0028152260
-0.0037450868
-0.0068740516
-0.0070548027
-0.0064070367
-0.0067483595
-0.0084820418
-0.0109908369
-0.0134435766
-0.0152755115
-0.0165292100
-0.0180760275
-0.0209326948
-0.0249765217
-0.0283395196
-0.0285691821
-0.0244653140
-0.0171074035
-0.0090016800
-0.0021957130
0.0027267367
0.0061745992
0.0086067781
0.0099288560
0.0094585136
0.0066019434
0.0019577663
-0.0025350264
-0.0050530101
-0.0053900212
-0.0048488390
-0.0044929926
-0.0038311669
-0.0013653027
0.0034149851
0.0091232766
0.0136667512
0.0161348525
0.0170514994
0.0168348102
0.0148553567
0.0105011816
0.0045595936
-0.0010129745
-0.0046664936
-0.0063342012
-0.0072650729
-0.0090993321
-0.0126950921
-0.0176856457
-0.0230754543
-0.0279910877
-0.0318217218
-0.0341074049
-0.0346026423
-0.0336218876
-0.0324148028
-0.0326648477
-0.0350601275
-0.0385725192
-0.0411043030
-0.0410269980
-0.0382807021
-0.0343565144
-0.0308196682
-0.0279733246
-0.0252115060
-0.0223309412
-0.0200015674
-0.0188637231
-0.0184673789
-0.0173540435
-0.0141109866
-0.0083730245
-0.0009703922
0.0066804530
0.0130792858
0.0170538546
0.0179697245
0.0159872002
0.0118175852
0.0064717908
0.0012279388
-0.0023369917
-0.0028846416
-0.0003475709
0.0032669438
0.0046324852
0.0014117861
-0.0058744372
-0.0141764091
-0.0203247840
-0.0231810100
-0.0235443524
-0.0228590850
-0.0221886105
-0.0217247541
-0.0211147429
-0.0202598738
-0.0194331426
-0.0185112086
-0.0166422243
-0.0132255103
-0.0089781658
-0.0056382378
-0.0042649932
-0.0038378458
-0.0017294381
0.0041715329
0.0135396588
0.0238682767
0.0328921743
0.0403407445
0.0476947732
0.0565295234
0.0668929452
0.0770281331
0.0843646452
0.0872000340
0.0856242286
0.0809324984
0.0748098343
0.0689399641
0.0644301446
0.0609578293
0.0572721234
0.0530203762
0.0493262441
0.0472739084
0.0465797079
0.0461667113
0.0453864949
0.0442916946
0.0431059466
0.0418231562
0.0401774247
0.0375432816
0.0331396448
0.0266490206
0.0186720730
0.0101767165
0.0018243891
-0.0058560902
-0.0118891712
-0.0151524262
-0.0154025797
-0.0135299747
-0.0107478378
-0.0078479006
-0.0051335077
-0.0028242549
-0.0013165367
-0.0011992348
-0.0028770405
-0.0059296371
-0.0087746530
-0.0093551091
-0.0064233268
-0.0003690589
0.0071423972
0.0141528250
0.0192392528
0.0218230698
0.0217751237
0.0189046608
0.0128354952
0.0034681662
-0.0081922893
-0.0200003445
-0.0299260763
-0.0373692189
-0.0433592587
-0.0491686883
-0.0549608064
-0.0603841648
-0.0661119242
-0.0734641759
-0.0823208638
-0.0901636390
-0.0939931695
-0.0929396390
-0.0886465961
-0.0835585005
-0.0790805645
-0.0752487646
-0.0715980428
-0.0679390852
-0.0643651747
-0.0606275857
-0.0557327857
-0.0481535694
-0.0371201022
-0.0237482544
-0.0106935813
-0.0005796569
0.0056257892
0.0091506386
0.0127077774
0.0187551187
0.0279059979
0.0387037459
0.0486953822
0.0559926216
0.0604029044
0.0634048194
0.0669374279
0.0719957788
0.0779860912
0.0832561196
0.0864686699
0.0874663318
0.0866521262
0.0838831897
0.0785795688
0.0707809381
0.0613501939
0.0511745714
0.0408230313
0.0309408664
0.0222421220
0.0150277781
0.0091580493
0.0046833832
0.0022605226
0.0024699442
0.0050439477
0.0090192199
0.0133807752
0.0174210112
0.0206540230
0.0225219151
0.0225275209
0.0207088775
0.0178004423
0.0145888338
0.0113006456
0.0076307284
0.0034887542
-0.0006122495
-0.0040011141
-0.0066008366
-0.0090491765
-0.0120321675
-0.0158268834
-0.0205578495
-0.0261699240
-0.0321198771
-0.0370539209
-0.0395230018
-0.0392624746
-0.0373691587
-0.0349652462
-0.0322192083
-0.0288071868
-0.0248537986
-0.0209679510
-0.0173520243
-0.0135070713
-0.0087615139
-0.0033114908
0.0012256325
0.0025939943
-0.0001697807
-0.0053701444
-0.0094543788
-0.0094269344
-0.0046933142
0.0029043893
0.0107127184
0.0169743053
0.0210579276
0.0228134204
0.0221440206
0.0192734596
0.0147710528
0.0089312745
0.0014234422
-0.0081053726
-0.0187660130
-0.0283260453
-0.0350301075
-0.0392824803
-0.0428185292
-0.0466469125
-0.0502054121
-0.0523033770
-0.0526728234
-0.0524940451
-0.0535046056
-0.0565489690
-0.0610302504
-0.0655907800
-0.0690973052
-0.0709852426
-0.0704888205
-0.0664270732
-0.0579668472
-0.0455687273
-0.0309891802
-0.0165876955
-0.0044804886
0.0043092184
0.0099237700
0.0128308514
0.0130048805
0.0099404832
0.0037178284
-0.0042613226
-0.0117472460
-0.0167624895
-0.0187437969
-0.0185790603
-0.0176644952
-0.0170849489
-0.0171771620
-0.0177308733
-0.0186022390
-0.0200219778
-0.0219025573
-0.0233739395
-0.0236548063
-0.0232732500
-0.0238663662
-0.0266575346
-0.0313413142
-0.0365887425
-0.0408966413
-0.0428739342
-0.0413378997
-0.0357670870
-0.0265536477
-0.0150673338
-0.0033902980
0.0063186494
0.0128106174
0.0166246278
0.0199266100
0.0249090926
0.0316436635
0.0376324257
0.0399261662
0.0378232457
0.0335363962
0.0304955494
0.0308520345
0.0341971969
0.0384305310
0.0418786525
0.0447218107
0.0483884463
0.0536505143
0.0596205578
0.0647521994
0.0683725914
0.0707173203
0.0719193949
0.0717390530
0.0704024554
0.0689778794
0.0684760815
0.0689101507
0.0696019091
0.0700340110
0.0698906057
0.0684673916
0.0649291312
0.0592341019
0.0519983758
0.0435341514
0.0339261398
0.0238435001
0.0141710655
0.0051412279
-0.0036226483
-0.0120986018
-0.0191349040
-0.0231852258
-0.0235488426
-0.0210801417
-0.0179167216
-0.0165004368
-0.0182786217
-0.0226532593
-0.0273475045
-0.0300909666
-0.0299418132
-0.0270602632
-0.0220976551
-0.0160261208
-0.0099207368
-0.0042113136
0.0015480073
0.0081188427
0.0153058309
0.0214635052
0.0248371212
0.0253711355
0.0253175876
0.0277180815
0.0339661102
0.0424251253
0.0497429168
0.0537487740
0.0546902002
0.0538499653
0.0518746503
0.0488705334
0.0453889150
0.0427985132
0.0424772644
0.0446748472
0.0476660100
0.0488011804
0.0468840102
0.0434305993
0.0411313957
0.0414746313
0.0439705528
0.0469786478
0.0489351950
0.0490237147
0.0474573895
0.0452997028
0.0436854936
0.0427222437
0.0413770033
0.0386919069
0.0348846927
0.0311474300
0.0284048731
0.0266315243
0.0251110398
0.0232128401
0.0207621710
0.0178514861
0.0142277776
0.0090844518
0.0015259808
-0.0084360461
-0.0191669682
-0.0281620905
-0.0339415225
-0.0370518379
-0.0391661145
-0.0416330537
-0.0449812356
-0.0492497968
-0.0542932677
-0.0597260273
-0.0646528519
-0.0675706867
-0.0670380161
-0.0627085987
-0.0557129970
-0.0477788765
-0.0397851313
-0.0314718233
-0.0228052905
-0.0153221332
-0.0114329772
-0.0125453822
-0.0179477263
-0.0255962818
-0.0338565869
-0.0421854717
-0.0504219516
-0.0579995308
-0.0643844947
-0.0695771891
-0.0739660551
-0.0776359106
-0.0800350138
-0.0802666637
-0.0779569107
-0.0738794145
-0.0697419441
-0.0672991666
-0.0673682401
-0.0693316228
-0.0716184006
-0.0723508879
-0.0698370951
-0.0633896391
-0.0541623173
-0.0446348701
-0.0367247879
-0.0306304420
-0.0253709127
-0.0200274745
-0.0141800586
-0.0077850538
-0.0010363125
0.0052133616
0.0094131831
0.0102181366
0.0079391390
0.0047455907
0.0033734440
0.0053996799
0.0102805865
0.0158214953
0.0195750867
0.0202243761
0.0182206095
0.0153613017
0.0132638266
0.0121589049
0.0113496293
0.0107355452
0.0110491876
0.0123097272
0.0130398743
0.0116261794
0.0080392500
0.0038191417
0.0003917522
-0.0018330860
-0.0031462280
-0.0038720504
-0.0042320970
-0.0043639200
-0.0041729046
-0.0032031808
-0.0009208731
0.0028513518
0.0079427394
0.0140134059
0.0205238741
0.0266643296
0.0316569008
0.0351991721
0.0372223406
0.0369841744
0.0328304616
0.0234439442
0.0096290612
-0.0055361615
-0.0186356427
-0.0277171317
-0.0328248093
-0.0352312833
-0.0361350377
-0.0357598997
-0.0338519859
-0.0310369865
-0.0290598260
-0.0292385315
-0.0310841399
-0.0328919374
-0.0334179665
-0.0327443177
-0.0315550619
-0.0302622609
-0.0290448210
-0.0280510435
-0.0270179593
-0.0250786294
-0.0215081757
-0.0165331887
-0.0110357846
-0.0056812251
-0.0007189345
0.0035335623
0.0066256623
0.0084357251
0.0094975392
0.0106300756
0.0122106880
0.0139196180
0.0152294329
0.0159215281
0.0161620555
0.0162651512
0.0165926577
0.0171317049
0.0168823647
0.0141439252
0.0075065572
-0.0034426982
-0.0179133947
-0.0340075801
-0.0495397231
-0.0630755150
-0.0743222207
-0.0837392077
-0.0918096751
-0.0988351231
-0.1053122796
-0.1118104781
-0.1183293816
-0.1239328644
-0.1271467489
-0.1267885808
-0.1222708894
-0.1135250095
-0.1011356767
-0.0865382514
-0.0712938804
-0.0561417569
-0.0410737545
-0.0261449642
-0.0116948907
0.0025293525
0.0177310235
0.0347043053
0.0520961468
0.0670067054
0.0774614632
0.0840286948
0.0888528031
0.0934085555
0.0976152225
0.1009905864
0.1039836434
0.1075368191
0.1116407087
0.1152977807
0.1179892919
0.1203667852
0.1232485905
0.1265780437
0.1295318920
0.1311277269
0.1308671717
0.1290790247
0.1266176761
0.1240087505
0.1210313036
0.1171885940
0.1124969678
0.1076221326
0.1033227788
0.1000739677
0.0981168148
0.0975273147
0.0980792913
0.0991780149
0.1002899398
0.1012623458
0.1023129239
0.1036171838
0.1049826831
0.1058408346
0.1057058934
0.1045943621
0.1029464405
0.1011891666
0.0994901977
0.0978090339
0.0956328078
0.0918308236
0.0852138066
0.0754719437
0.0634825535
0.0508383607
0.0390914358
0.0290469631
0.0206785047
0.0134085112
0.0065284968
-0.0004706465
-0.0072068769
-0.0121388556
-0.0133421282
-0.0101713929
-0.0044906155
0.0003888735
0.0025266364
0.0027195634
0.0030454805
0.0048022964
0.0076681765
0.0101645895
0.0109523359
0.0102208828
0.0096470748
0.0105254151
0.0120875603
0.0122315006
0.0100016558
0.0068664340
0.0050728569
0.0048847395
0.0040371898
0.0003706729
-0.0057197759
-0.0119149327
-0.0167922410
-0.0215284336
-0.0284590869
-0.0384930220
-0.0502383800
-0.0614638818
-0.0708906982
-0.0784681788
-0.0844626551
-0.0889378044
-0.0919056557
-0.0935228297
-0.0939895672
-0.0932935691
-0.0912165955
-0.0880236139
-0.0848631116
-0.0831328326
-0.0830927008
-0.0835845728
-0.0833529281
-0.0827496694
-0.0832453371
-0.0854714972
-0.0886488365
-0.0916948999
-0.0943818609
-0.0972113587
-0.1005115302
-0.1038290856
-0.1058950126
-0.1054882209
-0.1025154824
-0.0983078550
-0.0946426664
-0.0922385742
-0.0904295468
-0.0883774598
-0.0863067046
-0.0852022158
-0.0854205969
-0.0860284804
-0.0852470640
-0.0815630333
-0.0743975114
-0.0642759805
-0.0526602234
-0.0413024768
-0.0314136657
-0.0232209828
-0.0160417373
-0.0087604989
-0.0002140813
0.0100244188
0.0208913134
0.0304723007
0.0375127193
0.0423117874
0.0461154705
0.0499184950
0.0538635750
0.0573872317
0.0599480814
0.0613455223
0.0612408181
0.0586788096
0.0527148763
0.0433217638
0.0316021869
0.0194737704
0.0085323038
-0.0009093392
-0.0097281372
-0.0187353849
-0.0272863664
-0.0337482278
-0.0370273866
-0.0374367268
-0.0360002414
-0.0332528464
-0.0288985661
-0.0224674166
-0.0139880995
-0.0040471687
0.0062219473
0.0154478380
0.0227540404
0.0282800126
0.0327623448
0.0369707233
0.0414506288
0.0461419394
0.0498587902
0.0507534650
0.0480357303
0.0433222880
0.0397476739
0.0392077392
0.0410763513
0.0434030997
0.0447030256
0.0442222706
0.0415322717
0.0367396668
0.0309050467
0.0256958166
0.0220486595
0.0195101755
0.0170361234
0.0143053971
0.0120398598
0.0112586223
0.0124089399
0.0152729295
0.0191314705
0.0229418929
0.0260425220
0.0288452703
0.0324543792
0.0374643093
0.0432772330
0.0486423782
0.0525599932
0.0546030629
0.0546097373
0.0526392025
0.0492036529
0.0450488840
0.0408096643
0.0363668761
0.0301746746
0.0194898942
0.0018157799
-0.0239271787
-0.0570164672
-0.0953207213
-0.1366539728
-0.1789952591
-0.2198417560
-0.2555938920
-0.2812366706
-0.2916862576
-0.2862852394
-0.2724570315
-0.2621780445
-0.2591666402
-0.2509052823
-0.2443555678
-0.2313421917
-0.2391456033
-0.2781216487
-0.2499235481
-0.2630846002
-0.2238570696
-0.1922642867
-0.2078244745
-0.1650430471
-0.1503931325
-0.1323478344
-0.1279665948
-0.1386137311
-0.1463041972
-0.1519760958
-0.1548599608
-0.1540619813
-0.1469045523
-0.1323751202
-0.1129588247
-0.0926862937
-0.0743941328
-0.0585316779
-0.0435675375
-0.0274148459
-0.0091379511
0.0102184883
0.0288112411
0.0459411532
0.0625914474
0.0798487105
0.0973847361
0.1137759541
0.1280235379
0.1408153324
0.1541986312
0.1698516488
0.1874887692
0.2048951746
0.2191120466
0.2282645343
0.2326724262
0.2345872534
0.2366761249
0.2404781989
0.2465112032
0.2549594811
0.2655071545
0.2766194392
0.2856255363
0.2904168329
0.2908533653
0.2883250665
0.2844187014
0.2800542491
0.2756273989
0.2711920859
0.2666386766
0.2615371749
0.2548466733
0.2452826211
0.2322918347
0.2165336110
0.1994162071
0.1823581573
0.1660205921
0.1501627014
0.1343582421
0.1186454797
0.1032396630
0.0878088065
0.0718460573
0.0555289814
0.0398706643
0.0257214885
0.0128933906
0.0004691017
-0.0119470424
-0.0238691639
-0.0347556903
-0.0446079908
-0.0534940817
-0.0611294601
-0.0671496481
-0.0715660213
-0.0748679737
-0.0777736158
-0.0808855654
-0.0845279061
-0.0888545427
-0.0936994062
-0.0983856044
-0.1019676767
-0.1038318352
-0.1038721504
-0.1019597277
-0.0973644759
-0.0888629250
-0.0758892935
-0.0594577762
-0.0419686853
-0.0257739524
-0.0116723554
0.0014992199
0.0158981581
0.0328856421
0.0520298661
0.0716729255
0.0898274617
0.1049483824
0.1167001047
0.1259525996
0.1338293615
0.1404729238
0.1447391527
0.1453805555
0.1422182982
0.1359711421
0.1272328994
0.1162489990
0.1034123088
0.0894316166
0.0750386356
0.0610851289
0.0486891732
0.0386220809
0.0306714321
0.0240831529
0.0183337306
0.0131780872
0.0082549978
0.0031941560
-0.0020978727
-0.0074823748
-0.0130495982
-0.0191392573
-0.0258711325
-0.0327934523
-0.0391680339
-0.0446647087
-0.0495043084
-0.0539920999
-0.0582988411
-0.0625484240
-0.0667195882
-0.0702756630
-0.0722678563
-0.0721523764
-0.0707067347
-0.0698485927
-0.0711436852
-0.0744246068
-0.0780431587
-0.0803947705
-0.0810216477
-0.0804820056
-0.0797607890
-0.0795435889
-0.0798334156
-0.0806401593
-0.0825009054
-0.0860573484
-0.0914773356
-0.0984547334
-0.1064837806
-0.1149016088
-0.1227184488
-0.1290135725
-0.1336055761
-0.1371647932
-0.1406650555
-0.1441392330
-0.1465910656
-0.1474250026
-0.1476437779
-0.1493982500
-0.1541721763
-0.1613191215
-0.1684548662
-0.1735086299
-0.1764466401
-0.1789509250
-0.1827548616
-0.1884155397
-0.1955748180
-0.2037136202
-0.2122956032
-0.2203996498
-0.2270184744
-0.2317814037
-0.2352187307
-0.2380165476
-0.2401021677
-0.2403573691
-0.2370553901
-0.2285042709
-0.2133472112
-0.1912586128
-0.1640697028
-0.1351708749
-0.1076839276
-0.0830923853
-0.0614403194
-0.0431762369
-0.0297239008
-0.0222902805
-0.0202341538
-0.0212718312
-0.0230838481
-0.0244681524
-0.0254208411
-0.0265263527
-0.0281331601
-0.0301089092
-0.0325074735
-0.0363058745
-0.0425668113
-0.0505252252
-0.0575517307
-0.0613195394
-0.0615330261
-0.0594236916
-0.0560154374
-0.0514504462
-0.0459547360
-0.0404299864
-0.0354759264
-0.0301734755
-0.0228928732
-0.0132400716
-0.0028835192
0.0054212950
0.0099348725
0.0114578018
0.0129584281
0.0176948496
0.0271304183
0.0403087026
0.0553842211
0.0718211676
0.0906759229
0.1125672297
0.1356603840
0.1561080877
0.1708636301
0.1805167747
0.1894824893
0.2028017401
0.2219950987
0.2447342429
0.2674024892
0.2855720238
0.3017912576
0.3076222189
0.3102086524
0.3217466665
0.3177060261
0.3398195436
0.3384763717
0.3263323749
0.3242311417
0.3036925589
0.2994777473
0.2915366615
0.2795338060
0.2636021827
0.2392322895
0.2092314776
0.1771287901
0.1476280009
0.1229387436
0.1024171022
0.0850849114
0.0710813768
0.0606145822
0.0527203102
0.0458495990
0.0392830745
0.0332941246
0.0279456216
0.0224978591
0.0158361356
0.0069955036
-0.0050473764
-0.0218286817
-0.0451538328
-0.0757934292
-0.1117257153
-0.1481100961
-0.1797810819
-0.2045982384
-0.2245179729
-0.2431069169
-0.2615626603
-0.2762179632
-0.2795988896
-0.2645396431
-0.2287917848
-0.1771023304
-0.1196531961
-0.0675585070
-0.0278660920
-0.0014494632
0.0155616516
0.0281354033
0.0392560695
0.0488669321
0.0550731083
0.0563302258
0.0529680433
0.0469560567
0.0404991346
0.0346142290
0.0289888054
0.0231313826
0.0171915443
0.0114489359
0.0050941411
-0.0039309313
-0.0172497792
-0.0343494628
-0.0527189730
-0.0696984196
-0.0842801772
-0.0968007802
-0.1074580819
-0.1158624053
-0.1219679686
-0.1267885051
-0.1319025520
-0.1381673513
-0.1449774184
-0.1505722758
-0.1530867735
-0.1514900086
-0.1459867272
-0.1377689923
-0.1282694938
-0.1184754170
-0.1087888352
-0.0991991523
-0.0898454842
-0.0813452719
-0.0743954852
-0.0690707273
-0.0648171269
-0.0608132167
-0.0560827073
-0.0497404448
-0.0418240694
-0.0338986758
-0.0281926277
-0.0256875082
-0.0252797201
-0.0248206364
-0.0231354503
-0.0210037021
-0.0201408990
-0.0216340235
-0.0253853874
-0.0307274260
-0.0369278702
-0.0432767195
-0.0492742725
-0.0549483417
-0.0603865573
-0.0650946528
-0.0681570961
-0.0688667974
-0.0668811437
-0.0622353741
-0.0554676752
-0.0474275893
-0.0387756567
-0.0296462426
-0.0196000522
-0.0079049728
0.0060665062
0.0224149674
0.0405055606
0.0596255231
0.0799528611
0.1020748830
0.1256418811
0.1490053147
0.1704601745
0.1890831718
0.2045533372
0.2171927298
0.2281618182
0.2386925830
0.2486321622
0.2559006004
0.2578760623
0.2532841227
0.2426817885
0.2272688277
0.2076462018
0.1835893621
0.1548843240
0.1221428257
0.0866326345
0.0502260886
0.0157130533
-0.0135234105
-0.0350347997
-0.0489943485
-0.0579347677
-0.0647617083
-0.0709781958
-0.0765059459
-0.0806078029
-0.0828314281
-0.0833153503
-0.0824517152
-0.0804865477
-0.0775424775
-0.0739388328
-0.0702490755
-0.0668463613
-0.0635857567
-0.0600159379
-0.0558161804
-0.0508773545
-0.0454067772
-0.0400311130
-0.0352977255
-0.0310120889
-0.0264189384
-0.0211106119
-0.0158091642
-0.0122335746
-0.0120582175
-0.0157694485
-0.0223291813
-0.0300372445
-0.0376864618
-0.0447541741
-0.0509699443
-0.0561602948
-0.0603419627
-0.0634128688
-0.0651338973
-0.0657180380
-0.0661746758
-0.0671824571
-0.0680336037
-0.0672308885
-0.0640648378
-0.0589326394
-0.0523575790
-0.0443582239
-0.0348615895
-0.0241526842
-0.0128419891
-0.0016874212
0.0086913738
0.0180915406
0.0270542872
0.0364445136
0.0462933296
0.0556533709
0.0636728943
0.0705036631
0.0769208507
0.0832403031
0.0889942574
0.0935768757
0.0969770133
0.0997376171
0.1025044549
0.1058271481
0.1100969943
0.1152520285
0.1205879520
0.1252616063
0.1287842802
0.1310288200
0.1321843595
0.1324981199
0.1320984960
0.1307453618
0.1276469823
0.1221311542
0.1146148467
0.1067686528
0.1005958639
0.0968795111
0.0947904004
0.0930074377
0.0907711975
0.0877592808
0.0836077443
0.0782304294
0.0725035068
0.0678901437
0.0650672885
0.0630138136
0.0597123191
0.0538740862
0.0458516951
0.0371985043
0.0297346849
0.0248129167
0.0227709024
0.0225907615
0.0222853982
0.0202275384
0.0162436274
0.0116135074
0.0080181555
0.0063512954
0.0062459862
0.0067051184
0.0072616704
0.0082695357
0.0099768833
0.0116718625
0.0123333332
0.0115395194
0.0093156654
0.0052666674
-0.0014613194
-0.0110713932
-0.0224034887
-0.0339319730
-0.0451335343
-0.0563728449
-0.0676672452
-0.0784068109
-0.0879493991
-0.0961687372
-0.1033494019
-0.1098148771
-0.1154857506
-0.1196412353
-0.1212010156
-0.1196114974
-0.1155858260
-0.1103887892
-0.1044032397
-0.0970199064
-0.0883610353
-0.0808346563
-0.0779003321
-0.0814296827
-0.0902940644
-0.1010156865
-0.1098356796
-0.1146787250
-0.1161615550
-0.1169987854
-0.1196641882
-0.1245098244
-0.1298835156
-0.1339685847
-0.1363288164
-0.1378237652
-0.1394057265
-0.1411293959
-0.1421181656
-0.1414921110
-0.1390875004
-0.1357674656
-0.1332697040
-0.1333064037
-0.1361884148
-0.1401690235
-0.1424795076
-0.1411834432
-0.1361445038
-0.1285068958
-0.1196607656
-0.1106306847
-0.1021240969
-0.0946805198
-0.0884681807
-0.0832823386
-0.0790574879
-0.0759846803
-0.0741602672
-0.0730898406
-0.0717012877
-0.0690108455
-0.0649535054
-0.0603942301
-0.0563071845
-0.0527870985
-0.0489662539
-0.0439595044
-0.0376424300
-0.0304761925
-0.0229412617
-0.0156461865
-0.0097498180
-0.0066153821
-0.0065352725
-0.0081382602
-0.0091799200
-0.0080323956
-0.0046958992
-0.0004784773
0.0033051848
0.0063209007
0.0089848676
0.0115700666
0.0140982990
0.0167523288
0.0198887168
0.0236282941
0.0274745953
0.0305116795
0.0323553544
0.0340948840
0.0378168815
0.0448206872
0.0544092050
0.0646800173
0.0741605897
0.0820869646
0.0878334069
0.0911306717
0.0927434501
0.0939315402
0.0952048538
0.0963423464
0.0973755721
0.0989918623
0.1019620863
0.1066703167
0.1128920898
0.1196957623
0.1259869178
0.1315086128
0.1369972795
0.1428901440
0.1483263740
0.1520419856
0.1539145458
0.1550406469
0.1564717940
0.1584934193
0.1609483524
0.1638472427
0.1671596212
0.1702075302
0.1716042730
0.1703692278
0.1669879194
0.1629803654
0.1598841100
0.1584491024
0.1580814799
0.1564838834
0.1503495679
0.1372354869
0.1172228405
0.0930718724
0.0689867287
0.0484477809
0.0323161684
0.0187930995
0.0056944879
-0.0072399583
-0.0184486004
-0.0264630321
-0.0314683236
-0.0346631206
-0.0364421651
-0.0363582306
-0.0347304155
-0.0328754066
-0.0311901414
-0.0279894814
-0.0216576657
-0.0131354553
-0.0052954093
-0.0002915305
0.0017251819
0.0018985645
0.0015115946
0.0010980821
-0.0000084669
-0.0033318889
-0.0100607270
-0.0198284977
-0.0308674618
-0.0414239117
-0.0508915694
-0.0596899679
-0.0684613666
-0.0774719321
-0.0863513077
-0.0942889880
-0.1005570525
-0.1051433251
-0.1087313559
-0.1120979608
-0.1152010695
-0.1169580836
-0.1161132469
-0.1122353245
-0.1059890948
-0.0984434516
-0.0901312246
-0.0809619739
-0.0707393444
-0.0596372091
-0.0481411046
-0.0369883299
-0.0271718351
-0.0197453316
-0.0154065202
-0.0139212423
-0.0139016316
-0.0135440921
-0.0118579585
-0.0092072433
-0.0064935857
-0.0043384864
-0.0033739718
-0.0046914500
-0.0093375109
-0.0173137001
-0.0274648507
-0.0382096789
-0.0483464131
-0.0574162622
-0.0654561789
-0.0725293531
-0.0785312776
-0.0830536237
-0.0855585826
-0.0860904073
-0.0856487985
-0.0854380428
-0.0854084768
-0.0841172832
-0.0804172799
-0.0748466361
-0.0689964194
-0.0636356468
-0.0580615361
-0.0512311463
-0.0429521551
-0.0337776894
-0.0244281880
-0.0158333275
-0.0088852938
-0.0037317557
0.0003863884
0.0041356241
0.0072829343
0.0093763517
0.0106859972
0.0119890687
0.0138445235
0.0160842316
0.0175589873
0.0166350235
0.0126689158
0.0072493094
0.0036700044
0.0045958497
0.0100416286
0.0174744037
0.0239074448
0.0278123527
0.0289724107
0.0272062924
0.0224107419
0.0156978181
0.0093682864
0.0054980132
0.0046274419
0.0058499808
0.0077954950
0.0092126388
0.0089760795
0.0062325766
0.0010349928
-0.0052023429
-0.0102816032
-0.0124455106
-0.0112955716
-0.0077647945
-0.0032793998
0.0012852229
0.0060351236
0.0113595164
0.0169364331
0.0218291567
0.0258730979
0.0303926506
0.0368156545
0.0446460679
0.0517519261
0.0566120437
0.0595092656
0.0618567866
0.0649307500
0.0689998573
0.0731828553
0.0759761991
0.0759611664
0.0725597500
0.0661907737
0.0576916362
0.0476539236
0.0364885317
0.0251817168
0.0155207562
0.0088382586
0.0048606532
0.0022093175
-0.0002847382
-0.0028849968
-0.0053651126
-0.0075518809
-0.0095342001
-0.0114150911
-0.0132211428
-0.0149762661
-0.0164578479
-0.0173594704
-0.0182292143
-0.0204756872
-0.0246630754
-0.0295524801
-0.0333725065
-0.0355208864
-0.0369216261
-0.0388723049
-0.0417330055
-0.0446447004
-0.0461900194
-0.0458118322
-0.0444333465
-0.0434957155
-0.0436352315
-0.0445805371
-0.0459282963
-0.0476073743
-0.0496122377
-0.0517379149
-0.0537563433
-0.0556869935
-0.0578988211
-0.0608552570
-0.0644966175
-0.0680968213
-0.0707026861
-0.0717193824
-0.0713139528
-0.0705075168
-0.0703952628
-0.0715363297
-0.0741200160
-0.0779615856
-0.0822992658
-0.0859382763
-0.0879665667
-0.0882677493
-0.0877710745
-0.0881339299
-0.0904532330
-0.0941705236
-0.0975272769
-0.0989162162
-0.0979174225
-0.0954327001
-0.0928033575
-0.0902147402
-0.0858129391
-0.0772880241
-0.0643042479
-0.0492420122
-0.0356080582
-0.0256103920
-0.0190271488
-0.0141461429
-0.0092692340
-0.0035012095
0.0034453437
0.0116842719
0.0208281382
0.0299281939
0.0381942578
0.0456105552
0.0527050618
0.0599680488
0.0673770198
0.0743751816
0.0801683206
0.0841091892
0.0860762571
0.0866499566
0.0869272519
0.0876655275
0.0884528148
0.0879411526
0.0851456862
0.0803208392
0.0745749039
0.0690058910
0.0640414165
0.0595354771
0.0555425347
0.0527708623
0.0520533437
0.0532921487
0.0553982972
0.0573361749
0.0588165856
0.0600585389
0.0613729089
0.0632049961
0.0660101236
0.0697808702
0.0738635536
0.0775921613
0.0807713028
0.0836500264
0.0865777527
0.0895142809
0.0920368338
0.0937067123
0.0943078624
0.0938672419
0.0923658773
0.0892703082
0.0834893301
0.0740042516
0.0609101247
0.0456741113
0.0304710358
0.0172360584
0.0069037146
-0.0012757027
-0.0091425620
-0.0177387323
-0.0260439133
-0.0322511975
-0.0364355030
-0.0409935590
-0.0478984388
-0.0563807146
-0.0637821414
-0.0682327036
-0.0701667946
-0.0713211780
-0.0727520569
-0.0740574213
-0.0742052769
-0.0723754545
-0.0680632676
-0.0613717471
-0.0533219997
-0.0451507620
-0.0375161815
-0.0304115541
-0.0236047880
-0.0166450110
-0.0088876048
-0.0000948855
0.0091017897
0.0175374540
0.0243268295
0.0291995546
0.0323296586
0.0340338091
0.0346935252
0.0348183788
0.0348477227
0.0350968979
0.0357835627
0.0367962698
0.0372327149
0.0353724112
0.0297618051
0.0206694589
0.0103041904
0.0011881081
-0.0055970014
-0.0108226335
-0.0158276337
-0.0213215624
-0.0272305289
-0.0332935427
-0.0393462843
-0.0452774500
-0.0510329792
-0.0563737677
-0.0606359844
-0.0630670629
-0.0634154710
-0.0622223350
-0.0604169113
-0.0586353343
-0.0567957224
-0.0543297779
-0.0507062854
-0.0457141294
-0.0392244953
-0.0311684750
-0.0219533564
-0.0125676048
-0.0038638666
0.0036041183
0.0092974261
0.0129324904
0.0150929779
0.0169702539
0.0194796775
0.0226972677
0.0260977105
0.0290964223
0.0316368380
0.0343253051
0.0377983545
0.0418505947
0.0451339923
0.0463206821
0.0457053707
0.0450297424
0.0455596362
0.0470046311
0.0485539393
0.0501984500
0.0525666411
0.0556391713
0.0582539238
0.0589355360
0.0569496605
0.0526296607
0.0466090501
0.0388246056
0.0282912688
0.0142112097
-0.0025667712
-0.0194687797
-0.0338720451
-0.0449115071
-0.0537992078
-0.0624452640
-0.0715285405
-0.0799098053
-0.0859550743
-0.0894177185
-0.0915621110
-0.0938527006
-0.0971401923
-0.1015914098
-0.1065234319
-0.1106008155
-0.1126861955
-0.1124928193
-0.1106135638
-0.1081244994
-0.1060436756
-0.1046206295
-0.1030692621
-0.1003519824
-0.0962798980
-0.0912816757
-0.0853128900
-0.0777160612
-0.0681395174
-0.0572832189
-0.0467092382
-0.0380061199
-0.0319302806
-0.0281285492
-0.0256416593
-0.0236712662
-0.0217988058
-0.0197866029
-0.0172457542
-0.0139404378
-0.0102517002
-0.0067825669
-0.0034640746
0.0006709981
0.0066622645
0.0146130767
0.0233995762
0.0311588058
0.0365656132
0.0397917002
0.0421274393
0.0450143721
0.0490265344
0.0534445824
0.0566710171
0.0575224838
0.0564718161
0.0554820965
0.0563746079
0.0589010430
0.0603447330
0.0574746771
0.0492748724
0.0379745125
0.0274446649
0.0206210613
0.0179810577
0.0179487378
0.0185855086
0.0189797480
0.0193455084
0.0201957357
0.0215871424
0.0230960987
0.0239574392
0.0235743945
0.0223488100
0.0217141755
0.0231777471
0.0271916727
0.0327106048
0.0378525266
0.0413565360
0.0434344644
0.0450268285
0.0465953622
0.0477821947
0.0481791276
0.0482947078
0.0491733337
0.0510462021
0.0526841786
0.0525377168
0.0505131112
0.0482675664
0.0473196028
0.0472059357
0.0464344916
0.0450858812
0.0455335916
0.0499814439
0.0578612252
0.0659341718
0.0706943768
0.0707160091
0.0671760996
0.0627132911
0.0599031062
0.0598286268
0.0615819245
0.0634130220
0.0642294828
0.0638924215
0.0627950942
0.0615692695
0.0607917986
0.0605083950
0.0603687353
0.0603074063
0.0606649722
0.0617175269
0.0636729424
0.0669612065
0.0719482811
0.0784536961
0.0856357907
0.0921302369
0.0964930942
0.0977402629
0.0955975423
0.0902894815
0.0823957883
0.0729846919
0.0636796437
0.0560889255
0.0509024750
0.0474264987
0.0442127391
0.0401317085
0.0347353915
0.0282073228
0.0214210804
0.0157655694
0.0123094915
0.0110643991
0.0111584758
0.0117861208
0.0127906494
0.0143491207
0.0162673726
0.0179460082
0.0188649642
0.0190843891
0.0189864018
0.0186714560
0.0180079695
0.0169649470
0.0158619409
0.0152200884
0.0155008710
0.0168691730
0.0191048921
0.0216582025
0.0236587376
0.0240811765
0.0224179222
0.0193526360
0.0164579645
0.0151355509
0.0154873934
0.0161968755
0.0157333175
0.0138593665
0.0119197329
0.0116933321
0.0139078501
0.0175925831
0.0208277297
0.0225152304
0.0232931113
0.0243217599
0.0255874105
0.0259217124
0.0244943367
0.0215042501
0.0174599736
0.0122539978
0.0053976425
-0.0032862762
-0.0136059184
-0.0249021037
-0.0356949260
-0.0443359604
-0.0505388491
-0.0558472846
-0.0619832793
-0.0692827290
-0.0766697195
-0.0826395561
-0.0863807518
-0.0879844317
-0.0883007965
-0.0884069125
-0.0888923237
-0.0896400634
-0.0905255248
-0.0914728187
-0.0922480658
-0.0927491293
-0.0933822916
-0.0946459508
-0.0961232010
-0.0965412291
-0.0946569503
-0.0899062050
-0.0826150467
-0.0740793209
-0.0662186455
-0.0606655806
-0.0579313143
-0.0572155070
-0.0570569663
-0.0563822356
-0.0550725643
-0.0536794966
-0.0527802083
-0.0524626761
-0.0520936503
-0.0505572978
-0.0469513009
-0.0413662090
-0.0351329457
-0.0302309984
-0.0277780999
-0.0267848135
-0.0250082178
-0.0210310842
-0.0149680944
-0.0074437571
0.0011622044
0.0103041394
0.0187078348
0.0251637998
0.0297282505
0.0336070882
0.0377393719
0.0419360072
0.0451563033
0.0464856797
0.0459436064
0.0441528116
0.0415422453
0.0381876707
0.0342846463
0.0305334332
0.0279042722
0.0269458415
0.0274416567
0.0285696175
0.0292250376
0.0284954955
0.0260954067
0.0226211354
0.0192648611
0.0167273664
0.0145952700
0.0120030864
0.0087304545
0.0054861479
0.0033652417
0.0029268015
0.0035990367
0.0039594788
0.0028954813
0.0004561769
-0.0020881748
-0.0031786318
-0.0019643473
0.0013142962
0.0056071288
0.0097045464
0.0127903793
0.0148196043
0.0167260732
0.0200147563
0.0255954164
0.0326802564
0.0389386608
0.0422175786
0.0423615796
0.0414389762
0.0419180020
0.0446888746
0.0490583610
0.0540785052
0.0594359933
0.0652453697
0.0717684334
0.0793775121
0.0881056103
0.0971481477
0.1051779422
0.1112771657
0.1155725765
0.1185834533
0.1203605378
0.1208724278
0.1209125038
0.1215825528
0.1229525354
0.1238037757
0.1232174790
0.1218372640
0.1208726074
0.1205540841
0.1202741801
0.1199207212
0.1199903695
0.1202628594
0.1196069462
0.1176479566
0.1160553502
0.1171686756
0.1215077264
0.1273580602
0.1324457003
0.1356749785
0.1374656130
0.1389860138
0.1410908829
0.1434899169
0.1450977550
0.1452690255
0.1446216749
0.1442727221
0.1446176370
0.1452210106
0.1455436607
0.1452592150
0.1438362372
0.1406786415
0.1360301378
0.1311261454
0.1269366588
0.1231818793
0.1191565921
0.1150430067
0.1116927703
0.1093350283
0.1072037300
0.1044827271
0.1010118332
0.0969571329
0.0922661077
0.0868671246
0.0811456945
0.0757993799
0.0712808461
0.0675191156
0.0637718564
0.0587941769
0.0517035263
0.0431606819
0.0354845481
0.0309664096
0.0298857058
0.0303936130
0.0302694824
0.0287332466
0.0266412275
0.0254844713
0.0263011357
0.0287971964
0.0311652290
0.0311230404
0.0275087688
0.0211729662
0.0143760454
0.0094892220
0.0080016550
0.0098450253
0.0127683733
0.0128597918
0.0070810502
-0.0039383536
-0.0158825749
-0.0243440877
-0.0284211474
-0.0306586373
-0.0341684642
-0.0399762718
-0.0468032641
-0.0527971351
-0.0574054725
-0.0615118165
-0.0660584407
-0.0707079179
-0.0738747425
-0.0746703184
-0.0746077963
-0.0762093357
-0.0801492009
-0.0848520905
-0.0885421645
-0.0908227728
-0.0923334986
-0.0936473130
-0.0947591518
-0.0954471121
-0.0957868863
-0.0963837526
-0.0981467202
-0.1016420125
-0.1063918871
-0.1108998334
-0.1136117201
-0.1142698199
-0.1140209076
-0.1138890481
-0.1136902983
-0.1127959812
-0.1113277526
-0.1099069166
-0.1086183706
-0.1066718757
-0.1031978453
-0.0980117381
-0.0914589442
-0.0838970150
-0.0757375579
-0.0678507506
-0.0611943510
-0.0559889895
-0.0514709723
-0.0468587257
-0.0425683892
-0.0399631857
-0.0401993568
-0.0430881073
-0.0469638662
-0.0497176670
-0.0504596293
-0.0502688341
-0.0511748028
-0.0540613423
-0.0577430434
-0.0600421372
-0.0596663939
-0.0569331223
-0.0532086294
-0.0501048386
-0.0491060139
-0.0511337805
-0.0557516577
-0.0611251400
-0.0652370116
-0.0670658681
-0.0667962696
-0.0651586401
-0.0628114445
-0.0601384986
-0.0570227890
-0.0528168966
-0.0469583623
-0.0395246602
-0.0309768108
-0.0219626769
-0.0136075524
-0.0072329123
-0.0034686081
-0.0016324872
-0.0003667489
0.0012331715
0.0034157619
0.0062630771
0.0097547384
0.0133507661
0.0159055339
0.0165020468
0.0153278314
0.0134701805
0.0119400634
0.0111595705
0.0114473386
0.0133865998
0.0172318534
0.0219353869
0.0253921980
0.0261501996
0.0248404537
0.0236462490
0.0242979537
0.0269341017
0.0308373350
0.0356049184
0.0413642002
0.0480841262
0.0551933518
0.0620960926
0.0687255292
0.0752725199
0.0814896187
0.0866405770
0.0902627227
0.0928736710
0.0952944832
0.0973340480
0.0975176797
0.0942915411
0.0875396362
0.0786778070
0.0692273293
0.0598372685
0.0509036802
0.0433176794
0.0382211410
0.0360431498
0.0360755971
0.0371015151
0.0382676126
0.0393091975
0.0403045687
0.0414368788
0.0428094606
0.0443772815
0.0460816700
0.0478844698
0.0496531746
0.0509801129
0.0514430639
0.0511817896
0.0508906466
0.0509428283
0.0509001637
0.0500379703
0.0482535950
0.0464332136
0.0459614985
0.0477472880
0.0514727149
0.0558408986
0.0596881707
0.0626768339
0.0649692624
0.0665477191
0.0671611916
0.0667417936
0.0655640743
0.0639610194
0.0621366964
0.0604055469
0.0593161320
0.0593877057
0.0603734155
0.0610054042
0.0602174219
0.0583388101
0.0565897916
0.0556276174
0.0552812252
0.0553151170
0.0556814365
0.0562032319
0.0565503996
0.0564433280
0.0556843484
0.0541082584
0.0516827396
0.0486387396
0.0452297151
0.0413249733
0.0363407569
0.0299549303
0.0226850102
0.0155270076
0.0090608505
0.0029858089
-0.0033873764
-0.0100403713
-0.0161829871
-0.0213248968
-0.0258643184
-0.0305944340
-0.0358760669
-0.0416648470
-0.0478819544
-0.0544901773
-0.0613261595
-0.0681029587
-0.0744525707
-0.0797973374
-0.0835523857
-0.0855696853
-0.0865804010
-0.0878999550
-0.0903368037
-0.0936374509
-0.0969008237
-0.0994602174
-0.1012494686
-0.1026970938
-0.1042767134
-0.1061384619
-0.1081555078
-0.1104712788
-0.1135903106
-0.1178967824
-0.1231288071
-0.1284719142
-0.1332386110
-0.1371876457
-0.1403693530
-0.1428309694
-0.1444798178
-0.1450967829
-0.1443973313
-0.1421089152
-0.1383354832
-0.1336261560
-0.1285591139
-0.1236029444
-0.1193595794
-0.1165207627
-0.1152765576
-0.1149495507
-0.1149458850
-0.1156081103
-0.1174250671
-0.1197933868
-0.1212904186
-0.1210321492
-0.1193520660
-0.1172930255
-0.1156699313
-0.1145088431
-0.1134550270
-0.1125185265
-0.1118426097
-0.1107741566
-0.1080934048
-0.1033489765
-0.0976078142
-0.0924602538
-0.0884043514
-0.0845703294
-0.0802801125
-0.0762512206
-0.0738305611
-0.0731472418
-0.0724733559
-0.0697640721
-0.0645971075
-0.0582821256
-0.0523367834
-0.0475429779
-0.0440512832
-0.0416269178
-0.0396869151
-0.0374672236
-0.0345489684
-0.0310912071
-0.0274843078
-0.0239020048
-0.0204496535
-0.0174788497
-0.0155706940
-0.0152069477
-0.0163690124
-0.0185279709
-0.0212921252
-0.0249113014
-0.0299830189
-0.0364721287
-0.0430940185
-0.0479416420
-0.0496003451
-0.0482701507
-0.0458454504
-0.0443638882
-0.0439762204
-0.0428415935
-0.0392892912
-0.0337794002
-0.0280800167
-0.0232137013
-0.0185246290
-0.0125286821
-0.0042319064
0.0065337085
0.0193030893
0.0329886832
0.0459116117
0.0566203339
0.0647701463
0.0711878469
0.0771821380
0.0835564943
0.0902927350
0.0969052436
0.1027801904
0.1072971588
0.1098822330
0.1101948860
0.1080829610
0.1035241026
0.0967057636
0.0878645102
0.0773266301
0.0660172220
0.0554333758
0.0467103045
0.0396849194
0.0332492763
0.0266822847
0.0203205495
0.0147389204
0.0097516519
0.0048630771
0.0001696463
-0.0038907986
-0.0074340046
-0.0111459902
-0.0152607727
-0.0188668117
-0.0206146459
-0.0200561783
-0.0178039558
-0.0144753308
-0.0103418945
-0.0056963294
-0.0004854124
0.0064362923
0.0164711603
0.0289943481
0.0404535535
0.0467641611
0.0467625848
0.0429836156
0.0393664476
0.0385340520
0.0408041757
0.0449055909
0.0493682530
0.0531180470
0.0552407001
0.0549443278
0.0521646444
0.0478350874
0.0435177889
0.0404113062
0.0388577242
0.0386615648
0.0394364491
0.0405148687
0.0408668382
0.0395405753
0.0366375201
0.0337964177
0.0330714907
0.0347777111
0.0366687801
0.0358230240
0.0313551598
0.0252019115
0.0202426276
0.0176918727
0.0163780201
0.0144519980
0.0112760170
0.0075091926
0.0039620810
0.0008874512
-0.0018131092
-0.0041262891
-0.0059185253
-0.0070402115
-0.0070194979
-0.0048745324
0.0001105795
0.0073827627
0.0150153632
0.0206983729
0.0231960557
0.0229091270
0.0212102918
0.0192089871
0.0173900016
0.0162259361
0.0163494170
0.0176836706
0.0189738685
0.0188747284
0.0171899715
0.0149640944
0.0135913656
0.0135217468
0.0140438051
0.0143264686
0.0144558649
0.0154409157
0.0181193256
0.0222206092
0.0266426223
0.0304317522
0.0332686128
0.0350939652
0.0357072897
0.0353450715
0.0352256821
0.0369044936
0.0409326342
0.0463615194
0.0515038068
0.0550135885
0.0563925021
0.0558890989
0.0539115624
0.0506012151
0.0458270521
0.0396812636
0.0327433273
0.0258127321
0.0194846662
0.0139429339
0.0092679429
0.0056784747
0.0030866621
0.0005379091
-0.0032473016
-0.0086160236
-0.0143642394
-0.0185604098
-0.0198351096
-0.0182159925
-0.0150248387
-0.0121520480
-0.0109037368
-0.0111056521
-0.0110911665
-0.0092467197
-0.0059443790
-0.0037804277
-0.0052191422
-0.0101601534
-0.0159632287
-0.0198357621
-0.0210547368
-0.0210480416
-0.0219197856
-0.0249022835
-0.0297663083
-0.0353378359
-0.0404438182
-0.0446047587
-0.0481323442
-0.0515524138
-0.0549233314
-0.0577846803
-0.0594413607
-0.0593685850
-0.0575749018
-0.0547127659
-0.0514006538
-0.0474177193
-0.0416328356
-0.0330694761
-0.0222882169
-0.0116547645
-0.0040938455
-0.0010565731
-0.0014827922
-0.0025871807
-0.0015241089
0.0029661169
0.0097138485
0.0159732733
0.0195124589
0.0201568212
0.0194014967
0.0186105598
0.0178166208
0.0163325223
0.0139768462
0.0114473125
0.0097273262
0.0095094191
0.0110951803
0.0140694708
0.0170914527
0.0184471001
0.0172267779
0.0140422179
0.0105143064
0.0080597675
0.0071015876
0.0070886874
0.0072070558
0.0072973719
0.0081818754
0.0108443448
0.0152098733
0.0199128543
0.0233701939
0.0249707266
0.0252202301
0.0247131338
0.0234644113
0.0213787264
0.0188789045
0.0167613841
0.0154195904
0.0145924305
0.0139220594
0.0133904347
0.0132889742
0.0140234619
0.0158346053
0.0183586628
0.0204302137
0.0205978383
0.0181287591
0.0132390925
0.0065471595
-0.0016366996
-0.0112482663
-0.0217614756
-0.0319325228
-0.0402872645
-0.0458012880
-0.0481858520
-0.0480586117
-0.0470131291
-0.0470158819
-0.0488848846
-0.0512065640
-0.0513104882
-0.0477305785
-0.0412681597
-0.0339646954
-0.0274972855
-0.0223298967
-0.0180318424
-0.0142996052
-0.0118659302
-0.0121384806
-0.0159456616
-0.0225505110
-0.0300823725
-0.0369014078
-0.0424401628
-0.0469964626
-0.0506872747
-0.0529213681
-0.0532512450
-0.0526898100
-0.0534808148
-0.0573225761
-0.0637420584
-0.0703524590
-0.0745337580
-0.0753402904
-0.0740438965
-0.0728672642
-0.0730084550
-0.0739137297
-0.0747406412
-0.0759125721
-0.0785203219
-0.0827988978
-0.0876453146
-0.0915495384
-0.0934589816
-0.0929949433
-0.0904246410
-0.0864468764
-0.0817886553
-0.0768608366
-0.0718842518
-0.0673324536
-0.0639767108
-0.0624542703
-0.0627975636
-0.0643187218
-0.0660582798
-0.0673311223
-0.0679799717
-0.0681479690
-0.0680758853
-0.0681008813
-0.0687283146
-0.0704813036
-0.0734432027
-0.0771995840
-0.0813463462
-0.0856034083
-0.0894077617
-0.0917886439
-0.0921219923
-0.0906369677
-0.0881344529
-0.0853860283
-0.0828041825
-0.0808294541
-0.0805261879
-0.0828409284
-0.0870744488
-0.0909160809
-0.0923859997
-0.0914908907
-0.0902934225
-0.0913746514
-0.0958230311
-0.1025646512
-0.1093703748
-0.1142227238
-0.1159599532
-0.1142276719
-0.1091119515
-0.1009248621
-0.0903596543
-0.0784276655
-0.0660685668
-0.0538171517
-0.0420306937
-0.0314019896
-0.0228180838
-0.0167934363
-0.0132832271
-0.0120645721
-0.0127370079
-0.0139853611
-0.0141585926
-0.0128273824
-0.0113813559
-0.0118853072
-0.0153398638
-0.0207482513
-0.0257098869
-0.0282577317
-0.0283221558
-0.0277794650
-0.0289884973
-0.0330016873
-0.0388113171
-0.0442292032
-0.0475746625
-0.0487278904
-0.0487801044
-0.0488792399
-0.0494326142
-0.0501858846
-0.0506924479
-0.0505947654
-0.0496138057
-0.0473445249
-0.0435185042
-0.0385082147
-0.0334169473
-0.0295133355
-0.0272219979
-0.0258085558
-0.0241170904
-0.0213271911
-0.0172110883
-0.0119390432
-0.0058891952
0.0004591006
0.0064719092
0.0111902407
0.0134526767
0.0125169357
0.0088417431
0.0038222185
-0.0011687475
-0.0054645817
-0.0088275147
-0.0110070116
-0.0118008830
-0.0113224633
-0.0099275183
-0.0081306556
-0.0065498101
-0.0056843070
-0.0054801373
-0.0053570145
-0.0047899979
-0.0036945902
-0.0021559464
-0.0001422837
0.0023677467
0.0051212273
0.0079027880
0.0108965884
0.0142770404
0.0176411767
0.0204133301
0.0227859064
0.0258108727
0.0302536348
0.0358559401
0.0417732429
0.0470633213
0.0506529187
0.0516583155
0.0499315273
0.0464564192
0.0429256649
0.0407259068
0.0399237587
0.0391486359
0.0368372109
0.0328339800
0.0289039904
0.0273355539
0.0288121315
0.0316122178
0.0330609265
0.0318718023
0.0292104003
0.0273875766
0.0277485415
0.0298995155
0.0326818492
0.0351309385
0.0367237963
0.0373552363
0.0375488761
0.0382367438
0.0395001278
0.0398671961
0.0377380057
0.0332903297
0.0285873990
0.0258287220
0.0258843964
0.0284134865
0.0326638118
0.0376690209
0.0424790130
0.0465826802
0.0498124660
0.0520501972
0.0533512196
0.0542198687
0.0555743435
0.0582232851
0.0621153431
0.0662631722
0.0695276921
0.0715177546
0.0728736827
0.0746808235
0.0772545996
0.0792239745
0.0784691336
0.0743850132
0.0689615468
0.0653324398
0.0652080655
0.0676341564
0.0700584913
0.0703413272
0.0680242704
0.0641387573
0.0601632704
0.0572182079
0.0559311052
0.0563181707
0.0574719456
0.0580160562
0.0572702299
0.0556790322
0.0541336718
0.0531655893
0.0529481759
0.0537380853
0.0557908822
0.0585479010
0.0604267495
0.0598890065
0.0569724050
0.0536578373
0.0525359407
0.0550317993
0.0606317330
0.0674845586
0.0736670965
0.0781914096
0.0810646043
0.0827839222
0.0839275022
0.0850432671
0.0865660915
0.0885420039
0.0903728764
0.0911256574
0.0905904607
0.0895288395
0.0885738029
0.0874509233
0.0857426286
0.0837327380
0.0820105004
0.0803673877
0.0777566009
0.0733458081
0.0675349773
0.0618625966
0.0578601814
0.0559556600
0.0554881496
0.0554758767
0.0551675364
0.0540090641
0.0513890549
0.0468585894
0.0408541494
0.0349979200
0.0310405225
0.0295036097
0.0294369949
0.0294433049
0.0288398408
0.0280074153
0.0278802767
0.0291514756
0.0317936577
0.0352557226
0.0393123652
0.0442750642
0.0501890463
0.0557066780
0.0585718649
0.0574906145
0.0533255006
0.0485357456
0.0453039821
0.0442004878
0.0442998240
0.0442959450
0.0436012521
0.0426225626
0.0420158412
0.0418788735
0.0417733411
0.0414263817
0.0409819727
0.0405808924
0.0399778310
0.0388030730
0.0370515092
0.0351345949
0.0336787104
0.0330887106
0.0330120298
0.0323234806
0.0300286946
0.0262597884
0.0222757126
0.0193377414
0.0177416782
0.0170580866
0.0169572576
0.0170674347
0.0161879825
0.0126348784
0.0059884695
-0.0016341963
-0.0065487015
-0.0065214868
-0.0027103359
0.0017103263
0.0048450060
0.0076548306
0.0121455570
0.0187582440
0.0260291162
0.0322793129
0.0367878585
0.0394101787
0.0402608022
0.0403671856
0.0416229111
0.0451384268
0.0497704123
0.0531202881
0.0540296342
0.0534396558
0.0530013676
0.0535709510
0.0550379962
0.0568292388
0.0584449736
0.0596480856
0.0600717477
0.0588148539
0.0550901749
0.0493757527
0.0434290339
0.0388517986
0.0357014323
0.0325367323
0.0277911246
0.0212393247
0.0141006648
0.0082284516
0.0049938614
0.0043957265
0.0048089256
0.0041298530
0.0014758033
-0.0020436447
-0.0044900298
-0.0050153344
-0.0045597106
-0.0048638800
-0.0069353687
-0.0102950873
-0.0134466684
-0.0149744825
-0.0143828173
-0.0121864844
-0.0093410117
-0.0066288550
-0.0045740635
-0.0035643352
-0.0037611267
-0.0048591248
-0.0059845936
-0.0061887639
-0.0053206848
-0.0042320526
-0.0038921006
-0.0043148206
-0.0047692011
-0.0050139453
-0.0056236371
-0.0070359592
-0.0086360747
-0.0092080898
-0.0081051300
-0.0056495403
-0.0025528741
0.0007315495
0.0039230161
0.0064600067
0.0074555678
0.0062314504
0.0030216657
-0.0010202030
-0.0047679914
-0.0080876535
-0.0115209281
-0.0151266313
-0.0180202175
-0.0193669455
-0.0195141696
-0.0195148516
-0.0196276541
-0.0191357913
-0.0178847357
-0.0170238808
-0.0178199527
-0.0200928553
-0.0222638546
-0.0226904059
-0.0209325499
-0.0182193036
-0.0167843785
-0.0181062710
-0.0214854529
-0.0245755863
-0.0257502973
-0.0256281844
-0.0260857615
-0.0280058371
-0.0302644036
-0.0309649709
-0.0294084902
-0.0266983890
-0.0249079104
-0.0256768514
-0.0294412078
-0.0354234277
-0.0421357200
-0.0483565670
-0.0538859228
-0.0592590556
-0.0646300810
-0.0690178752
-0.0710376143
-0.0704999544
-0.0689286044
-0.0680409751
-0.0677697428
-0.0663512704
-0.0626008580
-0.0576527130
-0.0540156159
-0.0529503938
-0.0529893256
-0.0515910066
-0.0483149908
-0.0456058133
-0.0461335144
-0.0497857101
-0.0534002074
-0.0535196771
-0.0492263931
-0.0423845735
-0.0357028043
-0.0309100817
-0.0282040704
-0.0267277588
-0.0252948801
-0.0232059118
-0.0208114631
-0.0191380068
-0.0187945889
-0.0193816877
-0.0200986335
-0.0205568930
-0.0208832452
-0.0212520852
-0.0218913348
-0.0231716016
-0.0251186499
-0.0270645205
-0.0278323133
-0.0266554856
-0.0238027806
-0.0201264071
-0.0162149017
-0.0123232033
-0.0090191966
-0.0074218488
-0.0081991637
-0.0105615095
-0.0127136317
-0.0132757901
-0.0118388930
-0.0086249658
-0.0042142203
0.0005469452
0.0046524352
0.0071753269
0.0076596593
0.0065312324
0.0047559274
0.0031752980
0.0021592328
0.0018468873
0.0022727045
0.0030226148
0.0029301243
0.0009041995
-0.0026206564
-0.0054260149
-0.0053361225
-0.0022146731
0.0021346757
0.0058000706
0.0078682751
0.0082420706
0.0072847042
0.0058108310
0.0049769779
0.0054089553
0.0065630652
0.0071861294
0.0066467278
0.0055948301
0.0052344457
0.0059396337
0.0069235738
0.0071505600
0.0063200632
0.0050981149
0.0044680043
0.0046604666
0.0049208752
0.0045880019
0.0041899895
0.0051585928
0.0083807862
0.0132150765
0.0178715323
0.0206215570
0.0206765251
0.0183051899
0.0145069336
0.0103740396
0.0065095559
0.0029752415
-0.0002392952
-0.0029115132
-0.0048946280
-0.0063371825
-0.0071931110
-0.0068984997
-0.0048441899
-0.0010575521
0.0035839074
0.0077567542
0.0106138912
0.0120659299
0.0124950569
0.0124461076
0.0123486092
0.0123667199
0.0123213125
0.0118300127
0.0105864349
0.0086804165
0.0067252635
0.0054944270
0.0055432122
0.0069586595
0.0093891124
0.0122212817
0.0151214056
0.0181965121
0.0216584431
0.0252235807
0.0279962595
0.0294216596
0.0302546946
0.0318735827
0.0347128367
0.0378230660
0.0399616497
0.0407198927
0.0405171913
0.0398639289
0.0386154592
0.0360241988
0.0314248001
0.0248372732
0.0167685229
0.0076881386
-0.0019296726
-0.0111925400
-0.0188434812
-0.0239319628
-0.0267743179
-0.0289956418
-0.0321686509
-0.0363200212
-0.0398864269
-0.0413225333
-0.0403620590
-0.0376252593
-0.0337151779
-0.0294482581
-0.0262075291
-0.0252202014
-0.0263546768
-0.0283964994
-0.0303195162
-0.0319342008
-0.0334311395
-0.0348178209
-0.0360926837
-0.0372562943
-0.0377765032
-0.0364389581
-0.0322956487
-0.0257968324
-0.0185711777
-0.0123321294
-0.0079680883
-0.0056315727
-0.0053284467
-0.0070994631
-0.0105704207
-0.0145165851
-0.0172904017
-0.0178643064
-0.0166346811
-0.0151130567
-0.0148482924
-0.0163163780
-0.0187379733
-0.0208615623
-0.0218727943
-0.0216224981
-0.0203491044
-0.0185150672
-0.0167307163
-0.0154458534
-0.0148550742
-0.0150271958
-0.0160838427
-0.0180256618
-0.0204490395
-0.0228584519
-0.0251343356
-0.0275334036
-0.0301381808
-0.0321803248
-0.0322592479
-0.0294002670
-0.0242336613
-0.0192864593
-0.0176512990
-0.0209681553
-0.0280812198
-0.0357071649
-0.0405410861
-0.0409449056
-0.0370133350
-0.0298510183
-0.0213274309
-0.0139229447
-0.0095242820
-0.0079380680
-0.0069277601
-0.0042369732
0.0006491706
0.0062496136
0.0102296132
0.0108124300
0.0078146021
0.0029638514
-0.0008932750
-0.0013835273
0.0018032911
0.0064963352
0.0092807706
0.0077018145
0.0016057272
-0.0071262711
-0.0159116107
-0.0228270487
-0.0271840366
-0.0291591048
-0.0294724621
-0.0294023530
-0.0302882109
-0.0324755243
-0.0350172692
-0.0369601137
-0.0384889764
-0.0406596957
-0.0441933531
-0.0485982642
-0.0523209506
-0.0539750307
-0.0536756350
-0.0530663639
-0.0539112573
-0.0564721410
-0.0591130854
-0.0595480084
-0.0571078410
-0.0534024714
-0.0506806880
-0.0498649033
-0.0502707783
-0.0506221917
-0.0501339592
-0.0486233073
-0.0461615718
-0.0432409790
-0.0406745189
-0.0388936145
-0.0373339295
-0.0349666595
-0.0316485285
-0.0287031512
-0.0276935363
-0.0285004737
-0.0292562017
-0.0283800730
-0.0261589020
-0.0242272488
-0.0239040109
-0.0250815370
-0.0263219411
-0.0260401563
-0.0238191715
-0.0209586407
-0.0193045708
-0.0193871043
-0.0198287527
-0.0186221861
-0.0149331773
-0.0094538876
-0.0036487936
0.0011155923
0.0039775247
0.0048010602
0.0041605343
0.0029891491
0.0020292454
0.0015114868
0.0014683791
0.0019442563
0.0025718488
0.0021759698
-0.0006866191
-0.0063975671
-0.0136371394
-0.0204024257
-0.0255083270
-0.0287813092
-0.0304422919
-0.0307632314
-0.0300120573
-0.0284714686
-0.0264139361
-0.0241970525
-0.0220759102
-0.0199121750
-0.0174113120
-0.0147953023
-0.0127567364
-0.0117396097
-0.0114395662
-0.0111370723
-0.0104734831
-0.0095569810
-0.0086796192
-0.0081777116
-0.0082308965
-0.0084500060
-0.0077893714
-0.0055253537
-0.0025040439
-0.0007383470
-0.0013090542
-0.0028902193
-0.0028537824
0.0000400851
0.0044570143
0.0078896555
0.0088989285
0.0080487237
0.0069139796
0.0065430615
0.0067873089
0.0069489831
0.0067455924
0.0065414578
0.0066479934
0.0067666704
0.0061140479
0.0040794836
0.0007963620
-0.0029292566
-0.0062570192
-0.0086313185
-0.0096477614
-0.0090377372
-0.0070508115
-0.0045144524
-0.0022068068
-0.0004085930
0.0009628890
0.0022196529
0.0038837151
0.0062621691
0.0088834312
0.0107071882
0.0111593122
0.0107613669
0.0105937332
0.0112019009
0.0124569244
0.0140029143
0.0152881170
0.0154780603
0.0139582928
0.0111793625
0.0088789074
0.0091992912
0.0129253643
0.0186826430
0.0239845450
0.0269691935
0.0272912490
0.0257821344
0.0236098762
0.0214584322
0.0192107613
0.0161592006
0.0118018500
0.0064931738
0.0015642227
-0.0014271586
-0.0018802766
-0.0007350410
0.0002767316
0.0000408171
-0.0012292613
-0.0025613533
-0.0029257722
-0.0015092474
0.0020219713
0.0072140916
0.0130475584
0.0185659091
0.0232198460
0.0268097505
0.0293713381
0.0309710815
0.0313474998
0.0301623061
0.0276454086
0.0245142645
0.0212457418
0.0177273220
0.0138979779
0.0104473536
0.0085420105
0.0088492428
0.0111263719
0.0144845245
0.0178333269
0.0202588616
0.0213873486
0.0215011111
0.0213033474
0.0214745064
0.0223458331
0.0240898671
0.0268546260
0.0305164185
0.0344915932
0.0381680216
0.0414156414
0.0443362581
0.0464205933
0.0468437061
0.0455703968
0.0437126888
0.0427221572
0.0432689743
0.0450600071
0.0473536254
0.0492719811
0.0498590729
0.0483713968
0.0449116468
0.0406796534
0.0372202805
0.0353341675
0.0346976166
0.0342419095
0.0327663590
0.0295260198
0.0246447812
0.0191869857
0.0146394227
0.0121065091
0.0119039806
0.0136614862
0.0168280056
0.0208917702
0.0252582572
0.0290546151
0.0313937190
0.0319495990
0.0313551134
0.0309269924
0.0317505516
0.0338022574
0.0359541605
0.0370439815
0.0368733832
0.0362873192
0.0363921247
0.0377900080
0.0402190881
0.0427260108
0.0443647491
0.0450171835
0.0454589908
0.0466057340
0.0485926836
0.0507102378
0.0520756817
0.0522488044
0.0515203674
0.0503481827
0.0484098766
0.0444451351
0.0375998345
0.0288023364
0.0204333134
0.0147552557
0.0124676101
0.0125856366
0.0134469948
0.0139613654
0.0139764597
0.0137975753
0.0138544696
0.0149315345
0.0177557116
0.0217920898
0.0250995880
0.0261758299
0.0257899740
0.0263401343
0.0293355988
0.0338490818
0.0375654964
0.0389769984
0.0384448739
0.0375217309
0.0372204949
0.0368462088
0.0344942341
0.0290584784
0.0217762092
0.0154106137
0.0118807152
0.0106132819
0.0094972030
0.0074376022
0.0057352122
0.0066838636
0.0107477567
0.0156000801
0.0184951200
0.0191053392
0.0192033922
0.0201513177
0.0215268660
0.0221274363
0.0214256005
0.0195717690
0.0167092229
0.0129909017
0.0091165767
0.0063922339
0.0058744971
0.0074445668
0.0097844170
0.0114477547
0.0120327306
0.0121388120
0.0121507971
0.0115409823
0.0098173964
0.0077928026
0.0071949312
0.0089233102
0.0119583744
0.0143143666
0.0147269290
0.0133458126
0.0112718971
0.0093779448
0.0079917727
0.0072410164
0.0072956313
0.0081659123
0.0095813266
0.0111967632
0.0128383384
0.0142682460
0.0150420153
0.0148682443
0.0139884230
0.0129840057
0.0121608092
0.0112736594
0.0096356521
0.0066187345
0.0022678356
-0.0024235094
-0.0059279884
-0.0069857262
-0.0052407081
-0.0014329459
0.0029719108
0.0064103741
0.0078116544
0.0068180837
0.0036600100
-0.0010441740
-0.0063025084
-0.0108013982
-0.0135013812
-0.0144394166
-0.0147532439
-0.0154571548
-0.0161170941
-0.0149965483
-0.0108534535
-0.0044856578
0.0016665317
0.0054276021
0.0064538409
0.0063626894
0.0073681059
0.0104728740
0.0146725153
0.0177940673
0.0182010809
0.0159613452
0.0124895139
0.0093857949
0.0074570338
0.0065135040
0.0056954724
0.0039842486
0.0006800362
-0.0041817224
-0.0098201067
-0.0159336159
-0.0224365009
-0.0289020135
-0.0340377880
-0.0363378976
-0.0356446810
-0.0338620370
-0.0332583054
-0.0340400066
-0.0341836585
-0.0319804093
-0.0280460632
-0.0243168834
-0.0215451090
-0.0186320995
-0.0145613218
-0.0100640260
-0.0069289057
-0.0059477897
-0.0058757547
-0.0046676551
-0.0015337341
0.0022502853
0.0044577155
0.0036849443
0.0001203127
-0.0048825709
-0.0097349160
-0.0133992049
-0.0156792633
-0.0168633204
-0.0171385667
-0.0167767216
-0.0165286634
-0.0173524419
-0.0195548924
-0.0225707677
-0.0256898064
-0.0285289691
-0.0306916154
-0.0316846051
-0.0315327810
-0.0311283144
-0.0315830476
-0.0333297676
-0.0359093035
-0.0387671963
-0.0419635319
-0.0458939204
-0.0503839864
-0.0543357688
-0.0563097425
-0.0552641282
-0.0514231699
-0.0466494158
-0.0435283630
-0.0436588440
-0.0467981856
-0.0517716458
-0.0577006772
-0.0641145382
-0.0698772513
-0.0730175058
-0.0725747584
-0.0700222450
-0.0677718399
-0.0667321531
-0.0662980569
-0.0659767245
-0.0659503045
-0.0663784366
-0.0671552988
-0.0680719028
-0.0686843999
-0.0684041640
-0.0670830512
-0.0654328737
-0.0646237799
-0.0652762980
-0.0665100734
-0.0664269336
-0.0639130728
-0.0598293477
-0.0561196177
-0.0538606975
-0.0524630997
-0.0506935000
-0.0479534002
-0.0443428968
-0.0400262530
-0.0350801229
-0.0297411776
-0.0243739711
-0.0191625269
-0.0138169694
-0.0077628144
-0.0008398669
0.0062199180
0.0118471999
0.0144463774
0.0135701430
0.0104558279
0.0069617390
0.0038400740
0.0004469827
-0.0038539511
-0.0087981899
-0.0138880817
-0.0190566643
-0.0240444330
-0.0278481580
-0.0294878232
-0.0292318800
-0.0286670911
-0.0294990058
-0.0323301092
-0.0364156334
-0.0403139254
-0.0427622914
-0.0433294387
-0.0425239765
-0.0412714684
-0.0402887792
-0.0398904120
-0.0401502294
-0.0410270295
-0.0421275425
-0.0426547738
-0.0420298379
-0.0404302094
-0.0385500472
-0.0366762713
-0.0344603481
-0.0315624741
-0.0282520312
-0.0251591280
-0.0227754736
-0.0212397203
-0.0204559297
-0.0201697914
-0.0199531473
-0.0193082245
-0.0178379212
-0.0153064206
-0.0116101277
-0.0068584657
-0.0014886790
0.0036033298
0.0072608276
0.0086153513
0.0076139411
0.0050099996
0.0017810324
-0.0014055829
-0.0042555999
-0.0065298889
-0.0079350612
-0.0082501785
-0.0077586985
-0.0074386458
-0.0083722382
-0.0106080580
-0.0128558773
-0.0136736240
-0.0129261023
-0.0118080226
-0.0115698092
-0.0123214324
-0.0131695915
-0.0132922798
-0.0127055117
-0.0121875183
-0.0126585605
-0.0142623192
-0.0161812216
-0.0173256022
-0.0173171300
-0.0167113573
-0.0163337622
-0.0166526553
-0.0175805865
-0.0188079542
-0.0201170819
-0.0213749492
-0.0224451267
-0.0233367447
-0.0241783008
-0.0248587298
-0.0250352980
-0.0246440368
-0.0242999561
-0.0249840640
-0.0271757043
-0.0304053969
-0.0336016265
-0.0358117251
-0.0366410849
-0.0361732339
-0.0346292659
-0.0321828373
-0.0292144240
-0.0265617182
-0.0252274818
-0.0255407667
-0.0266774397
-0.0272547917
-0.0267264298
-0.0260425532
-0.0265830219
-0.0285093371
-0.0303669599
-0.0303376971
-0.0279061107
-0.0242252383
-0.0210672130
-0.0193784232
-0.0185844355
-0.0170984880
-0.0137527456
-0.0092604082
-0.0060443154
-0.0062632123
-0.0099420561
-0.0150391866
-0.0191831083
-0.0212632970
-0.0217361831
-0.0220178327
-0.0235284124
-0.0268309408
-0.0311168690
-0.0347964057
-0.0370869632
-0.0386856854
-0.0406547772
-0.0429457103
-0.0445329915
-0.0448407741
-0.0445309445
-0.0446042280
-0.0450247204
-0.0445334455
-0.0417867190
-0.0366718069
-0.0302343750
-0.0235829799
-0.0172837196
-0.0117798131
-0.0078308607
-0.0060287680
-0.0059860558
-0.0062034650
-0.0050672461
-0.0020840673
0.0016934403
0.0043933521
0.0047369051
0.0029678028
0.0005576439
-0.0010204181
-0.0013285420
-0.0009606765
-0.0007941554
-0.0012860654
-0.0022879444
-0.0035252096
-0.0051852895
-0.0076567396
-0.0108201846
-0.0138649388
-0.0159286801
-0.0167507044
-0.0166892451
-0.0163799298
-0.0164598724
-0.0173161319
-0.0186956428
-0.0195238217
-0.0186144780
-0.0157990052
-0.0121502561
-0.0090221740
-0.0070508312
-0.0059896442
-0.0053289437
-0.0048120603
-0.0044459381
-0.0042057788
-0.0039712805
-0.0036135509
-0.0029893498
-0.0019647848
-0.0006738753
0.0002466481
0.0000898254
-0.0011483909
-0.0026579225
-0.0035418619
-0.0034427625
-0.0026245131
-0.0016113729
-0.0008982014
-0.0006621574
-0.0005749167
-0.0001266501
0.0006857027
0.0011171113
0.0003643662
-0.0014465670
-0.0032852537
-0.0041439575
-0.0037149750
-0.0024111013
-0.0010517343
-0.0004434440
-0.0008140537
-0.0016821274
-0.0022890678
-0.0022003015
-0.0015885111
-0.0009436195
-0.0005822980
-0.0004880061
-0.0004853072
-0.0004595692
-0.0004147619
-0.0004789300
-0.0008078336
-0.0015015949
-0.0024724493
-0.0033824335
-0.0038774627
-0.0038432141
-0.0034714147
-0.0030646431
-0.0028807854
-0.0029080508
-0.0027771865
-0.0020903451
-0.0009997153
-0.0003099836
-0.0007469599
-0.0022110631
-0.0038512165
-0.0047924069
-0.0047243806
-0.0039271817
-0.0029107461
-0.0020653132
-0.0015636434
-0.0014115901
-0.0014904095
-0.0016259068
-0.0017914811
-0.0022848539
-0.0035738442
-0.0058239625
-0.0085541286
-0.0109261006
-0.0124052981
-0.0131077896
-0.0134524183
-0.0136716636
-0.0137436695
-0.0136315389
-0.0135221156
-0.0137722140
-0.0145499048
-0.0156318315
-0.0165320391
-0.0168624989
-0.0165955564
-0.0161291399
-0.0161137694
-0.0170672531
-0.0190257267
-0.0213760603
-0.0231084808
-0.0234187755
-0.0223234566
-0.0207430913
-0.0199076091
-0.0205199274
-0.0223016273
-0.0242614701
-0.0253137326
-0.0247148145
-0.0222674516
-0.0184880640
-0.0144920209
-0.0114287201
-0.0098410907
-0.0095050759
-0.0097934912
-0.0101185620
-0.0101164656
-0.0096310688
-0.0086964387
-0.0075570856
-0.0065906461
-0.0061062877
-0.0061083885
-0.0062355675
-0.0060421613
-0.0053469118
-0.0043057876
-0.0031822844
-0.0021858228
-0.0014865136
-0.0012067149
-0.0012773109
-0.0013727864
-0.0011082233
-0.0003106262
0.0008359352
0.0019050202
0.0025471976
0.0027477245
0.0029056652
0.0035719018
0.0048926034
0.0062214128
0.0065167065
0.0053027357
0.0031352984
0.0010822867
-0.0001313847
-0.0005144548
-0.0006021848
-0.0009860070
-0.0019787481
-0.0034778647
-0.0050966518
-0.0064388959
-0.0072528136
-0.0074205252
-0.0069700957
-0.0061266762
-0.0052698277
-0.0047206894
-0.0045708327
-0.0046954462
-0.0048859388
-0.0049237480
-0.0046096900
-0.0039140848
-0.0031392622
-0.0028157226
-0.0032863428
-0.0043523789
-0.0053748926
-0.0057560914
-0.0052714066
-0.0040998128
-0.0026779467
-0.0014652684
-0.0007237617
-0.0003784197
-0.0000697164
0.0005936082
0.0017379387
0.0030718683
0.0040817031
0.0044426987
0.0042793401
0.0040104612
0.0039687544
0.0041652828
0.0043682128
0.0043482303
0.0040813882
0.0037737672
0.0036604499
0.0038083044
0.0040995471
0.0043757203
0.0045217317
0.0044685041
0.0042044967
0.0037887604
0.0033384803
0.0030055583
0.0029137584
0.0030998403
0.0034719370
0.0038228134
0.0039253441
0.0036737293
0.0031647457
0.0026085867
0.0021894749
0.0019946033
0.0020294844
0.0022822852
0.0027572741
0.0034449688
0.0042550321
0.0050074438
0.0055221202
0.0057186200
0.0056240301
0.0053126696
0.0048708774
0.0043991847
0.0040186789
0.0038397655
0.0039022315
0.0041464569
0.0044662587
0.0047819900
0.0050504008
0.0052389586
0.0053400836
0.0054085527
0.0055337298
0.0057534956
0.0060133196
0.0062321699
0.0063720541
0.0064178805
0.0063546208
0.0062075174
0.0060863543
0.0061290534
0.0063820272
0.0067609883
0.0071527615
0.0075281053
0.0079306878
0.0083967788
0.0089191636
0.0094679873
0.0099983340
0.0104496284
0.0107716032
0.0109567469
0.0110420404
0.0110888093
0.0111598997
0.0112893619
0.0114700624
0.0116727202
0.0118825022
0.0121017886
0.0123248563
0.0125371266
0.0127426959
0.0129705736
0.0132529023
0.0135974241
0.0139742052
0.0143353368
0.0146567635
0.0149522698
0.0152489595
0.0155577476
0.0158760613
0.0162020656
0.0165362716
0.0168759471
0.0172167117
0.0175583398
0.0179009943
0.0182397815
0.0185676872
0.0188881345
0.0192179283
0.0195724341
0.0199475607
0.0203190850
0.0206594327
0.0209564526
0.0212222371
0.0214838107
0.0217617913
0.0220546327
0.0223451808
0.0226211190
0.0228867844
0.0231577643
0.0234452946
0.0237474198
0.0240545902
0.0243609352
0.0246682230
0.0249823930
0.0253072880
0.0256399792
0.0259704184
0.0262875247
0.0265883859
0.0268815051
0.0271794967
0.0274873202
0.0278000568
0.0281113199
0.0284210700
0.0287343937
0.0290537916
0.0293745867
0.0296882275
0.0299898665
0.0302829210
0.0305760463
0.0308762568
0.0311844395
0.0314964744
0.0318074667
0.0321149460
0.0324195005
0.0327240195
0.0330322943
0.0333466969
0.0336663187
0.0339874110
0.0343064111
0.0346228125
0.0349387329
0.0352561168
0.0355753630
0.0358957810
0.0362164768
0.0365361060
0.0368528968
0.0371658896
0.0374760638
0.0377857869
0.0380969776
0.0384099919
0.0387241089
0.0390384893
0.0393524995
0.0396655929
0.0399773410
0.0402876196
0.0405966776
0.0409049511
0.0412127988
0.0415202680
0.0418271255
0.0421330844
0.0424380117
0.0427419580
0.0430449733
0.0433469918
0.0436479276
0.0439477901
0.0442466610
0.0445445639
0.0448414285
0.0451371282
0.0454315166
0.0457244520
0.0460158394
0.0463056664
0.0465940002
0.0468809036
0.0471663696
0.0474503323
0.0477327092
0.0480134304
0.0482924442
0.0485697184
0.0488452450
0.0491190225
0.0493910338
0.0496612318
0.0499295488
0.0501959196
0.0504603035
0.0507226769
0.0509830305
0.0512413509
0.0514976054
0.0517517378
0.0520036868
0.0522534031
0.0525008540
0.0527460121
0.0529888433
0.0532293075
0.0534673664
0.0537029893
0.0539361451
0.0541668028
0.0543949293
0.0546204878
0.0548434409
0.0550637531
0.0552813920
0.0554963255
0.0557085223
0.0559179476
0.0561245693
0.0563283536
0.0565292688
0.0567272826
0.0569223634
0.0571144788
0.0573035986
0.0574896900
0.0576727224
0.0578526652
0.0580294884
0.0582031611
0.0583736538
0.0585409362
0.0587049794
0.0588657543
0.0590232321
0.0591773841
0.0593281821
0.0594755989
0.0596196059
0.0597601759
0.0598972827
