0.0036118986
0.0035984104
0.0035849796
0.0035715606
0.0035581343
0.0035447095
0.0035313228
0.0035179743
0.0035047249
0.0034913898
0.0034779096
0.0034645111
0.0034511753
0.0034378620
0.0034248312
0.0034120761
0.0033988617
0.0033851478
0.0033716660
0.0033585087
0.0033453966
0.0033322687
0.0033190866
0.0033058432
0.0032927988
0.0032803844
0.0032677971
0.0032540769
0.0032412032
0.0032290382
0.0032153038
0.0032012692
0.0031883273
0.0031766457
0.0031645766
0.0031505124
0.0031377538
0.0031261788
0.0031122909
0.0030980033
0.0030848156
0.0030732007
0.0030635392
0.0030546144
0.0030439040
0.0030272378
0.0030092207
0.0029969641
0.0029868984
0.0029725509
0.0029576398
0.0029442458
0.0029314962
0.0029218294
0.0029147743
0.0029018630
0.0028831548
0.0028700520
0.0028644275
0.0028565637
0.0028406269
0.0028177359
0.0027995270
0.0027913118
0.0027812048
0.0027679247
0.0027633222
0.0027632185
0.0027462929
0.0027213171
0.0027091822
0.0027034192
0.0026873716
0.0026658572
0.0026486549
0.0026372292
0.0026238140
0.0026152992
0.0026133169
0.0026127229
0.0025991439
0.0025746730
0.0025618090
0.0025623082
0.0025580878
0.0025445814
0.0025251511
0.0025091760
0.0025037780
0.0024897574
0.0024727717
0.0024759727
0.0024711272
0.0024369267
0.0024160004
0.0024217213
0.0024214188
0.0023980509
0.0023674430
0.0023666958
0.0023826775
0.0023622469
0.0023221618
0.0023090660
0.0023190303
0.0023170259
0.0022952116
0.0022740126
0.0022640858
0.0022438347
0.0022233366
0.0022133618
0.0022033565
0.0021795410
0.0021551574
0.0021629040
0.0021832373
0.0021845063
0.0021696592
0.0021439241
0.0021220059
0.0021258204
0.0021276670
0.0021030514
0.0020677382
0.0020590009
0.0020594011
0.0020346642
0.0020242195
0.0020393296
0.0020275431
0.0019872260
0.0019764943
0.0019952783
0.0019838298
0.0019438438
0.0019328411
0.0019389202
0.0019128345
0.0018843429
0.0018886260
0.0019076885
0.0018932684
0.0018678384
0.0018752844
0.0018634919
0.0018067639
0.0017796512
0.0018033173
0.0017933717
0.0017627230
0.0017622692
0.0017862934
0.0017924477
0.0017791680
0.0017656367
0.0017538035
0.0017439617
0.0017396427
0.0017309071
0.0016843653
0.0016209084
0.0016126417
0.0016208653
0.0016104563
0.0016111630
0.0016351016
0.0016477739
0.0016380555
0.0016024655
0.0015532254
0.0015464487
0.0015630100
0.0015357378
0.0014805434
0.0014420918
0.0014583598
0.0014958702
0.0015009842
0.0014422554
0.0014102516
0.0014442027
0.0014383777
0.0014053291
0.0013881581
0.0013802989
0.0013733812
0.0013651707
0.0013487795
0.0013160210
0.0013074103
0.0013387084
0.0013258129
0.0013162025
0.0013451824
0.0013390292
0.0013060968
0.0012941184
0.0012641848
0.0012305957
0.0012147902
0.0012263317
0.0012656376
0.0012877510
0.0012714760
0.0012017388
0.0011472244
0.0011987180
0.0012129400
0.0011260345
0.0010829686
0.0011305865
0.0011297419
0.0010854668
0.0010619467
0.0010863439
0.0011358721
0.0011202369
0.0010479712
0.0010325909
0.0010857636
0.0011111999
0.0010669106
0.0009935466
0.0009837451
0.0010337319
0.0010572518
0.0010404130
0.0009996241
0.0009660788
0.0009608517
0.0009272407
0.0008919014
0.0008740391
0.0008650065
0.0008874123
0.0009299004
0.0009164097
0.0008786186
0.0008918471
0.0008838833
0.0008520333
0.0008637597
0.0008519169
0.0008211250
0.0008400291
0.0008269637
0.0007619068
0.0007530446
0.0007768105
0.0007361874
0.0006941632
0.0007154163
0.0007419193
0.0006976465
0.0006557049
0.0006722160
0.0006943537
0.0006833394
0.0007039642
0.0007181623
0.0006807963
0.0006457578
0.0006458027
0.0005774878
0.0004698177
0.0004538783
0.0005425306
0.0006268953
0.0006389906
0.0006226248
0.0006104675
0.0005769577
0.0005336635
0.0005226256
0.0005197623
0.0005416422
0.0005269482
0.0004896121
0.0005059663
0.0005008437
0.0004673239
0.0004565379
0.0004113219
0.0003693405
0.0003927160
0.0004534568
0.0004447445
0.0003697477
0.0003253286
0.0003135460
0.0003107840
0.0003406404
0.0003649444
0.0002875714
0.0001866015
0.0001799770
0.0002019235
0.0001813468
0.0002344782
0.0003564358
0.0003770898
0.0002539785
0.0002060551
0.0002813082
0.0003112523
0.0002193411
0.0001424798
0.0002413107
0.0002997885
0.0001899320
0.0001396866
0.0001999972
0.0002015158
0.0001268025
0.0001094852
0.0001328457
0.0001212768
0.0001438541
0.0001991528
0.0001979109
0.0000925309
0.0000116678
-0.0000020917
0.0000359074
0.0001207346
0.0001396184
0.0000652736
0.0000273825
-0.0000095188
-0.0000718552
-0.0001157416
-0.0000961609
-0.0000701763
-0.0000439074
-0.0000241058
-0.0000702634
-0.0001174984
-0.0001012460
-0.0000359005
-0.0000018212
-0.0000471505
-0.0001645931
-0.0002339411
-0.0001688067
-0.0001038775
-0.0001481521
-0.0002041857
-0.0002106832
-0.0001789435
-0.0001610853
-0.0001832605
-0.0001573706
-0.0000980041
-0.0001036472
-0.0002103207
-0.0002754168
-0.0002852495
-0.0003220025
-0.0003305428
-0.0002430972
-0.0002154491
-0.0002881743
-0.0003420255
-0.0003500720
-0.0003221192
-0.0002697294
-0.0002442796
-0.0002552275
-0.0003032632
-0.0003645593
-0.0003676190
-0.0003772836
-0.0004468507
-0.0004293636
-0.0003716590
-0.0003722876
-0.0003879028
-0.0004298845
-0.0004615376
-0.0004759057
-0.0004887977
-0.0004625030
-0.0003960451
-0.0004026688
-0.0005187141
-0.0006010313
-0.0005354959
-0.0004332024
-0.0004425485
-0.0005331489
-0.0005757101
-0.0005401041
-0.0005062509
-0.0005523198
-0.0006027784
-0.0006032595
-0.0005702099
-0.0005797577
-0.0006566574
-0.0006635234
-0.0006350700
-0.0006426901
-0.0006634842
-0.0006392675
-0.0005753384
-0.0005815535
-0.0006648614
-0.0007113136
-0.0006745834
-0.0006151911
-0.0006367970
-0.0006792229
-0.0006200993
-0.0005866343
-0.0006866069
-0.0007694865
-0.0007782781
-0.0007445981
-0.0006911454
-0.0006669765
-0.0006753745
-0.0007207506
-0.0007871956
-0.0007948609
-0.0007710934
-0.0007748298
-0.0007505403
-0.0007516825
-0.0008185577
-0.0008995355
-0.0009421978
-0.0008788779
-0.0007862224
-0.0007698940
-0.0008163000
-0.0008482784
-0.0008506696
-0.0009258596
-0.0009932351
-0.0009334411
-0.0008767249
-0.0009223247
-0.0009332774
-0.0008705486
-0.0008949940
-0.0010143014
-0.0010668443
-0.0010023829
-0.0008639981
-0.0008514195
-0.0009410133
-0.0009836066
-0.0009123582
-0.0008830182
-0.0009693105
-0.0009853620
-0.0009105216
-0.0008701331
-0.0009872799
-0.0011303725
-0.0010960291
-0.0009982971
-0.0010058955
-0.0010495555
-0.0010241062
-0.0010545888
-0.0011612982
-0.0011780848
-0.0011113731
-0.0010437474
-0.0010620411
-0.0011367303
-0.0011483660
-0.0011209822
-0.0011204429
-0.0010970667
-0.0011045146
-0.0011689218
-0.0012141807
-0.0012258921
-0.0011974334
-0.0011295271
-0.0011048262
-0.0011839935
-0.0012902465
-0.0012640420
-0.0011977741
-0.0011991095
-0.0012122217
-0.0012504724
-0.0012901322
-0.0013091961
-0.0012742295
-0.0011770440
-0.0011592140
-0.0012744858
-0.0013122316
-0.0012375338
-0.0012376775
-0.0013541699
-0.0013988538
-0.0012945330
-0.0012545843
-0.0013559762
-0.0014528037
-0.0014585210
-0.0013854976
-0.0012629099
-0.0012768858
-0.0013590324
-0.0013722470
-0.0013569066
-0.0013486438
-0.0014319713
-0.0015405665
-0.0015164393
-0.0013865463
-0.0013281050
-0.0013488881
-0.0013685860
-0.0013635415
-0.0013599451
-0.0014045166
-0.0014786666
-0.0014617061
-0.0013676268
-0.0013223866
-0.0013299885
-0.0014526046
-0.0015855759
-0.0015193404
-0.0013822509
-0.0014093716
-0.0015246754
-0.0016027225
-0.0016312692
-0.0015936720
-0.0015406450
-0.0015224603
-0.0015377599
-0.0015071556
-0.0014784878
-0.0015193676
-0.0015908472
-0.0015905634
-0.0015615061
-0.0016022481
-0.0016160649
-0.0015532406
-0.0015157065
-0.0015638873
-0.0016469648
-0.0016382437
-0.0015640795
-0.0016037580
-0.0017456637
-0.0017595635
-0.0016578566
-0.0016206900
-0.0016350497
-0.0016815308
-0.0017127672
-0.0017204972
-0.0017224893
-0.0016985283
-0.0016699944
-0.0016812494
-0.0016936315
-0.0016962473
-0.0016610362
-0.0016717707
-0.0017443872
-0.0017542492
-0.0016925826
-0.0016629835
-0.0016735186
-0.0016817293
-0.0016863816
-0.0017172621
-0.0017534139
-0.0017597646
-0.0017725286
-0.0017475631
-0.0016831157
-0.0016417117
-0.0017199030
-0.0018652199
-0.0019005894
-0.0017854345
-0.0017249920
-0.0018092043
-0.0018855219
-0.0018119067
-0.0017813411
-0.0018827567
-0.0019277930
-0.0018610901
-0.0018623042
-0.0019085050
-0.0018869485
-0.0018168656
-0.0018227683
-0.0019030564
-0.0019154442
-0.0018467680
-0.0018092473
-0.0018490574
-0.0019261466
-0.0019626293
-0.0019390840
-0.0018799560
-0.0018170359
-0.0017820381
-0.0018554118
-0.0019953622
-0.0020584518
-0.0019860917
-0.0019268786
-0.0019659730
-0.0019720627
-0.0019449698
-0.0020082820
-0.0020768215
-0.0020499707
-0.0020232587
-0.0020322991
-0.0019892660
-0.0018922480
-0.0018587511
-0.0019007869
-0.0020082237
-0.0020466967
-0.0020081097
-0.0019705343
-0.0019524335
-0.0020193996
-0.0020454673
-0.0020507965
-0.0021428055
-0.0021820286
-0.0021290800
-0.0020895855
-0.0020651666
-0.0020519550
-0.0020857547
-0.0020853677
-0.0020626918
-0.0021008749
-0.0021084672
-0.0020460269
-0.0020165458
-0.0020576238
-0.0020966338
-0.0020685282
-0.0020669822
-0.0020987409
-0.0021009577
-0.0021344037
-0.0021964778
-0.0022340076
-0.0022100023
-0.0021832429
-0.0021458654
-0.0020940244
-0.0021357771
-0.0022101657
-0.0021563637
-0.0020853261
-0.0020752989
-0.0021234612
-0.0022257441
-0.0022841082
-0.0022477917
-0.0022394781
-0.0022843616
-0.0023026390
-0.0022712650
-0.0021720471
-0.0021454615
-0.0022154839
-0.0022659435
-0.0022692898
-0.0022270081
-0.0021655669
-0.0021808635
-0.0022508145
-0.0022453682
-0.0022089341
-0.0022798346
-0.0023579808
-0.0022964885
-0.0021922378
-0.0021934851
-0.0022709325
-0.0023111445
-0.0023122516
-0.0023041766
-0.0022766327
-0.0022606392
-0.0022955676
-0.0022681817
-0.0022057753
-0.0022413922
-0.0022793791
-0.0022842780
-0.0022745624
-0.0023105929
-0.0023499588
-0.0023521483
-0.0023221171
-0.0022952798
-0.0022995990
-0.0022767055
-0.0022777521
-0.0023054410
-0.0023147465
-0.0023533282
-0.0023555293
-0.0022920327
-0.0022566864
-0.0022938354
-0.0023657906
-0.0023947999
-0.0023913875
-0.0023965014
-0.0024013141
-0.0023694737
-0.0023369184
-0.0023788498
-0.0024220318
-0.0023914092
-0.0023202250
-0.0023206298
-0.0023933672
-0.0024370795
-0.0024314287
-0.0023939408
-0.0023697285
-0.0024052752
-0.0024138686
-0.0023896908
-0.0023853224
-0.0023531557
-0.0023549586
-0.0024234277
-0.0024702900
-0.0024404288
-0.0023407668
-0.0022768774
-0.0023147875
-0.0023854572
-0.0024472158
-0.0024725946
-0.0024760297
-0.0024718680
-0.0024439087
-0.0024391989
-0.0024995524
-0.0025442985
-0.0025861625
-0.0025466696
-0.0024202602
-0.0023909909
-0.0024650272
-0.0025056857
-0.0024985463
-0.0024989929
-0.0025107488
-0.0024806102
-0.0024092525
-0.0024110975
-0.0025124495
-0.0025816087
-0.0025516599
-0.0025162642
-0.0024838198
-0.0024341755
-0.0024397017
-0.0024702817
-0.0024469031
-0.0024477508
-0.0024739769
-0.0024501893
-0.0024540930
-0.0024848622
-0.0024556433
-0.0024286423
-0.0024550990
-0.0024828831
-0.0024873976
-0.0025565101
-0.0025917205
-0.0024931094
-0.0024221998
-0.0024615108
-0.0025387471
-0.0025391379
-0.0024980697
-0.0025003537
-0.0025075713
-0.0025090743
-0.0024959724
-0.0025331211
-0.0026051157
-0.0026329106
-0.0025613032
-0.0025300297
-0.0026029733
-0.0026094853
-0.0025497646
-0.0025152975
-0.0025213615
-0.0024908537
-0.0024899337
-0.0025563709
-0.0025959924
-0.0025631178
-0.0024976757
-0.0024738642
-0.0024734487
-0.0024667141
-0.0025048096
-0.0026068390
-0.0026303288
-0.0025259209
-0.0025213744
-0.0026273671
-0.0026399897
-0.0025734321
-0.0025249637
-0.0025310708
-0.0025692300
-0.0026409077
-0.0026406369
-0.0025735637
-0.0025049679
-0.0025110113
-0.0025739481
-0.0026085204
-0.0026383719
-0.0026640178
-0.0026295240
-0.0026033018
-0.0026162239
-0.0025935195
-0.0024905138
-0.0024228765
-0.0024973592
-0.0025988436
-0.0025921530
-0.0025498585
-0.0025844774
-0.0026140420
-0.0025819496
-0.0025825880
-0.0026519894
-0.0026215648
-0.0025274462
-0.0025198259
-0.0025599255
-0.0025645100
-0.0025869614
-0.0026136936
-0.0026260289
-0.0026239986
-0.0025793976
-0.0025400985
-0.0026169952
-0.0027244508
-0.0026840451
-0.0025419593
-0.0025400466
-0.0026547294
-0.0026671439
-0.0025912634
-0.0025209449
-0.0025268638
-0.0025627077
-0.0025684843
-0.0025966905
-0.0025894215
-0.0025497582
-0.0025806992
-0.0026563608
-0.0026856966
-0.0026050345
-0.0025650729
-0.0026697338
-0.0027445140
-0.0027020520
-0.0026240152
-0.0026355520
-0.0026831617
-0.0026219341
-0.0025170183
-0.0025085152
-0.0025830256
-0.0026510079
-0.0026747851
-0.0026385527
-0.0026079990
-0.0025957830
-0.0025932710
-0.0026622848
-0.0027669317
-0.0027307883
-0.0025930657
-0.0025309939
-0.0025820470
-0.0025884535
-0.0025147411
-0.0025039105
-0.0025785442
-0.0026210000
-0.0025764419
-0.0025014219
-0.0025110790
-0.0025789937
-0.0025695460
-0.0025298440
-0.0025957087
-0.0026634904
-0.0025975760
-0.0025225779
-0.0025534118
-0.0025952276
-0.0025931614
-0.0025831655
-0.0025874961
-0.0025901408
-0.0025547793
-0.0025159393
-0.0025473948
-0.0026071973
-0.0026397693
-0.0026377075
-0.0026352483
-0.0025891865
-0.0025567271
-0.0026246484
-0.0027073852
-0.0026372614
-0.0024940173
-0.0024319630
-0.0025219433
-0.0025568546
-0.0024513026
-0.0023830634
-0.0024332755
-0.0024211203
-0.0022659761
-0.0021332759
-0.0021041948
-0.0021203239
-0.0021568407
-0.0021854039
-0.0021450733
-0.0021021430
-0.0021267996
-0.0022203279
-0.0023054193
-0.0023482321
-0.0024010083
-0.0024644305
-0.0024906207
-0.0024224981
-0.0023640773
-0.0023542378
-0.0022390937
-0.0019901012
-0.0016371256
-0.0012675093
-0.0010207647
-0.0008899932
-0.0008330089
-0.0008987751
-0.0011096318
-0.0014702247
-0.0019380531
-0.0023978592
-0.0028459075
-0.0032973235
-0.0037228723
-0.0041455537
-0.0045380144
-0.0049419409
-0.0053333471
-0.0056156986
-0.0057250769
-0.0056134891
-0.0053450873
-0.0048858378
-0.0042294042
-0.0034735012
-0.0026413278
-0.0017507065
-0.0008055209
0.0000203615
0.0006105512
0.0009764847
0.0011644965
0.0010907212
0.0005995857
-0.0002834083
-0.0012551574
-0.0021315928
-0.0029755189
-0.0038007313
-0.0044684799
-0.0048562961
-0.0049835193
-0.0050043830
-0.0049476562
-0.0046589104
-0.0041009034
-0.0034216804
-0.0027603635
-0.0021360075
-0.0016359392
-0.0012253516
-0.0008069622
-0.0003516278
0.0000459882
0.0001959452
0.0000224312
-0.0003239945
-0.0005578641
-0.0006756960
-0.0009099065
-0.0012771248
-0.0014970864
-0.0014261816
-0.0011971906
-0.0009334552
-0.0006877338
-0.0004949318
-0.0002778994
0.0000586449
0.0005310548
0.0008260881
0.0006572379
0.0001525098
-0.0004378441
-0.0010583815
-0.0017270117
-0.0025027996
-0.0034525353
-0.0043951906
-0.0052740726
-0.0061704838
-0.0069277490
-0.0073864960
-0.0074125676
-0.0070071178
-0.0062821246
-0.0054116810
-0.0046405085
-0.0039307977
-0.0030579680
-0.0019409494
-0.0005819917
0.0008890405
0.0021474107
0.0028675477
0.0032071318
0.0034931866
0.0037265675
0.0036940852
0.0033340103
0.0028508578
0.0023905673
0.0018903774
0.0011810295
0.0003625153
-0.0003281593
-0.0008832849
-0.0015459488
-0.0025761180
-0.0039039202
-0.0054237735
-0.0070046279
-0.0083075826
-0.0090640997
-0.0093267582
-0.0091632384
-0.0087233662
-0.0083354506
-0.0081407327
-0.0080236912
-0.0077122099
-0.0069350679
-0.0055945351
-0.0038216757
-0.0018617001
0.0000088458
0.0016832776
0.0031872360
0.0045896018
0.0058475379
0.0067475408
0.0070992363
0.0069517574
0.0066590797
0.0063788352
0.0058842452
0.0050228602
0.0039066822
0.0026765312
0.0013017438
-0.0001795445
-0.0015726369
-0.0028332970
-0.0040622110
-0.0050100479
-0.0055246725
-0.0058096839
-0.0059717291
-0.0059842334
-0.0059537199
-0.0059342010
-0.0057039799
-0.0051111783
-0.0041798508
-0.0031156123
-0.0021070810
-0.0012113415
-0.0003945563
0.0005077833
0.0016152541
0.0028983106
0.0040704078
0.0047740825
0.0050425062
0.0053751512
0.0061201664
0.0071029856
0.0080562872
0.0090327808
0.0099097476
0.0101689915
0.0094514985
0.0078038093
0.0055106171
0.0028401478
-0.0002597399
-0.0039770015
-0.0081795713
-0.0122871364
-0.0157639181
-0.0186429587
-0.0210207950
-0.0227820908
-0.0237156998
-0.0237143908
-0.0228178937
-0.0212221337
-0.0188671326
-0.0152680444
-0.0100821088
-0.0035623756
0.0037456983
0.0111766990
0.0182391534
0.0247139060
0.0302022220
0.0340635898
0.0360232534
0.0360731653
0.0341981037
0.0302697324
0.0245533635
0.0180434697
0.0113841577
0.0045698099
-0.0023450628
-0.0086894313
-0.0138332410
-0.0179431367
-0.0218156384
-0.0256776242
-0.0286820120
-0.0300168932
-0.0299692258
-0.0295923164
-0.0291685145
-0.0276786229
-0.0241691831
-0.0189169064
-0.0129750541
-0.0070321048
-0.0012419795
0.0042656816
0.0090521068
0.0127140766
0.0152223381
0.0166920878
0.0169824685
0.0156253265
0.0127302567
0.0096470361
0.0080316010
0.0085515397
0.0105939280
0.0129435907
0.0146084563
0.0152519433
0.0150408460
0.0141884786
0.0130031906
0.0115685675
0.0092444312
0.0051986011
-0.0004763318
-0.0064625207
-0.0113057935
-0.0141266054
-0.0147983647
-0.0137916269
-0.0119348512
-0.0099611944
-0.0081904594
-0.0064971438
-0.0046714264
-0.0026037087
-0.0004276127
0.0011317015
0.0014877426
0.0011327702
0.0013834624
0.0031250810
0.0059814601
0.0091567240
0.0121471744
0.0146518920
0.0161173135
0.0157626901
0.0135240054
0.0102739722
0.0063903374
0.0013718462
-0.0049893973
-0.0117611042
-0.0174738115
-0.0212441862
-0.0230531600
-0.0232666611
-0.0220131480
-0.0193546068
-0.0154754315
-0.0105666947
-0.0049703824
0.0003568811
0.0042574082
0.0063445064
0.0072894341
0.0079500488
0.0085511594
0.0088235940
0.0088561521
0.0093040301
0.0106862579
0.0131889883
0.0166811063
0.0202383810
0.0218719235
0.0199705731
0.0146752178
0.0077845813
0.0015802573
-0.0025286892
-0.0048083656
-0.0066030160
-0.0089143457
-0.0113330614
-0.0126677634
-0.0124626923
-0.0114257115
-0.0103764036
-0.0098037280
-0.0102493416
-0.0117589931
-0.0134249184
-0.0138637954
-0.0126297099
-0.0104073090
-0.0076290453
-0.0038758641
0.0008307019
0.0055613367
0.0092479242
0.0114367962
0.0127617814
0.0140499365
0.0152049081
0.0155660809
0.0150250062
0.0138229261
0.0116721566
0.0082707765
0.0043796656
0.0013730150
-0.0000713347
-0.0006571676
-0.0014530917
-0.0026097734
-0.0036196392
-0.0043798095
-0.0057008284
-0.0086656444
-0.0132249921
-0.0179877064
-0.0211158890
-0.0217761571
-0.0206400920
-0.0187752268
-0.0166374052
-0.0139093422
-0.0100182958
-0.0045364765
0.0020427558
0.0080611781
0.0120183747
0.0141444090
0.0162717541
0.0199597469
0.0249161945
0.0295317938
0.0322031502
0.0323743105
0.0307009180
0.0278820464
0.0238122793
0.0181343184
0.0110984988
0.0034105935
-0.0045726496
-0.0126058219
-0.0197388234
-0.0249772930
-0.0286823218
-0.0317171568
-0.0337451611
-0.0334562523
-0.0303179731
-0.0255243075
-0.0205479401
-0.0153695072
-0.0090482582
-0.0013812774
0.0068198267
0.0147495180
0.0225657759
0.0310865642
0.0404986052
0.0500609131
0.0582806068
0.0630967205
0.0630057772
0.0578086400
0.0487925240
0.0379592893
0.0269196787
0.0164184620
0.0062640100
-0.0043123917
-0.0160089305
-0.0283006446
-0.0389759399
-0.0455341698
-0.0471235564
-0.0451814360
-0.0421824445
-0.0400485289
-0.0392525872
-0.0387122663
-0.0365735056
-0.0317938736
-0.0252397242
-0.0188023695
-0.0129564582
-0.0063098072
0.0022614626
0.0124933330
0.0235753711
0.0348434861
0.0452768621
0.0536578452
0.0590654446
0.0607309898
0.0576306222
0.0491512906
0.0365007686
0.0229895677
0.0120474577
0.0046049044
-0.0013724935
-0.0085942949
-0.0179363585
-0.0279645756
-0.0362549169
-0.0412317608
-0.0434667878
-0.0449682994
-0.0473171017
-0.0506731957
-0.0542844937
-0.0566263628
-0.0556667091
-0.0498195421
-0.0389247737
-0.0244300215
-0.0083989518
0.0077852614
0.0234512084
0.0378258338
0.0497142514
0.0581854337
0.0634064159
0.0661239268
0.0662392533
0.0628195695
0.0557248443
0.0467309363
0.0381188779
0.0303699456
0.0221392498
0.0123611829
0.0012633977
-0.0101517103
-0.0208015760
-0.0297562270
-0.0365736451
-0.0421856957
-0.0486305123
-0.0571833528
-0.0668955414
-0.0749472345
-0.0779494910
-0.0734168178
-0.0613006522
-0.0446073540
-0.0278388519
-0.0141192002
-0.0035357829
0.0058955477
0.0160580826
0.0270887234
0.0375115443
0.0453322194
0.0489812192
0.0482567537
0.0444238696
0.0392002276
0.0340879083
0.0299019975
0.0263251473
0.0218883043
0.0147387363
0.0041575275
-0.0086779162
-0.0215860731
-0.0330531533
-0.0426470147
-0.0500436932
-0.0543865575
-0.0549438385
-0.0521282109
-0.0470363763
-0.0406345182
-0.0336880078
-0.0264073629
-0.0177843304
-0.0062825760
0.0080558702
0.0228967464
0.0354328824
0.0446436478
0.0512470566
0.0559140963
0.0587844845
0.0602562859
0.0610529257
0.0610293458
0.0589772143
0.0535939549
0.0447675012
0.0335773265
0.0213926544
0.0094592799
-0.0011941160
-0.0104289132
-0.0190111274
-0.0274661815
-0.0353676538
-0.0418930740
-0.0464660130
-0.0487396565
-0.0485993187
-0.0467831742
-0.0446930185
-0.0428597200
-0.0401428493
-0.0348824195
-0.0265489927
-0.0159670874
-0.0045846210
0.0059147663
0.0141824935
0.0203723666
0.0258418636
0.0312911411
0.0359775559
0.0387274788
0.0393923255
0.0385875744
0.0364132309
0.0328438274
0.0289653833
0.0262855829
0.0249235982
0.0231498119
0.0188523402
0.0120484791
0.0049996217
-0.0004358205
-0.0044671929
-0.0085065628
-0.0135422368
-0.0195493169
-0.0260184776
-0.0317271647
-0.0348660908
-0.0345635426
-0.0319041066
-0.0286112905
-0.0250509692
-0.0207787670
-0.0159163457
-0.0106778534
-0.0049436903
0.0008007081
0.0049182741
0.0065233206
0.0076305769
0.0113799622
0.0183258504
0.0255357787
0.0297835833
0.0307904246
0.0304237181
0.0297226841
0.0277640809
0.0231971544
0.0160660166
0.0077353477
-0.0005807690
-0.0087939256
-0.0174534775
-0.0265956064
-0.0354713610
-0.0425595126
-0.0456848284
-0.0433223251
-0.0361754398
-0.0273204247
-0.0200663065
-0.0150997645
-0.0104054128
-0.0042607060
0.0027267312
0.0085407833
0.0121533006
0.0138242111
0.0141325838
0.0135402032
0.0123521560
0.0103235139
0.0069931544
0.0033303119
0.0018638517
0.0037273310
0.0063612622
0.0058487066
0.0011644294
-0.0055523827
-0.0120487882
-0.0168414378
-0.0178452251
-0.0137404846
-0.0069298838
-0.0020200962
-0.0006474007
0.0001419659
0.0035554231
0.0089120995
0.0127986554
0.0130335269
0.0102107883
0.0063408820
0.0026581873
-0.0007923510
-0.0038828528
-0.0058384197
-0.0064049524
-0.0069370506
-0.0091224370
-0.0126696598
-0.0152946412
-0.0153801905
-0.0134509926
-0.0104696118
-0.0067689779
-0.0028730307
0.0005448474
0.0042140869
0.0099286615
0.0182855031
0.0280054463
0.0371351054
0.0436494402
0.0453870448
0.0411475830
0.0323869477
0.0225810638
0.0145065724
0.0085661074
0.0032507628
-0.0037109837
-0.0134325887
-0.0242793094
-0.0330377496
-0.0379175212
-0.0395850892
-0.0396597838
-0.0392436994
-0.0381011629
-0.0350048661
-0.0290023440
-0.0204900225
-0.0108902245
-0.0011845045
0.0084771473
0.0177068863
0.0249845947
0.0284553295
0.0282728260
0.0272227329
0.0277297632
0.0290381475
0.0280563948
0.0228213285
0.0142363276
0.0042160089
-0.0061716658
-0.0164329481
-0.0256486650
-0.0330510314
-0.0388715968
-0.0430622516
-0.0433879935
-0.0372497250
-0.0256189355
-0.0134442701
-0.0052060580
-0.0012110987
0.0012985307
0.0045982006
0.0084103249
0.0112030765
0.0124556632
0.0132506209
0.0151084803
0.0187326261
0.0240940027
0.0311205707
0.0393428375
0.0466313417
0.0503631260
0.0495108423
0.0447607005
0.0371491111
0.0275718247
0.0173252226
0.0079633400
0.0001495686
-0.0062198289
-0.0111912421
-0.0149867979
-0.0180113742
-0.0202273507
-0.0214883128
-0.0222208190
-0.0231906686
-0.0245672142
-0.0261826335
-0.0286162693
-0.0319509136
-0.0345927893
-0.0347480222
-0.0323133245
-0.0283749408
-0.0237361381
-0.0185164620
-0.0127608375
-0.0065463836
0.0004788153
0.0086163947
0.0170169238
0.0235282257
0.0264349469
0.0263117019
0.0253692815
0.0248351683
0.0235075944
0.0197511352
0.0141571802
0.0091542983
0.0058766057
0.0026494402
-0.0021854045
-0.0069611002
-0.0082219153
-0.0056361598
-0.0030599910
-0.0041383760
-0.0086320223
-0.0139256784
-0.0184869163
-0.0221321093
-0.0244686436
-0.0247234154
-0.0226935428
-0.0189522501
-0.0136845358
-0.0065098141
0.0017979121
0.0088728392
0.0129124521
0.0143992920
0.0150711053
0.0158233455
0.0160637002
0.0150904778
0.0132758392
0.0119118308
0.0119540889
0.0122281919
0.0104194274
0.0062820503
0.0030580968
0.0046817297
0.0106237968
0.0150105179
0.0128910777
0.0059353940
-0.0000625231
-0.0029127831
-0.0058901302
-0.0117654582
-0.0183177536
-0.0219662668
-0.0233625177
-0.0260628744
-0.0307719245
-0.0340274641
-0.0328574334
-0.0278988675
-0.0213647077
-0.0146960704
-0.0092120677
-0.0059968447
-0.0043337823
-0.0020157427
0.0020082080
0.0059269581
0.0070364551
0.0052480096
0.0035984617
0.0054400081
0.0117016033
0.0201187814
0.0265288275
0.0282974233
0.0274915749
0.0292547159
0.0360552158
0.0437632710
0.0456228379
0.0400126652
0.0316054010
0.0248443227
0.0197431338
0.0145996399
0.0090406657
0.0033738247
-0.0026362389
-0.0087909727
-0.0134129220
-0.0148039503
-0.0135782623
-0.0122806732
-0.0127410358
-0.0141267958
-0.0141884637
-0.0121722271
-0.0096747979
-0.0078917339
-0.0052485558
0.0007436736
0.0097019547
0.0186582797
0.0254892380
0.0300686078
0.0327597163
0.0334353973
0.0320806913
0.0292442023
0.0253957210
0.0201649555
0.0127266605
0.0033217991
-0.0057225977
-0.0116596891
-0.0134893601
-0.0121536468
-0.0092286740
-0.0062167540
-0.0043269993
-0.0045079252
-0.0070999331
-0.0109670542
-0.0137257585
-0.0133368794
-0.0099774059
-0.0058025336
-0.0015368720
0.0056054942
0.0182890829
0.0340259865
0.0461486567
0.0502283569
0.0477768899
0.0427575999
0.0365715146
0.0279500785
0.0165288992
0.0042802277
-0.0058902282
-0.0111102463
-0.0092934518
-0.0016994497
0.0062187006
0.0088371929
0.0058287634
0.0020584513
0.0016719484
0.0044218325
0.0079074106
0.0109102114
0.0133431590
0.0142097148
0.0118710764
0.0068493874
0.0022573431
0.0008366485
0.0030934473
0.0084944399
0.0161445378
0.0231725746
0.0249983293
0.0199196936
0.0122304273
0.0080985699
0.0087017078
0.0096825211
0.0078397595
0.0053826040
0.0059398612
0.0086286249
0.0090558132
0.0060777130
0.0042786160
0.0078059245
0.0138734036
0.0153152134
0.0091062717
-0.0008390661
-0.0092569501
-0.0151149207
-0.0211450576
-0.0299378698
-0.0417226382
-0.0540470647
-0.0618092972
-0.0590915250
-0.0438436236
-0.0214195106
-0.0012259166
0.0109710457
0.0161297722
0.0172474275
0.0141122650
0.0052514297
-0.0065325436
-0.0144559340
-0.0141629214
-0.0077720755
-0.0009699102
0.0025810847
0.0036057379
0.0051029035
0.0086832518
0.0133233123
0.0171283941
0.0186756516
0.0169007516
0.0116779859
0.0056798182
0.0025697620
0.0020896170
0.0006929504
-0.0013328884
0.0022341254
0.0147213380
0.0294284169
0.0362468606
0.0339811476
0.0307609954
0.0330082182
0.0394082109
0.0455334923
0.0495757344
0.0518937066
0.0525885120
0.0517765275
0.0507202668
0.0510035894
0.0529829431
0.0557831050
0.0581797688
0.0589505662
0.0572478020
0.0532845414
0.0482061688
0.0424634638
0.0354026139
0.0267263261
0.0163943452
0.0030556650
-0.0152359619
-0.0365440180
-0.0541180364
-0.0629758973
-0.0658443886
-0.0702485409
-0.0792116132
-0.0870693074
-0.0859244017
-0.0748322544
-0.0596956496
-0.0450113862
-0.0304662196
-0.0158025621
-0.0039875780
0.0028734096
0.0077917372
0.0164273981
0.0314012280
0.0501686226
0.0678951338
0.0811563659
0.0887309105
0.0901870637
0.0858212248
0.0780060329
0.0698056073
0.0621392960
0.0539656957
0.0445553573
0.0343788551
0.0237550017
0.0129935501
0.0041153803
0.0000466691
0.0013159030
0.0044238175
0.0048588034
0.0013048950
-0.0035296616
-0.0058984692
-0.0038210007
0.0024525710
0.0108405144
0.0183983228
0.0227060272
0.0236252421
0.0242323411
0.0284385261
0.0365128779
0.0442009728
0.0477021359
0.0482344206
0.0493233580
0.0516068546
0.0525318612
0.0501434196
0.0452223479
0.0395366475
0.0340064171
0.0289462449
0.0247820006
0.0209768437
0.0160124599
0.0100763532
0.0064664494
0.0075451860
0.0105062443
0.0098066272
0.0035876094
-0.0047774129
-0.0113979230
-0.0156321723
-0.0186186085
-0.0200845338
-0.0188480635
-0.0153213750
-0.0115518570
-0.0089580056
-0.0078933952
-0.0089778309
-0.0132547251
-0.0209244838
-0.0303652777
-0.0387971935
-0.0440578661
-0.0445746777
-0.0393276818
-0.0287696338
-0.0150374448
-0.0008110055
0.0123006742
0.0243305529
0.0352571757
0.0431955899
0.0462564546
0.0464859313
0.0494952695
0.0577050600
0.0665359202
0.0697830967
0.0657822376
0.0560520045
0.0415772229
0.0243844863
0.0092116628
-0.0004883358
-0.0067369673
-0.0145388483
-0.0260312616
-0.0391450856
-0.0512437044
-0.0613165276
-0.0679807874
-0.0679996379
-0.0589510047
-0.0438541313
-0.0316506119
-0.0305723011
-0.0395911874
-0.0480913621
-0.0468607896
-0.0372308327
-0.0269791087
-0.0211617550
-0.0198820771
-0.0214726014
-0.0244011901
-0.0277175625
-0.0315757684
-0.0361544351
-0.0398878571
-0.0406960079
-0.0385438024
-0.0348610895
-0.0296743335
-0.0215589247
-0.0106260757
0.0003552998
0.0087830359
0.0146777066
0.0197650047
0.0262716159
0.0361278997
0.0484830633
0.0584723559
0.0612294382
0.0573438996
0.0520117670
0.0490270794
0.0487054907
0.0503581029
0.0534827612
0.0565579388
0.0570076152
0.0534973209
0.0464191844
0.0358957278
0.0214441201
0.0042950441
-0.0116995325
-0.0232604565
-0.0312343352
-0.0394088884
-0.0501072877
-0.0618843946
-0.0710086098
-0.0738730739
-0.0685022858
-0.0561265380
-0.0422594341
-0.0334388552
-0.0309692113
-0.0297029153
-0.0245319525
-0.0160485673
-0.0076351306
0.0003008789
0.0096721315
0.0205728013
0.0307667592
0.0378107705
0.0394200670
0.0342334023
0.0247589269
0.0172546469
0.0160557974
0.0192828804
0.0213135232
0.0191440485
0.0152910155
0.0141276070
0.0161620493
0.0174147549
0.0150057323
0.0104776412
0.0068664988
0.0050156432
0.0040919589
0.0046618870
0.0088602164
0.0171260867
0.0266136010
0.0340665741
0.0386851277
0.0410924897
0.0411667131
0.0381770067
0.0327883356
0.0269245492
0.0212042203
0.0141809074
0.0042142680
-0.0079549788
-0.0186237496
-0.0235956288
-0.0221702001
-0.0185217102
-0.0173025751
-0.0182947530
-0.0172627968
-0.0115254764
-0.0025036705
0.0067467319
0.0142714942
0.0190149414
0.0197338419
0.0152773546
0.0064324373
-0.0030117021
-0.0080052946
-0.0060236391
0.0006245142
0.0067307128
0.0082711399
0.0045766780
-0.0022307455
-0.0087088320
-0.0120257525
-0.0121556979
-0.0125913386
-0.0168893312
-0.0246859152
-0.0322226080
-0.0361334055
-0.0355474324
-0.0314975712
-0.0255021357
-0.0184137936
-0.0109509908
-0.0047232953
-0.0014632726
-0.0017999648
-0.0050314398
-0.0090390083
-0.0107889250
-0.0084583763
-0.0037642889
-0.0006005447
-0.0002028059
0.0007757249
0.0056294896
0.0133742075
0.0207918672
0.0259057080
0.0276055840
0.0242455565
0.0155573918
0.0050043562
-0.0025214589
-0.0057759670
-0.0081307060
-0.0129866360
-0.0196527348
-0.0243614949
-0.0246079417
-0.0214044293
-0.0179446884
-0.0172291082
-0.0199732750
-0.0236574989
-0.0240749597
-0.0189459160
-0.0098461235
-0.0007140339
0.0053713628
0.0087954515
0.0123837935
0.0178784417
0.0244481138
0.0306169386
0.0358794220
0.0399602153
0.0420426452
0.0408844807
0.0355231868
0.0266586411
0.0166883390
0.0077381846
0.0000402409
-0.0075044501
-0.0157457683
-0.0249458935
-0.0348135193
-0.0438723818
-0.0497502933
-0.0513539378
-0.0494192900
-0.0442388577
-0.0348387930
-0.0221946703
-0.0108774734
-0.0044326641
-0.0014445610
0.0021621781
0.0093187749
0.0206146967
0.0346326126
0.0482500258
0.0580800579
0.0622466369
0.0607525739
0.0552668108
0.0487856011
0.0441600700
0.0414599023
0.0378375701
0.0305418498
0.0199804473
0.0096927582
0.0030931294
0.0007949967
0.0012652546
0.0031197399
0.0052590039
0.0058724842
0.0036549145
-0.0007649907
-0.0055373967
-0.0092879609
-0.0111379108
-0.0101427576
-0.0061431475
-0.0005065715
0.0044178434
0.0072530327
0.0089957419
0.0117419395
0.0161443790
0.0203469492
0.0214226905
0.0180329003
0.0115641343
0.0048768900
0.0003869447
-0.0005262876
0.0031664332
0.0117871603
0.0226771966
0.0303320043
0.0309982095
0.0267159290
0.0229596477
0.0218973573
0.0206398487
0.0166633132
0.0119528747
0.0106280858
0.0134840178
0.0165055557
0.0154628249
0.0107855218
0.0069314622
0.0073424021
0.0112204115
0.0151572880
0.0159602851
0.0121424136
0.0044458461
-0.0044232075
-0.0108763731
-0.0124058710
-0.0093743071
-0.0045044035
0.0000608629
0.0046332903
0.0100746314
0.0153335838
0.0184279022
0.0185294895
0.0162625479
0.0131496421
0.0113584897
0.0121868636
0.0136692139
0.0118211025
0.0053500336
-0.0028770343
-0.0100857525
-0.0166464306
-0.0233541795
-0.0283871112
-0.0291557477
-0.0262955185
-0.0230646024
-0.0210662887
-0.0185742414
-0.0136882810
-0.0073854790
-0.0025655273
-0.0009493980
-0.0015071581
-0.0020172076
-0.0011503776
0.0011581368
0.0047463771
0.0094761230
0.0145877869
0.0193081727
0.0237951654
0.0281747247
0.0311509786
0.0322264687
0.0341066147
0.0393899717
0.0456208432
0.0469491462
0.0409931101
0.0316956906
0.0249452165
0.0237682784
0.0282536395
0.0364487696
0.0440489563
0.0458747893
0.0404038871
0.0315624126
0.0248779158
0.0230035884
0.0254829581
0.0306871797
0.0356666420
0.0362846629
0.0300596241
0.0186601571
0.0068380769
-0.0006314544
-0.0015877040
0.0021840794
0.0062989614
0.0078111353
0.0072195715
0.0069021116
0.0084749831
0.0120323110
0.0171703275
0.0232260135
0.0286083380
0.0311330211
0.0299768070
0.0264695554
0.0227365041
0.0205703889
0.0214262109
0.0258974106
0.0325071171
0.0380801591
0.0399935427
0.0379579006
0.0339327269
0.0303695972
0.0282628512
0.0266641965
0.0238275361
0.0191158670
0.0138930614
0.0100487460
0.0077075814
0.0053392265
0.0020347246
-0.0014025179
-0.0040111383
-0.0063658868
-0.0093793219
-0.0126355052
-0.0152455813
-0.0172305085
-0.0185672720
-0.0178387503
-0.0130804100
-0.0037724938
0.0084068274
0.0203145344
0.0293064782
0.0353511030
0.0407365605
0.0467631922
0.0516823876
0.0525227851
0.0488681480
0.0434664007
0.0391122494
0.0364264076
0.0342445137
0.0311813888
0.0267068442
0.0205328899
0.0122772669
0.0023072744
-0.0080431269
-0.0174656155
-0.0252662745
-0.0316856417
-0.0379179284
-0.0447995173
-0.0511001872
-0.0537324789
-0.0504204407
-0.0421040385
-0.0329035288
-0.0269901741
-0.0248287559
-0.0238293955
-0.0221799443
-0.0201937713
-0.0181449000
-0.0151962158
-0.0108597189
-0.0063253751
-0.0033881876
-0.0024564591
-0.0020202656
-0.0008051034
0.0004108618
0.0000407905
-0.0025916224
-0.0075077330
-0.0150762699
-0.0256081249
-0.0379974047
-0.0498608208
-0.0594417865
-0.0670761017
-0.0738112604
-0.0787093577
-0.0791858386
-0.0743466997
-0.0665304735
-0.0587834245
-0.0519346210
-0.0446619187
-0.0354513679
-0.0240043160
-0.0115448478
-0.0003682157
0.0076216687
0.0124971508
0.0163572936
0.0218653416
0.0296684913
0.0369632514
0.0394270697
0.0357801841
0.0293194027
0.0236864102
0.0190508113
0.0139010716
0.0085764078
0.0049036583
0.0030635207
0.0006419310
-0.0049210708
-0.0137180669
-0.0230750404
-0.0298521847
-0.0331508806
-0.0345126761
-0.0363355928
-0.0398897570
-0.0438970825
-0.0451053082
-0.0413054249
-0.0335501454
-0.0244908637
-0.0149090244
-0.0034846681
0.0093789793
0.0194950314
0.0228521138
0.0208433805
0.0195577706
0.0239411692
0.0337082948
0.0444858164
0.0515355920
0.0528381316
0.0494519785
0.0439544969
0.0387329732
0.0344720632
0.0292983129
0.0201963380
0.0066968337
-0.0074731782
-0.0174854461
-0.0223886666
-0.0254876095
-0.0289111434
-0.0302336658
-0.0267065005
-0.0209080928
-0.0185476037
-0.0212111455
-0.0247706244
-0.0249789671
-0.0218216845
-0.0175613227
-0.0132949948
-0.0094891638
-0.0073122765
-0.0068770310
-0.0055298351
-0.0006690503
0.0064345379
0.0116901662
0.0125714480
0.0101177850
0.0066548237
0.0033491357
0.0004331647
-0.0015500111
-0.0016323882
0.0003944001
0.0030285979
0.0035750805
0.0011965706
-0.0013630176
-0.0011577978
0.0006447974
0.0007176324
-0.0010184484
-0.0015748712
-0.0003195270
0.0004366592
0.0001240892
0.0011539522
0.0044653798
0.0071660074
0.0069492535
0.0059959731
0.0076892404
0.0117147605
0.0151478534
0.0167792202
0.0177336127
0.0185989214
0.0184816629
0.0164839179
0.0131423543
0.0106874452
0.0121809781
0.0183790728
0.0252226828
0.0274702848
0.0246405673
0.0204389987
0.0173255864
0.0152485352
0.0147006858
0.0171611062
0.0210910217
0.0210028924
0.0137031523
0.0029032220
-0.0055827247
-0.0113422995
-0.0188132764
-0.0301812394
-0.0421619541
-0.0508883286
-0.0565146563
-0.0613743206
-0.0651415778
-0.0643915465
-0.0576239629
-0.0484424066
-0.0414193469
-0.0368203940
-0.0317942152
-0.0248390284
-0.0171980756
-0.0112525576
-0.0088043995
-0.0096270167
-0.0114757461
-0.0119151824
-0.0097737258
-0.0049428565
0.0014197571
0.0065865623
0.0086042316
0.0083416826
0.0067932431
0.0012087653
-0.0128050731
-0.0351017792
-0.0589404980
-0.0767462041
-0.0871516840
-0.0946103420
-0.1028216968
-0.1115142595
-0.1191492779
-0.1256396324
-0.1318632705
-0.1382300422
-0.1445443747
-0.1499855645
-0.1524020879
-0.1489229238
-0.1387497125
-0.1247114479
-0.1093084640
-0.0892053085
-0.0584374609
-0.0182628059
0.0221002186
0.0547664909
0.0786072476
0.0964423808
0.1107760577
0.1225013008
0.1317082136
0.1384369579
0.1427977639
0.1444419110
0.1408392496
0.1279110301
0.1045619081
0.0751950777
0.0465438163
0.0231099090
0.0062951545
-0.0046383393
-0.0117794837
-0.0171339961
-0.0224170512
-0.0295549139
-0.0386718571
-0.0458012937
-0.0454911920
-0.0363554882
-0.0230579318
-0.0116357023
-0.0042196185
-0.0003645874
-0.0000362354
-0.0019129750
-0.0021859854
0.0015645374
0.0071843812
0.0092769299
0.0028094287
-0.0131544870
-0.0342982952
-0.0541581619
-0.0685322224
-0.0771178124
-0.0810085132
-0.0791562761
-0.0691987979
-0.0514919033
-0.0298944667
-0.0081652950
0.0126781777
0.0321995993
0.0472653954
0.0545935921
0.0560512520
0.0565308771
0.0553475999
0.0464154535
0.0293325483
0.0143426500
0.0114266733
0.0180129783
0.0227204214
0.0176800384
0.0032895937
-0.0159209228
-0.0348059180
-0.0477735523
-0.0506953544
-0.0442371276
-0.0338389511
-0.0250684364
-0.0199919832
-0.0175465549
-0.0156680726
-0.0125283880
-0.0071948496
-0.0007588103
0.0042723755
0.0061939743
0.0049143657
0.0008265053
-0.0050315842
-0.0103325047
-0.0127331860
-0.0123337571
-0.0116709735
-0.0125330888
-0.0146178183
-0.0173990854
-0.0213580116
-0.0269567367
-0.0339302274
-0.0421231289
-0.0516999569
-0.0619815481
-0.0712448062
-0.0783835261
-0.0844281743
-0.0915657924
-0.1010839366
-0.1131375193
-0.1268955955
-0.1400757096
-0.1498407966
-0.1549635742
-0.1564195024
-0.1553989578
-0.1516801692
-0.1449503328
-0.1362800593
-0.1276545957
-0.1195005694
-0.1092963229
-0.0937920259
-0.0729843132
-0.0506329097
-0.0305984696
-0.0142033437
-0.0010049177
0.0099597390
0.0197497474
0.0287852898
0.0360766041
0.0392933861
0.0361944805
0.0260827939
0.0100872076
-0.0095755415
-0.0301649580
-0.0493917886
-0.0674318586
-0.0867145337
-0.1085727824
-0.1319988843
-0.1558757302
-0.1793676754
-0.2006101920
-0.2174815539
-0.2293676576
-0.2369810482
-0.2401900782
-0.2374138769
-0.2274360109
-0.2112123858
-0.1919473519
-0.1736320905
-0.1588424574
-0.1470057339
-0.1351215639
-0.1200482383
-0.1005099183
-0.0787471329
-0.0598064007
-0.0470994675
-0.0391402650
-0.0311719325
-0.0195243114
-0.0045332675
0.0099258779
0.0197110540
0.0238152049
0.0246479528
0.0248768063
0.0247401228
0.0231657101
0.0199611894
0.0163153430
0.0143034812
0.0157440115
0.0203719397
0.0252856592
0.0265794137
0.0225141965
0.0156196586
0.0100542001
0.0063037782
0.0010622668
-0.0065274716
-0.0120517820
-0.0120050107
-0.0104520392
-0.0158964608
-0.0314992415
-0.0506500716
-0.0633420563
-0.0652774076
-0.0597738432
-0.0524285770
-0.0451449201
-0.0348880351
-0.0180419761
0.0047558892
0.0290099605
0.0504513598
0.0681355778
0.0844745658
0.1037394125
0.1289583812
0.1580955300
0.1840657424
0.2000995380
0.2041843064
0.1977827855
0.1821373193
0.1571698514
0.1238799180
0.0868440245
0.0524442166
0.0233492069
-0.0038190374
-0.0340693056
-0.0679511375
-0.1010965675
-0.1301397950
-0.1577818555
-0.1903278980
-0.2296896522
-0.2689994791
-0.2966519247
-0.3040498150
-0.2899039388
-0.2584888438
-0.2157058432
-0.1664677464
-0.1137624270
-0.0587580483
-0.0028876861
0.0506768524
0.0973720163
0.1315708959
0.1485022108
0.1491210061
0.1418056267
0.1356918242
0.1322309187
0.1262406987
0.1140747275
0.0966155835
0.0760975182
0.0542224685
0.0320987141
0.0093843639
-0.0156716329
-0.0434907031
-0.0712976093
-0.0940669254
-0.1079398976
-0.1135243581
-0.1144162322
-0.1116500062
-0.1019839564
-0.0831151488
-0.0583598251
-0.0343348744
-0.0157630017
-0.0026190145
0.0093353940
0.0242062905
0.0404395449
0.0500393235
0.0458322361
0.0300115231
0.0135378436
0.0064158590
0.0097019102
0.0171692143
0.0214873103
0.0174937216
0.0041112602
-0.0137199138
-0.0282351290
-0.0354785479
-0.0369897536
-0.0356710775
-0.0323157792
-0.0256135030
-0.0147637077
-0.0026395089
0.0050705235
0.0061167870
0.0048060045
0.0069051523
0.0145574374
0.0259070130
0.0356277322
0.0367462096
0.0256251488
0.0056256754
-0.0163052090
-0.0355646887
-0.0516590122
-0.0664207254
-0.0812300847
-0.0953221979
-0.1061435905
-0.1116058517
-0.1118096568
-0.1085288355
-0.1025197315
-0.0920650924
-0.0760936371
-0.0566258604
-0.0354323265
-0.0115795456
0.0145815766
0.0395698467
0.0624009185
0.0872554286
0.1161653297
0.1422698780
0.1550776691
0.1520704183
0.1406545659
0.1285727627
0.1164543052
0.0999972065
0.0754209533
0.0426656486
0.0067352180
-0.0231032821
-0.0395309361
-0.0448674710
-0.0500314171
-0.0630320996
-0.0797602260
-0.0881758039
-0.0812992260
-0.0638448445
-0.0463161110
-0.0351366564
-0.0288184399
-0.0212085622
-0.0074247750
0.0123051660
0.0334022659
0.0504373692
0.0599741424
0.0617089507
0.0582523378
0.0527013633
0.0453954071
0.0340631130
0.0182285825
0.0020242869
-0.0094243898
-0.0161861327
-0.0232784576
-0.0332206591
-0.0419423548
-0.0446626325
-0.0423021773
-0.0385856967
-0.0346427757
-0.0304524394
-0.0277140022
-0.0275404453
-0.0271134819
-0.0227472421
-0.0152422774
-0.0093431703
-0.0084524874
-0.0104794001
-0.0095467853
-0.0027135452
0.0060655239
0.0104015983
0.0082431297
0.0028220737
-0.0012406363
-0.0011346909
0.0030332543
0.0083454208
0.0110074885
0.0090232083
0.0038972493
-0.0004621136
-0.0007050258
0.0028775115
0.0065992258
0.0084038202
0.0108916971
0.0177885068
0.0289455444
0.0411393773
0.0528221166
0.0657754609
0.0816908556
0.0991061675
0.1147924742
0.1266276253
0.1332276158
0.1330189334
0.1269716540
0.1208133979
0.1202896585
0.1234842611
0.1211298743
0.1065344352
0.0831053977
0.0612760483
0.0497409709
0.0490381929
0.0501812523
0.0407966162
0.0167142281
-0.0130393716
-0.0355216084
-0.0462297573
-0.0493364124
-0.0487213982
-0.0438944770
-0.0349196637
-0.0253925811
-0.0177047875
-0.0097951038
0.0021161893
0.0201554316
0.0437211325
0.0677867093
0.0837325367
0.0858800893
0.0763547467
0.0633527232
0.0566363060
0.0627123454
0.0800517024
0.0981481113
0.1037716033
0.0912158128
0.0671542281
0.0447767402
0.0334111107
0.0338164250
0.0405527649
0.0463728179
0.0465167129
0.0411523259
0.0342516489
0.0298578698
0.0294455726
0.0321717951
0.0365532600
0.0410711699
0.0438807613
0.0444758642
0.0455377712
0.0515975203
0.0648884041
0.0817831833
0.0942531238
0.0963925505
0.0893860480
0.0785870424
0.0674650594
0.0577519935
0.0530862140
0.0565183982
0.0641271358
0.0664780937
0.0583617104
0.0439900962
0.0305780818
0.0195933382
0.0073353106
-0.0075233317
-0.0206868371
-0.0266855418
-0.0244234528
-0.0176844715
-0.0109035654
-0.0045960674
0.0040035044
0.0160148276
0.0296646306
0.0438122458
0.0587679727
0.0732918370
0.0853730761
0.0969724212
0.1142172277
0.1413258257
0.1764430798
0.2128678603
0.2422180337
0.2579952072
0.2596358355
0.2538072993
0.2485819878
0.2447274467
0.2342553387
0.2091569142
0.1709346086
0.1303353768
0.0977929802
0.0753483326
0.0573363720
0.0362015663
0.0066110326
-0.0323454271
-0.0751151554
-0.1119181582
-0.1360684218
-0.1474907923
-0.1501261112
-0.1501834719
-0.1537819838
-0.1610464235
-0.1644543503
-0.1564898009
-0.1372568816
-0.1125285808
-0.0875074002
-0.0651035873
-0.0463751542
-0.0285912703
-0.0057648283
0.0251635874
0.0594794005
0.0886153078
0.1084992824
0.1220037801
0.1337751954
0.1446523594
0.1520242809
0.1532723626
0.1476027021
0.1367955276
0.1243949155
0.1122933108
0.0995128528
0.0863084186
0.0763383507
0.0725898778
0.0726181932
0.0705930087
0.0643066556
0.0574969229
0.0539417515
0.0523784010
0.0491287874
0.0424387378
0.0331057545
0.0239489934
0.0192041153
0.0214310720
0.0284686488
0.0349727731
0.0365721767
0.0317777379
0.0222574296
0.0128523915
0.0088326348
0.0109034055
0.0141174984
0.0138081423
0.0115015564
0.0122958811
0.0175636265
0.0244671633
0.0309435113
0.0364025142
0.0391124467
0.0376383229
0.0345135532
0.0346066999
0.0396043875
0.0468701080
0.0534468982
0.0581033981
0.0601795466
0.0591592924
0.0547760621
0.0454490924
0.0283524726
0.0033834037
-0.0245506709
-0.0485800841
-0.0644178491
-0.0724785604
-0.0759823713
-0.0774952003
-0.0778611074
-0.0764951396
-0.0716783966
-0.0620771198
-0.0493899298
-0.0376442841
-0.0283613294
-0.0188946438
-0.0071471561
0.0045928531
0.0119712356
0.0128327966
0.0082935061
0.0024571962
0.0018888470
0.0113705815
0.0283733548
0.0433560665
0.0463756696
0.0340424770
0.0116613587
-0.0112955020
-0.0282656833
-0.0389910477
-0.0479818938
-0.0602966103
-0.0773339649
-0.0962614694
-0.1139477306
-0.1298663727
-0.1437750118
-0.1523722838
-0.1502796352
-0.1346479495
-0.1086414445
-0.0798013685
-0.0554435742
-0.0387484815
-0.0274787829
-0.0169947081
-0.0047638961
0.0093127682
0.0251854908
0.0414290428
0.0529849400
0.0541859013
0.0450010701
0.0316865472
0.0213877173
0.0171996727
0.0172234368
0.0157456362
0.0068864799
-0.0095533650
-0.0271417989
-0.0393257692
-0.0448382266
-0.0454929088
-0.0426527850
-0.0373356780
-0.0303801421
-0.0219538137
-0.0130940664
-0.0073042960
-0.0084263441
-0.0163535265
-0.0267416534
-0.0351408086
-0.0402696334
-0.0427163624
-0.0430886543
-0.0423569869
-0.0421576576
-0.0448615644
-0.0534581878
-0.0692942809
-0.0895339332
-0.1088083645
-0.1229611777
-0.1311941311
-0.1360565830
-0.1412162349
-0.1473743975
-0.1503341428
-0.1451108849
-0.1323319358
-0.1190283028
-0.1113035415
-0.1080793799
-0.1043434470
-0.0983887845
-0.0931188613
-0.0921819593
-0.0964645890
-0.1028229918
-0.1052645480
-0.0984601952
-0.0815690912
-0.0594873128
-0.0403645651
-0.0293558271
-0.0241379736
-0.0185235436
-0.0102487515
-0.0019642670
0.0045797984
0.0111309320
0.0194219273
0.0278502822
0.0341147521
0.0407516465
0.0533526415
0.0711834096
0.0835208847
0.0792443255
0.0583229923
0.0308216945
0.0062955058
-0.0125002684
-0.0256748460
-0.0319502389
-0.0315751282
-0.0283024001
-0.0257200246
-0.0244467303
-0.0239556341
-0.0238546052
-0.0228699128
-0.0191623915
-0.0122382448
-0.0025216266
0.0113951875
0.0324027640
0.0601469049
0.0893205278
0.1146644600
0.1341721445
0.1472476272
0.1546546011
0.1607194359
0.1712742001
0.1880292651
0.2059388910
0.2158824515
0.2114971175
0.1955848000
0.1782019198
0.1657663937
0.1536401792
0.1312899696
0.0937268661
0.0467495554
0.0026046181
-0.0285678140
-0.0451660555
-0.0526667883
-0.0552247308
-0.0522528746
-0.0432897090
-0.0316980135
-0.0223907066
-0.0185921942
-0.0202556715
-0.0229949963
-0.0201248634
-0.0099191603
0.0005552892
0.0038927080
0.0042866598
0.0151846194
0.0444960502
0.0873679118
0.1330033904
0.1734561450
0.2054366534
0.2277678337
0.2410314400
0.2494058538
0.2582743578
0.2668142588
0.2656913554
0.2463194774
0.2111808910
0.1704253164
0.1286741769
0.0789197466
0.0101338626
-0.0792632801
-0.1735153858
-0.2475778168
-0.2885951531
-0.3099514985
-0.3394437789
-0.3869978888
-0.4277694951
-0.4275956834
-0.3828816043
-0.3255282323
-0.2881974933
-0.2737834424
-0.2603349182
-0.2305820659
-0.1903444890
-0.1586803085
-0.1454235916
-0.1424649579
-0.1359159359
-0.1221072862
-0.1072037915
-0.0943624042
-0.0795297318
-0.0594029634
-0.0367483381
-0.0170170940
-0.0040832945
0.0001774961
-0.0027586470
-0.0076646073
-0.0114438533
-0.0171410063
-0.0293843477
-0.0488695501
-0.0721127921
-0.0940016848
-0.1114095624
-0.1239667140
-0.1316516836
-0.1348455971
-0.1366968664
-0.1421840457
-0.1523681348
-0.1607802076
-0.1583935146
-0.1410381078
-0.1103962178
-0.0713867613
-0.0310034123
0.0052384089
0.0367653224
0.0657950611
0.0930560504
0.1165439518
0.1325491826
0.1379934432
0.1337598005
0.1255232599
0.1199472482
0.1190714774
0.1192307123
0.1158667951
0.1078481522
0.0972509917
0.0861142638
0.0738673086
0.0576921703
0.0356709475
0.0100428970
-0.0133865964
-0.0290306807
-0.0340080171
-0.0286784929
-0.0162941883
-0.0010818815
0.0144392161
0.0303482961
0.0473022919
0.0645099204
0.0804326377
0.0938813767
0.1040214626
0.1105465024
0.1145412459
0.1181909500
0.1214560382
0.1189973084
0.1036213176
0.0749630080
0.0422403974
0.0158832995
-0.0014516787
-0.0151477591
-0.0325785389
-0.0566242928
-0.0840052879
-0.1095230881
-0.1310384087
-0.1503104023
-0.1697704874
-0.1882386039
-0.2005238465
-0.2009618385
-0.1866779287
-0.1592661511
-0.1254390834
-0.0932566579
-0.0655652936
-0.0387582470
-0.0086072157
0.0247054493
0.0580132367
0.0888893516
0.1153633120
0.1338757564
0.1412838038
0.1390755406
0.1328187963
0.1269198771
0.1216649944
0.1161167557
0.1110901470
0.1084376367
0.1097935915
0.1149979639
0.1201938860
0.1194543748
0.1094899081
0.0928864709
0.0766149664
0.0684642904
0.0733306727
0.0898006397
0.1110787405
0.1309194655
0.1475921963
0.1619059547
0.1735291906
0.1813366183
0.1861677242
0.1913017336
0.1990869391
0.2080598812
0.2149215309
0.2185230366
0.2201036917
0.2199551355
0.2159538576
0.2057718675
0.1896938002
0.1703301124
0.1500940684
0.1300003698
0.1111029033
0.0962923783
0.0892887357
0.0916596519
0.1016539413
0.1149397856
0.1258004979
0.1295474740
0.1250171315
0.1148602266
0.1033212499
0.0924505784
0.0798175139
0.0617713645
0.0387110798
0.0157873400
-0.0009456008
-0.0087618866
-0.0099350229
-0.0105215057
-0.0169199945
-0.0322967374
-0.0555889522
-0.0828816988
-0.1087046250
-0.1279199804
-0.1383511744
-0.1414331201
-0.1399939113
-0.1360372915
-0.1306697405
-0.1246689426
-0.1186549358
-0.1137086748
-0.1113464089
-0.1124298142
-0.1157713484
-0.1179755398
-0.1155941159
-0.1082417015
-0.0993399210
-0.0941561436
-0.0960219952
-0.1034484429
-0.1118354935
-0.1181182547
-0.1220038617
-0.1235704013
-0.1220827511
-0.1175529017
-0.1112635194
-0.1037907277
-0.0936318810
-0.0780515916
-0.0546320475
-0.0237205115
0.0099415752
0.0405804354
0.0664537669
0.0897298670
0.1122748712
0.1330587582
0.1493998287
0.1597476707
0.1656828725
0.1717295450
0.1828461429
0.2015968290
0.2268347940
0.2542326080
0.2789015612
0.2986992034
0.3147416693
0.3280622085
0.3363668330
0.3350815783
0.3211155831
0.2953209800
0.2627300653
0.2315189575
0.2085348519
0.1927004757
0.1752439233
0.1495282682
0.1185999522
0.0908481428
0.0706383587
0.0556156151
0.0404546182
0.0207186774
-0.0057906794
-0.0376183710
-0.0695017569
-0.0956882423
-0.1126579924
-0.1184636266
-0.1128591310
-0.0996408211
-0.0863316110
-0.0788730166
-0.0776161498
-0.0801557225
-0.0843251757
-0.0877112942
-0.0887085259
-0.0893914406
-0.0941870257
-0.1046386012
-0.1172311330
-0.1269979227
-0.1321176223
-0.1353735429
-0.1420867970
-0.1561328694
-0.1769427829
-0.2001375566
-0.2215782318
-0.2402058713
-0.2567935773
-0.2706302314
-0.2787112336
-0.2781530282
-0.2684447076
-0.2509846886
-0.2277689371
-0.2020964952
-0.1789651593
-0.1629468504
-0.1551914683
-0.1540257961
-0.1577701178
-0.1644360092
-0.1695889097
-0.1678968529
-0.1581540389
-0.1447123976
-0.1324818597
-0.1211546926
-0.1053560467
-0.0829981827
-0.0608674495
-0.0426054340
-0.0234868078
-0.0200524599
-0.0669041173
-0.1536903165
-0.2226892171
-0.2936747992
-0.3785989336
-0.4484018053
-0.4123939737
-0.3684211266
-0.3307944722
-0.2847204080
-0.2004188434
-0.1477730327
-0.1395639684
-0.1465338389
-0.1528145982
-0.1636346112
-0.1750971931
-0.1809798742
-0.1826416100
-0.1818445666
-0.1760856294
-0.1628746894
-0.1429284103
-0.1188067629
-0.0936858445
-0.0719863063
-0.0580453757
-0.0524853591
-0.0524908352
-0.0551934556
-0.0586101282
-0.0598545791
-0.0547406224
-0.0408243090
-0.0196694347
0.0042203420
0.0261999792
0.0442388543
0.0591960672
0.0721895710
0.0825590587
0.0899564096
0.0965204795
0.1047798665
0.1151356846
0.1262841636
0.1366560977
0.1450215433
0.1513505962
0.1569435073
0.1626779950
0.1682078364
0.1728968486
0.1760164602
0.1764779165
0.1741632215
0.1705607985
0.1669029156
0.1626359468
0.1555875848
0.1439497037
0.1297245117
0.1188369240
0.1154449984
0.1169477111
0.1168642368
0.1120696154
0.1053616276
0.1014917521
0.1025774275
0.1075037063
0.1141232195
0.1213800854
0.1293360911
0.1376576609
0.1451214012
0.1512625394
0.1581171672
0.1689770928
0.1848220565
0.2037342062
0.2235668381
0.2428072427
0.2580748031
0.2629375800
0.2526866803
0.2305732650
0.2064590271
0.1890879856
0.1804571884
0.1766367393
0.1723776923
0.1644805126
0.1526377756
0.1391573142
0.1279169400
0.1218027647
0.1198815603
0.1182928543
0.1140587640
0.1064162340
0.0952764290
0.0804864328
0.0624817928
0.0427604960
0.0241384475
0.0098083936
-0.0001207022
-0.0104580990
-0.0281086674
-0.0574063735
-0.0975143375
-0.1435656824
-0.1891246766
-0.2290674771
-0.2626311157
-0.2932235015
-0.3241652829
-0.3553722130
-0.3840497605
-0.4066778964
-0.4196400944
-0.4186220359
-0.3989657541
-0.3584829673
-0.3005561619
-0.2331993623
-0.1646139933
-0.0992115211
-0.0361070082
0.0276958267
0.0923907344
0.1538332739
0.2057098819
0.2430949830
0.2652750955
0.2761543268
0.2815384871
0.2852105522
0.2877242038
0.2883544758
0.2861324234
0.2794206191
0.2671332536
0.2515658861
0.2382974930
0.2312531079
0.2281302385
0.2231121412
0.2130690732
0.1985212704
0.1809878158
0.1628012497
0.1487155153
0.1443312161
0.1520378279
0.1687785193
0.1874427169
0.2005768077
0.2036957776
0.1963857253
0.1823015778
0.1677533524
0.1576616365
0.1520590084
0.1471262342
0.1384164054
0.1228876741
0.1003893337
0.0744294536
0.0496589371
0.0283418824
0.0102609020
-0.0056992367
-0.0214961464
-0.0405845807
-0.0660214852
-0.0970150913
-0.1290849388
-0.1580419450
-0.1825160006
-0.2033341121
-0.2219269865
-0.2397384333
-0.2580395146
-0.2767050367
-0.2934392221
-0.3054476682
-0.3116760877
-0.3128551509
-0.3096733256
-0.3025442094
-0.2926800802
-0.2813360423
-0.2686335439
-0.2542025796
-0.2378973791
-0.2195945102
-0.1996654997
-0.1786584320
-0.1570992017
-0.1368442275
-0.1210049359
-0.1111501942
-0.1054293635
-0.0999562408
-0.0914482677
-0.0789236558
-0.0643643919
-0.0514154633
-0.0430396548
-0.0400733553
-0.0416786689
-0.0458726728
-0.0500502362
-0.0523843814
-0.0530823302
-0.0536778969
-0.0553956665
-0.0587225111
-0.0640777264
-0.0719227231
-0.0821286671
-0.0937379222
-0.1048854795
-0.1137811748
-0.1207139024
-0.1288074770
-0.1416655308
-0.1590630103
-0.1758403564
-0.1868906619
-0.1920759846
-0.1951973001
-0.1994029787
-0.2045009959
-0.2086223230
-0.2107276873
-0.2106992567
-0.2082580454
-0.2028093423
-0.1936858290
-0.1803445176
-0.1629530288
-0.1432090115
-0.1236783637
-0.1052120916
-0.0858569229
-0.0636889271
-0.0398461106
-0.0169743464
0.0041692726
0.0250293623
0.0461681636
0.0661249227
0.0843011459
0.1026559604
0.1227718117
0.1430587683
0.1613515226
0.1784062410
0.1961278733
0.2136670228
0.2278508847
0.2376458910
0.2439012133
0.2505280968
0.2560421490
0.2625802782
0.2646106330
0.2654107898
0.2614828256
0.2539562752
0.2413568727
0.2269448803
0.2148211364
0.2082134053
0.2062700125
0.2048604635
0.2003297453
0.1926500385
0.1840961841
0.1758932340
0.1672156148
0.1574773774
0.1477385553
0.1392020973
0.1316073470
0.1239196742
0.1159685185
0.1087090054
0.1034756717
0.1013967871
0.1030526101
0.1078343140
0.1133710618
0.1158817618
0.1121639622
0.1014047088
0.0848685716
0.0654433309
0.0474160812
0.0346497872
0.0272566129
0.0203937940
0.0078797844
-0.0126164872
-0.0380451131
-0.0636360405
-0.0871907898
-0.1095268193
-0.1324351371
-0.1570777811
-0.1833966793
-0.2099484443
-0.2340995541
-0.2529892696
-0.2655322742
-0.2735109345
-0.2798512887
-0.2854855935
-0.2889410885
-0.2892087489
-0.2876838462
-0.2866876830
-0.2864829461
-0.2848979412
-0.2802136094
-0.2726635724
-0.2631834037
-0.2516970020
-0.2364171150
-0.2150765901
-0.1875875355
-0.1575407514
-0.1302601948
-0.1094812460
-0.0967132461
-0.0916945505
-0.0910227330
-0.0877220137
-0.0754101040
-0.0544130746
-0.0321660136
-0.0164176297
-0.0086050400
-0.0040456069
0.0031522510
0.0162923001
0.0345318137
0.0527613501
0.0645252409
0.0671298644
0.0641885496
0.0620036882
0.0645024507
0.0718912650
0.0819659998
0.0912542349
0.0959273737
0.0937200698
0.0857908373
0.0760629121
0.0679912527
0.0618695828
0.0551290714
0.0450145858
0.0312648383
0.0162766640
0.0029245393
-0.0076326598
-0.0161263912
-0.0243796784
-0.0345837633
-0.0480448281
-0.0640749482
-0.0802066679
-0.0925307761
-0.0970946156
-0.0930832219
-0.0845846814
-0.0777353660
-0.0755141351
-0.0762591856
-0.0767420109
-0.0752888847
-0.0720326648
-0.0680924617
-0.0643417830
-0.0605584802
-0.0566456236
-0.0540420402
-0.0542278322
-0.0558995967
-0.0559836791
-0.0541353071
-0.0537364512
-0.0570705316
-0.0617282118
-0.0631347192
-0.0590945279
-0.0509180417
-0.0409174171
-0.0300473637
-0.0176333151
-0.0029783006
0.0137646697
0.0316174225
0.0492955935
0.0659463957
0.0816480321
0.0972023439
0.1128598125
0.1277968251
0.1413840065
0.1542341765
0.1668794543
0.1781815568
0.1861124425
0.1901448880
0.1918755761
0.1929111270
0.1931175888
0.1912889420
0.1869248323
0.1804112720
0.1721430142
0.1626144684
0.1533194900
0.1468481052
0.1451360535
0.1476680426
0.1517417493
0.1546126132
0.1552799424
0.1542590477
0.1526695880
0.1518773903
0.1531960259
0.1566952209
0.1605473650
0.1628183186
0.1635503312
0.1644300702
0.1667415942
0.1701322405
0.1728760947
0.1729493974
0.1694678427
0.1634436780
0.1569560364
0.1508277860
0.1438438937
0.1347690200
0.1243679058
0.1143939706
0.1054913264
0.0973613018
0.0903144964
0.0849644576
0.0802519455
0.0738329626
0.0650267383
0.0561363760
0.0502384676
0.0483492481
0.0489448285
0.0498732611
0.0502141719
0.0498410276
0.0483000978
0.0453722264
0.0422084233
0.0406962039
0.0414910884
0.0429270269
0.0423526917
0.0380357465
0.0298848256
0.0196493587
0.0104980033
0.0056412613
0.0061673259
0.0095895487
0.0113801361
0.0083001850
0.0005962548
-0.0085495238
-0.0154935075
-0.0188022716
-0.0197800506
-0.0203812637
-0.0217318704
-0.0245121444
-0.0295496545
-0.0367227962
-0.0437451530
-0.0475978635
-0.0476419025
-0.0464971616
-0.0475738596
-0.0517126772
-0.0566108692
-0.0597752516
-0.0612098047
-0.0627880282
-0.0658305654
-0.0702827410
-0.0752535486
-0.0793448461
-0.0805848545
-0.0775358015
-0.0704769675
-0.0612662939
-0.0517532314
-0.0426518302
-0.0336455510
-0.0246592811
-0.0166784928
-0.0109035134
-0.0071524465
-0.0037390905
0.0010640483
0.0078154105
0.0158802915
0.0245513764
0.0331688050
0.0407210915
0.0463625978
0.0504081431
0.0545668687
0.0600295857
0.0659156446
0.0704303558
0.0726428953
0.0723960967
0.0695793256
0.0650731905
0.0616027990
0.0614414061
0.0636596301
0.0650495139
0.0633086013
0.0589479638
0.0540779686
0.0502540733
0.0483221229
0.0489253917
0.0517700212
0.0548440311
0.0553979234
0.0522444699
0.0468213168
0.0422148032
0.0411250362
0.0439704629
0.0488674996
0.0532896833
0.0554151084
0.0542276079
0.0500423127
0.0450765248
0.0427093011
0.0450037644
0.0501567330
0.0533219830
0.0510037266
0.0443491971
0.0376376604
0.0339694234
0.0330112482
0.0326742773
0.0313999717
0.0284136880
0.0232352332
0.0160914202
0.0083603542
0.0015738631
-0.0038112589
-0.0085318900
-0.0137300345
-0.0195890437
-0.0250560801
-0.0288674034
-0.0305442864
-0.0308898598
-0.0317394015
-0.0345596123
-0.0391529799
-0.0440186193
-0.0479970287
-0.0508019162
-0.0526871798
-0.0541605813
-0.0557625240
-0.0581120032
-0.0619265558
-0.0675605835
-0.0742073099
-0.0802138161
-0.0848425970
-0.0885791549
-0.0922853433
-0.0970008729
-0.1037140682
-0.1124918825
-0.1218992506
-0.1300215157
-0.1359246230
-0.1400153930
-0.1428088803
-0.1440694559
-0.1435627856
-0.1423323752
-0.1421188770
-0.1432908270
-0.1442315862
-0.1432733953
-0.1402265373
-0.1363971984
-0.1335621923
-0.1326376787
-0.1329679745
-0.1323899274
-0.1289817832
-0.1233881582
-0.1188458356
-0.1180559757
-0.1205406745
-0.1237005005
-0.1258156617
-0.1273162967
-0.1288513060
-0.1291430807
-0.1260462535
-0.1193627578
-0.1109288699
-0.1021340268
-0.0929778981
-0.0834865861
-0.0747825147
-0.0681199531
-0.0630946775
-0.0578792991
-0.0508860573
-0.0417669695
-0.0312548359
-0.0207006344
-0.0114497807
-0.0040764149
0.0017147936
0.0069562000
0.0127273336
0.0188138549
0.0235157571
0.0254186590
0.0250984831
0.0241825914
0.0231855003
0.0214408955
0.0192396244
0.0186762724
0.0218111496
0.0283639071
0.0359496850
0.0428876757
0.0496858981
0.0577300053
0.0674710890
0.0778236306
0.0868996199
0.0933504120
0.0965427090
0.0962699174
0.0935829268
0.0912549539
0.0921738289
0.0973270097
0.1057068889
0.1147902506
0.1214321400
0.1236666928
0.1219078546
0.1181296760
0.1140083127
0.1111032259
0.1114007447
0.1154499778
0.1215262523
0.1273233167
0.1321108907
0.1366022833
0.1411374927
0.1454676707
0.1496656763
0.1538571055
0.1573750615
0.1594732588
0.1602892998
0.1598610603
0.1571000618
0.1509854075
0.1424855589
0.1330517903
0.1223054588
0.1092614283
0.0946702208
0.0807901505
0.0687336233
0.0572489151
0.0446864452
0.0313067253
0.0191673959
0.0101665548
0.0048980997
0.0031199774
0.0045714810
0.0083567196
0.0118980261
0.0121012024
0.0080316075
0.0016279053
-0.0044174191
-0.0084997158
-0.0103887319
-0.0108138738
-0.0110977995
-0.0123949034
-0.0150153745
-0.0179529872
-0.0196726333
-0.0201299631
-0.0215313538
-0.0260162396
-0.0333033692
-0.0418316712
-0.0505850790
-0.0590307616
-0.0661969608
-0.0710119815
-0.0734274144
-0.0744024026
-0.0749077039
-0.0749986882
-0.0747076276
-0.0751850383
-0.0781723823
-0.0840089305
-0.0910970789
-0.0978973443
-0.1046782797
-0.1121449997
-0.1189264164
-0.1222354964
-0.1211375111
-0.1185017503
-0.1185258245
-0.1226971575
-0.1289162071
-0.1343664146
-0.1379653467
-0.1394168652
-0.1375739545
-0.1316150483
-0.1231716219
-0.1158595994
-0.1128270083
-0.1145106944
-0.1178546391
-0.1181492761
-0.1127516269
-0.1038323453
-0.0965245833
-0.0944261225
-0.0970499394
-0.1009299012
-0.1021855179
-0.0979513196
-0.0875086979
-0.0731422976
-0.0584358751
-0.0459003217
-0.0365623593
-0.0308714274
-0.0290766435
-0.0304483913
-0.0333040694
-0.0364230836
-0.0392938750
-0.0419473844
-0.0448566575
-0.0481316566
-0.0508787998
-0.0517200373
-0.0502092888
-0.0476779454
-0.0461069797
-0.0460372920
-0.0457616150
-0.0432336149
-0.0384737237
-0.0333011800
-0.0294204332
-0.0270248713
-0.0246840993
-0.0202762152
-0.0126021944
-0.0019537593
0.0105315349
0.0234364108
0.0354341609
0.0453606480
0.0520966316
0.0542416073
0.0503428805
0.0405199718
0.0277747531
0.0168773593
0.0110577360
0.0094666952
0.0089042078
0.0074013519
0.0047335128
0.0008402886
-0.0039840872
-0.0082060860
-0.0103371546
-0.0106848794
-0.0103376530
-0.0089197296
-0.0043346831
0.0055891055
0.0208091860
0.0381524218
0.0530174974
0.0623511719
0.0664565636
0.0680382245
0.0690744880
0.0698233285
0.0704248276
0.0718752827
0.0748342261
0.0775936573
0.0766827592
0.0707422263
0.0624592042
0.0555964360
0.0510599571
0.0468378664
0.0406010680
0.0317103835
0.0213828179
0.0117171611
0.0052443660
0.0045895800
0.0105071444
0.0205117645
0.0305308010
0.0380945208
0.0431906704
0.0471807676
0.0518530178
0.0587016945
0.0679086639
0.0780170319
0.0865534012
0.0905355848
0.0877718278
0.0788566412
0.0674603920
0.0575215710
0.0501086213
0.0435693041
0.0361860725
0.0275112604
0.0174023732
0.0059173818
-0.0056333350
-0.0143732561
-0.0179285615
-0.0168711937
-0.0141574053
-0.0125492252
-0.0126138886
-0.0126470476
-0.0101418753
-0.0040535129
0.0040223242
0.0116745614
0.0176163596
0.0214307744
0.0226705237
0.0217125753
0.0208842500
0.0228212611
0.0277851763
0.0330603017
0.0350592671
0.0320868656
0.0248473575
0.0147251254
0.0028795845
-0.0092719030
-0.0197326440
-0.0266722925
-0.0292679123
-0.0283132738
-0.0260059343
-0.0248304753
-0.0256618105
-0.0272274532
-0.0275576442
-0.0254815107
-0.0212423136
-0.0163540790
-0.0122266631
-0.0083288879
-0.0029352416
0.0039609085
0.0099434508
0.0124294740
0.0112733557
0.0088807885
0.0080370612
0.0098797840
0.0136000384
0.0170127215
0.0176069689
0.0143156608
0.0086263568
0.0033725136
0.0003443445
-0.0002599773
0.0011993941
0.0041881410
0.0073949054
0.0087743375
0.0069615821
0.0029624352
-0.0000970448
0.0002952825
0.0039599415
0.0083439133
0.0105611193
0.0094660763
0.0064354530
0.0040603947
0.0040410926
0.0061845725
0.0090540558
0.0117314265
0.0144054856
0.0172629668
0.0192878760
0.0186807949
0.0152501447
0.0114910750
0.0104189835
0.0123401489
0.0146957410
0.0145796444
0.0108566161
0.0046464253
-0.0015067878
-0.0054079457
-0.0068999919
-0.0075966912
-0.0092279999
-0.0122909683
-0.0162257477
-0.0203473281
-0.0239598841
-0.0259674165
-0.0254322200
-0.0230573613
-0.0207400534
-0.0194382837
-0.0178630885
-0.0141775192
-0.0086274936
-0.0034950093
-0.0007401494
0.0000276939
0.0004577835
0.0009589320
0.0003822667
-0.0020104831
-0.0055532762
-0.0097474112
-0.0147877363
-0.0201849290
-0.0245127085
-0.0269208182
-0.0278227584
-0.0279701515
-0.0274681246
-0.0257706321
-0.0223006812
-0.0172633520
-0.0115516399
-0.0062181944
-0.0018276214
0.0020685272
0.0065601237
0.0118016454
0.0166726972
0.0199276188
0.0210562763
0.0202690400
0.0184160154
0.0166547176
0.0154350104
0.0146049941
0.0140220483
0.0130408683
0.0104182950
0.0055038250
-0.0011923422
-0.0084506363
-0.0150050781
-0.0200888643
-0.0232116885
-0.0245316315
-0.0251671560
-0.0262847382
-0.0277914460
-0.0284733483
-0.0277369893
-0.0263957138
-0.0247390065
-0.0214542551
-0.0153557902
-0.0071680619
0.0006609067
0.0057830845
0.0074161572
0.0065053035
0.0051265381
0.0053023292
0.0075158217
0.0100227609
0.0098480497
0.0054083228
-0.0018777289
-0.0089120881
-0.0132743796
-0.0144713605
-0.0141086405
-0.0152776781
-0.0206464266
-0.0303498093
-0.0417460772
-0.0516582232
-0.0579569687
-0.0593206063
-0.0553262944
-0.0481688348
-0.0424810685
-0.0415892016
-0.0444735579
-0.0469465383
-0.0453935418
-0.0390017593
-0.0293604943
-0.0193607621
-0.0123974136
-0.0109100644
-0.0145460971
-0.0195548747
-0.0214791609
-0.0188038456
-0.0139910265
-0.0109610135
-0.0115124709
-0.0144195600
-0.0173343147
-0.0186071286
-0.0174145932
-0.0136451582
-0.0086834930
-0.0054845948
-0.0068171687
-0.0135038210
-0.0242037906
-0.0363966515
-0.0470629269
-0.0536250873
-0.0551189970
-0.0528108692
-0.0494573385
-0.0473977926
-0.0468546909
-0.0463838914
-0.0448937922
-0.0425458457
-0.0397624179
-0.0361723637
-0.0310086398
-0.0239758760
-0.0153438569
-0.0055560379
0.0046039907
0.0137565813
0.0204018100
0.0238935038
0.0249964006
0.0251072493
0.0245895350
0.0220738464
0.0163770302
0.0086226118
0.0012682033
-0.0041501564
-0.0073723946
-0.0087497082
-0.0087347085
-0.0077622023
-0.0063494130
-0.0053535161
-0.0058754660
-0.0085808114
-0.0125831059
-0.0153470854
-0.0143751261
-0.0094378813
-0.0028701744
0.0025730309
0.0054997071
0.0059238650
0.0046147472
0.0025938540
0.0006423988
-0.0011006716
-0.0032899165
-0.0066318169
-0.0107083416
-0.0140638090
-0.0156416897
-0.0159847335
-0.0162887688
-0.0168630634
-0.0171730661
-0.0170163852
-0.0167960066
-0.0164264368
-0.0149427736
-0.0118665075
-0.0080917671
-0.0053993292
-0.0048274858
-0.0052411444
-0.0044893513
-0.0018334669
0.0011341874
0.0018608638
-0.0006794223
-0.0048780756
-0.0076683362
-0.0069414752
-0.0029569703
0.0025416717
0.0078330519
0.0116679827
0.0135569727
0.0139546724
0.0137687228
0.0134771496
0.0132111554
0.0137538110
0.0163532707
0.0210591232
0.0261007612
0.0293032217
0.0302618250
0.0305993606
0.0316849680
0.0331981091
0.0340946648
0.0337498255
0.0320676612
0.0291830621
0.0258268112
0.0231453516
0.0216974044
0.0207610913
0.0190633990
0.0163312947
0.0137694450
0.0125900838
0.0124494013
0.0122144182
0.0111209616
0.0086004775
0.0041969495
-0.0020210582
-0.0091525539
-0.0159863973
-0.0214778945
-0.0245141594
-0.0244048144
-0.0218898478
-0.0188787766
-0.0166476445
-0.0152314778
-0.0145359055
-0.0148972298
-0.0162314335
-0.0175006845
-0.0178008731
-0.0174359334
-0.0170005117
-0.0160747713
-0.0135166847
-0.0086078839
-0.0019359539
0.0047488621
0.0098081237
0.0129794222
0.0146853514
0.0146006160
0.0119972514
0.0074550038
0.0030646570
0.0004881326
-0.0002527408
-0.0000507418
0.0003634713
0.0000885811
-0.0021689654
-0.0068695219
-0.0128687217
-0.0179014468
-0.0201586650
-0.0197734350
-0.0184204033
-0.0175397151
-0.0173256549
-0.0172005561
-0.0163676123
-0.0143700244
-0.0112790512
-0.0072776427
-0.0027299477
0.0017806024
0.0058425644
0.0099253807
0.0151511599
0.0220059825
0.0294242030
0.0353506577
0.0384340682
0.0388729773
0.0375428668
0.0351208660
0.0321049361
0.0289615993
0.0258176157
0.0221575766
0.0175127622
0.0117621367
0.0049089655
-0.0027633526
-0.0103898744
-0.0166789146
-0.0206482167
-0.0229291013
-0.0252106992
-0.0280906068
-0.0302508454
-0.0301348320
-0.0276416487
-0.0237183779
-0.0191709538
-0.0142076347
-0.0090369864
-0.0040411912
0.0008548204
0.0061163096
0.0122740913
0.0190316634
0.0247815976
0.0277319569
0.0276254084
0.0264426591
0.0264873677
0.0280740933
0.0295888322
0.0291169379
0.0256148833
0.0190049064
0.0100526290
0.0003427318
-0.0082262003
-0.0147305167
-0.0200392054
-0.0254493500
-0.0309727015
-0.0352404500
-0.0369058145
-0.0357681509
-0.0321619950
-0.0261642335
-0.0180994169
-0.0092191314
-0.0013434507
0.0042271562
0.0076400601
0.0103194875
0.0137845852
0.0183394230
0.0227678245
0.0254349304
0.0254624901
0.0228887947
0.0187467920
0.0150253534
0.0134129819
0.0140420919
0.0153847891
0.0151784013
0.0117700907
0.0053967657
-0.0017852769
-0.0075536451
-0.0109672584
-0.0118774591
-0.0104785449
-0.0075208030
-0.0039112586
-0.0003274719
0.0026821342
0.0048961008
0.0066556413
0.0086652554
0.0109787047
0.0122358646
0.0110831413
0.0077614084
0.0036888678
-0.0000785286
-0.0032047621
-0.0051439296
-0.0048379148
-0.0018405980
0.0027894556
0.0070606839
0.0095892411
0.0103290055
0.0101431349
0.0100945349
0.0107732886
0.0123809041
0.0148131702
0.0180375675
0.0220257783
0.0263816297
0.0307223518
0.0347665235
0.0382678454
0.0409533627
0.0424391888
0.0422754012
0.0403122668
0.0369885607
0.0329749773
0.0288534301
0.0249513433
0.0213004383
0.0182383247
0.0163308624
0.0159489931
0.0171385167
0.0193157940
0.0213299774
0.0221174971
0.0211570248
0.0184495405
0.0145735213
0.0104649149
0.0064664584
0.0024693917
-0.0011726360
-0.0037981453
-0.0057582901
-0.0084854799
-0.0126891703
-0.0172858956
-0.0203413891
-0.0209775363
-0.0199351438
-0.0185454639
-0.0176976609
-0.0178481150
-0.0187599977
-0.0197013614
-0.0197861055
-0.0179046763
-0.0134484277
-0.0074810780
-0.0020155937
0.0018848341
0.0050753482
0.0092778302
0.0154515961
0.0230982262
0.0304984460
0.0355190944
0.0366748180
0.0341741838
0.0297559603
0.0254773469
0.0228403751
0.0225081460
0.0240872075
0.0258898396
0.0258677534
0.0231536212
0.0180566170
0.0109755349
0.0024320952
-0.0065573462
-0.0143550419
-0.0192060052
-0.0204487623
-0.0193278194
-0.0181479803
-0.0187014037
-0.0211906447
-0.0241218938
-0.0259772175
-0.0262477207
-0.0248247547
-0.0212513905
-0.0151083377
-0.0070580219
0.0008055237
0.0060632075
0.0072527085
0.0047279556
0.0005242431
-0.0028411832
-0.0040037079
-0.0034286060
-0.0027434138
-0.0033727794
-0.0055291192
-0.0081021494
-0.0096385659
-0.0094462796
-0.0082942061
-0.0078024998
-0.0088003727
-0.0105764608
-0.0120649672
-0.0126394704
-0.0118990248
-0.0095617885
-0.0053535406
0.0008684929
0.0083080208
0.0151154264
0.0196526036
0.0213849173
0.0207724376
0.0189987118
0.0176021324
0.0179684523
0.0203670708
0.0233135437
0.0244508889
0.0222745844
0.0170576114
0.0104340694
0.0044101548
0.0002875399
-0.0018545354
-0.0034343525
-0.0065186506
-0.0124575438
-0.0207373605
-0.0287436414
-0.0331172010
-0.0316725063
-0.0245508261
-0.0141183005
-0.0040367390
0.0021257956
0.0026992136
-0.0005983058
-0.0037612627
-0.0038908827
-0.0009728487
0.0035499620
0.0085447683
0.0130326570
0.0157040774
0.0161062984
0.0157922331
0.0168787006
0.0194996136
0.0218852488
0.0220000525
0.0185715782
0.0115091629
0.0022819994
-0.0059650352
-0.0096105003
-0.0070685507
-0.0003803575
0.0057629690
0.0070676144
0.0025292316
-0.0050053900
-0.0107771408
-0.0113569481
-0.0064644971
0.0016600765
0.0093056964
0.0130934548
0.0118136864
0.0067600034
0.0004595712
-0.0048647598
-0.0085878980
-0.0114746580
-0.0142558391
-0.0171051217
-0.0200843549
-0.0229956003
-0.0248391058
-0.0239072126
-0.0191338882
-0.0116751266
-0.0044625304
-0.0000491568
0.0009483995
-0.0000027723
-0.0005202753
0.0014190406
0.0067144020
0.0144135019
0.0218095589
0.0261419209
0.0262647079
0.0227792407
0.0174417402
0.0125779538
0.0100566159
0.0101383502
0.0114763066
0.0123668696
0.0115269189
0.0084285672
0.0035651180
-0.0017614056
-0.0060910296
-0.0089866472
-0.0109986009
-0.0128952819
-0.0148794757
-0.0164910082
-0.0169375896
-0.0161690499
-0.0150280522
-0.0138536774
-0.0121475180
-0.0095429725
-0.0066932007
-0.0048277844
-0.0043975173
-0.0049338188
-0.0059592668
-0.0072695580
-0.0080058293
-0.0069830890
-0.0042296581
-0.0008269307
0.0022421286
0.0045020711
0.0056248813
0.0054417444
0.0043069695
0.0033909094
0.0040549247
0.0068663353
0.0112633467
0.0156496706
0.0181951216
0.0180137807
0.0155953710
0.0124939084
0.0101959351
0.0089720797
0.0077875663
0.0054549235
0.0017027113
-0.0029152893
-0.0075876731
-0.0113925336
-0.0135800305
-0.0136036012
-0.0111931949
-0.0065254992
-0.0005718600
0.0046922309
0.0073690964
0.0071796293
0.0055405882
0.0040640891
0.0033448207
0.0033202097
0.0040497853
0.0057681260
0.0084237553
0.0116848986
0.0152569152
0.0191084187
0.0229194974
0.0259880061
0.0278013167
0.0286283713
0.0290043496
0.0289909223
0.0281961514
0.0263879948
0.0233883840
0.0189210260
0.0134020409
0.0080638946
0.0038197585
0.0004032989
-0.0027771180
-0.0054868577
-0.0068139398
-0.0062466701
-0.0042396185
-0.0019171186
-0.0002506118
0.0003757650
-0.0000911747
-0.0014192727
-0.0029240440
-0.0036779599
-0.0029169026
-0.0005248593
0.0026006775
0.0048957682
0.0051865010
0.0033132460
0.0000132511
-0.0037590151
-0.0073386636
-0.0104933283
-0.0135191631
-0.0168254872
-0.0200180827
-0.0217683540
-0.0209765000
-0.0193829970
-0.0157628676
-0.0121388918
-0.0081031629
-0.0029589907
0.0035229842
0.0108164933
0.0176918183
0.0230701470
0.0268062733
0.0294973454
0.0317507228
0.0333215858
0.0332954537
0.0313215320
0.0279239680
0.0236851072
0.0187975397
0.0133282673
0.0077744245
0.0027172360
-0.0020783208
-0.0073060136
-0.0130600863
-0.0187132735
-0.0232847430
-0.0257640714
-0.0255511605
-0.0228666713
-0.0187532281
-0.0148418550
-0.0121374890
-0.0100386933
-0.0074534328
-0.0044495139
-0.0020398685
-0.0008176553
-0.0006024476
-0.0013232744
-0.0032405485
-0.0059861535
-0.0082093708
-0.0088184112
-0.0083863617
-0.0086196453
-0.0106055141
-0.0137012007
-0.0162177482
-0.0170868596
-0.0165965913
-0.0157276095
-0.0150844146
-0.0141017678
-0.0114111360
-0.0065755727
-0.0008863571
0.0037495190
0.0067186985
0.0090868294
0.0118558169
0.0144373143
0.0151308091
0.0128562918
0.0079616753
0.0016726650
-0.0045137201
-0.0092487629
-0.0123298184
-0.0147290152
-0.0172961194
-0.0199090066
-0.0216985518
-0.0219970326
-0.0209086439
-0.0189974912
-0.0167942747
-0.0145212261
-0.0119627535
-0.0084987401
-0.0036549325
0.0021198950
0.0074719668
0.0109538113
0.0120577003
0.0111261075
0.0087969877
0.0059638590
0.0037281376
0.0030023333
0.0035344646
0.0036656949
0.0018199532
-0.0021936712
-0.0071014720
-0.0111260206
-0.0130417999
-0.0126360579
-0.0106212682
-0.0079999776
-0.0055242917
-0.0036552213
-0.0024874546
-0.0013252185
0.0009175482
0.0048408005
0.0098617290
0.0144400757
0.0173136353
0.0180259687
0.0167252587
0.0137416063
0.0097484265
0.0056411034
0.0019330619
-0.0015522709
-0.0052125457
-0.0090717093
-0.0127131345
-0.0158014083
-0.0182852300
-0.0203264755
-0.0220363131
-0.0231682660
-0.0230414322
-0.0215266733
-0.0195287466
-0.0178245445
-0.0158698990
-0.0123965539
-0.0068399123
0.0001724132
0.0076715933
0.0146754316
0.0200292804
0.0225120312
0.0215215144
0.0176700828
0.0121610461
0.0060339065
0.0000017497
-0.0058048660
-0.0120107789
-0.0191214044
-0.0262176180
-0.0314608703
-0.0340243106
-0.0348496151
-0.0353845588
-0.0362587067
-0.0372271350
-0.0375138247
-0.0361590505
-0.0326733842
-0.0271555740
-0.0200740666
-0.0121019531
-0.0040041720
0.0036132825
0.0108537301
0.0183819261
0.0260939397
0.0324483519
0.0358550697
0.0361608476
0.0339785970
0.0298525228
0.0242383462
0.0176450459
0.0106946176
0.0037625061
-0.0032835086
-0.0106522130
-0.0177168985
-0.0233223304
-0.0265665084
-0.0271715171
-0.0257718786
-0.0237960093
-0.0226356507
-0.0230188013
-0.0248802632
-0.0273237286
-0.0290600619
-0.0292304328
-0.0277869948
-0.0252686640
-0.0223416623
-0.0196001362
-0.0173859858
-0.0156596560
-0.0141745911
-0.0129059251
-0.0121316154
-0.0119967170
-0.0123499659
-0.0127502655
-0.0128589714
-0.0127396282
-0.0126245392
-0.0127012051
-0.0130287858
-0.0137826501
-0.0150113570
-0.0163969402
-0.0175532037
-0.0183826702
-0.0191226824
-0.0197039577
-0.0195676456
-0.0182530149
-0.0158856906
-0.0132497393
-0.0110640315
-0.0095283308
-0.0086794412
-0.0086975285
-0.0096160731
-0.0109899896
-0.0119660807
-0.0116960770
-0.0098588300
-0.0068960245
-0.0036885061
-0.0011592594
0.0001019042
0.0003369888
0.0005044817
0.0014368834
0.0029190949
0.0038844822
0.0036026096
0.0021811819
0.0001328880
-0.0020018018
-0.0037587286
-0.0045170180
-0.0036637983
-0.0012751667
0.0015261983
0.0033301131
0.0035429692
0.0024719072
0.0007635704
-0.0008167110
-0.0015549794
-0.0012642267
-0.0004051512
0.0005863470
0.0014450500
0.0018057897
0.0013072496
-0.0001483497
-0.0021957761
-0.0042612916
-0.0057735673
-0.0064578856
-0.0065735956
-0.0066306068
-0.0067498379
-0.0065399327
-0.0054171414
-0.0031166369
-0.0000685917
0.0027632783
0.0045817537
0.0053568941
0.0055288730
0.0055100861
0.0054105650
0.0052304460
0.0050059589
0.0045118599
0.0033484945
0.0014527228
-0.0009614275
-0.0037239589
-0.0065835887
-0.0092156333
-0.0114174261
-0.0130357024
-0.0138273678
-0.0135227494
-0.0120771949
-0.0099181417
-0.0077382989
-0.0059025647
-0.0040999010
-0.0017980737
0.0009143269
0.0033209367
0.0046526648
0.0046114554
0.0036469568
0.0027017440
0.0025376311
0.0033247817
0.0047978366
0.0065903356
0.0080828596
0.0085557369
0.0076126646
0.0055316455
0.0030331055
0.0007740747
-0.0008206536
-0.0014995860
-0.0011035736
0.0004190632
0.0029549357
0.0061689671
0.0095715754
0.0126109063
0.0147718452
0.0158632623
0.0161504995
0.0161665589
0.0161587227
0.0158656621
0.0148848163
0.0132136945
0.0113327371
0.0098751153
0.0091098384
0.0087219516
0.0080542665
0.0064306166
0.0037287532
0.0006071697
-0.0020531581
-0.0038423596
-0.0049381644
-0.0056549759
-0.0060714225
-0.0061741868
-0.0058310159
-0.0047295416
-0.0027132857
-0.0000857967
0.0025175774
0.0046019677
0.0061499752
0.0073639190
0.0082166956
0.0084875071
0.0082543709
0.0081086738
0.0086264938
0.0097653276
0.0109467705
0.0115765225
0.0114824494
0.0108859932
0.0101783932
0.0097259772
0.0096470683
0.0096991796
0.0094296136
0.0086085022
0.0072678317
0.0056013975
0.0038584142
0.0023828031
0.0015059475
0.0011977823
0.0010329460
0.0006912877
0.0002465295
0.0000139985
0.0001521624
0.0005818330
0.0011899741
0.0018956954
0.0026282113
0.0033861482
0.0041760304
0.0049618639
0.0057498056
0.0066275538
0.0076801573
0.0088492470
0.0099695193
0.0108765621
0.0115400722
0.0120138783
0.0122975021
0.0122720011
0.0118658740
0.0112921529
0.0108776068
0.0107107058
0.0105652810
0.0101757808
0.0094532816
0.0084134431
0.0071480449
0.0058776109
0.0048816573
0.0042990248
0.0040180760
0.0038429435
0.0036732560
0.0034848248
0.0033237073
0.0032535024
0.0033431610
0.0036403027
0.0040659746
0.0044798731
0.0048018774
0.0050598507
0.0053493500
0.0057245691
0.0061997064
0.0067500917
0.0072791484
0.0076742040
0.0079005318
0.0080217008
0.0081500852
0.0083366492
0.0085456049
0.0086881663
0.0086591371
0.0083751183
0.0078217926
0.0070854044
0.0063505010
0.0057987301
0.0055034818
0.0054137428
0.0054321214
0.0054702106
0.0054704669
0.0054259604
0.0053514762
0.0052554386
0.0051549159
0.0050731490
0.0050225297
0.0050127357
0.0050716509
0.0052589468
0.0056115319
0.0060608954
0.0064551047
0.0066897473
0.0067741673
0.0067650318
0.0066888179
0.0065431866
0.0063366423
0.0060786846
0.0057731782
0.0054691305
0.0052464529
0.0051249264
0.0050500572
0.0049551026
0.0048394518
0.0047618926
0.0047316732
0.0046891469
0.0045970277
0.0044926346
0.0044358886
0.0044406130
0.0044596523
0.0044431420
0.0043890276
0.0043186036
0.0042395714
0.0041546437
0.0040799620
0.0040379762
0.0040297304
0.0040291400
0.0040014783
0.0039301187
0.0038244208
0.0037073131
0.0036023976
0.0035180864
0.0034381419
0.0033445357
0.0032428258
0.0031584053
0.0031030742
0.0030643255
0.0030296136
0.0029898649
0.0029318618
0.0028457295
0.0027391067
0.0026380969
0.0025658572
0.0025214430
0.0024787911
0.0024184539
0.0023507651
0.0022985326
0.0022689152
0.0022435073
0.0022003503
0.0021340774
0.0020506662
0.0019583368
0.0018670964
0.0017882275
0.0017217905
0.0016552342
0.0015772691
0.0014868414
0.0013939444
0.0013109785
0.0012422099
0.0011854186
0.0011362738
0.0010882293
0.0010367064
0.0009812355
0.0009232300
0.0008627472
0.0007980983
0.0007300064
0.0006622470
0.0005981772
0.0005382487
0.0004797694
0.0004197221
0.0003587704
0.0003004215
0.0002465105
0.0001948893
0.0001412326
0.0000821424
0.0000175103
-0.0000508107
-0.0001211064
-0.0001917893
-0.0002610130
-0.0003271331
-0.0003905775
-0.0004537622
-0.0005181330
-0.0005829034
-0.0006464332
-0.0007082050
-0.0007696562
-0.0008326375
-0.0008975995
-0.0009635519
-0.0010288024
-0.0010920396
-0.0011527722
-0.0012112365
-0.0012682514
-0.0013246866
-0.0013810391
-0.0014374747
-0.0014940545
-0.0015507767
-0.0016073603
-0.0016633655
-0.0017186123
-0.0017733225
-0.0018278697
-0.0018824458
-0.0019369916
-0.0019913602
-0.0020454890
-0.0020994408
-0.0021533028
-0.0022071046
-0.0022607905
-0.0023142260
-0.0023672645
-0.0024198012
-0.0024718326
-0.0025234530
-0.0025747636
-0.0026258132
-0.0026766037
-0.0027271088
-0.0027773164
-0.0028272001
-0.0028767407
-0.0029259314
-0.0029747808
-0.0030232941
-0.0030714748
-0.0031193125
-0.0031668000
-0.0032139340
-0.0032607057
-0.0033071133
-0.0033531550
-0.0033988240
-0.0034441200
-0.0034890397
-0.0035335778
