0.0004361243
0.0036222029
0.0039508062
0.0003274728
-0.0021969669
-0.0055885613
-0.0047016026
-0.0010895138
-0.0005820420
-0.0007960975
-0.0045781508
-0.0066898161
-0.0047943393
-0.0029054675
-0.0005201005
-0.0053766702
-0.0104825691
-0.0066253807
-0.0016472440
-0.0008306810
0.0001933096
-0.0013025891
-0.0049013377
-0.0062184875
-0.0048833388
-0.0006730263
0.0032989793
0.0040648528
0.0008368407
-0.0007428628
0.0005724506
-0.0051578025
-0.0104842522
-0.0014569906
0.0002555024
-0.0003202168
-0.0006929360
0.0017102010
0.0046693884
-0.0059175446
-0.0056503832
0.0052833141
0.0037940299
-0.0010580702
0.0014729904
0.0060804182
0.0023536309
-0.0061261146
-0.0038422428
0.0043485931
0.0036138475
0.0003591898
0.0059065048
0.0016500275
-0.0060288547
-0.0020615034
-0.0005280136
0.0001824025
0.0045380425
-0.0015191295
0.0009851507
0.0031716595
-0.0058776986
-0.0032102167
-0.0008075513
-0.0003312498
-0.0008567612
0.0075873870
0.0128010913
0.0000510987
0.0045144993
0.0068639694
-0.0072034497
-0.0080999161
-0.0047399529
0.0051624423
0.0054000308
-0.0005363955
0.0100322519
0.0090340346
-0.0009714343
0.0019623565
0.0029101901
0.0000251684
-0.0010438980
0.0032599733
0.0025085505
-0.0004517001
-0.0022888627
-0.0065841922
-0.0060758836
-0.0083743856
0.0157573079
0.0282139937
0.0029802685
-0.0106315404
-0.0033472237
0.0064789928
-0.0023337223
-0.0088560879
0.0133951094
0.0093351385
-0.0201975082
-0.0120641292
0.0178303363
0.0045002975
-0.0134481600
0.0108921552
0.0241399881
0.0069260919
-0.0071280794
0.0145287435
0.0152738569
-0.0035158469
-0.0040308484
-0.0005079154
0.0030723030
-0.0033366919
-0.0050744712
0.0090749419
0.0065955771
-0.0109503130
-0.0131032867
-0.0041573235
0.0118054275
0.0100647998
-0.0063407653
-0.0218924883
-0.0215084661
-0.0111553098
0.0055328142
-0.0043374005
-0.0094966977
0.0110680528
0.0052134751
-0.0089025932
-0.0072947767
0.0113034927
-0.0003945069
-0.0081384507
-0.0008844764
0.0036111768
-0.0134227558
-0.0365381217
-0.0142865595
0.0047940285
-0.0093409498
-0.0117724219
0.0052821713
0.0113236697
0.0114205515
0.0210673259
0.0041623582
-0.0232901233
-0.0172470638
0.0053340887
0.0257636990
0.0280596150
0.0138149766
-0.0138192489
-0.0151182381
0.0029783536
0.0256402021
0.0235728915
-0.0060942771
-0.0256864197
-0.0104502475
0.0128728406
0.0003192143
-0.0210608295
-0.0227297713
-0.0124149794
0.0029835766
0.0349135845
0.0097485061
-0.0311296628
-0.0219586673
0.0079847878
0.0234706635
-0.0001925216
-0.0085820182
-0.0014087644
0.0045352682
0.0087933161
0.0046000475
0.0123662042
-0.0149654602
-0.0271602524
-0.0049437992
0.0055247125
-0.0015006083
-0.0070256381
0.0162889800
0.0048367582
-0.0075357821
-0.0085270314
0.0078428047
0.0249737225
0.0209015617
0.0297971959
0.0150206227
-0.0123247525
-0.0246568294
-0.0132707233
0.0236937177
0.0181330196
0.0042886770
0.0067594954
-0.0050882901
-0.0089308465
0.0153248204
0.0247720076
-0.0054771029
-0.0153333408
-0.0084154589
-0.0153042622
-0.0395148360
-0.0368517791
0.0008424690
0.0191187477
0.0062689930
0.0126779458
0.0241154660
0.0210159074
0.0127924975
0.0131678686
0.0172478597
-0.0133860650
-0.0265132887
-0.0112709216
-0.0014524942
0.0137409174
0.0155468762
-0.0081508694
-0.0326520377
-0.0099130054
0.0358976535
0.0131522874
-0.0157253466
-0.0146336089
0.0033624214
-0.0030044683
-0.0152101479
0.0070350793
0.0114664770
0.0108688916
-0.0073351065
0.0062043438
0.0199443795
-0.0132958189
-0.0178773474
-0.0084142921
-0.0233781435
-0.0090412295
0.0355828046
0.0269224457
-0.0029145300
-0.0076983764
-0.0071535811
0.0156199494
0.0294941915
0.0111677679
-0.0230284765
-0.0319288613
-0.0063562887
0.0095314639
0.0105489504
0.0030775640
0.0080333477
0.0140193859
0.0117504491
0.0053947423
0.0124437196
0.0124998783
-0.0005533801
-0.0021194578
-0.0051553150
0.0026759654
-0.0027345601
-0.0060446352
0.0005636064
0.0113619202
-0.0071299260
-0.0294084211
0.0038631749
0.0567995103
0.0538278751
-0.0038557419
-0.0140101158
-0.0301356404
-0.0364443217
0.0146108979
0.0112299593
-0.0177076074
-0.0216096480
-0.0111779974
0.0108026488
0.0192083367
-0.0107119993
-0.0255395714
-0.0146564002
-0.0112867367
0.0086320219
0.0225156867
-0.0087780672
-0.0240765656
0.0018523178
0.0214128848
0.0076983196
-0.0042290660
-0.0003818363
-0.0079206128
0.0207392091
0.0385801400
0.0385212878
0.0025438186
-0.0206533092
-0.0167406569
-0.0244809796
-0.0076049339
-0.0036462153
0.0154229893
0.0024704247
-0.0340019993
-0.0304782678
-0.0010031752
0.0118343554
0.0098216409
-0.0020037225
0.0025766984
-0.0055240555
-0.0203703158
-0.0031595957
-0.0064765837
-0.0200541182
-0.0298804990
-0.0099226369
0.0152096243
0.0151804220
-0.0137503699
-0.0080799657
0.0154504207
0.0020120316
-0.0219979724
-0.0243107548
-0.0219058365
0.0080503363
0.0337258478
0.0105039269
-0.0096904965
0.0156719536
0.0456440289
0.0135123946
-0.0036983124
0.0202832899
0.0362662416
0.0005119610
-0.0438411671
-0.0242147033
0.0136513927
0.0111970806
0.0092372312
0.0097996834
0.0017501113
-0.0269085677
-0.0061487630
0.0532217693
0.0554557278
-0.0035091832
-0.0405118729
-0.0063613520
0.0285507204
0.0228534548
0.0092459147
0.0119783352
-0.0143670573
-0.0014815674
0.0302196624
0.0098970213
-0.0139226570
0.0166234266
0.0182285704
0.0002375942
-0.0072673712
-0.0214467794
-0.0004928048
-0.0000704913
0.0080620192
-0.0062855060
-0.0331724803
0.0035695899
0.0256318764
-0.0205875465
-0.0034956354
0.0136343156
-0.0182518574
-0.0139895040
0.0002890188
0.0232818565
-0.0371881199
-0.0640823583
-0.0158357898
0.0349577650
0.0442354304
0.0286611586
0.0190739781
-0.0242906578
-0.0181039755
0.0370228474
0.0757224631
0.0185386699
-0.0430200337
-0.0098170097
0.0114911613
0.0042140179
0.0014257906
-0.0010019893
0.0033826866
-0.0120534321
0.0072271674
-0.0257693923
-0.0328313494
0.0079503008
0.0118765139
0.0376243262
0.0160222758
-0.0089328780
-0.0353368531
-0.0284583158
-0.0079930537
-0.0109319282
-0.0099973640
-0.0281045562
-0.0303411774
-0.0116828988
0.0155488423
0.0244074419
-0.0067358377
0.0079301618
0.0414654746
0.0361772336
0.0329972343
0.0215656728
0.0340410115
0.0092550764
-0.0067587674
0.0415939325
0.0273650080
-0.0083659316
-0.0243007476
0.0074956988
-0.0007979603
-0.0096510773
0.0168614605
0.0062407041
-0.0236578278
-0.0409867197
-0.0247417026
0.0195343286
0.0554837891
0.0125208091
-0.0408142222
-0.0442092917
0.0060669955
0.0200572656
0.0110472676
-0.0035774666
-0.0065395294
-0.0087239167
-0.0044553512
-0.0068783542
0.0164590357
0.0259313016
0.0192435695
-0.0058107011
-0.0090345156
0.0125818731
-0.0005741459
-0.0304330143
-0.0473539586
0.0114089920
0.0464984953
0.0364292011
-0.0221727559
-0.0536309423
-0.0636339476
-0.0646201843
-0.0374278473
-0.0076376975
0.0020380689
0.0068269438
0.0174660552
0.0116337589
0.0165634745
0.0363262829
0.0505290932
0.0516872003
0.0374947167
0.0226164533
0.0061476868
-0.0011590048
-0.0202594274
-0.0179712205
-0.0142506380
-0.0114653473
-0.0127950389
-0.0597276021
-0.0683186802
-0.0590650828
-0.0055498037
0.0723768010
0.0320094456
-0.0435018365
0.0011410352
0.0704488689
0.1194098869
0.0625394539
-0.0442414285
-0.0890510891
-0.1214225503
-0.1316226635
-0.1112268391
-0.0299543811
-0.0029285222
-0.0365946959
-0.0231510971
0.0205705095
-0.0201603410
-0.0612823116
-0.0073658778
0.0706147444
0.0557820352
0.0350990048
0.0617173658
-0.0081582321
-0.0911946609
-0.1133086723
-0.0837215861
-0.0536323650
-0.0270879152
-0.0076077410
0.0055186167
0.0310116482
-0.0217281468
-0.0126257098
0.0394704054
0.0071397785
-0.0163990355
-0.0160487333
0.0041327577
-0.0504037505
-0.0633480070
-0.0016235836
0.0510412963
0.0749684740
0.0443851810
-0.0151036329
-0.0270294208
0.0044550502
0.0229631066
0.0877542919
0.1036615172
0.0669778146
0.0460382272
0.0154584076
-0.0132146992
-0.0227368050
-0.0592715311
-0.0686145690
-0.0184927222
0.0169930761
0.0235354279
-0.0231357069
-0.0496189436
-0.0014231022
-0.0053750402
-0.0480676793
0.0112029053
0.0960652051
0.1145914489
0.1087681862
0.0893237128
0.0580828521
0.0665998411
0.0232668338
0.0076636719
0.0668873045
0.0454608254
0.0100954057
-0.0133855347
0.0058547834
0.0192476344
0.0096811015
0.0126610588
-0.0564320985
-0.0899554407
-0.0327976952
0.0113523253
0.0231364728
-0.0057375236
-0.0260455384
0.0374563323
0.0398055781
0.0183703782
0.0505527374
0.0589021899
0.0472074548
0.0177788185
0.0454056918
0.0041527778
-0.0892342973
-0.1518967035
-0.1743262605
-0.1567149371
-0.1602308951
-0.1079090852
-0.0230705906
0.0675410151
0.1516727282
0.1214213439
0.0329395928
0.0190849440
0.0599674752
0.0749703397
0.0722777712
0.1184090500
0.0791542138
0.0048738221
0.0049805494
0.0136305083
0.0461681844
0.0096861828
-0.0429771002
-0.0505872506
-0.0617285062
-0.0416011353
-0.0311326970
-0.0492732364
-0.0803805715
-0.0973846421
-0.0644509033
-0.0387316832
-0.0116544642
-0.0175223629
-0.0538328439
-0.0494854724
-0.0774219832
-0.0872611547
-0.0634962438
-0.0209009141
0.0320179745
0.0687835396
0.1064810203
0.1013561628
0.0805581776
0.0985244718
0.1004623577
0.0754116797
0.0450792736
0.0222074699
0.0033670448
0.0066497355
0.0318571952
0.0389429395
0.0563130043
0.0623890713
-0.0239695990
-0.1026006242
-0.1280915180
-0.1272538460
-0.0394744519
0.0205837241
0.0285724071
-0.0307356165
-0.0690307937
-0.0263263953
-0.0024063337
-0.0085395698
-0.0071305785
0.0773097294
0.1363410895
0.1320106819
0.0985711446
0.0438540053
-0.0520398913
-0.1376039599
-0.1292027165
-0.1510392353
-0.1147405509
-0.0221099189
0.0114280730
-0.0211536386
-0.0682359972
-0.0169296456
-0.0147086981
-0.0598538816
-0.0461947707
0.0137430576
0.0560056140
0.0256651340
0.0047700176
-0.0216596597
-0.0924929293
-0.1357574437
-0.1794276575
-0.2056980099
-0.1338297073
-0.0125220681
0.0727575461
0.0600829823
-0.0280721332
-0.1455705658
-0.2195892321
-0.2371026424
-0.1419262653
0.0814773187
0.2412262140
0.1877293875
0.0655403856
0.0510455832
0.1327380198
0.2314931573
0.2192740743
0.1089879009
0.0521756720
0.0847102313
0.1449963489
0.1568818684
0.1001410363
-0.0135967409
-0.0858746086
-0.0446442566
-0.0130284039
-0.0621851620
-0.1390102591
-0.1416499085
-0.1035480802
-0.0853666272
-0.1059233505
-0.1527910907
-0.2646070149
-0.3168252828
-0.2485734906
-0.1693415085
-0.0688099747
0.0138756820
0.1037176068
0.2357076947
0.3523144643
0.3739746151
0.3804731431
0.4272446502
0.4462588403
0.3754474844
0.2102008228
0.0217624996
-0.1803253588
-0.3207064826
-0.2562251850
-0.1025672942
-0.0702626443
-0.1156284711
-0.1669929704
-0.1573531070
-0.0602556461
0.0469995035
0.1168869003
0.1129249307
0.1072034520
0.1055705420
0.0698039064
0.0494194712
0.0648783907
0.0553450450
-0.0190442413
-0.0329793322
0.0278331513
-0.0133596680
-0.1198929589
-0.1775046176
-0.1729349766
-0.1337786402
-0.1175430816
-0.1361525464
-0.1568004920
-0.1493879012
-0.1630487785
-0.1685404460
-0.1579493941
-0.0802734220
0.0703200014
0.1730604104
0.1539452897
0.0726577434
0.0493984615
0.0881431274
0.1099442566
0.0734224020
0.0007951775
-0.0703183845
-0.1286777909
-0.1819085944
-0.2041955325
-0.1283249714
0.0491874878
0.1373981126
0.1651424160
0.2561767660
0.2972667136
0.3075771114
0.1960935171
0.0267864386
-0.0779063743
-0.1846080820
-0.2302770347
-0.1307275835
0.0340257504
0.1163230632
0.1214568367
0.1381965559
0.1339166572
0.0609136304
-0.0175410541
-0.0556759138
-0.0527723774
0.0135105923
0.0869887008
0.1102366952
0.1351176513
0.1666934529
0.1828246313
0.1417184081
0.0678166187
-0.0072800951
-0.1154452890
-0.1945065957
-0.2153646688
-0.2200813348
-0.2108680991
-0.1833206701
-0.1956939476
-0.2386140766
-0.2743362935
-0.2786720784
-0.2104579508
-0.0847770819
0.0331511157
0.0824972267
0.0762970753
0.0524220840
0.0369186489
0.0595725380
0.1035608887
0.1116813266
0.1168101478
0.1213389526
0.0520280891
0.0148095802
0.0409685742
0.0276993477
0.0112572955
-0.0136975223
0.0101003994
0.0737135168
0.1037420526
0.1192514787
0.1353667568
0.1633656763
0.1828216514
0.1581762866
0.0577852029
-0.0357534327
-0.0796815439
-0.0392361813
0.0779174324
0.1655382560
0.2183768005
0.2133422054
0.1700140276
0.1005181842
0.0136432108
-0.0550085811
-0.1472032142
-0.2083172416
-0.2206830055
-0.1792339339
-0.0814441563
-0.0038074256
0.0599788388
0.0929819360
0.0792203943
0.0590809980
0.0781103793
0.0896434492
0.0369876722
-0.0622424629
-0.1557336556
-0.1813239523
-0.1254045920
-0.0447223739
-0.0043279771
0.0115102454
0.0233296911
0.0506293635
0.0790385365
0.1210852606
0.1814226096
0.2180529560
0.1797586105
0.0858056930
0.0362794025
0.0073597427
0.0000286567
-0.0009646585
-0.0435909667
-0.0875531846
-0.1177904725
-0.1133565804
-0.1081230887
-0.1381515718
-0.1648933431
-0.1779278669
-0.1595558836
-0.1461783992
-0.1732663833
-0.1676223571
-0.0928915503
-0.0053761643
0.0136348090
-0.0341951937
-0.0698748721
-0.0294384336
0.0791690793
0.1613900248
0.1755158889
0.1485534011
0.1561274449
0.2133498543
0.2577130572
0.2822169238
0.2666738806
0.2032285713
0.1169572637
0.0430905113
0.0135425512
0.0437939299
0.0576674087
0.0393476007
0.0374521722
-0.0129996189
-0.0649673258
-0.1000560538
-0.1231113701
-0.1336336538
-0.1498288660
-0.1199931352
-0.1064065241
-0.1137281657
-0.1062019953
-0.0801658604
-0.0927232769
-0.1467413330
-0.1577260588
-0.1229933935
-0.0566583910
0.0165731735
0.0425898540
0.0130754124
-0.0345341243
-0.0658235189
-0.0959522553
-0.1213058002
-0.0823838720
-0.0410331444
-0.0487297098
-0.0440717139
0.0054659099
0.0381715793
0.0183094973
-0.0235310789
-0.0688535575
-0.0866711982
-0.0803412631
-0.0480486959
0.0354798056
0.1095003558
0.1696570986
0.2194009399
0.2157308392
0.1888189835
0.1490832838
0.0758238483
-0.0147876424
-0.0649504028
-0.0459957507
0.0070496332
0.0619984630
0.0445384409
-0.0025916841
-0.0081858827
-0.0150868448
0.0162991532
0.0570344192
0.0568206134
0.0394602276
0.0008890497
-0.0585084713
-0.1105597717
-0.1037164624
-0.0351826705
0.0249896150
0.0349168954
-0.0177294627
-0.0773777915
-0.1079531854
-0.1190919677
-0.1104742913
-0.0792329615
-0.0409455362
0.0100475450
0.0679406426
0.0924095610
0.0188857165
-0.0473213437
-0.0126758233
0.0092659966
-0.0324377523
-0.0714190294
-0.0401066450
-0.0102709187
-0.0090119477
-0.0113217456
-0.0399827794
-0.0741506432
-0.0396367342
0.0224280644
0.0601519693
0.0413025332
-0.0152085720
-0.0145705551
-0.0050858321
-0.0522602699
-0.1301900758
-0.1679441399
-0.1438150540
-0.0976049144
-0.0787967192
-0.0837636710
-0.0598307657
0.0067722516
0.0911537384
0.1521018938
0.1630975375
0.1580469200
0.1654958397
0.1277442891
0.0836582268
0.0655695639
0.0515539559
0.0468717279
0.0182901473
-0.0484968861
-0.1093908463
-0.1143760540
-0.1126646450
-0.1159863990
-0.0950976397
-0.0551814932
0.0022579108
0.0522312312
0.0626751506
0.0283996446
-0.0085814333
-0.0056819861
-0.0069141815
-0.0366840312
-0.0499027066
-0.0460678207
-0.0371944621
-0.0319449702
0.0011952421
0.0503868385
0.0756892894
0.0965852017
0.0904725965
0.0496612775
0.0251429112
0.0380776208
0.0647676384
0.0557245683
0.0390033888
0.0475246933
0.0655392054
0.0608920757
0.0521421100
0.0378765199
0.0078625015
0.0215259233
0.0427165488
0.0542285720
0.0571979112
0.0498305618
0.0523565480
0.0637387141
0.0697798393
0.0685615486
0.0693831331
0.0312466102
-0.0144184824
0.0076852625
0.0357406875
0.0108754331
-0.0454754848
-0.0480042761
0.0092481596
0.0364688468
0.0308649128
0.0041381138
-0.0299290471
-0.0565964162
-0.0655743379
-0.0651898075
-0.0605015564
-0.0171278196
0.0123307115
-0.0023626685
-0.0089759447
0.0041600181
-0.0357922807
-0.0766369745
-0.0595249553
-0.0348362636
-0.0353046011
-0.0470805667
-0.0082951891
0.0173008437
-0.0009245652
-0.0190325864
-0.0226478332
-0.0086771127
-0.0031186227
0.0212341174
0.0216878497
0.0065363638
0.0390675159
0.0246318276
-0.0304986701
-0.0657264277
-0.0715516009
-0.0511159463
-0.0460019753
-0.0247639850
-0.0080511715
-0.0284438829
-0.0636806222
-0.0423774890
0.0346504289
0.0680294458
0.0097324498
-0.0960398078
-0.1400768704
-0.1064112019
-0.0553872745
-0.0489581573
-0.0325548423
-0.0107266586
-0.0414505323
-0.0080691341
0.0863554143
0.0866866581
0.0138236070
-0.0454731104
0.0005131628
0.0765700942
0.0446116004
0.0673462520
0.1315796993
0.1236460599
0.0969320096
0.1191846722
0.0669698369
-0.0235676310
-0.0015237893
-0.0528468065
-0.1533424329
-0.0972600276
-0.0156790198
-0.0426047617
-0.0368593246
0.0591769610
0.0363191494
-0.0388388467
0.0153583911
0.0246847321
-0.0344635066
-0.0465526775
-0.0672654046
-0.0869985662
-0.0875499778
-0.1045642943
-0.1143934542
-0.1194577105
-0.0802349256
-0.0271818718
-0.0453282244
-0.0816540983
-0.1056488344
-0.0990216965
-0.0671870750
-0.0485607338
-0.0154651795
-0.0109300859
-0.0256939712
-0.0035174719
0.0649955308
0.1029997492
0.0744977656
0.0469493337
0.0438151963
0.0523596114
0.0260664300
-0.0181835506
-0.0078931245
0.0490387098
0.0964994244
0.0867305035
0.0769817867
0.1237969492
0.1551561856
0.1353223949
0.0538698289
-0.0054839944
0.0081732838
0.0088608872
-0.0167883117
-0.0295104242
-0.0326106832
-0.0264618057
-0.0008604405
0.0275141126
0.0451246981
0.0178027613
-0.0095303287
-0.0097204922
-0.0204271206
-0.0354806278
-0.0387884912
-0.0255116941
-0.0115110311
0.0124810802
0.0584815808
0.0985442412
0.0900801328
0.0645394087
0.0440339848
0.0438090265
0.0862920086
0.1118107074
0.1014393623
0.1084422524
0.1093238574
0.0444869915
0.0115634043
0.0135893717
-0.0112608460
-0.0018101069
0.0038276772
-0.0238734065
-0.0587455016
-0.0454454989
0.0113821295
0.0157056815
-0.0178801925
-0.0529247449
-0.0689593514
-0.0726715056
-0.0778383270
-0.0721486167
-0.0686996839
-0.0494563669
-0.0101942312
-0.0041610364
-0.0074054952
0.0028366429
-0.0029195726
-0.0180661846
-0.0079916108
0.0235657003
0.0388376841
0.0401519000
0.0402200725
0.0486802398
0.0675247597
0.0738426760
0.0532492539
0.0310514913
0.0308529134
0.0278846946
-0.0008436009
-0.0227014634
-0.0260032432
-0.0111090140
-0.0105308713
-0.0294130177
-0.0173560605
0.0058217225
0.0218663600
0.0327115500
0.0242245850
0.0180234278
0.0360896389
0.0832860746
0.1125744552
0.1123845234
0.0898264265
0.0487243323
0.0210930944
-0.0134720546
-0.0374035090
-0.0220725770
0.0077435320
0.0155149111
0.0056563695
0.0034166979
-0.0145663448
-0.0556555497
-0.0638260251
-0.0419684326
-0.0417874046
-0.0823836109
-0.1329872228
-0.1628197150
-0.1569413969
-0.1267502444
-0.1275657762
-0.1525661744
-0.1538674004
-0.1147177702
-0.0643279417
-0.0431574027
-0.0615896091
-0.0790160911
-0.0852960768
-0.0559763245
-0.0320276819
-0.0337469211
-0.0475680375
-0.0647963567
-0.0590130982
-0.0528572477
-0.0412831518
-0.0054334134
0.0403769310
0.0755958064
0.0754665000
0.0255533504
-0.0287450791
-0.0233815036
0.0081398950
0.0188734495
0.0323454256
0.0385320446
0.0551334658
0.0604567297
0.0589792146
0.0551038395
0.0313137423
0.0015249037
-0.0361433689
-0.0405303863
0.0028183381
0.0402249789
0.0616263789
0.0646819364
0.0537894562
0.0436594572
0.0337434007
0.0571463722
0.0879424667
0.0793481871
0.0556127677
0.0568670393
0.0441394952
0.0418586362
0.0315646644
-0.0048814825
-0.0180552694
-0.0148032586
0.0142380354
0.0499483452
0.0711780911
0.0676745493
0.0485659960
0.0329752287
0.0407078397
0.0279396669
-0.0086132252
-0.0393733849
-0.0859057636
-0.0987025589
-0.0383736390
0.0144488349
0.0113681221
-0.0128869056
-0.0284088427
-0.0278522502
-0.0250986914
-0.0167761899
-0.0190668025
-0.0165076081
0.0094851746
0.0386231634
0.0632957188
0.0705335342
0.0191862865
-0.0482198718
-0.0574711605
-0.0513709563
-0.0487225453
-0.0520896080
-0.0649699062
-0.0740103073
-0.0811719115
-0.0805876671
-0.0805794602
-0.0707141221
-0.0390588810
-0.0233627441
-0.0198746062
-0.0161328325
-0.0176517700
0.0012207603
0.0072135511
-0.0140468783
-0.0201253654
-0.0066187245
0.0223106016
0.0605740777
0.0823983456
0.0742233948
0.0454680578
0.0062018802
-0.0096046035
0.0052352955
0.0278254695
0.0314980081
-0.0026619661
-0.0322167019
-0.0676759991
-0.0947180441
-0.0426906532
-0.0026598858
-0.0089179701
-0.0485687065
-0.0535065556
-0.0052042995
-0.0014108939
-0.0275026010
-0.0862444768
-0.0999490619
-0.0294211155
0.0536117254
0.0767678966
0.0511328155
0.0410224903
0.0768175136
0.1317920845
0.1408896904
0.1029844312
0.0293333403
-0.0818672026
-0.2007170209
-0.2433033380
-0.1908094869
-0.0741806594
0.1187212480
0.2380197465
0.2408643213
0.1873607412
0.1451706414
0.1229440669
0.0383240606
-0.0806246661
-0.0648524665
0.0525254083
0.0711808350
0.0353027862
-0.0261708737
-0.0501239710
-0.0455964823
0.0085316021
0.0205063299
-0.0348821802
-0.0319272979
-0.0556599004
-0.1011972463
-0.0839107348
0.0052073800
0.0515401596
0.0431888092
0.0439643419
0.0149335978
0.0362298955
0.1137886140
0.1501013701
0.0605483176
-0.1043140485
-0.1517006242
-0.1071265354
-0.0006857634
0.0717497663
0.0492289345
-0.0129180145
0.0032964135
0.0695000729
0.1190584744
0.1422331566
0.1195387532
0.0649586715
0.0318256517
0.0320524508
0.0225109025
0.0095765739
-0.0380986972
-0.0629433262
-0.0603658308
-0.0504488824
-0.0388820865
-0.0118692752
-0.0102358780
-0.0288184099
-0.0056831426
0.0208502833
0.0510283665
0.0619283804
0.0401731043
-0.0136650136
-0.0569740885
-0.0750664885
-0.0873836558
-0.1051828761
-0.0920067719
-0.0309105514
0.0385380667
0.0488892890
0.0153226385
0.0100485967
-0.0040885505
0.0252561123
0.0830567067
0.0894629113
0.0310709600
-0.0369229595
-0.0868890621
-0.1122745961
-0.0775081009
-0.0218624218
0.0045157415
-0.0098434147
-0.0051837907
0.0228396434
0.0163579219
-0.0134697203
-0.0203596976
-0.0025192977
-0.0123135517
-0.0269163685
-0.0231130781
-0.0223917071
-0.0199554575
0.0058066919
0.0507751622
0.0840693053
0.0858282329
0.0621713674
0.0366722011
0.0276439352
0.0418640209
0.0407761091
0.0372370258
0.0490508568
0.0464394223
0.0254833600
0.0260771026
0.0470090214
0.0515970110
0.0450816416
0.0384230119
0.0433888592
0.0692756360
0.1023411797
0.1023380153
0.0925612070
0.0725323248
0.0227590116
-0.0248337359
-0.0452428610
-0.0245930593
0.0126496930
0.0147064715
-0.0177780515
-0.0467336818
-0.0474819296
-0.0192238321
-0.0128294588
-0.0358584576
-0.0354526385
-0.0138384964
-0.0046532309
-0.0173766042
-0.0545863443
-0.0812935566
-0.0472620550
0.0094815886
-0.0000633033
-0.0399087358
-0.0710924139
-0.0492306949
-0.0104995075
-0.0212630618
-0.0467013434
-0.0688990336
-0.0774718776
-0.0778723845
-0.0480747605
-0.0069322265
0.0259935729
0.0192055411
-0.0187068344
-0.0554490492
-0.0484109703
-0.0244939021
-0.0553174460
-0.0959571148
-0.0987964983
-0.0524046872
0.0259901631
0.0535212295
0.0144519224
0.0129724989
0.0225495960
0.0311844730
0.0473728904
0.0496829725
0.0341875916
0.0321983342
0.0601635107
0.0684932099
0.0598093818
0.0586209346
0.0488160576
0.0084113696
-0.0174924606
-0.0397444153
-0.0552214420
-0.0375211615
-0.0233842489
-0.0150141229
-0.0034224359
-0.0099897503
-0.0147675572
0.0199533639
0.0686399380
0.0783116506
0.0518980407
0.0247895920
-0.0279374889
-0.0534805868
-0.0286292721
-0.0032898337
0.0040883469
0.0003983707
-0.0077975756
0.0015153595
0.0052233956
-0.0151511829
-0.0037600348
0.0273867045
0.0290298888
-0.0012992565
0.0061050384
0.0381053293
0.0323996723
0.0097215133
0.0116100288
0.0163819001
-0.0211262305
-0.0557099714
-0.0611391354
-0.0522477803
-0.0589980972
-0.0861488327
-0.1070174588
-0.0947624754
-0.0444359265
-0.0014503699
0.0083671739
-0.0097507119
-0.0091453533
0.0033525344
0.0143498972
0.0222941096
-0.0044297233
-0.0433028220
-0.0639223723
-0.0764598864
-0.0830969670
-0.0690180358
-0.0227593068
-0.0007663115
0.0063835930
0.0248388110
0.0227657609
0.0179984325
0.0176998433
0.0149440382
0.0247030048
0.0385546550
0.0189127479
-0.0117750444
-0.0016320194
0.0183376021
0.0106136205
-0.0015223221
-0.0096475846
-0.0200242813
-0.0282722891
-0.0213904461
-0.0121657856
-0.0130543738
0.0035677612
0.0357764439
0.0496411634
0.0259912170
0.0144763677
0.0171331256
0.0169751222
0.0141632352
0.0173293023
0.0325830533
0.0302061155
0.0315445749
0.0345658161
0.0301696169
0.0251584863
0.0368756436
0.0577764953
0.0731317463
0.0649817850
0.0563914324
0.0586931643
0.0489890248
0.0330332749
0.0281360027
0.0319820668
0.0147271741
-0.0139224306
-0.0237637201
-0.0199958477
-0.0232219576
-0.0140931482
-0.0073740004
-0.0164654532
-0.0066211482
0.0146914435
0.0161938053
0.0076738326
0.0053250839
-0.0021879843
-0.0044000428
0.0067159924
0.0064638385
-0.0196738881
-0.0356091717
-0.0177652119
-0.0028618310
0.0026486303
0.0093661863
0.0020607990
-0.0031466601
0.0043394502
0.0074179629
-0.0072280144
-0.0153529821
-0.0003682016
0.0180986948
0.0126971065
0.0029483392
0.0041172461
0.0067992808
0.0080794246
0.0101883905
0.0238566032
0.0310055515
0.0170166915
-0.0036769151
-0.0126548845
-0.0150276544
-0.0214794232
-0.0336672967
-0.0445280789
-0.0448955587
-0.0429428801
-0.0526441024
-0.0493716338
-0.0388447738
-0.0196092769
-0.0087459969
-0.0108113185
-0.0224643057
-0.0217185163
0.0120201740
0.0294021476
0.0238763991
0.0181399422
0.0079520702
-0.0073554807
-0.0123694998
-0.0198215154
-0.0176853643
-0.0136063991
-0.0286282479
-0.0513734018
-0.0579421300
-0.0444062891
-0.0467301957
-0.0522918293
-0.0496143866
-0.0575855077
-0.0595958941
-0.0519048690
-0.0499181470
-0.0538448331
-0.0556612609
-0.0470393394
-0.0392981990
-0.0380485579
-0.0339428398
-0.0378456394
-0.0461265518
-0.0398615699
-0.0230086644
-0.0023679480
0.0159643801
0.0262164725
0.0305799747
0.0347946664
0.0362264510
0.0371816343
0.0412110751
0.0306406087
0.0154862952
0.0047778227
0.0005787216
0.0095465828
0.0190910936
0.0124316236
0.0088097527
0.0110325070
0.0160307939
0.0429578308
0.0418218484
0.0096926884
0.0134647282
0.0335128772
0.0352823789
0.0366684735
0.0377153355
0.0301174147
0.0285902154
0.0349165648
0.0286370441
0.0089835818
-0.0017643105
0.0053672407
0.0036917502
0.0066336834
0.0149958898
0.0034356052
-0.0203885717
-0.0272555023
-0.0082488728
0.0037419503
0.0041841930
0.0082187959
0.0149361101
0.0056944962
0.0007408315
0.0081439252
0.0167180816
0.0123759398
-0.0006288785
-0.0077027980
-0.0201065979
-0.0246831814
-0.0298601145
-0.0370701441
-0.0311790909
-0.0311023477
-0.0346362563
-0.0307485951
-0.0267393997
-0.0230462326
-0.0156692371
0.0047798888
0.0118923284
0.0020089792
0.0014646168
0.0188444138
0.0212788006
0.0067107129
-0.0090613442
-0.0171762847
-0.0029984212
0.0078270920
0.0020780979
-0.0004131647
0.0063062703
0.0100205248
0.0158044151
0.0105153683
0.0047468841
0.0046881870
0.0055994100
0.0091618277
0.0041814307
0.0079201274
0.0178138551
0.0111680788
0.0111098593
0.0223899983
0.0117490173
-0.0064173200
-0.0089332895
0.0041968865
0.0089262600
0.0064664751
0.0101763543
0.0155018336
0.0254728476
0.0218899736
0.0252812557
0.0268936302
0.0305956102
0.0385566347
0.0333519057
0.0333713707
0.0373246877
0.0347884596
0.0155577981
0.0111407617
0.0232346829
0.0359638285
0.0441145265
0.0416920765
0.0367774231
0.0316371845
0.0272670149
0.0248722072
0.0102583856
-0.0115054856
-0.0247788116
-0.0189563386
-0.0154170953
-0.0182471868
-0.0050098230
0.0015567232
-0.0015392600
-0.0141142557
-0.0206778017
-0.0103269447
-0.0110670753
-0.0193519578
-0.0217852411
-0.0214205585
-0.0224920445
-0.0197765792
-0.0234638441
-0.0403940606
-0.0405422981
-0.0347770586
-0.0372047848
-0.0388657483
-0.0303577161
-0.0298109967
-0.0373569114
-0.0355669011
-0.0197415783
0.0002138855
0.0078060303
0.0061436192
0.0065139739
0.0147194994
0.0033393706
-0.0157103788
-0.0217727245
-0.0219446394
-0.0197542120
-0.0163574761
-0.0125432837
-0.0088464768
-0.0043526371
0.0048177202
0.0044005883
-0.0019973014
0.0077861206
0.0178177337
0.0154444628
0.0075210066
-0.0013184522
0.0024609616
0.0133659034
0.0215031476
0.0229577153
0.0194073553
0.0183676943
0.0220573356
0.0278463772
0.0226103815
0.0183398716
0.0170967452
0.0278437576
0.0411306178
0.0374421983
0.0271621146
0.0233400207
0.0253472033
0.0206259346
0.0191638997
0.0203291467
0.0180670784
0.0074606031
0.0047728334
0.0163767724
0.0230590517
0.0245610591
0.0151561534
0.0046952731
0.0026654317
-0.0004097490
-0.0030278771
-0.0056867811
-0.0051156993
-0.0082720343
-0.0127871600
-0.0076601838
-0.0051485489
-0.0085597845
-0.0165268476
-0.0204199334
-0.0162612060
-0.0106370802
-0.0052125891
-0.0058186815
-0.0065844232
-0.0039153245
-0.0084802124
-0.0115601804
-0.0112711055
-0.0088541079
-0.0053544407
-0.0046796499
-0.0039005821
-0.0053355936
-0.0078072054
-0.0124658321
-0.0126770854
-0.0120387412
-0.0124621282
-0.0122113211
-0.0139712921
-0.0137764949
-0.0140916455
-0.0133803797
-0.0106619497
-0.0073576574
-0.0039789865
0.0009798487
0.0060053570
0.0078173341
0.0058234374
0.0006486613
0.0010551298
0.0051768714
0.0051681900
0.0038688189
0.0058140893
0.0088350414
0.0073940979
0.0053616987
0.0024346847
0.0013183539
0.0039836123
0.0066299554
0.0076758354
0.0059643463
0.0033120721
0.0012960343
0.0021076071
0.0038622052
0.0024280341
0.0012585089
0.0017424126
0.0012739077
-0.0002105656
-0.0012322754
-0.0026298814
-0.0041761002
-0.0035674913
-0.0030597168
-0.0024118069
-0.0014836147
-0.0013821590
-0.0022695943
-0.0023662530
-0.0011690162
0.0004460100
0.0005115618
-0.0013258336
-0.0016391496
-0.0018492084
-0.0018342886
-0.0014982142
-0.0014582855
-0.0017684641
-0.0019491590
-0.0012566008
-0.0005854420
-0.0003135447
-0.0006781411
-0.0012449126
-0.0013328439
-0.0012341238
-0.0011170317
-0.0009531164
-0.0012960180
-0.0016397922
-0.0015013422
-0.0011943884
-0.0010837850
-0.0010952151
-0.0010174838
-0.0008474086
-0.0008882709
-0.0009778951
-0.0008803585
-0.0007518250
-0.0006293387
-0.0005951563
-0.0006567018
-0.0007570296
-0.0007671889
-0.0008268518
-0.0009599349
-0.0009730667
-0.0009768052
-0.0010044688
-0.0010732946
-0.0011304009
-0.0010915100
-0.0010483112
-0.0010415856
-0.0010838267
-0.0011343187
-0.0011142501
-0.0010745535
-0.0010579825
-0.0010544846
-0.0010507626
-0.0010235268
-0.0009840322
-0.0009420216
-0.0009162870
-0.0009051787
-0.0008775469
-0.0008440145
-0.0008160836
-0.0007863780
-0.0007544217
-0.0007206428
-0.0006848101
-0.0006513180
-0.0006195126
-0.0005866035
-0.0005523324
-0.0005170190
-0.0004809828
-0.0004437110
-0.0004060702
-0.0003684761
-0.0003303982
-0.0002919002
-0.0002531500
-0.0002143481
-0.0001755452
-0.0001367158
-0.0000978533
-0.0000589061
-0.0000198187
0.0000194645
