0.2639394144
0.2647868594
0.2656236568
0.2664498910
0.2672657072
0.2680711826
0.2688664577
0.2696516565
0.2704269403
0.2711923273
0.2719478343
0.2726934034
0.2734291434
0.2741552286
0.2748720620
0.2755801940
0.2762800124
0.2769715836
0.2776544463
0.2783278509
0.2789911089
0.2796440427
0.2802876429
0.2809234567
0.2815527837
0.2821761866
0.2827941419
0.2834067952
0.2840136966
0.2846124462
0.2851993549
0.2857720155
0.2863322745
0.2868855127
0.2874383196
0.2879943708
0.2885515559
0.2891026178
0.2896385226
0.2901521351
0.2906434560
0.2911199697
0.2915928414
0.2920699766
0.2925546850
0.2930457458
0.2935419254
0.2940427088
0.2945437776
0.2950367223
0.2955043763
0.2959262733
0.2962961083
0.2966409713
0.2970152405
0.2974594082
0.2979777469
0.2985330974
0.2990615914
0.2995185363
0.2999008199
0.3002382148
0.3005700455
0.3009388906
0.3013762196
0.3018804107
0.3024227736
0.3029748734
0.3035116587
0.3040347076
0.3045751208
0.3051300208
0.3056149745
0.3059693672
0.3062671921
0.3066112618
0.3070071204
0.3074030344
0.3077980785
0.3082535845
0.3087844763
0.3092945922
0.3096401754
0.3097196683
0.3095832222
0.3094974581
0.3096786374
0.3100768803
0.3105889460
0.3112043626
0.3119214583
0.3126310280
0.3131379398
0.3132876731
0.3130824998
0.3126674500
0.3123110882
0.3123118119
0.3127835711
0.3135557069
0.3142946812
0.3147106933
0.3146901540
0.3142322087
0.3133610345
0.3121868284
0.3110400885
0.3103398516
0.3103367049
0.3110218900
0.3120198376
0.3128041495
0.3131819789
0.3133319970
0.3133893055
0.3134500529
0.3137160862
0.3142807572
0.3149514893
0.3153684885
0.3155437797
0.3159176377
0.3168546156
0.3182317338
0.3194828707
0.3199634053
0.3194304707
0.3182529041
0.3169325956
0.3159344123
0.3158740404
0.3171022378
0.3191669283
0.3209581000
0.3215999174
0.3207474029
0.3186446201
0.3160430991
0.3138044306
0.3126605197
0.3130526153
0.3146342864
0.3165989086
0.3184396039
0.3198622135
0.3204171982
0.3195970217
0.3173451324
0.3143574866
0.3117096723
0.3100787567
0.3096027141
0.3099910573
0.3105663042
0.3108168657
0.3106941295
0.3103059328
0.3097489422
0.3091134734
0.3083525997
0.3071582056
0.3053430674
0.3033425499
0.3019046594
0.3014135031
0.3018369337
0.3025497163
0.3021991702
0.2996258767
0.2949849901
0.2900059825
0.2866993264
0.2856269549
0.2861143246
0.2878725129
0.2905151631
0.2927168227
0.2934038472
0.2922799638
0.2896633752
0.2864130660
0.2836103157
0.2817604085
0.2807482772
0.2800318909
0.2792199487
0.2785605687
0.2787369326
0.2801428032
0.2820911434
0.2832758590
0.2832430227
0.2821811258
0.2799387201
0.2765975324
0.2732339310
0.2710831867
0.2704601204
0.2705860568
0.2698956029
0.2673310522
0.2634687197
0.2600830141
0.2590094606
0.2604658816
0.2628888885
0.2644756266
0.2641921423
0.2616998327
0.2572319407
0.2518800952
0.2475697345
0.2459680635
0.2471114343
0.2488517971
0.2481982629
0.2435617511
0.2356374372
0.2271442205
0.2214964951
0.2201837595
0.2224644137
0.2268604064
0.2312810385
0.2338810462
0.2333565528
0.2291825079
0.2226525411
0.2170214504
0.2147418869
0.2151407780
0.2161726537
0.2163071778
0.2147788215
0.2115834873
0.2073631209
0.2032521265
0.2002302468
0.1981561470
0.1963199798
0.1946127338
0.1932803639
0.1919592495
0.1900950567
0.1868303573
0.1817255325
0.1761766332
0.1726192909
0.1731308311
0.1776871935
0.1837585929
0.1882152213
0.1887248413
0.1841270927
0.1754616305
0.1657046301
0.1575158589
0.1525046107
0.1513164111
0.1535255431
0.1569609468
0.1591835926
0.1597379963
0.1600152135
0.1611594053
0.1635795848
0.1664415730
0.1684147078
0.1688421667
0.1678092680
0.1659963315
0.1647789954
0.1656267222
0.1686791191
0.1727428599
0.1754416271
0.1747587076
0.1703810029
0.1636401073
0.1562457579
0.1496399143
0.1446628582
0.1415201350
0.1400225138
0.1403588797
0.1424663419
0.1442511434
0.1439000255
0.1414411412
0.1382742350
0.1361458132
0.1361483993
0.1374630328
0.1386618786
0.1393266935
0.1402119697
0.1420345119
0.1435365696
0.1422752917
0.1368144346
0.1276555695
0.1172512655
0.1080638653
0.1007309058
0.0949665931
0.0912533355
0.0910864944
0.0958968023
0.1038710594
0.1105931145
0.1131080844
0.1110484877
0.1066130285
0.1035252201
0.1045336708
0.1103485652
0.1201104005
0.1318812095
0.1431095626
0.1513088971
0.1554604279
0.1560266232
0.1547960144
0.1545808990
0.1562292918
0.1587766398
0.1617816950
0.1655409069
0.1704199127
0.1774809677
0.1873825432
0.1984744249
0.2076445866
0.2124975783
0.2132462295
0.2132013617
0.2158578932
0.2216097049
0.2280776825
0.2326132697
0.2331235834
0.2288789465
0.2205787724
0.2106957348
0.2021260949
0.1975316842
0.1987511395
0.2057859719
0.2168694826
0.2280038898
0.2328451081
0.2249697442
0.2019092396
0.1687801529
0.1374761000
0.1219094985
0.1275984408
0.1476350218
0.1731742090
0.1966703736
0.2104463908
0.2167452563
0.2238478639
0.2338073312
0.2448841305
0.2540633559
0.2598969008
0.2605329892
0.2507730548
0.2290775792
0.2029193027
0.1878866397
0.1899194127
0.1954187073
0.1926180717
0.1842050023
0.1748523134
0.1655579069
0.1571048076
0.1487120336
0.1405626108
0.1381879983
0.1492729794
0.1757820993
0.2087234551
0.2415986885
0.2822623752
0.3343412319
0.3840539104
0.4149939488
0.4219286410
0.4003385500
0.3457694364
0.2735296357
0.2146837631
0.1833290940
0.1704369102
0.1618435256
0.1520844061
0.1412094522
0.1372606080
0.1435669139
0.1502477673
0.1563132644
0.1711079255
0.2033436747
0.2637163071
0.3482493352
0.4226999841
0.4438293948
0.4051701179
0.3537050212
0.3274281574
0.3164689325
0.3030807538
0.2896822927
0.2931221721
0.3150213551
0.3351698063
0.3444586119
0.3479175519
0.3517528683
0.3575007050
0.3653216220
0.3758423135
0.3895821602
0.4054030614
0.4202801666
0.4259395796
0.4148729207
0.3899662735
0.3657105270
0.3539304074
0.3553192115
0.3687659278
0.3973959540
0.4405718023
0.4894818059
0.5300380050
0.5395734634
0.5037095530
0.4335832258
0.3578475574
0.3099521154
0.3022341154
0.3229086176
0.3552251904
0.3827768264
0.3876737135
0.3662783684
0.3334510889
0.3053893277
0.2859531099
0.2717994505
0.2628921544
0.2679063254
0.2986862572
0.3592179621
0.4395258698
0.5181806047
0.5688866174
0.5682355413
0.5144215011
0.4484289607
0.4073596136
0.3903243068
0.3837828471
0.3828489506
0.3830983737
0.3742148418
0.3498767818
0.3177736919
0.2895587225
0.2712764788
0.2656499895
0.2757331332
0.3008282885
0.3315802609
0.3579746214
0.3728059813
0.3724575367
0.3664138071
0.3649105538
0.3637694069
0.3523549449
0.3288948995
0.2981811739
0.2812568020
0.2886587154
0.3195153332
0.3852541420
0.4641855263
0.4926947904
0.4695361503
0.4752316517
0.5182764342
0.5450292194
0.5867367038
0.6729017770
0.6995592095
0.5994421242
0.4892009426
0.4656428674
0.4654793243
0.4291655876
0.3794914721
0.3377524128
0.2968334630
0.2580455275
0.2323966931
0.2283281266
0.2558226224
0.3234066250
0.4155219693
0.4810769470
0.4882950552
0.4654887893
0.4496464938
0.4432646445
0.4246728568
0.3813646780
0.3351310286
0.3228626125
0.3499501588
0.3950907772
0.4413155452
0.4785522138
0.4948958228
0.4920122759
0.4842844376
0.4768985998
0.4676727090
0.4588057392
0.4592594644
0.4766790273
0.5062850982
0.5283600242
0.5297821891
0.5244632709
0.5326445491
0.5620762941
0.6033550421
0.6349836326
0.6411276581
0.6321019393
0.6279353170
0.6336240602
0.6507334800
0.6813319714
0.7146633983
0.7268089757
0.7197647525
0.7184239526
0.7048159794
0.6582689298
0.6060029640
0.5599171577
0.4885062840
0.3912150641
0.3053909824
0.2446282988
0.1953748523
0.1551990960
0.1398313581
0.1685848361
0.2403051095
0.3330262702
0.4381735735
0.5565080090
0.6527384329
0.6622964734
0.5519515898
0.3803053211
0.2414305791
0.1599261633
0.1078621096
0.0690018788
0.0469927369
0.0330441144
0.0014790152
-0.0512638516
-0.0982285138
-0.1195243322
-0.1172379479
-0.1008289224
-0.0788098796
-0.0624749298
-0.0618035953
-0.0728347289
-0.0836057198
-0.0909588200
-0.0980916440
-0.1062602865
-0.1189864139
-0.1373081019
-0.1531864007
-0.1565809069
-0.1473107917
-0.1344985033
-0.1281361976
-0.1361213775
-0.1630012516
-0.2063629956
-0.2600115339
-0.3124620814
-0.3532996906
-0.3816469971
-0.4037899586
-0.4240264244
-0.4352218814
-0.4334736722
-0.4342814342
-0.4572135973
-0.5041774665
-0.5563628749
-0.5892444585
-0.6060910957
-0.6210848917
-0.6174312284
-0.5848443247
-0.5536863973
-0.5443943659
-0.5430036188
-0.5586809372
-0.6054804385
-0.6455375642
-0.6600493737
-0.6797854986
-0.7030395633
-0.7160573129
-0.7388987107
-0.7621838507
-0.7628922883
-0.7615802474
-0.7523894536
-0.6921403807
-0.6014667488
-0.5442869665
-0.5293274452
-0.5158909888
-0.4838374431
-0.4567717748
-0.4650464678
-0.5152032970
-0.5835141312
-0.6400021219
-0.6595081346
-0.6380642740
-0.6030989933
-0.5791203141
-0.5648890704
-0.5459887568
-0.5165798457
-0.4828418038
-0.4515568677
-0.4234516275
-0.3985657841
-0.3839057002
-0.3893639598
-0.4158104071
-0.4454728334
-0.4565827291
-0.4440477319
-0.4191664918
-0.4032600429
-0.4067002856
-0.4155637389
-0.4093936990
-0.3831490111
-0.3506007936
-0.3255486744
-0.3091212842
-0.3008536450
-0.3089225131
-0.3339949964
-0.3641736927
-0.3919178921
-0.4152493424
-0.4410177051
-0.4720567580
-0.4999858670
-0.5239430537
-0.5447501153
-0.5594495150
-0.5709151510
-0.5841605899
-0.5986171816
-0.6082225566
-0.6072533532
-0.5932175601
-0.5677279455
-0.5351098468
-0.4982672754
-0.4603795646
-0.4292340049
-0.4052190899
-0.3757630243
-0.3309726598
-0.2710066425
-0.2093619039
-0.1597459303
-0.1225438868
-0.0950990320
-0.0820259547
-0.0873749399
-0.0984937212
-0.0944143901
-0.0721161414
-0.0440154905
-0.0228273450
-0.0193634048
-0.0442796822
-0.1014990751
-0.1745721050
-0.2310719525
-0.2453481417
-0.2065368478
-0.1204454480
-0.0258640727
0.0259391278
0.0322402388
0.0352168718
0.0664625760
0.1197859891
0.1630223972
0.1567147882
0.0765895721
-0.0559392796
-0.1661296367
-0.2093526165
-0.2261378786
-0.2695484774
-0.3429806866
-0.4076962972
-0.4191436116
-0.3593363382
-0.2700758425
-0.2201712254
-0.2243621739
-0.2476122424
-0.2707966854
-0.3136224008
-0.3921377430
-0.4542974957
-0.4419263498
-0.3955251475
-0.3853906956
-0.4119575135
-0.4309198551
-0.4238602091
-0.3923993080
-0.3546561843
-0.3424128599
-0.3617742330
-0.3893574399
-0.4095120606
-0.4279840733
-0.4408981399
-0.4266572522
-0.3822879138
-0.3280359319
-0.2878339174
-0.2729414822
-0.2788112959
-0.2985904353
-0.3313806784
-0.3770982974
-0.4274402288
-0.4606824419
-0.4603079681
-0.4244835122
-0.3543009661
-0.2613158547
-0.1852686317
-0.1525567621
-0.1422435100
-0.1329826440
-0.1369740006
-0.1745576682
-0.2263771829
-0.2494396860
-0.2458915507
-0.2574959716
-0.3044497004
-0.3629252965
-0.3920216768
-0.3682384378
-0.3123755906
-0.2608651125
-0.2189105961
-0.1710199229
-0.1111437228
-0.0540016422
-0.0272388932
-0.0553582323
-0.1397078606
-0.2358504650
-0.2868261738
-0.2897214700
-0.2852699301
-0.3014914108
-0.3323959111
-0.3512803185
-0.3306053411
-0.2627417082
-0.1855296891
-0.1492410463
-0.1536243058
-0.1664107711
-0.1750696649
-0.1928358781
-0.2274131270
-0.2523112925
-0.2326650063
-0.1712185769
-0.0999119204
-0.0591243109
-0.0724925923
-0.1265222793
-0.1895537767
-0.2419439927
-0.2839057149
-0.3166893826
-0.3401104486
-0.3599389158
-0.3777152622
-0.3871342883
-0.3795304121
-0.3551375540
-0.3400415816
-0.3667819448
-0.4319592183
-0.4919569475
-0.5089615416
-0.4971730595
-0.4973482465
-0.5278231762
-0.5776263470
-0.6299366098
-0.6776226408
-0.7157767403
-0.7282455559
-0.6988188501
-0.6446667612
-0.5985810723
-0.5657055144
-0.5378450379
-0.5166973333
-0.5137609670
-0.5355094700
-0.5748618671
-0.6185691923
-0.6601522915
-0.6905422071
-0.6990299522
-0.6821286666
-0.6415243332
-0.5866071618
-0.5347479633
-0.4973046554
-0.4733766933
-0.4543727136
-0.4328274076
-0.4139189032
-0.4071781047
-0.4026210508
-0.3796491026
-0.3286742677
-0.2592845357
-0.1949788096
-0.1693744493
-0.2130521399
-0.3260544945
-0.4393463571
-0.4787030673
-0.4620827987
-0.4544157722
-0.4839602938
-0.5295787055
-0.5541540563
-0.5366399651
-0.4978497074
-0.4882600844
-0.5261253976
-0.5791515166
-0.6074688644
-0.6024506264
-0.5772088981
-0.5347218511
-0.4756969621
-0.4148535045
-0.3801058678
-0.3944493372
-0.4531219397
-0.5068409526
-0.5128344993
-0.4848648922
-0.4558630035
-0.4426791319
-0.4542777163
-0.4937900962
-0.5440435547
-0.5798446218
-0.5868491228
-0.5665987418
-0.5297572280
-0.5001153080
-0.4854111478
-0.4629793064
-0.4255200656
-0.3821078230
-0.3374895146
-0.2971379817
-0.2686437564
-0.2537712185
-0.2515258006
-0.2627517386
-0.2769169572
-0.2778262510
-0.2651801808
-0.2506384921
-0.2406820120
-0.2305937182
-0.2100100658
-0.1762144533
-0.1331588709
-0.0890787083
-0.0667839130
-0.0871850063
-0.1437818167
-0.2127787149
-0.2565559890
-0.2609357243
-0.2536511027
-0.2518978485
-0.2410523648
-0.1989277783
-0.1246218814
-0.0494063639
-0.0059826510
0.0058791529
0.0018072655
-0.0131587987
-0.0443385291
-0.0881349350
-0.1154664194
-0.1044747170
-0.0715873756
-0.0394574358
-0.0151697449
-0.0053066243
-0.0200785869
-0.0567279893
-0.0974224167
-0.1286604342
-0.1559449099
-0.1843553981
-0.2106364294
-0.2310464373
-0.2390640983
-0.2212647764
-0.1677242799
-0.0893164144
-0.0087717241
0.0638340533
0.1140468698
0.1375491049
0.1613699578
0.2078225481
0.2761344889
0.3524291081
0.4184768844
0.4511825008
0.4281370288
0.3457742641
0.2451599404
0.1859000610
0.1774685668
0.1796513394
0.1587777428
0.1132632139
0.0621619383
0.0307245735
0.0414735300
0.0998082022
0.1736002777
0.2081339131
0.1932117208
0.1689584454
0.1652203136
0.1836454161
0.2116404296
0.2365782079
0.2475888181
0.2358439566
0.2033167734
0.1639937707
0.1267716255
0.0945004785
0.0683707879
0.0434646463
0.0164143414
-0.0078221050
-0.0210771398
-0.0302826638
-0.0510540354
-0.0799372533
-0.1040750276
-0.1190777524
-0.1281836196
-0.1338520683
-0.1320012512
-0.1158339343
-0.0846167765
-0.0419629936
0.0143215298
0.0835328129
0.1428130139
0.1661402610
0.1537698980
0.1218917798
0.0827809969
0.0445676871
0.0161633012
-0.0032894510
-0.0254491324
-0.0554149384
-0.0835342368
-0.1033604216
-0.1206204966
-0.1372768280
-0.1533856290
-0.1707291129
-0.1864849851
-0.1965878052
-0.2019032278
-0.2068018137
-0.2140439682
-0.2192406692
-0.2175005741
-0.2097345783
-0.1985460770
-0.1825054246
-0.1642918141
-0.1511032255
-0.1453244614
-0.1466997016
-0.1579956101
-0.1789137720
-0.2036995926
-0.2225197514
-0.2305349843
-0.2292183099
-0.2189789204
-0.1968224347
-0.1654821302
-0.1368951364
-0.1192159474
-0.1074957738
-0.0976110150
-0.0982976505
-0.1264472386
-0.1794648771
-0.2406168222
-0.3030831023
-0.3593436604
-0.3721271157
-0.3349093401
-0.2945252081
-0.2699797892
-0.2512648830
-0.2363517724
-0.2282232552
-0.2227123388
-0.2196108821
-0.2199137418
-0.2158992965
-0.2021268554
-0.1857823277
-0.1812541416
-0.1940488156
-0.2143268446
-0.2322938049
-0.2444943876
-0.2487350137
-0.2457953734
-0.2420727927
-0.2452280557
-0.2561761490
-0.2675049808
-0.2676997958
-0.2460045654
-0.1956978895
-0.1203216864
-0.0384611597
0.0197115732
0.0341586173
0.0104644978
-0.0307255824
-0.0779114001
-0.1344981917
-0.1830517440
-0.2034926582
-0.2123584070
-0.2317243204
-0.2582579769
-0.2687042152
-0.2414230885
-0.1734912527
-0.0972279043
-0.0539111971
-0.0556517368
-0.0889527681
-0.1313666787
-0.1731819520
-0.2157413832
-0.2524920720
-0.2740080871
-0.2741417882
-0.2407016726
-0.1609724765
-0.0491514835
0.0351250059
0.0392304218
-0.0109155552
-0.0639741195
-0.1167330685
-0.1831388039
-0.2432106004
-0.2750061907
-0.2947663408
-0.3261158801
-0.3657104700
-0.3868786924
-0.3596051102
-0.2725363336
-0.1555974806
-0.0773588211
-0.0764862349
-0.1195746460
-0.1409306854
-0.1076365760
-0.0358614905
0.0446452307
0.1095314820
0.1317685258
0.1059037074
0.0635781892
0.0234071062
-0.0127990707
-0.0343801659
-0.0328767924
-0.0186614497
0.0005154717
0.0284569647
0.0642001270
0.0907288823
0.0933544118
0.0701085749
0.0263389746
-0.0255534228
-0.0701721245
-0.0969657290
-0.0859112373
-0.0395835602
0.0058405439
0.0327179655
0.0511162615
0.0732935209
0.0960452030
0.0975979353
0.0619726036
0.0052893965
-0.0349347593
-0.0355599688
-0.0057555700
0.0368188297
0.0831182641
0.1241525216
0.1464524824
0.1321188188
0.0732057195
-0.0104302796
-0.0884935897
-0.1427747973
-0.1753585260
-0.1975122248
-0.2082813393
-0.1917336009
-0.1367585448
-0.0620579599
-0.0105294791
0.0013748983
-0.0054360095
-0.0105910325
-0.0103977186
-0.0050327181
0.0140818749
0.0454689347
0.0672600817
0.0586467937
0.0164517340
-0.0486635372
-0.1059929305
-0.1335730838
-0.1470151754
-0.1684365688
-0.1992689297
-0.2239976667
-0.2237513875
-0.1874180568
-0.1249851722
-0.0709098879
-0.0429550138
-0.0306136106
-0.0427761480
-0.0853877019
-0.1368932488
-0.1742986792
-0.1920805234
-0.2042477262
-0.2169879539
-0.2175124183
-0.2020445765
-0.1816956620
-0.1663781274
-0.1611534625
-0.1641869023
-0.1696144303
-0.1750250716
-0.1823339906
-0.1918106016
-0.1984261624
-0.1987684399
-0.1972024390
-0.1982837834
-0.1988909142
-0.1922819367
-0.1757753648
-0.1540155622
-0.1292192690
-0.0972599900
-0.0608301012
-0.0318019651
-0.0202451109
-0.0301277096
-0.0638337974
-0.1157918905
-0.1563670681
-0.1565763112
-0.1294199026
-0.1016682906
-0.0772005110
-0.0492389119
-0.0215065759
0.0028011941
0.0276410054
0.0554084165
0.0887910667
0.1232547386
0.1384221304
0.1198441573
0.0756409877
0.0390466005
0.0318979267
0.0380992272
0.0427711033
0.0430358422
0.0320215876
0.0074456650
-0.0227943978
-0.0495564138
-0.0674480183
-0.0699375239
-0.0542947258
-0.0284355532
0.0020612799
0.0372032843
0.0768442740
0.1108129468
0.1166067758
0.0818887695
0.0210451857
-0.0366722089
-0.0711416064
-0.0796897293
-0.0532001541
-0.0069320144
0.0145131507
-0.0021319795
-0.0385754431
-0.0750680117
-0.0981298912
-0.1001441197
-0.0847019671
-0.0568821839
-0.0188979193
0.0234752409
0.0592081826
0.0758647811
0.0580078435
0.0044358034
-0.0654134009
-0.1292178833
-0.1740441787
-0.1896939389
-0.1740122967
-0.1497920183
-0.1338126734
-0.1157315476
-0.0829618006
-0.0532196554
-0.0486733381
-0.0649175699
-0.0933027603
-0.1252892174
-0.1502631434
-0.1673157734
-0.1778328344
-0.1805993677
-0.1707920491
-0.1440306258
-0.1019349060
-0.0460109222
0.0256905125
0.1019704945
0.1500465035
0.1320914054
0.0549387820
-0.0336286247
-0.1007977505
-0.1407781527
-0.1647124767
-0.1869523696
-0.2141808844
-0.2375830428
-0.2386102351
-0.2044781296
-0.1474094622
-0.1021394598
-0.0902027218
-0.1011099231
-0.1138803308
-0.1171457553
-0.1104180216
-0.0982155034
-0.0902629821
-0.0984902861
-0.1276059951
-0.1659059612
-0.1892350088
-0.1863942607
-0.1658505505
-0.1409656675
-0.1222453626
-0.1102240252
-0.1011074603
-0.0910052590
-0.0801489619
-0.0688838505
-0.0579886874
-0.0521608379
-0.0554515057
-0.0653364941
-0.0761063586
-0.0803190347
-0.0722437627
-0.0512344253
-0.0195671316
0.0163396678
0.0452815256
0.0573934479
0.0487727347
0.0228245167
-0.0142863394
-0.0528331703
-0.0799763680
-0.0814948699
-0.0561758024
-0.0182603739
0.0186979740
0.0462281500
0.0632336026
0.0715788574
0.0668373374
0.0472203174
0.0220130696
0.0068552181
0.0097336146
0.0244501752
0.0438125115
0.0651391445
0.0846552951
0.0950364478
0.0889425848
0.0637328772
0.0223212940
-0.0242057245
-0.0637292926
-0.0806822175
-0.0691736993
-0.0515218635
-0.0460187580
-0.0495257018
-0.0525374460
-0.0504117951
-0.0402796757
-0.0199749971
0.0103939607
0.0457093604
0.0772540702
0.0939485280
0.0964402123
0.0951579258
0.0937647850
0.0917107775
0.0904301268
0.0877830868
0.0775540049
0.0563011419
0.0266538826
-0.0030894305
-0.0153156820
-0.0126188791
-0.0226020063
-0.0521327672
-0.0814687271
-0.0932692092
-0.0884199031
-0.0703112098
-0.0421675000
-0.0083002506
0.0306302459
0.0724499620
0.0963628811
0.0939708292
0.0867943279
0.0877071299
0.0927431571
0.0941134154
0.0909383355
0.0877626191
0.0870854108
0.0891695907
0.0936720539
0.1004499477
0.1086900549
0.1166298838
0.1239279329
0.1324738319
0.1444709437
0.1645749319
0.1981076511
0.2450179476
0.2948160937
0.3304426459
0.3335072790
0.2957623754
0.2285725347
0.1645494609
0.1297710604
0.1189903328
0.1249662229
0.1571286243
0.2198570266
0.2842536257
0.3088946898
0.2782053960
0.1985567024
0.0911042611
-0.0072435080
-0.0583026546
-0.0454033509
0.0101097759
0.0559401935
0.0611428380
0.0459145843
0.0422147705
0.0569685655
0.0786459451
0.0949152716
0.1053932835
0.1205743485
0.1459791770
0.1778467370
0.2069708193
0.2262908035
0.2275447192
0.2055433421
0.1620782491
0.1064381648
0.0457233146
-0.0116803006
-0.0471006455
-0.0502738275
-0.0394048785
-0.0375537061
-0.0490592357
-0.0619098349
-0.0581241084
-0.0302219770
0.0078575061
0.0367671674
0.0505734107
0.0562758319
0.0655437612
0.0856795745
0.1127635501
0.1318612818
0.1283694211
0.0956957960
0.0434232590
0.0017266190
-0.0075982530
0.0023102915
0.0136846605
0.0290146611
0.0584456933
0.0959097111
0.1277038804
0.1502448968
0.1730888571
0.1988782327
0.2122780059
0.2022886448
0.1754878675
0.1463787403
0.1255431650
0.1110158444
0.0919818548
0.0711134235
0.0596130737
0.0569145279
0.0494264528
0.0338698682
0.0112365646
-0.0187429767
-0.0455274565
-0.0546088018
-0.0516190138
-0.0516258585
-0.0518875132
-0.0394920798
-0.0127671498
0.0193570038
0.0510622327
0.0776611997
0.0949777065
0.1021179406
0.0983237484
0.0883168227
0.0748774473
0.0559525533
0.0289195117
-0.0047303570
-0.0337593893
-0.0286058369
0.0163832867
0.0691513737
0.1092244265
0.1431803716
0.1861759727
0.2328149892
0.2563665470
0.2375848945
0.1903952916
0.1380824721
0.0870296842
0.0387247096
-0.0034469527
-0.0367410208
-0.0575155056
-0.0519233352
-0.0021044248
0.0912099550
0.1812708131
0.2179680651
0.2034602387
0.1617027980
0.1065960444
0.0571774449
0.0418383400
0.0667555535
0.1115755881
0.1554781972
0.1850598029
0.1949591681
0.1939417293
0.1910614375
0.1866957617
0.1818617192
0.1804921949
0.1821434296
0.1809726213
0.1703221771
0.1472396975
0.1159702194
0.0890023339
0.0829980770
0.0999962550
0.1228432556
0.1362152785
0.1356510979
0.1218659663
0.0988774484
0.0780010820
0.0699492506
0.0780350601
0.1019685316
0.1386454386
0.1767599546
0.1996480074
0.1957725401
0.1637065290
0.1126981896
0.0612270526
0.0232271930
-0.0017421117
-0.0186934219
-0.0257445479
-0.0116809608
0.0334104041
0.1007890595
0.1586452307
0.1872241469
0.1993710686
0.2100639960
0.2133884888
0.1922314172
0.1406411052
0.0813302328
0.0399827657
0.0144578732
-0.0001812382
0.0000733211
0.0157348203
0.0345456664
0.0436716837
0.0466747450
0.0513768499
0.0620631292
0.0844305767
0.1118844280
0.1265261278
0.1212157968
0.0986415912
0.0638019373
0.0310415389
0.0182852648
0.0254205324
0.0350496885
0.0296720567
0.0055692042
-0.0261077059
-0.0497877071
-0.0569816315
-0.0498270486
-0.0353663253
-0.0177014760
0.0048274063
0.0377784027
0.0822156565
0.1279338472
0.1587512886
0.1756596001
0.1880473750
0.1930680359
0.1885169699
0.1776727466
0.1607278625
0.1333009266
0.0917956318
0.0332407329
-0.0382164218
-0.1046395759
-0.1482200107
-0.1569339226
-0.1180975888
-0.0279375888
0.0799541401
0.1556746690
0.1854278143
0.1872156164
0.1784142667
0.1629484467
0.1468153434
0.1368009439
0.1244993357
0.0990514326
0.0658620917
0.0297677832
-0.0160491481
-0.0693160775
-0.1124450555
-0.1250781311
-0.0932070997
-0.0171621899
0.0707737401
0.1303146186
0.1524528636
0.1406322383
0.0924231302
0.0123630847
-0.0664839542
-0.1145232172
-0.1390369583
-0.1553765886
-0.1634359367
-0.1494058157
-0.1025993642
-0.0350469582
0.0182019233
0.0350383273
0.0199205703
-0.0216777703
-0.0920937153
-0.1781788962
-0.2457700043
-0.2708150657
-0.2668634610
-0.2636129966
-0.2674198543
-0.2685642809
-0.2666049331
-0.2676648196
-0.2713755641
-0.2746029912
-0.2789046260
-0.2898582241
-0.3117038305
-0.3409190338
-0.3661810354
-0.3788669543
-0.3775437874
-0.3649639268
-0.3476320099
-0.3274188199
-0.2980481323
-0.2535931713
-0.1926572040
-0.1323282013
-0.1154536633
-0.1470707748
-0.1774520868
-0.1824596268
-0.1855039828
-0.2098618059
-0.2424989899
-0.2587624588
-0.2604071401
-0.2597607302
-0.2638597508
-0.2799217076
-0.3118865094
-0.3583786609
-0.4069861496
-0.4378753469
-0.4498683779
-0.4575784924
-0.4609006186
-0.4487590433
-0.4275086021
-0.4145960995
-0.4005034422
-0.3645344120
-0.3153173342
-0.2765202772
-0.2572476022
-0.2495417481
-0.2435124163
-0.2392559610
-0.2434269046
-0.2523767726
-0.2529985205
-0.2400778522
-0.2168247416
-0.1893301629
-0.1644877780
-0.1535980064
-0.1734323192
-0.2252852529
-0.2898033867
-0.3487970715
-0.3890404052
-0.4040749037
-0.4037483355
-0.3979504896
-0.3855242523
-0.3710582282
-0.3656348937
-0.3713528584
-0.3805214771
-0.3856620138
-0.3846177002
-0.3752798920
-0.3478700257
-0.2875648419
-0.1923913620
-0.0885712589
-0.0246288525
-0.0294535332
-0.0849514858
-0.1400860202
-0.1647225287
-0.1825731375
-0.2268600429
-0.3075041849
-0.4056899307
-0.4805551672
-0.5013659266
-0.4691720744
-0.4077644261
-0.3506146422
-0.3139832544
-0.2956865591
-0.2886619238
-0.2815323218
-0.2664028017
-0.2394449348
-0.1998916350
-0.1517831879
-0.1065502150
-0.0817139933
-0.0954449222
-0.1527910449
-0.2284972435
-0.2849001740
-0.3049091133
-0.2748624951
-0.2123490909
-0.1677593684
-0.1563914462
-0.1659108799
-0.1863885144
-0.2114248613
-0.2331193044
-0.2458349974
-0.2507439278
-0.2536797186
-0.2579403175
-0.2635898242
-0.2682900865
-0.2684701057
-0.2621889307
-0.2508770683
-0.2370914003
-0.2222243965
-0.2049037963
-0.1841931329
-0.1637539300
-0.1486126657
-0.1411649878
-0.1406311572
-0.1418989794
-0.1393186468
-0.1329169752
-0.1310889995
-0.1441507045
-0.1758344333
-0.2208136019
-0.2679751445
-0.3025372402
-0.3186686513
-0.3240046565
-0.3254038401
-0.3251614440
-0.3287105802
-0.3400255667
-0.3557706729
-0.3700704209
-0.3786896359
-0.3799524381
-0.3776319559
-0.3789274349
-0.3863852397
-0.3955225831
-0.3998125429
-0.3981097332
-0.3932045257
-0.3855445139
-0.3741578238
-0.3610586785
-0.3486241578
-0.3362570867
-0.3252071960
-0.3226008662
-0.3377901173
-0.3750726839
-0.4280146197
-0.4850747405
-0.5299981412
-0.5440277483
-0.5316431497
-0.5163784093
-0.5044997541
-0.4790913692
-0.4301076128
-0.3658794572
-0.2938905985
-0.2203309794
-0.1542875610
-0.0928818229
-0.0295741503
0.0265262803
0.0470837068
0.0030579802
-0.1069949985
-0.2260830075
-0.2880358997
-0.2934889547
-0.2788426737
-0.2597482902
-0.2311286299
-0.1981954113
-0.1791728279
-0.1802241039
-0.1904973865
-0.2015318084
-0.2149654468
-0.2357059835
-0.2611959165
-0.2838126874
-0.2939950268
-0.2838667714
-0.2591470927
-0.2319617105
-0.2042939629
-0.1718036820
-0.1376480249
-0.1197453274
-0.1372505689
-0.1801534364
-0.2161253822
-0.2307168074
-0.2326909887
-0.2288042593
-0.2200138074
-0.2131679728
-0.2157791671
-0.2263287266
-0.2372467670
-0.2432282972
-0.2435701189
-0.2383064208
-0.2282754212
-0.2161416544
-0.2062840039
-0.2026433976
-0.2055055893
-0.2111926496
-0.2146259714
-0.2129891143
-0.2048190247
-0.1886829885
-0.1624756089
-0.1260330234
-0.0838409881
-0.0446207512
-0.0162598196
-0.0090485719
-0.0351386287
-0.0933662832
-0.1578939271
-0.2016076726
-0.2195970887
-0.2066798489
-0.1649627294
-0.1226484455
-0.1041341474
-0.1070087095
-0.1161284741
-0.1193654802
-0.1114338760
-0.0940301501
-0.0736009055
-0.0581224569
-0.0547247583
-0.0655443226
-0.0831146277
-0.0968938512
-0.1037669932
-0.1067616117
-0.1080816814
-0.1064201705
-0.1019917199
-0.1007052526
-0.1082205239
-0.1247328610
-0.1479211071
-0.1737934650
-0.1948535945
-0.2038051129
-0.1973440891
-0.1793903745
-0.1579848237
-0.1358925340
-0.1114026496
-0.0874245990
-0.0711611874
-0.0675027745
-0.0751770715
-0.0877941784
-0.0982134104
-0.1014038511
-0.0964489964
-0.0850420341
-0.0699210953
-0.0522662846
-0.0320509531
-0.0113717506
0.0028897282
0.0013851803
-0.0221179692
-0.0639447913
-0.1072125273
-0.1311250365
-0.1220202604
-0.0842293790
-0.0366550922
0.0072831667
0.0459587503
0.0774287595
0.0845551525
0.0563144432
0.0099558317
-0.0309374386
-0.0624431447
-0.0864841796
-0.0980102083
-0.0969724774
-0.0929076668
-0.0935571743
-0.0948442648
-0.0913020945
-0.0829219615
-0.0677835193
-0.0414633416
-0.0019626241
0.0465593244
0.0926561539
0.1176649180
0.1096723999
0.0719241640
0.0135354529
-0.0453270459
-0.0837300166
-0.0866710240
-0.0555567994
-0.0177922295
0.0063545736
0.0172683084
0.0264253646
0.0463571992
0.0790493343
0.1181889107
0.1560657360
0.1763957824
0.1751819218
0.1684287113
0.1625352391
0.1519734641
0.1401784055
0.1364640986
0.1406417268
0.1473007721
0.1561664035
0.1719820919
0.1976576458
0.2314048654
0.2682963224
0.3016887090
0.3252968327
0.3313787230
0.3142386077
0.2804660193
0.2480601061
0.2337949953
0.2410985162
0.2590565978
0.2725806042
0.2725498071
0.2571429797
0.2297272332
0.1965275079
0.1665498338
0.1501731197
0.1549796054
0.1779314287
0.2119774591
0.2550319219
0.2960360557
0.3053438141
0.2736390985
0.2225765986
0.1643899952
0.1034938404
0.0472470139
0.0087017943
0.0001821067
0.0179725435
0.0420988415
0.0509566442
0.0421674040
0.0317915517
0.0325542812
0.0420280456
0.0565737798
0.0789808616
0.1075562058
0.1354098607
0.1546920986
0.1628469848
0.1649374777
0.1658148556
0.1672937933
0.1713588622
0.1811568040
0.1996013886
0.2275053488
0.2619823715
0.2963185956
0.3230746565
0.3335931277
0.3188169926
0.2765795990
0.2203805833
0.1678120823
0.1275676766
0.1214899816
0.1610550932
0.2176770272
0.2591966477
0.2785949305
0.2839844219
0.2812836264
0.2699413325
0.2458952307
0.2097091045
0.1748438136
0.1584990980
0.1699823648
0.1960569215
0.2106675698
0.2120235780
0.2151604403
0.2280604914
0.2452720093
0.2615747414
0.2770078775
0.2950718014
0.3176043108
0.3412810494
0.3621334258
0.3805742817
0.3989134144
0.4158896570
0.4225581676
0.4066135015
0.3633057665
0.3084209348
0.2682868078
0.2478638577
0.2323742453
0.2199921216
0.2280826956
0.2615799396
0.2896260525
0.2834036084
0.2489304194
0.2091724241
0.1815221155
0.1710170643
0.1729221025
0.1806790258
0.1898632803
0.1984375232
0.2032994684
0.2040188725
0.2038399748
0.2050734622
0.2073978000
0.2103647908
0.2140690412
0.2208097976
0.2337683026
0.2559453113
0.2869778347
0.3231465350
0.3565760515
0.3814915547
0.3886945360
0.3626278936
0.2981052381
0.2209731626
0.1641353812
0.1304767405
0.1013096764
0.0659783964
0.0356754261
0.0379762013
0.0977646224
0.2126028033
0.3254751959
0.3746167659
0.3615261866
0.3209475973
0.2792831469
0.2507072341
0.2351743039
0.2259938674
0.2197234010
0.2101942666
0.1912317480
0.1726548084
0.1636395349
0.1588913294
0.1573059929
0.1651573148
0.1888849105
0.2233635157
0.2626507061
0.3118168532
0.3657710879
0.4094326406
0.4156141211
0.3611190312
0.2701566107
0.1973542434
0.1699005945
0.1658765894
0.1599444384
0.1529575434
0.1623721970
0.1974984889
0.2443644545
0.2730952936
0.2724781647
0.2582902682
0.2484993425
0.2455156159
0.2436451176
0.2425971641
0.2466550534
0.2538907142
0.2596442645
0.2627345497
0.2668919443
0.2767234002
0.2956828701
0.3226393592
0.3488775813
0.3575999536
0.3475426431
0.3342836324
0.3225454167
0.3073338157
0.2926911027
0.2876725195
0.2917879738
0.2979600275
0.3016311087
0.3018364983
0.2979388401
0.2928396925
0.2961376913
0.3147665319
0.3463418980
0.3820173994
0.4081731745
0.4082804488
0.3791326002
0.3365679163
0.3031340292
0.2926015076
0.2990287116
0.3032530387
0.2920178597
0.2660897388
0.2346938508
0.1998524085
0.1590010850
0.1226310451
0.1030451017
0.0960284347
0.0965227741
0.1055168441
0.1173539177
0.1281561839
0.1427436184
0.1687066717
0.2023473127
0.2298541177
0.2383204839
0.2196163676
0.1740101331
0.1193136320
0.0854434400
0.0886833570
0.1240574076
0.1773209595
0.2251947335
0.2470961228
0.2443335129
0.2275443196
0.2005388721
0.1591789850
0.1108231573
0.0789501703
0.0738048166
0.0836346550
0.0977942227
0.1181540249
0.1443478782
0.1631514485
0.1627366115
0.1433477232
0.1089651330
0.0645331117
0.0187377959
-0.0208458239
-0.0460798495
-0.0449657731
-0.0170307767
0.0134078794
0.0243150622
0.0201072756
0.0143750720
0.0140892201
0.0204932348
0.0341944966
0.0557232845
0.0809394588
0.1031194584
0.1197933983
0.1349548474
0.1513173330
0.1644672188
0.1697957246
0.1705706227
0.1752407352
0.1875108494
0.2055298169
0.2263355381
0.2466703758
0.2657203853
0.2819917723
0.2886421084
0.2817557040
0.2686094336
0.2627984431
0.2710506462
0.2902690221
0.3143613579
0.3355543779
0.3434912185
0.3304729462
0.2980098525
0.2593975641
0.2388760014
0.2446305867
0.2577717719
0.2644145588
0.2697822686
0.2850283680
0.3103524280
0.3328280676
0.3428834058
0.3454652257
0.3480511731
0.3501960463
0.3439572630
0.3222649543
0.2872761201
0.2471764038
0.2077045993
0.1803275557
0.1698918405
0.1627506854
0.1513694672
0.1402404121
0.1302558957
0.1180239045
0.1035906814
0.0906783512
0.0831744565
0.0826000933
0.0876427381
0.0971870509
0.1123127096
0.1280413515
0.1359439062
0.1350145314
0.1276335865
0.1110057162
0.0776252728
0.0261079323
-0.0353596578
-0.0954289743
-0.1347721412
-0.1414872373
-0.1353352900
-0.1401872945
-0.1552135453
-0.1706933162
-0.1861966516
-0.2034706699
-0.2209639445
-0.2363629054
-0.2476556985
-0.2514100017
-0.2493606001
-0.2506726307
-0.2640936790
-0.2930033058
-0.3317015181
-0.3684802132
-0.3958450758
-0.4152486687
-0.4331154008
-0.4506301502
-0.4642603091
-0.4747935976
-0.4872415724
-0.5040163529
-0.5249641813
-0.5469542008
-0.5649440870
-0.5728293621
-0.5738984845
-0.5789959077
-0.5912810199
-0.6073281087
-0.6247682948
-0.6411139329
-0.6516264191
-0.6497444600
-0.6336394570
-0.6092187820
-0.5867545650
-0.5722272024
-0.5585592600
-0.5357836748
-0.5064157727
-0.4830585646
-0.4701541596
-0.4605655826
-0.4442947672
-0.4188170760
-0.3928079116
-0.3711980288
-0.3493137002
-0.3248934965
-0.3011038748
-0.2823261020
-0.2654871389
-0.2460355091
-0.2274153436
-0.2110493467
-0.1936705743
-0.1740600163
-0.1546811462
-0.1374977259
-0.1222951367
-0.1064702631
-0.0865875116
-0.0611861190
-0.0323291660
-0.0032696963
0.0267132596
0.0563485897
0.0805346186
0.1010733297
0.1219726772
0.1430668613
0.1655082327
0.1921779587
0.2220410212
0.2523470817
0.2818993908
0.3094489669
0.3288587182
0.3382414487
0.3404881557
0.3345597648
0.3177264394
0.2939470123
0.2689978226
0.2438401155
0.2184658309
0.2002001017
0.1942917478
0.1957676649
0.2015387965
0.2083370337
0.2129123984
0.2168991301
0.2232232490
0.2322957167
0.2429912887
0.2528530634
0.2575859057
0.2533833402
0.2408453998
0.2229577194
0.2042932272
0.1886302791
0.1779787718
0.1717220492
0.1694411095
0.1701667133
0.1701883300
0.1679306759
0.1645842801
0.1596590246
0.1513479358
0.1409613547
0.1317896836
0.1247732150
0.1186996389
0.1124790970
0.1066569490
0.1030917910
0.1032243469
0.1073833172
0.1153265728
0.1249176334
0.1344931905
0.1431479765
0.1493373386
0.1518306528
0.1512377368
0.1507198558
0.1543970287
0.1631469041
0.1726938665
0.1757690443
0.1664589060
0.1424931299
0.1073917840
0.0699967255
0.0444417580
0.0346097671
0.0353779349
0.0449241694
0.0602958931
0.0777463898
0.0937465707
0.1079678196
0.1241289349
0.1434783544
0.1662313007
0.1953428182
0.2268538814
0.2527889665
0.2665933545
0.2663248723
0.2532368905
0.2264636554
0.1919146549
0.1635308030
0.1479318610
0.1475259183
0.1638115198
0.1888139113
0.2086853778
0.2157093690
0.2130540656
0.2106357630
0.2143117558
0.2225490213
0.2301330351
0.2345600052
0.2403956555
0.2530638736
0.2703311424
0.2848852980
0.2905342067
0.2850910473
0.2662929893
0.2372610182
0.2045706258
0.1642834236
0.1118474236
0.0599587633
0.0245432175
0.0079839819
0.0114362763
0.0332360658
0.0553349226
0.0654198980
0.0706202053
0.0904936743
0.1380456378
0.2012401428
0.2464020154
0.2440119375
0.1888077336
0.1009403448
0.0153347537
-0.0449279993
-0.0729444378
-0.0709417261
-0.0590686621
-0.0528038131
-0.0494310625
-0.0461564005
-0.0408208399
-0.0261046174
0.0062569111
0.0574267328
0.1127604130
0.1479356033
0.1502637125
0.1242093924
0.0785082455
0.0332812831
0.0095444815
0.0096811291
0.0211269273
0.0314679390
0.0371247116
0.0421599638
0.0485594116
0.0532470989
0.0551562591
0.0559218560
0.0570833659
0.0576492382
0.0578967111
0.0621273033
0.0752612697
0.0978047984
0.1243932006
0.1478816839
0.1683364495
0.1950706385
0.2295905950
0.2585273239
0.2703606656
0.2668502385
0.2560322936
0.2407249452
0.2217575483
0.2018718416
0.1869372150
0.1810785670
0.1791080786
0.1762741878
0.1755327650
0.1793304513
0.1903777690
0.2084863003
0.2266391381
0.2392542351
0.2456032363
0.2466727876
0.2401859859
0.2228619055
0.1967907119
0.1722384049
0.1552566505
0.1398905227
0.1201941459
0.1041696175
0.0953121480
0.0852349556
0.0748065800
0.0714813880
0.0763972873
0.0842073466
0.0892156500
0.0903149861
0.0930530369
0.0998042827
0.1073959911
0.1136683550
0.1205791066
0.1293369742
0.1387129207
0.1478488078
0.1570785556
0.1650425946
0.1694648866
0.1706927458
0.1707803392
0.1729349798
0.1770572092
0.1764783404
0.1659231140
0.1463053578
0.1203656256
0.0940537053
0.0696704548
0.0447059192
0.0234356945
0.0086095879
0.0010061319
0.0048545693
0.0169987895
0.0289980923
0.0368256486
0.0442306639
0.0589723920
0.0773568496
0.0889663992
0.0909496189
0.0892582038
0.0920104590
0.1017031554
0.1153589449
0.1295928137
0.1416919165
0.1518184631
0.1618919179
0.1741771120
0.1888948686
0.2043383426
0.2151178182
0.2126087114
0.1940926219
0.1665526778
0.1412821879
0.1187431481
0.0943453842
0.0791696179
0.0801426841
0.0845889482
0.0860068827
0.0951743959
0.1217037599
0.1562978852
0.1844429318
0.2030827611
0.2042508827
0.1790768647
0.1364412662
0.0967286526
0.0673658088
0.0399128419
0.0146821950
0.0069903721
0.0248366569
0.0475896390
0.0535589302
0.0458776898
0.0366461433
0.0323044452
0.0341124499
0.0412326269
0.0507674251
0.0653383459
0.0944732500
0.1377747263
0.1802956046
0.2074553634
0.2134943393
0.2031728925
0.1903958520
0.1839038305
0.1823291960
0.1827792558
0.1830221556
0.1818787256
0.1819076667
0.1868675651
0.1984031467
0.2130778513
0.2237440721
0.2267526535
0.2244621645
0.2198865360
0.2143356676
0.2090367214
0.2058734053
0.2044944680
0.2009432305
0.1907985981
0.1734793302
0.1533002899
0.1404909597
0.1419921071
0.1547549463
0.1727627375
0.1926009751
0.2138974743
0.2380471482
0.2668232758
0.3049594025
0.3594095687
0.4260777564
0.4786515919
0.4828935943
0.4315756538
0.3622700266
0.3162212983
0.2949647630
0.2925366133
0.3044938305
0.3155807970
0.3160056372
0.3070164902
0.2958955116
0.2900986436
0.2938221420
0.3009564227
0.2990885491
0.2765441261
0.2294610813
0.1669787748
0.1129791051
0.0895276209
0.1032353926
0.1392545967
0.1706513536
0.1911614612
0.2147089667
0.2435184666
0.2662707585
0.2801964025
0.2869862684
0.2820923614
0.2621852838
0.2342361367
0.2111073152
0.1964916128
0.1860895415
0.1803424111
0.1814067337
0.1874546696
0.1935042035
0.1949660260
0.1905280910
0.1809434418
0.1681795185
0.1549964607
0.1454170389
0.1421680444
0.1439832930
0.1459997096
0.1424999023
0.1283247637
0.1007656616
0.0637826161
0.0295987649
0.0080599017
0.0062390562
0.0324559406
0.0722460861
0.0944463978
0.0968930983
0.1005200770
0.1105901177
0.1185959538
0.1228561737
0.1243860151
0.1217972359
0.1158931147
0.1092529983
0.1027219429
0.0955710779
0.0866350043
0.0761599050
0.0664202455
0.0592113842
0.0504125466
0.0316886071
0.0002744929
-0.0315041080
-0.0461176509
-0.0363797268
-0.0067104194
0.0283938221
0.0534229836
0.0680684541
0.0858017572
0.1138823786
0.1460047146
0.1747119699
0.1980618611
0.2160097105
0.2261174621
0.2263848602
0.2205338327
0.2139941054
0.2059739308
0.1921109254
0.1714667437
0.1449642803
0.1168182857
0.0986109222
0.0941157999
0.0955125528
0.0970891561
0.0980889385
0.0996271288
0.0997275698
0.0993854670
0.1060780150
0.1270607404
0.1624475637
0.2026516806
0.2333027594
0.2387131689
0.2211220424
0.2063134142
0.2066176458
0.2119386038
0.2091805648
0.1986063237
0.1832023659
0.1615680058
0.1359850640
0.1119460666
0.0923203005
0.0760692372
0.0614192901
0.0580078155
0.0721494783
0.0944203299
0.1185324228
0.1442503993
0.1758489336
0.2158361142
0.2541660856
0.2712396545
0.2633058242
0.2409485775
0.2055379927
0.1642671410
0.1266629487
0.0875615466
0.0479030254
0.0231399079
0.0235594742
0.0381333822
0.0404906857
0.0233555446
0.0017250872
-0.0149946553
-0.0250947426
-0.0232607013
-0.0092918564
0.0075719194
0.0200202345
0.0277503992
0.0351282629
0.0471364405
0.0661225423
0.0882655003
0.1049374898
0.1101518075
0.1012706188
0.0776577562
0.0502906146
0.0336145427
0.0272793505
0.0249761069
0.0276395091
0.0337590921
0.0332971042
0.0223781003
0.0040052806
-0.0180985568
-0.0414647140
-0.0606942027
-0.0713977656
-0.0722737592
-0.0664917937
-0.0615385978
-0.0606987058
-0.0625580881
-0.0652332580
-0.0681438464
-0.0706296974
-0.0715744601
-0.0703739590
-0.0659406885
-0.0572538901
-0.0446524939
-0.0284094968
-0.0087445538
0.0112336494
0.0278834391
0.0404278408
0.0497979634
0.0557085445
0.0572172212
0.0539173593
0.0492763806
0.0501203018
0.0595580909
0.0762254640
0.0968330832
0.1164561971
0.1284990274
0.1276860661
0.1145041290
0.0939660818
0.0733056115
0.0583311223
0.0487227391
0.0423635308
0.0415731119
0.0484444029
0.0583806825
0.0628164138
0.0557596965
0.0374465271
0.0141199342
-0.0057906500
-0.0152602494
-0.0104505340
0.0059295407
0.0261393541
0.0452942944
0.0614354175
0.0743007097
0.0824352969
0.0826560327
0.0780926818
0.0765903576
0.0821484839
0.0935421461
0.1083415797
0.1223338544
0.1274787649
0.1182135007
0.0994465375
0.0798465443
0.0588259003
0.0325657193
0.0091434893
0.0026003864
0.0152300185
0.0349244826
0.0513650378
0.0614134940
0.0658305015
0.0675467490
0.0656842880
0.0534031665
0.0359088576
0.0306414796
0.0407818836
0.0556418043
0.0639520058
0.0605130902
0.0435904631
0.0154127824
-0.0162186950
-0.0380079865
-0.0478734637
-0.0530896986
-0.0514496713
-0.0399302730
-0.0258388912
-0.0188991770
-0.0199789432
-0.0241928343
-0.0279196920
-0.0323711010
-0.0407342394
-0.0538875282
-0.0667169179
-0.0742405293
-0.0767820488
-0.0783606996
-0.0846201126
-0.0962570495
-0.1087018704
-0.1174566423
-0.1195191602
-0.1148034168
-0.1087047989
-0.1069214732
-0.1100416273
-0.1160399343
-0.1227503237
-0.1274120098
-0.1277373122
-0.1229378462
-0.1153018623
-0.1089932187
-0.1068314745
-0.1091642491
-0.1142757888
-0.1195908416
-0.1235196758
-0.1217733389
-0.1082165950
-0.0832110143
-0.0551404521
-0.0352228990
-0.0351081701
-0.0539889096
-0.0779286146
-0.0965531689
-0.1124573477
-0.1373969323
-0.1740701022
-0.2078987893
-0.2219827042
-0.2196070391
-0.2149743061
-0.2131319352
-0.2127672007
-0.2121626816
-0.2103475167
-0.2037383538
-0.1880668118
-0.1620877240
-0.1324685868
-0.1133936985
-0.1184533017
-0.1409659721
-0.1601745444
-0.1678152917
-0.1668555886
-0.1626887662
-0.1592019789
-0.1574952615
-0.1559541647
-0.1527099188
-0.1474806919
-0.1396875183
-0.1269798050
-0.1109259038
-0.0940818820
-0.0738043643
-0.0469407542
-0.0160729356
0.0122705318
0.0334478489
0.0444911429
0.0397077552
0.0157975636
-0.0196222803
-0.0518147580
-0.0720313965
-0.0755402666
-0.0620327082
-0.0437134719
-0.0316995367
-0.0277036317
-0.0286410150
-0.0319681574
-0.0350162572
-0.0379642184
-0.0440059684
-0.0572252173
-0.0771901061
-0.1015257470
-0.1288881777
-0.1585000666
-0.1822644710
-0.1882872522
-0.1766008512
-0.1556417839
-0.1266983973
-0.0892130753
-0.0425770444
0.0145327197
0.0675291996
0.0708357041
0.0132164117
-0.0561521853
-0.1066177743
-0.1467952044
-0.1881804461
-0.2133975420
-0.2150563558
-0.2113244941
-0.2081881266
-0.2015530372
-0.1936672432
-0.1920950731
-0.1997291718
-0.2100947916
-0.2149576478
-0.2106424985
-0.1982166873
-0.1816963134
-0.1654869464
-0.1538732749
-0.1478991848
-0.1447376817
-0.1454801253
-0.1546417916
-0.1700014856
-0.1822444433
-0.1888825592
-0.1953234866
-0.2056120087
-0.2190565421
-0.2353035492
-0.2526749019
-0.2644560279
-0.2684794841
-0.2703529147
-0.2717547724
-0.2704039313
-0.2652945413
-0.2576564668
-0.2489842014
-0.2371306482
-0.2209932901
-0.2076172610
-0.2036783779
-0.2078567015
-0.2180276279
-0.2348589786
-0.2573246240
-0.2795274244
-0.2916458829
-0.2919537440
-0.2860095870
-0.2779732622
-0.2699532685
-0.2616080507
-0.2505016353
-0.2333550031
-0.2134852491
-0.2009219195
-0.2000034535
-0.2070789684
-0.2170661097
-0.2284819260
-0.2413349043
-0.2541199060
-0.2647948758
-0.2713187883
-0.2732013487
-0.2754095918
-0.2852604518
-0.3035482918
-0.3198831520
-0.3252177311
-0.3231173913
-0.3186302263
-0.3117713953
-0.3028838392
-0.2949058529
-0.2874185747
-0.2790649468
-0.2724545290
-0.2727322163
-0.2842601609
-0.3066479350
-0.3320440850
-0.3499418232
-0.3547787184
-0.3486622320
-0.3384339972
-0.3305425804
-0.3279984473
-0.3302816311
-0.3321832958
-0.3252660666
-0.2997595228
-0.2493658125
-0.1828128274
-0.1245554312
-0.0901235942
-0.0750282758
-0.0735813037
-0.0871889018
-0.1107244807
-0.1364820345
-0.1685173107
-0.2030535828
-0.2245565448
-0.2334400232
-0.2466606154
-0.2757537829
-0.3163589937
-0.3533817727
-0.3677705503
-0.3454123313
-0.2908945883
-0.2442597311
-0.2466559882
-0.2918086985
-0.3461411208
-0.3873591568
-0.4079671444
-0.4071247696
-0.3924358963
-0.3721508121
-0.3503846161
-0.3308278556
-0.3189932651
-0.3156487544
-0.3149931863
-0.3120959800
-0.3077101739
-0.3005580029
-0.2849987455
-0.2595618536
-0.2303212010
-0.2062052222
-0.1907623896
-0.1884732079
-0.2105085210
-0.2629628074
-0.3327058106
-0.3982818250
-0.4459490835
-0.4623208408
-0.4428234170
-0.3988709191
-0.3483908677
-0.2997996842
-0.2528284673
-0.2109368674
-0.1984152270
-0.2388728326
-0.3207778484
-0.3942340315
-0.4217012025
-0.4115151455
-0.3879979475
-0.3696245215
-0.3636822754
-0.3641730319
-0.3598162047
-0.3490186481
-0.3401055935
-0.3391659157
-0.3475756076
-0.3629455833
-0.3755462563
-0.3751631925
-0.3621465084
-0.3425582539
-0.3214367645
-0.2976720262
-0.2678155581
-0.2322638471
-0.1954387154
-0.1621147273
-0.1407233907
-0.1264701224
-0.1111088958
-0.1150267145
-0.1612427060
-0.2369760316
-0.3102161908
-0.3692376194
-0.4144088721
-0.4445942057
-0.4576886711
-0.4513384288
-0.4286362808
-0.4122097446
-0.4212244196
-0.4408346662
-0.4449515552
-0.4246525147
-0.3872701108
-0.3435727204
-0.3115339329
-0.3010077178
-0.3004006478
-0.2999125982
-0.3010605213
-0.3077095055
-0.3155509672
-0.3151352693
-0.3051540281
-0.2925492484
-0.2831086020
-0.2778456827
-0.2765322202
-0.2812897136
-0.2960005928
-0.3218547126
-0.3525873370
-0.3725527979
-0.3723496274
-0.3604421366
-0.3469429992
-0.3361905714
-0.3297423964
-0.3262998485
-0.3227767050
-0.3182556455
-0.3132861852
-0.3057916070
-0.2906380935
-0.2640998345
-0.2276661960
-0.1880328887
-0.1543308164
-0.1400436982
-0.1470159671
-0.1578877441
-0.1642417340
-0.1686113533
-0.1700993261
-0.1653365031
-0.1547692372
-0.1412862706
-0.1282623960
-0.1184278717
-0.1104751506
-0.0982021502
-0.0778643764
-0.0519923767
-0.0287125829
-0.0148151610
-0.0152102539
-0.0300147743
-0.0530534768
-0.0774660726
-0.1029980929
-0.1307696384
-0.1530609576
-0.1593128166
-0.1474101167
-0.1267928960
-0.1072784174
-0.0964692856
-0.1019091499
-0.1251147961
-0.1619195968
-0.2018807970
-0.2356378454
-0.2515304340
-0.2434219515
-0.2248685973
-0.2068584147
-0.1893235280
-0.1692236007
-0.1462960984
-0.1227351952
-0.1037342292
-0.0941846115
-0.0977725027
-0.1120943236
-0.1279150745
-0.1365569849
-0.1354632387
-0.1283411173
-0.1169936240
-0.0988092434
-0.0723245635
-0.0412947683
-0.0129230143
0.0006409443
-0.0126605886
-0.0549170642
-0.1092198640
-0.1475275365
-0.1624764109
-0.1694820156
-0.1774899806
-0.1754379724
-0.1445249820
-0.0778118695
0.0025285513
0.0605164734
0.0867306708
0.0980190279
0.1066522969
0.1106898149
0.1084088253
0.1031204906
0.0944174904
0.0818678659
0.0662867787
0.0446911206
0.0222355372
0.0119768910
0.0248250931
0.0525760724
0.0729590056
0.0768868382
0.0676159214
0.0511169302
0.0315568304
0.0139695089
-0.0012320207
-0.0172847841
-0.0274334671
-0.0225324916
-0.0083732474
0.0049780600
0.0169078395
0.0310633170
0.0498230637
0.0748478091
0.1051740339
0.1387390417
0.1730573791
0.1966760366
0.1981956017
0.1803613617
0.1492524720
0.1075865267
0.0670265507
0.0385689081
0.0165951977
-0.0060902246
-0.0285204758
-0.0475480317
-0.0618012674
-0.0717601320
-0.0792222788
-0.0886523217
-0.1020861486
-0.1111088881
-0.1053216987
-0.0840792925
-0.0623797528
-0.0557211142
-0.0636950635
-0.0774908617
-0.0887782184
-0.0908612183
-0.0812039843
-0.0621906928
-0.0363804525
-0.0042743259
0.0288112838
0.0483923184
0.0436358960
0.0223374056
-0.0005100600
-0.0160504944
-0.0222737965
-0.0268471583
-0.0376203976
-0.0535806635
-0.0718578305
-0.0904467567
-0.1071966604
-0.1232533652
-0.1366357403
-0.1423726524
-0.1435181521
-0.1467880234
-0.1555864683
-0.1682044132
-0.1790000736
-0.1815270755
-0.1717956868
-0.1509926448
-0.1278739635
-0.1108289591
-0.0994745609
-0.0901676012
-0.0824026787
-0.0791937829
-0.0832337546
-0.0919873503
-0.0963052502
-0.0887718631
-0.0713417677
-0.0501052618
-0.0296211878
-0.0100453069
0.0097399318
0.0280150130
0.0445617420
0.0614486608
0.0761835508
0.0874363318
0.0981315052
0.1047876504
0.0986712605
0.0780074680
0.0490428098
0.0194853887
-0.0029829042
-0.0000532592
0.0326121683
0.0722272909
0.1041324683
0.1313860564
0.1529899859
0.1621080522
0.1580309414
0.1393071808
0.1021795415
0.0568071099
0.0271363996
0.0241029944
0.0407447073
0.0681595721
0.0971961168
0.1176832525
0.1248591121
0.1174083110
0.1090180483
0.0998318861
0.0902710552
0.0800962025
0.0735217615
0.0740140467
0.0784300526
0.0817275040
0.0802485029
0.0714677206
0.0556146302
0.0378463765
0.0247115531
0.0209158480
0.0266998914
0.0360803429
0.0442578523
0.0498369657
0.0529890750
0.0560360604
0.0618315135
0.0703933680
0.0799179629
0.0911677630
0.1052456031
0.1207895422
0.1365532265
0.1521423230
0.1663428339
0.1748934557
0.1763846089
0.1751221269
0.1755897855
0.1791811901
0.1847194714
0.1916505055
0.1983131044
0.1985242253
0.1832764944
0.1483767285
0.1028973170
0.0644347313
0.0394120119
0.0197416045
0.0005134656
-0.0109542980
-0.0013793179
0.0358668949
0.0880428804
0.1288183874
0.1477338993
0.1563356348
0.1646039616
0.1687073122
0.1583122238
0.1281086588
0.0873191750
0.0505880820
0.0216724480
0.0050168021
0.0084048861
0.0257176161
0.0411703327
0.0476041482
0.0505870454
0.0587874186
0.0775834244
0.1107991596
0.1543862808
0.1879685347
0.1836085926
0.1463963109
0.1083941891
0.0854152410
0.0773923788
0.0792073318
0.0839792705
0.0874864125
0.0895909564
0.0895898575
0.0843760331
0.0731523498
0.0593112487
0.0473393093
0.0419450342
0.0435507035
0.0476724464
0.0533647436
0.0637455774
0.0788089060
0.0914695870
0.1004857065
0.1151197541
0.1372353553
0.1596035490
0.1769991604
0.1851108868
0.1818838600
0.1765141133
0.1783433673
0.1851645584
0.1915376617
0.1934238113
0.1873189399
0.1720801421
0.1512008841
0.1294610051
0.1135323823
0.1064793859
0.1075166736
0.1165468599
0.1264772771
0.1306359671
0.1302200068
0.1295740010
0.1314675512
0.1382276136
0.1506760832
0.1652023291
0.1771150137
0.1871786523
0.1964771614
0.2026152730
0.2083976759
0.2177582675
0.2319022708
0.2536485983
0.2788811642
0.2956025769
0.2978036873
0.2913419028
0.2824356477
0.2674788523
0.2402744116
0.2046741328
0.1734378478
0.1574242328
0.1585052706
0.1720880340
0.1896376295
0.2028621302
0.2077824178
0.2053167098
0.2005224482
0.1962811174
0.1893685104
0.1739176605
0.1487595928
0.1209667784
0.1031222846
0.1045854511
0.1199866224
0.1344525354
0.1415415225
0.1438902057
0.1448609797
0.1478320106
0.1539621835
0.1614674062
0.1694339838
0.1775330093
0.1850957571
0.1920138336
0.1982621193
0.2019736919
0.2014921912
0.1983562529
0.1964167334
0.1981380808
0.2030593289
0.2095942871
0.2165823368
0.2240916451
0.2323044831
0.2399423664
0.2445942265
0.2441754052
0.2398419978
0.2323141746
0.2172496758
0.1912993458
0.1602310158
0.1343230247
0.1161369242
0.0999048331
0.0812076655
0.0633775167
0.0560061949
0.0690698030
0.1046318275
0.1474350682
0.1732112535
0.1735898860
0.1589118870
0.1418728014
0.1306675079
0.1277064659
0.1301602097
0.1338070447
0.1343930460
0.1297806652
0.1199766791
0.1060602423
0.0905453572
0.0775607283
0.0683410033
0.0662289990
0.0711751715
0.0737730362
0.0693320790
0.0612726288
0.0538887179
0.0485714268
0.0457283136
0.0462521529
0.0510995864
0.0595811198
0.0692519617
0.0784180721
0.0873615404
0.0950015018
0.0990369926
0.0992744177
0.0964862640
0.0921694351
0.0884553856
0.0855890492
0.0826649360
0.0795744807
0.0776838231
0.0780534253
0.0800821749
0.0829614514
0.0860240487
0.0883409522
0.0900035138
0.0922128696
0.0959531926
0.1012277415
0.1073501413
0.1129566480
0.1160432070
0.1147714639
0.1099513552
0.1041359377
0.0986595217
0.0939195991
0.0918078749
0.0943047849
0.0991072033
0.1023715560
0.1034739140
0.1038935671
0.1046131161
0.1058013132
0.1075373315
0.1097236860
0.1122325239
0.1150808208
0.1181458175
0.1211408487
0.1237377019
0.1252759257
0.1258463702
0.1267253582
0.1285235515
0.1308412289
0.1334946916
0.1365148660
0.1391155620
0.1402588125
0.1400414573
0.1381831435
0.1342323121
0.1293255741
0.1248169981
0.1207093154
0.1166457272
0.1130425560
0.1109888296
0.1108068219
0.1111301795
0.1113346462
0.1117748006
0.1122852485
0.1123732497
0.1116640155
0.1100059134
0.1076636182
0.1053344528
0.1038590989
0.1038727709
0.1052429158
0.1070138635
0.1084120853
0.1093082808
0.1097799022
0.1096643406
0.1090404147
0.1083609295
0.1078718196
0.1075515221
0.1072915511
0.1069511629
0.1063900916
0.1056076631
0.1047806476
0.1042178142
0.1041696215
0.1045885511
0.1052054696
0.1058160418
0.1063285617
0.1065771898
0.1063196685
0.1055253757
0.1043359418
0.1029284713
0.1015688159
0.1006637721
0.1004282751
0.1005777444
0.1006537072
0.1005876829
0.1005714112
0.1005772376
0.1005298299
0.1005204163
0.1006436881
0.1008572586
0.1010766523
0.1012470918
0.1013367518
0.1013308165
0.1012519395
0.1011591315
0.1010948839
0.1010490050
0.1010036547
0.1009474039
0.1008748223
0.1007877768
0.1006951045
0.1005942207
0.1004679667
0.1003004316
0.1000896650
0.0998458272
0.0996010932
0.0993882518
0.0992166932
0.0990700251
0.0989271463
0.0987746062
0.0986070928
0.0984204407
0.0982098784
0.0979718563
0.0977137216
0.0974513008
0.0972038457
0.0969829509
0.0968006363
0.0966454145
0.0964820188
0.0962990560
0.0961035428
0.0959007009
0.0956947200
0.0954856619
0.0952654226
0.0950292994
0.0947853695
0.0945438047
0.0943063385
0.0940712633
0.0938373196
0.0936045947
0.0933713429
0.0931344903
0.0928930575
0.0926478890
0.0923999302
0.0921495636
0.0918971123
0.0916430373
0.0913875566
0.0911303954
0.0908710601
0.0906091514
0.0903445039
0.0900771428
0.0898071285
0.0895344706
0.0892591452
0.0889811014
0.0887002839
0.0884166391
