-0.0038736971
-0.0022684049
-0.0005866223
-0.0035481672
-0.0069648454
0.0010565128
0.0053880113
0.0024155392
-0.0009346609
0.0022087402
0.0071309205
0.0020834909
0.0029631087
0.0062405198
0.0042506914
-0.0002633201
-0.0008994276
0.0041843827
0.0081717027
0.0025913177
-0.0071979789
-0.0061431674
0.0031774590
0.0034146202
0.0038532243
0.0020572345
-0.0021305799
-0.0028747056
-0.0007566891
0.0038391006
-0.0008531921
-0.0052915810
-0.0017311544
0.0026248076
0.0054625807
0.0061157497
-0.0038269989
-0.0056286270
-0.0034249018
-0.0014888724
0.0034865923
-0.0034017589
-0.0095768814
-0.0007245426
0.0074233468
0.0045935019
-0.0049934310
-0.0085182986
0.0046216642
0.0099961942
0.0018172163
0.0013002278
0.0048960097
-0.0020291295
-0.0064688405
-0.0053705733
0.0006267069
0.0091793244
0.0039563501
-0.0033262739
0.0017604998
0.0021394494
0.0005461315
-0.0013621412
0.0073169037
0.0083753916
-0.0059864926
-0.0045270495
-0.0038243081
0.0051620310
0.0059662516
-0.0040473455
0.0004325726
0.0074928925
0.0075417189
-0.0046873744
-0.0076668991
-0.0056574117
-0.0047714711
-0.0061846536
0.0075047442
0.0068021932
0.0023578843
-0.0005767216
-0.0090177047
0.0021291304
0.0007035892
-0.0031807655
-0.0064988517
0.0047041446
0.0071286222
0.0157851757
0.0111131225
-0.0031935411
-0.0028917325
0.0007468832
-0.0016823916
-0.0021051822
-0.0004915321
0.0015411956
0.0105748011
0.0102034765
0.0050796577
-0.0056727258
-0.0048915733
-0.0023435043
-0.0019246693
-0.0042565544
-0.0044770600
-0.0109999977
-0.0065584401
0.0042600738
0.0204247328
0.0101721904
-0.0127798437
0.0072905018
0.0167704329
0.0104459341
0.0003773938
-0.0164103430
-0.0221836118
0.0052440138
0.0202167864
0.0137493291
-0.0012917806
-0.0432791545
-0.0378212705
0.0154462633
0.0268293461
0.0086379721
-0.0182792807
-0.0141296150
-0.0017783386
0.0108399547
0.0217809400
-0.0010432027
-0.0287943666
-0.0274703180
0.0182389956
0.0211329399
0.0004926485
-0.0089358804
-0.0070827560
0.0009877596
0.0193440590
0.0078464265
-0.0489674723
-0.0637821681
-0.0195229038
0.0306143383
0.0228333210
-0.0120360964
-0.0396547571
-0.0300439075
0.0173480401
0.0459506308
0.0238557218
-0.0108460923
-0.0490047029
-0.0308972509
0.0416642249
0.0376628314
-0.0206027391
-0.0428692507
0.0014086309
0.0314198204
0.0204902039
-0.0012791605
-0.0083797613
-0.0096297508
-0.0004016489
0.0038022585
-0.0045807273
-0.0061995673
-0.0034179210
0.0172847329
0.0046692253
-0.0112033246
-0.0069184953
0.0148954892
0.0185067479
-0.0042589210
-0.0064578633
-0.0031655572
0.0173289556
0.0183802767
-0.0074444991
0.0110114008
0.0232975304
0.0044020714
-0.0307317754
-0.0176762868
0.0079739255
0.0042745812
0.0153913570
-0.0020701714
-0.0055941467
-0.0065221227
-0.0019912508
0.0179572737
0.0147287245
-0.0066925031
-0.0143833295
-0.0062221996
0.0022761242
-0.0076927772
0.0064518473
0.0290354927
0.0161395889
0.0148425698
0.0078201157
-0.0178667323
-0.0213394574
-0.0041530187
-0.0084963094
-0.0369451405
-0.0192637288
-0.0040854938
-0.0156484993
-0.0176343198
0.0029484204
0.0072603848
-0.0065379259
-0.0293687909
-0.0431191472
-0.0004060568
0.0028015425
-0.0032879684
-0.0067439923
-0.0003832130
0.0118807329
0.0020034606
-0.0235131073
-0.0284653536
-0.0083256397
0.0102643638
0.0008976037
-0.0026458617
0.0112051506
-0.0070862932
-0.0216011198
-0.0034513039
0.0182504998
0.0050817774
-0.0125069942
0.0116366145
0.0257592996
0.0102978213
-0.0245218881
-0.0003997329
0.0412791356
0.0303613107
0.0272435047
0.0095297094
-0.0218865614
-0.0317127045
0.0162274387
0.0221536525
-0.0058796783
-0.0013357579
0.0123759794
0.0107004649
0.0086807315
0.0155717233
-0.0026637027
-0.0152106717
-0.0204143746
-0.0180352057
0.0057693126
0.0183697550
0.0110427989
-0.0169927899
-0.0147000186
-0.0154620990
-0.0207915741
0.0040300836
0.0019955895
-0.0030388626
0.0105340776
0.0114402731
0.0048662832
-0.0225187124
-0.0165028995
0.0107659870
-0.0015031955
-0.0025579949
0.0108013811
0.0229528335
0.0143231887
0.0184429128
0.0239929033
0.0264455245
0.0357695496
0.0184994039
-0.0145350278
-0.0104547599
0.0091802699
-0.0045953079
-0.0090185529
0.0036803980
-0.0151543315
-0.0420309439
-0.0261446045
-0.0113614519
-0.0129591512
0.0074099255
0.0196022948
0.0166692504
0.0105189178
0.0111100951
0.0015702123
-0.0117261004
-0.0239716793
-0.0329526195
-0.0209377635
-0.0113016113
0.0090270684
0.0184983230
0.0341793920
0.0223675630
-0.0096040811
-0.0016432894
0.0140448168
0.0126455822
-0.0121532354
-0.0431695659
-0.0596497268
-0.0015288591
0.0456646191
0.0146875393
-0.0304916153
-0.0152891622
0.0169403980
0.0105800130
0.0155784427
0.0016499318
-0.0048508860
-0.0072561033
-0.0177933409
-0.0315306010
0.0029484228
0.0071938688
-0.0216246942
-0.0191069817
-0.0095909461
0.0202791862
0.0098670263
-0.0243716937
-0.0235078114
0.0055748463
-0.0082180949
-0.0194630208
-0.0015232590
0.0251070164
0.0491711058
0.0156010671
-0.0371306791
-0.0189556405
0.0548360849
0.0442146822
-0.0238586964
-0.0400268869
0.0038393898
0.0396034214
0.0044797995
-0.0209624946
-0.0221571611
-0.0150807106
-0.0157820700
0.0206482282
0.0577519698
-0.0100716064
-0.0681914372
-0.0282861801
0.0417046731
0.0780622466
0.0452692744
0.0043390722
-0.0002083282
0.0081278098
0.0271036317
0.0072945176
0.0244273014
0.0245097866
0.0037855763
0.0045758444
-0.0038369593
-0.0032499410
-0.0431925588
0.0078363279
0.0467443804
0.0112378775
-0.0104366728
-0.0502772387
-0.0834716818
-0.0556708890
-0.0076685477
0.0260514541
-0.0064114823
-0.0193817063
0.0192660373
0.0406362919
0.0612771521
0.0134212998
-0.0269348326
-0.0186356980
-0.0117897918
-0.0046100347
0.0296650503
0.0298749474
0.0197335561
0.0312688102
0.0130343713
-0.0212545703
-0.0547554055
-0.0274831850
0.0025064943
-0.0243020791
0.0043460649
0.0600371004
0.0621746072
0.0078782846
-0.0180972191
0.0177885443
0.0309406486
0.0170336649
-0.0010771126
-0.0117930427
-0.0145450439
-0.0318515205
0.0112182246
0.0210613665
-0.0304638070
-0.0575693129
-0.0329096470
0.0079156029
-0.0236744941
-0.0335305635
-0.0466694095
-0.0157205979
0.0527016527
0.0787921093
0.0492923836
0.0054328361
-0.0198100926
-0.0235785841
0.0092502883
0.0007781947
-0.0352771780
-0.0039302916
0.0449374583
0.0205811661
-0.0034138529
0.0082899307
0.0336733285
0.0351899048
0.0117239425
-0.0040326930
-0.0141042245
-0.0148041533
-0.0130337563
-0.0119903422
-0.0059457288
-0.0264486135
-0.0139408539
0.0088719597
0.0012136430
0.0063238659
0.0008256423
-0.0130296955
0.0140826207
0.0245737458
-0.0098652830
-0.0276895606
-0.0190551525
-0.0044212401
-0.0308388186
-0.0186300248
-0.0264544210
-0.0130816007
0.0323657420
0.0033683443
-0.0325761078
0.0204963385
0.0831647975
0.0600494251
0.0031630626
-0.0085027379
0.0212481910
0.0205152706
0.0233131733
0.0297467016
-0.0008255396
-0.0053236671
0.0029614279
-0.0196018051
-0.0404263862
-0.0344879856
-0.0258475313
-0.0528700866
-0.0293783616
0.0052592025
-0.0200093567
-0.0219569012
0.0063977246
0.0213156468
0.0301823643
0.0322940167
0.0116216822
-0.0204431521
-0.0371689597
-0.0042440106
0.0500501826
0.0826112724
0.0460263217
-0.0399566898
-0.0601326494
-0.0074105070
0.0162330608
-0.0194676597
-0.0193698752
0.0131020179
0.0104328750
0.0151660420
0.0469096704
0.0753356696
0.0589265409
-0.0199364458
-0.0820420827
-0.0783351020
-0.0488753361
-0.0069909723
0.0094495786
-0.0172173907
0.0287624162
0.0842642187
0.0875734237
0.0105858273
-0.0013125132
-0.0015671230
-0.0263516276
-0.0263037797
-0.0512350279
-0.0613450828
-0.0700421326
-0.0708566645
-0.0343640556
0.0389314836
0.0473403949
0.0084489998
-0.0296958712
0.0088197840
0.0223961368
0.0364817132
0.0126688984
0.0418497720
0.0774674648
0.0755932701
0.0154808102
-0.0618019043
-0.0490917886
-0.0416965480
-0.0121236081
-0.0317121359
0.0107966503
0.0235618973
-0.0389875684
-0.0486604818
-0.0400708941
-0.0183906660
0.0058419989
-0.0348834293
-0.0543450606
-0.0081404346
0.0276388090
-0.0237229365
-0.0044177192
0.0286516111
-0.0328192048
-0.0618720444
-0.0870159208
-0.0318455721
-0.0199453388
-0.0735370009
-0.0740537484
-0.0337835131
-0.0443850613
-0.0861583013
-0.1050264816
-0.0581171301
-0.0214793224
-0.0203323332
0.0284958869
0.0770780896
0.0773747626
0.1058090742
0.0400298977
-0.0508874963
0.0057235356
0.0279640456
0.0562659162
0.0468157120
0.0447004282
0.0655925275
0.0944544778
0.0405119866
-0.0026464444
0.0499118415
0.0528016609
-0.0204703623
-0.0741513844
-0.0627990942
-0.0744215450
-0.1039829637
-0.1663102067
-0.1444393281
-0.0148592501
0.1023347183
0.0838675942
0.0508146464
0.0587077316
0.0295560664
-0.0201546925
-0.0618834116
-0.0470415135
-0.0416488795
-0.0115408093
0.0655193835
0.0479797252
-0.0175076988
-0.0626860744
-0.1159113390
-0.0663210963
0.0371819650
0.1157337488
0.1246718431
0.0587495793
0.0125651945
-0.0106497172
-0.0153763145
0.0041398198
0.0204766584
0.0394104440
0.1010885878
0.0987220474
0.0517986060
0.0840960386
0.1210218816
0.1222476027
0.1406102980
0.1751468252
0.1852556337
0.1671899329
0.1436895858
0.1246774204
0.0707635462
-0.0302791140
-0.0957151917
-0.0823033802
-0.0361029804
0.0023516194
0.0252640409
0.0650809582
0.1134684563
0.1333598284
0.1130671315
0.0729907265
0.0330903245
-0.0258553128
-0.0845211382
-0.0929897201
-0.0871781988
-0.0603572914
0.0042359878
0.0341715643
-0.0141641739
-0.1225381516
-0.1869064345
-0.1974859845
-0.1841874458
-0.1504352632
-0.1567741210
-0.1787609547
-0.1971466425
-0.2000699097
-0.1760392026
-0.1252533986
-0.0546995558
-0.0161809248
-0.0510749097
-0.0833255681
-0.0264969644
0.1001359715
0.2317979645
0.2948400801
0.2835409310
0.1513438628
0.0264478972
-0.0170032410
0.0003977399
0.0672334154
0.1021564852
0.1694530185
0.2492163544
0.2971983179
0.3204039563
0.2467365584
0.1500150256
0.0366791375
-0.0925192582
-0.1381822035
-0.1513039522
-0.1926649709
-0.2569297978
-0.3022544226
-0.3384130848
-0.3853868868
-0.3027524162
-0.1354745412
-0.0687024184
-0.0813034376
-0.1145661327
-0.0664454333
0.0374868063
0.1059665002
0.1739903326
0.2137464210
0.2079831841
0.1759944490
0.1615522347
0.2211031734
0.2702440832
0.2234542757
0.0814028008
-0.0755015919
-0.1913852406
-0.2606907539
-0.2789256545
-0.2784107850
-0.2871653761
-0.2753367709
-0.2542542432
-0.2661488206
-0.2575233900
-0.1827704411
-0.1363398095
-0.1932355414
-0.2675303354
-0.2665782397
-0.1666747345
0.0217685575
0.2239200090
0.3516159331
0.3441833751
0.2418292200
0.1646025296
0.1237621687
0.1006718636
0.1176158391
0.1716098020
0.2756523343
0.2938125752
0.1861897401
0.0795273454
-0.0213635847
-0.0345744925
0.0439008662
0.1142129830
0.1446832108
0.1733062219
0.2075947519
0.1506200697
0.0003120977
-0.0936097003
-0.0884450198
-0.0908643089
-0.1172609237
-0.0452459293
0.1335472301
0.2120511242
0.1609778163
0.1286083348
0.1222935139
0.1093559530
0.1131332424
0.0442333336
-0.0256849781
-0.0033737716
0.0431091086
0.0293247249
0.0071678832
0.0456779210
0.1156224934
0.1969374135
0.2259250945
0.2403185846
0.2073812106
0.1865355448
0.2054698218
0.2273028535
0.2031049013
0.1080134344
0.0897943996
0.1099568825
0.1115240893
0.1305553071
0.1092267357
0.0009255841
-0.1475857636
-0.2425545316
-0.2802619310
-0.3253619388
-0.3773373642
-0.4227454877
-0.4127045897
-0.4334694283
-0.4560745132
-0.4268456674
-0.3686021930
-0.2949393325
-0.2487036099
-0.1906116685
-0.1263297592
-0.0807406219
-0.0564886102
-0.0413903759
-0.0850664699
-0.1454728881
-0.2027817190
-0.2559245212
-0.2908758458
-0.2970001224
-0.2488237867
-0.1762704662
-0.1018737439
-0.0306705691
0.0391200664
0.1193982750
0.1998643417
0.2684576431
0.3302806501
0.3951050963
0.4608423346
0.4782337020
0.4440273010
0.3847871088
0.2524587765
0.1234607626
0.0816633014
0.0850969837
0.0493512242
0.0323789727
0.0428367495
0.0822822040
0.1440824618
0.1652745587
0.1689960289
0.1514269581
0.0783853081
-0.0213393205
-0.1005337278
-0.1532254397
-0.1884075801
-0.2457804041
-0.2914684318
-0.2895951744
-0.2706034933
-0.2648921951
-0.2969719899
-0.3109740830
-0.3201194839
-0.2895513375
-0.2388850092
-0.2341315228
-0.2563384843
-0.2915185307
-0.2893862551
-0.2625289800
-0.2296385188
-0.1887647657
-0.1205838627
-0.0379966105
0.0699770048
0.1834732316
0.2656711987
0.3007385337
0.2850172482
0.2454910528
0.2121241190
0.2052358329
0.1760408240
0.1470883567
0.1055624893
0.0487201729
0.0049434349
0.0346802512
0.1569408139
0.2450521178
0.2667679748
0.2463013703
0.2195477026
0.1914938635
0.1443264283
0.0680306683
-0.0312611195
-0.0664087577
-0.0686892977
-0.1018654525
-0.1389666702
-0.1444020216
-0.1235076155
-0.1360453463
-0.1548450252
-0.1715534257
-0.1687771952
-0.0964954831
0.0102501651
0.0926755115
0.1095793851
0.1153728254
0.1563325483
0.1724345953
0.1831728923
0.1902270973
0.1899950548
0.1663034127
0.1021631109
0.0397269283
-0.0070447691
-0.0290658585
-0.0654140951
-0.1268270549
-0.1938943590
-0.2559306111
-0.3031820710
-0.3441571161
-0.3724052589
-0.3744065155
-0.3610025136
-0.3497319950
-0.3277773292
-0.2659617084
-0.1789862364
-0.0913488386
-0.0470138204
-0.0487345367
-0.0683104716
-0.0769316173
-0.0814063269
-0.0502566811
0.0355902197
0.1001720392
0.1118873013
0.1035750358
0.1099335507
0.1167690700
0.1243573351
0.1393650224
0.1531690459
0.1905020887
0.2298528274
0.2682546003
0.3154320498
0.3374914980
0.3416333771
0.3161181616
0.2796105276
0.2608373637
0.2582024184
0.2383306430
0.2033613874
0.1658121497
0.0995490055
0.0114880281
-0.0269268511
-0.0067402809
-0.0020998022
-0.0241903450
-0.0543296882
-0.0782271072
-0.0892062701
-0.0823068189
-0.0779688196
-0.0869066391
-0.1078282152
-0.1079196614
-0.0919678270
-0.0629358914
-0.0171303667
0.0436249084
0.0942496353
0.1033523627
0.1126951012
0.1400420492
0.1442756421
0.1361273276
0.1305746114
0.1255712475
0.1597127283
0.2061661397
0.2125535425
0.1692274979
0.0832732673
-0.0351153067
-0.1336042525
-0.1840372043
-0.1944920687
-0.1558241064
-0.0919851635
-0.0713433339
-0.0785387296
-0.0763792819
-0.0606220358
-0.0567278514
-0.0422356034
-0.0115812898
0.0094346593
-0.0025647032
-0.0413882948
-0.0656765797
-0.0886028221
-0.1133172484
-0.1305620947
-0.1185904402
-0.1117153715
-0.1139739546
-0.0889698164
-0.0268256500
0.0289487732
0.0167969606
-0.0351497099
-0.1123321474
-0.1606561715
-0.1185244815
-0.0624646350
-0.0812412828
-0.1226184437
-0.1315780782
-0.0498693579
0.0904819906
0.1444268209
0.1407195263
0.1416520509
0.1641982188
0.1718904393
0.1535503017
0.1633025782
0.1828753851
0.1870355465
0.1491815183
0.0778458357
0.0203815465
0.0024029514
0.0167038630
0.0292852230
0.0120149247
-0.0353551641
-0.0874177581
-0.1432480737
-0.1821654432
-0.2063882801
-0.2036921513
-0.1522412431
-0.0724313263
0.0171563552
0.0835369506
0.0932543876
0.0724239340
0.0470243927
0.0320633377
0.0518092586
0.0981017283
0.1507233268
0.1567031363
0.0808621980
0.0068138681
-0.0310928660
-0.0568012343
-0.0368375686
-0.0002463386
0.0296838680
0.0077226127
-0.0136469353
0.0288632332
0.0826045968
0.1163686124
0.0870009796
0.0065724874
-0.0435340662
-0.0605681441
-0.0309095154
0.0176167848
0.0009944900
-0.0551710495
-0.1076058708
-0.1436162620
-0.1637720231
-0.1533802584
-0.1293618184
-0.1315002237
-0.1478481399
-0.1301423462
-0.1089437970
-0.1097642446
-0.1095317435
-0.0989720365
-0.1014051893
-0.1068704477
-0.1044759544
-0.1208138476
-0.1579586731
-0.1664037059
-0.1303999797
-0.0728603722
0.0212229131
0.0724912473
0.0743626914
0.0749013578
0.0722601406
0.0537645388
0.0558427372
0.1048068414
0.1713045296
0.2150662511
0.2167159909
0.1893849294
0.1609875960
0.1608288707
0.1731344375
0.1571581060
0.1098748750
0.0513471622
0.0157419820
0.0383545099
0.0847832930
0.1161641799
0.1044478703
0.0777412519
0.0353805969
-0.0344922079
-0.0788756810
-0.1157155483
-0.1453410953
-0.1503354411
-0.1255069409
-0.0628034766
-0.0068997486
0.0219923061
0.0326011454
0.0250692190
0.0241738953
0.0029267646
-0.0232945730
-0.0010018543
0.0244513011
0.0512405578
0.0763559643
0.0530387687
0.0063508616
-0.0157406042
-0.0350973552
-0.0562943256
-0.0537853905
-0.0405667409
0.0122997815
0.0297838279
0.0311817058
0.0548611970
0.0214340817
-0.0181173672
-0.0124913743
0.0299482860
0.0519424935
0.0182736697
0.0369688542
0.1100649274
0.1030109207
0.0482717609
0.0028524503
-0.0355705079
-0.0900268981
-0.0906701403
-0.0772403044
-0.0928894268
-0.0420053136
0.0039086903
0.0108830569
0.0331399109
0.0183546660
-0.0375757077
-0.1073926430
-0.1084328059
-0.0702502755
-0.0803697882
-0.0899454528
-0.1005193666
-0.0772052849
-0.0258458810
-0.0225793164
-0.0643825806
-0.0991924052
-0.1061147652
-0.0588119496
-0.0525311383
-0.0768112682
-0.0527426316
-0.0160041407
0.0181620655
0.0594732906
0.0764762574
0.0283205442
-0.0113205489
-0.0099042596
0.0468568350
0.0898707576
0.0981423647
0.1030188602
0.0802230003
0.0345826707
-0.0243694188
-0.0620537322
-0.0151699487
0.0699880223
0.1074407832
0.0910117269
0.0705306028
0.0787199908
0.0649082050
0.0239019547
0.0089305365
0.0511266881
0.0747693593
0.0039978271
-0.0648387789
-0.0514252286
-0.0009771283
0.0164428180
0.0063090215
-0.0062085710
-0.0255219892
-0.0069156303
0.0155866500
0.0176127899
0.0060323607
-0.0322924381
-0.0370614836
-0.0152551796
0.0148069753
0.0547280430
0.0741355784
0.0667754306
0.0279682357
-0.0097683089
0.0093855781
0.0441200763
0.0558908452
0.0408694857
-0.0100936919
-0.0338984858
-0.0223179778
-0.0080612274
-0.0003729861
-0.0116804117
-0.0371387672
-0.0312045841
0.0083210453
0.0234973053
0.0181653334
0.0508272533
0.1031477161
0.1277184479
0.1227270792
0.1205555167
0.1437915070
0.1433667949
0.0915408980
0.0378550317
0.0216070292
0.0357900151
0.0564769439
0.0487187524
0.0048493792
0.0073036692
0.0395573412
0.0301679362
0.0041159628
-0.0279172140
-0.0772121734
-0.1409274272
-0.1748839125
-0.1810000196
-0.1812716360
-0.1595266509
-0.1210557173
-0.0999026962
-0.0979313757
-0.1014333595
-0.1143616121
-0.1233347733
-0.1085919358
-0.0718172911
-0.0401511756
-0.0298341945
-0.0223384877
-0.0085308981
-0.0091247766
-0.0143455293
0.0042610328
0.0277537160
0.0354366912
0.0318530753
0.0302893177
0.0235876301
0.0062800138
0.0031318294
0.0223429278
0.0324152663
0.0269525384
0.0216325828
0.0163664444
0.0108455969
-0.0071290833
-0.0184001302
-0.0357231548
-0.0675555284
-0.0664182033
-0.0575012074
-0.0642823315
-0.0740580381
-0.0672908998
-0.0339578613
-0.0178332408
-0.0180863140
-0.0149395820
-0.0128759255
-0.0076148850
-0.0053289061
-0.0180806858
-0.0481637128
-0.0728720361
-0.0645575716
-0.0215124734
0.0112672396
0.0018768249
-0.0160823561
-0.0112925895
0.0076338843
0.0182174619
0.0131165724
0.0028931307
-0.0017286171
-0.0232577640
-0.0481668912
-0.0672365037
-0.0778488194
-0.0586138763
-0.0260076681
-0.0013581615
-0.0038642061
-0.0244630779
-0.0362959155
-0.0471275225
-0.0907153098
-0.1414857633
-0.1625635923
-0.1303768671
-0.0874612212
-0.0419555936
0.0389519326
0.0911883423
0.0674458207
0.0099909100
-0.0004175245
0.0205487100
0.0350038944
0.0595935431
0.0842915461
0.1042108467
0.1022816084
0.1050181093
0.1331238721
0.1418938549
0.1271843054
0.1074297712
0.0935169425
0.0769288787
0.0605874653
0.0643619493
0.0716032174
0.0788357195
0.1001052225
0.1213006196
0.1352020246
0.1428758038
0.1523869372
0.1413022302
0.1119955373
0.1020183942
0.0921643663
0.0771942930
0.0466372183
-0.0015640120
-0.0273403248
-0.0145238878
0.0179375958
0.0379950601
0.0320817321
0.0189681159
0.0165011275
0.0312532857
0.0311524028
0.0155624901
0.0062585323
-0.0240947510
-0.0532683428
-0.0426624864
0.0042284847
0.0274893881
0.0210374157
0.0141296996
0.0028148341
0.0058519122
0.0211538826
0.0242276051
0.0329110538
0.0629530641
0.0866282079
0.0688430090
0.0243154389
-0.0040472621
-0.0225129375
-0.0502433652
-0.0600058316
-0.0500610018
-0.0502431822
-0.0723958960
-0.0965468116
-0.0993988970
-0.0980793346
-0.1009144729
-0.0964827216
-0.0759181971
-0.0558084519
-0.0430068917
-0.0511131239
-0.0520245892
-0.0426678322
-0.0267531939
-0.0025772173
0.0063397609
0.0016915437
-0.0356565418
-0.0674248312
-0.0692035129
-0.0443648924
-0.0253138922
-0.0279570767
-0.0267183592
-0.0186446707
-0.0003434809
0.0182919921
0.0073287857
-0.0326804741
-0.0353875596
-0.0001321856
0.0368110845
0.0508688133
0.0364119212
0.0174581980
-0.0046550289
-0.0124340754
0.0186857832
0.0602656817
0.0589423355
0.0005862163
-0.0897058586
-0.1563016869
-0.1370420704
-0.0691138439
-0.0254329628
0.0159402796
0.0777443245
0.1462943987
0.1687843211
0.0904636892
-0.0283651897
-0.0900056403
-0.0401032132
0.0483088621
0.0835400888
0.0839259095
0.0184271611
-0.0648017521
-0.1319482193
-0.1793631014
-0.1199405253
-0.0445103957
-0.0061515927
0.0336055036
0.0510790270
-0.0182466517
-0.0627586999
-0.0230994755
-0.0502992113
-0.0936289549
-0.1000237362
-0.0793288708
0.0117537753
0.0796697600
0.0437759205
-0.0287164373
-0.0460761006
0.0067577195
0.0535566635
0.0730827227
0.0868981298
0.0896787201
0.0576976598
0.0138695170
-0.0237008979
-0.0512505922
-0.0402070695
-0.0086670704
0.0363395618
0.0771526102
0.0966908209
0.0966598249
0.0487288736
-0.0124950847
-0.0427860025
-0.0249363390
0.0306436637
0.0754232888
0.0916915740
0.0827133650
0.0545189809
0.0036541374
-0.0272030308
-0.0193679126
0.0165242740
0.0264488844
0.0076203882
0.0051154505
0.0080342688
0.0180241439
0.0276172424
0.0027115251
-0.0512392718
-0.0789699202
-0.0547021953
-0.0188726057
-0.0018290112
0.0043959791
-0.0023661837
-0.0031458455
-0.0071749051
-0.0220578206
-0.0310385379
-0.0495012454
-0.0697174396
-0.0916112117
-0.1276211416
-0.1584473148
-0.1551678507
-0.1368801308
-0.1135413806
-0.0727798491
-0.0354048709
-0.0131902339
0.0014363568
0.0089988195
0.0001073076
-0.0205083535
-0.0373507869
-0.0380548065
-0.0197522673
-0.0122541761
-0.0334583525
-0.0501007143
-0.0431389197
-0.0239360619
-0.0151443734
-0.0034892722
0.0154481991
0.0238632819
0.0206965529
0.0183667380
0.0246377202
0.0275305481
0.0267772832
0.0225867746
0.0244702930
0.0317432114
0.0335026194
0.0539010807
0.0731825826
0.0623013165
0.0354809954
-0.0044260218
-0.0208248642
0.0136544067
0.0606960314
0.0836640105
0.0710289427
0.0416321054
0.0293827167
0.0307757117
0.0229700323
0.0168921852
0.0307691480
0.0639236302
0.0873594289
0.0979081800
0.0682531790
0.0028037348
-0.0127507775
0.0123633950
0.0393879334
0.0601072773
0.0910704884
0.1283897940
0.1496824147
0.1596190094
0.1498637526
0.1117363380
0.0501042619
-0.0040175197
-0.0047633136
0.0243627823
0.0498104482
0.0462608548
0.0034980261
-0.0512874236
-0.0923076706
-0.1103080968
-0.0993413476
-0.0833664618
-0.0538628316
-0.0183938432
-0.0085538466
-0.0066124848
-0.0074090210
-0.0279342568
-0.0620092595
-0.0576720671
-0.0273735358
-0.0216601497
-0.0472746358
-0.0710796528
-0.0850694930
-0.0897870977
-0.0663719955
-0.0470382006
-0.0481155582
-0.0372355833
-0.0184082334
-0.0147323735
-0.0229397759
-0.0281785481
-0.0235463314
-0.0084181166
-0.0197676973
-0.0523599838
-0.0723114938
-0.0654117169
-0.0360947612
-0.0244393067
-0.0143552130
-0.0092906902
-0.0236035716
-0.0434325216
-0.0394389324
-0.0113817233
0.0163278001
0.0171743065
0.0051990573
0.0089248239
-0.0137556889
-0.0486487882
-0.0435749709
-0.0109546395
-0.0155255192
-0.0201509805
0.0050575366
0.0065193099
-0.0176103864
-0.0231585748
0.0005273146
0.0241673728
0.0397296977
0.0410718531
0.0335677848
0.0296175804
0.0363873510
0.0364632917
0.0322943757
0.0357966612
0.0285831426
0.0085952371
-0.0213210187
-0.0530705729
-0.0769459542
-0.0922599726
-0.0839787510
-0.0653098661
-0.0465531825
-0.0378911220
-0.0299180282
-0.0224581554
-0.0341426195
-0.0345148723
-0.0415370989
-0.0540051395
-0.0581303125
-0.0516251721
-0.0342264987
-0.0072385549
0.0039436503
0.0011932021
0.0004503155
-0.0086345514
-0.0163535669
-0.0122002255
0.0121030861
0.0356439386
0.0404201311
0.0246980001
0.0087006012
0.0045990829
0.0125515819
0.0230194902
0.0270431309
0.0355256235
0.0462162803
0.0520073873
0.0604397840
0.0594686609
0.0604709903
0.0622367844
0.0566096754
0.0611314943
0.0725603178
0.0853953391
0.0970809046
0.1066412826
0.1085329902
0.0915867348
0.0575446437
0.0346107757
0.0375334687
0.0389270304
0.0377105073
0.0464930544
0.0464848660
0.0344058615
0.0215622143
0.0165244388
0.0135363492
0.0106080936
0.0225823943
0.0353564884
0.0286227321
0.0269928024
0.0289833827
0.0071033231
-0.0189277358
-0.0185952966
-0.0046644724
0.0029013111
0.0000202836
-0.0113217041
-0.0297253552
-0.0451079978
-0.0386012864
-0.0380233930
-0.0467896991
-0.0476566798
-0.0430138712
-0.0405721691
-0.0388947838
-0.0288998675
-0.0256213330
-0.0203891277
-0.0060432345
0.0071223227
0.0004770718
-0.0137920446
-0.0035604774
0.0010226426
-0.0010167384
-0.0012828686
-0.0002230782
-0.0084680979
-0.0255666410
-0.0249922692
-0.0256121918
-0.0432585578
-0.0521759851
-0.0449293746
-0.0438426099
-0.0494874554
-0.0568147232
-0.0594324135
-0.0498626988
-0.0286846288
-0.0095484853
-0.0057300479
-0.0080640956
-0.0063146003
0.0035371175
0.0213839934
0.0260083264
0.0173530391
0.0209919014
0.0321880291
0.0440031077
0.0539441520
0.0534456025
0.0510066476
0.0466976830
0.0362636854
0.0183898984
0.0168632030
0.0219575359
0.0168733394
0.0056247187
-0.0053107185
-0.0071565936
-0.0193631292
-0.0372198268
-0.0482587570
-0.0366700547
-0.0101704903
0.0121366668
0.0285123748
0.0343622509
0.0319457177
0.0394088697
0.0556740760
0.0673611736
0.0641973791
0.0481875203
0.0352437376
0.0267617341
0.0279285487
0.0227830982
0.0120646167
0.0075768006
0.0054513133
0.0060204644
0.0114061207
0.0228041369
0.0279846547
0.0141412521
0.0086496009
0.0107011990
0.0056000968
0.0097846830
0.0135059008
0.0255071001
0.0296869901
0.0147340096
0.0092590817
0.0139061296
0.0093864544
-0.0007508066
0.0021938219
0.0107223935
0.0163210989
0.0143947404
-0.0062087549
-0.0269672386
-0.0338611955
-0.0372690128
-0.0400887651
-0.0368945782
-0.0254802681
-0.0163415869
-0.0119548244
0.0021112408
0.0171005143
0.0119519252
-0.0017536963
-0.0147168151
-0.0165746294
-0.0216741463
-0.0337396410
-0.0312364750
-0.0211037452
-0.0212051873
-0.0352700643
-0.0447014637
-0.0398329376
-0.0228337450
-0.0028019013
0.0087809733
0.0133123199
0.0118626240
0.0027194068
-0.0002601189
0.0022149576
-0.0014367557
-0.0013365395
-0.0033201033
-0.0043550702
-0.0059117194
-0.0093929355
0.0015220945
-0.0035847905
-0.0236105075
-0.0318036651
-0.0277774789
-0.0144722490
-0.0159838533
-0.0216796297
-0.0214335863
-0.0161592570
-0.0124783891
-0.0141972893
-0.0105359728
-0.0151297452
-0.0188758740
-0.0184821710
-0.0153238403
-0.0096329402
-0.0101501824
-0.0083892897
-0.0078370000
-0.0080339617
0.0039913292
0.0191712337
0.0292418135
0.0355559362
0.0402079023
0.0385104378
0.0378566002
0.0420578479
0.0354997597
0.0328360906
0.0325644215
0.0365294146
0.0407277187
0.0385377155
0.0435124992
0.0448872367
0.0511457632
0.0579228091
0.0541789323
0.0406655604
0.0348494083
0.0408014981
0.0362431040
0.0321740203
0.0299920310
0.0291132118
0.0293454966
0.0210970377
0.0100961256
0.0035436261
0.0040803233
0.0053067016
0.0102004815
0.0193083323
0.0179841341
0.0074609315
-0.0068450346
-0.0204285567
-0.0236502798
-0.0105373740
0.0087941274
0.0088007867
-0.0061769332
-0.0190817635
-0.0245524226
-0.0250449100
-0.0246575629
-0.0286018999
-0.0364860981
-0.0348395302
-0.0282597852
-0.0308297884
-0.0386273145
-0.0399397473
-0.0419889239
-0.0451685730
-0.0399001635
-0.0278187915
-0.0158861934
-0.0207834566
-0.0359498713
-0.0385767029
-0.0270329297
-0.0167550666
-0.0091145534
0.0044509654
0.0142599496
0.0135791720
-0.0014391562
-0.0160360382
-0.0170910007
-0.0147870205
-0.0110526542
-0.0080944834
-0.0097666249
-0.0096151919
-0.0096846687
-0.0092296814
-0.0049522903
0.0007865369
0.0081858120
0.0082717014
-0.0076882579
-0.0232720202
-0.0255260469
-0.0201757964
-0.0030400112
0.0084006685
0.0002363076
-0.0126027010
-0.0202507662
-0.0203878786
-0.0233326383
-0.0330230583
-0.0347981925
-0.0189162990
-0.0016539500
0.0004961212
0.0010000552
0.0044960666
0.0014136952
-0.0034536405
-0.0043359154
-0.0042396591
-0.0001649113
0.0090951143
0.0158959872
0.0188985662
0.0233862845
0.0223116400
0.0131267715
0.0071398793
0.0058787836
0.0079919732
0.0115290756
0.0143936375
0.0161625703
0.0139339444
0.0126339914
0.0137099050
0.0172932686
0.0188878517
0.0150435090
0.0105593141
0.0099396651
0.0107570943
0.0102337697
0.0101805827
0.0112832371
0.0123737676
0.0066816856
-0.0003460074
-0.0064721100
-0.0080707766
-0.0056455888
-0.0085865141
-0.0144016606
-0.0191084092
-0.0192912409
-0.0175032167
-0.0189418717
-0.0217156236
-0.0223558963
-0.0195689838
-0.0184765289
-0.0197554936
-0.0165368117
-0.0141350726
-0.0130189949
-0.0161170787
-0.0185981162
-0.0171723732
-0.0163807773
-0.0147511511
-0.0144701218
-0.0135240305
-0.0127760517
-0.0142809177
-0.0140270357
-0.0128742529
-0.0115146922
-0.0087033061
-0.0072036796
-0.0054986786
-0.0043234325
-0.0039896886
-0.0036244686
-0.0022431389
-0.0013922558
-0.0025845601
-0.0045783111
-0.0045363171
-0.0031323469
-0.0028978690
-0.0029237440
-0.0010223523
0.0016835604
0.0024880361
0.0023104700
0.0017566039
0.0018863142
0.0029308283
0.0033902883
0.0038389394
0.0050999064
0.0059847889
0.0057879751
0.0046963158
0.0038298895
0.0045405420
0.0051644848
0.0048477715
0.0051028619
0.0057215538
0.0063369569
0.0067546089
0.0072339783
0.0072134697
0.0069759768
0.0064356234
0.0059819631
0.0061160305
0.0057429995
0.0054419026
0.0053214787
0.0051680962
0.0052116009
0.0051012951
0.0047777647
0.0044020901
0.0041473860
0.0040218932
0.0040441127
0.0039005001
0.0036382719
0.0035381598
0.0034683898
0.0033877834
0.0031805627
0.0028852039
0.0026313194
0.0024518455
0.0023094320
0.0021605302
0.0021087251
0.0021250354
0.0021566459
0.0021527973
0.0021757196
0.0021908484
0.0021557648
0.0020832381
0.0019975842
0.0019796225
0.0019674714
0.0019567945
0.0019218335
0.0018911361
0.0018795758
0.0018860587
0.0019131599
0.0019204010
0.0019279400
0.0019264444
0.0019096865
0.0018967029
0.0018804299
0.0018575363
0.0018330706
0.0018064246
0.0017789362
0.0017489537
0.0017090375
0.0016617649
0.0016119717
0.0015582049
0.0015013651
0.0014417104
0.0013787216
0.0013128295
0.0012447390
0.0011744127
0.0011016809
0.0010269946
0.0009506555
0.0008728523
0.0007937723
0.0007135793
0.0006324349
0.0005504648
0.0004677412
