0.0007183572
0.0007386276
0.0007112434
0.0007308310
0.0007018029
0.0007207410
0.0006900843
0.0007084333
0.0006763786
0.0006939981
0.0006600976
0.0006782016
0.0006445537
0.0006556620
0.0006194219
0.0006642607
0.0005990140
0.0003870966
0.0005066174
0.0009200856
0.0006415023
0.0005256884
0.0005897286
0.0005281213
0.0001512057
0.0004470608
0.0005738400
-0.0003897639
-0.0003161856
0.0000038495
0.0002860038
0.0005230244
0.0003715377
0.0004629407
0.0003768510
0.0004417710
0.0003572320
0.0004210541
0.0003403972
0.0004041695
0.0003231876
0.0003901796
0.0003068993
0.0003800404
0.0002911535
0.0003701675
0.0002796716
0.0003782286
0.0002375938
0.0003514069
0.0003879436
0.0003251144
-0.0012526538
-0.0002363256
0.0005520462
0.0002400677
0.0001935234
0.0003085828
0.0012232998
0.0005400140
-0.0013264895
-0.0001328343
-0.0001776685
-0.0014782445
-0.0008458720
-0.0012908416
-0.0010497304
0.0002749732
0.0010329390
0.0006075860
0.0001253565
0.0003364062
-0.0005591280
0.0008729658
0.0012744188
0.0012616381
0.0015018178
0.0004407257
-0.0035461134
-0.0010899873
0.0001234121
-0.0002376488
0.0006098230
-0.0010870603
-0.0038802938
-0.0060247441
-0.0046777256
-0.0042663014
-0.0045852276
-0.0015512369
-0.0001109549
-0.0004902409
-0.0036880730
-0.0064525549
-0.0025570784
0.0017527690
0.0032058491
0.0102868808
0.0063941948
-0.0109726118
-0.0152505675
-0.0137007354
-0.0023293461
0.0077779168
0.0101877264
0.0124705987
0.0023274994
-0.0123741788
-0.0038582856
0.0081992615
0.0045424122
0.0007696154
-0.0106506730
-0.0149707029
-0.0138862754
-0.0043865889
0.0088543168
0.0192526850
0.0264244465
0.0147459193
-0.0038684736
-0.0125268003
-0.0176794117
-0.0171885184
-0.0155815105
0.0040568047
0.0310204529
0.0423678049
0.0232890927
-0.0139218488
-0.0357572271
-0.0301518583
-0.0160103900
0.0101206978
0.0320092711
0.0334664590
0.0258315696
0.0076187944
-0.0099490639
-0.0322356669
-0.0309417224
-0.0104716067
0.0116454350
0.0194438305
0.0130727977
-0.0096249609
-0.0165748950
-0.0010428803
0.0091971439
0.0102600220
0.0114114608
0.0088564601
-0.0089313295
-0.0224598255
-0.0266672760
-0.0182701909
0.0099131849
0.0268275208
0.0140120466
-0.0149233063
-0.0204110459
-0.0133274871
-0.0142555759
-0.0072150685
0.0029200706
0.0101109937
0.0146073675
0.0175387777
0.0159812289
0.0091381704
-0.0093510990
-0.0150566864
-0.0136127194
-0.0148252291
0.0003015549
0.0034380085
-0.0127657827
-0.0205241650
0.0045368633
0.0322315084
0.0166136211
-0.0113005781
-0.0159677404
-0.0133688370
0.0011990369
0.0049617117
-0.0128434006
-0.0068230582
0.0183889876
0.0276327645
0.0240331175
0.0092195130
-0.0113455100
-0.0233391492
-0.0176042171
0.0119058188
0.0181398666
-0.0018271413
-0.0138744737
-0.0043697887
-0.0001689975
0.0090274070
0.0045569220
-0.0135064174
-0.0080151993
0.0045939657
-0.0093857592
-0.0183991272
-0.0003042129
0.0216227532
0.0189390481
-0.0092816271
-0.0158470739
-0.0148238713
-0.0038787288
0.0225165425
0.0226077814
-0.0085801329
-0.0165335265
-0.0119914877
-0.0135821748
-0.0147437614
-0.0149004537
0.0021231908
0.0130093890
0.0203095153
0.0221928622
0.0044351565
-0.0132001642
-0.0165822824
0.0060562703
0.0283912491
0.0189009372
-0.0103373239
-0.0155535143
-0.0040225694
-0.0114422920
-0.0168367754
-0.0146046567
-0.0143643674
-0.0034314415
0.0034854303
-0.0005931544
0.0077042010
0.0198828350
0.0134890237
-0.0115237623
-0.0171680892
0.0113265173
0.0181926847
-0.0087412642
-0.0167223459
-0.0135118990
-0.0089212779
0.0083694473
0.0111647431
0.0017395585
-0.0110583677
-0.0252592306
-0.0291812847
-0.0098010049
0.0140518836
0.0039076933
-0.0155364488
0.0053443106
0.0201706300
0.0045204195
-0.0124684719
0.0082335673
0.0110519637
0.0078079666
0.0319685765
0.0118912803
-0.0311979473
-0.0307912286
-0.0233554149
-0.0174573190
0.0197570911
0.0230694368
-0.0217637463
-0.0256145415
0.0071729497
0.0217377838
0.0113068874
0.0096705072
0.0110266994
-0.0108347809
-0.0029220443
0.0155068222
-0.0129999437
-0.0293505191
0.0019087826
0.0044677765
-0.0143376582
0.0028109651
0.0134513951
0.0106937141
0.0207803077
0.0191792344
-0.0014817603
0.0074714155
0.0114732655
-0.0112809972
-0.0044896378
0.0111854064
0.0083349778
0.0064159868
0.0233389310
0.0412457244
-0.0011128559
-0.0291072135
-0.0257049087
-0.0330786196
-0.0225598435
-0.0134769399
-0.0140601000
-0.0147430797
-0.0139458212
-0.0065928156
-0.0102430377
-0.0147757113
-0.0241451838
-0.0249505759
-0.0038098036
0.0214800047
0.0226568899
-0.0109727049
-0.0230230716
-0.0009681291
0.0238533702
0.0044879961
-0.0185131140
-0.0155293016
-0.0069059609
0.0017981680
0.0269974804
0.0469536847
0.0416337788
0.0222537301
0.0038806602
-0.0126504039
-0.0152131618
0.0066220423
0.0069547348
-0.0125832397
-0.0142172680
-0.0129493368
-0.0230182479
-0.0276816823
-0.0186464738
-0.0068207424
0.0271045386
0.0225277420
-0.0163259452
-0.0233129355
-0.0151715466
-0.0132508422
-0.0023345917
-0.0037039953
-0.0154884284
0.0104672525
0.0339036682
0.0154361501
-0.0018117891
0.0075767341
0.0248810059
0.0194047135
0.0078062273
0.0103187256
0.0072263425
-0.0214220839
-0.0447160204
-0.0211991952
0.0179536184
0.0243390351
0.0230709017
0.0292275263
0.0171110841
0.0108510531
0.0072895445
-0.0219322005
-0.0542103809
-0.0508782112
-0.0203627147
0.0239586660
0.0361781676
-0.0052773458
-0.0250196869
-0.0179206259
0.0034774698
0.0311637408
0.0212089312
-0.0033246143
-0.0143398781
-0.0162475274
0.0027894817
0.0320557838
0.0164064597
-0.0192936673
-0.0176240869
0.0029094601
0.0092353141
0.0196207291
0.0189893037
-0.0146710800
-0.0299503682
-0.0157899784
-0.0134732174
-0.0166895624
0.0051434412
0.0161566322
-0.0111195413
-0.0184494257
0.0237539264
0.0289463871
-0.0022923990
-0.0138107602
-0.0212235354
-0.0211681092
0.0081577743
0.0127800256
-0.0113697294
-0.0138122792
-0.0172412229
-0.0313545918
-0.0092032889
0.0362914105
0.0431453515
0.0193136578
-0.0104373936
-0.0162405505
-0.0027917726
0.0151018737
0.0303813900
0.0244318788
0.0111009745
0.0134433831
0.0134741633
0.0121892023
-0.0083767835
-0.0230048125
-0.0163273000
0.0002486145
0.0096724940
-0.0027405849
-0.0234609824
-0.0291154040
-0.0177524469
0.0052029868
0.0239469072
0.0247226376
0.0099723326
0.0040349302
-0.0007099548
-0.0286595233
-0.0451705487
-0.0265532740
-0.0008597865
0.0123318348
0.0113740201
0.0103786340
-0.0083074188
-0.0176698468
-0.0143134908
0.0032527022
0.0225092509
0.0402626212
0.0498087490
0.0349810295
-0.0064889155
-0.0200748002
0.0131686694
0.0246814093
0.0235929607
0.0315279841
0.0304890657
-0.0065037173
-0.0362715499
-0.0306081234
-0.0182520261
-0.0187316965
-0.0274529274
-0.0433910693
-0.0404711818
-0.0179555916
0.0097425218
-0.0071757066
-0.0324641019
-0.0241491907
0.0073626955
0.0133818876
-0.0203578743
-0.0420123725
-0.0322384864
-0.0175679270
0.0220914402
0.0435396735
0.0152912335
-0.0131420015
-0.0268587764
-0.0177695923
0.0133110167
0.0145056823
-0.0034481569
-0.0131079989
-0.0139888306
-0.0138668752
-0.0174033606
-0.0156361967
-0.0144426400
-0.0157868512
-0.0157916595
-0.0369469709
-0.0763694221
-0.0948855727
-0.0826339763
-0.0900799529
-0.0984902888
-0.0901443624
-0.0912931402
-0.0934346673
-0.0836467164
-0.0710227820
-0.0612195662
-0.0589342058
-0.0654247202
-0.0648583441
-0.0025716347
0.1096916041
0.1729962702
0.1762496842
0.1815571039
0.2006611498
0.2073351046
0.1983864906
0.1755606671
0.1262920461
0.0461610799
-0.0182765460
-0.0133929034
0.0090980403
0.0128470338
0.0201331664
0.0341365609
0.0205290079
0.0042074554
0.0063214276
0.0215787965
0.0465280959
0.0693937401
0.0922180514
0.1068975212
0.1113009344
0.1119427094
0.1162382182
0.1241945137
0.1197786710
0.1116611487
0.1060006991
0.0962111794
0.0782352254
0.0736718852
0.0493787215
0.0115248866
-0.0179891032
-0.0261701333
-0.0404856162
-0.0709042361
-0.1048832690
-0.1314455335
-0.1439690812
-0.1411692962
-0.1140633266
-0.0721394312
-0.0367847181
-0.0247945157
-0.0239389168
0.0010198250
0.0556915311
0.1018303674
0.1254460240
0.1335106431
0.1429061469
0.1610682834
0.1826915501
0.2051293908
0.2299528836
0.2453417121
0.2490108709
0.2167449047
0.1508704072
0.0609626728
-0.0333572991
-0.0883317930
-0.1171572862
-0.1338024131
-0.1419217100
-0.1401495796
-0.1358056565
-0.1292913346
-0.1335055902
-0.1484464000
-0.1609079110
-0.1709730767
-0.1907620683
-0.2505456031
-0.2988452365
-0.2677434771
-0.2087514143
-0.1706949815
-0.1266243747
-0.0635931586
-0.0117545470
0.0085757381
0.0227782582
0.0476012527
0.0816510352
0.1093356464
0.1209712502
0.1120534666
0.1012982529
0.1001227072
0.1058635005
0.0950915858
0.0791076428
0.0615723453
0.0436970958
0.0181109531
-0.0034467882
-0.0031305809
-0.0012455072
-0.0148278276
-0.0357222791
-0.0441076237
-0.0464107974
-0.0568491632
-0.0719344391
-0.0778400032
-0.0756160699
-0.0615359734
-0.0262296714
0.0256738478
0.0614195559
0.0631008033
0.0172239283
-0.0446690833
-0.0701242698
-0.0980699017
-0.1256798457
-0.1390403632
-0.1508138569
-0.1724744030
-0.1822256345
-0.1411364951
-0.0371636531
0.0692145080
0.1315378429
0.1758551274
0.2143295693
0.2278141917
0.2067515233
0.1635948743
0.0930615884
-0.0186033892
-0.0814741578
-0.0661651164
-0.0210033667
0.0199633815
0.0582553916
0.1014929338
0.1138417167
0.0414681405
-0.0599357048
-0.1052729660
-0.1046758600
-0.0946715979
-0.0645832882
-0.0012489221
0.0651103918
0.0759052502
0.0488853795
0.0450478094
0.0590171193
0.0564942303
0.0365983112
0.0031759237
-0.0368887983
-0.0582497386
-0.0577080929
-0.0599675738
-0.0681686104
-0.0701684152
-0.0764182412
-0.0854908232
-0.0982957577
-0.1010302369
-0.0545860962
0.0364177935
0.0926914827
0.0847562356
0.0642684189
0.0467445602
0.0192926300
0.0130721915
0.0513283653
0.0903880485
0.0954477180
0.0597477703
-0.0029488125
-0.0509424044
-0.0538784353
-0.0164548365
0.0106402329
-0.0177840402
-0.0541705778
-0.0729917156
-0.1002233233
-0.1203313494
-0.1110956993
-0.0863294062
-0.0687633711
-0.0658152467
-0.0683476961
-0.0577929530
-0.0184385641
0.0374558000
0.0698477649
0.0646640709
0.0492617221
0.0303872677
0.0027532487
-0.0025642954
0.0256806849
0.0733806053
0.1136488376
0.1315657186
0.1383892156
0.1446439278
0.1485003100
0.1498731581
0.1257019971
0.0779359793
0.0511881001
0.0532157895
0.0644026424
0.0638727133
0.0337051238
-0.0150198921
-0.0493946828
-0.0699892141
-0.0945680835
-0.1226921968
-0.1456207738
-0.1458947128
-0.1367194948
-0.1267911130
-0.1338247916
-0.1510744507
-0.1510649540
-0.1259489624
-0.0791244496
-0.0203247810
0.0385011874
0.0651663974
0.0573236856
0.0486171984
0.0419942538
0.0298600156
0.0133022676
0.0099011532
0.0013503690
-0.0185036046
-0.0111448290
0.0160051574
0.0447562606
0.0462397230
0.0306494086
0.0322335848
0.0536823345
0.0729469889
0.0805224811
0.0701468767
0.0530860796
0.0311820090
0.0023998804
-0.0146809198
-0.0145185414
-0.0051886930
-0.0034325948
-0.0273864218
-0.0685064645
-0.1077719411
-0.1253922690
-0.1201245078
-0.0983190758
-0.0686631263
-0.0369267985
-0.0222971656
-0.0163134082
-0.0056397714
0.0199566920
0.0510231569
0.0694126764
0.0828450323
0.1014649253
0.1004804980
0.0613189372
0.0239886830
0.0242958758
0.0290413065
0.0314486978
0.0473805368
0.0668547036
0.0719795416
0.0516249911
0.0184762948
0.0060578501
0.0134231555
0.0101405817
-0.0151479295
-0.0538902458
-0.0843498820
-0.0985282219
-0.1043005566
-0.0961230602
-0.0778151491
-0.0596173734
-0.0357898326
-0.0072197411
0.0246894741
0.0472147768
0.0522026827
0.0453680806
0.0215413959
-0.0097159068
-0.0159776346
0.0001014462
0.0097389275
0.0128411582
-0.0053420676
-0.0486667636
-0.0790370907
-0.0626557890
-0.0300360635
-0.0172380033
-0.0163087251
-0.0005388370
0.0254582130
0.0502688861
0.0610670133
0.0486935277
0.0261813602
0.0130445656
0.0136746143
0.0285902661
0.0455733210
0.0304154992
-0.0063837799
-0.0432026824
-0.0648902775
-0.0622110074
-0.0352182442
-0.0028922461
0.0220029073
0.0236692778
-0.0064953508
-0.0341282603
-0.0455700815
-0.0230160867
0.0220010642
0.0401172276
0.0266825127
0.0114562752
-0.0105272852
-0.0375204070
-0.0377211157
-0.0249768294
-0.0105885870
0.0212998911
0.0516034583
0.0571880155
0.0636534962
0.0778667547
0.0774965567
0.0512423465
0.0232628385
0.0097377798
0.0141928082
0.0121715603
-0.0114547679
-0.0199852976
-0.0142710353
-0.0184396210
-0.0395774463
-0.0646581851
-0.0635356343
-0.0490760872
-0.0333635708
-0.0194915830
0.0034228639
0.0030010506
-0.0084891750
-0.0052247194
-0.0029816102
0.0044332303
0.0127123640
0.0170324261
0.0155070991
0.0079156723
-0.0077142001
-0.0201601652
0.0018431436
0.0311358419
0.0501398347
0.0514352423
0.0375898653
0.0165626351
-0.0022245717
-0.0082177344
0.0011687239
0.0175987941
0.0138756974
-0.0144195706
-0.0414805355
-0.0551114489
-0.0518824926
-0.0406413594
-0.0255230409
-0.0073526433
0.0012217676
-0.0170964738
-0.0252547616
-0.0234879145
-0.0107490086
0.0170842884
0.0292856276
0.0251661749
0.0237756570
0.0103916366
-0.0184644528
-0.0422261003
-0.0596484472
-0.0661838627
-0.0687126555
-0.0700473589
-0.0666368862
-0.0529067884
-0.0324366485
-0.0098624457
0.0190880873
0.0445128486
0.0489799552
0.0425036243
0.0427996553
0.0320944486
0.0062202327
-0.0118361753
-0.0143018044
-0.0140496721
-0.0254893298
-0.0284407626
-0.0311228736
-0.0467129007
-0.0455991830
-0.0320172158
-0.0168501519
0.0015272935
0.0102852711
-0.0070400401
-0.0328855212
-0.0435968855
-0.0346980214
-0.0115464374
0.0094038744
0.0098098665
-0.0066774234
-0.0314929552
-0.0487833048
-0.0406360222
-0.0135300925
0.0011239720
-0.0145625870
-0.0313905683
-0.0167817109
0.0088293775
0.0299200919
0.0555914639
0.0622758847
0.0370630952
-0.0204042485
-0.0632835783
-0.0812929646
-0.0822361774
-0.0813540561
-0.0810430933
-0.0869463724
-0.0907456245
-0.0814431377
-0.0452468286
0.0116183702
0.0498890774
0.0316861362
-0.0237416107
-0.0602442946
-0.0579374180
-0.0370745452
-0.0224123983
-0.0292227135
-0.0484438426
-0.0598670931
-0.0570910028
-0.0388772852
0.0049167480
0.0393100394
0.0491755744
0.0381480986
0.0186032830
-0.0041476485
-0.0048030834
0.0193083979
0.0316399092
0.0251166316
0.0099197383
-0.0117992559
-0.0343202736
-0.0401232026
-0.0220401947
-0.0158189208
-0.0363854456
-0.0610175706
-0.0645789075
-0.0509683298
-0.0355088760
-0.0171408183
-0.0091032224
-0.0235744685
-0.0274919537
-0.0250302170
-0.0251532790
-0.0275342772
-0.0291338730
-0.0375378091
-0.0426108266
-0.0542472004
-0.0677789339
-0.0687335934
-0.0599380017
-0.0486477686
-0.0419273814
-0.0434852362
-0.0451317962
-0.0463134511
-0.0483069103
-0.0477995710
-0.0469039245
-0.0401884663
-0.0397694396
-0.0516602156
-0.0570095682
-0.0425912814
-0.0259329310
-0.0160250565
-0.0151730278
-0.0065284385
0.0182345427
0.0380460327
0.0456599292
0.0475498435
0.0535014414
0.0698010585
0.0899968662
0.1045268186
0.1041635231
0.0998826282
0.0958313185
0.0828284232
0.0575748152
0.0191267432
-0.0118111663
-0.0085539820
0.0000837194
-0.0006643498
0.0063528777
0.0150038561
0.0247170977
0.0305902448
0.0346900759
0.0302899758
0.0212035080
0.0265600706
0.0444654119
0.0610067980
0.0749814716
0.0938122869
0.1109751554
0.1243186179
0.1274256320
0.1343470557
0.1412856746
0.1443536436
0.1489315506
0.1519549524
0.1541621629
0.1478182691
0.1362367322
0.1227850705
0.0881336985
0.0278959916
-0.0254378922
-0.0519749941
-0.0653308681
-0.0821719980
-0.0898866323
-0.0911832571
-0.0948228127
-0.1093924048
-0.1193904279
-0.1216560958
-0.1196954624
-0.1104397036
-0.0930712657
-0.0792680289
-0.0702526641
-0.0540490719
-0.0358068784
0.0013783646
0.0474453309
0.0735132604
0.0681639395
0.0507662961
0.0355177781
0.0312915680
0.0454307335
0.0670231570
0.0814755676
0.0840851068
0.0818679491
0.0732374835
0.0688910174
0.0743784960
0.0850254842
0.1124411091
0.1400163230
0.1497347072
0.1507609367
0.1511418542
0.1417683105
0.1129891837
0.0957113556
0.0927753636
0.0998197122
0.1111509209
0.1196488023
0.1327431379
0.1461436774
0.1487930249
0.1607680689
0.1776668863
0.1822396215
0.1692341857
0.1358563945
0.0794035103
0.0240696902
0.0181615542
0.0271112962
0.0410543949
0.0606500086
0.0678242439
0.0538773784
0.0355614710
0.0372730125
0.0549281063
0.0671823846
0.0880436736
0.1146548696
0.1315141313
0.1549746747
0.1759713647
0.1762547037
0.1367120149
0.0817497378
0.0453286558
0.0241365886
0.0089271418
-0.0109048437
-0.0275175588
-0.0450561194
-0.0543667049
-0.0665415093
-0.0885003842
-0.1038517288
-0.1072732059
-0.0954976536
-0.0837502246
-0.0715009541
-0.0737566470
-0.0907962286
-0.1045937969
-0.0972614545
-0.0655867117
-0.0245309531
-0.0099755931
-0.0163543016
-0.0351691955
-0.0577025317
-0.0781134904
-0.0720481855
-0.0555571813
-0.0350557614
0.0032215806
0.0598394234
0.1023739668
0.1115937405
0.1126993301
0.1216374672
0.1304210146
0.1357796466
0.1368646800
0.1342668196
0.1252343548
0.0951350351
0.0345967902
-0.0241627399
-0.0470308328
-0.0436768679
-0.0474623475
-0.0594766459
-0.0844803348
-0.1086998973
-0.1200434277
-0.1050589675
-0.0977988425
-0.0810314314
-0.0610170441
-0.0713148187
-0.1014073654
-0.1120654327
-0.1147757509
-0.1292635613
-0.1564981636
-0.1869583890
-0.2208551215
-0.2411933022
-0.2561461035
-0.2802300547
-0.2958865058
-0.3252986154
-0.3592448043
-0.3737852035
-0.3989713428
-0.4018969049
-0.4049369838
-0.3094333965
-0.1874262651
-0.1656621864
-0.1762006766
-0.1706958619
-0.1606881611
-0.1372950132
-0.1147396151
-0.0961012162
-0.0802017491
-0.0738340669
-0.0765323460
-0.0677500965
-0.0379123400
-0.0000980517
0.0405105230
0.0785200842
0.1017286573
0.1212817964
0.1289219504
0.1362333782
0.1579526977
0.1806178817
0.2052636590
0.2156480603
0.2142551659
0.1935756097
0.1573424667
0.1218336205
0.1012466562
0.0908121417
0.0795481580
0.0633794818
0.0496735673
0.0432873545
0.0428917344
0.0481899979
0.0631789157
0.0767119465
0.0918013938
0.1055155458
0.1142213870
0.1022284746
0.0645657762
0.0238574730
0.0055888649
0.0116100459
0.0167630617
0.0169888863
0.0267185673
0.0345994945
0.0417489691
0.0518118698
0.0673982136
0.0994935129
0.1500455550
0.1946062591
0.2271062191
0.2457019288
0.2425822615
0.2318539428
0.2198825667
0.1948855203
0.1510739499
0.0960652102
0.0535028736
0.0261903785
-0.0051411223
-0.0520727400
-0.1069715226
-0.1607918148
-0.1993234782
-0.2255078492
-0.2533326004
-0.2733111115
-0.2868048002
-0.2957827932
-0.3057880574
-0.3139013342
-0.2931727149
-0.2431335502
-0.1953009240
-0.1788467774
-0.1772984897
-0.1749392766
-0.1722616653
-0.1691016476
-0.1637441810
-0.1562727673
-0.1642168782
-0.1877270593
-0.2050904225
-0.2229491985
-0.2447088184
-0.2522770366
-0.2455478545
-0.2277911176
-0.2044099119
-0.1908437725
-0.1910114731
-0.1970550188
-0.2125953115
-0.2252506078
-0.2346144296
-0.2422950525
-0.2452453483
-0.2473594761
-0.2540457079
-0.2508917148
-0.2398614895
-0.2238631035
-0.1952004482
-0.1688887368
-0.1371565798
-0.1048708166
-0.0709839360
-0.0204326249
0.0172402980
0.0449948405
0.0685875567
0.0825810625
0.0922484680
0.1073372049
0.1202990018
0.1366399669
0.1586223920
0.1763971279
0.1812803018
0.1800665264
0.1707391292
0.1453439246
0.1109556206
0.0985409012
0.1075805379
0.1202632478
0.1268488151
0.1099777721
0.0739358284
0.0454669561
0.0186656994
0.0055454986
0.0135530773
0.0250689589
0.0296587646
0.0308236317
0.0290645925
0.0226779960
0.0256853342
0.0417670408
0.0606812913
0.0768621229
0.0905724723
0.0933582622
0.0919320625
0.0893828136
0.0874360203
0.0944956281
0.1072307954
0.1240338467
0.1343715306
0.1521676720
0.1707342843
0.1875993267
0.2023447621
0.2105130478
0.2180111797
0.2292744245
0.2451070968
0.2736090347
0.3062321613
0.3376500486
0.3572083827
0.3695067417
0.3803697386
0.3796201684
0.3742436174
0.3658171848
0.3520608816
0.3256272587
0.2949865099
0.2732603822
0.2502862117
0.2242104345
0.2032665189
0.1830774250
0.1579509077
0.1350434647
0.1132495630
0.0872426041
0.0591653553
0.0312697845
0.0089729476
-0.0058410028
-0.0061049374
-0.0015487634
-0.0013003817
0.0025113137
0.0109259341
0.0176448265
0.0263064383
0.0323287685
0.0393780108
0.0591934998
0.0893960988
0.1215362850
0.1417940911
0.1527312723
0.1657217561
0.1714572595
0.1713769872
0.1641787927
0.1572246652
0.1482890096
0.1467855389
0.1498273098
0.1612811690
0.1747592659
0.1768348859
0.1683547536
0.1637022359
0.1594266677
0.1529539215
0.1495859452
0.1418826009
0.1241244157
0.1089350484
0.0927411100
0.0713828336
0.0539764218
0.0450955779
0.0308226931
0.0129195955
0.0056727123
0.0036488046
0.0166655547
0.0321120774
0.0347674913
0.0259635412
0.0181161978
0.0082497794
-0.0000734089
-0.0090116080
-0.0091837425
-0.0140723217
-0.0089083116
-0.0039167145
-0.0142622536
-0.0399181261
-0.0523728275
-0.0611060912
-0.0653775657
-0.0603874721
-0.0487386365
-0.0347597264
-0.0292003012
-0.0342269433
-0.0398602845
-0.0391084638
-0.0458571251
-0.0588383989
-0.0732937748
-0.0881308072
-0.0930587124
-0.0922309619
-0.0822675432
-0.0783513083
-0.0759209952
-0.0700391450
-0.0673581731
-0.0614405711
-0.0631111164
-0.0639722551
-0.0592412823
-0.0573879559
-0.0598672383
-0.0612505787
-0.0679136432
-0.0805380323
-0.1068280153
-0.1307599849
-0.1321828965
-0.1212454025
-0.1160166997
-0.1148481551
-0.1153253371
-0.1283144134
-0.1426086957
-0.1446545044
-0.1442611475
-0.1307973658
-0.1153699324
-0.1127765363
-0.1137747835
-0.0987543856
-0.0784429837
-0.0580155070
-0.0398555819
-0.0352612005
-0.0412879125
-0.0475649201
-0.0578269417
-0.0714786538
-0.0925337295
-0.1033439906
-0.1107111033
-0.1192020828
-0.1325176787
-0.1339563211
-0.1243783987
-0.1114475209
-0.0900512829
-0.0647463818
-0.0561259179
-0.0597210889
-0.0587662954
-0.0508764390
-0.0459129893
-0.0459441767
-0.0443917240
-0.0366409271
-0.0309613762
-0.0272520281
-0.0187108324
-0.0171574711
-0.0184091657
-0.0208964122
-0.0208175683
-0.0215381427
-0.0320425699
-0.0466670209
-0.0611831516
-0.0635240577
-0.0607880136
-0.0611497916
-0.0706951338
-0.0801144715
-0.0796486112
-0.0752818115
-0.0746181414
-0.0721184142
-0.0642170944
-0.0619647355
-0.0583099707
-0.0565644836
-0.0560325178
-0.0444375999
-0.0433107379
-0.0533336484
-0.0544661481
-0.0543089850
-0.0537430743
-0.0426869826
-0.0411825593
-0.0514735638
-0.0531277730
-0.0526222464
-0.0425258194
-0.0269581336
-0.0111498185
-0.0007108344
-0.0036944164
-0.0123253496
-0.0225427159
-0.0324758721
-0.0393435397
-0.0465695212
-0.0482465792
-0.0482940849
-0.0357321556
-0.0169070907
-0.0100400842
-0.0133753758
-0.0134614867
-0.0081800956
-0.0034496089
-0.0037826150
0.0014274998
0.0033917432
0.0034150377
0.0013611965
-0.0001985277
0.0019624760
0.0030202706
0.0034714784
-0.0017516094
-0.0162159063
-0.0300136484
-0.0316922124
-0.0307642596
-0.0288750053
-0.0271972265
-0.0262066306
-0.0246910739
-0.0242062988
-0.0232301448
-0.0143499780
-0.0042187079
-0.0020223032
0.0034828927
0.0177799104
0.0374180332
0.0523688949
0.0605929881
0.0627521801
0.0582234731
0.0569856159
0.0642119240
0.0679473607
0.0675495775
0.0648064382
0.0581480170
0.0525389678
0.0532214198
0.0552097621
0.0510097591
0.0380227773
0.0213127373
0.0079678239
0.0029695272
-0.0065985044
-0.0136913154
-0.0117408096
-0.0104078340
-0.0071842367
-0.0015802469
0.0008842589
-0.0051778909
-0.0130860034
-0.0145870167
-0.0160182681
-0.0169826605
-0.0132143560
-0.0048137242
0.0020009187
0.0140629305
0.0253140703
0.0317483389
0.0314550659
0.0309144232
0.0318002713
0.0431145842
0.0609546222
0.0788513451
0.0888455862
0.0914740572
0.0904140543
0.0789023663
0.0696625691
0.0700829989
0.0696747412
0.0727945072
0.0741003931
0.0732205842
0.0688006040
0.0573340691
0.0433783210
0.0349893856
0.0317836291
0.0322648098
0.0334354780
0.0251413065
0.0078480143
0.0029657663
0.0026440100
-0.0000381574
0.0099973193
0.0218638413
0.0214270180
0.0185839164
0.0131649033
0.0116981779
0.0124563059
0.0151896468
0.0131143412
0.0016072156
-0.0141337989
-0.0209794830
-0.0215966450
-0.0272757777
-0.0300770235
-0.0319938193
-0.0339022355
-0.0329853446
-0.0322223033
-0.0341586312
-0.0359526400
-0.0383271904
-0.0406326513
-0.0365960361
-0.0307431345
-0.0324278056
-0.0449466789
-0.0510548167
-0.0551452077
-0.0677146334
-0.0800089936
-0.0919304961
-0.1025051120
-0.1122323178
-0.1170946276
-0.1286780224
-0.1368105065
-0.1440503511
-0.1475289801
-0.1487782723
-0.1508878205
-0.1416216298
-0.1283048261
-0.1139799962
-0.1015381386
-0.0973286434
-0.0910337841
-0.0930544899
-0.0960428891
-0.0986263193
-0.1027521261
-0.1032961375
-0.0969813791
-0.0894453759
-0.0853928215
-0.0854793533
-0.0882043568
-0.0871739761
-0.0966151340
-0.1024962134
-0.1107265318
-0.1128666011
-0.1050826518
-0.0939646855
-0.0887230052
-0.0844292913
-0.0820913241
-0.0834303961
-0.0825176846
-0.0725436992
-0.0654486693
-0.0562756587
-0.0398897482
-0.0254479958
-0.0096755627
0.0012718289
0.0077754587
0.0032067215
-0.0030243983
-0.0050863287
-0.0031453530
-0.0026723241
-0.0024574199
-0.0019535927
-0.0031806832
-0.0085751242
-0.0109937838
-0.0170873632
-0.0281362877
-0.0387909657
-0.0496172806
-0.0638730601
-0.0781319312
-0.0950256783
-0.1142830373
-0.1292849325
-0.1402892326
-0.1512228408
-0.1598526805
-0.1663857836
-0.1753753646
-0.1787004718
-0.1822350694
-0.1809518920
-0.1827646450
-0.1869360383
-0.1867227633
-0.1859738364
-0.1821357671
-0.1734293678
-0.1681679572
-0.1614638290
-0.1534251339
-0.1411637359
-0.1296974911
-0.1176423694
-0.1101982148
-0.1062808837
-0.0979398683
-0.0878217450
-0.0777529590
-0.0649284733
-0.0510013248
-0.0420418374
-0.0246220881
-0.0056263874
0.0121810159
0.0285178320
0.0416520903
0.0579664166
0.0767361287
0.0988060484
0.1238561206
0.1458256283
0.1624216364
0.1764971143
0.1895691817
0.1979102870
0.2098193332
0.2200068868
0.2289530750
0.2336854711
0.2347760486
0.2306815166
0.2239265709
0.2175026110
0.2164311334
0.2132865690
0.2036995925
0.1930295929
0.1827289501
0.1675132953
0.1440537945
0.1176380530
0.0938195732
0.0711680440
0.0535504696
0.0507138689
0.0475242734
0.0389429919
0.0346342547
0.0282008805
0.0271106107
0.0279827571
0.0230434643
0.0151693495
0.0074272677
0.0044973450
0.0075670818
0.0052242115
0.0067845497
0.0093230455
0.0062317298
0.0091489215
0.0146622556
0.0176199442
0.0155690074
0.0121584217
0.0094616071
0.0064206599
0.0035289468
0.0006299656
-0.0022196306
-0.0049988783
-0.0069248147
-0.0106697873
-0.0221093901
-0.0356851955
-0.0485331728
-0.0660077366
-0.0767304158
-0.0862842665
-0.0958834987
-0.1021405943
-0.1030827515
-0.0917781830
-0.0801844563
-0.0768313198
-0.0737922927
-0.0706194138
-0.0759693168
-0.0760605966
-0.0786565848
-0.0866570246
-0.0883581105
-0.0844886885
-0.0875727344
-0.0885819260
-0.0859057467
-0.0816870170
-0.0761254622
-0.0679087560
-0.0556052006
-0.0425514190
-0.0260300578
-0.0087970236
-0.0002077220
0.0193064894
0.0410890124
0.0576717727
0.0783221120
0.1001270679
0.1158707252
0.1242740690
0.1279527391
0.1284459419
0.1275568320
0.1239160763
0.1227522323
0.1231797510
0.1297254683
0.1371322635
0.1434369046
0.1468703372
0.1422752995
0.1256487102
0.1086522598
0.0845651296
0.0681009958
0.0579491835
0.0458314613
0.0333642917
0.0194986041
0.0158832461
0.0153343346
0.0129866361
0.0220934031
0.0361273341
0.0465534227
0.0586084064
0.0671824399
0.0751578658
0.0793207668
0.0819376467
0.0905333731
0.0907700733
0.0776234996
0.0535867127
0.0228172165
-0.0036518932
-0.0127172739
-0.0211859622
-0.0291232630
-0.0351999534
-0.0373454912
-0.0363945097
-0.0388211927
-0.0325325829
-0.0294585672
-0.0297424086
-0.0296704538
-0.0416779807
-0.0492726773
-0.0571046245
-0.0636091728
-0.0730668853
-0.0763389130
-0.0834840718
-0.0885913522
-0.0891247743
-0.0928215331
-0.0960130498
-0.1012555716
-0.1071003061
-0.1066000107
-0.0951526268
-0.0812390304
-0.0652514273
-0.0588550745
-0.0595351228
-0.0414937352
-0.0296551158
-0.0281071140
-0.0215553140
-0.0183802733
-0.0199637217
-0.0190486411
-0.0184920702
-0.0201058402
-0.0173076883
-0.0094299010
-0.0007588692
0.0055656187
0.0042496091
0.0079435936
0.0138693699
0.0282481137
0.0544916527
0.0779035166
0.0963675227
0.1150191615
0.1323263204
0.1509939983
0.1666914807
0.1793100295
0.1849217134
0.1922068783
0.2064066278
0.2072798012
0.1992128137
0.1862716663
0.1743957188
0.1672137665
0.1722460960
0.1758046327
0.1832381497
0.1870784386
0.1845841600
0.1906149104
0.1939304291
0.1961123856
0.1973285169
0.1988864970
0.1999824889
0.1972539007
0.1976459368
0.1924659511
0.1864665036
0.1804788793
0.1681638974
0.1583377725
0.1506459667
0.1508272030
0.1523402853
0.1570250346
0.1581495830
0.1538128817
0.1490286533
0.1400230520
0.1387053431
0.1420508120
0.1423080440
0.1389031126
0.1326294964
0.1227384383
0.1111203896
0.1030216299
0.0956001133
0.0867587580
0.0768422566
0.0754405048
0.0751022547
0.0710101485
0.0718520999
0.0706979346
0.0693279221
0.0629927667
0.0533275529
0.0433999502
0.0329453904
0.0339425420
0.0355468381
0.0305045049
0.0219462929
0.0091489733
-0.0064764523
-0.0167352492
-0.0223304575
-0.0244556947
-0.0333898142
-0.0359172806
-0.0319886721
-0.0268604723
-0.0186327565
-0.0104540914
-0.0031564594
-0.0011240056
0.0015339345
0.0051256942
0.0095423742
0.0143890098
0.0169600978
0.0154774191
0.0130850193
0.0106178431
0.0045553921
0.0029572609
0.0092965293
0.0162711193
0.0232333717
0.0240513454
0.0249396354
0.0251243187
0.0284008139
0.0311003277
0.0333932311
0.0361083723
0.0394701327
0.0388135303
0.0418452622
0.0416442225
0.0382382178
0.0349206989
0.0360562947
0.0402797986
0.0380867923
0.0348593772
0.0329549660
0.0321920303
0.0334929165
0.0303062531
0.0238500528
0.0179873041
0.0095329417
0.0030895530
-0.0042788136
-0.0100851854
-0.0151321909
-0.0205047241
-0.0257033287
-0.0361300286
-0.0464797827
-0.0487509547
-0.0544897373
-0.0585148628
-0.0568667300
-0.0610619698
-0.0665365116
-0.0734310799
-0.0801084066
-0.0841763793
-0.0911864599
-0.0906888921
-0.0890366467
-0.0916520017
-0.0976872310
-0.1046719996
-0.1047283863
-0.1147178332
-0.1235706678
-0.1306215556
-0.1390493566
-0.1432773903
-0.1444203183
-0.1461445340
-0.1493254305
-0.1398944590
-0.1358165980
-0.1382737848
-0.1419248530
-0.1537780681
-0.1615251665
-0.1703900618
-0.1789586572
-0.1815480494
-0.1814130965
-0.1796348861
-0.1785441768
-0.1688176667
-0.1563921744
-0.1428947133
-0.1355137435
-0.1203399394
-0.1038026528
-0.0987469702
-0.0937155515
-0.0845639251
-0.0754081058
-0.0709135309
-0.0680889975
-0.0674584422
-0.0625609227
-0.0573482000
-0.0471296525
-0.0423149968
-0.0382324991
-0.0328686771
-0.0254778207
-0.0229330731
-0.0191663644
-0.0170039342
-0.0113001030
-0.0046772259
0.0047225033
0.0182616229
0.0301860536
0.0342774536
0.0366103217
0.0381743151
0.0352322140
0.0357821741
0.0419639448
0.0467996777
0.0530477423
0.0585965669
0.0638324561
0.0665788268
0.0701886063
0.0687142398
0.0672217572
0.0668052061
0.0681887556
0.0652465792
0.0633785399
0.0646082078
0.0694826333
0.0759588504
0.0794463568
0.0731408203
0.0558505236
0.0330436808
0.0177960848
0.0162031152
0.0144451013
0.0064053799
-0.0024830565
-0.0051497592
-0.0001406330
0.0031868881
0.0070413033
0.0099993373
0.0114984760
0.0115498703
0.0156982066
0.0253197277
0.0267172909
0.0241454503
0.0109225329
-0.0161376058
-0.0250584691
-0.0258953842
-0.0253418989
-0.0231462250
-0.0242983749
-0.0148651081
-0.0044237957
-0.0059755626
-0.0110020832
-0.0212576364
-0.0255233932
-0.0235819749
-0.0250428683
-0.0246636873
-0.0247339750
-0.0256069365
-0.0358995285
-0.0447105056
-0.0484628130
-0.0521051041
-0.0548622770
-0.0593473304
-0.0626878091
-0.0571979249
-0.0442582543
-0.0298760920
-0.0283939885
-0.0312900603
-0.0358689453
-0.0357410074
-0.0370898305
-0.0405413799
-0.0450793433
-0.0530307216
-0.0589798611
-0.0604214810
-0.0555878314
-0.0411579265
-0.0381333787
-0.0402412433
-0.0408105120
-0.0423063575
-0.0440736240
-0.0348811643
-0.0242941880
-0.0174763711
-0.0177114163
-0.0147586139
-0.0164121470
-0.0263418511
-0.0347704137
-0.0405914316
-0.0398523099
-0.0450452404
-0.0553788109
-0.0637177688
-0.0665794755
-0.0625294751
-0.0510886542
-0.0460491269
-0.0399475086
-0.0450556949
-0.0629532682
-0.0680970005
-0.0674355768
-0.0589918461
-0.0466938730
-0.0395681544
-0.0351347080
-0.0405080513
-0.0371842286
-0.0381481051
-0.0493922930
-0.0688076436
-0.0748755220
-0.0739463700
-0.0763807173
-0.0750677723
-0.0746281073
-0.0742674788
-0.0757733886
-0.0699130412
-0.0546058349
-0.0381377150
-0.0305265252
-0.0258453559
-0.0219077778
-0.0146377406
-0.0066982574
-0.0017114628
-0.0003689201
-0.0028971712
-0.0147211437
-0.0310685943
-0.0440114710
-0.0529487311
-0.0656430745
-0.0763535496
-0.0871970670
-0.0955408770
-0.0992243152
-0.1067151719
-0.1095633587
-0.1067039722
-0.1017539557
-0.1029450158
-0.0988119689
-0.0920990097
-0.0819624453
-0.0718553855
-0.0616081714
-0.0552342354
-0.0549932899
-0.0539274139
-0.0536773660
-0.0397150892
-0.0257915867
-0.0236205602
-0.0290346220
-0.0353617156
-0.0430432929
-0.0438186559
-0.0416578661
-0.0407289113
-0.0393329355
-0.0379934979
-0.0365073722
-0.0352487600
-0.0336713274
-0.0321948374
-0.0311911751
-0.0301203410
-0.0213673976
-0.0110300380
-0.0032679555
0.0003454510
0.0012155497
0.0030077374
0.0074807674
0.0101330006
0.0106796510
0.0126672078
0.0168841941
0.0178856954
0.0186630332
0.0201355079
0.0113928802
-0.0037375378
-0.0062981558
-0.0029195118
-0.0026049440
-0.0008769865
-0.0007628460
-0.0001468936
0.0022804350
0.0047965041
0.0043835585
0.0059621764
0.0189988788
0.0314604766
0.0335188303
0.0419581408
0.0447365704
0.0447666441
0.0458541098
0.0500538437
0.0551136752
0.0599303474
0.0618680964
0.0627704624
0.0606544156
0.0592651722
0.0598611332
0.0575472239
0.0503134121
0.0481147082
0.0488374760
0.0438560274
0.0381853873
0.0381887552
0.0391849279
0.0395277510
0.0435564025
0.0502434838
0.0601629145
0.0748435283
0.0861453832
0.0880065095
0.0878885151
0.0918963250
0.0949137274
0.0969686625
0.1003657982
0.1035672695
0.1098935399
0.1127222284
0.1127404830
0.1095389876
0.0963604518
0.0840321641
0.0739621496
0.0672672441
0.0571338044
0.0429775936
0.0401929955
0.0418233031
0.0411950126
0.0404026458
0.0381683844
0.0307882979
0.0206138811
0.0206782594
0.0258202899
0.0256928477
0.0249585193
0.0266680485
0.0239278707
0.0158591041
0.0120068202
0.0125265443
0.0165565291
0.0207050568
0.0317513936
0.0398113262
0.0392083612
0.0403978715
0.0367190995
0.0326572980
0.0283758219
0.0233612778
0.0229253835
0.0213684637
0.0189646208
0.0180842006
0.0182037323
0.0229578140
0.0226134014
0.0228948304
0.0216703889
0.0209303466
0.0261958172
0.0357247000
0.0440231405
0.0522800968
0.0590283252
0.0604377337
0.0588447767
0.0641621929
0.0666660442
0.0635824145
0.0585510449
0.0579292777
0.0574025655
0.0603273408
0.0608220880
0.0601912574
0.0567564478
0.0563731035
0.0546120947
0.0541348945
0.0584680387
0.0639880038
0.0671399505
0.0735481637
0.0789437987
0.0844710716
0.0923541835
0.1015416349
0.1020417913
0.1015457041
0.1016657806
0.0998424247
0.0978257760
0.0968002169
0.0957129035
0.0966084174
0.0979411168
0.1050378021
0.1060547580
0.1029745704
0.0981620060
0.0934752211
0.0855229404
0.0790339189
0.0779945868
0.0778426354
0.0767968989
0.0764584261
0.0772857899
0.0776737727
0.0752167240
0.0730320477
0.0688474272
0.0669069390
0.0646150146
0.0637537419
0.0622159588
0.0631272770
0.0632765590
0.0633887830
0.0576113101
0.0553910036
0.0530141357
0.0487241112
0.0394781242
0.0360449073
0.0306982777
0.0175782329
0.0066274572
0.0046689502
0.0034336200
-0.0001141619
-0.0075846592
-0.0156347787
-0.0284181379
-0.0345705282
-0.0370210429
-0.0359143622
-0.0353313840
-0.0326301423
-0.0295667996
-0.0306924987
-0.0305706529
-0.0322428589
-0.0395053990
-0.0442363070
-0.0477108843
-0.0523625994
-0.0565703325
-0.0612471225
-0.0655932844
-0.0670937419
-0.0670598297
-0.0676423214
-0.0625217285
-0.0588098009
-0.0561082334
-0.0521766327
-0.0486439212
-0.0491571501
-0.0507078146
-0.0522104360
-0.0494337886
-0.0419519529
-0.0390229955
-0.0337793323
-0.0274305249
-0.0220680107
-0.0210134400
-0.0105787379
-0.0008785394
0.0012562608
0.0020552252
-0.0007976962
-0.0036982232
-0.0042688094
-0.0022781264
0.0028134293
0.0076542664
0.0081309278
0.0100945662
0.0105039654
0.0078041136
0.0002661189
-0.0069037411
-0.0151337486
-0.0221364316
-0.0311547984
-0.0279335159
-0.0315393613
-0.0359008623
-0.0348626750
-0.0358893145
-0.0370782965
-0.0377793011
-0.0277543023
-0.0228403437
-0.0238327209
-0.0256262436
-0.0374171920
-0.0415006048
-0.0404864403
-0.0416311112
-0.0421052156
-0.0427556061
-0.0430932440
-0.0437134151
-0.0441296772
-0.0447711321
-0.0450332230
-0.0453798192
-0.0466661097
-0.0472463503
-0.0372361995
-0.0279776114
-0.0255206703
-0.0206040993
-0.0229761991
-0.0277167332
-0.0332869582
-0.0340782731
-0.0337858402
-0.0344609653
-0.0340024144
-0.0346954854
-0.0348943946
-0.0366738157
-0.0367391548
-0.0417863961
-0.0512098460
-0.0534754996
-0.0532106751
-0.0582799044
-0.0599902968
-0.0594171202
-0.0558358044
-0.0586750559
-0.0611436025
-0.0588040760
-0.0557607756
-0.0548206417
-0.0554732023
-0.0555900098
-0.0562203105
-0.0503787652
-0.0422588858
-0.0359232421
-0.0336643382
-0.0324310623
-0.0346379702
-0.0388361797
-0.0409986405
-0.0437942821
-0.0421700228
-0.0394455235
-0.0392417662
-0.0408232891
-0.0428907902
-0.0431116775
-0.0416202315
-0.0394606572
-0.0380876811
-0.0400057617
-0.0522189153
-0.0564084759
-0.0548828179
-0.0556805362
-0.0448843017
-0.0390233177
-0.0378145957
-0.0429217763
-0.0525694474
-0.0552781795
-0.0576807117
-0.0618601944
-0.0651454479
-0.0655436941
-0.0677700599
-0.0719314269
-0.0727318470
-0.0708176710
-0.0612790898
-0.0520826375
-0.0446615908
-0.0367425112
-0.0347252980
-0.0306267930
-0.0269054821
-0.0239320570
-0.0170049649
-0.0119881658
-0.0094555352
-0.0097007324
-0.0093702001
-0.0074044469
-0.0069163997
-0.0061575266
-0.0059718588
-0.0074774829
-0.0025353162
0.0081399019
0.0155318126
0.0144010653
0.0150034555
0.0136012918
0.0078756693
0.0013005835
-0.0054827712
-0.0137639341
-0.0201009640
-0.0231136429
-0.0227548676
-0.0250544772
-0.0333401668
-0.0350138091
-0.0332281408
-0.0331145332
-0.0323461545
-0.0318595147
-0.0309647268
-0.0305106492
-0.0296348516
-0.0291508030
-0.0282557124
-0.0278398665
-0.0268183904
-0.0262782574
-0.0257793929
-0.0254548930
-0.0184816702
-0.0135453263
-0.0133688034
-0.0200879023
-0.0219676201
-0.0205488696
-0.0204464342
-0.0129019471
-0.0086675920
-0.0158369149
-0.0179421187
-0.0158080734
-0.0155501217
-0.0145118517
-0.0145820726
-0.0139563640
-0.0058869195
0.0042972977
0.0058481232
0.0030642171
-0.0004408140
0.0002163114
-0.0060075116
-0.0082653629
-0.0067206990
-0.0067900212
0.0001356458
0.0087223288
0.0122202742
0.0173197595
0.0216270235
0.0217974154
0.0196807095
0.0214329295
0.0242383756
0.0243728061
0.0282900366
0.0299029940
0.0311516916
0.0313737825
0.0313797553
0.0314808004
0.0351684144
0.0363047269
0.0316570650
0.0281699169
0.0243556428
0.0180190518
0.0104363477
0.0090164579
0.0105746712
0.0104833122
0.0113213961
0.0117766197
0.0121716809
0.0120449914
0.0188234533
0.0275976105
0.0311640906
0.0297249590
0.0294315907
0.0319943789
0.0393468665
0.0409054428
0.0458857273
0.0551416415
0.0598390192
0.0636048020
0.0639474533
0.0676269781
0.0713176111
0.0726544487
0.0736981878
0.0770848531
0.0791670737
0.0754025015
0.0777144022
0.0792903272
0.0776440578
0.0806375214
0.0806926333
0.0763013838
0.0755631764
0.0710172784
0.0672332002
0.0648545001
0.0569395715
0.0488057019
0.0477596594
0.0494320816
0.0466271195
0.0442954909
0.0424114047
0.0454086617
0.0488050525
0.0483795207
0.0485301220
0.0481607074
0.0481274907
0.0426236181
0.0393241864
0.0409418054
0.0402410524
0.0390833975
0.0364825574
0.0339830235
0.0323642606
0.0254674848
0.0234269715
0.0240423632
0.0235658678
0.0234234752
0.0233901872
0.0225617582
0.0222350090
0.0295030843
0.0360714771
0.0358278915
0.0346816958
0.0332394355
0.0353718397
0.0371780221
0.0373077459
0.0368844509
0.0342943405
0.0277614139
0.0203684913
0.0182883887
0.0191201750
0.0132109289
0.0099282168
0.0096364298
0.0102855843
0.0044899184
0.0022041626
-0.0006910025
-0.0025471068
-0.0026393595
-0.0006079276
-0.0002520089
0.0047880563
0.0095470647
0.0108899519
0.0107222287
0.0092806400
0.0088172819
0.0191502118
0.0251046679
0.0286882062
0.0311377447
0.0295938626
0.0295531365
0.0313349160
0.0315328256
0.0322084064
0.0314502096
0.0261843226
0.0250085443
0.0271170800
0.0305259949
0.0334362836
0.0372148252
0.0349869150
0.0379487435
0.0422449776
0.0461324339
0.0478621161
0.0511891242
0.0578786188
0.0548329067
0.0497092775
0.0394202180
0.0282284611
0.0217898906
0.0169616423
0.0073721846
0.0014596834
-0.0036003095
-0.0077476967
-0.0070354252
-0.0075837623
-0.0064752529
-0.0040971732
-0.0029659604
-0.0034202032
-0.0037856746
-0.0040915682
-0.0055824761
-0.0078681755
-0.0140504548
-0.0178968283
-0.0172807472
-0.0132860283
-0.0123533697
-0.0087807443
-0.0125242814
-0.0146927927
-0.0148601246
-0.0186738077
-0.0223872666
-0.0245913256
-0.0245892264
-0.0258013593
-0.0263518971
-0.0285177400
-0.0292037945
-0.0290983358
-0.0368704470
-0.0409788790
-0.0343815679
-0.0336422805
-0.0296228068
-0.0279864426
-0.0292461147
-0.0253584544
-0.0202749787
-0.0216813056
-0.0234495003
-0.0204085479
-0.0195557639
-0.0237049281
-0.0240821061
-0.0319029959
-0.0404953191
-0.0490839609
-0.0522862969
-0.0517978076
-0.0530484856
-0.0534442832
-0.0542309933
-0.0546023273
-0.0553341925
-0.0557608010
-0.0564577454
-0.0567950541
-0.0573524670
-0.0586231710
-0.0602390517
-0.0593134675
-0.0591651177
-0.0598963358
-0.0603134410
-0.0606492394
-0.0608967398
-0.0619045423
-0.0623881373
-0.0568542308
-0.0530457016
-0.0610201040
-0.0642388668
-0.0630647586
-0.0640372219
-0.0640831837
-0.0640779712
-0.0658313555
-0.0728513321
-0.0744296993
-0.0757715296
-0.0841269431
-0.0919456820
-0.0941403154
-0.0997094226
-0.1027590686
-0.0961465951
-0.0943398634
-0.0960234439
-0.0946190496
-0.0941697183
-0.0925464371
-0.0876740827
-0.0828491398
-0.0828617388
-0.0836264087
-0.0798538659
-0.0789518925
-0.0802886753
-0.0792695961
-0.0749073126
-0.0774105130
-0.0792253769
-0.0783621495
-0.0806075345
-0.0858141508
-0.0860231184
-0.0844201788
-0.0866127565
-0.0822927078
-0.0771913060
-0.0724369058
-0.0720778091
-0.0724368631
-0.0701709600
-0.0678009000
-0.0674361752
-0.0654534959
-0.0613511643
-0.0603987196
-0.0604074054
-0.0538310018
-0.0495924850
-0.0466078876
-0.0434458195
-0.0412389026
-0.0375087070
-0.0358776311
-0.0318304983
-0.0307704054
-0.0309886227
-0.0260247953
-0.0251344625
-0.0254437204
-0.0215866623
-0.0168906720
-0.0128684645
-0.0080999067
-0.0033235388
-0.0034863110
-0.0068543689
-0.0047208399
-0.0025007976
-0.0064433954
-0.0067941877
-0.0017403816
-0.0000950956
0.0002870337
-0.0017558279
-0.0017027845
-0.0026343853
-0.0061418851
-0.0091696353
-0.0149974178
-0.0206702328
-0.0204037208
-0.0191592046
-0.0188081171
-0.0180784223
-0.0120749967
-0.0088307499
-0.0125641214
-0.0126071860
-0.0043165451
-0.0031487331
-0.0029121343
-0.0006681879
0.0003887588
0.0024678411
-0.0032324289
-0.0064330842
-0.0047908482
-0.0023484971
-0.0009581428
-0.0007027578
0.0036358998
0.0097655092
0.0115963584
0.0083064019
0.0100549004
0.0107301640
0.0076640423
0.0065521015
0.0074932511
0.0071663333
0.0049520098
0.0034473146
-0.0016510454
-0.0029188405
-0.0007884707
-0.0004143835
0.0010163693
0.0018028437
0.0026677162
0.0032587625
0.0117575911
0.0197121184
0.0275012737
0.0344340770
0.0378365172
0.0428677877
0.0490792996
0.0494249577
0.0508702279
0.0511063120
0.0540047395
0.0563256273
0.0527333477
0.0480087895
0.0498398426
0.0486143829
0.0439393707
0.0440328029
0.0472166674
0.0404754353
0.0380178704
0.0402432482
0.0363697719
0.0287132043
0.0265409200
0.0286130519
0.0347566558
0.0423810069
0.0450012074
0.0508110218
0.0550325118
0.0571006893
0.0607612081
0.0628908149
0.0629670852
0.0641436288
0.0644078684
0.0654611708
0.0675122484
0.0688942176
0.0669969358
0.0680063476
0.0661497594
0.0627842793
0.0587300567
0.0533875666
0.0452036072
0.0433810926
0.0450719368
0.0451427922
0.0452529811
0.0457167187
0.0522933044
0.0563257034
0.0578221261
0.0618478501
0.0644700196
0.0681170809
0.0724116603
0.0738380540
0.0735376435
0.0725780228
0.0739451957
0.0778597272
0.0769252100
0.0810185752
0.0874929457
0.0879891280
0.0839740067
0.0867497534
0.0895850195
0.0877397906
0.0832887350
0.0818630393
0.0847303988
0.0810042029
0.0772460956
0.0758511987
0.0766842281
0.0706933957
0.0632115798
0.0551492253
0.0530121437
0.0527063787
0.0454170227
0.0400185227
0.0369235338
0.0329491513
0.0292738701
0.0256869471
0.0216169717
0.0228887322
0.0213428426
0.0224278613
0.0269603409
0.0333975287
0.0375819230
0.0431564671
0.0495679098
0.0495747266
0.0550788121
0.0607933645
0.0633407004
0.0632718740
0.0630020122
0.0628986226
0.0605826787
0.0566042562
0.0592452298
0.0596313466
0.0563630929
0.0575868275
0.0589015693
0.0528809808
0.0444040563
0.0426426569
0.0418056518
0.0410234207
0.0517046441
0.0571999193
0.0563132333
0.0625401202
0.0636320833
0.0615374456
0.0643554654
0.0659180546
0.0663229840
0.0699119735
0.0694778165
0.0719338859
0.0729614459
0.0707576266
0.0683226681
0.0670369232
0.0672765150
0.0673978470
0.0667713209
0.0657295969
0.0638069322
0.0636139738
0.0594653559
0.0578295249
0.0549869352
0.0512393584
0.0496235210
0.0446780223
0.0432442904
0.0409893786
0.0404844420
0.0387294079
0.0387964639
0.0417429666
0.0455755982
0.0425386542
0.0429365731
0.0497206903
0.0504428085
0.0435182096
0.0423231872
0.0382640753
0.0365655414
0.0370301169
0.0354473300
0.0347212492
0.0334704343
0.0329456874
0.0318812535
0.0280619253
0.0231085766
0.0201008285
0.0143760417
0.0117931569
0.0101021921
0.0080314698
0.0061203813
0.0048806159
0.0011897624
-0.0087896850
-0.0119126320
-0.0119307798
-0.0131602289
-0.0142996815
-0.0158979187
-0.0164326354
-0.0169031852
-0.0182009738
-0.0189542686
-0.0197816971
-0.0207457817
-0.0248419212
-0.0252232573
-0.0251589046
-0.0265615259
-0.0273906746
-0.0267600234
-0.0271297394
-0.0281932318
-0.0288943554
-0.0302113081
-0.0312097077
-0.0261599098
-0.0205501312
-0.0175092602
-0.0124997681
-0.0122185831
-0.0127392311
-0.0123954603
-0.0134574897
-0.0142404329
-0.0181177888
-0.0167670947
-0.0177532175
-0.0193112889
-0.0176919630
-0.0191430791
-0.0206084526
-0.0195015550
-0.0237290756
-0.0231567066
-0.0218644279
-0.0201070427
-0.0225012715
-0.0252045138
-0.0248849657
-0.0218697586
-0.0218473401
-0.0245661776
-0.0231307059
-0.0200852415
-0.0219592377
-0.0257022293
-0.0261425605
-0.0241801974
-0.0230666535
-0.0254706105
-0.0275841824
-0.0276548269
-0.0314608534
-0.0337110218
-0.0331648276
-0.0333489170
-0.0354004670
-0.0349267783
-0.0349658750
-0.0354726489
-0.0380024067
-0.0396444151
-0.0421800443
-0.0487697675
-0.0512263257
-0.0596815637
-0.0622390223
-0.0617274289
-0.0630057581
-0.0640986467
-0.0636621740
-0.0676335894
-0.0701682446
-0.0685361250
-0.0744568637
-0.0746363910
-0.0714695594
-0.0755413395
-0.0736254929
-0.0729806621
-0.0699349101
-0.0711092812
-0.0711116888
-0.0670007399
-0.0647498119
-0.0646632101
-0.0647404581
-0.0646900896
-0.0645991022
-0.0647105693
-0.0645765791
-0.0645758511
-0.0643961729
-0.0653163733
-0.0652147266
-0.0643235286
-0.0644416920
-0.0647862643
-0.0567917300
-0.0496664148
-0.0478282092
-0.0427184339
-0.0335051957
-0.0250886372
-0.0211544754
-0.0179453788
-0.0097108121
-0.0081579210
-0.0059654213
-0.0066970641
-0.0087784953
-0.0162074687
-0.0225856996
-0.0271951209
-0.0350200878
-0.0421545773
-0.0449410188
-0.0453179166
-0.0489307412
-0.0568970559
-0.0596970557
-0.0578295765
-0.0522000326
-0.0491184985
-0.0503598780
-0.0490968302
-0.0487474156
-0.0479184936
-0.0541604935
-0.0554466322
-0.0543771108
-0.0543086636
-0.0541836430
-0.0485251307
-0.0455574004
-0.0437368090
-0.0497273354
-0.0525851174
-0.0503267016
-0.0506728258
-0.0515416085
-0.0516978452
-0.0495257594
-0.0531184571
-0.0571068382
-0.0569932451
-0.0539058604
-0.0554711094
-0.0530052715
-0.0477161709
-0.0457389283
-0.0452503064
-0.0370341457
-0.0290892304
-0.0285944897
-0.0266489007
-0.0201790411
-0.0184571381
-0.0179919772
-0.0162652180
-0.0131339021
-0.0111500072
-0.0116372467
-0.0101840607
-0.0090550025
-0.0119142182
-0.0162217484
-0.0134863428
-0.0131238340
-0.0116649731
-0.0076201750
-0.0044936990
-0.0041571812
-0.0017941365
-0.0007475472
-0.0006153291
-0.0017320314
0.0038434651
0.0059749231
0.0050393597
0.0016873763
0.0021695738
0.0008302496
-0.0032175687
-0.0021823862
-0.0039747445
-0.0086016876
-0.0107971566
-0.0124683746
-0.0110611823
-0.0205985005
-0.0250573212
-0.0222403580
-0.0228194992
-0.0218800827
-0.0219416834
-0.0209226783
-0.0209280912
-0.0200482541
-0.0200330190
-0.0191090454
-0.0189838621
-0.0185570156
-0.0184966495
-0.0126661211
-0.0083523534
-0.0046114967
-0.0017080019
-0.0010679294
-0.0023863101
-0.0007734657
0.0002874548
0.0003363709
0.0007997493
0.0027537544
0.0022654131
0.0018414051
0.0007265338
0.0007596528
0.0025815512
-0.0007703587
-0.0095723372
-0.0113700269
-0.0100146453
-0.0101363531
-0.0098672680
-0.0095672311
-0.0091605889
-0.0089592893
-0.0093994568
-0.0086397534
-0.0080171689
-0.0078737622
-0.0076919377
-0.0072578551
-0.0069820464
-0.0072534872
-0.0071913806
0.0006183418
0.0066939439
0.0082850182
0.0089474975
0.0091776171
0.0096063216
0.0082456949
0.0052559054
0.0029976065
-0.0029613847
-0.0054378132
-0.0044146357
0.0005719564
0.0052764880
0.0050854452
0.0039225792
0.0045543646
0.0059370791
0.0090543344
0.0102262947
0.0093301133
0.0100799145
0.0067090616
0.0060182235
0.0062301044
0.0064714894
0.0062835761
0.0063126018
0.0062815519
0.0094098172
0.0103319243
0.0115198684
0.0137194193
0.0141154603
0.0139248234
0.0140538878
0.0140331529
0.0140394160
0.0140040498
0.0141606591
0.0139151940
0.0126095324
0.0134120276
0.0128038933
0.0117037140
0.0122146121
0.0118658653
0.0119360202
0.0118085699
0.0132112183
0.0133088765
0.0162321463
0.0210354064
0.0206271403
0.0198169686
0.0198648975
0.0227704970
0.0262293583
0.0269390071
0.0264048118
0.0268676995
0.0268397727
0.0209613611
0.0169765828
0.0116283270
0.0103536303
0.0075487161
0.0086442244
0.0063226843
0.0028150351
-0.0032845703
-0.0055916750
-0.0047672234
-0.0053089914
-0.0053773970
-0.0055533082
-0.0056355672
-0.0057615694
-0.0059400500
-0.0059938701
-0.0062191981
-0.0062331966
-0.0065617951
-0.0064186970
-0.0066870803
-0.0070909176
-0.0074085571
-0.0013501162
0.0011482294
-0.0000501772
-0.0059112849
-0.0083535033
-0.0073489141
-0.0080227176
-0.0079760434
-0.0083221039
-0.0082876819
-0.0084136124
-0.0085029218
-0.0102660241
-0.0108178791
-0.0100718562
-0.0107345915
-0.0098044871
-0.0091572428
-0.0096723294
-0.0095335000
-0.0096811011
-0.0102405791
-0.0102777070
-0.0043897242
-0.0016517411
-0.0017220106
0.0015867355
0.0024215607
0.0051987237
0.0061670435
0.0041068971
0.0037874621
0.0039909944
0.0012202210
0.0002374229
0.0029649339
0.0050416234
0.0035434554
0.0043423525
0.0053025813
0.0047357458
0.0032418151
0.0040709018
0.0050318093
0.0043913337
0.0031432661
0.0035245891
0.0044850715
0.0076138052
0.0108620811
0.0092976504
0.0085820512
0.0047369552
0.0074178992
0.0107379041
0.0093957135
0.0081392746
0.0113552702
0.0056195774
0.0013109017
0.0013343870
-0.0029801480
-0.0049361062
-0.0056441132
-0.0053705767
-0.0043848283
0.0003493295
0.0020361938
0.0020419070
0.0005235700
0.0010238970
-0.0019153717
-0.0050496667
-0.0109962716
-0.0130090232
-0.0125063236
-0.0132198186
-0.0068199929
0.0005951043
0.0008742752
0.0004178883
0.0015249079
-0.0017931062
-0.0033025530
-0.0034228382
-0.0044632746
-0.0031796752
-0.0040671128
-0.0026487706
-0.0026974513
-0.0099470355
-0.0122359153
-0.0109318703
-0.0114643837
-0.0110675762
-0.0110077476
-0.0120761313
-0.0159820115
-0.0171339818
-0.0163242393
-0.0158180724
-0.0175871704
-0.0164277673
-0.0157817635
-0.0126943656
-0.0101382771
-0.0094980034
-0.0096008302
-0.0101047373
-0.0096342794
0.0016095262
0.0037906773
0.0041694892
0.0077919821
0.0079563405
0.0133685048
0.0130061414
0.0143383503
0.0163805961
0.0169127812
0.0110153397
0.0068132346
0.0133689552
0.0110629952
0.0093873415
0.0100880454
0.0104814780
0.0089913472
0.0097168733
0.0092700002
0.0167393232
0.0194102937
0.0216735883
0.0249038955
0.0255020991
0.0253784581
0.0298856050
0.0315769028
0.0296498607
0.0347335136
0.0356138792
0.0360978670
0.0367726024
0.0329370274
0.0317309491
0.0336911292
0.0337742213
0.0303714636
0.0291213396
0.0270589424
0.0232870815
0.0221219547
0.0155272767
0.0132794028
0.0145431379
0.0129746794
0.0128094081
0.0099915783
0.0088795637
0.0098938791
0.0133984760
0.0113653505
0.0123422416
0.0148483728
0.0149488980
0.0149232037
0.0128152929
0.0160325432
0.0187969218
0.0192263992
0.0191173445
0.0195954110
0.0197510602
0.0200407140
0.0187198135
0.0184635991
0.0172240354
0.0168687751
0.0175709099
0.0173032386
0.0146157817
0.0167379254
0.0184872033
0.0164143745
0.0190481850
0.0209802270
0.0257214547
0.0305776229
0.0301653286
0.0299001866
0.0333249331
0.0345519945
0.0346024482
0.0353047455
0.0320640537
0.0338337265
0.0359374230
0.0320149136
0.0315697085
0.0320772330
0.0321226286
0.0293516455
0.0307505563
0.0272183874
0.0248150878
0.0220675364
0.0203626833
0.0221994244
0.0221699902
0.0214741988
0.0212244790
0.0225264524
0.0224592573
0.0219428497
0.0242847366
0.0236451371
0.0196352076
0.0221504532
0.0244627675
0.0234415036
0.0233930149
0.0233758173
0.0236132954
0.0242841596
0.0227577483
0.0130968586
0.0100616125
0.0115744201
0.0110420506
0.0111740507
0.0111094986
0.0113107969
0.0112633467
0.0113054478
0.0114350867
0.0114947442
0.0111330568
0.0112223798
0.0164869105
0.0189806344
0.0200327852
0.0238302403
0.0257494555
0.0262807494
0.0326583926
0.0331342404
0.0337950912
0.0360373104
0.0378162478
0.0396346458
0.0415590394
0.0434334697
0.0424647859
0.0430337148
0.0408944507
0.0424238097
0.0427930022
0.0421003444
0.0393954049
0.0388644412
0.0357154791
0.0350891026
0.0350258153
0.0317979870
0.0307810223
0.0349575994
0.0303036588
0.0302728468
0.0273682933
0.0259147014
0.0260696753
0.0245166905
0.0252896400
0.0245978328
0.0233654095
0.0225167330
0.0229200259
0.0195870326
0.0184468671
0.0167908801
0.0177651294
0.0220075222
0.0223531024
0.0212553629
0.0216323499
0.0211998843
0.0213463949
0.0209573809
0.0208362681
0.0197824052
0.0219585778
0.0208778134
0.0191368275
0.0198581779
0.0201797648
0.0166269490
0.0155771490
0.0147676481
0.0144416036
0.0138686484
0.0128610072
0.0071688397
0.0107699940
0.0078501906
0.0033482561
0.0049471254
0.0098365642
0.0125461584
0.0121818064
0.0133036529
0.0121782364
0.0166823742
0.0193578829
0.0259248587
0.0269955381
0.0285735909
0.0316544991
0.0326172970
0.0314357314
0.0332212405
0.0362153891
0.0359250130
0.0362231519
0.0328183936
0.0347484008
0.0313005044
0.0295458684
0.0299357532
0.0276000522
0.0240233777
0.0190149195
0.0172094780
0.0134220126
0.0121404663
0.0098663099
0.0101575208
0.0071787350
-0.0019451270
-0.0046566865
-0.0036883042
-0.0046419928
-0.0047044578
-0.0052909446
-0.0052565867
-0.0059405831
-0.0057809920
-0.0063727225
-0.0070309939
-0.0072503802
0.0000936187
0.0007550930
0.0002582211
0.0040769229
0.0047126548
0.0054817897
0.0043920548
0.0032270811
0.0032704159
0.0027106504
0.0039875217
0.0041848335
0.0050659854
0.0049877383
0.0076003875
0.0122295469
0.0122259658
0.0106534003
0.0108908260
0.0136506847
0.0153192605
0.0107552434
0.0108965604
0.0100891727
0.0087496458
0.0075527701
0.0086628231
0.0055174661
0.0057075492
0.0073603766
0.0046680377
0.0004436592
-0.0010882509
-0.0022588706
-0.0051746335
-0.0053333726
-0.0050615451
-0.0085225546
-0.0107480831
-0.0118861770
-0.0116692707
-0.0077823392
-0.0078321897
-0.0082524941
-0.0069752032
-0.0053489720
-0.0070527600
-0.0033610756
-0.0012004883
-0.0026210971
-0.0011373063
-0.0002146618
0.0007448704
0.0010165884
-0.0034627867
-0.0025545008
-0.0028578588
-0.0050519718
-0.0081658300
-0.0096699299
-0.0108685095
-0.0105211638
-0.0111719205
-0.0126952842
-0.0147977519
-0.0151691734
-0.0145811835
-0.0185056448
-0.0206249491
-0.0213628802
-0.0273349811
-0.0302923225
-0.0292046286
-0.0302933552
-0.0299592952
-0.0307587060
-0.0310346485
-0.0314817904
-0.0242343410
-0.0233466434
-0.0198826916
-0.0185425832
-0.0199945649
-0.0180649173
-0.0166803995
-0.0182452354
-0.0148903513
-0.0103606522
-0.0094886817
-0.0129471374
-0.0117790899
-0.0104468376
-0.0130828628
-0.0144713681
-0.0116880928
-0.0098797360
-0.0125932864
-0.0127379143
-0.0155480606
-0.0164008426
-0.0149618895
-0.0129858521
-0.0132152355
-0.0131650847
-0.0137043551
-0.0148534445
-0.0152045269
-0.0155303857
-0.0175278881
-0.0156478451
-0.0218600223
-0.0246453779
-0.0246523848
-0.0289161829
-0.0375284570
-0.0402115362
-0.0391236580
-0.0399147582
-0.0399201600
-0.0401626652
-0.0402347414
-0.0412347040
-0.0407107261
-0.0405723546
-0.0423314387
-0.0430398519
-0.0428801667
-0.0431484405
-0.0431934166
-0.0433764795
-0.0436209933
-0.0435841558
-0.0421009333
-0.0433160189
-0.0455676095
-0.0445165250
-0.0454938641
-0.0449758505
-0.0425867675
-0.0425639703
-0.0427115319
-0.0427066394
-0.0426662831
-0.0444195444
-0.0450001872
-0.0446408143
-0.0448053330
-0.0478521622
-0.0491427447
-0.0493474708
-0.0491312683
-0.0487409126
-0.0497722396
-0.0498603232
-0.0494975885
-0.0490684151
-0.0461735738
-0.0451729427
-0.0472996178
-0.0445314653
-0.0432858696
-0.0437958996
-0.0437032381
-0.0436657870
-0.0436683006
-0.0437401668
-0.0436113694
-0.0434900649
-0.0441458847
-0.0440347865
-0.0365283582
-0.0310704138
-0.0296743190
-0.0221879101
-0.0194366798
-0.0197122178
-0.0166380734
-0.0170947810
-0.0177381656
-0.0142420527
-0.0179929703
-0.0197923275
-0.0176881151
-0.0207788341
-0.0271148270
-0.0283171315
-0.0289330775
-0.0329746924
-0.0343744600
-0.0335545229
-0.0338106839
-0.0343238288
-0.0334949588
-0.0336750365
-0.0296278316
-0.0310745603
-0.0319109248
-0.0327195954
-0.0330885477
-0.0288784454
-0.0314352944
-0.0323905849
-0.0314853060
-0.0337186559
-0.0398896271
-0.0412266601
-0.0404097421
-0.0405219815
-0.0404351573
-0.0402637916
-0.0401047049
-0.0399387122
-0.0398135628
-0.0396658552
-0.0394229587
-0.0392127564
-0.0395300892
-0.0390922890
-0.0333479472
-0.0307545317
-0.0272796608
-0.0231695956
-0.0236273922
-0.0228996675
-0.0231432361
-0.0224241907
-0.0239352105
-0.0239439901
-0.0284711818
-0.0283464577
-0.0280693723
-0.0271749833
-0.0337753023
-0.0373292713
-0.0354181278
-0.0282384418
-0.0260074396
-0.0269713792
-0.0223483095
-0.0199288034
-0.0196796410
-0.0198724579
-0.0140648612
-0.0104004541
-0.0102343748
-0.0110535479
-0.0124564296
-0.0095534523
-0.0080787822
-0.0099237945
-0.0084559161
-0.0075005975
-0.0081778156
-0.0084340392
-0.0077533314
-0.0058841523
-0.0068946738
-0.0098701838
-0.0059523511
-0.0039313142
-0.0069052057
-0.0088511964
-0.0057216717
-0.0041010476
-0.0047406450
-0.0041957658
-0.0011088069
0.0007924618
0.0011529753
-0.0017093669
-0.0036846207
-0.0018232045
0.0014437123
-0.0003932101
-0.0024453829
0.0027606837
0.0002996029
0.0026624351
0.0002564273
-0.0006359554
0.0003241760
-0.0025559840
-0.0009856922
0.0006648884
-0.0022592492
0.0000118835
0.0015582949
0.0012502941
-0.0033580036
-0.0012951104
-0.0040790029
-0.0051792791
-0.0030150688
-0.0034530256
-0.0044268533
-0.0049106409
-0.0038992862
-0.0041932987
-0.0059711899
-0.0041655008
-0.0027285712
-0.0053521803
-0.0032268086
-0.0019537844
-0.0034464428
-0.0021604058
-0.0025280496
-0.0031679753
-0.0024689910
-0.0023102313
-0.0020682266
-0.0018295113
-0.0003678165
-0.0003182751
-0.0036431023
-0.0015925107
0.0002257904
-0.0030512964
0.0001007522
-0.0014464725
-0.0033294198
-0.0032638977
-0.0026867055
0.0012728126
0.0021974018
0.0015229008
0.0034006546
0.0048181469
0.0098891172
0.0139868720
0.0127237581
0.0133307579
0.0157976387
0.0155200400
0.0125767506
0.0135966390
0.0099397480
0.0075284552
0.0127246827
0.0146519355
0.0140638687
0.0146118799
0.0139445291
0.0158371623
0.0156356782
0.0156388946
0.0158309073
0.0165397609
0.0152915084
0.0147947674
0.0157715822
0.0149339042
0.0158812570
0.0199468058
0.0137913349
0.0131306325
0.0124840167
0.0171706298
0.0141937766
0.0109300553
0.0143875880
0.0769738383
0.0357695869
0.0013876882
0.0170888611
0.0118315613
0.0143283110
0.0116824896
0.0160771972
0.0143969325
0.0181407136
0.0207150334
0.0198363126
0.0200272598
0.0241165943
0.0181907815
0.0189545264
0.0175243279
0.0154754243
0.0141077219
0.0163268090
0.0158707407
0.0166087584
0.0160598844
0.0185199620
0.0186732041
0.0192450421
0.0173537113
0.0175747584
0.0174253501
0.0180681782
0.0176825895
0.0183222556
0.0181023385
0.0192901046
0.0184884189
0.0204044857
0.0219403844
0.0220568083
0.0257530977
0.0297143268
0.0294700458
0.0314958729
0.0277876230
0.0284251595
0.0308833021
0.0314246060
0.0302527810
0.0312766507
0.0316898669
0.0317660457
0.0287712921
0.0295431153
0.0288233392
0.0284825116
0.0293190601
0.0255807796
0.0242775982
0.0239087777
0.0231703478
0.0286589848
0.0264415308
0.0301504738
0.0342438185
0.0314974915
0.0322008851
0.0363983479
0.0370636321
0.0366927031
0.0383407994
0.0406721024
0.0408398462
0.0409061350
0.0409855352
0.0410684660
0.0396215101
0.0405553458
0.0398243536
0.0406443078
0.0415653507
0.0397410398
0.0391914673
0.0394500633
0.0410295440
0.0415484848
0.0409110087
0.0416767854
0.0451153240
0.0415079745
0.0399906066
0.0421239939
0.0412327228
0.0418319101
0.0384040469
0.0378247667
0.0342867707
0.0334012816
0.0312493351
0.0340019965
0.0319759462
0.0269349279
0.0252340520
0.0234069466
0.0203692149
0.0176669928
0.0114691393
0.0091978674
0.0101587611
0.0096434239
0.0097306398
0.0095325159
0.0096402568
0.0094628461
0.0095003552
0.0093620471
0.0093722564
0.0092443445
0.0092375800
0.0091121670
0.0090954921
0.0089692498
0.0089585117
0.0087849638
0.0087916796
0.0087479025
0.0085751074
0.0071010033
0.0078202559
0.0070807663
0.0075331484
0.0084465474
0.0078712569
0.0080252379
0.0076914826
0.0078827051
0.0076585324
0.0071739584
0.0070915884
0.0130595233
0.0157049583
0.0156641375
0.0190754103
0.0199339164
0.0209933530
0.0213791333
0.0212803321
0.0213686761
0.0194854279
0.0158879385
0.0178048754
0.0168491230
0.0146369815
0.0077773180
0.0043557480
0.0058638318
0.0048176089
0.0051391437
0.0045028248
0.0048450112
0.0042498365
0.0044997110
0.0039597243
0.0041771166
0.0036544951
0.0038535573
0.0033350521
0.0035282404
0.0030179536
0.0032042164
0.0026190114
0.0029362982
0.0025017800
0.0020969114
0.0015246296
0.0091996842
0.0144820663
0.0160227119
0.0176518493
0.0179483459
0.0175363958
0.0204263267
0.0210666294
0.0222148156
0.0240522710
0.0243339334
0.0237630096
0.0238206599
0.0237822042
0.0235913604
0.0199208105
0.0206564242
0.0238150256
0.0213166680
0.0156993118
0.0126931225
0.0112364875
0.0110984667
0.0081874135
0.0069230383
-0.0005350341
-0.0036014409
-0.0025959245
-0.0032382283
-0.0034001850
-0.0036608911
-0.0037905815
-0.0040034764
-0.0042306527
-0.0043758718
-0.0046456394
-0.0047569894
-0.0050634304
-0.0051306401
-0.0054773228
-0.0055606942
-0.0058569594
-0.0057552588
-0.0066499967
-0.0066730383
-0.0017425329
0.0027052680
0.0003919899
0.0001529336
0.0003072281
-0.0003354275
-0.0062289982
-0.0009726923
-0.0050598260
-0.0096953460
-0.0081429633
-0.0088562587
-0.0086870004
-0.0098745108
-0.0095923594
-0.0025222576
0.0004917679
-0.0012773063
-0.0016045392
-0.0030144845
-0.0015935273
-0.0029600366
-0.0022979287
-0.0024128899
-0.0025241012
-0.0036477763
-0.0031084428
-0.0025570910
-0.0031507588
-0.0002194776
0.0006438259
0.0015984409
0.0019360618
0.0015821000
0.0029189504
0.0034657604
0.0029544108
0.0024303744
0.0029421102
0.0093469179
0.0112638345
0.0085173523
0.0073266750
0.0086959177
0.0098108135
0.0088860006
0.0083745868
0.0083703065
0.0067906964
0.0074060657
0.0063951545
0.0078700647
0.0090497034
0.0066493930
0.0019450623
0.0022903011
-0.0007021251
-0.0018513920
-0.0002340272
-0.0012373293
-0.0023892697
-0.0035777292
-0.0043019842
-0.0056405134
-0.0081789319
-0.0102749293
-0.0106499241
-0.0175728877
-0.0195625211
-0.0196475701
-0.0198890701
-0.0202456301
-0.0202245974
-0.0204981695
-0.0204679743
-0.0207791183
-0.0207196139
-0.0211050347
-0.0208610455
-0.0211804425
-0.0217010281
-0.0217261273
-0.0142727502
-0.0130570755
-0.0136064016
-0.0130717023
-0.0131653280
-0.0128324048
-0.0132669771
-0.0093582610
-0.0089801107
-0.0098233439
-0.0097229325
-0.0097734013
-0.0097914464
-0.0101140745
-0.0110130784
-0.0090785842
-0.0069922527
-0.0062507465
-0.0023703062
0.0001385141
0.0000204145
0.0026322427
0.0039333917
0.0061737449
0.0059795731
0.0048346504
0.0050488983
0.0025621865
0.0043205978
0.0035291655
-0.0005674666
-0.0010382078
0.0000287214
-0.0057784901
-0.0089629466
-0.0098108600
-0.0107452868
-0.0090359836
-0.0086909128
-0.0089002450
-0.0104525344
-0.0109728205
-0.0110079181
-0.0110899070
-0.0095674241
-0.0092699211
-0.0110000156
-0.0099595475
-0.0093681997
-0.0110783217
-0.0103155654
-0.0108727950
-0.0105091785
-0.0108389488
-0.0119122596
-0.0130889194
-0.0151964828
-0.0125724756
-0.0139357541
-0.0129532451
-0.0102518296
-0.0101095059
-0.0117022604
-0.0126425140
-0.0122484853
-0.0074357477
-0.0058437838
-0.0067313895
-0.0035941470
-0.0027488363
-0.0030389352
-0.0028998504
-0.0051865184
-0.0075540099
-0.0063468718
-0.0047984125
-0.0057842769
-0.0077900819
-0.0079275532
-0.0044820430
-0.0068277886
-0.0059669059
-0.0041814682
-0.0056868974
-0.0049961157
-0.0049309372
-0.0049190953
-0.0051369045
-0.0050497427
-0.0052262533
-0.0052117097
-0.0053629989
-0.0051985332
-0.0055448821
-0.0066670737
-0.0063348195
-0.0072782935
-0.0126797138
-0.0140976181
-0.0148255860
-0.0155616430
-0.0152390244
-0.0154364121
-0.0161005776
-0.0157082776
-0.0140012409
-0.0137150285
-0.0125034450
-0.0120525404
-0.0120816166
-0.0120244327
-0.0133037676
-0.0150272153
-0.0151981489
-0.0172643538
-0.0196237385
-0.0247655018
-0.0265441610
-0.0255613184
-0.0258625327
-0.0256126125
-0.0256258089
-0.0253570701
-0.0253247533
-0.0251548277
-0.0250543917
-0.0247909330
-0.0247836620
-0.0257992521
-0.0250080430
-0.0250566512
-0.0251683119
-0.0280122091
-0.0292081382
-0.0278319691
-0.0258323194
-0.0243465334
-0.0249593125
-0.0243381443
-0.0245327995
-0.0227665317
-0.0225280251
-0.0222092738
-0.0223460517
-0.0217618541
-0.0218796519
-0.0217371896
-0.0218479074
-0.0168244056
-0.0141206378
-0.0117748477
-0.0098373416
-0.0085446980
-0.0078893255
-0.0052388983
-0.0072425287
-0.0063207441
-0.0019351217
-0.0023047176
-0.0048713637
-0.0073697948
-0.0088240360
-0.0078232019
-0.0106604919
-0.0109444593
-0.0116046741
-0.0128284150
-0.0176678261
-0.0198200100
-0.0184848218
-0.0188634983
-0.0184095464
-0.0184793439
-0.0180128285
-0.0180401881
-0.0176434781
-0.0176208917
-0.0172486297
-0.0172051041
-0.0168462806
-0.0167928606
-0.0164353807
-0.0163733374
-0.0160217246
-0.0159986889
-0.0155340818
-0.0154820578
-0.0155085214
-0.0151903313
-0.0101486191
-0.0091791213
-0.0072699538
-0.0045983127
-0.0047270050
-0.0036104426
-0.0040959156
-0.0035564371
-0.0040837903
-0.0034712388
-0.0006959884
-0.0004865213
0.0015665502
0.0026707544
0.0007232211
0.0004777081
0.0015695279
0.0014801875
0.0004758886
0.0006683433
0.0021100064
0.0016158923
-0.0004777475
0.0008632454
0.0022043531
0.0015716531
0.0019650470
0.0016820102
-0.0001530921
0.0001503416
-0.0017472602
-0.0025350747
-0.0029090569
-0.0032043986
-0.0048252003
-0.0054017754
-0.0040562461
-0.0033551490
-0.0050399214
-0.0066293642
-0.0096518272
-0.0107255490
-0.0099202032
-0.0100580899
-0.0096374394
-0.0095569440
-0.0094566871
-0.0093105420
-0.0058533140
-0.0044026240
-0.0041657396
-0.0021683203
-0.0012306204
-0.0028009666
-0.0034695597
-0.0067164182
-0.0081043404
-0.0071573594
-0.0073269777
-0.0069326492
-0.0069281559
-0.0065063613
-0.0064957987
-0.0060983468
-0.0060764755
-0.0056827197
-0.0056862148
-0.0052055105
-0.0052587323
-0.0050475894
-0.0047315178
-0.0019148109
-0.0035894212
-0.0021744524
0.0002562235
0.0011922524
0.0012334926
0.0020403051
0.0030304840
0.0030547355
0.0029721116
0.0048099299
0.0063776424
0.0042521003
0.0054671758
0.0061731819
0.0066275749
0.0060062187
0.0050205891
0.0064120453
0.0061172800
0.0055177483
0.0059477052
0.0057201933
0.0063551954
0.0061433856
0.0062920431
0.0057027361
0.0050508411
0.0035719355
0.0032677722
0.0039338389
0.0036393169
0.0038329528
0.0032371038
0.0037197771
0.0034076077
0.0037362739
0.0034865053
0.0038040891
0.0035837767
0.0037502953
0.0036978205
0.0048562157
0.0042566853
0.0047685269
0.0055201965
0.0051943839
0.0057144541
0.0055423904
0.0054511303
0.0057930143
0.0058964916
0.0057939741
0.0057634634
0.0057295252
0.0055753077
0.0055631032
0.0049354720
0.0055221952
0.0056509845
0.0048934502
0.0040978672
0.0045739941
0.0049340499
0.0047498829
0.0040203078
0.0037530379
0.0041141799
0.0039100359
0.0036069158
0.0038005390
0.0041415054
0.0039856848
0.0041070846
0.0037749481
0.0037863894
0.0037794196
0.0038588301
0.0037934641
0.0038945420
0.0040873864
0.0041906527
0.0041380910
0.0047521081
0.0047126723
0.0046347553
0.0051836501
0.0053206836
0.0046734782
0.0050149548
0.0052320638
0.0050975209
0.0048285421
0.0047071182
0.0045319123
0.0044534916
0.0046482600
0.0044909763
0.0043741187
0.0046475111
0.0048668838
0.0046977388
0.0043660914
0.0043604947
0.0045410252
0.0042005738
0.0042119483
0.0044344381
0.0040762486
0.0039786055
0.0039124312
0.0039975367
0.0039276890
0.0038842410
0.0040273175
0.0040679903
0.0039499068
0.0039331235
0.0039716451
0.0039688490
0.0038374459
0.0038720029
0.0039668522
0.0037708634
0.0036724305
0.0038039735
0.0038221038
0.0034624132
0.0034102778
0.0038481849
0.0036516337
0.0035203932
0.0036471953
0.0036680714
0.0036986296
0.0037362596
0.0040448131
0.0041038654
0.0041036277
0.0041599307
0.0042734094
0.0043314918
0.0042893487
0.0042173415
0.0041883010
0.0042245774
0.0042919063
0.0042631741
0.0042228179
0.0042237242
0.0042241611
0.0042626518
0.0042621767
0.0043284530
0.0043435580
0.0043249043
0.0043049951
0.0043179437
0.0043509570
0.0043611567
0.0043617214
0.0043505893
0.0043878449
0.0044085581
0.0044118930
0.0044152558
0.0043652442
0.0043648893
0.0043518199
0.0043364045
0.0043179764
0.0043296257
0.0043155433
0.0042944673
0.0042864017
0.0042692557
0.0042529404
0.0042435556
0.0042062691
0.0041964639
0.0041841989
0.0041730938
0.0041421576
0.0041247032
0.0041124007
0.0041043598
0.0040725186
0.0040523093
0.0040481687
0.0040365334
0.0040220744
0.0040160668
0.0039995994
0.0039889816
0.0039792845
0.0039620517
0.0039514661
0.0039466001
0.0039444106
0.0039383120
0.0039285637
0.0039224676
0.0039107110
0.0039018270
0.0038910399
0.0038805940
0.0038687861
0.0038566083
0.0038447181
0.0038336578
0.0038224535
0.0038106242
0.0037969444
0.0037846800
0.0037719834
0.0037589168
0.0037460558
0.0037337743
0.0037207868
0.0037081784
0.0036952570
0.0036827336
0.0036695984
0.0036567854
0.0036436499
0.0036305787
0.0036172811
0.0036040938
0.0035906631
0.0035773359
0.0035638325
0.0035503591
0.0035367654
0.0035231795
0.0035094954
0.0034958016
0.0034820354
0.0034682443
0.0034543980
0.0034405183
0.0034265973
0.0034126409
