0.0004802048
0.0005090728
0.0005376873
0.0005658453
0.0005938908
0.0006216313
0.0006491716
0.0006781095
0.0007070488
0.0007329247
0.0007585493
0.0007871373
0.0008139200
0.0008375237
0.0008626819
0.0008870707
0.0009102006
0.0009367079
0.0009626707
0.0009862544
0.0010140803
0.0010408399
0.0010608146
0.0010764361
0.0010957139
0.0011164806
0.0011390154
0.0011612033
0.0011817898
0.0011925860
0.0012051421
0.0012410902
0.0013020288
0.0013359169
0.0013244202
0.0013270592
0.0013687232
0.0014060652
0.0014012998
0.0013875133
0.0013979848
0.0014065065
0.0014091748
0.0014310407
0.0014551931
0.0014551537
0.0014280513
0.0014298417
0.0015034449
0.0015742937
0.0015588065
0.0015626291
0.0015702406
0.0015306468
0.0015093490
0.0015086247
0.0015375509
0.0016103848
0.0016045136
0.0015463922
0.0015697701
0.0016342243
0.0016434597
0.0016034781
0.0015885808
0.0016242965
0.0016442229
0.0015923339
0.0015405007
0.0015140079
0.0015025107
0.0014871325
0.0015843304
0.0017459404
0.0016914509
0.0015245197
0.0014930030
0.0015763884
0.0015689747
0.0015346168
0.0015068234
0.0014722045
0.0014169584
0.0013661738
0.0013383275
0.0012402302
0.0011463217
0.0011600767
0.0012142197
0.0012498412
0.0012441546
0.0011806506
0.0011839336
0.0012023947
0.0012325733
0.0011687234
0.0010877048
0.0010890632
0.0010380300
0.0009464440
0.0008481180
0.0009139052
0.0010659958
0.0010005605
0.0008873096
0.0009526204
0.0010527991
0.0009878160
0.0007725760
0.0006688984
0.0007345665
0.0008563248
0.0008349955
0.0005911003
0.0003838012
0.0003315953
0.0002264352
0.0000888201
0.0000259133
0.0000762079
0.0001740651
0.0001870386
0.0002385635
0.0003594043
0.0002872465
0.0002159393
0.0002619895
0.0001387845
-0.0000795348
-0.0002171508
-0.0003504242
-0.0005068591
-0.0005863196
-0.0006050219
-0.0005189897
-0.0005615975
-0.0007489462
-0.0007316115
-0.0006499707
-0.0007253445
-0.0008376208
-0.0009335729
-0.0011135840
-0.0013203774
-0.0013189403
-0.0012499433
-0.0012626987
-0.0013053640
-0.0016155655
-0.0019354680
-0.0020351637
-0.0019052485
-0.0016730280
-0.0016002691
-0.0016536750
-0.0018598997
-0.0020999798
-0.0021989454
-0.0023571102
-0.0024517546
-0.0025070335
-0.0025298767
-0.0023732296
-0.0023535359
-0.0025410386
-0.0026591460
-0.0026943964
-0.0029358747
-0.0033434831
-0.0033370976
-0.0031395145
-0.0032304393
-0.0032168335
-0.0032076703
-0.0034344130
-0.0034647076
-0.0033168260
-0.0035004244
-0.0039996053
-0.0040848901
-0.0039269452
-0.0042347387
-0.0046063134
-0.0045595586
-0.0042666056
-0.0041460233
-0.0041586303
-0.0042881068
-0.0044452354
-0.0044275572
-0.0046268930
-0.0049734429
-0.0051139248
-0.0051996487
-0.0051970140
-0.0053343792
-0.0055651743
-0.0055037670
-0.0052595622
-0.0052124705
-0.0056059971
-0.0059746648
-0.0059277120
-0.0058722656
-0.0060833549
-0.0064128940
-0.0065626823
-0.0064040804
-0.0061713172
-0.0059853573
-0.0063463476
-0.0069192483
-0.0070153131
-0.0067377593
-0.0066723350
-0.0069603038
-0.0071060545
-0.0066961693
-0.0063618412
-0.0066571333
-0.0071689287
-0.0076355610
-0.0078056970
-0.0077240567
-0.0076414702
-0.0077712662
-0.0081070302
-0.0080064753
-0.0076630627
-0.0074951827
-0.0074461108
-0.0075884989
-0.0078182497
-0.0078702831
-0.0076614163
-0.0077542561
-0.0084959717
-0.0090540723
-0.0090155215
-0.0089492843
-0.0091649856
-0.0093236922
-0.0088917421
-0.0083377226
-0.0082270930
-0.0084711541
-0.0086472005
-0.0085378753
-0.0084270848
-0.0084282574
-0.0087345384
-0.0092361497
-0.0095406107
-0.0094833202
-0.0094149733
-0.0092148759
-0.0088084855
-0.0087519766
-0.0090737918
-0.0090550076
-0.0087957233
-0.0089634629
-0.0092993556
-0.0094627262
-0.0093183763
-0.0092271262
-0.0093647505
-0.0093571575
-0.0093142824
-0.0092171586
-0.0093814683
-0.0098523714
-0.0102891519
-0.0106335848
-0.0102701579
-0.0093165249
-0.0081655661
-0.0071846242
-0.0071140379
-0.0079938810
-0.0091909276
-0.0094637722
-0.0087691896
-0.0082477749
-0.0085402236
-0.0091521071
-0.0092861940
-0.0087271859
-0.0081368256
-0.0082443228
-0.0089463495
-0.0095622298
-0.0094230767
-0.0089295114
-0.0087116952
-0.0085276611
-0.0074989200
-0.0060914909
-0.0061306671
-0.0079980726
-0.0101977397
-0.0107450817
-0.0090062960
-0.0069928387
-0.0067017146
-0.0080456208
-0.0091852036
-0.0090454240
-0.0082591764
-0.0079398843
-0.0090406927
-0.0099721589
-0.0082905500
-0.0053194687
-0.0042437486
-0.0056165554
-0.0071094577
-0.0065423329
-0.0048156176
-0.0045122851
-0.0065558294
-0.0091595136
-0.0097085573
-0.0075992323
-0.0047031821
-0.0038050723
-0.0053644292
-0.0068971925
-0.0069451651
-0.0064677216
-0.0066067994
-0.0069596750
-0.0061826429
-0.0045935478
-0.0034128531
-0.0034821270
-0.0048388325
-0.0062509118
-0.0059719557
-0.0037570827
-0.0023140705
-0.0034876907
-0.0053575413
-0.0058473065
-0.0043611504
-0.0019938175
-0.0008729317
-0.0019577719
-0.0040919121
-0.0050805490
-0.0039204898
-0.0013850693
0.0002024435
-0.0002865533
-0.0015723998
-0.0022525074
-0.0020398700
-0.0016735132
-0.0014890480
-0.0016223028
-0.0013692485
0.0000673126
0.0024939795
0.0039217523
0.0031500743
0.0010572079
-0.0010968519
-0.0027912782
-0.0041234638
-0.0042495957
-0.0025052291
0.0010458800
0.0044563204
0.0052480370
0.0032778181
0.0008810501
0.0009330844
0.0040642737
0.0074601906
0.0079279277
0.0054636676
0.0023336333
0.0008197188
0.0014211273
0.0030010333
0.0040744905
0.0044181921
0.0053032609
0.0067291169
0.0073293742
0.0063206447
0.0042726547
0.0025750173
0.0018548099
0.0023353392
0.0036387480
0.0051618828
0.0067715596
0.0091011974
0.0129241153
0.0169288021
0.0179694286
0.0149104530
0.0098316740
0.0062510028
0.0063706818
0.0084106102
0.0089828438
0.0068650051
0.0049102774
0.0064631360
0.0106305958
0.0135808114
0.0126646713
0.0096506566
0.0097250801
0.0148673788
0.0212165904
0.0228363635
0.0176515713
0.0098620748
0.0058981990
0.0082482358
0.0130436054
0.0149024942
0.0113855082
0.0054923574
0.0037149695
0.0086803511
0.0156945804
0.0188253548
0.0161984335
0.0117022561
0.0107041996
0.0148303039
0.0212824459
0.0256587335
0.0262085387
0.0245547955
0.0236305954
0.0248632105
0.0269338080
0.0274992239
0.0258200267
0.0235973466
0.0226608157
0.0227242256
0.0211367731
0.0158049923
0.0074749451
-0.0015201507
-0.0088578797
-0.0120590591
-0.0086879414
0.0016855101
0.0164294971
0.0315911722
0.0439527207
0.0523232882
0.0572733760
0.0587088119
0.0552597494
0.0469244154
0.0373503349
0.0307355588
0.0266133146
0.0203277482
0.0092512957
-0.0039175643
-0.0138105470
-0.0175275993
-0.0173706835
-0.0182313711
-0.0216737927
-0.0233135544
-0.0178858905
-0.0053676517
0.0085982317
0.0181786552
0.0207173602
0.0178236119
0.0146822128
0.0178964604
0.0305872519
0.0483945304
0.0621233613
0.0658843970
0.0609580003
0.0549880154
0.0569037127
0.0680019561
0.0794901951
0.0808843804
0.0694957989
0.0538280698
0.0460432281
0.0496598668
0.0556979218
0.0521589988
0.0359793419
0.0153345707
0.0018642110
0.0013448337
0.0091173692
0.0159339671
0.0167058645
0.0150068006
0.0183103004
0.0286263300
0.0406846195
0.0477552681
0.0474003042
0.0434227477
0.0416099362
0.0440644843
0.0474842852
0.0459418553
0.0350826326
0.0150146035
-0.0083663473
-0.0259256782
-0.0301717947
-0.0209544411
-0.0073555387
-0.0001798938
-0.0026322288
-0.0093591281
-0.0131425465
-0.0126665698
-0.0121048781
-0.0148072206
-0.0171385492
-0.0106859693
0.0080006321
0.0336658657
0.0570676557
0.0710941763
0.0746996257
0.0722344751
0.0682238944
0.0651581936
0.0634140308
0.0613627814
0.0577114007
0.0545133651
0.0556439796
0.0604113484
0.0627599082
0.0572970577
0.0434747360
0.0255095272
0.0096853427
-0.0007409474
-0.0072178717
-0.0111292969
-0.0110461957
-0.0045249698
0.0079235653
0.0198496821
0.0222989532
0.0118301759
-0.0063355161
-0.0236865061
-0.0348415673
-0.0394991983
-0.0399252556
-0.0369858578
-0.0293889826
-0.0167361883
-0.0002564451
0.0173715713
0.0321341451
0.0420775091
0.0490010734
0.0557721304
0.0637106328
0.0704539087
0.0714835520
0.0634574361
0.0452408744
0.0188580287
-0.0073781608
-0.0234142740
-0.0264873423
-0.0216479181
-0.0155609800
-0.0123555928
-0.0124906654
-0.0139509975
-0.0156357741
-0.0180736150
-0.0208762371
-0.0222641402
-0.0210904096
-0.0179436989
-0.0154471248
-0.0170409679
-0.0227552655
-0.0292098849
-0.0333277139
-0.0351804485
-0.0366628183
-0.0382535652
-0.0377065343
-0.0311005946
-0.0163999191
0.0044518121
0.0266977004
0.0453153576
0.0574988960
0.0637410979
0.0651505633
0.0614838151
0.0522422798
0.0390890064
0.0267038011
0.0209283682
0.0248855506
0.0365645784
0.0496120575
0.0586941183
0.0632547216
0.0663115899
0.0699502828
0.0737672379
0.0766169962
0.0776111352
0.0757022199
0.0703048108
0.0617606198
0.0503092567
0.0365168706
0.0227418237
0.0113795255
0.0034114508
-0.0012109830
-0.0026008220
-0.0005238563
0.0045546328
0.0111962004
0.0174888966
0.0213098351
0.0215034596
0.0188073203
0.0153733090
0.0128022813
0.0130195620
0.0178049981
0.0252251622
0.0295527870
0.0258959814
0.0136926477
-0.0033622324
-0.0195122552
-0.0294139019
-0.0329862223
-0.0355177892
-0.0412172562
-0.0480323335
-0.0484598019
-0.0370309576
-0.0155161167
0.0081449325
0.0260910421
0.0372989747
0.0454463551
0.0531977228
0.0593241151
0.0606253371
0.0555413634
0.0454021444
0.0337430466
0.0229017822
0.0117059390
-0.0023367357
-0.0203647460
-0.0391030308
-0.0523533309
-0.0567810782
-0.0547814920
-0.0524346557
-0.0548426030
-0.0600640989
-0.0593244637
-0.0452793339
-0.0193472345
0.0094513036
0.0314185516
0.0415358860
0.0402748857
0.0316307934
0.0209684783
0.0122283419
0.0050074447
-0.0035866379
-0.0137652625
-0.0216071556
-0.0234356313
-0.0180863326
-0.0066069863
0.0065222159
0.0151013116
0.0171160676
0.0166939699
0.0205085103
0.0311039786
0.0464987003
0.0643417025
0.0831024835
0.1020644844
0.1191379453
0.1296917057
0.1341971653
0.1430599878
0.1569622026
0.1532421536
0.1251863418
0.0850323616
0.0124109316
-0.0877563821
-0.1815930181
-0.2942226917
-0.3540248629
-0.3933006123
-0.4042211110
-0.3018444156
-0.2010429560
-0.2462800969
-0.2143565691
-0.1486755726
-0.1335359083
-0.1258385553
-0.1063275557
-0.0811472088
-0.0511904542
-0.0188405192
0.0158160918
0.0524395346
0.0877977209
0.1168434569
0.1369196370
0.1507095168
0.1605535028
0.1648835744
0.1622795345
0.1509463224
0.1282170217
0.0942046610
0.0531756250
0.0110248293
-0.0281370306
-0.0609355441
-0.0848645188
-0.0995388579
-0.1066015149
-0.1080523751
-0.1054034599
-0.0994001956
-0.0909493540
-0.0819087482
-0.0741801533
-0.0692186371
-0.0675506494
-0.0687985294
-0.0713553096
-0.0738760686
-0.0758356095
-0.0765573137
-0.0749477583
-0.0705838933
-0.0643418899
-0.0587072266
-0.0562395001
-0.0561406665
-0.0562682493
-0.0566035587
-0.0597769045
-0.0668982708
-0.0742313490
-0.0772543759
-0.0762597809
-0.0746855686
-0.0750127613
-0.0797900694
-0.0910182126
-0.1054464075
-0.1171001949
-0.1221674473
-0.1204705075
-0.1134780169
-0.1039059375
-0.0931380869
-0.0808436514
-0.0670878667
-0.0531786211
-0.0406265584
-0.0295146325
-0.0177775497
-0.0026427422
0.0163115308
0.0350689101
0.0461280822
0.0438274625
0.0303415993
0.0118491415
-0.0088517678
-0.0319154823
-0.0573499970
-0.0830479597
-0.1045823436
-0.1184725338
-0.1248256246
-0.1266663540
-0.1276208549
-0.1293611882
-0.1305214870
-0.1264865516
-0.1123554118
-0.0884586828
-0.0637901356
-0.0480704617
-0.0408280147
-0.0362914925
-0.0322784235
-0.0269548933
-0.0180578805
-0.0063169827
0.0065604813
0.0204003867
0.0352676212
0.0498678683
0.0620462511
0.0699212611
0.0731525061
0.0733179274
0.0723708488
0.0717090894
0.0714822864
0.0698852301
0.0654132874
0.0585546934
0.0500971323
0.0405565757
0.0272509503
0.0052706605
-0.0240298771
-0.0526803322
-0.0762623406
-0.0963655168
-0.1144090894
-0.1307787441
-0.1461739356
-0.1581651544
-0.1640647376
-0.1658612612
-0.1666119873
-0.1683175273
-0.1703023815
-0.1717559557
-0.1710995819
-0.1658277117
-0.1567041604
-0.1454265279
-0.1344038803
-0.1250041985
-0.1168016475
-0.1093182662
-0.1033092027
-0.0982938953
-0.0945406872
-0.0949454562
-0.1020670826
-0.1148406855
-0.1300505427
-0.1457159755
-0.1601481100
-0.1690262021
-0.1686765255
-0.1601181776
-0.1466192471
-0.1298476964
-0.1097839458
-0.0858822229
-0.0579357509
-0.0273346981
0.0033869311
0.0326845980
0.0603773130
0.0872031781
0.1135370782
0.1385707203
0.1603418210
0.1773987053
0.1893799488
0.1961337919
0.1988888498
0.1997502774
0.1971941661
0.1861563877
0.1633511585
0.1315373917
0.0971924986
0.0673154708
0.0460615482
0.0325600413
0.0236609129
0.0153081506
0.0061938655
0.0000327952
0.0010210221
0.0097973309
0.0243492998
0.0425738180
0.0645502972
0.0897235175
0.1115381377
0.1195996665
0.1101573535
0.0900039515
0.0675634277
0.0450737686
0.0217971148
-0.0021351468
-0.0266524975
-0.0522423042
-0.0775165759
-0.0986033704
-0.1108419436
-0.1108424201
-0.0974889048
-0.0725769720
-0.0397072364
-0.0022134875
0.0373498967
0.0751626648
0.1076090103
0.1347276213
0.1582464245
0.1780001007
0.1923261255
0.2010884563
0.2048935772
0.2040107824
0.1976208451
0.1848009442
0.1652332828
0.1390690554
0.1079897098
0.0764213073
0.0498443797
0.0309223479
0.0193346141
0.0149481649
0.0170171180
0.0234420144
0.0315029274
0.0403309876
0.0522718234
0.0698045358
0.0909252486
0.1107214304
0.1256023561
0.1347216216
0.1398610858
0.1424739224
0.1402046699
0.1311758239
0.1185993243
0.1063796943
0.0963214366
0.0883318680
0.0809854623
0.0727680517
0.0632653767
0.0532367471
0.0433128116
0.0337457078
0.0261255960
0.0233626151
0.0265232050
0.0327356068
0.0374778699
0.0387343892
0.0379865342
0.0362997867
0.0342656931
0.0336716571
0.0352268572
0.0381147387
0.0412736537
0.0433126150
0.0443852865
0.0462807251
0.0496290159
0.0528229222
0.0537611881
0.0513964718
0.0468102340
0.0430389302
0.0417767780
0.0427169453
0.0444684663
0.0444496024
0.0402578343
0.0308212844
0.0169593467
0.0004017833
-0.0168216577
-0.0326560104
-0.0443473225
-0.0512876630
-0.0566280138
-0.0645486046
-0.0763740036
-0.0912681978
-0.1077214630
-0.1240860482
-0.1382302643
-0.1473206085
-0.1495580303
-0.1462640981
-0.1403258737
-0.1327316050
-0.1235150230
-0.1134474553
-0.1038417088
-0.0966703507
-0.0929711732
-0.0943526328
-0.1008858533
-0.1091654911
-0.1147742265
-0.1155127060
-0.1126331871
-0.1099564501
-0.1110216610
-0.1162780968
-0.1229487695
-0.1277852411
-0.1293303420
-0.1277056668
-0.1236381106
-0.1178530925
-0.1113921109
-0.1048155106
-0.0976643175
-0.0884148882
-0.0765048221
-0.0621592438
-0.0470058145
-0.0332560601
-0.0216529656
-0.0116191220
-0.0030040235
0.0037952597
0.0089899981
0.0131624492
0.0169338145
0.0199641075
0.0213589140
0.0214004921
0.0209500938
0.0200513623
0.0199911406
0.0237662168
0.0320617051
0.0428468872
0.0536722779
0.0634243969
0.0726929340
0.0826856314
0.0931276247
0.1016897901
0.1058903610
0.1058228281
0.1027219635
0.0977697376
0.0925253890
0.0871066047
0.0806028893
0.0730452758
0.0659868638
0.0607486621
0.0573798253
0.0549505692
0.0528226947
0.0507512610
0.0477174126
0.0416214422
0.0315972871
0.0188634814
0.0053915495
-0.0068289411
-0.0177290037
-0.0290832980
-0.0405463959
-0.0497237805
-0.0559532552
-0.0604608793
-0.0648256093
-0.0696010991
-0.0739538648
-0.0766158673
-0.0753653868
-0.0669821053
-0.0505883988
-0.0302555291
-0.0113490128
0.0035116689
0.0145372878
0.0224584655
0.0282985243
0.0348564455
0.0448884944
0.0583818578
0.0737746571
0.0889328762
0.1015958801
0.1112871256
0.1179916225
0.1201703789
0.1158656941
0.1052672457
0.0916254311
0.0803827963
0.0741477680
0.0718127081
0.0720122452
0.0744560441
0.0784603830
0.0827479112
0.0857812426
0.0850300369
0.0788867061
0.0695937499
0.0604763141
0.0515888487
0.0414938863
0.0294284028
0.0155041402
0.0000692677
-0.0152385843
-0.0279911618
-0.0372612131
-0.0441743466
-0.0506269443
-0.0582462747
-0.0679856812
-0.0789582593
-0.0897616078
-0.0988882784
-0.1032656019
-0.1001460083
-0.0906353882
-0.0786981408
-0.0671136701
-0.0569601252
-0.0497432306
-0.0464025041
-0.0467564759
-0.0506770439
-0.0574711254
-0.0650090546
-0.0702780112
-0.0715997104
-0.0696306497
-0.0658569393
-0.0609000794
-0.0545199853
-0.0462692815
-0.0365594280
-0.0262484895
-0.0159998097
-0.0068362172
0.0014480458
0.0106981709
0.0217597855
0.0331740044
0.0432534096
0.0503639990
0.0521526490
0.0482623040
0.0426879426
0.0399137870
0.0409070098
0.0441371181
0.0483436351
0.0538099391
0.0610226650
0.0702925632
0.0806400040
0.0899788449
0.0969219557
0.1008669618
0.1014471006
0.0984516480
0.0939698512
0.0909466431
0.0891424876
0.0863229697
0.0805117568
0.0706033752
0.0573928079
0.0433662489
0.0305055147
0.0187216010
0.0080196384
-0.0002513289
-0.0045217540
-0.0052965256
-0.0058444440
-0.0088890016
-0.0141700948
-0.0206004076
-0.0274054975
-0.0338241427
-0.0396986694
-0.0455073319
-0.0508631283
-0.0544209730
-0.0562422483
-0.0576105949
-0.0597706937
-0.0628101191
-0.0659235208
-0.0687409468
-0.0722455778
-0.0773216155
-0.0841259051
-0.0915627431
-0.0979026283
-0.1021848228
-0.1043889783
-0.1049267795
-0.1043859296
-0.1034944076
-0.1033566446
-0.1045789173
-0.1068348803
-0.1091253980
-0.1101258731
-0.1089008385
-0.1048016945
-0.0989814371
-0.0930489684
-0.0878610070
-0.0838433679
-0.0808058699
-0.0774603480
-0.0718575258
-0.0638690507
-0.0550901072
-0.0469235905
-0.0412341829
-0.0389804706
-0.0380828541
-0.0361208267
-0.0322710443
-0.0266709188
-0.0192359018
-0.0101327042
0.0002497875
0.0115251587
0.0238398807
0.0374709318
0.0519770124
0.0665458896
0.0808424531
0.0943383783
0.1067895642
0.1167995288
0.1224761455
0.1235451403
0.1205379852
0.1144168475
0.1064381909
0.0983721804
0.0916208931
0.0873712239
0.0867519345
0.0896000975
0.0937606648
0.0973714910
0.1015796329
0.1080506243
0.1150514695
0.1201751772
0.1234939910
0.1248811835
0.1231859323
0.1183233753
0.1116524567
0.1047606492
0.0975260667
0.0893470831
0.0822563833
0.0790375047
0.0792727525
0.0795155576
0.0756282066
0.0661782207
0.0540077262
0.0423645333
0.0324205259
0.0238560144
0.0157697228
0.0080658164
0.0007118195
-0.0070593617
-0.0157257187
-0.0246835429
-0.0328116861
-0.0388123795
-0.0425099836
-0.0454140447
-0.0488398460
-0.0525240455
-0.0554571726
-0.0568977739
-0.0573896543
-0.0581395801
-0.0599424525
-0.0636013134
-0.0695115509
-0.0769162104
-0.0847299970
-0.0911875417
-0.0947682244
-0.0959402114
-0.0960258510
-0.0959458872
-0.0957503770
-0.0940602490
-0.0900300207
-0.0846645115
-0.0786758669
-0.0722479794
-0.0658552831
-0.0594727878
-0.0525320515
-0.0450729962
-0.0362394568
-0.0245512602
-0.0107847363
0.0024596975
0.0137337886
0.0233666325
0.0326162173
0.0426990418
0.0533927933
0.0633407473
0.0713237066
0.0768001606
0.0789126918
0.0777041057
0.0742929521
0.0701168032
0.0667531038
0.0650509453
0.0650880370
0.0667054999
0.0687273645
0.0691181208
0.0673130823
0.0642717593
0.0604179043
0.0555492556
0.0494134050
0.0418199646
0.0335760425
0.0262182255
0.0202735548
0.0155780397
0.0119244861
0.0089739177
0.0065031112
0.0055871629
0.0072950961
0.0113605960
0.0161567999
0.0194940925
0.0205942246
0.0201314795
0.0182713460
0.0151468145
0.0119313439
0.0090573090
0.0049941336
-0.0013172324
-0.0092088882
-0.0172442292
-0.0237621872
-0.0280191752
-0.0302976656
-0.0311833953
-0.0313270760
-0.0309755670
-0.0294918316
-0.0271521315
-0.0246618241
-0.0220033671
-0.0192667618
-0.0166528374
-0.0137339271
-0.0107516212
-0.0087974540
-0.0080144478
-0.0082959677
-0.0098255202
-0.0128071236
-0.0165559727
-0.0199690313
-0.0225889027
-0.0255504182
-0.0292850534
-0.0319218737
-0.0320497853
-0.0299068199
-0.0261436211
-0.0214444205
-0.0168369920
-0.0122799642
-0.0077462206
-0.0041085821
-0.0017799766
-0.0012298824
-0.0031713569
-0.0067771968
-0.0107987423
-0.0140211438
-0.0155030675
-0.0150844766
-0.0129911891
-0.0091695454
-0.0045140928
-0.0007996457
0.0012869599
0.0020728853
0.0018291401
0.0006808648
-0.0005748853
-0.0006522884
0.0014760849
0.0055549209
0.0109086784
0.0164122803
0.0210130533
0.0245839860
0.0276391263
0.0303987193
0.0316010806
0.0306966013
0.0291696944
0.0282606209
0.0279590422
0.0275394835
0.0259873120
0.0232453187
0.0203877250
0.0185012739
0.0178928912
0.0179928160
0.0184198309
0.0191214930
0.0200371409
0.0204282949
0.0200725571
0.0196815918
0.0188758579
0.0170777531
0.0150739432
0.0137553247
0.0133456315
0.0132040903
0.0129063748
0.0132727968
0.0147252824
0.0170086483
0.0200234038
0.0240052418
0.0276928305
0.0295655367
0.0293985933
0.0272898575
0.0229798401
0.0170587420
0.0108271754
0.0055405621
0.0015309830
-0.0014961217
-0.0040539298
-0.0069434585
-0.0102350182
-0.0130293856
-0.0147195645
-0.0154703362
-0.0159354696
-0.0169367947
-0.0192416920
-0.0225753574
-0.0255289661
-0.0264498121
-0.0241345778
-0.0187720589
-0.0121078167
-0.0060765073
-0.0008734470
0.0044414692
0.0099170984
0.0143664735
0.0161794292
0.0141574068
0.0088062912
0.0025268018
-0.0024505558
-0.0057034256
-0.0076362373
-0.0085926524
-0.0098383874
-0.0124591625
-0.0152930984
-0.0158712882
-0.0135496702
-0.0104545344
-0.0082179407
-0.0074671828
-0.0076110962
-0.0069237954
-0.0046623036
-0.0020161764
-0.0009606037
-0.0023053377
-0.0054932358
-0.0088254417
-0.0105535504
-0.0106013191
-0.0099575507
-0.0093725122
-0.0095291450
-0.0097974458
-0.0092504863
-0.0079993172
-0.0070001431
-0.0073726228
-0.0092250203
-0.0107759543
-0.0113682263
-0.0123669429
-0.0141382772
-0.0157724724
-0.0175526008
-0.0202280316
-0.0235428439
-0.0271283177
-0.0306941972
-0.0326378028
-0.0307130882
-0.0234949513
-0.0118368766
0.0016204550
0.0143584089
0.0247275995
0.0322198269
0.0372442148
0.0407880425
0.0426332561
0.0420527745
0.0393404642
0.0353419083
0.0311252926
0.0271962533
0.0226828558
0.0167871141
0.0099763428
0.0032149879
-0.0032689535
-0.0097340222
-0.0147660881
-0.0166165473
-0.0149384337
-0.0109212234
-0.0063954614
-0.0021631901
0.0021720869
0.0062043672
0.0087816945
0.0091907872
0.0073024254
0.0043437298
0.0017586360
-0.0001935787
-0.0015649621
-0.0017277921
-0.0003676590
0.0021246166
0.0046658678
0.0063312971
0.0084328043
0.0130625951
0.0204342651
0.0289954209
0.0369234390
0.0425678323
0.0446285798
0.0420231129
0.0357920235
0.0287782300
0.0229757787
0.0183847648
0.0144677996
0.0110363392
0.0080734551
0.0062726083
0.0064416528
0.0089270449
0.0129832982
0.0166104174
0.0179740848
0.0160531074
0.0111219868
0.0058080479
0.0028644896
0.0028527356
0.0049868668
0.0079464844
0.0100501268
0.0109772439
0.0120845098
0.0139515664
0.0166952912
0.0198929834
0.0222982357
0.0223293315
0.0185452779
0.0113546675
0.0028342241
-0.0053996700
-0.0125368013
-0.0187672438
-0.0240399244
-0.0275066633
-0.0280318753
-0.0250026506
-0.0195327725
-0.0134763316
-0.0084899072
-0.0057374682
-0.0047362691
-0.0043969588
-0.0038641421
-0.0026260284
-0.0015425757
-0.0018973023
-0.0043810942
-0.0078599259
-0.0105520650
-0.0120674689
-0.0126648577
-0.0131353430
-0.0141958106
-0.0159530141
-0.0186285327
-0.0218250317
-0.0245158549
-0.0254626804
-0.0235910473
-0.0186417706
-0.0123092281
-0.0068616768
-0.0033195511
-0.0016415366
-0.0012833388
-0.0016913005
-0.0025981351
-0.0045303691
-0.0078403591
-0.0125870856
-0.0185743989
-0.0249537185
-0.0305520562
-0.0341455905
-0.0344262118
-0.0315054427
-0.0271652025
-0.0234558811
-0.0216856063
-0.0214616533
-0.0220513588
-0.0240323149
-0.0280790236
-0.0331018348
-0.0371502558
-0.0390340073
-0.0389067050
-0.0371575064
-0.0338978004
-0.0293249003
-0.0235231019
-0.0169708545
-0.0107326036
-0.0052618120
-0.0008618693
0.0019799645
0.0029171570
0.0026132512
0.0023713114
0.0032712200
0.0051808671
0.0068762788
0.0073698298
0.0069687440
0.0066036676
0.0070951560
0.0083306047
0.0095811107
0.0097360234
0.0074443038
0.0026044228
-0.0035441433
-0.0089858691
-0.0123186960
-0.0135004266
-0.0132801778
-0.0126958976
-0.0125104540
-0.0128917526
-0.0127576350
-0.0115585008
-0.0102144344
-0.0093157101
-0.0084482635
-0.0077150784
-0.0079179912
-0.0097363731
-0.0127573472
-0.0158495550
-0.0181268811
-0.0195852458
-0.0207910957
-0.0219550285
-0.0228164730
-0.0224721836
-0.0214115125
-0.0206929322
-0.0208060608
-0.0218344571
-0.0237545008
-0.0258479109
-0.0272940564
-0.0275873493
-0.0260892154
-0.0226526952
-0.0179690136
-0.0133790858
-0.0096887722
-0.0068660359
-0.0045814944
-0.0027628813
-0.0012320022
0.0003588575
0.0019059405
0.0035234058
0.0058926682
0.0085834406
0.0111044415
0.0131103496
0.0144310196
0.0155343145
0.0165443393
0.0173526360
0.0185796750
0.0199754410
0.0207985315
0.0205957576
0.0194351158
0.0175229467
0.0150454082
0.0121962218
0.0092641194
0.0068315897
0.0053005234
0.0048392931
0.0059002174
0.0075778674
0.0079226084
0.0063312581
0.0035470935
0.0005674474
-0.0026396916
-0.0060324174
-0.0085088122
-0.0093344907
-0.0084879274
-0.0066476232
-0.0041134482
-0.0011304133
0.0019875078
0.0053654035
0.0088420020
0.0117096085
0.0135505743
0.0146243629
0.0147023600
0.0131207295
0.0105909589
0.0084831806
0.0071710678
0.0061317526
0.0043148153
0.0011520664
-0.0026434996
-0.0062753852
-0.0091299170
-0.0113340215
-0.0131255629
-0.0142566777
-0.0143180007
-0.0127512662
-0.0094053650
-0.0050475341
-0.0003595081
0.0036500139
0.0057509069
0.0056000611
0.0029988055
-0.0020327846
-0.0082290483
-0.0143799866
-0.0198552425
-0.0234386615
-0.0251555923
-0.0260946712
-0.0265765123
-0.0272130009
-0.0277051854
-0.0262031928
-0.0222577295
-0.0168978397
-0.0117952983
-0.0081362982
-0.0052398795
-0.0024141462
0.0002456089
0.0021631491
0.0033215329
0.0036542982
0.0030105635
0.0018191807
0.0009105319
0.0010842318
0.0017651634
0.0018670693
0.0013934221
0.0003827093
-0.0010267666
-0.0019337133
-0.0014601910
0.0003651862
0.0026975693
0.0053998667
0.0085247076
0.0117238534
0.0149940272
0.0180058130
0.0193627821
0.0179307854
0.0136805297
0.0074614742
0.0004337319
-0.0058127580
-0.0107933585
-0.0143401468
-0.0157592715
-0.0153160186
-0.0136938412
-0.0114682536
-0.0094074227
-0.0082421899
-0.0080132883
-0.0086145107
-0.0094115373
-0.0091583688
-0.0074531452
-0.0053822011
-0.0040228196
-0.0035526899
-0.0037021265
-0.0039925583
-0.0041269152
-0.0037404323
-0.0028091932
-0.0019602352
-0.0011458525
0.0004963833
0.0026778566
0.0042603630
0.0052693270
0.0058316558
0.0054436462
0.0042185012
0.0032636109
0.0034186174
0.0047075649
0.0061645831
0.0067648674
0.0063083281
0.0053953091
0.0043827258
0.0030562892
0.0008421159
-0.0024785917
-0.0055042363
-0.0068674501
-0.0069053276
-0.0064731623
-0.0057721798
-0.0046327054
-0.0026802853
-0.0000424212
0.0023403935
0.0037135802
0.0043738083
0.0053057056
0.0068153434
0.0083823912
0.0090077933
0.0081714182
0.0063268938
0.0035475463
-0.0001978852
-0.0045504597
-0.0092225458
-0.0130998707
-0.0151810687
-0.0158352189
-0.0159657624
-0.0153586963
-0.0130985333
-0.0093064679
-0.0043943760
0.0007608454
0.0054698733
0.0096868912
0.0129289033
0.0149859787
0.0157174225
0.0147396653
0.0121562892
0.0087923268
0.0053306319
0.0021160941
-0.0005816250
-0.0022370822
-0.0026801751
-0.0022765532
-0.0022195004
-0.0028662819
-0.0031732740
-0.0022786331
0.0000165362
0.0034701161
0.0069434786
0.0088511056
0.0082277507
0.0058718659
0.0032314183
0.0012720036
-0.0000961335
-0.0016895414
-0.0037748600
-0.0058771449
-0.0075470024
-0.0084405354
-0.0088650926
-0.0091581146
-0.0093196437
-0.0093036761
-0.0087514691
-0.0070918746
-0.0041921121
-0.0007386369
0.0024801147
0.0049872248
0.0064686441
0.0073108375
0.0080968581
0.0094344231
0.0115791652
0.0134681243
0.0139341361
0.0127961561
0.0103134531
0.0073706777
0.0054848965
0.0048294499
0.0044371476
0.0042976691
0.0044506399
0.0044562195
0.0041087793
0.0030422052
0.0010891607
-0.0005124748
-0.0011174806
-0.0010698738
-0.0006446808
-0.0001319305
0.0006005431
0.0018538019
0.0031913452
0.0039306412
0.0039712023
0.0032828486
0.0022144014
0.0009776714
-0.0002165308
-0.0010310080
-0.0014088015
-0.0014668897
-0.0005895289
0.0016122310
0.0039906092
0.0057936620
0.0070992635
0.0080232624
0.0080430135
0.0065645886
0.0036081229
0.0002232111
-0.0023041744
-0.0035446335
-0.0038947212
-0.0041256752
-0.0045621746
-0.0053821281
-0.0067200155
-0.0081209641
-0.0091176631
-0.0098180468
-0.0104911930
-0.0110747494
-0.0106452945
-0.0086976772
-0.0061225859
-0.0035662155
-0.0008473858
0.0016859799
0.0031538898
0.0036399296
0.0035465668
0.0031354222
0.0024252688
0.0011849650
-0.0000533699
-0.0003783325
0.0008167777
0.0033748177
0.0062455050
0.0089815316
0.0112843383
0.0130121592
0.0144875452
0.0152786951
0.0143721857
0.0120048741
0.0085903733
0.0049861873
0.0023039797
0.0006945537
-0.0003196921
-0.0006869324
-0.0007089867
-0.0013005252
-0.0024836865
-0.0036467396
-0.0046548116
-0.0055450918
-0.0061788585
-0.0061955005
-0.0061724097
-0.0070613617
-0.0082038306
-0.0087386996
-0.0086559367
-0.0078616589
-0.0063405504
-0.0045125208
-0.0017543636
0.0017897193
0.0057256003
0.0095342532
0.0126254506
0.0153476933
0.0181182729
0.0207364141
0.0230645412
0.0247569906
0.0252610551
0.0245269973
0.0227633642
0.0203248730
0.0180045477
0.0162972143
0.0148805092
0.0132138332
0.0110820232
0.0093373940
0.0083815961
0.0079901813
0.0080808911
0.0088611718
0.0103070537
0.0125220955
0.0156223263
0.0184745456
0.0198517992
0.0197264600
0.0185611557
0.0167493775
0.0144812938
0.0116405446
0.0082444873
0.0045526787
0.0011657510
-0.0011711164
-0.0025954303
-0.0035552367
-0.0031024786
-0.0013203843
0.0010384070
0.0041026224
0.0073719247
0.0101058850
0.0124179018
0.0142304564
0.0148938567
0.0147072292
0.0138987779
0.0125709503
0.0108115114
0.0084831837
0.0056905664
0.0032927825
0.0012429515
-0.0006617330
-0.0017002545
-0.0024638731
-0.0041957977
-0.0063998426
-0.0082512222
-0.0098256690
-0.0104504863
-0.0098287491
-0.0085481607
-0.0069970042
-0.0053750324
-0.0037641278
-0.0021151325
-0.0010077245
-0.0006193258
-0.0004118260
-0.0008014539
-0.0022966909
-0.0041821623
-0.0056589145
-0.0071226765
-0.0088264943
-0.0106900416
-0.0126444506
-0.0144560526
-0.0155880345
-0.0156095762
-0.0140258238
-0.0117859853
-0.0099398152
-0.0081824883
-0.0064099238
-0.0049728985
-0.0038309148
-0.0033673629
-0.0038630274
-0.0050887987
-0.0067716450
-0.0090940305
-0.0115454033
-0.0131898966
-0.0136641900
-0.0129421347
-0.0117372050
-0.0108570731
-0.0104878925
-0.0104973011
-0.0104865776
-0.0096165916
-0.0078124106
-0.0057789304
-0.0038718456
-0.0021337093
-0.0008194344
0.0002423541
0.0014590875
0.0029674971
0.0041904201
0.0046641528
0.0048948910
0.0050493450
0.0050202621
0.0052347338
0.0055912918
0.0051549660
0.0041014515
0.0035020139
0.0039891263
0.0049238809
0.0055464488
0.0055573231
0.0049051079
0.0036774674
0.0020524219
0.0006792270
-0.0003481799
-0.0006704128
0.0003009558
0.0017713462
0.0030139110
0.0041459437
0.0049004991
0.0048516754
0.0043542815
0.0034215830
0.0016682371
-0.0001574639
-0.0012935770
-0.0018932002
-0.0026094529
-0.0037087597
-0.0048767872
-0.0051579776
-0.0047108602
-0.0042203190
-0.0033228494
-0.0016358049
0.0008497056
0.0037903185
0.0063193022
0.0078673717
0.0086460313
0.0090739782
0.0097330630
0.0104160827
0.0106450124
0.0106193477
0.0106240544
0.0103279375
0.0097599011
0.0090049824
0.0079153863
0.0063376112
0.0041028592
0.0017598097
-0.0001866285
-0.0018716764
-0.0031394527
-0.0036412430
-0.0036342730
-0.0035885276
-0.0036505439
-0.0036324127
-0.0032968446
-0.0027052535
-0.0021152847
-0.0012508277
0.0003234887
0.0021097918
0.0035854841
0.0044122026
0.0043003821
0.0036833416
0.0029632614
0.0019196844
0.0007971870
0.0000300883
-0.0002352319
0.0000752870
0.0009040367
0.0016731770
0.0021245326
0.0022355519
0.0021968130
0.0022001683
0.0021449718
0.0017720126
0.0009158088
-0.0002266439
-0.0010361106
-0.0014165420
-0.0016465834
-0.0014446306
-0.0007215705
-0.0000700654
0.0001238435
-0.0004544370
-0.0019577466
-0.0041152495
-0.0068217445
-0.0094440162
-0.0110025566
-0.0114533892
-0.0111570206
-0.0108302923
-0.0107964317
-0.0104517801
-0.0092102233
-0.0070150912
-0.0043759435
-0.0019962872
-0.0000987575
0.0009241482
0.0007241898
-0.0000027548
-0.0008292278
-0.0015878362
-0.0017031449
-0.0015701128
-0.0017842799
-0.0017779492
-0.0013436287
-0.0002723052
0.0015673624
0.0038448058
0.0058966071
0.0076705294
0.0092146144
0.0103095754
0.0110942465
0.0113554981
0.0108691506
0.0092767920
0.0064995676
0.0031997762
-0.0000726776
-0.0032710066
-0.0057829985
-0.0074501888
-0.0086923912
-0.0093263908
-0.0088891209
-0.0078040717
-0.0061746478
-0.0041110437
-0.0021235463
-0.0002593491
0.0013277118
0.0020266576
0.0019192149
0.0012673907
0.0001390959
-0.0010199262
-0.0023219130
-0.0040388188
-0.0054423927
-0.0055554895
-0.0047311096
-0.0037456096
-0.0024133734
-0.0009394353
0.0003252188
0.0016330194
0.0029260258
0.0039847294
0.0047259946
0.0050185749
0.0051251791
0.0049426330
0.0042014564
0.0027440103
0.0009951948
-0.0009864053
-0.0030422044
-0.0046645428
-0.0059922201
-0.0067280531
-0.0061245185
-0.0043548735
-0.0022234145
-0.0000964865
0.0023573534
0.0045499509
0.0061031743
0.0073132016
0.0079065827
0.0078029284
0.0069550811
0.0051311094
0.0026698002
0.0003028418
-0.0012546406
-0.0015421485
-0.0010621676
-0.0004700818
0.0002603703
0.0015422259
0.0032973508
0.0049151584
0.0059721329
0.0056387566
0.0039202594
0.0015455553
-0.0009577493
-0.0031713011
-0.0048598418
-0.0063849689
-0.0078395068
-0.0091923515
-0.0102545968
-0.0107111750
-0.0105740028
-0.0101588056
-0.0095875127
-0.0082135733
-0.0061912321
-0.0039500620
-0.0014362441
0.0012136273
0.0034627224
0.0047491404
0.0050050669
0.0047590722
0.0041269704
0.0032259604
0.0022824957
0.0019220587
0.0021515073
0.0025094478
0.0028977393
0.0028608261
0.0024837835
0.0022907936
0.0020509796
0.0016168733
0.0008748960
-0.0003835460
-0.0017431006
-0.0031191614
-0.0045536945
-0.0056476526
-0.0063209195
-0.0071801154
-0.0080968069
-0.0085929081
-0.0091037089
-0.0094304071
-0.0083897076
-0.0063689437
-0.0045976885
-0.0034538834
-0.0026397905
-0.0023565757
-0.0026983742
-0.0030423154
-0.0032028327
-0.0030884720
-0.0028362901
-0.0025635311
-0.0022989653
-0.0021394712
-0.0022125533
-0.0018918552
-0.0012051798
-0.0010720498
-0.0016033923
-0.0023247833
-0.0031410128
-0.0044940104
-0.0065547674
-0.0085680463
-0.0097328317
-0.0102297721
-0.0101440785
-0.0093278667
-0.0081333497
-0.0071962352
-0.0066484375
-0.0062303054
-0.0054699317
-0.0046385190
-0.0043371733
-0.0041680865
-0.0034910020
-0.0025367053
-0.0016086624
-0.0002896731
0.0011185973
0.0022114851
0.0032126822
0.0039477560
0.0042887045
0.0039788440
0.0028397171
0.0011299842
-0.0007177826
-0.0021326706
-0.0022983845
-0.0011965282
0.0006198854
0.0029236330
0.0053032953
0.0076231143
0.0092071026
0.0099688310
0.0102253093
0.0102188644
0.0097477248
0.0088394225
0.0077387024
0.0067186730
0.0063318860
0.0065749181
0.0066138625
0.0059155746
0.0046316954
0.0032357018
0.0023903297
0.0021167269
0.0021752985
0.0020995749
0.0018189577
0.0016805885
0.0011215854
-0.0001912832
-0.0012243160
-0.0010411091
0.0000769187
0.0014364743
0.0027276457
0.0033708891
0.0034060993
0.0031591946
0.0023736340
0.0012586968
0.0002671695
-0.0003412541
-0.0005163210
-0.0003497886
-0.0002616234
-0.0008186847
-0.0016906817
-0.0018186654
-0.0014350537
-0.0015164625
-0.0019501191
-0.0023583298
-0.0028672315
-0.0035599689
-0.0039541818
-0.0039770873
-0.0035259579
-0.0024863969
-0.0009499778
0.0011643099
0.0033514708
0.0049636189
0.0058453549
0.0056400592
0.0042040614
0.0019815922
-0.0004137712
-0.0024856502
-0.0038495860
-0.0044012836
-0.0049162315
-0.0058838886
-0.0058884250
-0.0047596471
-0.0034336616
-0.0019747447
-0.0002701680
0.0015004617
0.0029612717
0.0035030862
0.0030515425
0.0018816816
0.0005172476
-0.0008544357
-0.0022555660
-0.0033407683
-0.0036413181
-0.0031352706
-0.0024634946
-0.0020980162
-0.0019637366
-0.0016563927
-0.0013150562
-0.0013674171
-0.0012856144
-0.0010968087
-0.0013136489
-0.0015254418
-0.0013158370
-0.0008821584
-0.0002416859
0.0006085193
0.0009266996
0.0005383899
-0.0001257742
-0.0010720139
-0.0017915604
-0.0015640578
-0.0007032525
0.0002712159
0.0010959040
0.0014205655
0.0010218828
-0.0001034752
-0.0016115769
-0.0028360441
-0.0038483250
-0.0050054102
-0.0061142445
-0.0069820368
-0.0077037558
-0.0080448148
-0.0073190151
-0.0062453720
-0.0057195677
-0.0055738298
-0.0051031018
-0.0040583810
-0.0032588536
-0.0030050983
-0.0031482637
-0.0033853676
-0.0039067805
-0.0049621497
-0.0058270401
-0.0062927428
-0.0070051489
-0.0077722663
-0.0086094452
-0.0094285670
-0.0099069298
-0.0099374327
-0.0092663186
-0.0077837099
-0.0060100037
-0.0042040955
-0.0025386405
-0.0013046697
-0.0001966865
0.0009567819
0.0016553175
0.0015841131
0.0017062305
0.0019741765
0.0012957695
-0.0004368499
-0.0020689393
-0.0028170768
-0.0033815695
-0.0042455995
-0.0047848475
-0.0045396751
-0.0036740203
-0.0021027924
0.0001952078
0.0021114357
0.0031709267
0.0039765352
0.0045377301
0.0047836366
0.0049153119
0.0054862528
0.0068584502
0.0079825638
0.0081505113
0.0079428924
0.0077999280
0.0079181623
0.0084746105
0.0094561275
0.0101734075
0.0101343673
0.0099144507
0.0096518846
0.0089264279
0.0078131430
0.0067667062
0.0062671921
0.0063529200
0.0065924606
0.0069414047
0.0074192776
0.0075209578
0.0069407654
0.0062057974
0.0057074095
0.0058268200
0.0067384309
0.0078100394
0.0084998375
0.0087997368
0.0088928241
0.0090416412
0.0092237369
0.0091354623
0.0088789224
0.0085251145
0.0077208460
0.0066007824
0.0057749840
0.0051111146
0.0043639598
0.0040452919
0.0041415469
0.0043660840
0.0044715160
0.0047793305
0.0055541717
0.0061510755
0.0054786678
0.0039087541
0.0022473980
0.0004012840
-0.0015464536
-0.0028629202
-0.0032687991
-0.0032502884
-0.0032035623
-0.0030213151
-0.0025924885
-0.0021732354
-0.0018145402
-0.0014927198
-0.0014043450
-0.0016424307
-0.0021068450
-0.0025986748
-0.0027845984
-0.0023170461
-0.0016042954
-0.0013619369
-0.0015001379
-0.0015553300
-0.0013773869
-0.0009237243
-0.0005434404
-0.0006889900
-0.0011912695
-0.0019949693
-0.0027420356
-0.0031049521
-0.0031085755
-0.0031920313
-0.0037786257
-0.0045611540
-0.0048452967
-0.0046357088
-0.0045897428
-0.0047056729
-0.0041871312
-0.0033828149
-0.0030777777
-0.0030415320
-0.0027361309
-0.0021958258
-0.0019496285
-0.0024028901
-0.0030553388
-0.0035250609
-0.0036851827
-0.0033817110
-0.0031628804
-0.0031589178
-0.0028921994
-0.0023600798
-0.0023264029
-0.0030825635
-0.0042187630
-0.0051441624
-0.0054715998
-0.0055252154
-0.0058647055
-0.0063676190
-0.0069181981
-0.0075026123
-0.0080782847
-0.0080577234
-0.0072607066
-0.0063722757
-0.0058089182
-0.0053799876
-0.0050494508
-0.0044581429
-0.0035089473
-0.0029908810
-0.0030018866
-0.0028913508
-0.0021128013
-0.0009086989
0.0002528822
0.0009874763
0.0014367980
0.0018434616
0.0021383921
0.0019589207
0.0009596410
-0.0003680213
-0.0013259182
-0.0020156562
-0.0030355076
-0.0039791422
-0.0042408007
-0.0039275293
-0.0032466946
-0.0020655525
-0.0004035658
0.0010848419
0.0020546141
0.0025083924
0.0027135041
0.0028055561
0.0028326409
0.0030005171
0.0033452208
0.0037443887
0.0036279204
0.0027548766
0.0017450264
0.0009433570
0.0004541744
0.0002001854
0.0001171450
0.0003478966
0.0006586691
0.0009727383
0.0014950605
0.0018803196
0.0019362518
0.0019652486
0.0022926973
0.0029972983
0.0039733177
0.0048063321
0.0051894348
0.0054078747
0.0057151113
0.0059282069
0.0061787877
0.0065403117
0.0066647636
0.0066563438
0.0070806361
0.0079306775
0.0085082965
0.0088072226
0.0087237601
0.0080333033
0.0071549467
0.0063664331
0.0056344531
0.0053100619
0.0055692201
0.0062157707
0.0068880921
0.0074557941
0.0077708287
0.0076424003
0.0067196000
0.0053695073
0.0041823730
0.0033310886
0.0031243988
0.0035155733
0.0036703265
0.0032236450
0.0025944978
0.0020093516
0.0017494598
0.0018363813
0.0020804880
0.0019826321
0.0010711966
-0.0002209054
-0.0014581608
-0.0025000823
-0.0031896667
-0.0033112674
-0.0027804362
-0.0019167926
-0.0013688238
-0.0013023105
-0.0014830552
-0.0017736117
-0.0022831263
-0.0027623645
-0.0030691904
-0.0032070430
-0.0031220904
-0.0030077325
-0.0030233385
-0.0028591650
-0.0024218874
-0.0018545205
-0.0013293679
-0.0009026145
-0.0006603517
-0.0005626835
-0.0008108492
-0.0015958590
-0.0023447600
-0.0027796079
-0.0031422584
-0.0033254449
-0.0032532636
-0.0031617129
-0.0035296775
-0.0044671013
-0.0051110933
-0.0048956649
-0.0041946986
-0.0035251680
-0.0033527566
-0.0031404502
-0.0020237741
-0.0002425436
0.0011644039
0.0016849147
0.0016680856
0.0009176533
-0.0005393979
-0.0019844314
-0.0030560245
-0.0033249433
-0.0029660580
-0.0024101472
-0.0016710534
-0.0007073838
0.0004511955
0.0014920385
0.0021357689
0.0025722196
0.0032804149
0.0042677269
0.0049951769
0.0052133393
0.0051312749
0.0046736761
0.0041695832
0.0038728249
0.0035679986
0.0027897182
0.0015153572
0.0000411884
-0.0012264622
-0.0018416819
-0.0018378607
-0.0015798128
-0.0011490961
-0.0004969135
-0.0000966087
0.0000283208
0.0000360586
0.0000871734
0.0001547258
0.0002534790
0.0004494224
0.0007790228
0.0012002390
0.0013062741
0.0010909367
0.0003299530
-0.0007173689
-0.0012195088
-0.0013213278
-0.0014607336
-0.0015929951
-0.0017549698
-0.0019363817
-0.0017549136
-0.0010764649
-0.0006209518
-0.0009676193
-0.0016219706
-0.0018015646
-0.0015020995
-0.0015502818
-0.0017411601
-0.0021803132
-0.0029365205
-0.0034377375
-0.0035527960
-0.0034728219
-0.0031966499
-0.0029413338
-0.0032116395
-0.0038961365
-0.0043133022
-0.0038873176
-0.0034177114
-0.0033652501
-0.0034525054
-0.0034828868
-0.0034729794
-0.0034731114
-0.0034437320
-0.0034014291
-0.0035509140
-0.0040221882
-0.0044297807
-0.0042871049
-0.0037912482
-0.0034860317
-0.0031030041
-0.0025122171
-0.0024199294
-0.0028463474
-0.0029702613
-0.0022672590
-0.0014560893
-0.0012500454
-0.0012708551
-0.0010054418
-0.0002914075
0.0005356176
0.0009991087
0.0012592972
0.0015547367
0.0020058082
0.0026860876
0.0035237925
0.0042595331
0.0048989313
0.0056933343
0.0064922829
0.0068609249
0.0068575458
0.0069201936
0.0072000875
0.0072772563
0.0069049162
0.0065842796
0.0063447787
0.0059303267
0.0053132209
0.0043812863
0.0036062674
0.0035483280
0.0041714184
0.0051117925
0.0059433982
0.0062649306
0.0063346601
0.0060476979
0.0050732247
0.0041395833
0.0035368235
0.0031093745
0.0034576059
0.0041018203
0.0041255002
0.0035354859
0.0028325276
0.0023670112
0.0021920747
0.0023131959
0.0026428558
0.0032562846
0.0039553640
0.0043577314
0.0042945276
0.0037710254
0.0031477226
0.0027863437
0.0021831122
0.0011329847
0.0000734366
-0.0006005320
-0.0007328621
-0.0005167362
0.0000930417
0.0010763340
0.0020145146
0.0026301698
0.0027430516
0.0024012348
0.0021232384
0.0020797984
0.0018132813
0.0009574133
0.0002755879
-0.0002376074
-0.0010444243
-0.0017533658
-0.0022612946
-0.0028165952
-0.0032594315
-0.0033903804
-0.0034032081
-0.0035145627
-0.0036750235
-0.0037053311
-0.0033103351
-0.0025728830
-0.0021785578
-0.0021277275
-0.0019101782
-0.0016259260
-0.0016673683
-0.0021188101
-0.0028143114
-0.0036763488
-0.0042177639
-0.0042271509
-0.0041215763
-0.0038389769
-0.0036611076
-0.0035955457
-0.0032571581
-0.0026659508
-0.0023145633
-0.0022732835
-0.0021315726
-0.0019850416
-0.0020016685
-0.0024656244
-0.0032927115
-0.0037262041
-0.0036969631
-0.0035987664
-0.0036083777
-0.0036807375
-0.0036085543
-0.0031821918
-0.0024306167
-0.0017317966
-0.0014566303
-0.0014323813
-0.0016911032
-0.0020598706
-0.0024736765
-0.0027210863
-0.0023425632
-0.0017444702
-0.0014208978
-0.0012515399
-0.0006957527
-0.0000398893
0.0002585554
0.0003214976
0.0000948209
-0.0005991203
-0.0013207000
-0.0016541182
-0.0013708401
-0.0010919043
-0.0017667901
-0.0026108340
-0.0029180249
-0.0031216480
-0.0039451012
-0.0052318322
-0.0059826549
-0.0059169115
-0.0051250786
-0.0041126896
-0.0034835377
-0.0027657299
-0.0018551499
-0.0012752491
-0.0008462793
-0.0009464772
-0.0017480998
-0.0027730741
-0.0035357390
-0.0037534012
-0.0035859697
-0.0032621331
-0.0028269084
-0.0021395435
-0.0012724789
-0.0005642439
-0.0000079510
0.0007575625
0.0011738162
0.0010412919
0.0006899623
0.0003693926
0.0002698911
0.0001608620
0.0001401225
0.0004224965
0.0005592569
0.0006546722
0.0008991491
0.0011364013
0.0011962945
0.0013050657
0.0017762643
0.0022761772
0.0027828992
0.0032508340
0.0034517750
0.0035551249
0.0037478936
0.0039454915
0.0042546541
0.0045350274
0.0045848619
0.0048279385
0.0048398158
0.0042299118
0.0032098595
0.0023808080
0.0019962476
0.0022155002
0.0026886464
0.0030869473
0.0040093774
0.0050050474
0.0054639335
0.0057452679
0.0061375484
0.0062659799
0.0061087998
0.0058083396
0.0053684874
0.0051777191
0.0055185141
0.0059520575
0.0061113584
0.0059126763
0.0054636055
0.0051810177
0.0048807320
0.0043912227
0.0039399823
0.0034005209
0.0028117081
0.0020021179
0.0013637291
0.0013866284
0.0018122729
0.0019599843
0.0019607625
0.0020495924
0.0019610801
0.0019325664
0.0020321925
0.0018131880
0.0013542557
0.0006654851
-0.0002290325
-0.0006860739
-0.0008054959
-0.0010168226
-0.0012567187
-0.0014746276
-0.0016074545
-0.0013173633
-0.0009936948
-0.0010812135
-0.0011833482
-0.0012014344
-0.0013718124
-0.0017725403
-0.0023695353
-0.0029432565
-0.0030157679
-0.0026086285
-0.0020833428
-0.0018439700
-0.0019586248
-0.0020476235
-0.0021761428
-0.0025057629
-0.0025325504
-0.0020907629
-0.0016613775
-0.0016587945
-0.0022038967
-0.0027994567
-0.0032134178
-0.0034316358
-0.0030890785
-0.0023948673
-0.0018668553
-0.0016104225
-0.0016626769
-0.0017993694
-0.0018218606
-0.0014091587
-0.0005102791
0.0003579432
0.0003770505
-0.0005292216
-0.0017660930
-0.0030423153
-0.0036412445
-0.0036690734
-0.0039941427
-0.0048123891
-0.0056474521
-0.0066101326
-0.0074309365
-0.0080154460
-0.0087891750
-0.0095998145
-0.0100094336
-0.0097458998
-0.0089122985
-0.0075558723
-0.0058299742
-0.0038395891
-0.0022433795
-0.0015559797
-0.0016301672
-0.0016927894
-0.0015648971
-0.0019139646
-0.0022905297
-0.0019303668
-0.0013537477
-0.0012619156
-0.0014203466
-0.0015655552
-0.0018843370
-0.0021860244
-0.0021093586
-0.0016156081
-0.0007576371
0.0000392868
0.0006510752
0.0010473507
0.0010113323
0.0012358997
0.0018578585
0.0022291297
0.0022039385
0.0021971317
0.0020075327
0.0012460652
0.0002184259
-0.0005776513
-0.0010343882
-0.0012063885
-0.0011659934
-0.0011010863
-0.0006988199
-0.0003526134
-0.0003501964
-0.0002141641
0.0000791934
0.0002880628
0.0007720763
0.0014264760
0.0016580264
0.0018163805
0.0021344006
0.0021485450
0.0017809477
0.0013321533
0.0006250687
-0.0000362318
-0.0005662838
-0.0008037847
-0.0004954709
0.0002600369
0.0012260911
0.0024354492
0.0036595096
0.0043827133
0.0047854561
0.0051474831
0.0054748698
0.0057401582
0.0057281874
0.0051498311
0.0045398453
0.0041873599
0.0034101074
0.0024618299
0.0020840859
0.0024351112
0.0030984052
0.0036288961
0.0036055780
0.0033886129
0.0032686277
0.0029695237
0.0024982551
0.0019138046
0.0011579701
0.0008053841
0.0010883129
0.0010610773
0.0004345658
0.0000700659
0.0000164573
-0.0000777660
-0.0002386278
-0.0004670749
-0.0005006879
-0.0002284775
0.0002886789
0.0011214958
0.0019485019
0.0023001626
0.0024272986
0.0025481498
0.0024137208
0.0022058188
0.0022691349
0.0024424938
0.0024704995
0.0021981417
0.0018787808
0.0015532093
0.0011234910
0.0006429331
0.0005248856
0.0009743020
0.0015613464
0.0024151408
0.0038136330
0.0050261889
0.0056442575
0.0059562300
0.0057401566
0.0049478396
0.0040462832
0.0030092208
0.0020899897
0.0014580222
0.0003445340
-0.0011796042
-0.0025901613
-0.0037385371
-0.0044697284
-0.0044589717
-0.0039084676
-0.0032593908
-0.0024866237
-0.0017388997
-0.0011391663
-0.0007196963
-0.0006000531
-0.0007882643
-0.0006935462
-0.0006283967
-0.0011562078
-0.0021905249
-0.0032198633
-0.0036197297
-0.0033911249
-0.0031530949
-0.0033224442
-0.0033399508
-0.0028395515
-0.0020758283
-0.0014843912
-0.0013534104
-0.0016582733
-0.0020801152
-0.0022592748
-0.0019556600
-0.0018320881
-0.0022641289
-0.0024860868
-0.0024932329
-0.0027519547
-0.0033023666
-0.0036582198
-0.0036674842
-0.0033389506
-0.0027429612
-0.0022161141
-0.0017349384
-0.0011560607
-0.0004746691
0.0002819382
0.0006966885
0.0005057669
0.0005836428
0.0010053515
0.0008417823
0.0002912715
-0.0000888668
-0.0003549944
-0.0004879021
-0.0006720044
-0.0010920421
-0.0015959472
-0.0021444570
-0.0025687517
-0.0026948876
-0.0027853583
-0.0029188749
-0.0029822959
-0.0029218034
-0.0025911707
-0.0022738237
-0.0021991824
-0.0017933011
-0.0013194131
-0.0014620278
-0.0016616301
-0.0015391268
-0.0013203604
-0.0010859874
-0.0009716735
-0.0009354065
-0.0006664301
-0.0000181751
0.0005250839
0.0009036925
0.0013470532
0.0018099971
0.0021438229
0.0021873495
0.0023995682
0.0026581350
0.0023803138
0.0021229519
0.0021233976
0.0019401640
0.0015642169
0.0012514289
0.0009006645
0.0005817967
0.0002427610
-0.0001245552
-0.0002790050
-0.0003989150
-0.0004351152
-0.0003073193
-0.0000899923
0.0003280782
0.0009078675
0.0011599394
0.0010952539
0.0006570519
-0.0001346722
-0.0003122294
0.0000663331
-0.0000663298
-0.0006117060
-0.0006084437
-0.0002816888
0.0000604023
0.0003726042
0.0006121397
0.0011162022
0.0016606749
0.0017822521
0.0014006292
0.0008971528
0.0004257100
0.0001498397
-0.0000755295
-0.0000502100
0.0001629812
0.0002557812
0.0004946071
0.0008632216
0.0009899121
0.0008160225
0.0008274325
0.0009269019
0.0008415474
0.0008395628
0.0007005786
0.0002186406
-0.0000827804
-0.0001373689
-0.0004364515
-0.0007915662
-0.0007136123
-0.0006225169
-0.0007399021
-0.0007912057
-0.0009394493
-0.0013062558
-0.0017894458
-0.0023804554
-0.0024960562
-0.0022076135
-0.0019229063
-0.0014099269
-0.0004340419
0.0007143870
0.0017305779
0.0026142820
0.0028575897
0.0024808796
0.0020333623
0.0015472305
0.0012889072
0.0016121437
0.0021113985
0.0020044924
0.0015836902
0.0013624174
0.0012940767
0.0012350886
0.0014131313
0.0017042921
0.0018707416
0.0022214826
0.0026185768
0.0028532155
0.0027454227
0.0021020255
0.0016473560
0.0013116600
0.0011498084
0.0014904565
0.0021681907
0.0026732946
0.0025834388
0.0022233040
0.0021136731
0.0023410264
0.0028219657
0.0030240960
0.0023204613
0.0012346762
0.0005220532
-0.0000562581
-0.0010240010
-0.0021405152
-0.0027026696
-0.0025800799
-0.0022427927
-0.0019772315
-0.0016883557
-0.0012466988
-0.0007689763
-0.0004144466
-0.0002507386
-0.0003467780
-0.0007616095
-0.0013250512
-0.0016140214
-0.0017000258
-0.0016008822
-0.0015478331
-0.0015487033
-0.0014255768
-0.0013338107
-0.0014399526
-0.0019871735
-0.0027965950
-0.0030759373
-0.0027799752
-0.0023333809
-0.0017567261
-0.0014664013
-0.0013016199
-0.0010630972
-0.0008752131
-0.0007791993
-0.0005555009
-0.0007280637
-0.0015571249
-0.0023213013
-0.0027717689
-0.0032787489
-0.0038220040
-0.0040681787
-0.0037698450
-0.0035153251
-0.0035147049
-0.0032874930
-0.0026472954
-0.0020875458
-0.0017906038
-0.0015013378
-0.0013300694
-0.0014385888
-0.0016441415
-0.0018011626
-0.0019712433
-0.0020290828
-0.0017398535
-0.0010828350
-0.0006740769
-0.0010151224
-0.0011395845
-0.0007254638
-0.0004394443
-0.0003930465
-0.0003105340
-0.0002939411
-0.0005852770
-0.0009501825
-0.0012737846
-0.0012954250
-0.0008257550
0.0001267121
0.0013378139
0.0023008516
0.0024305831
0.0023338602
0.0025724277
0.0028752212
0.0029021266
0.0029516060
0.0027688788
0.0022189514
0.0017296521
0.0014482278
0.0011813927
0.0009835105
0.0008717050
0.0007595869
0.0006782754
0.0004866906
0.0004771270
0.0005693257
0.0006534662
0.0007133506
0.0007493803
0.0011803958
0.0018407527
0.0022717945
0.0022844760
0.0023591724
0.0024080376
0.0018404828
0.0010475962
0.0006144957
0.0007608145
0.0011814609
0.0015250782
0.0019439093
0.0020859200
0.0018677303
0.0017715971
0.0018354947
0.0018458060
0.0014284784
0.0010158990
0.0013688319
0.0023524671
0.0031223193
0.0032475525
0.0035314167
0.0037866938
0.0036593437
0.0033525979
0.0030157722
0.0026287947
0.0021332637
0.0016085654
0.0012152029
0.0007466190
0.0002722859
0.0001701106
0.0003066763
0.0002823803
0.0001743478
0.0004329805
0.0009917148
0.0012139122
0.0008390806
0.0004604901
0.0006169792
0.0007042945
0.0003831981
0.0001889967
0.0001894044
0.0001652843
0.0000555802
-0.0000467065
0.0001269272
0.0003066731
0.0001075057
-0.0002148963
-0.0007540391
-0.0014708734
-0.0017674884
-0.0015098402
-0.0009879805
-0.0005714501
-0.0000907549
0.0005766215
0.0013182174
0.0015034135
0.0011598882
0.0009487902
0.0007625049
0.0003919913
0.0000534480
-0.0003776572
-0.0010585800
-0.0018564662
-0.0025783706
-0.0029581039
-0.0029414412
-0.0026758226
-0.0023721859
-0.0024053014
-0.0025769262
-0.0025888460
-0.0024066806
-0.0019621140
-0.0013959689
-0.0012336054
-0.0016488282
-0.0019634738
-0.0021372408
-0.0023086751
-0.0024918119
-0.0027021008
-0.0026467666
-0.0024617379
-0.0025378287
-0.0026637613
-0.0026491973
-0.0024230492
-0.0018799994
-0.0013264301
-0.0009717074
-0.0006630934
-0.0004534277
-0.0005632680
-0.0006534062
-0.0004026013
0.0000205922
0.0003209821
0.0002652271
0.0002211826
0.0006363645
0.0013407059
0.0015675081
0.0013213100
0.0012132511
0.0013886815
0.0015667964
0.0015954096
0.0013693267
0.0009744886
0.0008696252
0.0009985067
0.0010565272
0.0010442688
0.0011244981
0.0012442581
0.0012387094
0.0011778613
0.0008995708
0.0004521778
0.0001810297
0.0001629116
0.0001360413
0.0000161855
-0.0000077554
0.0002874467
0.0007184746
0.0009410672
0.0009586497
0.0008523066
0.0006750828
0.0005261377
0.0005848066
0.0006799583
0.0004869930
0.0002380694
0.0001365939
0.0000155602
-0.0001321827
-0.0000876235
0.0003277888
0.0008539134
0.0010818773
0.0009181918
0.0007383089
0.0006986455
0.0004955261
0.0001684299
-0.0000278523
-0.0001532801
-0.0002226441
-0.0002484429
-0.0003239379
-0.0003413083
-0.0002145818
-0.0001170373
-0.0001043006
-0.0000108034
0.0001228446
0.0001880417
0.0002188380
0.0000484921
-0.0001817116
-0.0003199214
-0.0004718100
-0.0005315771
-0.0005599774
-0.0007172726
-0.0008628221
-0.0009113528
-0.0011613341
-0.0015330795
-0.0015113418
-0.0013742677
-0.0014823638
-0.0014891936
-0.0012459758
-0.0010640330
-0.0012065037
-0.0014808066
-0.0015673244
-0.0014969657
-0.0014327621
-0.0014144275
-0.0013638286
-0.0012418731
-0.0011180910
-0.0009316260
-0.0007876413
-0.0008173818
-0.0008152333
-0.0007927812
-0.0007340424
-0.0006410689
-0.0006123353
-0.0006233578
-0.0006183908
-0.0005982608
-0.0005996557
-0.0005412721
-0.0003716901
-0.0002235615
-0.0002454132
-0.0003541904
-0.0003811058
-0.0004187491
-0.0005161406
-0.0004959104
-0.0003640403
-0.0002490657
-0.0001026108
0.0000588293
0.0001744095
0.0001842903
0.0001438879
0.0001988020
0.0002902566
0.0003098191
0.0002881709
0.0002695175
0.0002398056
0.0002008177
0.0002429215
0.0003303951
0.0003578530
0.0003669077
0.0004132087
0.0004802736
0.0005425822
0.0005741104
0.0005968734
0.0006045273
0.0006092318
0.0006359447
0.0006692030
0.0006753769
0.0006784385
0.0007258757
0.0007350177
0.0006992459
0.0006976802
0.0007230332
0.0007340774
0.0006982659
0.0006267360
0.0005964472
0.0005956465
0.0005961251
0.0006068095
0.0006335325
0.0006757623
0.0006870849
0.0006352195
0.0005791652
0.0005384284
0.0004857344
0.0004329818
0.0004340235
0.0004531446
0.0004241366
0.0003889042
0.0003777962
0.0003656743
0.0003397342
0.0003188015
0.0003229303
0.0003493853
0.0003719788
0.0003623982
0.0003211843
0.0002904617
0.0002651282
0.0002169987
0.0001757028
0.0001561373
0.0001478458
0.0001398294
0.0001401475
0.0001369606
0.0001180448
0.0001058912
0.0001006489
0.0001008071
0.0000951982
0.0000752895
0.0000578532
0.0000450325
0.0000311953
0.0000137243
-0.0000018149
-0.0000075404
-0.0000064175
-0.0000059311
-0.0000095793
-0.0000135710
-0.0000164149
-0.0000204429
-0.0000222068
-0.0000218004
-0.0000224106
-0.0000210799
-0.0000210736
-0.0000217772
-0.0000235818
-0.0000303241
-0.0000356173
-0.0000365542
-0.0000351288
-0.0000343980
-0.0000348826
-0.0000349937
-0.0000324607
-0.0000281783
-0.0000257803
-0.0000252544
-0.0000257692
-0.0000272181
-0.0000281723
-0.0000283423
-0.0000293130
-0.0000298038
-0.0000301475
-0.0000315585
-0.0000328847
-0.0000330972
-0.0000324909
-0.0000318494
-0.0000314425
-0.0000318712
-0.0000327077
-0.0000336199
-0.0000347195
-0.0000356539
-0.0000365643
-0.0000376970
-0.0000388178
-0.0000396484
-0.0000402333
-0.0000407377
-0.0000412177
-0.0000416899
-0.0000422335
-0.0000428171
-0.0000433819
-0.0000439628
-0.0000446038
-0.0000452782
-0.0000459446
-0.0000465966
-0.0000472319
-0.0000478531
-0.0000484705
-0.0000490845
-0.0000496837
-0.0000502638
-0.0000508295
-0.0000513855
-0.0000519316
-0.0000524659
-0.0000529872
-0.0000534952
-0.0000539902
-0.0000544722
-0.0000549412
