0.0104416617
0.0104900683
0.0105412489
0.0106024674
0.0106602662
0.0107018865
0.0107526889
0.0108356230
0.0109228952
0.0109382835
0.0109247817
0.0109713160
0.0110155793
0.0110067609
0.0109162947
0.0108747741
0.0110363255
0.0112195711
0.0111136315
0.0107613329
0.0105414178
0.0108768337
0.0116097893
0.0119484633
0.0120012043
0.0121879036
0.0123002951
0.0119951749
0.0118154363
0.0123909216
0.0124946179
0.0118412578
0.0115517843
0.0119288641
0.0129127384
0.0136975110
0.0134016787
0.0124007217
0.0114819978
0.0116621638
0.0121080667
0.0104564391
0.0083001933
0.0082992243
0.0097605625
0.0112565253
0.0123697470
0.0133755161
0.0141351760
0.0137188768
0.0126542966
0.0125726214
0.0130767937
0.0130903647
0.0122177055
0.0115698356
0.0126881807
0.0146356262
0.0161456874
0.0160899316
0.0143019534
0.0131631014
0.0129251565
0.0119352693
0.0111624381
0.0109543761
0.0104527007
0.0105546219
0.0116524975
0.0133609904
0.0151185858
0.0159699875
0.0148730392
0.0121210948
0.0107261316
0.0110262893
0.0103798100
0.0095257083
0.0098892841
0.0109832928
0.0130227752
0.0148698673
0.0151410333
0.0151649431
0.0147590260
0.0135237671
0.0132351652
0.0134156815
0.0128188281
0.0118123557
0.0110840827
0.0120255996
0.0145238796
0.0157123925
0.0147107808
0.0139567926
0.0137167714
0.0126036468
0.0109729705
0.0099503474
0.0105293933
0.0107289110
0.0093971860
0.0100807701
0.0130909371
0.0150355373
0.0147043293
0.0139578932
0.0149650898
0.0153673068
0.0134046643
0.0113218123
0.0108153113
0.0116407039
0.0116499471
0.0111227547
0.0114512030
0.0130082724
0.0153603224
0.0152811446
0.0137553257
0.0135625988
0.0125806266
0.0110857746
0.0112514410
0.0122405158
0.0135303306
0.0144548865
0.0141815386
0.0132399248
0.0124405539
0.0130806247
0.0131512075
0.0111107399
0.0098295750
0.0089791769
0.0067891249
0.0039553479
0.0038284963
0.0082517214
0.0120790805
0.0137907439
0.0151267395
0.0150359266
0.0160991373
0.0174804708
0.0154879091
0.0129817546
0.0130196008
0.0130635745
0.0106812518
0.0082578861
0.0062770073
0.0052417410
0.0090109766
0.0144957749
0.0172112637
0.0176653784
0.0145991991
0.0100649516
0.0066727783
0.0023928179
0.0002002745
0.0032961733
0.0072430872
0.0080561636
0.0081109924
0.0106043018
0.0132496275
0.0156087726
0.0196905846
0.0216002763
0.0186180782
0.0108619308
0.0021241299
-0.0014225485
-0.0016304152
0.0006806724
0.0050053103
0.0072631938
0.0094783929
0.0128138592
0.0151880749
0.0164598690
0.0169951221
0.0174478049
0.0167638667
0.0130329254
0.0078621120
0.0051465219
0.0045052013
0.0030522133
0.0031837032
0.0054758227
0.0062381528
0.0048107212
0.0011028974
-0.0026682895
-0.0022921424
0.0006160143
0.0021254204
0.0028517142
0.0051038210
0.0092979079
0.0132403762
0.0143427426
0.0121387995
0.0098926713
0.0087368447
0.0066051600
0.0065257333
0.0062870196
0.0027379478
0.0008610379
0.0007658490
-0.0007793727
-0.0019995049
-0.0004044059
0.0021814440
0.0041382155
0.0031440837
0.0009027662
0.0029842416
0.0057141050
0.0063530898
0.0077631534
0.0090401342
0.0082392384
0.0062291838
0.0048084348
0.0043422327
0.0042283496
0.0051486221
0.0070120929
0.0058144248
0.0015890437
-0.0036202399
-0.0082841860
-0.0084421535
-0.0056100005
-0.0023516071
0.0002713481
0.0006887101
-0.0015687882
-0.0056108534
-0.0067685040
-0.0040840735
-0.0028253835
-0.0021148327
0.0020496428
0.0045458393
0.0021461214
-0.0014656390
-0.0045022858
-0.0034923058
0.0021939662
0.0067115226
0.0055239171
-0.0017236598
-0.0062502418
-0.0064815963
-0.0116709853
-0.0144447661
-0.0100222226
-0.0048710704
0.0022647076
0.0066415075
0.0070295751
0.0055384197
-0.0017094450
-0.0071464149
-0.0081671748
-0.0070542232
-0.0049667483
-0.0083588437
-0.0100048436
-0.0046838631
-0.0016294924
-0.0039195840
-0.0047709537
-0.0012156718
0.0016100503
0.0012278998
-0.0044561680
-0.0136248195
-0.0174174873
-0.0163943880
-0.0158889495
-0.0143762673
-0.0099952825
-0.0071554563
-0.0077510258
-0.0069109138
-0.0066555875
-0.0087556443
-0.0106623749
-0.0125520410
-0.0119037140
-0.0102250521
-0.0082071203
-0.0016894518
0.0022470965
-0.0018860101
-0.0047810873
-0.0026932636
-0.0012196203
-0.0045011979
-0.0115243435
-0.0188479360
-0.0242722553
-0.0218089861
-0.0129864805
-0.0106613444
-0.0190420616
-0.0267539725
-0.0241348406
-0.0151121104
-0.0090124842
-0.0110920378
-0.0124409380
-0.0092654047
-0.0094866205
-0.0122404800
-0.0150419582
-0.0137944202
-0.0071865534
-0.0006463280
-0.0011228891
-0.0106968120
-0.0256181398
-0.0425463845
-0.0459905112
-0.0327077530
-0.0228018838
-0.0214095032
-0.0170149326
-0.0080126618
-0.0024221348
0.0011540047
0.0002148544
-0.0091685121
-0.0179466677
-0.0183837851
-0.0127967958
-0.0193626486
-0.0351245232
-0.0371719927
-0.0297311327
-0.0218364474
-0.0178720972
-0.0180429066
-0.0192274730
-0.0248846478
-0.0280001413
-0.0264949244
-0.0292660955
-0.0346769573
-0.0359748765
-0.0345576690
-0.0301671124
-0.0185515428
-0.0115518380
-0.0128224666
-0.0119853582
-0.0163147113
-0.0283510101
-0.0360011710
-0.0352543471
-0.0317622672
-0.0330729445
-0.0396830617
-0.0464059406
-0.0470847129
-0.0413765298
-0.0350100390
-0.0303963281
-0.0352462731
-0.0448556678
-0.0416778189
-0.0301282849
-0.0234067942
-0.0248792298
-0.0213757395
-0.0078848705
-0.0004557304
0.0024206043
0.0033270824
-0.0040220643
-0.0135396955
-0.0185209052
-0.0241710049
-0.0343546785
-0.0323460391
-0.0186341902
-0.0128621879
-0.0139391149
-0.0174787120
-0.0251520242
-0.0327389982
-0.0306877741
-0.0233866368
-0.0200676891
-0.0167119332
-0.0149598489
-0.0195823516
-0.0286968395
-0.0333257371
-0.0285862465
-0.0213465260
-0.0185755460
-0.0198929193
-0.0180548900
-0.0121535225
-0.0096177469
-0.0138982652
-0.0164929417
-0.0161296681
-0.0211650704
-0.0284762175
-0.0381577783
-0.0539064077
-0.0640327002
-0.0596531406
-0.0536904661
-0.0527681249
-0.0510180357
-0.0479362759
-0.0438142690
-0.0389418581
-0.0299994563
-0.0170906912
-0.0069263662
-0.0028054661
-0.0036397442
-0.0072224457
-0.0127295685
-0.0188702240
-0.0271423689
-0.0356667432
-0.0387598159
-0.0402498880
-0.0470354897
-0.0540558298
-0.0541740726
-0.0516900712
-0.0486170216
-0.0485442137
-0.0533031008
-0.0530484874
-0.0483467397
-0.0463560278
-0.0522721489
-0.0617451916
-0.0636894109
-0.0625648720
-0.0638259836
-0.0645915220
-0.0649793126
-0.0667108174
-0.0696556351
-0.0716349909
-0.0677589023
-0.0588682228
-0.0514536523
-0.0453243748
-0.0387355812
-0.0338366559
-0.0305504599
-0.0267261615
-0.0227678669
-0.0166981847
-0.0051058612
0.0099033098
0.0255295138
0.0366667421
0.0361618103
0.0249374024
0.0091784890
-0.0064503488
-0.0178785402
-0.0258552217
-0.0325901702
-0.0361867037
-0.0404008007
-0.0459333645
-0.0479647994
-0.0494670849
-0.0500990994
-0.0478653037
-0.0461479905
-0.0426263403
-0.0338661958
-0.0245901076
-0.0238501760
-0.0310713534
-0.0325850367
-0.0219069055
-0.0081829058
-0.0008068848
0.0020771589
0.0058722047
0.0123685482
0.0198590560
0.0251007634
0.0282341910
0.0291885587
0.0279991997
0.0272134322
0.0269791045
0.0261147200
0.0250388125
0.0235051803
0.0205249364
0.0154370144
0.0115912009
0.0161745665
0.0253653011
0.0310388466
0.0371156362
0.0476910403
0.0620285026
0.0782487460
0.0919302320
0.1001928089
0.1028671216
0.1008967309
0.0935105847
0.0800623113
0.0623439499
0.0425233119
0.0230051953
0.0035089942
-0.0158662965
-0.0322520455
-0.0396133661
-0.0287225740
-0.0029178406
0.0136282045
0.0051605941
-0.0019778293
0.0088687851
0.0134676990
0.0156957505
0.0201163197
0.0112241847
-0.0023036880
-0.0164486715
-0.0276996598
-0.0354370141
-0.0450632668
-0.0517266027
-0.0512862110
-0.0424415219
-0.0363693626
-0.0351954423
-0.0300360458
-0.0179922878
0.0001574538
0.0168217083
0.0274835335
0.0354631115
0.0405063215
0.0403882256
0.0391637210
0.0405382642
0.0462085914
0.0528957002
0.0559077793
0.0531826151
0.0421329684
0.0255190755
0.0136942720
0.0140185731
0.0125978879
-0.0054620155
-0.0281129073
-0.0413666980
-0.0448055638
-0.0426479914
-0.0434587018
-0.0477071673
-0.0487637000
-0.0458607066
-0.0403111606
-0.0402023857
-0.0515406842
-0.0664649153
-0.0760365079
-0.0816767404
-0.0908578906
-0.1032270143
-0.1118933078
-0.1118239592
-0.1067450746
-0.1049758171
-0.1073267167
-0.1118951336
-0.1160528991
-0.1152647080
-0.1106748557
-0.1049286190
-0.0986555579
-0.0936320356
-0.0884572343
-0.0807635209
-0.0708008740
-0.0620881910
-0.0570027697
-0.0501463933
-0.0402884758
-0.0289693543
-0.0112646487
0.0092979770
0.0269649555
0.0429166917
0.0554261903
0.0655225435
0.0763472309
0.0891421215
0.1073251711
0.1291396516
0.1455698394
0.1516618192
0.1473190248
0.1350779656
0.1247842385
0.1229461181
0.1269881547
0.1342284486
0.1417411481
0.1488502633
0.1555372033
0.1600655975
0.1621578290
0.1605300192
0.1563390873
0.1490771763
0.1376891994
0.1219173401
0.1010057889
0.0828610172
0.0744605515
0.0756795861
0.0892915782
0.1145904372
0.1242952756
0.1100407960
0.1082839872
0.1161669192
0.1128616637
0.1100922484
0.1064522335
0.1006125624
0.0977233599
0.0951299553
0.0952530593
0.0930586274
0.0852099222
0.0768923774
0.0709164511
0.0659340571
0.0562343181
0.0415882552
0.0335296901
0.0358549889
0.0320584060
0.0183242751
0.0092350483
0.0063360116
0.0048782787
0.0078633066
0.0145392600
0.0203198193
0.0257240167
0.0332146826
0.0412171727
0.0466813528
0.0476187234
0.0415377668
0.0307437732
0.0209711072
0.0148954874
0.0140970610
0.0171455172
0.0186821888
0.0161444898
0.0112923154
0.0036546535
-0.0079600418
-0.0199662294
-0.0292948803
-0.0341552601
-0.0330958162
-0.0282728226
-0.0230843454
-0.0186164307
-0.0145989342
-0.0130707966
-0.0143123821
-0.0137190891
-0.0083964460
0.0020736942
0.0158034809
0.0270690764
0.0327401108
0.0342714045
0.0357207865
0.0403896697
0.0470922641
0.0557709230
0.0662185744
0.0740320470
0.0769188202
0.0780569727
0.0811547892
0.0812547552
0.0732038588
0.0610091292
0.0503218768
0.0446279235
0.0464880650
0.0571307611
0.0664006754
0.0648067617
0.0611118027
0.0652016421
0.0749495117
0.0838176850
0.0908020830
0.0963360336
0.0998594467
0.1027797521
0.1029760272
0.0995147804
0.0926976756
0.0778982119
0.0550232267
0.0328955185
0.0180398694
0.0049899826
-0.0113674054
-0.0247434974
-0.0321273650
-0.0376644251
-0.0397067880
-0.0395041002
-0.0447884890
-0.0531703136
-0.0557636065
-0.0465756698
-0.0311589257
-0.0204916359
-0.0160441504
-0.0128937851
-0.0055903987
0.0044005528
0.0109475415
0.0091471013
0.0001843301
-0.0103016119
-0.0169692327
-0.0159062826
-0.0114950002
-0.0133918138
-0.0272289309
-0.0504849014
-0.0728041169
-0.0830058990
-0.0811324699
-0.0755397678
-0.0725428633
-0.0748270695
-0.0798005444
-0.0807823725
-0.0732920386
-0.0614544074
-0.0525509296
-0.0465987393
-0.0366728018
-0.0213156716
-0.0076285267
0.0005348697
0.0002884527
-0.0102865193
-0.0262253572
-0.0425861747
-0.0536485370
-0.0535054692
-0.0508408757
-0.0566172674
-0.0587864891
-0.0483802189
-0.0397456521
-0.0286435118
0.0000803825
0.0364512028
0.0698829663
0.0916673198
0.0956426713
0.0810248719
0.0380217098
-0.0364394176
-0.1269965455
-0.2084446564
-0.2636893476
-0.2709239258
-0.2178151202
-0.1558624674
-0.1336052981
-0.1147265602
-0.0825367739
-0.0719618473
-0.0716164273
-0.0804583327
-0.0998442809
-0.1057355112
-0.1099712501
-0.1092554122
-0.1054679136
-0.1049476664
-0.1004761446
-0.0929917097
-0.0794284724
-0.0749230613
-0.0805513354
-0.0881518278
-0.0997735887
-0.1230953409
-0.1532385876
-0.1701068569
-0.1662917586
-0.1365086951
-0.0893972469
-0.0440813668
-0.0206707136
-0.0250127133
-0.0183220508
0.0162047246
0.0415890363
0.0721801940
0.1201457639
0.2059317909
0.2787708688
0.1837656259
0.0482222215
0.0574461181
0.0787665459
0.0588183054
0.0469712384
0.0534088344
0.0551134965
0.0422540075
0.0323790728
0.0339768024
0.0448987343
0.0598344203
0.0723753970
0.0786710457
0.0755102079
0.0659830084
0.0527836689
0.0378929103
0.0273780828
0.0209999094
0.0144218020
-0.0008127136
-0.0258210097
-0.0433675927
-0.0417326779
-0.0251161479
-0.0159155660
-0.0281970857
-0.0382718723
-0.0296357552
-0.0175239227
-0.0169862602
-0.0258643610
-0.0351958598
-0.0375324446
-0.0299504923
-0.0228387924
-0.0258015161
-0.0322035554
-0.0373716294
-0.0435292612
-0.0512930221
-0.0580387790
-0.0571408959
-0.0506511127
-0.0448071794
-0.0431256948
-0.0451909018
-0.0431621341
-0.0321228096
-0.0184550475
-0.0120895628
-0.0073447856
0.0017861458
0.0097131238
0.0151816018
0.0179546759
0.0189048609
0.0199554611
0.0181280603
0.0114907171
0.0039341875
0.0006783860
0.0007920828
0.0013622812
0.0027061423
0.0025584864
-0.0023116913
-0.0090440855
-0.0128063404
-0.0139209391
-0.0121024081
-0.0051502056
-0.0018913254
-0.0098879507
-0.0198533782
-0.0244023996
-0.0276637009
-0.0319242126
-0.0337986844
-0.0328902776
-0.0303388517
-0.0264465262
-0.0231969303
-0.0222308145
-0.0244424753
-0.0270892493
-0.0277080094
-0.0260259418
-0.0212523834
-0.0170419597
-0.0149435882
-0.0125135512
-0.0106110790
-0.0128731653
-0.0213044877
-0.0311874574
-0.0361197034
-0.0350795810
-0.0364029915
-0.0459900393
-0.0549625013
-0.0556394664
-0.0500942774
-0.0446755890
-0.0456238963
-0.0503946650
-0.0530239619
-0.0514394554
-0.0441504736
-0.0362715816
-0.0309064456
-0.0222511467
-0.0104773285
0.0012904061
0.0137879967
0.0232432625
0.0240356675
0.0194819515
0.0171581197
0.0196784735
0.0220659423
0.0217509044
0.0253218346
0.0351127326
0.0438124516
0.0429187920
0.0332190047
0.0216394597
0.0135466964
0.0127840338
0.0172864066
0.0236595841
0.0314510530
0.0393926028
0.0460358326
0.0484573764
0.0439802008
0.0345177561
0.0243113485
0.0176853101
0.0153906904
0.0132653157
0.0085252418
0.0026703913
-0.0004550962
0.0017150081
0.0072773835
0.0089254147
0.0018492988
-0.0082004296
-0.0147301639
-0.0180350612
-0.0201922421
-0.0217831562
-0.0209411246
-0.0183542476
-0.0156565951
-0.0075441636
0.0056590360
0.0149853471
0.0199486886
0.0265392769
0.0358706856
0.0444125823
0.0510704446
0.0576105048
0.0637781505
0.0686418995
0.0731832040
0.0792709334
0.0874934401
0.0974943908
0.1071508497
0.1124646519
0.1105243063
0.0996136059
0.0809262570
0.0609537761
0.0455298316
0.0355637629
0.0310484714
0.0298288426
0.0269050379
0.0208522170
0.0156520490
0.0139204402
0.0137631248
0.0133830822
0.0105371658
0.0051264080
0.0048067183
0.0156732286
0.0290285709
0.0312259482
0.0226300169
0.0149371541
0.0170797694
0.0240415956
0.0249043880
0.0201393730
0.0163891683
0.0157508961
0.0154346970
0.0135855770
0.0124141320
0.0120138519
0.0112191877
0.0132246377
0.0193295493
0.0234387600
0.0193352705
0.0109920145
0.0036926927
-0.0049255100
-0.0135696123
-0.0186305555
-0.0174738999
-0.0090700513
-0.0008858399
0.0003229375
-0.0000121719
0.0047794387
0.0074731901
0.0011725455
-0.0057248581
-0.0044008594
0.0033096623
0.0122376612
0.0198379413
0.0269884520
0.0365043252
0.0429469329
0.0399140593
0.0341194848
0.0284696146
0.0160151341
-0.0048169697
-0.0265168859
-0.0464332515
-0.0626648010
-0.0660169836
-0.0592289522
-0.0500036608
-0.0392252030
-0.0279568723
-0.0182211549
-0.0155213205
-0.0221937028
-0.0316890467
-0.0384361288
-0.0389629836
-0.0338083187
-0.0275300067
-0.0208804088
-0.0187328958
-0.0260638271
-0.0364680711
-0.0399446384
-0.0386306889
-0.0425272292
-0.0509144330
-0.0580217797
-0.0621120092
-0.0624385095
-0.0587018501
-0.0556825110
-0.0586158930
-0.0635000489
-0.0653629344
-0.0591186072
-0.0441167889
-0.0318249357
-0.0264299364
-0.0201720140
-0.0085735378
0.0056601568
0.0191420214
0.0284624598
0.0317920552
0.0364603944
0.0482962120
0.0624712152
0.0734909732
0.0811174104
0.0857285581
0.0864987692
0.0828704774
0.0728532000
0.0547072646
0.0321463387
0.0127523628
-0.0027071561
-0.0178130111
-0.0338709068
-0.0497969128
-0.0566061204
-0.0523439021
-0.0454536605
-0.0423734722
-0.0429442961
-0.0376059648
-0.0324489556
-0.0369956655
-0.0438417190
-0.0523934961
-0.0606893772
-0.0672538462
-0.0767923155
-0.0856806954
-0.0867225745
-0.0769035737
-0.0631680604
-0.0523519334
-0.0483632224
-0.0514864968
-0.0580442404
-0.0653818054
-0.0715533204
-0.0803977879
-0.0886763185
-0.0903846126
-0.0853780556
-0.0763650053
-0.0692480634
-0.0636837426
-0.0576544559
-0.0508618220
-0.0415078967
-0.0299248862
-0.0196124819
-0.0119471738
-0.0039127192
0.0084077619
0.0253915777
0.0408327555
0.0502937034
0.0579404850
0.0709958549
0.0879184889
0.1001484544
0.1040634168
0.1008869434
0.0930996114
0.0817038089
0.0667240620
0.0503781237
0.0375682226
0.0295527483
0.0229673505
0.0159408111
0.0087250545
0.0036899953
0.0021777495
0.0023626139
0.0031646606
0.0050265313
0.0103844484
0.0187614242
0.0234383710
0.0248449816
0.0311766586
0.0448701588
0.0614221904
0.0776877102
0.0950030979
0.1120593017
0.1189485713
0.1112071373
0.1032103157
0.1077002744
0.1201634569
0.1303349586
0.1357154587
0.1423160667
0.1487583024
0.1487681183
0.1438794688
0.1377213195
0.1320225659
0.1253244876
0.1167103724
0.1074404008
0.0975882211
0.0876277784
0.0778025859
0.0688769174
0.0610376238
0.0521780000
0.0450557017
0.0439001687
0.0488740780
0.0585891637
0.0682523534
0.0745409684
0.0784655231
0.0792133560
0.0730294208
0.0616100696
0.0479536970
0.0325591134
0.0169415714
0.0025192280
-0.0084140310
-0.0128852978
-0.0088584310
-0.0063345724
-0.0135456150
-0.0221534175
-0.0281466396
-0.0337782013
-0.0368424874
-0.0428418893
-0.0587127961
-0.0774590729
-0.0901093113
-0.0932009035
-0.0914630861
-0.0917024532
-0.0956643051
-0.0995460074
-0.0992828271
-0.0962695494
-0.0916538059
-0.0881742112
-0.0904929439
-0.1003635562
-0.1080736377
-0.1016309993
-0.0806521463
-0.0485879329
-0.0117796874
0.0231698057
0.0556105016
0.0852751797
0.1078676047
0.1195706422
0.1206608645
0.1159363571
0.1109976032
0.1113660857
0.1223986893
0.1441875470
0.1723575465
0.1996563344
0.2158805572
0.2064271615
0.1657993811
0.1054452995
0.0355772266
-0.0342840053
-0.0944496635
-0.1394724392
-0.1556495493
-0.1286154162
-0.0686284850
-0.0027026603
0.0434575365
0.0601450027
0.0653642402
0.0639909346
0.0540480557
0.0447396019
0.0333042976
0.0272120502
0.0334915363
0.0415570709
0.0445758410
0.0350991722
0.0113743698
-0.0135470757
-0.0396096997
-0.0706361826
-0.0999236191
-0.1208484320
-0.1287023356
-0.1206203342
-0.0955992759
-0.0639608790
-0.0351032871
-0.0061530373
0.0253394004
0.0539586654
0.0766129590
0.0927163629
0.0987239361
0.0947972425
0.0818670896
0.0611679714
0.0344496836
0.0039804469
-0.0270116322
-0.0570930877
-0.0841715921
-0.1086888593
-0.1322950010
-0.1474392146
-0.1494906650
-0.1441559304
-0.1355036835
-0.1275401433
-0.1199389454
-0.1121807494
-0.1069291775
-0.1051786338
-0.1103755478
-0.1159954040
-0.1136634539
-0.1030704921
-0.0838997176
-0.0680544748
-0.0542654108
-0.0304514533
-0.0043357853
0.0290483261
0.0715219757
0.1106025408
0.1382633825
0.1565062814
0.1722050761
0.1785228586
0.1744303741
0.1637702119
0.1463421872
0.1219276915
0.0895733760
0.0527061007
0.0186883247
-0.0108741284
-0.0377352966
-0.0607781653
-0.0794273358
-0.0948379260
-0.1083389108
-0.1164701326
-0.1114665313
-0.0913429289
-0.0678135768
-0.0506400618
-0.0369401066
-0.0218337319
-0.0052223435
0.0110370088
0.0208086037
0.0157428081
0.0001431799
-0.0137955477
-0.0204565128
-0.0246715205
-0.0361633972
-0.0583132462
-0.0856309798
-0.1089434583
-0.1248105081
-0.1352147717
-0.1448572474
-0.1556126084
-0.1603973699
-0.1549283450
-0.1434613748
-0.1311919753
-0.1203289995
-0.1112205330
-0.1009754837
-0.0903107976
-0.0785475496
-0.0639932810
-0.0518739242
-0.0415972693
-0.0278169999
-0.0090121091
0.0089941639
0.0235628955
0.0378695399
0.0513973226
0.0633679277
0.0746249305
0.0863752076
0.0955606553
0.0977524232
0.0958509136
0.0968495444
0.1031323091
0.1098720634
0.1104009910
0.1036350185
0.0918693995
0.0774712005
0.0639432035
0.0547024807
0.0507804561
0.0483816360
0.0414368026
0.0273592759
0.0115058165
0.0000394848
-0.0087548155
-0.0179314662
-0.0282290916
-0.0378122909
-0.0419415450
-0.0388736674
-0.0300720622
-0.0207039781
-0.0190989652
-0.0220630219
-0.0169510100
-0.0050087427
0.0041464037
0.0130440629
0.0270561177
0.0413293125
0.0518643569
0.0639248375
0.0796263826
0.0918884622
0.0973011190
0.1010982446
0.1059079860
0.1081759360
0.1044208278
0.0956136941
0.0876093822
0.0825932774
0.0759299782
0.0662236577
0.0582458488
0.0541132922
0.0475492430
0.0314570917
0.0096791783
-0.0071829036
-0.0165257859
-0.0241915896
-0.0320390244
-0.0383516902
-0.0447092708
-0.0513565068
-0.0560998143
-0.0611960364
-0.0703837065
-0.0803932503
-0.0845794282
-0.0817250919
-0.0765389022
-0.0732181508
-0.0720468295
-0.0705071399
-0.0668513215
-0.0605166548
-0.0524834370
-0.0471868932
-0.0447284129
-0.0425637176
-0.0402316872
-0.0368017192
-0.0324811653
-0.0287230586
-0.0284397988
-0.0328157086
-0.0386447028
-0.0401431156
-0.0351486422
-0.0268601631
-0.0188832129
-0.0154455310
-0.0177839630
-0.0191688752
-0.0144866413
-0.0103408267
-0.0121075589
-0.0124284999
-0.0048525282
0.0064448659
0.0157165239
0.0210378055
0.0229466779
0.0204612123
0.0138296636
0.0089964626
0.0081546629
0.0095589353
0.0130852343
0.0189385491
0.0239912447
0.0267434799
0.0294820753
0.0291092761
0.0247174687
0.0209263647
0.0188654540
0.0162467420
0.0135574403
0.0126330150
0.0109075757
0.0065928403
0.0025830642
0.0027208744
0.0042447936
0.0008644357
-0.0074295350
-0.0165932843
-0.0235020181
-0.0274169262
-0.0309852772
-0.0382008250
-0.0466172391
-0.0506097112
-0.0491434063
-0.0443633582
-0.0399151334
-0.0383593155
-0.0387546495
-0.0392960655
-0.0401092646
-0.0385633185
-0.0330118739
-0.0254927406
-0.0187092756
-0.0175368153
-0.0205603496
-0.0232077949
-0.0236698303
-0.0197044760
-0.0161422715
-0.0193364896
-0.0268685049
-0.0327231590
-0.0338734038
-0.0339475315
-0.0370292304
-0.0401423783
-0.0408502224
-0.0405686021
-0.0384761054
-0.0344405778
-0.0308421983
-0.0288564271
-0.0277057860
-0.0270617197
-0.0282743383
-0.0284076164
-0.0228412786
-0.0138633121
-0.0075483060
-0.0055980486
-0.0061554247
-0.0101385504
-0.0170182499
-0.0229578563
-0.0253329163
-0.0260347707
-0.0287404150
-0.0324609469
-0.0331635515
-0.0308150448
-0.0315390710
-0.0359633437
-0.0384330397
-0.0373441060
-0.0343636831
-0.0317240876
-0.0296497201
-0.0278283214
-0.0278131174
-0.0297585576
-0.0301114639
-0.0270746803
-0.0244290726
-0.0247702733
-0.0260634925
-0.0240427591
-0.0206350091
-0.0208518067
-0.0220623771
-0.0223127759
-0.0233974833
-0.0237799176
-0.0211600675
-0.0174137573
-0.0152501858
-0.0137794076
-0.0128612512
-0.0148922128
-0.0191792906
-0.0231063620
-0.0255284760
-0.0259297556
-0.0251695792
-0.0236926521
-0.0212005279
-0.0190811270
-0.0168562706
-0.0137196430
-0.0122480932
-0.0128732148
-0.0132642304
-0.0121840336
-0.0091452138
-0.0028318057
0.0056118991
0.0126125816
0.0174911729
0.0201881329
0.0224047592
0.0252499926
0.0257984367
0.0237237238
0.0232249765
0.0276636719
0.0325086857
0.0334014750
0.0335901622
0.0334039107
0.0315209224
0.0313204809
0.0324981332
0.0333593359
0.0347348609
0.0328402467
0.0260327650
0.0202292989
0.0185157993
0.0170195450
0.0151756933
0.0163709221
0.0183893433
0.0183635865
0.0190632000
0.0218035804
0.0236400187
0.0231158979
0.0198715364
0.0165209874
0.0181688695
0.0205709001
0.0181993270
0.0159249516
0.0177197385
0.0210248983
0.0216676929
0.0210944357
0.0242018746
0.0297833182
0.0338625131
0.0348018149
0.0337317469
0.0332466490
0.0353107059
0.0393520977
0.0431306919
0.0446684997
0.0446319871
0.0462637702
0.0456731896
0.0388351146
0.0319827123
0.0285169891
0.0249248466
0.0215068828
0.0198629236
0.0185197147
0.0164166958
0.0114514207
0.0050061570
0.0022955059
0.0034874123
0.0054984189
0.0074891220
0.0094102634
0.0097968795
0.0090943108
0.0091061459
0.0078984168
0.0043591296
0.0035939479
0.0088815850
0.0148942834
0.0162991623
0.0159189441
0.0175606873
0.0176209482
0.0129702336
0.0101810567
0.0137491744
0.0176522237
0.0173620951
0.0148368448
0.0134597739
0.0149150328
0.0149585115
0.0094836929
0.0056110599
0.0108633243
0.0201659241
0.0250948583
0.0247293097
0.0228762113
0.0221203820
0.0221848694
0.0193211255
0.0116250329
0.0057569329
0.0057473945
0.0054153732
0.0024755054
-0.0010611669
-0.0066770537
-0.0131575120
-0.0163427247
-0.0162533381
-0.0148588260
-0.0106068720
-0.0042131231
-0.0002226675
-0.0003109791
-0.0029625948
-0.0043957045
-0.0027229218
-0.0025315992
-0.0069823240
-0.0119659395
-0.0144919688
-0.0142319997
-0.0100638174
-0.0032144980
0.0032876807
0.0083502732
0.0128420082
0.0150709348
0.0141376571
0.0137373922
0.0148353989
0.0164072005
0.0191474734
0.0213400888
0.0213933913
0.0212268853
0.0222762694
0.0227864040
0.0197135670
0.0123422544
0.0027530150
-0.0044014440
-0.0065387591
-0.0070992091
-0.0077289145
-0.0060394757
-0.0012851898
0.0041938651
0.0057892072
0.0037569475
0.0031927292
0.0045635389
0.0066489937
0.0088874158
0.0103705391
0.0123807750
0.0148167478
0.0143321032
0.0107863923
0.0086524405
0.0076829898
0.0043890788
0.0018592378
0.0044663770
0.0091389159
0.0113509982
0.0117373520
0.0108510370
0.0086006100
0.0083718561
0.0115895242
0.0164888483
0.0217155507
0.0239288651
0.0204838517
0.0147116123
0.0104276447
0.0063092133
0.0029332954
0.0046617084
0.0110749644
0.0153557558
0.0125019292
0.0056076766
0.0014738754
0.0013886138
0.0011028446
0.0017467781
0.0075527975
0.0146141290
0.0164143727
0.0136623156
0.0107446263
0.0075048755
0.0026589502
-0.0016280078
-0.0035944833
-0.0043893667
-0.0062422023
-0.0079062113
-0.0084356688
-0.0100870870
-0.0126880984
-0.0124866068
-0.0073978035
-0.0019810686
-0.0007216464
-0.0002741981
0.0040612864
0.0093572033
0.0115273265
0.0113211859
0.0090078951
0.0064988330
0.0053861034
0.0038609980
0.0021612478
0.0000244547
-0.0036850055
-0.0074596990
-0.0096307064
-0.0116578140
-0.0159882331
-0.0203194908
-0.0206667528
-0.0180495831
-0.0167821732
-0.0176779635
-0.0168237974
-0.0127796099
-0.0084596014
-0.0058029802
-0.0050882503
-0.0059918414
-0.0063835627
-0.0049826927
-0.0031511407
-0.0009619546
0.0013818201
0.0006266260
-0.0031937810
-0.0057950248
-0.0061057342
-0.0048663428
-0.0024729360
-0.0010850392
-0.0011272566
-0.0009762013
-0.0001938725
0.0003725140
-0.0004625155
-0.0028177699
-0.0047201368
-0.0044551677
-0.0032202247
-0.0026526856
-0.0027708558
-0.0037517895
-0.0062324985
-0.0084849052
-0.0087404331
-0.0088656792
-0.0113347589
-0.0153777834
-0.0172905845
-0.0160255839
-0.0149840466
-0.0162101660
-0.0168296917
-0.0133121197
-0.0077348419
-0.0063220431
-0.0096732450
-0.0105465771
-0.0067392072
-0.0032779625
-0.0029098574
-0.0052841585
-0.0080885014
-0.0083450819
-0.0061427246
-0.0056597264
-0.0077843936
-0.0072647524
-0.0038407149
-0.0024846775
-0.0036069849
-0.0034140994
-0.0032846637
-0.0069151661
-0.0104496339
-0.0102821700
-0.0085106815
-0.0077266250
-0.0080543869
-0.0067473042
-0.0020516305
0.0028223768
0.0046113385
0.0045570893
0.0058257686
0.0096214860
0.0133677508
0.0151980887
0.0157650454
0.0167997674
0.0184536572
0.0194569414
0.0189120319
0.0135096644
0.0049275312
0.0019323244
0.0046092535
0.0054147898
0.0033446315
0.0004343167
-0.0014841798
-0.0003212883
0.0024631930
0.0047000457
0.0056242197
0.0068527906
0.0072238109
0.0039893333
0.0005208451
-0.0023326835
-0.0053205381
-0.0063956684
-0.0054934269
-0.0044799786
-0.0055237242
-0.0074034462
-0.0082724979
-0.0069295213
-0.0028412703
0.0005753195
0.0008194026
-0.0006246657
-0.0005982763
0.0013861902
0.0025476454
0.0024113427
0.0021225034
0.0033156637
0.0078681832
0.0122580759
0.0120779733
0.0074750399
0.0007773074
-0.0046988961
-0.0064606074
-0.0037780364
-0.0001302097
-0.0001916361
-0.0021952858
-0.0014588123
0.0010686938
0.0017942909
0.0004566524
-0.0008421743
-0.0000673048
0.0019934460
0.0031170217
0.0031410755
0.0036408476
0.0047269606
0.0054950117
0.0062909714
0.0063738898
0.0038495586
0.0004797944
-0.0009288966
-0.0016254040
-0.0028457402
-0.0037040741
-0.0042363841
-0.0063176975
-0.0087186448
-0.0088015666
-0.0071272727
-0.0050738737
-0.0023196907
0.0033713747
0.0086378508
0.0078602419
0.0037752576
0.0011955493
0.0012313308
0.0028200586
0.0028770374
0.0008426525
-0.0003826970
-0.0006022767
-0.0019770430
-0.0046009380
-0.0068212993
-0.0060783712
-0.0022044985
0.0009455243
0.0015278277
0.0014621222
0.0027541329
0.0044310549
0.0047823968
0.0038159877
0.0026175882
0.0018964433
0.0015640500
0.0018900399
0.0022702973
0.0023436078
0.0019520963
0.0020185943
0.0037749443
0.0057364050
0.0073404391
0.0077100996
0.0056561266
0.0035560867
0.0027973945
0.0015699679
-0.0001835399
-0.0001378298
0.0010250648
0.0000075925
-0.0023272625
-0.0018880630
0.0010022617
0.0028173269
0.0011663274
-0.0030335805
-0.0050785835
-0.0048738205
-0.0049233235
-0.0052317788
-0.0065553703
-0.0078243967
-0.0075456157
-0.0066102547
-0.0068173257
-0.0068996569
-0.0042874759
-0.0007844334
0.0012549138
0.0018665852
0.0022091575
0.0024570464
0.0015814691
-0.0000644237
-0.0017052368
-0.0039990220
-0.0062894387
-0.0063795909
-0.0049027647
-0.0040037800
-0.0042868617
-0.0047278467
-0.0048368078
-0.0060682832
-0.0081332657
-0.0088105536
-0.0073469843
-0.0046796521
-0.0017396397
0.0014571673
0.0036166265
0.0022343122
-0.0013895894
-0.0029336928
-0.0029007145
-0.0051596301
-0.0089943733
-0.0110541753
-0.0104651189
-0.0088797609
-0.0085890784
-0.0091258559
-0.0079179960
-0.0045463739
-0.0000511882
0.0042181196
0.0063324389
0.0058489013
0.0041083042
0.0021310470
-0.0001241473
-0.0023914189
-0.0035277064
-0.0036188717
-0.0039328482
-0.0035810372
-0.0021309045
-0.0039375247
-0.0092987989
-0.0119375085
-0.0106345763
-0.0090052960
-0.0096945459
-0.0105381987
-0.0078779915
-0.0034167677
0.0003471104
0.0017589956
0.0014290230
0.0016790801
0.0014505314
-0.0000655451
-0.0025617743
-0.0062257692
-0.0095856604
-0.0115681684
-0.0133820434
-0.0148558011
-0.0145048729
-0.0126843022
-0.0101684135
-0.0076359643
-0.0065355062
-0.0063625956
-0.0049825140
-0.0028110788
-0.0011788227
-0.0002227688
-0.0005439359
-0.0022168618
-0.0032849583
-0.0024451839
-0.0024196263
-0.0044195170
-0.0057739736
-0.0065284888
-0.0064024009
-0.0030194538
0.0014955954
0.0034016623
0.0029532904
0.0017015158
0.0011158636
0.0027650702
0.0045505422
0.0030756395
0.0001326128
-0.0008006490
0.0005671579
0.0021733706
0.0016802684
-0.0002073703
-0.0007528590
-0.0000931828
-0.0002844392
-0.0019594971
-0.0030824649
-0.0015330863
-0.0006834577
-0.0025167333
-0.0026115918
0.0008166199
0.0037333044
0.0032800423
0.0015100798
0.0009661044
0.0028923018
0.0058155700
0.0072622896
0.0090502217
0.0134613258
0.0170071012
0.0160731014
0.0129173669
0.0090110582
0.0043229653
0.0000669951
-0.0017882272
0.0002890242
0.0034388019
0.0047982856
0.0043561895
0.0029430165
0.0024237017
0.0034626248
0.0045324003
0.0049703939
0.0064039157
0.0090846565
0.0116237032
0.0131306994
0.0127480586
0.0112219683
0.0104610489
0.0109001071
0.0116786182
0.0115129283
0.0106394991
0.0105174060
0.0101790861
0.0071658942
0.0021540776
-0.0011871529
-0.0009351437
0.0008521863
0.0014873397
0.0018685821
0.0030574414
0.0030394594
0.0012434862
-0.0011137726
-0.0032944144
-0.0042187087
-0.0034052748
-0.0015857744
-0.0006695219
-0.0009465669
-0.0010108439
-0.0018539060
-0.0035048087
-0.0038334707
-0.0027703552
-0.0013756058
0.0008234415
0.0036277346
0.0056778926
0.0073420143
0.0083009874
0.0076782521
0.0081034522
0.0107529137
0.0117314645
0.0098788084
0.0069936846
0.0032106248
0.0003913390
-0.0001481361
-0.0008151128
-0.0022567569
-0.0027903633
-0.0028341478
-0.0033254283
-0.0031633755
-0.0019105586
-0.0015217787
-0.0027631526
-0.0037984427
-0.0039582866
-0.0042655987
-0.0052408918
-0.0066138688
-0.0082099111
-0.0101902013
-0.0119539977
-0.0126477957
-0.0126551573
-0.0132091341
-0.0143296350
-0.0149435576
-0.0145722415
-0.0140572118
-0.0144213594
-0.0149437768
-0.0151491120
-0.0155903840
-0.0159911470
-0.0149558419
-0.0122974401
-0.0098923697
-0.0082903287
-0.0068684651
-0.0054648549
-0.0043578905
-0.0038305295
-0.0030209275
-0.0015817891
-0.0007841996
-0.0005144338
0.0003421937
0.0012621258
0.0015445649
0.0006110813
-0.0004974611
0.0005947385
0.0026525111
0.0034255126
0.0037157268
0.0043660736
0.0052365485
0.0065278984
0.0074035162
0.0067927906
0.0044021245
0.0008422220
-0.0022779515
-0.0051200914
-0.0079400588
-0.0087804732
-0.0072458830
-0.0053748051
-0.0040180663
-0.0027565613
-0.0011850406
0.0016606486
0.0049199311
0.0057962191
0.0046937917
0.0044281515
0.0050492234
0.0050697140
0.0047364241
0.0048300971
0.0053953954
0.0072802635
0.0103882048
0.0127897745
0.0144668213
0.0159927181
0.0170613509
0.0172560003
0.0156022458
0.0126835046
0.0103273016
0.0087788151
0.0071086050
0.0053799568
0.0043416803
0.0033668103
0.0017046535
0.0003292614
0.0005139626
0.0022737859
0.0035153099
0.0021098109
0.0000235457
0.0002746883
0.0013905763
-0.0000061488
-0.0033969133
-0.0057762637
-0.0062748955
-0.0055032951
-0.0040611944
-0.0026712039
-0.0023987015
-0.0027258955
-0.0014190835
0.0006355576
-0.0000418585
-0.0029490080
-0.0044728212
-0.0045430280
-0.0045846257
-0.0039397268
-0.0021095124
0.0003869387
0.0024766446
0.0030540254
0.0024503733
0.0021984514
0.0027849272
0.0034319736
0.0038535651
0.0047776349
0.0050289330
0.0030486030
0.0004384537
-0.0020152259
-0.0049573597
-0.0074088948
-0.0078029027
-0.0073341750
-0.0087705366
-0.0110392988
-0.0104796829
-0.0062648403
-0.0021684674
-0.0016443658
-0.0026556526
-0.0026641704
-0.0027315916
-0.0028323903
-0.0023918181
-0.0013759615
0.0005148324
0.0016270922
0.0019237990
0.0030265100
0.0050496515
0.0068965561
0.0078903958
0.0081193477
0.0068502441
0.0048557839
0.0031139165
0.0018052160
0.0020950451
0.0038972353
0.0057333294
0.0065625591
0.0067495204
0.0067779939
0.0065466197
0.0063875716
0.0062709675
0.0061820826
0.0064695610
0.0072650312
0.0078829225
0.0069188216
0.0049651108
0.0045016139
0.0061043322
0.0075801849
0.0077351830
0.0069460607
0.0049499172
0.0027681383
0.0013504511
0.0002184886
-0.0005447381
-0.0010991483
-0.0013123200
-0.0017203921
-0.0027786564
-0.0032112127
-0.0030039011
-0.0021099013
0.0001715890
0.0034159275
0.0065568418
0.0079721156
0.0065424813
0.0031237732
0.0004175772
0.0003964341
0.0030907185
0.0066542953
0.0080947142
0.0069388169
0.0050604761
0.0028795229
-0.0000654926
-0.0031276510
-0.0055778877
-0.0064965363
-0.0052182099
-0.0028171686
-0.0008683754
0.0001596146
0.0009781672
0.0011811203
-0.0003037620
-0.0014170834
-0.0003715021
0.0003980934
-0.0011231919
-0.0042219854
-0.0073266886
-0.0088464331
-0.0087395512
-0.0089111143
-0.0099038440
-0.0093972439
-0.0063835243
-0.0035458879
-0.0031070089
-0.0043620918
-0.0055154510
-0.0047429371
-0.0021830962
0.0004934379
0.0020714950
0.0025547218
0.0023901490
0.0006438701
-0.0020866275
-0.0045250819
-0.0064012874
-0.0073883403
-0.0085979982
-0.0110726726
-0.0138574964
-0.0142759815
-0.0123324346
-0.0110384819
-0.0111616156
-0.0106060887
-0.0074507206
-0.0041923283
-0.0033407626
-0.0028721718
-0.0013884190
-0.0000034482
0.0001580063
-0.0008616210
-0.0021220779
-0.0021136321
-0.0015827039
-0.0022443015
-0.0030061201
-0.0035018270
-0.0031139762
-0.0014594456
-0.0010859224
-0.0016706634
-0.0013637794
-0.0007718950
-0.0004155784
-0.0004174819
-0.0004568380
0.0001267173
0.0012188383
0.0022686786
0.0022846547
0.0004575525
-0.0021100228
-0.0028971756
-0.0016954066
-0.0000054816
0.0021770766
0.0042359360
0.0046044816
0.0031274042
0.0009904817
-0.0008598850
-0.0019044236
-0.0021307558
-0.0025513885
-0.0027316031
-0.0018157280
-0.0007499317
-0.0003264324
-0.0004099103
-0.0001213926
0.0013637126
0.0036976276
0.0060644374
0.0076425323
0.0077433733
0.0069940748
0.0069060881
0.0078553487
0.0083663144
0.0078248878
0.0070236355
0.0054337410
0.0027283325
-0.0002215391
-0.0022374846
-0.0019680112
-0.0000504388
0.0014794235
0.0026357051
0.0039152613
0.0035907890
0.0010054110
-0.0013164874
-0.0014746583
-0.0005927767
-0.0006278886
-0.0006073243
0.0007001468
0.0013775687
0.0015825145
0.0027110613
0.0042644106
0.0060279542
0.0072071497
0.0074205841
0.0073624878
0.0074091873
0.0072354437
0.0065424436
0.0063570120
0.0072642132
0.0089167495
0.0106048250
0.0111413649
0.0105397689
0.0102213826
0.0098900426
0.0071178747
0.0029358817
0.0008235725
-0.0000663098
-0.0013419958
-0.0016693044
-0.0011679004
-0.0008259644
-0.0006483658
-0.0014872498
-0.0035167485
-0.0058130325
-0.0078603090
-0.0092852196
-0.0099332227
-0.0093997619
-0.0085679422
-0.0091236622
-0.0102458363
-0.0103944862
-0.0093755641
-0.0083206827
-0.0081224136
-0.0072611343
-0.0046411201
-0.0023009380
-0.0016632956
-0.0011678277
0.0001829483
0.0014110663
0.0019772389
0.0027666052
0.0043067960
0.0053536124
0.0046224921
0.0025744956
-0.0000271124
-0.0029506669
-0.0050948231
-0.0057796270
-0.0055653786
-0.0046620815
-0.0036030385
-0.0034090607
-0.0041031210
-0.0044558810
-0.0037198061
-0.0027628938
-0.0025909738
-0.0033218435
-0.0040565712
-0.0038891228
-0.0031295247
-0.0023618155
-0.0017606215
-0.0017413151
-0.0026243728
-0.0033888220
-0.0033713456
-0.0034214358
-0.0033341086
-0.0026524278
-0.0023451299
-0.0024585787
-0.0020743820
-0.0016549625
-0.0020697190
-0.0023962397
-0.0018649095
-0.0013681961
-0.0006608232
0.0003027755
0.0000383831
-0.0006963450
-0.0008435716
-0.0010067874
-0.0005479231
0.0004947715
0.0011454966
0.0018767633
0.0023678235
0.0020726585
0.0017070709
0.0017530751
0.0028528491
0.0046392714
0.0052350913
0.0044662843
0.0032313082
0.0020017719
0.0022094766
0.0035124541
0.0034820002
0.0027001447
0.0028074709
0.0029156436
0.0025275922
0.0017109302
-0.0003657403
-0.0027064720
-0.0044132431
-0.0065241789
-0.0080245045
-0.0078999107
-0.0075843488
-0.0073437048
-0.0054465096
-0.0018577987
0.0001298282
-0.0010656458
-0.0032388559
-0.0049325196
-0.0060357264
-0.0065551174
-0.0065764491
-0.0059624653
-0.0060383673
-0.0073472460
-0.0083347848
-0.0088754028
-0.0090916654
-0.0083443288
-0.0065060239
-0.0044334562
-0.0030830038
-0.0021224858
-0.0014087885
-0.0004705384
0.0012718154
0.0028671940
0.0039732565
0.0051782129
0.0065583431
0.0077097912
0.0080037567
0.0067269571
0.0038809785
0.0010609907
0.0000501893
0.0005442652
0.0014050132
0.0025286734
0.0034936795
0.0039047786
0.0039648014
0.0036623567
0.0033952845
0.0039496663
0.0055461475
0.0067500033
0.0061812872
0.0048338799
0.0038694417
0.0031535434
0.0020089764
0.0002350765
-0.0012195219
-0.0016814573
-0.0007862967
0.0012271602
0.0030540970
0.0040094088
0.0042476615
0.0044106506
0.0044542913
0.0041852463
0.0049750572
0.0067150711
0.0073841123
0.0066976075
0.0052640098
0.0036172203
0.0028636762
0.0026176770
0.0018600661
0.0014758529
0.0023595239
0.0035064765
0.0036933745
0.0034091368
0.0033513441
0.0030938173
0.0033683057
0.0058463986
0.0088042618
0.0088484147
0.0059640226
0.0029055540
0.0012453556
-0.0001794392
-0.0019027672
-0.0031280408
-0.0037691101
-0.0045605191
-0.0054666027
-0.0052895787
-0.0043009649
-0.0039395673
-0.0044120159
-0.0042398894
-0.0026372134
-0.0009610326
-0.0003975003
-0.0006697811
-0.0006919116
-0.0001413674
0.0003341261
0.0010480077
0.0023212743
0.0030066347
0.0025313876
0.0018545871
0.0016786393
0.0016611551
0.0015651476
0.0014491445
0.0008544985
-0.0005629883
-0.0020212082
-0.0023236287
-0.0015101836
-0.0008347476
-0.0007392817
-0.0007049704
-0.0010367445
-0.0016046803
-0.0013026009
-0.0005144319
-0.0002429158
-0.0001369432
0.0007079082
0.0024381198
0.0037302571
0.0034648611
0.0026591934
0.0018959754
0.0006502960
-0.0000999495
0.0000424513
-0.0004530314
-0.0015639058
-0.0014622118
0.0002836143
0.0020002983
0.0023932339
0.0021254571
0.0020675416
0.0024663538
0.0030256759
0.0024808283
0.0011631285
0.0012339164
0.0027061111
0.0039415671
0.0039271648
0.0029547507
0.0025182181
0.0025529648
0.0020247232
0.0011773777
0.0006005491
0.0002783489
-0.0006234804
-0.0020647832
-0.0035045162
-0.0053772593
-0.0072633751
-0.0085981641
-0.0094297623
-0.0091201787
-0.0074359914
-0.0051844575
-0.0035783764
-0.0032119215
-0.0036399456
-0.0041007693
-0.0037163253
-0.0026963641
-0.0019886916
-0.0017796506
-0.0027607609
-0.0050187996
-0.0067572069
-0.0073341061
-0.0076585303
-0.0077586163
-0.0071146702
-0.0065811423
-0.0069571013
-0.0070195044
-0.0064469692
-0.0062529852
-0.0060706755
-0.0050629518
-0.0034964212
-0.0020729808
-0.0002882480
0.0024799743
0.0051286176
0.0062606908
0.0057583530
0.0045383715
0.0036930490
0.0032885080
0.0025320618
0.0020109221
0.0022999087
0.0021605038
0.0011194846
-0.0007528438
-0.0031592939
-0.0044701322
-0.0039571073
-0.0025893168
-0.0011593774
0.0009553855
0.0041024996
0.0066468821
0.0074615568
0.0074516004
0.0075447883
0.0081164575
0.0091298284
0.0093710701
0.0082069780
0.0063949997
0.0051689358
0.0050749649
0.0047744225
0.0042077506
0.0045418598
0.0046384560
0.0039390045
0.0038374100
0.0041043675
0.0035122408
0.0027268202
0.0030407171
0.0044185138
0.0058935947
0.0060218233
0.0045078178
0.0028252735
0.0017369579
0.0012121998
0.0012302260
0.0010877483
0.0010741900
0.0024855495
0.0047326284
0.0063965465
0.0075550623
0.0082086602
0.0077583070
0.0067847309
0.0059905165
0.0049056687
0.0033137262
0.0015419647
-0.0002514188
-0.0015148452
-0.0021464304
-0.0026391874
-0.0025293053
-0.0016246937
-0.0004379498
0.0007046613
0.0015265108
0.0016550853
0.0006618702
-0.0010256905
-0.0025531735
-0.0030325989
-0.0020715482
-0.0008732441
0.0001833496
0.0015593276
0.0021371578
0.0015379410
0.0005322121
-0.0006538856
-0.0014434891
-0.0012158164
-0.0004117666
-0.0004878342
-0.0017297251
-0.0027994546
-0.0033563584
-0.0040407803
-0.0052362061
-0.0067038903
-0.0075747965
-0.0077584330
-0.0079420438
-0.0076068355
-0.0060243718
-0.0038115875
-0.0018580677
-0.0009892189
-0.0007746804
0.0003378128
0.0014484856
0.0009252027
-0.0002663343
-0.0005474171
-0.0001671074
-0.0006602432
-0.0020820785
-0.0029093849
-0.0026007446
-0.0022639472
-0.0031563364
-0.0049185586
-0.0057963896
-0.0056426346
-0.0065290956
-0.0085936062
-0.0094030343
-0.0085918366
-0.0075688983
-0.0066234558
-0.0061245221
-0.0055740506
-0.0044220361
-0.0041948411
-0.0050893248
-0.0056137507
-0.0053456653
-0.0045422824
-0.0035050491
-0.0025431436
-0.0017026471
-0.0011776701
-0.0007674329
-0.0001916305
0.0000150246
-0.0001211253
-0.0002384669
-0.0009724154
-0.0023710169
-0.0032013485
-0.0031472938
-0.0026346297
-0.0023013078
-0.0030055476
-0.0041582644
-0.0048380176
-0.0048523155
-0.0038966245
-0.0024311998
-0.0013884798
-0.0007748814
-0.0000572273
0.0009623397
0.0020044178
0.0024883169
0.0021325907
0.0017913859
0.0024495199
0.0035272084
0.0039487737
0.0039160138
0.0039190779
0.0038339095
0.0038169795
0.0038770713
0.0034946449
0.0026707835
0.0018396913
0.0011910890
0.0011168305
0.0018806196
0.0026103914
0.0028178605
0.0032080395
0.0037559102
0.0038805827
0.0035602640
0.0026674150
0.0015509559
0.0012587291
0.0016545770
0.0019939963
0.0022591019
0.0025912061
0.0030212772
0.0033129389
0.0034042147
0.0032674800
0.0023424514
0.0011039449
0.0006682410
0.0004934175
0.0002885991
0.0012622271
0.0034531316
0.0056700613
0.0069117333
0.0066757265
0.0052362131
0.0034597443
0.0020275744
0.0012474217
0.0015410547
0.0024556017
0.0028555263
0.0026493082
0.0021440184
0.0013052063
0.0004487807
-0.0001397095
-0.0004268505
0.0002514913
0.0019698716
0.0028886600
0.0019905257
0.0010177520
0.0011551793
0.0010701794
-0.0002154700
-0.0021396352
-0.0032876844
-0.0024116158
-0.0005815627
0.0006852926
0.0014365219
0.0018023971
0.0018922817
0.0017348768
0.0017211126
0.0021303357
0.0022468912
0.0019714693
0.0018468416
0.0017897709
0.0012889317
0.0009019795
0.0012848659
0.0019962050
0.0024305151
0.0021990509
0.0017906708
0.0013695115
0.0007205601
0.0001275884
-0.0007802613
-0.0017945336
-0.0019319531
-0.0016035128
-0.0014719805
-0.0011860165
-0.0008354785
-0.0008023038
-0.0009439656
-0.0008172887
-0.0004287367
-0.0005343566
-0.0010492011
-0.0013021697
-0.0012509816
-0.0011372620
-0.0011263036
-0.0011327952
-0.0011315842
-0.0007746009
0.0002617541
0.0013539874
0.0016144615
0.0009069506
0.0003623752
0.0007523306
0.0014049825
0.0015438352
0.0011746892
0.0007914077
0.0003354736
-0.0002360357
-0.0008759378
-0.0016564780
-0.0017028177
-0.0011908329
-0.0013110558
-0.0017595198
-0.0018259168
-0.0011562671
-0.0001887144
-0.0001650353
-0.0006315002
-0.0002459956
0.0005811093
0.0009014640
0.0004313701
-0.0006887873
-0.0016249294
-0.0017073072
-0.0016852592
-0.0027746279
-0.0042543791
-0.0044031588
-0.0031436227
-0.0016456525
-0.0012402862
-0.0016772187
-0.0015936474
-0.0011275790
-0.0006255173
-0.0004676555
-0.0014809267
-0.0025373641
-0.0026128701
-0.0025159041
-0.0023841822
-0.0021100107
-0.0019013674
-0.0017155860
-0.0019183520
-0.0028665018
-0.0036464495
-0.0032156345
-0.0024207310
-0.0024690653
-0.0029950483
-0.0029782603
-0.0022019835
-0.0013158285
-0.0012085549
-0.0020058919
-0.0026324408
-0.0020330425
-0.0003965013
0.0008343585
0.0011039051
0.0014341721
0.0019291810
0.0016042065
0.0005231109
-0.0005767916
-0.0012304940
-0.0015253497
-0.0021171185
-0.0024356784
-0.0020303494
-0.0012833746
-0.0003207198
0.0002588745
0.0009098906
0.0021789365
0.0030274951
0.0032142927
0.0035083383
0.0036946818
0.0035137692
0.0034190563
0.0033901100
0.0033198621
0.0033366556
0.0033315950
0.0029998953
0.0025528536
0.0024674443
0.0024028658
0.0020586555
0.0015699147
0.0007733520
-0.0002757687
-0.0011257376
-0.0017660670
-0.0023284827
-0.0024997575
-0.0022109576
-0.0019572387
-0.0020711522
-0.0019823601
-0.0012277453
-0.0003569311
0.0004610418
0.0013047353
0.0020702705
0.0029977484
0.0039648950
0.0046273836
0.0046706997
0.0042202870
0.0037560740
0.0031529655
0.0025594265
0.0024031611
0.0025850875
0.0026569343
0.0021309678
0.0013232961
0.0010108226
0.0012502080
0.0014628910
0.0013629209
0.0011641828
0.0006036037
-0.0005551773
-0.0017918996
-0.0028701464
-0.0036436703
-0.0039507026
-0.0042134021
-0.0044324356
-0.0042560216
-0.0039563053
-0.0041445053
-0.0048591099
-0.0049080697
-0.0037794988
-0.0025824800
-0.0018381702
-0.0013967908
-0.0010082594
-0.0002504015
0.0006699702
0.0012392456
0.0013719745
0.0012655158
0.0010619199
0.0009870286
0.0009222864
0.0005280526
-0.0000665015
-0.0008960384
-0.0018352534
-0.0026931142
-0.0036697988
-0.0044786928
-0.0046510800
-0.0041693016
-0.0032028271
-0.0020875366
-0.0013294934
-0.0010979793
-0.0009338578
-0.0005554541
-0.0003457985
-0.0001962546
0.0002592731
0.0007030675
0.0010140940
0.0012079824
0.0007388760
-0.0005575068
-0.0019266070
-0.0030388531
-0.0041438232
-0.0049168208
-0.0050844467
-0.0049484896
-0.0046496923
-0.0042589081
-0.0038770551
-0.0034298094
-0.0030639741
-0.0028512511
-0.0024896619
-0.0023534578
-0.0025038571
-0.0020305204
-0.0011020818
-0.0002494814
0.0004840947
0.0013101770
0.0020585248
0.0019510846
0.0013552835
0.0009434580
0.0009877329
0.0016826751
0.0027898109
0.0038360862
0.0041284948
0.0033485611
0.0021456311
0.0015172660
0.0017614996
0.0027118296
0.0037657922
0.0039781018
0.0034561482
0.0030686209
0.0026844793
0.0018179316
0.0013071364
0.0017723679
0.0024458269
0.0028872176
0.0034777000
0.0042616927
0.0046172018
0.0042791049
0.0037929568
0.0037636120
0.0043094046
0.0049848310
0.0050818355
0.0043429578
0.0031728623
0.0020492716
0.0013014509
0.0010636584
0.0011994075
0.0015493198
0.0020861960
0.0025439460
0.0027523720
0.0031599363
0.0038299898
0.0041628869
0.0037504723
0.0030530771
0.0027545874
0.0026052033
0.0022401225
0.0017107223
0.0010112967
0.0003944423
0.0001185969
0.0000570461
0.0002658879
0.0005678207
0.0003601864
-0.0001589224
-0.0003198133
-0.0000830597
0.0001941876
0.0001864848
-0.0001727233
-0.0006410256
-0.0009650630
-0.0011939797
-0.0016873454
-0.0026083869
-0.0036200204
-0.0041782100
-0.0038934817
-0.0030289914
-0.0024425280
-0.0023545066
-0.0021234248
-0.0017075511
-0.0018860203
-0.0027930765
-0.0036523584
-0.0040185049
-0.0041791849
-0.0045193139
-0.0051728418
-0.0057601029
-0.0055630750
-0.0048424586
-0.0044838900
-0.0042550219
-0.0037217524
-0.0034018480
-0.0036086578
-0.0039468522
-0.0037787137
-0.0030066383
-0.0025996885
-0.0028047149
-0.0030287583
-0.0034673191
-0.0040635128
-0.0044936007
-0.0047114663
-0.0044914785
-0.0039294108
-0.0034281216
-0.0031243829
-0.0028775448
-0.0025143037
-0.0018913663
-0.0014136125
-0.0014083340
-0.0012606346
-0.0008214978
-0.0006577696
-0.0006997015
-0.0005003882
0.0001801867
0.0013729512
0.0023311852
0.0025404393
0.0025620950
0.0023829705
0.0016710358
0.0008664005
0.0004747802
0.0006611194
0.0010816709
0.0014386309
0.0021033956
0.0032502508
0.0044746376
0.0053026710
0.0055724558
0.0053368551
0.0047976713
0.0042900133
0.0037624261
0.0029274008
0.0021009010
0.0020721616
0.0026764128
0.0030394462
0.0030700125
0.0032648792
0.0039004953
0.0045424437
0.0046169538
0.0044432794
0.0046684619
0.0049140090
0.0043773014
0.0035608945
0.0032494060
0.0031623883
0.0031423724
0.0032285466
0.0030338604
0.0026290950
0.0021850928
0.0015020699
0.0008680188
0.0007289281
0.0012206681
0.0021210205
0.0028196026
0.0030565797
0.0030733769
0.0029454369
0.0028297024
0.0030858546
0.0034705971
0.0037360719
0.0040535824
0.0045226453
0.0052077703
0.0056321989
0.0054524684
0.0051575410
0.0049669932
0.0047534902
0.0043591480
0.0035654540
0.0025511676
0.0017036343
0.0010533860
0.0002883947
-0.0004401626
-0.0007123687
-0.0006994528
-0.0006403911
-0.0006507303
-0.0005763027
-0.0003508673
-0.0003846500
-0.0007532238
-0.0011611947
-0.0011737657
-0.0008497890
-0.0006223064
-0.0007261638
-0.0013176759
-0.0019347365
-0.0020438543
-0.0018169807
-0.0018085008
-0.0022169019
-0.0027016297
-0.0029888142
-0.0030195876
-0.0029641290
-0.0028239223
-0.0024479422
-0.0019379542
-0.0012952431
-0.0005066166
0.0001174982
0.0002350765
-0.0001198909
-0.0004279097
-0.0002350669
0.0001992132
0.0004902164
0.0006405685
0.0006351066
0.0003756413
-0.0001292793
-0.0007760684
-0.0013395202
-0.0017517364
-0.0022144037
-0.0026031546
-0.0029664258
-0.0036860847
-0.0042183564
-0.0039352375
-0.0033394690
-0.0029339345
-0.0026180182
-0.0020581083
-0.0012635904
-0.0010154845
-0.0016177186
-0.0024588265
-0.0029848181
-0.0029218596
-0.0026614195
-0.0025068289
-0.0021085824
-0.0019319361
-0.0024862389
-0.0032718689
-0.0039832160
-0.0042971272
-0.0040866722
-0.0041872492
-0.0047311277
-0.0048805597
-0.0046770368
-0.0049018411
-0.0054653006
-0.0055397722
-0.0049075101
-0.0039882629
-0.0034578916
-0.0034931007
-0.0033884923
-0.0030857427
-0.0029155723
-0.0021311921
-0.0004581954
0.0008762519
0.0013034327
0.0013738532
0.0013995663
0.0014554356
0.0014703709
0.0012694103
0.0010514747
0.0011246966
0.0013169359
0.0011847999
0.0004305585
-0.0006426309
-0.0011710536
-0.0009142571
-0.0005813624
-0.0005720667
-0.0006048660
-0.0006437691
-0.0007773402
-0.0008676135
-0.0008625661
-0.0007200941
-0.0003993773
0.0002279748
0.0011805514
0.0019493470
0.0022771762
0.0024067159
0.0021719361
0.0015678255
0.0011993020
0.0011517391
0.0013279768
0.0019261694
0.0026969854
0.0033182862
0.0035117376
0.0031288382
0.0024956324
0.0016512958
0.0007333282
0.0002368955
0.0002799662
0.0007636182
0.0012814784
0.0014144200
0.0015303746
0.0020374983
0.0026150312
0.0030855649
0.0036376367
0.0039948210
0.0036566748
0.0030015695
0.0027157767
0.0024583859
0.0019888383
0.0016439987
0.0014498796
0.0014415954
0.0014195445
0.0010497604
0.0006974413
0.0006196891
0.0004274319
0.0002331343
0.0004318584
0.0006546695
0.0004304227
-0.0002623151
-0.0010872017
-0.0014549537
-0.0011593184
-0.0005402512
-0.0000487041
0.0003141384
0.0009066626
0.0014965909
0.0016964913
0.0018849175
0.0022435029
0.0022904405
0.0018061708
0.0011179173
0.0005939195
0.0002308633
-0.0000913311
-0.0005551786
-0.0010858408
-0.0011955122
-0.0010729246
-0.0013946679
-0.0021562466
-0.0029135419
-0.0035166239
-0.0038825165
-0.0037829831
-0.0031159782
-0.0020308857
-0.0008431804
0.0000593923
0.0002166385
-0.0001225431
-0.0002808093
-0.0002893230
-0.0002796250
-0.0001476877
0.0001811592
0.0007077256
0.0012881268
0.0016165755
0.0012907707
0.0005308529
-0.0001572389
-0.0008934725
-0.0017165698
-0.0024090802
-0.0028808436
-0.0029911669
-0.0028956546
-0.0027104885
-0.0021974781
-0.0016156936
-0.0015640831
-0.0019196885
-0.0022171800
-0.0023886051
-0.0024762373
-0.0029621600
-0.0039805211
-0.0045130126
-0.0042165242
-0.0036535418
-0.0032720875
-0.0032797699
-0.0033350460
-0.0029343938
-0.0018345212
-0.0005211008
0.0000809390
0.0001090577
0.0003047443
0.0007177717
0.0009889651
0.0010383213
0.0012143584
0.0015667005
0.0013230586
0.0002253627
-0.0009660388
-0.0018690217
-0.0025763501
-0.0029683561
-0.0028155844
-0.0019664773
-0.0006992142
0.0001754392
0.0003666848
0.0004929501
0.0008280606
0.0008365913
0.0003996530
0.0000147258
-0.0001305910
0.0000347323
0.0001533194
-0.0006009260
-0.0018249133
-0.0023707066
-0.0023274177
-0.0024007188
-0.0026692959
-0.0027950119
-0.0024584853
-0.0016320367
-0.0005602677
0.0004084649
0.0010833715
0.0016611268
0.0023830472
0.0030393286
0.0031842217
0.0030496129
0.0029271773
0.0025112884
0.0020239774
0.0017448956
0.0013959957
0.0009746447
0.0006894840
0.0004524777
0.0002946135
0.0005105221
0.0010599500
0.0016293904
0.0018698373
0.0017809640
0.0016913089
0.0017064989
0.0016840197
0.0013727563
0.0007976189
0.0003250573
-0.0000072504
-0.0005506349
-0.0010448376
-0.0007719000
-0.0000627824
0.0001559601
-0.0000190950
-0.0000452354
0.0001818143
0.0006474481
0.0009941165
0.0009955278
0.0010325463
0.0010054247
0.0007516425
0.0006223128
0.0006277587
0.0006520336
0.0007766652
0.0011348453
0.0017793773
0.0026008157
0.0035007403
0.0045071516
0.0054140401
0.0058025088
0.0059532025
0.0061584749
0.0060722938
0.0057145695
0.0053789255
0.0052407649
0.0052381614
0.0049618614
0.0043901751
0.0039491310
0.0036524600
0.0031995449
0.0026911439
0.0022420830
0.0017225976
0.0012711006
0.0010247800
0.0010269694
0.0011702575
0.0010058972
0.0004882219
0.0000035233
-0.0001098293
0.0001378595
0.0002983261
0.0003193477
0.0006496024
0.0014303290
0.0021586705
0.0025743339
0.0030387704
0.0035025889
0.0037219730
0.0037189431
0.0036128761
0.0035594746
0.0036342935
0.0036266323
0.0031320116
0.0024188618
0.0019171563
0.0015261699
0.0012640890
0.0012369300
0.0013698616
0.0014184529
0.0010519282
0.0003998904
0.0001932350
0.0005979756
0.0007333476
0.0002227784
-0.0001467808
-0.0000911331
-0.0001336486
-0.0002678174
-0.0003886387
-0.0006610457
-0.0010492345
-0.0015338975
-0.0018862783
-0.0017856773
-0.0016102577
-0.0017824945
-0.0021461631
-0.0026745639
-0.0033074008
-0.0038779051
-0.0042377330
-0.0041483132
-0.0039914808
-0.0040271339
-0.0038298387
-0.0034022301
-0.0031579893
-0.0030608636
-0.0028459487
-0.0026221413
-0.0025284545
-0.0025432334
-0.0024272954
-0.0018369808
-0.0011551958
-0.0011982851
-0.0019207945
-0.0026424427
-0.0028836969
-0.0026679950
-0.0024834218
-0.0023316792
-0.0021896007
-0.0025854304
-0.0032897136
-0.0037306907
-0.0039343102
-0.0039923936
-0.0040290329
-0.0040250151
-0.0038530124
-0.0039341819
-0.0043084065
-0.0047471305
-0.0054140992
-0.0056800322
-0.0050377982
-0.0039666429
-0.0032656244
-0.0030136769
-0.0026233089
-0.0022183965
-0.0018349189
-0.0015594934
-0.0017224121
-0.0020611811
-0.0019901722
-0.0015439381
-0.0017750632
-0.0025416629
-0.0028446271
-0.0027232126
-0.0024409366
-0.0022448080
-0.0021126833
-0.0018623833
-0.0017057382
-0.0019168270
-0.0024675057
-0.0028437501
-0.0028627667
-0.0026788170
-0.0021376997
-0.0014134366
-0.0008961678
-0.0002894537
0.0003802054
0.0004204734
0.0000732073
-0.0002554542
-0.0005906099
-0.0007551527
-0.0007195196
-0.0006357785
-0.0006649374
-0.0007468922
-0.0009365423
-0.0011603803
-0.0009824868
-0.0003970722
0.0002707746
0.0007279180
0.0010270429
0.0013676016
0.0017820439
0.0022995086
0.0027940885
0.0030899606
0.0030739908
0.0028525996
0.0026220840
0.0022663048
0.0018771302
0.0017627874
0.0017680648
0.0014250212
0.0004953273
-0.0005768549
-0.0012916742
-0.0018089703
-0.0020172186
-0.0014352443
-0.0001878294
0.0010085789
0.0016855265
0.0021447132
0.0025510840
0.0025937885
0.0019472022
0.0006963434
-0.0001566899
-0.0002686145
-0.0002884611
-0.0003166025
-0.0002933395
-0.0001407676
0.0002793577
0.0008156404
0.0012042017
0.0012448591
0.0012847371
0.0017646613
0.0022144705
0.0023929403
0.0022254848
0.0019695914
0.0021682355
0.0024482861
0.0023948867
0.0024262588
0.0026773534
0.0030657767
0.0033188586
0.0031809392
0.0030471445
0.0030577710
0.0030574236
0.0031508094
0.0032468750
0.0032282666
0.0030922346
0.0029073535
0.0030246484
0.0034594417
0.0037593846
0.0038808510
0.0039602941
0.0039149267
0.0039060823
0.0038458893
0.0033890015
0.0029077306
0.0026916949
0.0026188309
0.0027164943
0.0023822833
0.0013216458
0.0003609323
-0.0000529812
0.0000191834
0.0002738931
0.0004851690
0.0007630103
0.0008794643
0.0008872500
0.0009847812
0.0009087345
0.0005408210
0.0000193008
-0.0002364784
0.0000325738
0.0006579550
0.0012409651
0.0015524218
0.0021464530
0.0030621860
0.0033559278
0.0029330465
0.0022817159
0.0014125883
0.0005067594
-0.0001223113
-0.0006180684
-0.0011099871
-0.0013567034
-0.0013672926
-0.0015078192
-0.0018683607
-0.0021084376
-0.0020861432
-0.0019882942
-0.0017692299
-0.0014453630
-0.0009772218
-0.0004524196
-0.0003805235
-0.0005371638
-0.0002481338
0.0004222726
0.0008794691
0.0007520641
0.0001787301
-0.0004256602
-0.0007826243
-0.0012516624
-0.0020868005
-0.0024858610
-0.0021492754
-0.0018477106
-0.0019247978
-0.0021743207
-0.0021748647
-0.0017836600
-0.0012965741
-0.0009335247
-0.0007948056
-0.0007319498
-0.0008387167
-0.0011878047
-0.0012637338
-0.0011387517
-0.0011708254
-0.0013231614
-0.0015092028
-0.0015369992
-0.0015405812
-0.0016519918
-0.0016842277
-0.0015371640
-0.0013188812
-0.0011769602
-0.0010173677
-0.0009526568
-0.0011672527
-0.0014633711
-0.0016966724
-0.0019267615
-0.0019818483
-0.0016502224
-0.0012256848
-0.0012797696
-0.0019291280
-0.0024481415
-0.0025380986
-0.0025970179
-0.0024519112
-0.0021035167
-0.0018807957
-0.0016535635
-0.0012968045
-0.0007474734
-0.0001324845
0.0003377963
0.0006819329
0.0007973451
0.0007892345
0.0008120836
0.0008518211
0.0009788243
0.0009250278
0.0006479421
0.0005098796
0.0004499309
0.0004580071
0.0006327080
0.0006643753
0.0004447019
0.0003050308
0.0003715108
0.0003821650
0.0002562489
0.0001998063
0.0001812407
0.0002059527
0.0004516782
0.0007469081
0.0009302127
0.0009759521
0.0007773399
0.0006139782
0.0007450760
0.0008726712
0.0007238743
0.0004176303
0.0001856657
0.0001120570
0.0000829336
0.0000616133
0.0001867297
0.0003462644
0.0004242578
0.0003920290
0.0001470836
-0.0000566050
-0.0000232249
0.0001657853
0.0004733696
0.0006575950
0.0007285992
0.0009740844
0.0011594479
0.0010867063
0.0008723057
0.0006095932
0.0005583170
0.0006950684
0.0007601824
0.0008263786
0.0008549425
0.0006727056
0.0004394460
0.0002779818
0.0000549199
-0.0002163149
-0.0004190165
-0.0005513386
-0.0006344711
-0.0006964674
-0.0006465085
-0.0004511020
-0.0003135730
-0.0002001901
0.0001075718
0.0005234709
0.0007953565
0.0008053214
0.0006996396
0.0008022673
0.0010330560
0.0010040067
0.0007241982
0.0003990709
0.0002053783
0.0002385850
0.0002093612
-0.0000973524
-0.0004062680
-0.0004264329
-0.0002591107
-0.0002613083
-0.0004807246
-0.0007301077
-0.0010280328
-0.0012420180
-0.0012201292
-0.0011486816
-0.0011270654
-0.0010747893
-0.0010334384
-0.0010215747
-0.0008765784
-0.0006615204
-0.0006436174
-0.0007742867
-0.0008349701
-0.0008288353
-0.0008602502
-0.0009476867
-0.0010098498
-0.0008892333
-0.0006321367
-0.0004498217
-0.0003516277
-0.0002737423
-0.0003146329
-0.0005222763
-0.0007409830
-0.0009541154
-0.0011298195
-0.0011660752
-0.0012425581
-0.0013280987
-0.0013006441
-0.0012702242
-0.0011990382
-0.0011077671
-0.0010686063
-0.0010004846
-0.0008965165
-0.0008176506
-0.0007818373
-0.0007659525
-0.0007574797
-0.0008121952
-0.0009246672
-0.0009464617
-0.0007697511
-0.0005289674
-0.0004096723
-0.0003207761
-0.0001774507
-0.0000964343
-0.0000856494
-0.0001003624
-0.0001637955
-0.0002213414
-0.0002678321
-0.0003566053
-0.0003592319
-0.0002208023
-0.0000568342
0.0001167427
0.0002828735
0.0004337648
0.0006098536
0.0007471827
0.0007893966
0.0007850498
0.0007733436
0.0007137037
0.0005606733
0.0003493271
0.0001663606
0.0000578065
-0.0000041558
-0.0000522923
-0.0000952427
-0.0001188586
-0.0001062890
-0.0000924931
-0.0000797191
-0.0000140342
0.0000979478
0.0001879398
0.0002101651
0.0002176631
0.0002696421
0.0003465498
0.0004194607
0.0004655583
0.0004845217
0.0004981760
0.0005128648
0.0005096184
0.0004818168
0.0004524939
0.0004244773
0.0003955922
0.0003746128
0.0003454585
0.0002952012
0.0002611166
0.0002600218
0.0002545637
0.0002436684
0.0002309151
0.0001989559
0.0001655453
0.0001288096
0.0000740333
0.0000574222
0.0001045776
0.0001417120
0.0001501892
0.0001674468
0.0001931744
0.0002262657
0.0002454562
0.0002326301
0.0002123808
0.0001956276
0.0001901684
0.0001967633
0.0001940753
0.0001814872
0.0001698799
0.0001580553
0.0001384896
0.0001172389
0.0001095269
0.0001089294
0.0001047983
0.0001016567
0.0001083108
0.0001300124
0.0001558837
0.0001748028
0.0001966814
0.0002201911
0.0002229709
0.0002049894
0.0001820964
0.0001560670
0.0001250749
0.0000986387
0.0000947237
0.0001088984
0.0001166317
0.0001079676
0.0000884370
0.0000740690
0.0000718605
0.0000708069
0.0000697604
0.0000711317
0.0000706679
0.0000712527
0.0000740432
0.0000765006
0.0000790200
0.0000808709
0.0000840501
0.0000899498
0.0000934261
0.0000910290
0.0000858692
0.0000819965
0.0000808268
0.0000816152
0.0000809245
0.0000777028
0.0000765727
0.0000780511
0.0000780919
0.0000765907
0.0000762674
0.0000783900
0.0000807049
0.0000806432
0.0000791395
0.0000787649
0.0000799038
0.0000803705
0.0000792092
0.0000777551
0.0000768569
0.0000755868
0.0000743306
0.0000742670
0.0000733592
0.0000703228
0.0000671111
0.0000655817
0.0000653962
0.0000644594
0.0000627183
0.0000617730
0.0000616933
0.0000615276
0.0000608618
0.0000600008
0.0000590108
0.0000580531
0.0000573542
0.0000565941
0.0000556514
0.0000546982
0.0000537791
0.0000528470
0.0000518753
0.0000508360
0.0000497307
0.0000486846
0.0000477007
0.0000467052
0.0000457257
0.0000447483
0.0000437554
0.0000427650
0.0000417854
0.0000408208
0.0000398515
0.0000388694
0.0000378855
0.0000368995
0.0000359104
0.0000349197
0.0000339279
0.0000329352
0.0000319413
0.0000309460
0.0000299492
0.0000289509
0.0000279512
