-0.0004488446
-0.0004530052
-0.0004571395
-0.0004609288
-0.0004646506
-0.0004690069
-0.0004739565
-0.0004779535
-0.0004805197
-0.0004835090
-0.0004883777
-0.0004936590
-0.0004979095
-0.0005016483
-0.0005071903
-0.0005126605
-0.0005146197
-0.0005159064
-0.0005192655
-0.0005225498
-0.0005253041
-0.0005329257
-0.0005536040
-0.0005700818
-0.0005614902
-0.0005468559
-0.0005444494
-0.0005564636
-0.0005657908
-0.0005521414
-0.0005488264
-0.0005722122
-0.0005755961
-0.0005568391
-0.0005531387
-0.0005722209
-0.0005911965
-0.0005896267
-0.0005751931
-0.0005820317
-0.0006131584
-0.0006204592
-0.0006010668
-0.0005989815
-0.0006257223
-0.0006440318
-0.0006292839
-0.0006155688
-0.0006282039
-0.0006577406
-0.0006747971
-0.0006485466
-0.0006083628
-0.0006352826
-0.0006824469
-0.0006857990
-0.0006440624
-0.0006231469
-0.0006576264
-0.0006791769
-0.0006556691
-0.0006364575
-0.0006926526
-0.0007640159
-0.0007091022
-0.0006377470
-0.0006347102
-0.0006602189
-0.0006967833
-0.0007047602
-0.0007220399
-0.0007675941
-0.0007601066
-0.0007254239
-0.0007157711
-0.0008278553
-0.0009645556
-0.0008701704
-0.0006734590
-0.0006396576
-0.0007163482
-0.0007774157
-0.0008051945
-0.0007661766
-0.0007805184
-0.0007918993
-0.0007285368
-0.0007453649
-0.0008807924
-0.0009504401
-0.0008237366
-0.0006664004
-0.0006216428
-0.0006581298
-0.0006692342
-0.0005953182
-0.0006123823
-0.0008477622
-0.0009373156
-0.0007880872
-0.0007451329
-0.0008671077
-0.0009055919
-0.0007837772
-0.0006630438
-0.0006570988
-0.0007926055
-0.0008810716
-0.0008542930
-0.0007643454
-0.0007570247
-0.0007917289
-0.0008014888
-0.0008253296
-0.0008046161
-0.0007052480
-0.0006408331
-0.0006419207
-0.0005841891
-0.0005254400
-0.0006180495
-0.0007870484
-0.0008680202
-0.0008764699
-0.0007742740
-0.0006286157
-0.0006408354
-0.0007787142
-0.0008581617
-0.0007581398
-0.0005631072
-0.0005008219
-0.0006171651
-0.0008076514
-0.0008756880
-0.0008410783
-0.0007464462
-0.0006557907
-0.0006331512
-0.0006437682
-0.0005490838
-0.0003800553
-0.0004833625
-0.0006260215
-0.0006308848
-0.0006796748
-0.0008259375
-0.0009434175
-0.0008556448
-0.0007483809
-0.0007384246
-0.0007257814
-0.0006946408
-0.0006605197
-0.0007246517
-0.0007482462
-0.0007097374
-0.0007253844
-0.0007947386
-0.0008700683
-0.0008168092
-0.0007480084
-0.0007609667
-0.0007953677
-0.0008278939
-0.0008377066
-0.0007357367
-0.0006728719
-0.0007654133
-0.0007645560
-0.0006892947
-0.0007286498
-0.0008026393
-0.0008367403
-0.0007815603
-0.0007143639
-0.0007399593
-0.0007942635
-0.0009033547
-0.0010706503
-0.0010372962
-0.0007189349
-0.0006190179
-0.0007034313
-0.0006533631
-0.0006152611
-0.0006764464
-0.0006676621
-0.0005531776
-0.0005238590
-0.0005853170
-0.0006786154
-0.0006964511
-0.0006601462
-0.0005474042
-0.0002962034
-0.0000958528
-0.0003963422
-0.0010097370
-0.0011796332
-0.0008291126
-0.0004034467
-0.0003237048
-0.0004666946
-0.0004683285
-0.0004138659
-0.0005205287
-0.0007165052
-0.0007360638
-0.0005516836
-0.0005941390
-0.0008558253
-0.0008429486
-0.0004987517
-0.0003971406
-0.0006120581
-0.0007396886
-0.0007746638
-0.0006745225
-0.0005989334
-0.0006322337
-0.0006587878
-0.0007106455
-0.0008063126
-0.0009610470
-0.0008920002
-0.0005100625
-0.0003294076
-0.0005453764
-0.0008071029
-0.0007636836
-0.0003830155
-0.0002387675
-0.0002838818
-0.0003001356
-0.0002154733
-0.0001618471
-0.0003189749
-0.0004557022
-0.0002551055
-0.0000379151
-0.0001422489
-0.0002003553
-0.0001989951
-0.0001837130
-0.0002402069
-0.0002897735
-0.0003579276
-0.0004716817
-0.0004340459
-0.0003476665
-0.0004797458
-0.0006682516
-0.0005780821
-0.0004098571
-0.0004894577
-0.0003984209
-0.0001426986
-0.0002219814
-0.0004290564
-0.0002314850
0.0001488210
-0.0000230246
-0.0004227613
-0.0004409002
-0.0004554262
-0.0007232105
-0.0008370005
-0.0004340512
-0.0001552637
-0.0002497293
-0.0002576195
-0.0001112624
-0.0000189546
-0.0000109364
0.0000789948
0.0000553859
-0.0001939723
-0.0003441539
-0.0002649669
-0.0001101922
0.0000653404
0.0001986010
0.0002506927
0.0002101300
0.0001363512
0.0000315798
-0.0000942855
-0.0000583651
0.0000943413
0.0002147015
0.0001172729
-0.0004108503
-0.0007872349
-0.0003268207
0.0001207184
0.0001436191
0.0001439574
0.0002742166
0.0002868442
0.0000784480
-0.0001354972
-0.0002223614
-0.0002271144
-0.0000461449
0.0001969538
0.0003771185
0.0003891213
0.0001835741
0.0001080110
0.0001718036
0.0001825317
0.0002116824
0.0002668687
0.0002547103
0.0001694972
0.0001326404
0.0000763640
0.0001580702
0.0003438983
0.0002925520
0.0001279051
0.0000655729
0.0001462601
0.0002700961
0.0004683389
0.0007416031
0.0008300354
0.0004272696
-0.0001157758
-0.0001231502
0.0002426526
0.0003611687
0.0001765984
0.0000932669
0.0002158113
0.0003442857
0.0003437932
0.0005184382
0.0008319126
0.0008095445
0.0006063394
0.0003390106
0.0001956005
0.0003066104
0.0004105740
0.0004320029
0.0004870019
0.0005361858
0.0005870905
0.0006620541
0.0008997835
0.0010851368
0.0008771507
0.0005417873
0.0004173425
0.0005350011
0.0007622226
0.0006897735
0.0003341296
0.0003229949
0.0005022073
0.0005247074
0.0004949943
0.0007232889
0.0010258519
0.0010895260
0.0009379501
0.0008526432
0.0006504442
0.0004365928
0.0005498668
0.0007272157
0.0005973547
0.0004208647
0.0007175221
0.0009886659
0.0008138714
0.0004972877
0.0005057375
0.0008021325
0.0010256081
0.0010836157
0.0009783037
0.0008513844
0.0009113204
0.0010500582
0.0009480438
0.0007491791
0.0008295719
0.0010922728
0.0011390347
0.0010139473
0.0009816636
0.0008984803
0.0008314603
0.0008216552
0.0008092420
0.0009172572
0.0011759378
0.0013921339
0.0011589496
0.0008404638
0.0009756705
0.0014221446
0.0016097919
0.0012633521
0.0008502259
0.0008650710
0.0011492530
0.0014137578
0.0013552822
0.0011000385
0.0009405321
0.0009357381
0.0011168007
0.0013390379
0.0014349667
0.0014011096
0.0012799071
0.0011979482
0.0012387535
0.0013117997
0.0012907297
0.0010637886
0.0010975739
0.0014154397
0.0014975434
0.0013103242
0.0010973038
0.0011161238
0.0013230912
0.0013670853
0.0011866622
0.0012146272
0.0016009316
0.0018503889
0.0015598954
0.0010730606
0.0009858130
0.0010568437
0.0007789142
0.0006412668
0.0012727982
0.0017072058
0.0014876719
0.0011422515
0.0009712357
0.0010723279
0.0013055301
0.0014104792
0.0013774006
0.0014152945
0.0014766239
0.0012948247
0.0011581691
0.0012997597
0.0013475911
0.0011421346
0.0009186818
0.0009973652
0.0013435252
0.0015272366
0.0015188852
0.0013601860
0.0012605242
0.0012726430
0.0013329443
0.0012917516
0.0010895246
0.0010961072
0.0012333005
0.0013055635
0.0012532865
0.0012591307
0.0014872230
0.0015326235
0.0013893146
0.0014358905
0.0014728796
0.0014024270
0.0012718732
0.0011602966
0.0013654003
0.0016548423
0.0014466156
0.0008672604
0.0007121654
0.0010690784
0.0012025713
0.0011516059
0.0013082117
0.0016247401
0.0016043884
0.0013037228
0.0014440499
0.0017711799
0.0016899150
0.0013095677
0.0013213914
0.0018017284
0.0020317335
0.0018032618
0.0014780417
0.0014244951
0.0015526820
0.0015238682
0.0013966816
0.0013460759
0.0013357524
0.0012334269
0.0011637204
0.0012222030
0.0013264573
0.0014344874
0.0014421248
0.0013264984
0.0012920706
0.0013114069
0.0012359149
0.0009237584
0.0004764570
0.0002271769
0.0000754469
-0.0000727236
0.0000374006
0.0004175946
0.0006590807
0.0006549438
0.0007805478
0.0011879382
0.0014998181
0.0013593876
0.0011015905
0.0011525363
0.0013777326
0.0015664041
0.0018414518
0.0024255113
0.0027882862
0.0021316302
0.0006758924
-0.0003483650
-0.0006860771
-0.0007641039
-0.0007369908
-0.0002516039
0.0009166575
0.0017441523
0.0014798720
0.0005261054
-0.0002587690
-0.0008083273
-0.0012071922
-0.0013387793
-0.0012773372
-0.0011940061
-0.0011370176
-0.0007976915
-0.0001392632
0.0003163367
0.0002734563
-0.0001834294
-0.0012168965
-0.0025615712
-0.0033174068
-0.0029013728
-0.0012929594
0.0003011273
0.0009036744
0.0006171664
0.0002017318
0.0002788605
0.0006444920
0.0007198245
0.0004778968
-0.0003403150
-0.0022321444
-0.0048359344
-0.0068250559
-0.0072950051
-0.0067005513
-0.0064033457
-0.0072645349
-0.0090645200
-0.0110281361
-0.0124486889
-0.0126394939
-0.0112927889
-0.0089682495
-0.0064716783
-0.0045705112
-0.0038147634
-0.0040810565
-0.0047033061
-0.0051420229
-0.0055761619
-0.0066289806
-0.0083628147
-0.0098314008
-0.0097136273
-0.0076294315
-0.0044254843
-0.0012975542
0.0008077496
0.0012999541
-0.0000008345
-0.0022687773
-0.0041367388
-0.0050886217
-0.0049921661
-0.0038613697
-0.0019088999
0.0005575363
0.0030904020
0.0052289799
0.0069113093
0.0087137897
0.0109248220
0.0127272895
0.0130516892
0.0122791862
0.0118169579
0.0118747332
0.0112632773
0.0094319505
0.0067804026
0.0038336636
0.0018229091
0.0019708850
0.0046986961
0.0096451594
0.0147744082
0.0179448652
0.0185731035
0.0174535247
0.0160481671
0.0148691822
0.0142429055
0.0139546083
0.0130606779
0.0111483380
0.0083924471
0.0056090804
0.0036462396
0.0029435675
0.0030811905
0.0033524727
0.0039791274
0.0054697742
0.0073433488
0.0081621855
0.0065927296
0.0025643475
-0.0027600752
-0.0077187536
-0.0104282541
-0.0096308400
-0.0056177915
0.0000219567
0.0057584847
0.0104515809
0.0132569363
0.0134201374
0.0105129016
0.0051339715
-0.0009185526
-0.0053059596
-0.0063954057
-0.0040681554
0.0003347357
0.0042748773
0.0053952538
0.0028155021
-0.0030445399
-0.0106202168
-0.0179311484
-0.0230903460
-0.0251137121
-0.0242736353
-0.0215860871
-0.0188371089
-0.0177552318
-0.0197005349
-0.0241782422
-0.0282809317
-0.0287089472
-0.0248201433
-0.0180157853
-0.0105741024
-0.0045020281
-0.0005643270
0.0010265121
0.0004366589
-0.0022836216
-0.0071980809
-0.0141635742
-0.0225237257
-0.0307440364
-0.0367123808
-0.0382637898
-0.0346753822
-0.0270781845
-0.0177992837
-0.0100241341
-0.0060796154
-0.0062647987
-0.0091201060
-0.0123431439
-0.0141817489
-0.0139986978
-0.0119757017
-0.0082504405
-0.0038204785
-0.0002321577
0.0025056372
0.0051660967
0.0077435527
0.0099857221
0.0111052542
0.0104761127
0.0088679700
0.0080965248
0.0095991376
0.0132262573
0.0171519463
0.0195208874
0.0187876682
0.0141420682
0.0073015520
0.0019749450
0.0014784676
0.0078867290
0.0212108733
0.0388048609
0.0564192685
0.0699707896
0.0763781328
0.0746977219
0.0665592743
0.0555268868
0.0460826795
0.0410891013
0.0406794084
0.0436340896
0.0480405903
0.0514624744
0.0507549043
0.0442131983
0.0333418924
0.0215465211
0.0116416421
0.0045432868
-0.0005325960
-0.0048938764
-0.0088008756
-0.0120959366
-0.0154453556
-0.0195856477
-0.0237670087
-0.0263024263
-0.0259084051
-0.0218998126
-0.0141543560
-0.0032377007
0.0091004763
0.0201586846
0.0274210409
0.0299822124
0.0284968844
0.0241776132
0.0185793680
0.0136772695
0.0113665282
0.0115697859
0.0120117379
0.0109105361
0.0089263078
0.0083480675
0.0109437818
0.0168814147
0.0253715982
0.0343056880
0.0397087307
0.0374356144
0.0266204411
0.0108803760
-0.0045951701
-0.0167825957
-0.0256021700
-0.0314211232
-0.0339936315
-0.0336364645
-0.0312765426
-0.0277799235
-0.0241012932
-0.0213342514
-0.0212268326
-0.0253388891
-0.0330039491
-0.0416766738
-0.0481445756
-0.0498906919
-0.0460034314
-0.0373555202
-0.0257672240
-0.0140924354
-0.0052252039
0.0003905391
0.0053919485
0.0126384863
0.0221358160
0.0312150117
0.0367757600
0.0365868740
0.0298738195
0.0182345362
0.0052644146
-0.0052241367
-0.0111791170
-0.0124987328
-0.0104912239
-0.0077354233
-0.0065586685
-0.0079447726
-0.0120548530
-0.0188661170
-0.0283412745
-0.0398113547
-0.0517273516
-0.0619434137
-0.0683396661
-0.0695367148
-0.0656621645
-0.0585581254
-0.0507406097
-0.0433586842
-0.0359473383
-0.0284379613
-0.0212798296
-0.0147352937
-0.0096532873
-0.0070544982
-0.0068559052
-0.0079069583
-0.0086860317
-0.0077686886
-0.0054211533
-0.0038683545
-0.0041617765
-0.0049278431
-0.0038848254
-0.0005910366
0.0021483322
0.0003468592
-0.0078215240
-0.0211091787
-0.0358284429
-0.0470104260
-0.0501969623
-0.0440740294
-0.0324926423
-0.0218109791
-0.0168471201
-0.0188833461
-0.0254777130
-0.0327237971
-0.0378896112
-0.0392336175
-0.0355224365
-0.0262279182
-0.0130307602
0.0006303818
0.0106991008
0.0136391571
0.0094393029
0.0012428441
-0.0060203190
-0.0078644093
-0.0021893151
0.0104966518
0.0271773369
0.0431567171
0.0535925690
0.0560544598
0.0515639724
0.0433532877
0.0347624379
0.0280135722
0.0239977554
0.0222266766
0.0220111890
0.0226200985
0.0236358998
0.0249647642
0.0253927432
0.0232304183
0.0184103852
0.0123655873
0.0064185374
0.0003881790
-0.0072382435
-0.0167222489
-0.0260269644
-0.0319748045
-0.0318739949
-0.0242180525
-0.0094310011
0.0096017491
0.0275097440
0.0393984116
0.0444388128
0.0458124055
0.0468987343
0.0484438584
0.0490416985
0.0463279757
0.0382014090
0.0244148880
0.0072872901
-0.0080707948
-0.0156243630
-0.0123042983
-0.0005914737
0.0127987892
0.0207271037
0.0186639727
0.0076473485
-0.0070364370
-0.0202360321
-0.0293328172
-0.0341689824
-0.0361502305
-0.0371627160
-0.0377119174
-0.0362862854
-0.0311311662
-0.0223781157
-0.0124275892
-0.0043070884
0.0004234600
0.0017496987
0.0009219275
0.0002596818
0.0010227345
0.0026600122
0.0027237739
-0.0006981787
-0.0055452122
-0.0065797261
-0.0002551416
0.0118749465
0.0236384905
0.0289127627
0.0262148003
0.0194383632
0.0136204703
0.0112573566
0.0117074899
0.0114979173
0.0073278949
-0.0008615692
-0.0104267884
-0.0183587419
-0.0228757230
-0.0247921965
-0.0268709529
-0.0307438394
-0.0362907469
-0.0424168276
-0.0474941958
-0.0497212246
-0.0479420130
-0.0430425633
-0.0383333481
-0.0369668836
-0.0388225317
-0.0413651866
-0.0416864274
-0.0380614361
-0.0313452350
-0.0241731133
-0.0180982328
-0.0124884856
-0.0051941905
0.0066131861
0.0241257519
0.0450794921
0.0641832181
0.0747126681
0.0721399644
0.0570737300
0.0345017445
0.0105171582
-0.0110616717
-0.0298295973
-0.0467666064
-0.0611303347
-0.0697087560
-0.0691055444
-0.0583029119
-0.0398518654
-0.0197528539
-0.0045209756
0.0022584924
0.0014386931
-0.0026146859
-0.0054701516
-0.0060654738
-0.0057774946
-0.0059341620
-0.0060431871
-0.0029332122
0.0076396926
0.0268817709
0.0509283325
0.0725727564
0.0847413643
0.0835093447
0.0697915388
0.0491152440
0.0292934010
0.0173715609
0.0167878091
0.0255489846
0.0380713647
0.0489217991
0.0552214750
0.0564175603
0.0529803954
0.0456472882
0.0356594141
0.0249667391
0.0161883120
0.0117351768
0.0126009535
0.0182949132
0.0259406757
0.0302700865
0.0261862695
0.0123026659
-0.0077423572
-0.0275566399
-0.0416604816
-0.0479408786
-0.0468621295
-0.0401264759
-0.0296790916
-0.0170217334
-0.0035299270
0.0092202534
0.0186738878
0.0218037310
0.0173685654
0.0072994579
-0.0039919467
-0.0101572327
-0.0063236591
0.0076099264
0.0267525209
0.0442210796
0.0545995610
0.0549450889
0.0453709670
0.0303382583
0.0165209990
0.0085021785
0.0061654383
0.0055327919
0.0024225872
-0.0041410927
-0.0126166388
-0.0215320539
-0.0310466218
-0.0423898535
-0.0554300075
-0.0676340322
-0.0751279665
-0.0737672496
-0.0613955915
-0.0402095389
-0.0168087898
0.0007848712
0.0069170729
0.0010648025
-0.0131674471
-0.0300768571
-0.0443414859
-0.0532148693
-0.0568224993
-0.0564343618
-0.0531978369
-0.0486883085
-0.0448463475
-0.0429761638
-0.0434104136
-0.0462011873
-0.0515355297
-0.0593535024
-0.0685468394
-0.0771682230
-0.0831518901
-0.0852301706
-0.0836286472
-0.0801889385
-0.0773911157
-0.0772983737
-0.0801336996
-0.0836961475
-0.0847595817
-0.0811424933
-0.0728210649
-0.0614761226
-0.0496301620
-0.0398800009
-0.0342765037
-0.0335814420
-0.0365994978
-0.0412167581
-0.0446544443
-0.0439373703
-0.0374795492
-0.0260802762
-0.0127313001
-0.0011162038
0.0050000809
0.0024536134
-0.0091933368
-0.0265859557
-0.0435151904
-0.0530959963
-0.0509806885
-0.0379144305
-0.0187357830
0.0013679387
0.0193942989
0.0350014463
0.0479489566
0.0563537036
0.0579928727
0.0526384687
0.0429960232
0.0340163305
0.0313815745
0.0393947948
0.0586194359
0.0837611695
0.1060365415
0.1169313496
0.1116871146
0.0905058390
0.0577114980
0.0206588406
-0.0114606612
-0.0298293714
-0.0292244448
-0.0097870649
0.0231160740
0.0601302823
0.0910090035
0.1077201195
0.1074139498
0.0922053290
0.0674720288
0.0403258142
0.0166853286
-0.0003131154
-0.0107054494
-0.0166536450
-0.0209593034
-0.0250798481
-0.0280766208
-0.0288908357
-0.0282968641
-0.0288380347
-0.0338357358
-0.0455865872
-0.0638649924
-0.0859481378
-0.1064310741
-0.1189382249
-0.1196630148
-0.1090547740
-0.0907139613
-0.0691475576
-0.0484233175
-0.0318503999
-0.0199022187
-0.0099898340
0.0011161332
0.0157577461
0.0342038318
0.0544689308
0.0745363618
0.0941168611
0.1134472083
0.1319365020
0.1481588339
0.1606272636
0.1690478362
0.1745107993
0.1783973187
0.1811731098
0.1822120517
0.1802956708
0.1745168087
0.1646319381
0.1512687959
0.1355865220
0.1186377299
0.1014479040
0.0841588076
0.0650626445
0.0422255122
0.0157383340
-0.0109775014
-0.0323578423
-0.0435426992
-0.0426814037
-0.0324374890
-0.0186504999
-0.0069127125
0.0002174614
0.0046057547
0.0112297934
0.0247922019
0.0472544837
0.0762134630
0.1057310437
0.1292321029
0.1420240151
0.1431516709
0.1359388016
0.1263241598
0.1194666469
0.1181722458
0.1228017189
0.1316505157
0.1414986650
0.1478802755
0.1473208491
0.1389397355
0.1233508134
0.1017946980
0.0768095279
0.0516204928
0.0300430762
0.0157734830
0.0115118576
0.0179055752
0.0320643735
0.0473611761
0.0559290765
0.0525085625
0.0374690694
0.0160039627
-0.0051209496
-0.0206075545
-0.0274204618
-0.0239802206
-0.0106011014
0.0094277556
0.0300857317
0.0445965469
0.0482184975
0.0392355053
0.0180526016
-0.0128691489
-0.0496530337
-0.0865832377
-0.1155643435
-0.1275485263
-0.1156773268
-0.0790606342
-0.0244503150
0.0359481302
0.0878906798
0.1194591043
0.1249572994
0.1067600754
0.0749934045
0.0426680537
0.0187263026
0.0052358192
-0.0016846031
-0.0093155102
-0.0227099994
-0.0412919282
-0.0584212335
-0.0651025581
-0.0544648895
-0.0238188204
0.0235161044
0.0783927068
0.1292216684
0.1666114392
0.1858140484
0.1864534539
0.1708607033
0.1429541442
0.1083033080
0.0731043995
0.0420935783
0.0175991557
-0.0004836537
-0.0146523149
-0.0286058075
-0.0450916960
-0.0647400636
-0.0841505768
-0.0969523516
-0.0984908430
-0.0890557569
-0.0731050912
-0.0561277751
-0.0427871249
-0.0358998090
-0.0348428898
-0.0365257879
-0.0386489025
-0.0420138979
-0.0508052510
-0.0697916044
-0.0996111691
-0.1344821539
-0.1660953818
-0.1921079159
-0.2176753067
-0.2474111460
-0.2828698915
-0.3267318757
-0.3746315058
-0.4148446119
-0.4531503745
-0.4922286230
-0.5176598388
-0.5455517948
-0.5690611615
-0.5765448730
-0.5848800948
-0.5856578148
-0.5810392141
-0.5424707309
-0.4861300236
-0.4775637151
-0.4766159289
-0.4321177082
-0.3359345610
-0.2072927586
-0.0973215141
-0.0392662457
-0.0116461933
0.0039244021
0.0104018561
0.0195228912
0.0402336830
0.0677987406
0.0953011365
0.1242319903
0.1597034604
0.2015147365
0.2430170254
0.2733474805
0.2906844780
0.3201974422
0.3791972121
0.4259198994
0.4257355580
0.4341599348
0.4899910454
0.5160724908
0.4547009559
0.3709594082
0.3331244455
0.3264282659
0.3197856090
0.3127667060
0.3111523801
0.3147427952
0.3255473779
0.3464663645
0.3753506102
0.4051022765
0.4250316189
0.4247085414
0.4009877201
0.3602757825
0.3150806679
0.2778902132
0.2566452805
0.2519750888
0.2575079893
0.2635348561
0.2613147553
0.2461241110
0.2201782312
0.1917912077
0.1702179710
0.1612773915
0.1655272253
0.1787305258
0.1945797456
0.2083839712
0.2187602749
0.2268374866
0.2346405381
0.2437531133
0.2535749801
0.2608073142
0.2611688924
0.2512466352
0.2307327828
0.2037486996
0.1767214695
0.1560156673
0.1459398692
0.1456650545
0.1498689540
0.1519097513
0.1461196959
0.1285740669
0.0968588244
0.0499407000
-0.0112098270
-0.0828255199
-0.1589311562
-0.2327765247
-0.2983360909
-0.3515340102
-0.3904407766
-0.4148290068
-0.4254237211
-0.4241770967
-0.4149157110
-0.4026189725
-0.3910707556
-0.3824480175
-0.3786447095
-0.3812030249
-0.3901794696
-0.4036428039
-0.4184345722
-0.4307985362
-0.4378585368
-0.4393083306
-0.4377513927
-0.4374460540
-0.4417541252
-0.4504794553
-0.4602699681
-0.4695270541
-0.4822347134
-0.4996222638
-0.5153590414
-0.5312935871
-0.5493782812
-0.5554693731
-0.5641903479
-0.5747167486
-0.5737415314
-0.5822152154
-0.5816979283
-0.5359616511
-0.4499675061
-0.3395610241
-0.2428630945
-0.1863933980
-0.1707732433
-0.1919842193
-0.2295516386
-0.2540780956
-0.2489439974
-0.2144950545
-0.1612700829
-0.1030701734
-0.0508768593
-0.0099132583
0.0191903107
0.0375506151
0.0462513316
0.0451415933
0.0347104943
0.0174175519
-0.0031353960
-0.0227299837
-0.0366705861
-0.0415679517
-0.0359725972
-0.0206757129
0.0010259059
0.0236786554
0.0418060461
0.0529568435
0.0585717848
0.0630101524
0.0714887534
0.0874607449
0.1115250014
0.1417841778
0.1750848746
0.2081938437
0.2382763096
0.2641053691
0.2866290489
0.3075799921
0.3276229449
0.3455762841
0.3595907501
0.3677791234
0.3686026308
0.3610910413
0.3451079105
0.3226097226
0.2985268532
0.2783750597
0.2663615807
0.2640552709
0.2703516081
0.2819345302
0.2938700918
0.3006625167
0.2988136744
0.2870680853
0.2666799527
0.2412601506
0.2147734425
0.1903648352
0.1702703358
0.1563962978
0.1508766866
0.1557173413
0.1713916770
0.1956278969
0.2241465952
0.2513673070
0.2713506178
0.2803057919
0.2789446742
0.2717763204
0.2650317577
0.2644032479
0.2726361218
0.2881594582
0.3058884194
0.3189925549
0.3201306781
0.3032046297
0.2664669996
0.2130073220
0.1481861517
0.0789447153
0.0117992491
-0.0488827992
-0.1009731508
-0.1440905439
-0.1789821886
-0.2066236134
-0.2277257702
-0.2434959325
-0.2562843859
-0.2689221293
-0.2842709231
-0.3041700998
-0.3288676019
-0.3574046114
-0.3871050804
-0.4141997072
-0.4348593344
-0.4460861068
-0.4462200770
-0.4341030451
-0.4090695595
-0.3717115206
-0.3241627063
-0.2705353280
-0.2163480172
-0.1663697853
-0.1232816413
-0.0870745383
-0.0551228991
-0.0232775457
0.0134658329
0.0585485164
0.1114856318
0.1679691076
0.2207858552
0.2612800418
0.2819006243
0.2795329304
0.2572473086
0.2229037197
0.1857790257
0.1525580951
0.1262360089
0.1077326714
0.0962312455
0.0891890141
0.0835719047
0.0765603703
0.0654919051
0.0481799879
0.0230351968
-0.0096817455
-0.0471025017
-0.0845914842
-0.1170727759
-0.1387497537
-0.1440361843
-0.1301044071
-0.0980829223
-0.0533208483
-0.0042256600
0.0392666942
0.0687780054
0.0803319783
0.0756188700
0.0607782748
0.0437612064
0.0321356133
0.0316951569
0.0447220200
0.0690238381
0.0986722535
0.1261335468
0.1445662058
0.1495010558
0.1395076197
0.1157109054
0.0808408753
0.0387864844
-0.0053085413
-0.0461651402
-0.0787690494
-0.0989412633
-0.1052993413
-0.1014682144
-0.0948537487
-0.0938948555
-0.1049306245
-0.1295378557
-0.1638714825
-0.2000527445
-0.2286273291
-0.2429221589
-0.2422245910
-0.2298720344
-0.2107303818
-0.1902343696
-0.1716342026
-0.1547918765
-0.1368791088
-0.1153513555
-0.0899194393
-0.0629579005
-0.0387684795
-0.0208760127
-0.0100234979
-0.0043805710
-0.0003843818
0.0063593879
0.0194324903
0.0399218981
0.0664276722
0.0957093089
0.1232417903
0.1436830627
0.1519971587
0.1452250503
0.1231783497
0.0882339427
0.0448517160
-0.0015071301
-0.0447639977
-0.0792690986
-0.1022766601
-0.1140869928
-0.1173476837
-0.1165943188
-0.1170204891
-0.1227871517
-0.1358943019
-0.1548757293
-0.1747758367
-0.1900417736
-0.1973310448
-0.1960042782
-0.1876163350
-0.1751017802
-0.1620256117
-0.1509321879
-0.1421805690
-0.1355781540
-0.1310222044
-0.1287658749
-0.1292144619
-0.1326280751
-0.1393185591
-0.1482544098
-0.1564302090
-0.1596680713
-0.1546703145
-0.1407428568
-0.1203021578
-0.0978209951
-0.0791906464
-0.0699910491
-0.0725633052
-0.0854338628
-0.1044822853
-0.1243012262
-0.1399766887
-0.1483946287
-0.1484632111
-0.1409550474
-0.1275862338
-0.1088885419
-0.0847991391
-0.0563369582
-0.0257771730
0.0036782554
0.0286708577
0.0464824561
0.0562000926
0.0593955397
0.0598374699
0.0618818419
0.0683475907
0.0798964697
0.0947007155
0.1092645452
0.1203942982
0.1257672050
0.1250633804
0.1201899090
0.1142943261
0.1103989234
0.1111857290
0.1180239836
0.1300725028
0.1448145737
0.1592927384
0.1711611382
0.1799432766
0.1863002426
0.1910264313
0.1946900155
0.1972296646
0.1983913973
0.1992901099
0.2025857891
0.2111794177
0.2265645026
0.2484508386
0.2747888781
0.3020398093
0.3255449063
0.3411250491
0.3464265382
0.3417939870
0.3299228821
0.3146121658
0.2997969017
0.2888505440
0.2840256449
0.2862532808
0.2952934840
0.3098067981
0.3277351730
0.3460051939
0.3614721061
0.3713154478
0.3735811716
0.3673813052
0.3513867512
0.3240021224
0.2853019641
0.2386848268
0.1904774049
0.1484119268
0.1202357082
0.1100644546
0.1155570252
0.1300529899
0.1459166341
0.1565652611
0.1569996290
0.1455612319
0.1246452334
0.0991579611
0.0755478812
0.0590848520
0.0519633604
0.0538393364
0.0615644466
0.0705062344
0.0761863316
0.0755363345
0.0676372750
0.0533894738
0.0351578571
0.0160849260
-0.0014566500
-0.0161893666
-0.0277556882
-0.0367032422
-0.0440711286
-0.0507841991
-0.0575741622
-0.0645371364
-0.0715044614
-0.0774548596
-0.0807001092
-0.0803785252
-0.0760839536
-0.0680732615
-0.0583021422
-0.0497726133
-0.0454305347
-0.0466845243
-0.0529877313
-0.0625537635
-0.0738136256
-0.0858487546
-0.0975671806
-0.1083373573
-0.1176258987
-0.1238128795
-0.1247425920
-0.1197096601
-0.1103777193
-0.0996909559
-0.0913734014
-0.0884805243
-0.0923448835
-0.1020685471
-0.1144524725
-0.1253566647
-0.1316626740
-0.1323070038
-0.1285512550
-0.1237102634
-0.1223711865
-0.1282368848
-0.1418608709
-0.1611368782
-0.1824861816
-0.2003118898
-0.2093311707
-0.2068461666
-0.1936611844
-0.1737148577
-0.1515168879
-0.1307746938
-0.1139014870
-0.1013738378
-0.0923177725
-0.0849477615
-0.0773750066
-0.0683787177
-0.0575456763
-0.0453892534
-0.0326081949
-0.0200394061
-0.0095027221
-0.0032012916
-0.0020675449
-0.0064937044
-0.0162232173
-0.0294677776
-0.0439781330
-0.0576695295
-0.0688138757
-0.0766472454
-0.0807322410
-0.0809746484
-0.0774287826
-0.0716018780
-0.0659455186
-0.0628193435
-0.0635910402
-0.0682007011
-0.0756898052
-0.0847328649
-0.0933416924
-0.0989638277
-0.0995191898
-0.0935394119
-0.0810675724
-0.0638334128
-0.0435954381
-0.0220525871
-0.0016142231
0.0144772310
0.0227350099
0.0206804937
0.0082230769
-0.0118735318
-0.0350219398
-0.0566052685
-0.0725789995
-0.0801390751
-0.0793082382
-0.0729221232
-0.0644118533
-0.0571215513
-0.0535990068
-0.0544731529
-0.0579705031
-0.0615770355
-0.0640454056
-0.0654346115
-0.0662398812
-0.0675661937
-0.0710733256
-0.0774779311
-0.0863093247
-0.0960806538
-0.1040340126
-0.1077185116
-0.1065413742
-0.1020259075
-0.0975409947
-0.0965776369
-0.1013150603
-0.1118014079
-0.1259870376
-0.1397051948
-0.1482827319
-0.1483976347
-0.1389245257
-0.1213818967
-0.0989487458
-0.0755458417
-0.0554158474
-0.0423444752
-0.0378231771
-0.0404643396
-0.0469402587
-0.0528085881
-0.0544398430
-0.0503963470
-0.0413032666
-0.0289667959
-0.0155174644
-0.0024590995
0.0102376623
0.0239664219
0.0397936274
0.0565899670
0.0713115208
0.0807979404
0.0831948078
0.0785362132
0.0690812202
0.0589709890
0.0529298716
0.0537278828
0.0614816980
0.0749639925
0.0921308075
0.1101120760
0.1260327911
0.1370628789
0.1407381074
0.1350556287
0.1184565839
0.0924617813
0.0624707059
0.0357788821
0.0191012614
0.0163513472
0.0273127726
0.0471302206
0.0674550481
0.0795082838
0.0779584549
0.0622547752
0.0360289288
0.0057073259
-0.0214825147
-0.0394803800
-0.0457800865
-0.0419989736
-0.0318361030
-0.0190356039
-0.0065507320
0.0039574096
0.0118088010
0.0173717135
0.0217421173
0.0262553716
0.0319252478
0.0392123332
0.0471055963
0.0537133464
0.0575358545
0.0580863437
0.0563156638
0.0546578339
0.0558227165
0.0610694268
0.0699916036
0.0801054654
0.0873093296
0.0873531601
0.0771734724
0.0568691683
0.0305131090
0.0049922056
-0.0127496481
-0.0178922803
-0.0094704304
0.0082724080
0.0284315981
0.0445564428
0.0518417433
0.0482464706
0.0349009399
0.0150338840
-0.0071714233
-0.0277236709
-0.0442900975
-0.0565776794
-0.0651233943
-0.0710292219
-0.0749671975
-0.0766398471
-0.0759944883
-0.0737897276
-0.0709652321
-0.0679014106
-0.0640013293
-0.0589655293
-0.0531451383
-0.0471724230
-0.0422292384
-0.0399668930
-0.0422789709
-0.0490727691
-0.0578393535
-0.0650736362
-0.0678891719
-0.0658935656
-0.0610689636
-0.0565161719
-0.0552093942
-0.0587435237
-0.0664492144
-0.0755135270
-0.0826211607
-0.0856401132
-0.0843156986
-0.0798873889
-0.0739156422
-0.0666399146
-0.0573144397
-0.0448517798
-0.0287582396
-0.0105509126
0.0071560119
0.0213060303
0.0297017928
0.0318077900
0.0288657539
0.0240500294
0.0217984133
0.0257038960
0.0369027812
0.0538567265
0.0731336643
0.0912945217
0.1060541263
0.1163702437
0.1217054164
0.1222546922
0.1181529268
0.1098894116
0.0987585262
0.0858608170
0.0719532219
0.0574944545
0.0430128444
0.0295658392
0.0188702515
0.0123847079
0.0098015477
0.0092705071
0.0089239434
0.0069340452
0.0018774165
-0.0065723570
-0.0171528899
-0.0278220573
-0.0363442397
-0.0409887278
-0.0419505671
-0.0409299920
-0.0392547992
-0.0375023974
-0.0351022679
-0.0302067331
-0.0221211651
-0.0112549626
0.0016537439
0.0151007726
0.0274956797
0.0380963797
0.0474225823
0.0560442286
0.0645280048
0.0735323609
0.0827100338
0.0914390897
0.0998287426
0.1075923188
0.1134401777
0.1169149857
0.1181297141
0.1167874713
0.1127726339
0.1065894154
0.0982021813
0.0871563001
0.0743390063
0.0614788713
0.0502320301
0.0424505305
0.0392223084
0.0398557339
0.0420522608
0.0432440499
0.0414522355
0.0350720795
0.0238892262
0.0101695285
-0.0027154926
-0.0123465427
-0.0175832932
-0.0184466909
-0.0156122047
-0.0097286821
-0.0016075489
0.0077078660
0.0169096488
0.0237631353
0.0259004300
0.0218522069
0.0116152742
-0.0029087847
-0.0189386121
-0.0335480434
-0.0436024433
-0.0464838295
-0.0413659146
-0.0300608325
-0.0162642969
-0.0034972398
0.0053846281
0.0086465734
0.0069993530
0.0025909333
-0.0025627343
-0.0072152043
-0.0103595126
-0.0111281363
-0.0089814807
-0.0034186609
0.0059036617
0.0185612252
0.0335273945
0.0484597273
0.0598632821
0.0654934121
0.0655732813
0.0619991917
0.0574722852
0.0547267560
0.0552733000
0.0584355047
0.0619414078
0.0637053126
0.0629255923
0.0605877208
0.0590515788
0.0603944550
0.0652167813
0.0726347281
0.0807959492
0.0871262052
0.0886284074
0.0838350607
0.0740251881
0.0623316945
0.0528199250
0.0486889859
0.0516462966
0.0609040291
0.0726739812
0.0818049864
0.0844724401
0.0789876169
0.0660275728
0.0488743446
0.0320400741
0.0193017083
0.0121172203
0.0103611613
0.0129994255
0.0182501733
0.0241466211
0.0290823327
0.0319848586
0.0324179451
0.0296273499
0.0231517532
0.0131885104
0.0002928600
-0.0145540449
-0.0299180902
-0.0435411428
-0.0528597411
-0.0559412253
-0.0523754381
-0.0434849365
-0.0310073947
-0.0172471504
-0.0058869649
0.0000317169
-0.0006854642
-0.0073561313
-0.0180098509
-0.0301421598
-0.0410076853
-0.0477788838
-0.0490799641
-0.0456236655
-0.0394534254
-0.0327331465
-0.0270256337
-0.0238143396
-0.0239856668
-0.0270532757
-0.0310153457
-0.0338012408
-0.0341628646
-0.0315381874
-0.0261463846
-0.0191154403
-0.0124446006
-0.0087223873
-0.0097128040
-0.0150541072
-0.0222769049
-0.0291439531
-0.0347028187
-0.0388905397
-0.0417740094
-0.0437853153
-0.0450560152
-0.0443727094
-0.0396752714
-0.0298566056
-0.0162926171
-0.0020608940
0.0093067236
0.0147707768
0.0133792775
0.0072250096
0.0003915775
-0.0027504413
0.0004878707
0.0101630484
0.0240416244
0.0386189987
0.0506415820
0.0580655718
0.0599823593
0.0572411500
0.0514811636
0.0435943263
0.0338986027
0.0234785787
0.0142357260
0.0086432025
0.0085945699
0.0142798708
0.0238589194
0.0337062576
0.0397752321
0.0387147567
0.0292579427
0.0133335318
-0.0050406693
-0.0218471227
-0.0337471901
-0.0391516683
-0.0381596361
-0.0317236521
-0.0218932398
-0.0112913664
-0.0025060451
0.0022925558
0.0019351278
-0.0036965889
-0.0137226425
-0.0265032044
-0.0392057500
-0.0476277481
-0.0480349477
-0.0397780530
-0.0246494932
-0.0063267478
0.0099372345
0.0190424544
0.0178693087
0.0068304588
-0.0097024585
-0.0257143758
-0.0366374567
-0.0410723671
-0.0409123085
-0.0396216176
-0.0401434496
-0.0439378574
-0.0504473442
-0.0579931015
-0.0649639358
-0.0705489507
-0.0756838488
-0.0824517723
-0.0920603150
-0.1041118630
-0.1161754017
-0.1249702221
-0.1288375267
-0.1268832679
-0.1193822377
-0.1082745281
-0.0964404700
-0.0864896069
-0.0798594330
-0.0763554052
-0.0744796254
-0.0731197147
-0.0717714340
-0.0704401889
-0.0693280722
-0.0689302023
-0.0693291290
-0.0694182864
-0.0675889144
-0.0631919798
-0.0571161673
-0.0510577365
-0.0464233464
-0.0445717850
-0.0468535929
-0.0525350444
-0.0593096475
-0.0650506392
-0.0682641001
-0.0686416725
-0.0673524651
-0.0658298702
-0.0651223565
-0.0658887300
-0.0677789102
-0.0693802077
-0.0692366497
-0.0665004248
-0.0608043607
-0.0521197556
-0.0408218889
-0.0280615032
-0.0161316619
-0.0070603518
-0.0016415666
0.0000257342
-0.0021173074
-0.0071034464
-0.0130853031
-0.0179969908
-0.0204517311
-0.0194769609
-0.0141708640
-0.0046213633
0.0072053842
0.0184317230
0.0264625788
0.0295926028
0.0273367437
0.0210290479
0.0135251002
0.0078200660
0.0058295283
0.0077502681
0.0123136417
0.0174424767
0.0211287174
0.0223748004
0.0215101523
0.0201366331
0.0201025994
0.0223130540
0.0264856062
0.0314435147
0.0360542770
0.0396132953
0.0416027856
0.0417112250
0.0399304833
0.0364138173
0.0311287181
0.0246436089
0.0184397854
0.0141876826
0.0131649115
0.0150944212
0.0185352745
0.0215021460
0.0217795753
0.0177780815
0.0091030356
-0.0030399944
-0.0163088753
-0.0281736584
-0.0365343927
-0.0399542606
-0.0380337165
-0.0320103846
-0.0236524462
-0.0140130852
-0.0044696515
0.0034135308
0.0084287988
0.0102934579
0.0094736794
0.0069280883
0.0043322771
0.0030764892
0.0047148328
0.0098059285
0.0174942702
0.0264592983
0.0352261142
0.0423434034
0.0466227691
0.0476650258
0.0454634401
0.0399617858
0.0316807090
0.0217194842
0.0111696346
0.0014239827
-0.0060243264
-0.0101659809
-0.0110271260
-0.0094945486
-0.0067978555
-0.0049768045
-0.0059334599
-0.0099954133
-0.0162311213
-0.0233717938
-0.0300549459
-0.0347972002
-0.0366312080
-0.0351655556
-0.0308667003
-0.0248698333
-0.0174381738
-0.0086404311
0.0007827792
0.0104790868
0.0204140901
0.0292932390
0.0350992175
0.0363581945
0.0327232333
0.0250600786
0.0148493773
0.0045065972
-0.0036883023
-0.0081732484
-0.0076709727
-0.0014099389
0.0098021216
0.0239256016
0.0384079957
0.0506559406
0.0584838650
0.0605790313
0.0567134129
0.0480390804
0.0370747474
0.0265405995
0.0188689642
0.0162170786
0.0195490110
0.0283285143
0.0408319484
0.0542899097
0.0656927586
0.0725968147
0.0736079516
0.0688804702
0.0603762281
0.0510525080
0.0433395118
0.0391309166
0.0389227918
0.0412679461
0.0447748341
0.0484171161
0.0514324679
0.0534213156
0.0543074057
0.0543851461
0.0537947177
0.0529530661
0.0529553864
0.0545955416
0.0582740247
0.0645245945
0.0726534996
0.0811180081
0.0885776370
0.0937869517
0.0962350697
0.0965417962
0.0959448901
0.0956001852
0.0963637506
0.0987808450
0.1024280236
0.1060886877
0.1088337200
0.1100137141
0.1091826934
0.1064300672
0.1016195655
0.0950727614
0.0880241377
0.0817140673
0.0767455668
0.0730187548
0.0702780861
0.0682966684
0.0660692433
0.0622651976
0.0564969323
0.0490290167
0.0402956611
0.0308799557
0.0220632898
0.0155785219
0.0120838543
0.0110555620
0.0117353190
0.0137556680
0.0167108787
0.0192088814
0.0192640778
0.0163331100
0.0108364587
0.0033283217
-0.0049197256
-0.0120207853
-0.0160873471
-0.0153794594
-0.0096046540
-0.0007656576
0.0080537413
0.0138062669
0.0142643706
0.0087221144
-0.0021569386
-0.0166442650
-0.0321801612
-0.0456003000
-0.0538006114
-0.0555894772
-0.0517883581
-0.0441557127
-0.0349397258
-0.0270321955
-0.0230948064
-0.0237274053
-0.0276118349
-0.0328992882
-0.0380905308
-0.0415578546
-0.0419190438
-0.0390653570
-0.0335553450
-0.0262147467
-0.0186327122
-0.0118682634
-0.0063753995
-0.0029630665
-0.0023308959
-0.0047458728
-0.0098136947
-0.0159053988
-0.0212936332
-0.0255062010
-0.0286603370
-0.0311892306
-0.0341348180
-0.0386195596
-0.0449670157
-0.0525859497
-0.0602465438
-0.0666124862
-0.0708189403
-0.0728425657
-0.0736138043
-0.0748104307
-0.0773829416
-0.0809807215
-0.0846243217
-0.0876297601
-0.0898980940
-0.0919762835
-0.0940682363
-0.0958309028
-0.0975809083
-0.0999386136
-0.1027188995
-0.1055594632
-0.1085806846
-0.1114474856
-0.1129988861
-0.1126118384
-0.1104504544
-0.1069205009
-0.1025999738
-0.0979390165
-0.0935994244
-0.0900426023
-0.0870576155
-0.0844145026
-0.0818904716
-0.0793804371
-0.0771985814
-0.0756845035
-0.0747313615
-0.0737282065
-0.0717725779
-0.0686788372
-0.0654709179
-0.0637009723
-0.0645166996
-0.0682908474
-0.0747670685
-0.0828939303
-0.0909502614
-0.0969739640
-0.1001052743
-0.1006146771
-0.0989533325
-0.0952628598
-0.0904487519
-0.0856951834
-0.0818205029
-0.0795294296
-0.0790092695
-0.0802181176
-0.0833831494
-0.0884008237
-0.0944380013
-0.1001067007
-0.1041200991
-0.1057934895
-0.1051298169
-0.1022951055
-0.0980154479
-0.0935354876
-0.0897572097
-0.0874062347
-0.0869611715
-0.0883031893
-0.0902444755
-0.0913168853
-0.0902727960
-0.0867662100
-0.0812306025
-0.0746335582
-0.0684364546
-0.0642871579
-0.0631927441
-0.0648083307
-0.0682314826
-0.0721584976
-0.0745317206
-0.0737551670
-0.0695232653
-0.0630436807
-0.0567564559
-0.0529923091
-0.0527268636
-0.0558662453
-0.0613854681
-0.0677081723
-0.0729740987
-0.0751559104
-0.0732810609
-0.0674421271
-0.0581712796
-0.0464783410
-0.0341048957
-0.0231168631
-0.0149771580
-0.0101138746
-0.0079362953
-0.0070516518
-0.0054558486
-0.0013703024
0.0058940484
0.0155436363
0.0262591902
0.0370449465
0.0472825707
0.0565771165
0.0652978603
0.0745364811
0.0848817278
0.0957128513
0.1058145362
0.1143116866
0.1206335033
0.1244631177
0.1259178210
0.1255384257
0.1242837736
0.1232845612
0.1230576595
0.1237908589
0.1253984228
0.1274677932
0.1292880489
0.1305060297
0.1313968011
0.1321309443
0.1331377185
0.1342130143
0.1351709412
0.1364760502
0.1383146108
0.1404616984
0.1422990961
0.1429447290
0.1416981497
0.1379557339
0.1315353553
0.1229700403
0.1137408404
0.1058789274
0.1014342289
0.1020862216
0.1077306166
0.1163732369
0.1255533410
0.1326902753
0.1357175651
0.1338115777
0.1276660954
0.1192326738
0.1110773746
0.1052547477
0.1029822377
0.1051379585
0.1115420159
0.1203428167
0.1288332213
0.1346495316
0.1369098446
0.1357923313
0.1317212612
0.1256521129
0.1197491982
0.1159529117
0.1140797285
0.1135940004
0.1142625535
0.1155407944
0.1162942314
0.1151164368
0.1114190455
0.1055415985
0.0981603096
0.0901641140
0.0830455483
0.0786838683
0.0769695573
0.0763337208
0.0756185304
0.0740315931
0.0712534959
0.0673838247
0.0627156085
0.0581722299
0.0544289718
0.0516327447
0.0498046474
0.0489170623
0.0487184109
0.0490375471
0.0499642499
0.0514688725
0.0535901777
0.0561972416
0.0584444751
0.0592842417
0.0586157334
0.0567004801
0.0535277151
0.0491494196
0.0439901230
0.0390768419
0.0351321726
0.0322961150
0.0306622265
0.0306019069
0.0321392150
0.0342838839
0.0361353757
0.0370968128
0.0370622135
0.0360917677
0.0347020520
0.0340009930
0.0354454087
0.0397741746
0.0459921496
0.0520933945
0.0563094045
0.0567232195
0.0523246830
0.0438979787
0.0335298785
0.0229671339
0.0131404829
0.0048167176
-0.0014495270
-0.0055169507
-0.0077229153
-0.0086752635
-0.0092233350
-0.0102790205
-0.0123494996
-0.0153137999
-0.0188559425
-0.0223667489
-0.0254748512
-0.0279502136
-0.0293997978
-0.0298143585
-0.0298021624
-0.0300074263
-0.0304852111
-0.0306232758
-0.0295443054
-0.0268149361
-0.0228458330
-0.0184460464
-0.0147626932
-0.0132414372
-0.0149176499
-0.0201979790
-0.0283263392
-0.0377439440
-0.0464787443
-0.0519186737
-0.0523780174
-0.0480225428
-0.0402481741
-0.0312214231
-0.0232650400
-0.0183005239
-0.0177137677
-0.0214965183
-0.0279317716
-0.0355119148
-0.0426728342
-0.0476608815
-0.0490509717
-0.0466513574
-0.0415868336
-0.0357330498
-0.0308992271
-0.0282654225
-0.0285595791
-0.0321316300
-0.0384572203
-0.0460907992
-0.0534737820
-0.0600664432
-0.0658459428
-0.0707402134
-0.0746842704
-0.0780237852
-0.0808290250
-0.0825818220
-0.0829756540
-0.0824293621
-0.0815045906
-0.0809128954
-0.0816578478
-0.0846204989
-0.0896484741
-0.0959009598
-0.1020952160
-0.1067141697
-0.1084511740
-0.1066612157
-0.1018872732
-0.0953010132
-0.0887694448
-0.0841597377
-0.0826611081
-0.0844522122
-0.0889759343
-0.0952105740
-0.1013094391
-0.1053966153
-0.1069474126
-0.1062438871
-0.1037614615
-0.0998003855
-0.0951006786
-0.0908801000
-0.0880548859
-0.0870134779
-0.0881283659
-0.0914673914
-0.0958286632
-0.0996459968
-0.1014935305
-0.1001434729
-0.0958680461
-0.0897003559
-0.0825372358
-0.0752053510
-0.0681055261
-0.0618405503
-0.0565409985
-0.0519852368
-0.0485993183
-0.0467191050
-0.0464704227
-0.0478911515
-0.0506304496
-0.0540351552
-0.0565319087
-0.0567207804
-0.0549272970
-0.0520719195
-0.0489377766
-0.0460996807
-0.0437068254
-0.0415891762
-0.0397256842
-0.0377488947
-0.0349584073
-0.0313142523
-0.0273798361
-0.0234331398
-0.0194610763
-0.0160185445
-0.0135587574
-0.0119762442
-0.0108430989
-0.0103238501
-0.0106371975
-0.0118433586
-0.0139167697
-0.0168713968
-0.0206921424
-0.0246656365
-0.0276158741
-0.0287867282
-0.0278759197
-0.0248893892
-0.0205478658
-0.0161433347
-0.0131116886
-0.0127324971
-0.0149818791
-0.0185034269
-0.0219092338
-0.0241212833
-0.0242936945
-0.0219264565
-0.0169966664
-0.0103417219
-0.0030551358
0.0039427584
0.0094801098
0.0128035715
0.0137156899
0.0126645670
0.0104000654
0.0078811391
0.0058550343
0.0041566672
0.0029189499
0.0027903269
0.0040911039
0.0066244121
0.0101160700
0.0135394876
0.0157350913
0.0165401982
0.0160062426
0.0148757447
0.0147027780
0.0169253175
0.0216916088
0.0282231820
0.0356618815
0.0427807624
0.0480857829
0.0509624268
0.0512161935
0.0484319769
0.0429433442
0.0359074548
0.0285075085
0.0221128342
0.0181878345
0.0172949966
0.0189973700
0.0219860578
0.0242577234
0.0242210620
0.0211262760
0.0153212022
0.0081671702
0.0010661351
-0.0039528569
-0.0050531979
-0.0025136041
0.0025355140
0.0093157143
0.0167583536
0.0234276105
0.0285106670
0.0321826192
0.0350222194
0.0364007046
0.0365164137
0.0367747267
0.0379062100
0.0396788064
0.0420877692
0.0446093610
0.0463828495
0.0472837636
0.0476497253
0.0478285354
0.0480405366
0.0485252275
0.0493777896
0.0500608402
0.0498464506
0.0484051475
0.0462550617
0.0440120940
0.0417583475
0.0393153289
0.0364724585
0.0335289196
0.0305611077
0.0277025489
0.0254717584
0.0233588414
0.0212020770
0.0196900599
0.0191771288
0.0202348777
0.0224638001
0.0246624085
0.0263332643
0.0277721823
0.0292799527
0.0307288092
0.0319798191
0.0330645084
0.0335518629
0.0331140235
0.0319610795
0.0308688810
0.0304140606
0.0303792563
0.0309986555
0.0325729832
0.0346498558
0.0366825590
0.0381554646
0.0391176147
0.0397736900
0.0393338212
0.0376484593
0.0352906561
0.0329378571
0.0314484375
0.0317238864
0.0341877117
0.0383658787
0.0435946649
0.0487318040
0.0521632416
0.0529396983
0.0508345126
0.0464611354
0.0403963141
0.0333009691
0.0265609352
0.0217376415
0.0192482064
0.0187051587
0.0199111277
0.0222909131
0.0248489296
0.0267171628
0.0274619389
0.0268118062
0.0242785992
0.0194156398
0.0125476240
0.0053759519
-0.0005885949
-0.0045588217
-0.0060867533
-0.0051461135
-0.0024317318
0.0006723319
0.0025132283
0.0021753067
-0.0004177118
-0.0047660096
-0.0099570718
-0.0146718175
-0.0178151668
-0.0192837549
-0.0192339237
-0.0175952206
-0.0147219347
-0.0115428428
-0.0089149233
-0.0075730124
-0.0086521847
-0.0123602438
-0.0172992662
-0.0225149391
-0.0271646977
-0.0299652628
-0.0299166571
-0.0271677919
-0.0224815130
-0.0169489544
-0.0120188478
-0.0087090436
-0.0071503131
-0.0073147301
-0.0090129467
-0.0115324395
-0.0140621408
-0.0159429072
-0.0164369378
-0.0156678214
-0.0138559970
-0.0104547268
-0.0053124190
0.0003721690
0.0059045954
0.0111118983
0.0152091627
0.0173494479
0.0169011845
0.0141746999
0.0106780576
0.0078887805
0.0064545222
0.0066246169
0.0082468865
0.0104405448
0.0120801280
0.0121840023
0.0101593397
0.0062036034
0.0010193298
-0.0046038758
-0.0099466767
-0.0145682881
-0.0184245022
-0.0220001692
-0.0256833703
-0.0290790385
-0.0319771514
-0.0348424298
-0.0376694467
-0.0396370065
-0.0399858383
-0.0390411890
-0.0374661394
-0.0355944540
-0.0336587397
-0.0320089551
-0.0308250932
-0.0298771808
-0.0290762939
-0.0283068745
-0.0274807601
-0.0263852511
-0.0246998700
-0.0227238579
-0.0209844733
-0.0198279522
-0.0192409392
-0.0190303254
-0.0191034880
-0.0194323040
-0.0196336274
-0.0190434857
-0.0179025853
-0.0166228610
-0.0154037626
-0.0144760449
-0.0140092957
-0.0143183600
-0.0158717618
-0.0185500591
-0.0214706858
-0.0238804246
-0.0254983799
-0.0259401816
-0.0249215389
-0.0221991838
-0.0180929568
-0.0134941159
-0.0092774347
-0.0062585891
-0.0053818446
-0.0071415179
-0.0112047558
-0.0162082249
-0.0205237224
-0.0230657236
-0.0233309655
-0.0210888424
-0.0166644797
-0.0117461548
-0.0080752871
-0.0061175530
-0.0061155216
-0.0076833686
-0.0096534354
-0.0108866751
-0.0109050649
-0.0097635975
-0.0073885365
-0.0043896396
-0.0021450751
-0.0016948819
-0.0029189036
-0.0049375650
-0.0072004055
-0.0090906844
-0.0097862110
-0.0087699357
-0.0058369990
-0.0014433281
0.0032415460
0.0071995249
0.0098113708
0.0105118054
0.0088168622
0.0050378861
0.0001413596
-0.0048474302
-0.0086389718
-0.0103541664
-0.0105123062
-0.0101000743
-0.0097712288
-0.0099344197
-0.0108692862
-0.0125895435
-0.0148611511
-0.0171576819
-0.0189445869
-0.0195788184
-0.0184489764
-0.0156562903
-0.0116262268
-0.0069420706
-0.0019553365
0.0029036786
0.0063054320
0.0072080921
0.0058088524
0.0034405939
0.0006693452
-0.0019937331
-0.0033307781
-0.0024840678
0.0004647694
0.0046624848
0.0090031872
0.0124071880
0.0137603845
0.0123829176
0.0084749486
0.0029552532
-0.0030517916
-0.0084178101
-0.0124746570
-0.0147480205
-0.0154365561
-0.0152568419
-0.0142501473
-0.0121669737
-0.0100592368
-0.0088070629
-0.0084951949
-0.0091055004
-0.0104310487
-0.0117267897
-0.0121515417
-0.0106729527
-0.0068102129
-0.0015200478
0.0045167246
0.0109032133
0.0171869518
0.0231292031
0.0287423371
0.0340995910
0.0394810873
0.0445056643
0.0481948122
0.0497829196
0.0494160333
0.0474999861
0.0445160193
0.0413203150
0.0384365297
0.0362554488
0.0351525012
0.0348606832
0.0351593920
0.0362706216
0.0371242585
0.0363418906
0.0336480162
0.0294492139
0.0245531760
0.0202865177
0.0178687067
0.0178968144
0.0202489677
0.0239329802
0.0275568238
0.0302145862
0.0313218563
0.0308336626
0.0291548181
0.0267822315
0.0241531141
0.0218036034
0.0203500261
0.0199362853
0.0201468859
0.0207601342
0.0217835455
0.0229694103
0.0241805438
0.0249624557
0.0248665869
0.0240596487
0.0225541408
0.0206043344
0.0186848440
0.0170902055
0.0161247064
0.0159477935
0.0163653632
0.0171122039
0.0178966288
0.0181623827
0.0175775143
0.0159654249
0.0130549362
0.0094348854
0.0065583303
0.0047587106
0.0039962587
0.0043861653
0.0059234529
0.0080372851
0.0095154712
0.0088788652
0.0054847608
-0.0000109933
-0.0065320790
-0.0127163397
-0.0175937988
-0.0201507485
-0.0193716476
-0.0156111262
-0.0099365545
-0.0032639044
0.0031341536
0.0078083269
0.0101327895
0.0101373637
0.0082235692
0.0048184877
0.0013510208
-0.0008703178
-0.0014858795
-0.0006262417
0.0013984118
0.0037599759
0.0060529565
0.0080306961
0.0091932179
0.0098487458
0.0105766664
0.0114640816
0.0122035881
0.0122357386
0.0114320103
0.0100081592
0.0077619205
0.0047765982
0.0018322975
-0.0006638269
-0.0029318386
-0.0051188059
-0.0070958425
-0.0087374734
-0.0104759213
-0.0132514235
-0.0172161114
-0.0216084699
-0.0258591251
-0.0292409418
-0.0313003971
-0.0321872871
-0.0320248636
-0.0308575343
-0.0286052374
-0.0250801614
-0.0202209997
-0.0145036152
-0.0088174567
-0.0036104551
0.0007052597
0.0036935079
0.0054036508
0.0064965636
0.0077299536
0.0095499991
0.0119878347
0.0140871134
0.0147699457
0.0137035293
0.0113297016
0.0085638332
0.0058697535
0.0030071962
0.0001027352
-0.0024286474
-0.0045610863
-0.0063574844
-0.0079241487
-0.0092934276
-0.0104867308
-0.0119610587
-0.0139579764
-0.0163811285
-0.0191370116
-0.0222610958
-0.0249569408
-0.0260295136
-0.0253611182
-0.0235831641
-0.0211062026
-0.0182892982
-0.0159950453
-0.0147980849
-0.0148143289
-0.0163091445
-0.0188671275
-0.0213592362
-0.0225535138
-0.0214510757
-0.0178937843
-0.0126509378
-0.0069939037
-0.0020046622
0.0018688595
0.0044772622
0.0057657464
0.0059418637
0.0056194905
0.0055553451
0.0061182344
0.0071319858
0.0077452531
0.0070103619
0.0046846099
0.0008250168
-0.0042021036
-0.0095355879
-0.0138841444
-0.0164242789
-0.0175062554
-0.0178499271
-0.0184468477
-0.0198176143
-0.0214358006
-0.0223538328
-0.0217917891
-0.0197006900
-0.0164779026
-0.0126743334
-0.0090492389
-0.0064266351
-0.0053639368
-0.0054730490
-0.0057458230
-0.0058922368
-0.0061346667
-0.0065996118
-0.0068887698
-0.0064738845
-0.0055847169
-0.0047522481
-0.0041946879
-0.0040029777
-0.0045994813
-0.0068232978
-0.0108268975
-0.0154501043
-0.0195433377
-0.0223853083
-0.0235591369
-0.0232384261
-0.0217127082
-0.0196392162
-0.0181948338
-0.0178009021
-0.0183754967
-0.0197710704
-0.0215397781
-0.0227925657
-0.0228653199
-0.0213652820
-0.0183207530
-0.0140529769
-0.0088395647
-0.0033885042
0.0016305933
0.0058334395
0.0086740836
0.0102306558
0.0113481949
0.0123641771
0.0128938608
0.0127780115
0.0126383052
0.0126368104
0.0123256218
0.0113027967
0.0096124125
0.0078029387
0.0062929879
0.0052569657
0.0044068819
0.0034337678
0.0025584033
0.0016813651
0.0006783699
-0.0005670257
-0.0021352678
-0.0032486462
-0.0033282681
-0.0029455864
-0.0027864184
-0.0033395081
-0.0045287961
-0.0059648580
-0.0071148963
-0.0075750190
-0.0079081207
-0.0079403966
-0.0071671382
-0.0056489119
-0.0037474152
-0.0015342677
0.0008872781
0.0032195233
0.0053137487
0.0073857234
0.0093721096
0.0109525581
0.0123191750
0.0134791442
0.0141337439
0.0139325318
0.0128634872
0.0114815126
0.0103533595
0.0094723697
0.0086121902
0.0074877762
0.0063309727
0.0052881472
0.0040558171
0.0024197596
0.0003917725
-0.0021534906
-0.0053190817
-0.0088742216
-0.0125464787
-0.0160369016
-0.0189702125
-0.0206805252
-0.0207358977
-0.0193628876
-0.0171637319
-0.0145950045
-0.0116093913
-0.0082452988
-0.0048757286
-0.0023445309
-0.0010035104
-0.0005267883
-0.0009513577
-0.0020407567
-0.0033214098
-0.0041665794
-0.0042105441
-0.0034298489
-0.0018148367
0.0002519174
0.0024387607
0.0046937507
0.0070922350
0.0090936629
0.0101320908
0.0103400216
0.0099696369
0.0090192387
0.0076746254
0.0063586700
0.0054034218
0.0053066969
0.0066558965
0.0093049367
0.0122584712
0.0148494350
0.0167403239
0.0177736563
0.0178313991
0.0168205682
0.0152206512
0.0142593138
0.0145805006
0.0157456308
0.0172930967
0.0193676458
0.0217588523
0.0239155109
0.0254451737
0.0262369611
0.0263281222
0.0257746610
0.0246375654
0.0232045930
0.0217288185
0.0199548258
0.0178538808
0.0163284078
0.0139077778
0.0111817172
0.0082248647
0.0056916110
0.0039374368
0.0030634351
0.0027852485
0.0029734144
0.0040062732
0.0059672221
0.0083605205
0.0107164424
0.0129966293
0.0151197140
0.0165407386
0.0170034799
0.0170939716
0.0173227972
0.0175756969
0.0179507009
0.0185627316
0.0192768002
0.0197735956
0.0196070017
0.0186891923
0.0170176176
0.0147103322
0.0117225058
0.0081253622
0.0045116447
0.0012471289
-0.0019379483
-0.0046910699
-0.0062625144
-0.0064149334
-0.0056301046
-0.0043611379
-0.0030170994
-0.0020640690
-0.0016006258
-0.0018468424
-0.0028370496
-0.0039469547
-0.0047413823
-0.0048335129
-0.0039552420
-0.0022231865
0.0001436154
0.0031116339
0.0069404694
0.0108567371
0.0138546123
0.0157283466
0.0162811396
0.0154441711
0.0136295958
0.0111963766
0.0080322392
0.0044125704
0.0010035664
-0.0019165313
-0.0046084784
-0.0074937905
-0.0107249860
-0.0142108873
-0.0177352818
-0.0211054275
-0.0242602565
-0.0271760198
-0.0296115865
-0.0314064195
-0.0323316945
-0.0318750841
-0.0297465762
-0.0262321759
-0.0219803991
-0.0177912953
-0.0145216718
-0.0128052009
-0.0129511996
-0.0146659555
-0.0172569885
-0.0199552563
-0.0222656325
-0.0236326511
-0.0231742346
-0.0205633488
-0.0164711437
-0.0118974331
-0.0075194005
-0.0038112245
-0.0017977210
-0.0019222938
-0.0035225604
-0.0058073588
-0.0077384175
-0.0087300687
-0.0088807364
-0.0082527598
-0.0070532143
-0.0058465388
-0.0052715116
-0.0053443796
-0.0058982898
-0.0067239030
-0.0074367216
-0.0077808564
-0.0071361850
-0.0052625709
-0.0024584298
0.0009720053
0.0047100937
0.0085305660
0.0121741823
0.0150627566
0.0168279179
0.0176448964
0.0179501467
0.0179802660
0.0179510783
0.0176967271
0.0171695070
0.0167338224
0.0163003363
0.0157251573
0.0151112495
0.0144372866
0.0135555266
0.0124789495
0.0114639167
0.0107078450
0.0098744201
0.0087324074
0.0076486969
0.0067450404
0.0057385432
0.0046119129
0.0035125278
0.0023914743
0.0008869031
-0.0009787731
-0.0028541090
-0.0044796866
-0.0057331070
-0.0065260644
-0.0068477388
-0.0067740963
-0.0065463431
-0.0065065988
-0.0070290803
-0.0082335597
-0.0096925139
-0.0110861926
-0.0122272989
-0.0130096200
-0.0135808611
-0.0142744031
-0.0150483458
-0.0152534410
-0.0150054186
-0.0149820517
-0.0152463932
-0.0156943662
-0.0163183342
-0.0170566410
-0.0175138628
-0.0171825945
-0.0157663140
-0.0133518580
-0.0103170050
-0.0069753800
-0.0037592206
-0.0009226527
0.0015155920
0.0034631811
0.0047831984
0.0054127595
0.0055149120
0.0054190848
0.0054066597
0.0055041526
0.0056106869
0.0056467022
0.0056836982
0.0056323769
0.0050428948
0.0035842369
0.0016459896
-0.0001819765
-0.0019025779
-0.0035502315
-0.0050115377
-0.0060660993
-0.0064720179
-0.0062995476
-0.0058667599
-0.0053031136
-0.0046233967
-0.0039163926
-0.0032767106
-0.0027977556
-0.0025001600
-0.0024236002
-0.0025715541
-0.0026774450
-0.0025167462
-0.0020984690
-0.0015654662
-0.0008887307
0.0000193929
0.0008028181
0.0011328691
0.0010357079
0.0007495552
0.0005550952
0.0003513105
0.0002369098
0.0004321796
0.0007477591
0.0010517876
0.0014535477
0.0019815589
0.0025403925
0.0032133429
0.0039823770
0.0045947016
0.0050234577
0.0053658935
0.0056727556
0.0058191194
0.0055684898
0.0049346689
0.0041000471
0.0032323119
0.0025893014
0.0023822709
0.0023530532
0.0023266219
0.0022888478
0.0022273713
0.0021878456
0.0021390646
0.0020893644
0.0021636476
0.0024644124
0.0028503489
0.0031608589
0.0034924012
0.0038652485
0.0041402489
0.0041979885
0.0040513496
0.0038214330
0.0035907226
0.0033722474
0.0031932023
0.0031520619
0.0033191396
0.0036360484
0.0039298023
0.0040979092
0.0040929262
0.0038662284
0.0034348908
0.0029037954
0.0023991853
0.0021244192
0.0020841513
0.0021118701
0.0020545242
0.0018338940
0.0014082013
0.0008020424
0.0001623869
-0.0003442916
-0.0006363577
-0.0007207110
-0.0006826334
-0.0005598413
-0.0003698857
-0.0002518167
-0.0003579606
-0.0006344512
-0.0009408004
-0.0012572367
-0.0016479349
-0.0020279553
-0.0022462818
-0.0023916947
-0.0025805997
-0.0027547868
-0.0028666279
-0.0029566885
-0.0030547083
-0.0031422374
-0.0031741049
-0.0031305041
-0.0029987986
-0.0027624589
-0.0024018878
-0.0019780950
-0.0015792194
-0.0012436786
-0.0009686512
-0.0007281475
-0.0005105436
-0.0003167055
-0.0001210569
0.0001023962
0.0003420656
0.0005619403
0.0007342098
0.0008579761
0.0009235975
0.0009299426
0.0009040876
0.0008845083
0.0009086510
0.0009857032
0.0010804909
0.0011561364
0.0011849744
0.0011572312
0.0010906008
0.0010047367
0.0009415024
0.0009428635
0.0010115364
0.0011193229
0.0012360581
0.0013289391
0.0013695347
0.0013315563
0.0012153054
0.0010588422
0.0009007906
0.0007604783
0.0006456080
0.0005647209
0.0005141918
0.0004796837
0.0004546671
0.0004338302
0.0004135361
0.0003893532
0.0003546938
0.0003031505
0.0002431185
0.0001899418
0.0001493553
0.0001243873
0.0001179454
0.0001264966
0.0001418205
0.0001585070
0.0001721891
0.0001806077
0.0001830373
0.0001796743
0.0001715785
0.0001598164
0.0001457950
0.0001318622
0.0001189003
0.0001075918
0.0000982306
0.0000898680
0.0000813058
0.0000716746
0.0000602810
0.0000463056
0.0000303795
0.0000137692
-0.0000025854
-0.0000175295
-0.0000300752
-0.0000401681
-0.0000481269
-0.0000543062
-0.0000591761
-0.0000631073
-0.0000665808
-0.0000699107
-0.0000732692
-0.0000766661
-0.0000800187
-0.0000833977
-0.0000868251
-0.0000902440
-0.0000935257
-0.0000966274
-0.0000996465
-0.0001026549
-0.0001056881
-0.0001087685
-0.0001119059
-0.0001150828
-0.0001182579
-0.0001213918
-0.0001244684
-0.0001274873
-0.0001304515
-0.0001333641
-0.0001362252
-0.0001390329
-0.0001417848
-0.0001444797
-0.0001471168
