0.0013549490
0.0013491663
0.0013433384
0.0013374694
0.0013315741
0.0013255792
0.0013195765
0.0013134670
0.0013073381
0.0013011109
0.0012948845
0.0012889223
0.0012820547
0.0012758018
0.0012694037
0.0012630024
0.0012566463
0.0012498018
0.0012429144
0.0012364867
0.0012294565
0.0012231091
0.0012160372
0.0012094662
0.0012015623
0.0011948950
0.0011897123
0.0011774672
0.0011758179
0.0011639903
0.0011614528
0.0011482167
0.0011459636
0.0011322436
0.0011329815
0.0011146563
0.0011169526
0.0011001945
0.0011014636
0.0010835944
0.0010842193
0.0010686856
0.0010672373
0.0010495827
0.0010522524
0.0010321986
0.0010409015
0.0010135488
0.0010206265
0.0009988817
0.0010050045
0.0009783131
0.0009861320
0.0009609421
0.0009726192
0.0009437678
0.0009455174
0.0009341984
0.0009229892
0.0009150301
0.0009044262
0.0008976008
0.0008880484
0.0008806224
0.0008668419
0.0008530204
0.0008475256
0.0008369098
0.0008284388
0.0008170182
0.0008095001
0.0007982333
0.0007912830
0.0007791400
0.0007552185
0.0007549224
0.0007537103
0.0007341221
0.0007129949
0.0007105289
0.0006999689
0.0006961953
0.0006827308
0.0006653739
0.0006538197
0.0006438726
0.0006163828
0.0006486461
0.0005938748
0.0006118371
0.0005620651
0.0005943449
0.0005410398
0.0005827002
0.0005182770
0.0005530586
0.0004926672
0.0005211115
0.0004754819
0.0004892394
0.0004408116
0.0004887959
0.0004078957
0.0004618490
0.0003860344
0.0004284807
0.0003592007
0.0004015650
0.0003298907
0.0003840504
0.0003024900
0.0003563512
0.0002657872
0.0003466690
0.0002611688
0.0003064552
0.0002188808
0.0002736493
0.0002258700
0.0002123765
0.0002178724
0.0001808040
0.0001880720
0.0001488560
0.0001621810
0.0001359617
0.0001233010
0.0001116140
0.0001098020
0.0000718930
0.0000651497
0.0000549843
0.0000480114
0.0000234021
0.0000032911
-0.0000057202
-0.0000113570
-0.0000475067
-0.0000237109
-0.0000686008
-0.0000608591
-0.0001013740
-0.0000885289
-0.0001196173
-0.0001036824
-0.0001499293
-0.0001417862
-0.0001362233
-0.0001042938
-0.0002366359
-0.0001559606
-0.0002507874
-0.0001763510
-0.0003030813
-0.0002120090
-0.0003151183
-0.0002024401
-0.0003781048
-0.0002680297
-0.0003776665
-0.0002559567
-0.0004135503
-0.0002886489
-0.0004493656
-0.0003162407
-0.0004562175
-0.0003224438
-0.0004817745
-0.0003534913
-0.0005195170
-0.0004128746
-0.0005200350
-0.0004011438
-0.0005476869
-0.0004319636
-0.0006068534
-0.0004239259
-0.0006497770
-0.0067005003
-0.0005127316
-0.0005999372
-0.0005512261
-0.0005876089
-0.0005416181
-0.0006110207
-0.0006049041
-0.0006438280
-0.0006160044
-0.0006283967
-0.0006131721
-0.0006837483
-0.0006419471
-0.0006543441
-0.0006692027
-0.0006909634
-0.0006593028
-0.0007091848
-0.0006496138
-0.0007047452
-0.0006738033
-0.0007436050
-0.0007090967
-0.0007421954
-0.0006667077
-0.0007673298
-0.0006876951
-0.0007491578
-0.0007370402
-0.0007339749
-0.0006875263
-0.0008197681
-0.0006549540
-0.0008456283
-0.0006398509
-0.0008108865
-0.0006534669
-0.0008302144
-0.0007103965
-0.0008334805
-0.0006601461
-0.0008052704
-0.0006548528
-0.0007821728
-0.0006328406
-0.0008232257
-0.0006284108
-0.0008398115
-0.0006214122
-0.0007953744
-0.0005735987
-0.0007943924
-0.0006140734
-0.0007866060
-0.0005281167
-0.0007415237
-0.0006173098
-0.0007786863
-0.0005167664
-0.0007139436
-0.0088685627
-0.0005928223
-0.0006154303
-0.0005950309
-0.0005987739
-0.0005398315
-0.0006062565
-0.0005343943
-0.0005786587
-0.0005175800
-0.0005199359
-0.0004490150
-0.0005158465
-0.0005017384
-0.0004915457
-0.0004283462
-0.0004424307
-0.0003617092
-0.0004244447
-0.0003019328
-0.0004301086
-0.0003042994
-0.0003380591
-0.0002774490
-0.0003237465
-0.0002178790
-0.0002512123
-0.0001465371
-0.0002124205
-0.0001323608
-0.0001786380
-0.0000464837
-0.0001922248
0.0000321760
-0.0001886732
0.0000890303
-0.0000843371
0.0001318188
-0.0000910533
0.0002050757
-0.0000003486
0.0002351517
0.0000416074
0.0003313326
0.0001128136
0.0003452146
0.0001396163
0.0004027751
0.0002167515
0.0004414711
0.0002749974
0.0005672068
0.0003276608
0.0005657468
0.0004483001
0.0006277591
0.0005018412
0.0006728346
0.0005506967
0.0007890117
0.0006081289
0.0006861879
0.0008067987
0.0007714022
0.0008588240
0.0008761106
0.0009325422
0.0009165795
0.0009854529
0.0009752010
0.0010598070
0.0010195532
0.0011744873
0.0010907506
0.0012323172
0.0011619324
0.0012945079
0.0012619602
0.0013297217
0.0013193244
0.0014437754
0.0013316441
0.0015071448
0.0014438027
0.0015185815
0.0015028256
0.0015983941
0.0015766247
0.0016549777
0.0015992225
0.0017762907
0.0016563592
0.0019030576
0.0016675762
0.0018856829
0.0017732479
0.0019403578
0.0017969699
0.0020256595
0.0018701978
0.0020209601
0.0019392197
0.0020688533
0.0019681710
0.0021502012
0.0019892226
0.0022759829
0.0020378758
0.0022485904
0.0021139764
0.0022998496
0.0021091163
0.0023615340
0.0022004879
0.0023687778
0.0022161319
0.0024496575
0.0022116327
0.0024433690
0.0022704298
0.0024579163
0.0023031338
0.0024752625
0.0024311117
0.0023847905
0.0024255270
0.0023725987
0.0024825101
0.0023760124
0.0024568615
0.0023747883
0.0025190398
0.0023653630
0.0024469065
0.0023832698
0.0025035000
0.0023524708
0.0024644454
0.0023620147
0.0024478061
0.0023726705
0.0024388709
0.0022961480
0.0024240965
0.0022940195
0.0023854633
0.0022288728
0.0023138682
0.0021931647
0.0022749484
0.0021532353
0.0022083153
0.0020866214
0.0022008084
0.0019775626
0.0020715770
0.0019496908
0.0020892723
0.0017987648
0.0019671136
0.0017354416
0.0018543983
0.0016514011
0.0017744399
0.0015955686
0.0016635248
0.0014083421
0.0015639241
0.0013282904
0.0014007743
0.0011779455
0.0012888713
0.0010163520
0.0012024676
0.0009147683
0.0010053914
0.0007404140
0.0008782506
0.0006325885
0.0007284090
0.0004384708
0.0005156346
0.0002761938
0.0004038481
0.0001959304
-0.0000029369
0.0000939009
-0.0001615952
-0.0001537327
-0.0003498584
-0.0003640585
-0.0005666238
-0.0005671848
-0.0007795442
-0.0008144434
-0.0010455009
-0.0010689712
-0.0012495638
-0.0012827944
-0.0014909697
-0.0015183100
-0.0017696754
-0.0018234471
-0.0020632929
-0.0020776593
-0.0022769612
-0.0023042813
-0.0025522069
-0.0026437496
-0.0028566208
-0.0028829648
-0.0031042025
-0.0032269982
-0.0034030040
-0.0034961323
-0.0037729390
-0.0037571465
-0.0040945275
-0.0041035677
-0.0044389620
-0.0043946721
-0.0047246465
-0.0047339955
-0.0051086382
-0.0050789622
-0.0054936893
-0.0054360107
-0.0057635746
-0.0057781560
-0.0061946438
-0.0061608974
-0.0064821458
-0.0065672501
-0.0068957326
-0.0068574993
-0.0072967956
-0.0072588791
-0.0076359511
-0.0076639897
-0.0080411485
-0.0080100713
-0.0084027439
-0.0084562668
-0.0088152151
-0.0087590709
-0.0090406188
-0.0093174180
-0.0094600227
-0.0097450092
-0.0098164991
-0.0101908933
-0.0102212014
-0.0105810600
-0.0106524942
-0.0109541052
-0.0110764882
-0.0114055231
-0.0114849357
-0.0118668137
-0.0119833531
-0.0123497955
-0.0124976296
-0.0129052970
-0.0131131819
-0.0136164686
-0.0138295165
-0.0141627263
-0.0141999887
-0.0142178653
-0.0140790738
-0.0139709556
-0.0132242051
-0.0123473418
-0.0116649011
-0.0120212172
-0.0129230802
-0.0139043213
-0.0152469628
-0.0171662963
-0.0194457678
-0.0228137558
-0.0244627319
-0.0217291784
-0.0185379396
-0.0172234310
-0.0154968187
-0.0157750579
-0.0175851129
-0.0202834540
-0.0225269743
-0.0291942775
-0.0378783010
-0.0412411368
-0.0433636241
-0.0475182668
-0.0387246249
-0.0255628697
-0.0233502684
-0.0312882758
-0.0226304424
-0.0105232209
-0.0198748905
-0.0314913970
-0.0325279049
-0.0364724905
-0.0516957924
-0.0517580998
-0.0420399816
-0.0270516163
-0.0233495479
-0.0136722931
-0.0028705296
0.0091798109
0.0049719627
-0.0133794859
-0.0371253453
-0.0494094472
-0.0427673598
-0.0189934978
-0.0255620135
-0.0395917487
-0.0389267066
-0.0228930915
-0.0147282295
-0.0272957027
-0.0281641173
-0.0219251611
-0.0319110721
-0.0357422960
-0.0217116242
-0.0065593814
-0.0202060821
-0.0615470931
-0.0761859234
-0.0566559498
-0.0566493122
-0.0623461869
-0.0593064993
-0.0417792589
-0.0336770630
-0.0414966693
-0.0420888991
-0.0221626890
-0.0500372917
-0.0793053925
-0.0525174515
-0.0144412713
-0.0197858215
-0.0373723927
-0.0345263174
-0.0527711917
-0.0659789041
-0.0577288302
-0.0407347707
-0.0390336693
-0.0318704289
-0.0003824360
0.0325551860
0.0306666955
-0.0176536657
-0.0513124724
-0.0343407668
-0.0345923099
-0.0610933577
-0.0568465072
-0.0450443358
-0.0387408948
-0.0291430912
-0.0145940872
0.0066601703
0.0197991859
-0.0044077271
-0.0002791273
-0.0054559437
-0.0163170066
-0.0148321246
-0.0259075121
-0.0319339021
-0.0235053127
-0.0106700425
-0.0053902584
0.0044154388
0.0061157139
0.0207382897
0.0250228383
-0.0058046203
-0.0256865879
-0.0397632063
-0.0477738515
-0.0576540546
-0.0627466039
-0.0241152481
0.0089708644
0.0014003888
-0.0023329397
0.0171038486
0.0148243638
-0.0241201062
-0.0485414495
-0.0751285004
-0.0606057093
-0.0446140958
-0.0467912243
-0.0420611591
-0.0225946652
-0.0080580836
-0.0090025838
-0.0083022343
0.0027743248
0.0085091349
-0.0037894781
-0.0024523036
0.0157120844
0.0245236136
0.0150125840
0.0058451516
0.0293494064
0.0484182400
0.0300220393
0.0299244028
0.0513511024
0.0563352202
0.0334538350
0.0090785182
0.0081028581
0.0092136849
0.0000556895
-0.0043293095
-0.0037764587
-0.0056303408
-0.0125926931
-0.0073509962
0.0076935150
0.0148990332
0.0081239874
0.0138080594
0.0129275075
0.0133120354
0.0046767558
-0.0035671338
-0.0002292953
-0.0062540124
0.0033848950
0.0224448764
0.0225732667
0.0153170714
0.0141262377
0.0233987749
0.0138562315
-0.0011352826
0.0039481601
0.0078276977
0.0032097654
-0.0141810455
-0.0192728847
0.0004232205
-0.0011283135
0.0032110107
0.0140281749
0.0148543572
0.0147061569
0.0145691541
0.0333589342
0.0518443407
0.0514935952
0.0575075883
0.0549862622
0.0472880351
0.0396469721
0.0383190206
0.0419188713
0.0275926138
0.0174105584
0.0256818473
0.0324046249
0.0346820353
0.0372252691
0.0366032815
0.0359490154
0.0310662981
0.0344202634
0.0437132135
0.0554718744
0.0451201501
0.0480915990
0.0529998004
0.0458643130
0.0429438900
0.0326327893
0.0344097006
0.0447935898
0.0429583809
0.0307004484
0.0270657348
0.0245778527
0.0324653097
0.0277749608
0.0078385452
0.0112498426
0.0120364351
0.0093203824
0.0062289275
0.0252801484
0.0618742836
0.0781841649
0.0853346092
0.0906180663
0.1007467197
0.0990302678
0.1037837012
0.1025809537
0.0896732438
0.0733797435
0.0688581569
0.0692467594
0.0694952601
0.0723651628
0.0544202919
0.0517086523
0.0596666480
0.0689048691
0.0807572893
0.0758832824
0.0607573474
0.0581102533
0.0385816351
0.0154900556
0.0052586994
0.0017165236
-0.0028482804
-0.0080936314
0.0035118467
0.0148589979
0.0141712981
0.0150260574
0.0406188896
0.0649345408
0.0504223348
0.0619135889
0.0828062063
0.0751754310
0.0556216697
0.0559425346
0.0663998784
0.0563598766
0.0380899376
0.0223730300
0.0428471551
0.0435869657
0.0337620982
0.0441331267
0.0611914311
0.0750203910
0.0757717252
0.0794985560
0.0787868969
0.0640375247
0.0486777280
0.0538981714
0.0523923695
0.0521503522
0.0427912211
0.0429433530
0.0508522446
0.0431518679
0.0522776979
0.0613110797
0.0581374829
0.0698358678
0.0665221491
0.0755069502
0.0598353591
0.0343332069
0.0421253649
0.0455764798
0.0634793232
0.0671329319
0.0527782548
0.0547030480
0.0679692310
0.0649509200
0.0612099299
0.0406567273
0.0350772137
0.0608618569
0.0654857023
0.0525126574
0.0680896613
0.0789457881
0.0591784101
0.0367760554
0.0169107703
0.0241806907
0.0319057618
0.0259317086
0.0428735746
0.0596204441
0.0326015370
0.0206740354
0.0504634006
0.0522418523
0.0275936125
0.0113211136
0.0202551165
0.0475117463
0.0401598377
0.0270472682
0.0311858919
0.0310039701
0.0126643742
0.0158917228
0.0390534980
0.0397278324
0.0415082950
0.0384897605
0.0411913817
0.0517695813
0.0587717276
0.0429618082
0.0306576004
0.0096093032
0.0153572870
0.0049695428
-0.0033765907
0.0135155970
0.0376547139
0.0726991848
0.0613575683
0.0627465682
0.0636320432
0.0516916882
0.0491641899
0.0455802445
0.0484689282
0.0619836213
0.0692221989
0.0510625338
0.0419213121
0.0463432808
0.0511168058
0.0574434352
0.0335855849
0.0320347773
0.0674105548
0.0635778448
0.0397930647
0.0357247939
0.0411083411
0.0407142638
0.0235925630
-0.0030733986
0.0242199468
0.0532793681
0.0153153005
-0.0050234811
-0.0088573946
-0.0198443901
-0.0264084911
-0.0459267144
-0.0452713021
-0.0231234070
-0.0071740167
0.0020467996
0.0016171509
0.0083378654
0.0012250791
-0.0121084212
-0.0199437716
-0.0374145574
-0.0706487866
-0.1250043946
-0.1133699970
-0.1011805903
-0.0945817649
-0.0807772140
-0.0915835262
-0.0865720690
-0.0933780020
-0.1045086920
-0.0735887907
-0.0484058188
-0.0386883311
-0.0381870395
-0.0225032387
-0.0053419198
0.0051718715
-0.0071911406
-0.0317708107
-0.0343381229
-0.0125250873
-0.0019206557
-0.0294726306
-0.0229297642
0.0083186632
0.0098086126
-0.0106453302
-0.0471254546
-0.0510616911
-0.0241057684
-0.0312677674
-0.0448387986
-0.0596681211
-0.0540960812
-0.0239653015
-0.0523938780
-0.0876164047
-0.0627236700
-0.0607537564
-0.0713526608
-0.0795406412
-0.1031793529
-0.1231068214
-0.1080838903
-0.1218325898
-0.1510155882
-0.1219724140
-0.0787448251
-0.0724824399
-0.0735989597
-0.0846061436
-0.0773017517
-0.0837774215
-0.1091319835
-0.1303683213
-0.1325889305
-0.1201216229
-0.1202966695
-0.1228594507
-0.0798036698
-0.0342872809
-0.0211147146
-0.0043106992
0.0030537861
0.0151323802
0.0445637166
0.0661945931
0.0922511835
0.1248650028
0.1224352150
0.0982845346
0.0978971691
0.1076299013
0.1028066566
0.1141665387
0.0918604056
0.0560365713
0.0308038003
0.0135945176
0.0037413999
0.0082208727
-0.0112288190
-0.0051475213
0.0068220951
-0.0131491657
0.0048746107
0.0175053940
0.0302929322
0.0434109282
0.0320483713
0.0126343142
0.0142022570
0.0286590565
0.0181652159
-0.0006691605
-0.0087445215
-0.0111964730
-0.0170718453
-0.0163714422
-0.0117430214
0.0021470099
-0.0179965482
-0.0500702180
-0.1329979230
-0.2230568831
-0.2747055856
-0.2845524084
-0.2950741451
-0.2901068318
-0.3082815023
-0.3353121054
-0.3532177156
-0.3664929475
-0.3783407378
-0.3690708115
-0.3337164459
-0.3066501596
-0.2963250435
-0.2920781673
-0.2818332591
-0.2511850219
-0.1924647259
-0.1495656428
-0.1528543259
-0.1560228648
-0.1273330980
-0.1020026452
-0.1007721064
-0.1182802066
-0.1284826572
-0.1332593276
-0.1636534562
-0.1993510021
-0.2206823267
-0.2190651175
-0.2187419249
-0.2549586200
-0.2793626136
-0.3015147090
-0.3304599425
-0.3320848938
-0.3382891532
-0.3741560361
-0.3785288763
-0.3747511184
-0.3828436704
-0.3810369619
-0.3622471328
-0.3397147784
-0.3119725556
-0.2775861719
-0.2345197877
-0.1849250779
-0.1530652526
-0.1426710771
-0.1373092371
-0.1180720752
-0.0561582013
-0.0006300036
-0.0068084212
-0.0027770567
0.0355475907
0.0708769784
0.1719604670
0.2793206535
0.2995914941
0.3507828285
0.4105486528
0.4791141433
0.5603641351
0.6124591513
0.6537107245
0.6807637733
0.6550151266
0.7040571458
0.7166749196
0.7376526800
0.8025903489
0.6706510355
0.5289847616
0.5651836566
0.6125394144
0.5623581755
0.4391819120
0.4718396543
0.4492615442
0.4385776964
0.5638084128
0.5873222378
0.5779730166
0.5866413278
0.5854526047
0.6170705004
0.6344789194
0.7558204446
0.7696633024
0.4999532335
0.3367339763
0.3628889885
0.3219733005
0.2326614871
0.2027163380
0.1654843627
0.1035991625
0.0611183873
0.0328647898
-0.0050900815
-0.0531279517
-0.1249148277
-0.2129185940
-0.2923617788
-0.3481674460
-0.3883014072
-0.4516262271
-0.5208493393
-0.5318413265
-0.4875350065
-0.4517673633
-0.4431928161
-0.4481739534
-0.4005891519
-0.3407766390
-0.2432190241
-0.1892591310
-0.1623269480
-0.1227177583
-0.0747679730
-0.0206633705
0.0376699496
0.0780787184
0.1122692157
0.1594309871
0.1544362477
0.0912912260
0.0218546749
-0.0511043958
-0.1127737942
-0.1589740658
-0.1809988874
-0.2025512420
-0.2514076839
-0.3004193461
-0.3361555754
-0.3642096682
-0.3168317732
-0.2442340262
-0.2116863475
-0.1920267573
-0.1801035098
-0.2003250377
-0.2294083831
-0.2695576862
-0.2835393800
-0.3275724441
-0.3285179348
-0.3090000914
-0.3197369572
-0.3477861471
-0.3738303543
-0.4068738818
-0.4367955292
-0.4568729520
-0.4662262667
-0.4682566192
-0.4823235280
-0.5111489218
-0.5212458409
-0.5005156071
-0.4769450006
-0.4604245562
-0.4351423683
-0.3996673164
-0.3703284848
-0.3406415600
-0.2933539802
-0.2521476620
-0.2364723152
-0.2073347361
-0.1136769165
-0.0217007785
0.0201539237
0.0306645122
0.0546436032
0.0832442933
0.1337679835
0.1505251935
0.1281141466
0.1252986364
0.1599463507
0.1922513866
0.1849969344
0.1510821381
0.1212067689
0.1317704371
0.1420442728
0.1226879199
0.1153639232
0.1207198327
0.1390349935
0.1606548373
0.1681027509
0.1807547619
0.1927149341
0.2032971786
0.2240594788
0.2779965384
0.3135640149
0.3212233704
0.3405698002
0.3931622190
0.4386314552
0.4529437055
0.4579766927
0.4708446030
0.4779500812
0.4793906422
0.4820255091
0.4600028140
0.4510336515
0.4544506035
0.4570545341
0.4510575132
0.4401134064
0.4381672924
0.4415656806
0.4448295683
0.4508278266
0.4531149738
0.4430166482
0.4354391172
0.3955988283
0.3473423870
0.3190663543
0.3102804880
0.2815893599
0.2380615269
0.1947732971
0.1611642510
0.1446061183
0.1134266182
0.0617546827
0.0378499132
0.0256564683
-0.0145721438
-0.0476407098
-0.0789244092
-0.0864314883
-0.1030661671
-0.1298113660
-0.1713230615
-0.2082199263
-0.2108655479
-0.2263006694
-0.2632846665
-0.2808417482
-0.2872201810
-0.2920629825
-0.2987507350
-0.3094552564
-0.3232711047
-0.3388615250
-0.3427236177
-0.3397117195
-0.3326908110
-0.3250906668
-0.3134465735
-0.2942896058
-0.2801656271
-0.2684391165
-0.2498006387
-0.2289633845
-0.2006888116
-0.1768446365
-0.1713615183
-0.1654333309
-0.1389773599
-0.0949045102
-0.0644623302
-0.0473883894
-0.0216853073
-0.0006883902
0.0265848544
0.0524830229
0.0683973454
0.0951992178
0.1310496144
0.1551797516
0.1628867076
0.1669282436
0.1880465967
0.2143538574
0.2219697637
0.2182630317
0.2231622884
0.2314414250
0.2345384706
0.2400242081
0.2601577059
0.2824227692
0.2712961625
0.2260227604
0.1939838065
0.1844815992
0.1580166984
0.1149389723
0.1006489114
0.0908105078
0.0959714176
0.1074794971
0.1087003631
0.0828180217
0.0550733231
0.0199756612
0.0038851701
0.0312262104
0.0369913770
0.0246711560
0.0095097601
0.0135513096
0.0289729203
0.0322182073
0.0094334787
-0.0152508739
-0.0140542547
-0.0303708731
-0.0608702741
-0.0973459557
-0.1306513819
-0.1489473892
-0.1648503133
-0.1955899893
-0.2325832474
-0.2589682778
-0.2631337551
-0.2758590530
-0.2970809397
-0.3249634522
-0.3344815032
-0.3305911849
-0.3119622730
-0.3022782248
-0.3083687995
-0.3027184880
-0.2834053411
-0.2760580838
-0.2890454261
-0.2588571607
-0.2647701117
-0.2987219166
-0.2687100257
-0.2817739339
-0.2454295355
-0.2505343745
-0.2401514984
-0.2196806626
-0.2083068751
-0.2031945844
-0.1924751565
-0.1613735864
-0.1183982501
-0.0903041733
-0.0644902259
-0.0409561697
-0.0152390078
0.0098382449
0.0237144431
0.0342977188
0.0505509761
0.0604682831
0.0496280520
0.0556863043
0.0781423181
0.0913623316
0.1120947885
0.1234941880
0.1185453957
0.0861420282
0.0656343531
0.0654506054
0.0749042884
0.0757598290
0.0413985540
0.0284180367
0.0539547522
0.0500566512
0.0413087124
0.0497724090
0.0478814396
0.0669903511
0.0832266922
0.0805543785
0.0831018568
0.0651740610
0.0570125241
0.0908872029
0.0610636219
0.0321593221
0.0161244143
-0.0275232929
-0.0620934657
-0.0660266988
-0.0684425628
-0.0723431418
-0.0875157438
-0.1178257897
-0.0898401767
-0.0842538129
-0.0784488755
-0.0701517290
-0.0801924620
-0.0775235595
-0.0514549479
-0.0418807622
-0.0534931089
-0.0479040400
-0.0189077746
-0.0105348751
-0.0103141896
-0.0114443709
-0.0137566078
-0.0041742381
0.0050488183
0.0046836156
-0.0047433095
-0.0152093866
-0.0070060283
-0.0031924458
-0.0083732968
-0.0059275367
-0.0021459087
-0.0000417332
-0.0030094046
-0.0135434614
-0.0120008578
0.0100918694
0.0172462192
0.0075997284
0.0096633595
0.0171945346
0.0239111973
0.0319700242
0.0455968430
0.0618915349
0.0538654487
0.0931288731
0.1203884624
0.1138131332
0.1450474938
0.1325249641
0.1329949166
0.1663942636
0.1611846732
0.1694866997
0.1794209801
0.1712360373
0.1858203059
0.1750808239
0.1528965967
0.1172910844
0.1043323142
0.1035751142
0.1262445136
0.1320479334
0.1190092261
0.1040814085
0.1112859435
0.1261864158
0.1348268913
0.1361542226
0.1458406526
0.1591032253
0.1583569870
0.1438108172
0.1479316272
0.1535046797
0.1349274117
0.1275701772
0.1288354910
0.1158208607
0.0949971699
0.0834184807
0.0884004962
0.0939952879
0.0835602580
0.0718083560
0.0686196543
0.0702985633
0.0737604646
0.0741097964
0.0717277013
0.0700409426
0.0691714091
0.0639648577
0.0603838826
0.0518933193
0.0387891940
0.0278034994
0.0271092375
0.0266074097
0.0191536810
0.0099686533
0.0052402928
-0.0045992139
-0.0174909521
-0.0152998492
-0.0134604380
-0.0207640400
-0.0237480410
-0.0287299280
-0.0374959762
-0.0400835867
-0.0406318057
-0.0336609027
-0.0290709368
-0.0314790451
-0.0318814561
-0.0262345228
-0.0176054345
-0.0037572919
0.0121263187
0.0163364518
0.0218900555
0.0252946879
0.0263718352
0.0226754181
0.0192883870
0.0128372465
0.0025148471
-0.0079964969
-0.0183158620
-0.0235411623
-0.0267703825
-0.0328821068
-0.0403220195
-0.0399352560
-0.0294991476
-0.0223278313
-0.0201048603
-0.0173784092
-0.0123297909
-0.0163760152
-0.0285397497
-0.0407280401
-0.0530278566
-0.0711834829
-0.0928339593
-0.1070592663
-0.1041504966
-0.0980256352
-0.1031995647
-0.1105530939
-0.1177002602
-0.1104680818
-0.1096589128
-0.1290784996
-0.1387885634
-0.1402417653
-0.1464771853
-0.1526653326
-0.1596416082
-0.1637940553
-0.1591841835
-0.1640027090
-0.1725599822
-0.1664880781
-0.1596620898
-0.1550304172
-0.1534389980
-0.1501133140
-0.1517148635
-0.1570548462
-0.1578447217
-0.1566084199
-0.1561912471
-0.1615492122
-0.1628230829
-0.1542185506
-0.1525757565
-0.1490369556
-0.1444668109
-0.1407605981
-0.1251223715
-0.1167367921
-0.1173718788
-0.1084662206
-0.0987418903
-0.0938025345
-0.0877693266
-0.0819493698
-0.0821409275
-0.0911638518
-0.0938246758
-0.0843188362
-0.0758553964
-0.0748129228
-0.0808456424
-0.0820611782
-0.0728382318
-0.0666423196
-0.0714878582
-0.0770643341
-0.0721962901
-0.0658514175
-0.0632847739
-0.0620149706
-0.0625635978
-0.0511922707
-0.0285326323
-0.0168591425
-0.0162229683
-0.0116701098
-0.0005534699
0.0110563735
0.0217978278
0.0227950664
0.0232744161
0.0330569796
0.0343617661
0.0294365138
0.0307832735
0.0339890514
0.0352381773
0.0310823776
0.0269098444
0.0366977057
0.0538345192
0.0600207991
0.0657545807
0.0839064642
0.1002161420
0.1071273691
0.1155758238
0.1268859504
0.1349093773
0.1455786993
0.1532666205
0.1518650927
0.1502765734
0.1612032506
0.1724667635
0.1720733257
0.1677979115
0.1669788762
0.1661181697
0.1694686236
0.1672888384
0.1594351937
0.1558180666
0.1539851269
0.1543473608
0.1508037311
0.1476522430
0.1494346656
0.1453452861
0.1396460034
0.1390181847
0.1330110968
0.1215390261
0.1110456046
0.1028025761
0.1029445106
0.1086080798
0.1021985708
0.0996699940
0.1113845920
0.1184943824
0.1184153953
0.1205553472
0.1328718777
0.1502088720
0.1539305572
0.1495190554
0.1495587773
0.1587938439
0.1737527214
0.1848115573
0.1881193793
0.1878605684
0.1858229992
0.1778895701
0.1621316129
0.1512605309
0.1486244201
0.1374055638
0.1219498046
0.1096943749
0.1009847725
0.0963085962
0.0893927312
0.0840218370
0.0799204282
0.0721165417
0.0655701025
0.0662734126
0.0673001229
0.0634488107
0.0589109624
0.0553871516
0.0549553269
0.0541387097
0.0438313747
0.0415018283
0.0439769706
0.0532398026
0.0558468393
0.0549574863
0.0592036124
0.0651195640
0.0691227407
0.0694504473
0.0607790557
0.0528851662
0.0484524024
0.0374060453
0.0222981018
0.0073056465
-0.0090335040
-0.0215229734
-0.0246305581
-0.0311853669
-0.0414496226
-0.0477508462
-0.0484627500
-0.0464539521
-0.0504552328
-0.0590939758
-0.0653054882
-0.0721207326
-0.0757095237
-0.0788161531
-0.0888752464
-0.0985651958
-0.1033425565
-0.1050507529
-0.1035648128
-0.1015426268
-0.0948572737
-0.0804300656
-0.0589592558
-0.0394508323
-0.0287577111
-0.0184667694
-0.0037140096
0.0131772237
0.0253927217
0.0282505487
0.0223618526
0.0185511338
0.0214089159
0.0224516193
0.0132992243
-0.0065855734
-0.0249099716
-0.0395968304
-0.0561551842
-0.0674214026
-0.0746641543
-0.0784737424
-0.0835689990
-0.0943929873
-0.0988160191
-0.0976034792
-0.0948403290
-0.0966391032
-0.0976210665
-0.0912940165
-0.0758150921
-0.0648254500
-0.0520289933
-0.0351640221
-0.0139051246
0.0081561131
0.0243906062
0.0337973772
0.0368535154
0.0442124313
0.0540178387
0.0489348802
0.0436162319
0.0449359214
0.0422267688
0.0310470867
0.0139246517
-0.0052872287
-0.0202488557
-0.0304394765
-0.0428158312
-0.0540526290
-0.0603547521
-0.0635003758
-0.0627963841
-0.0599415864
-0.0564278233
-0.0534004202
-0.0497694665
-0.0399900332
-0.0295170290
-0.0174798951
-0.0014099922
0.0112831619
0.0214149959
0.0354297672
0.0471850313
0.0557368615
0.0604079277
0.0616797192
0.0617520455
0.0573677891
0.0505392081
0.0382601070
0.0162797398
-0.0007321609
-0.0092587193
-0.0148055613
-0.0178243043
-0.0230607743
-0.0278836979
-0.0267917503
-0.0224548712
-0.0184204646
-0.0140200079
-0.0155523558
-0.0236873210
-0.0295123941
-0.0307914730
-0.0327088205
-0.0411671488
-0.0494331152
-0.0554698905
-0.0637855806
-0.0715158580
-0.0750712677
-0.0781574300
-0.0819594116
-0.0889812337
-0.0945119041
-0.0916689910
-0.0881318229
-0.0917265476
-0.0984191110
-0.0999605092
-0.0993473856
-0.0970926241
-0.0941503742
-0.0894961452
-0.0787893798
-0.0656221598
-0.0539655063
-0.0442927807
-0.0330830238
-0.0237688662
-0.0231931816
-0.0267566886
-0.0275265800
-0.0258844645
-0.0263958573
-0.0302275474
-0.0429055802
-0.0557011371
-0.0594777637
-0.0656553541
-0.0779176558
-0.0855080215
-0.0932500468
-0.1017144540
-0.1064404170
-0.1112273178
-0.1129336885
-0.1121607527
-0.1142986477
-0.1127794438
-0.1112800514
-0.1162575279
-0.1204227263
-0.1206589348
-0.1208740232
-0.1255567292
-0.1369712495
-0.1426743830
-0.1404556320
-0.1386312478
-0.1407670147
-0.1482771546
-0.1576925093
-0.1585836962
-0.1535727544
-0.1526295825
-0.1531645705
-0.1493070192
-0.1392688858
-0.1250272754
-0.1099402361
-0.0938722546
-0.0771890997
-0.0644267572
-0.0477778557
-0.0317614560
-0.0211306957
-0.0115812670
-0.0030435481
0.0080259581
0.0186918570
0.0236785414
0.0240565545
0.0250612006
0.0265738691
0.0199986799
0.0086627422
-0.0003067595
-0.0074819521
-0.0163639500
-0.0276447196
-0.0356527019
-0.0379922041
-0.0364853831
-0.0337735539
-0.0315372618
-0.0293518645
-0.0227513980
-0.0127432921
-0.0052981241
-0.0012897093
0.0072631844
0.0178127017
0.0268896350
0.0381596160
0.0527197416
0.0624998823
0.0703008759
0.0819330003
0.0934588831
0.0999107278
0.1070108613
0.1129200758
0.1151820454
0.1135870178
0.1011611087
0.0840873707
0.0752606629
0.0724174394
0.0653285909
0.0569837572
0.0471141361
0.0388609654
0.0411159874
0.0496294907
0.0509887959
0.0494063261
0.0519409590
0.0580182225
0.0620699428
0.0639164372
0.0659544117
0.0669514252
0.0720892018
0.0802526609
0.0872701373
0.0969743407
0.1077289969
0.1109886800
0.1135735809
0.1186139547
0.1185971547
0.1145039213
0.1070529596
0.1000838758
0.0904799929
0.0788228355
0.0681024954
0.0632909464
0.0607341073
0.0522461061
0.0450409548
0.0470524529
0.0519664397
0.0624990961
0.0784466940
0.0959396700
0.1131528159
0.1216385482
0.1368768144
0.1510303475
0.1618127043
0.1745558322
0.1856628691
0.1898417258
0.1887709027
0.1857510682
0.1801072970
0.1740661839
0.1655960303
0.1552516227
0.1449092351
0.1394937415
0.1399121032
0.1314364409
0.1188825415
0.1146217602
0.1149144723
0.1138860427
0.1083487407
0.1004016550
0.0968399754
0.1000564591
0.1005542812
0.0946373995
0.0861220183
0.0800612270
0.0747514794
0.0700406022
0.0631633981
0.0589021166
0.0555032966
0.0522216573
0.0496705103
0.0471304207
0.0467572479
0.0532535932
0.0589212168
0.0622311999
0.0594626259
0.0572086256
0.0554482530
0.0568163683
0.0565817509
0.0529154092
0.0506474460
0.0496052586
0.0419761431
0.0318145921
0.0282147234
0.0285113185
0.0251850168
0.0179839969
0.0125826859
0.0083501543
0.0065439210
0.0050619329
-0.0000069296
-0.0065441568
-0.0106001308
-0.0123218121
-0.0134102446
-0.0213005946
-0.0296993525
-0.0351165886
-0.0391678801
-0.0430221384
-0.0469555568
-0.0529468521
-0.0606175300
-0.0635109340
-0.0652572335
-0.0706727803
-0.0776661029
-0.0833666122
-0.0871785316
-0.0906793255
-0.0947402358
-0.0979652460
-0.1001392490
-0.1020781446
-0.1038892684
-0.1069630814
-0.1100530028
-0.1131307327
-0.1153504193
-0.1143192924
-0.1146656970
-0.1175394469
-0.1185480397
-0.1197627190
-0.1224815466
-0.1226225056
-0.1187847665
-0.1205628590
-0.1274116462
-0.1298766123
-0.1272464656
-0.1267905169
-0.1302057407
-0.1347847764
-0.1388618494
-0.1383110567
-0.1406326770
-0.1473782074
-0.1503517231
-0.1497897539
-0.1475814969
-0.1461808712
-0.1492153147
-0.1525738400
-0.1518409235
-0.1503150779
-0.1519037695
-0.1561191962
-0.1607889361
-0.1631196773
-0.1613176574
-0.1595615869
-0.1558335839
-0.1536856593
-0.1514559397
-0.1488565112
-0.1473572017
-0.1449792214
-0.1348401959
-0.1240423297
-0.1173833277
-0.1099130660
-0.1006985483
-0.0931861429
-0.0862110107
-0.0813994605
-0.0790944749
-0.0769295191
-0.0767300227
-0.0798861484
-0.0840116379
-0.0837777879
-0.0841799043
-0.0839928886
-0.0796838094
-0.0787385755
-0.0817714287
-0.0836803688
-0.0843177366
-0.0845253605
-0.0836459483
-0.0815419797
-0.0773610678
-0.0724479956
-0.0688414295
-0.0651468517
-0.0628229480
-0.0578463012
-0.0538683852
-0.0509793020
-0.0474253922
-0.0469975162
-0.0457916768
-0.0402250216
-0.0328046032
-0.0289473289
-0.0277562829
-0.0244417905
-0.0180977354
-0.0111797587
-0.0055646995
-0.0016057271
0.0052705592
0.0130537880
0.0171667549
0.0194947704
0.0229755598
0.0217079672
0.0178420750
0.0116570012
0.0051280027
-0.0013096670
-0.0079460525
-0.0133865360
-0.0149397474
-0.0144366007
-0.0180036385
-0.0216195571
-0.0207948182
-0.0188838737
-0.0228862443
-0.0269119117
-0.0271980198
-0.0235636731
-0.0201188366
-0.0195324750
-0.0152718620
-0.0087565922
-0.0058341747
-0.0038575097
-0.0000738052
0.0048427189
0.0094279563
0.0091675354
0.0074122629
0.0078747247
0.0107128642
0.0112285240
0.0137985892
0.0188391440
0.0242593542
0.0290209291
0.0350750227
0.0483891125
0.0602405945
0.0649190159
0.0727320551
0.0779316199
0.0838477068
0.0874113159
0.0893226370
0.0927978296
0.0964601930
0.0994334824
0.1009819032
0.1040782381
0.1088519727
0.1130461907
0.1173515516
0.1201782482
0.1222546827
0.1239071455
0.1229770235
0.1208455422
0.1181501779
0.1144330165
0.1103808543
0.1036252173
0.0968736959
0.0960360491
0.0961088348
0.0940386290
0.0934479412
0.0944177296
0.0948320338
0.0947004985
0.0945683029
0.0934088980
0.0934988112
0.0927250817
0.0905311016
0.0883709015
0.0831427422
0.0768627260
0.0725423723
0.0652881137
0.0542068883
0.0443650804
0.0361065485
0.0314216742
0.0283967553
0.0214554807
0.0147651734
0.0110446481
0.0076192797
0.0022356453
-0.0039249845
-0.0054010131
-0.0036424381
-0.0007075138
0.0015323882
0.0049118416
0.0116063550
0.0173966301
0.0158254545
0.0143187667
0.0135420807
0.0135565741
0.0136961406
0.0128664738
0.0120205760
0.0137282170
0.0159980294
0.0187171763
0.0226558583
0.0251983568
0.0275732435
0.0328687978
0.0382100130
0.0444009546
0.0491153748
0.0508416795
0.0518634601
0.0520666760
0.0520762381
0.0518036421
0.0491938156
0.0464055320
0.0419078651
0.0350141738
0.0286227423
0.0265060852
0.0250375794
0.0199869706
0.0151313185
0.0126425230
0.0111101183
0.0087073838
0.0065254745
0.0052661911
0.0061355815
0.0062027220
0.0059975968
0.0058561249
0.0068091049
0.0080001523
0.0086519767
0.0084401492
0.0101475954
0.0119228972
0.0108896734
0.0098686709
0.0097768208
0.0109743537
0.0096781037
0.0047803517
-0.0013263293
-0.0085428567
-0.0165110608
-0.0263834223
-0.0346486195
-0.0382463443
-0.0392990920
-0.0398683708
-0.0421267348
-0.0421616316
-0.0401307494
-0.0390254940
-0.0336049826
-0.0288604372
-0.0269360412
-0.0227156691
-0.0198110786
-0.0194749466
-0.0210406666
-0.0227918614
-0.0243628833
-0.0287029646
-0.0313476517
-0.0309275100
-0.0310720325
-0.0330561895
-0.0339149112
-0.0320453538
-0.0312100846
-0.0312797447
-0.0295300677
-0.0266759581
-0.0264599564
-0.0263211761
-0.0244031810
-0.0207828227
-0.0174894785
-0.0152592760
-0.0100830631
-0.0071348699
-0.0043385668
-0.0014241139
0.0049149415
0.0082888763
0.0121757984
0.0166907562
0.0201445394
0.0238790790
0.0261125205
0.0264243340
0.0266155697
0.0269995932
0.0283712092
0.0280112066
0.0259069252
0.0238162900
0.0229421281
0.0228315758
0.0209963650
0.0195096241
0.0205863062
0.0192428445
0.0152872679
0.0124994226
0.0109972985
0.0092382989
0.0081146214
0.0096862529
0.0102210189
0.0118983083
0.0176758929
0.0210949300
0.0228787694
0.0301089480
0.0376626548
0.0417911654
0.0428255050
0.0425937312
0.0458428178
0.0491220445
0.0495366262
0.0522696939
0.0554577364
0.0559051392
0.0556194620
0.0549921677
0.0532025391
0.0500018768
0.0446638549
0.0370833526
0.0293190860
0.0209398891
0.0128508021
0.0084443348
0.0046827905
-0.0008657060
-0.0037471270
-0.0052868101
-0.0060698723
-0.0060397264
-0.0088075453
-0.0086172229
-0.0068937533
-0.0058814985
-0.0075565018
-0.0081391376
-0.0051025978
-0.0066718453
-0.0105142868
-0.0128402228
-0.0144243296
-0.0178244763
-0.0243574167
-0.0307822865
-0.0361650572
-0.0413615865
-0.0451968063
-0.0496096026
-0.0522851785
-0.0519469387
-0.0501443458
-0.0467548160
-0.0438611476
-0.0397364934
-0.0341030067
-0.0312636967
-0.0314639821
-0.0278978967
-0.0260684188
-0.0281316334
-0.0322158830
-0.0371256119
-0.0413582085
-0.0433076267
-0.0483910823
-0.0519153963
-0.0542013415
-0.0544615164
-0.0536431436
-0.0522836664
-0.0496079308
-0.0467791166
-0.0441476777
-0.0424876084
-0.0412835946
-0.0388814429
-0.0365975936
-0.0348033009
-0.0330982839
-0.0302231927
-0.0243702478
-0.0205740767
-0.0181165488
-0.0147734550
-0.0113315654
-0.0082546079
-0.0066158602
-0.0049987075
-0.0028657363
-0.0050966209
-0.0094932481
-0.0079468605
-0.0061035821
-0.0068711744
-0.0097791601
-0.0123559353
-0.0137963811
-0.0147039460
-0.0172157818
-0.0184175193
-0.0173825318
-0.0160972610
-0.0145731042
-0.0130252709
-0.0109209786
-0.0078061783
-0.0068900834
-0.0044395188
-0.0016984552
-0.0001089788
0.0032886871
0.0070614698
0.0106189081
0.0143259497
0.0167175501
0.0203446248
0.0259721095
0.0309822872
0.0340218466
0.0361760114
0.0395146681
0.0428310633
0.0441706618
0.0440921818
0.0412047474
0.0383243782
0.0369054402
0.0331855799
0.0290240970
0.0249851241
0.0218146996
0.0201294367
0.0167127058
0.0128546240
0.0106665915
0.0073789288
0.0030239348
0.0013601246
0.0006085554
-0.0010033148
-0.0017222076
-0.0023602818
-0.0015033186
-0.0015048170
-0.0014057402
-0.0002380492
0.0001846521
0.0011371252
0.0023737881
0.0025283289
0.0016329239
0.0028161539
0.0048074590
0.0066331776
0.0074554816
0.0097348733
0.0148531467
0.0182942924
0.0211288297
0.0237896023
0.0255704025
0.0274037935
0.0286303788
0.0290271057
0.0299602924
0.0300346171
0.0302437867
0.0302420532
0.0306238434
0.0319190428
0.0328950701
0.0344687373
0.0345879267
0.0332815088
0.0312723019
0.0277426816
0.0251900352
0.0229563276
0.0197354114
0.0183446247
0.0163026325
0.0134039910
0.0116543481
0.0095322038
0.0083371800
0.0063860751
0.0037382260
0.0012244930
-0.0014505152
-0.0049159599
-0.0074795923
-0.0097593856
-0.0122080026
-0.0143983625
-0.0157635376
-0.0154870467
-0.0157807104
-0.0162785366
-0.0160491094
-0.0156332311
-0.0128916573
-0.0091068671
-0.0063232625
-0.0027035989
0.0030870427
0.0081268142
0.0125226351
0.0172418805
0.0219765658
0.0264494023
0.0304459912
0.0334010916
0.0357141724
0.0364205954
0.0360981105
0.0355544227
0.0342576001
0.0320059475
0.0293571521
0.0273129156
0.0247023848
0.0219928925
0.0196430272
0.0172434986
0.0135152024
0.0115677894
0.0093358212
0.0062315217
0.0030693367
0.0001325453
-0.0015145463
-0.0021964667
-0.0024874677
-0.0034381536
-0.0030095060
-0.0012337245
0.0012802528
0.0051650125
0.0087476048
0.0111659743
0.0130682183
0.0145816706
0.0142708713
0.0100924776
0.0054553454
0.0033653148
-0.0011741868
-0.0063808977
-0.0115317812
-0.0171958427
-0.0216148929
-0.0245357923
-0.0287502149
-0.0322181397
-0.0326462043
-0.0321847236
-0.0305838702
-0.0278681082
-0.0242893373
-0.0197537199
-0.0144354531
-0.0089142245
-0.0056049050
-0.0023524107
0.0017131587
0.0049424186
0.0061217308
0.0061100648
0.0057194019
0.0040731880
0.0008780360
-0.0033127745
-0.0074697149
-0.0106235534
-0.0127161917
-0.0137207553
-0.0138493100
-0.0107951096
-0.0067979033
-0.0015284471
0.0037828216
0.0079617010
0.0117875354
0.0161372645
0.0201273280
0.0230876593
0.0268271234
0.0291475272
0.0292412293
0.0272835087
0.0255003335
0.0249480582
0.0258241961
0.0272007710
0.0280270367
0.0292644118
0.0300596770
0.0296544393
0.0286708862
0.0288511707
0.0280885800
0.0275507305
0.0270681092
0.0257003872
0.0251674919
0.0243429824
0.0234028121
0.0209090396
0.0181471987
0.0155539546
0.0118213131
0.0070001672
0.0029747106
-0.0003725527
-0.0030101164
-0.0062511088
-0.0101264703
-0.0137476448
-0.0169258472
-0.0197896796
-0.0223076772
-0.0246196484
-0.0252998039
-0.0265757854
-0.0283639294
-0.0300197356
-0.0312006213
-0.0306319308
-0.0292404739
-0.0293385728
-0.0288236626
-0.0257216459
-0.0218272063
-0.0199555719
-0.0195468334
-0.0182309739
-0.0175159073
-0.0172612893
-0.0179031051
-0.0182379824
-0.0186530197
-0.0209763947
-0.0229885071
-0.0240324884
-0.0260981645
-0.0280346173
-0.0291301459
-0.0300696815
-0.0307071777
-0.0318156559
-0.0332935939
-0.0347417572
-0.0351508083
-0.0352212904
-0.0354293693
-0.0351827279
-0.0337277565
-0.0316085332
-0.0283958718
-0.0242534891
-0.0183028297
-0.0112452073
-0.0061815516
-0.0033493185
-0.0016958166
-0.0005572934
-0.0011150688
-0.0016904831
-0.0031836989
-0.0064056114
-0.0103669340
-0.0143237084
-0.0188024675
-0.0216528251
-0.0234480448
-0.0252343715
-0.0255362634
-0.0251110296
-0.0250918996
-0.0248341055
-0.0241817636
-0.0231380621
-0.0212524934
-0.0197228397
-0.0178344074
-0.0152668601
-0.0132461796
-0.0117342557
-0.0098981920
-0.0086612852
-0.0077170433
-0.0064819156
-0.0060135092
-0.0047791059
-0.0033287941
-0.0032250028
-0.0024201704
-0.0007367084
-0.0002282448
0.0014365333
0.0038893372
0.0064378112
0.0103687349
0.0146651535
0.0164314252
0.0183680020
0.0202995576
0.0227638944
0.0254329386
0.0274246617
0.0286963897
0.0298683967
0.0303283391
0.0310020899
0.0316853163
0.0319766577
0.0327526895
0.0340102804
0.0349583415
0.0342963883
0.0339976985
0.0350426337
0.0363325126
0.0354414087
0.0333118739
0.0320508523
0.0311451392
0.0307999893
0.0299414843
0.0287725485
0.0279812994
0.0273380247
0.0263129579
0.0255063379
0.0245664549
0.0240977195
0.0230177717
0.0211789239
0.0196745057
0.0186771277
0.0175736291
0.0167486174
0.0156590548
0.0140716280
0.0138258768
0.0133990867
0.0119125857
0.0103744012
0.0083275269
0.0063751311
0.0044750681
0.0013053782
-0.0024577253
-0.0058709350
-0.0086974826
-0.0116816059
-0.0137277295
-0.0151796676
-0.0168992560
-0.0185387721
-0.0195949676
-0.0198505838
-0.0203782990
-0.0220193319
-0.0232208914
-0.0247060352
-0.0267409135
-0.0288014884
-0.0303479732
-0.0306286292
-0.0308412012
-0.0315959065
-0.0304667838
-0.0279814471
-0.0256042464
-0.0225889984
-0.0184171763
-0.0140400646
-0.0101202179
-0.0065193184
-0.0028358222
-0.0008431629
-0.0013198427
-0.0021110569
-0.0027660682
-0.0049692084
-0.0080544628
-0.0121190063
-0.0164957125
-0.0198173454
-0.0236328600
-0.0279982098
-0.0296051752
-0.0313850094
-0.0324106434
-0.0336503962
-0.0350717741
-0.0355597145
-0.0351405480
-0.0342760200
-0.0343350770
-0.0344587102
-0.0337055196
-0.0335801135
-0.0343234857
-0.0353958112
-0.0352935264
-0.0346711904
-0.0349879947
-0.0346822547
-0.0342012961
-0.0344082955
-0.0331240271
-0.0302390625
-0.0266289702
-0.0235561153
-0.0204844553
-0.0168615185
-0.0142100399
-0.0123468387
-0.0110557893
-0.0094745268
-0.0089037027
-0.0092249435
-0.0094468783
-0.0092704174
-0.0091764352
-0.0086728902
-0.0082596439
-0.0074736710
-0.0065258923
-0.0056392152
-0.0051752590
-0.0040039221
-0.0029931641
-0.0024194139
-0.0022170530
-0.0012549280
0.0006898643
0.0022556609
0.0030763950
0.0045308710
0.0062909832
0.0078304518
0.0091468742
0.0094028218
0.0094613012
0.0104791384
0.0119297971
0.0124359268
0.0127847910
0.0135543112
0.0134984707
0.0130412821
0.0120453748
0.0113138950
0.0107319242
0.0108192955
0.0109189139
0.0108591893
0.0115523164
0.0129048587
0.0142137903
0.0153342452
0.0161000986
0.0169073342
0.0178417090
0.0180890962
0.0172623957
0.0168741340
0.0171516969
0.0167623146
0.0168893373
0.0179600567
0.0199118538
0.0229690580
0.0258131988
0.0285950589
0.0319478370
0.0353775370
0.0382964503
0.0408005511
0.0441477848
0.0479311315
0.0506973070
0.0512462588
0.0517504501
0.0530196525
0.0541283930
0.0529986072
0.0502258617
0.0472700720
0.0434867912
0.0373735259
0.0304838372
0.0243622965
0.0195114272
0.0150351017
0.0110418534
0.0066390325
0.0028441782
0.0022736677
0.0014813012
-0.0009229540
-0.0020221782
-0.0025226157
-0.0030631459
-0.0040343621
-0.0056647234
-0.0076232103
-0.0075606243
-0.0075170945
-0.0077189794
-0.0078351258
-0.0072508390
-0.0041771801
-0.0028490559
-0.0020140595
-0.0000325220
0.0034680431
0.0060149524
0.0078389916
0.0092681666
0.0107641273
0.0107833706
0.0078969462
0.0044494327
0.0002476921
-0.0029669091
-0.0067762207
-0.0112915351
-0.0151077310
-0.0177673052
-0.0186838356
-0.0199538554
-0.0221520217
-0.0237557566
-0.0240480627
-0.0233911988
-0.0223284801
-0.0208810102
-0.0194995629
-0.0182742711
-0.0158756593
-0.0149885015
-0.0157288182
-0.0157977516
-0.0157240388
-0.0162850646
-0.0167771373
-0.0175536596
-0.0184696908
-0.0182270187
-0.0175428093
-0.0169657426
-0.0160865485
-0.0139727526
-0.0117988633
-0.0094633086
-0.0070709237
-0.0064944931
-0.0060275032
-0.0051490507
-0.0050726504
-0.0056008738
-0.0071353077
-0.0089977629
-0.0106127281
-0.0126661144
-0.0155796366
-0.0188055434
-0.0212017838
-0.0228430088
-0.0247064307
-0.0266947901
-0.0278879703
-0.0277908627
-0.0275165304
-0.0278579836
-0.0274934865
-0.0274191565
-0.0260991308
-0.0238166107
-0.0230287020
-0.0223704040
-0.0205087157
-0.0192137255
-0.0189594949
-0.0184466399
-0.0174365625
-0.0162067418
-0.0156158938
-0.0148659222
-0.0136296802
-0.0126925600
-0.0123053169
-0.0119372731
-0.0112692681
-0.0108802517
-0.0114593828
-0.0113706503
-0.0101342557
-0.0086716294
-0.0070104802
-0.0060053680
-0.0049055042
-0.0020234707
-0.0002623846
0.0024197890
0.0035716706
0.0051003209
0.0078882014
0.0097088841
0.0102569267
0.0111750652
0.0125660502
0.0137405223
0.0139267650
0.0137023235
0.0132469834
0.0129721456
0.0126560658
0.0125282409
0.0121248488
0.0110487522
0.0104444008
0.0107924219
0.0116612370
0.0125834514
0.0128208274
0.0130290111
0.0138248978
0.0140964512
0.0141147600
0.0143180835
0.0143071899
0.0135343708
0.0124291630
0.0099061272
0.0094274425
0.0089743535
0.0070678491
0.0056776063
0.0055844853
0.0064559529
0.0081449861
0.0096933591
0.0116185930
0.0139285328
0.0154755364
0.0166955898
0.0188335812
0.0206279154
0.0215534590
0.0220248143
0.0223966666
0.0232024152
0.0239400371
0.0238377366
0.0238490695
0.0245898047
0.0241827686
0.0227104537
0.0218569772
0.0212823664
0.0199101541
0.0172909396
0.0133264046
0.0115970400
0.0093109952
0.0072814277
0.0052929788
0.0028516780
0.0009589974
0.0004928237
0.0003109495
0.0002372135
0.0008961730
0.0026347471
0.0047022764
0.0057648072
0.0057342011
0.0061284710
0.0070981868
0.0081682469
0.0078596578
0.0063664608
0.0067759388
0.0079483134
0.0079862897
0.0075936710
0.0071027986
0.0083563202
0.0086438711
0.0069672264
0.0062518851
0.0061388491
0.0056821479
0.0053759987
0.0036432207
0.0014854376
0.0008065179
-0.0000497533
-0.0013980147
-0.0030374018
-0.0045642598
-0.0053795478
-0.0061391374
-0.0080788075
-0.0101401873
-0.0108876876
-0.0111243875
-0.0115295969
-0.0110994681
-0.0098083485
-0.0069624340
-0.0042225181
-0.0022633936
0.0005098858
0.0032351840
0.0053201702
0.0066968895
0.0074567474
0.0082087405
0.0088703593
0.0086485787
0.0078266763
0.0074262975
0.0071597646
0.0063778603
0.0056896178
0.0055054413
0.0057696439
0.0052954210
0.0036032061
0.0019264877
0.0005476215
-0.0014548603
-0.0037908041
-0.0059071362
-0.0076776675
-0.0097137967
-0.0126555418
-0.0151166862
-0.0153303597
-0.0160025605
-0.0173193970
-0.0180251065
-0.0184731461
-0.0195894541
-0.0209164755
-0.0218586630
-0.0222265496
-0.0223691869
-0.0221203520
-0.0214677643
-0.0207126040
-0.0204136996
-0.0201995463
-0.0190317427
-0.0174368388
-0.0160828682
-0.0151728259
-0.0147568914
-0.0145551644
-0.0142720626
-0.0145220934
-0.0148735781
-0.0148024530
-0.0149722342
-0.0154844748
-0.0159141661
-0.0159903642
-0.0160018911
-0.0156509450
-0.0157851213
-0.0157576777
-0.0150866440
-0.0146922813
-0.0136565358
-0.0128740712
-0.0116577244
-0.0088855057
-0.0059368814
-0.0030208183
0.0001050734
0.0027590160
0.0058648003
0.0096463475
0.0132562964
0.0151082612
0.0180767920
0.0212794384
0.0255351433
0.0295074040
0.0321614117
0.0346814792
0.0368258858
0.0385150289
0.0395482667
0.0389955451
0.0385499262
0.0374729859
0.0345746126
0.0309702567
0.0272443342
0.0238596866
0.0210771973
0.0188301905
0.0172902871
0.0159779272
0.0156214194
0.0157322584
0.0165971259
0.0178858197
0.0189468805
0.0199511485
0.0202928940
0.0208554942
0.0215864830
0.0216895937
0.0208212175
0.0192200755
0.0179723732
0.0153997832
0.0121824194
0.0095562579
0.0071285426
0.0047812488
0.0025621298
0.0004869797
-0.0011778077
-0.0035206239
-0.0054519790
-0.0072069894
-0.0091606234
-0.0114052525
-0.0135775121
-0.0155712038
-0.0175013433
-0.0193768085
-0.0201704746
-0.0210074948
-0.0214062560
-0.0213989583
-0.0211620627
-0.0201330813
-0.0184168577
-0.0159835891
-0.0131744084
-0.0096915695
-0.0078750064
-0.0046085215
-0.0018550277
0.0001656429
0.0019119999
0.0030058603
0.0034205063
0.0031938214
0.0020324705
0.0003234961
-0.0016118859
-0.0036956019
-0.0058439859
-0.0068747922
-0.0066786784
-0.0063888507
-0.0058692260
-0.0049369282
-0.0037012124
-0.0017271110
-0.0000139570
0.0016277990
0.0035975207
0.0051835605
0.0057033869
0.0061618431
0.0065066021
0.0064475812
0.0068793309
0.0070590392
0.0070157113
0.0072177641
0.0078146774
0.0085365342
0.0087174943
0.0090300658
0.0093616164
0.0097824185
0.0111780830
0.0115643802
0.0114443011
0.0119254469
0.0121289137
0.0121059635
0.0120517511
0.0115804845
0.0111114537
0.0102755235
0.0085249638
0.0069116814
0.0048232296
0.0026656803
0.0008627788
-0.0003009473
-0.0011769269
-0.0021275576
-0.0028417557
-0.0035503082
-0.0038997484
-0.0044264462
-0.0045504901
-0.0040197749
-0.0039597495
-0.0041048846
-0.0044229024
-0.0051647001
-0.0056957154
-0.0067240985
-0.0088232440
-0.0104148340
-0.0119841640
-0.0140486107
-0.0161755693
-0.0181752833
-0.0200223002
-0.0212133468
-0.0221589540
-0.0232083076
-0.0239832893
-0.0237633424
-0.0230536696
-0.0232173308
-0.0239598707
-0.0233059523
-0.0217473601
-0.0207476148
-0.0201169933
-0.0198098329
-0.0193029513
-0.0185908498
-0.0185881353
-0.0185028235
-0.0176443948
-0.0161213514
-0.0140617144
-0.0117110193
-0.0086853914
-0.0059330935
-0.0035989406
-0.0012503325
0.0012177343
0.0033734413
0.0053686525
0.0070091412
0.0077875378
0.0085815316
0.0091146416
0.0094480419
0.0093264107
0.0089728124
0.0087185357
0.0084207510
0.0078709370
0.0074761613
0.0075153220
0.0075232524
0.0072813728
0.0072057061
0.0070553489
0.0066250546
0.0064546634
0.0065140648
0.0065267029
0.0064723975
0.0066868686
0.0069906491
0.0065136896
0.0062174733
0.0051371552
0.0040111507
0.0027580095
0.0008802905
-0.0002345183
-0.0012076142
-0.0021327729
-0.0023507386
-0.0023913514
-0.0022768762
-0.0019014141
-0.0014132513
-0.0014816243
-0.0022336844
-0.0023734204
-0.0023045216
-0.0029316026
-0.0037426805
-0.0049519426
-0.0064143485
-0.0076793207
-0.0092208708
-0.0104802499
-0.0112889798
-0.0115902026
-0.0118746751
-0.0118323682
-0.0115457185
-0.0112020999
-0.0106510761
-0.0099360459
-0.0090492542
-0.0081066239
-0.0073223949
-0.0061365936
-0.0051493121
-0.0042021236
-0.0030686915
-0.0021727636
-0.0017698313
-0.0019825331
-0.0026648026
-0.0034072881
-0.0039634949
-0.0044727921
-0.0052765692
-0.0054523709
-0.0053292463
-0.0054414045
-0.0061424827
-0.0067978087
-0.0064259064
-0.0057694947
-0.0058525841
-0.0059780262
-0.0055279506
-0.0042435268
-0.0029825397
-0.0016779942
-0.0003254909
0.0005865155
0.0013133404
0.0011769398
0.0005040273
0.0001813867
-0.0003721529
-0.0006668874
-0.0010876632
-0.0020482257
-0.0027411264
-0.0033603679
-0.0039472700
-0.0042039815
-0.0047317498
-0.0048612874
-0.0050611117
-0.0048749388
-0.0039939624
-0.0035345079
-0.0023969749
-0.0001372814
0.0016159744
0.0035366362
0.0058297782
0.0079768959
0.0088903697
0.0110040592
0.0128176937
0.0136855507
0.0150519328
0.0160961464
0.0174369153
0.0191401682
0.0202077021
0.0213534031
0.0224287834
0.0230167869
0.0234687189
0.0243267335
0.0249638864
0.0250934740
0.0248450677
0.0237411814
0.0218699508
0.0191208991
0.0160261315
0.0131343493
0.0101076116
0.0075046314
0.0049742438
0.0025988405
0.0009830349
0.0005138168
0.0004495038
0.0007934054
0.0019448483
0.0026802834
0.0044139590
0.0063674202
0.0081669507
0.0102308753
0.0124989052
0.0134007844
0.0137749739
0.0141345060
0.0142410279
0.0139348199
0.0130776887
0.0118412770
0.0104041717
0.0088990057
0.0068138910
0.0043572982
0.0025532611
0.0006476838
-0.0006354742
-0.0017959791
-0.0030824738
-0.0039485200
-0.0041040372
-0.0038435265
-0.0033465342
-0.0025104785
-0.0016431747
-0.0006152624
0.0004662128
0.0012275838
0.0015550863
0.0021413500
0.0023986052
0.0022219733
0.0021636045
0.0017226372
0.0011222036
0.0006277164
0.0010589917
0.0016218653
0.0021144988
0.0030588438
0.0042485988
0.0049654234
0.0053365021
0.0065385323
0.0077461639
0.0077714796
0.0076183675
0.0079626981
0.0082668987
0.0086123414
0.0092210363
0.0104588295
0.0109303668
0.0106277714
0.0112431736
0.0129159396
0.0130975274
0.0113974267
0.0107268581
0.0103038743
0.0095931860
0.0069528292
0.0039065617
0.0022265241
0.0008677875
-0.0017558288
-0.0042935088
-0.0048671428
-0.0056235769
-0.0072076583
-0.0081503722
-0.0087128058
-0.0091558285
-0.0091772860
-0.0096838795
-0.0108352205
-0.0111366101
-0.0113275723
-0.0113724171
-0.0114942544
-0.0119651655
-0.0126100946
-0.0134814079
-0.0131359739
-0.0123844591
-0.0119965071
-0.0120759244
-0.0121286177
-0.0116503548
-0.0110404995
-0.0106704201
-0.0108491454
-0.0109486435
-0.0108317577
-0.0110483541
-0.0115516568
-0.0117649096
-0.0122369602
-0.0124323688
-0.0126334554
-0.0133374703
-0.0136343462
-0.0138465005
-0.0148316120
-0.0152913899
-0.0155336516
-0.0164128079
-0.0178396524
-0.0186195447
-0.0192510510
-0.0203064741
-0.0214165405
-0.0217057256
-0.0212732297
-0.0206121091
-0.0200636866
-0.0194159767
-0.0179282909
-0.0164641302
-0.0151906539
-0.0133093641
-0.0122087398
-0.0111527949
-0.0101548290
-0.0101986213
-0.0104074483
-0.0102594273
-0.0096674619
-0.0086639637
-0.0081500490
-0.0082552148
-0.0087864602
-0.0082079404
-0.0066778993
-0.0048847478
-0.0034874575
-0.0035023051
-0.0037100552
-0.0019738131
-0.0000712890
0.0004904967
0.0010434152
0.0021528277
0.0031697402
0.0045836473
0.0040446236
0.0036404513
0.0073766122
0.0089444637
0.0075075324
0.0065813845
0.0087838618
0.0109640147
0.0098137327
0.0094920962
0.0105134181
0.0124091207
0.0133813500
0.0122499716
0.0128641509
0.0162020034
0.0171697775
0.0163863866
0.0176497788
0.0190815082
0.0192862476
0.0184883739
0.0173982493
0.0181205814
0.0186923244
0.0167946994
0.0146940633
0.0147248547
0.0137908213
0.0123582620
0.0112301807
0.0099582235
0.0083326579
0.0063825604
0.0044681087
0.0029172769
0.0014310958
-0.0001643552
-0.0015925531
-0.0031969502
-0.0038879095
-0.0040735804
-0.0039704109
-0.0040423308
-0.0034740606
-0.0024161304
-0.0012299317
0.0003667208
0.0015217013
0.0023498733
0.0035182546
0.0032500446
0.0027352806
0.0026968067
0.0021798161
0.0012579806
-0.0001992757
-0.0013899485
-0.0021802300
-0.0026816110
-0.0038198966
-0.0050474112
-0.0048707138
-0.0040303525
-0.0036260929
-0.0040684123
-0.0033842344
-0.0019917760
-0.0015384492
-0.0014877845
-0.0016055484
-0.0019921277
-0.0013191169
-0.0006003762
-0.0010081525
-0.0003005919
0.0003367219
0.0006315939
0.0009342846
0.0013139053
0.0032728933
0.0052017841
0.0050561242
0.0052740238
0.0064633900
0.0072512509
0.0069717105
0.0068750734
0.0070840474
0.0073566002
0.0069498871
0.0063647163
0.0059077807
0.0052657276
0.0044674793
0.0027925945
0.0016396426
0.0011358708
0.0000107973
-0.0010919437
-0.0022125649
-0.0026516880
-0.0032514574
-0.0037630954
-0.0042647152
-0.0049380858
-0.0051609030
-0.0053446500
-0.0048748134
-0.0039108629
-0.0026892717
-0.0017018860
-0.0015934242
-0.0007387746
0.0001716460
0.0001775293
-0.0007713755
-0.0017961204
-0.0019330595
-0.0028150290
-0.0041755235
-0.0050764789
-0.0058882542
-0.0065561107
-0.0066540341
-0.0067764883
-0.0073094259
-0.0070515522
-0.0070334850
-0.0073556033
-0.0080302274
-0.0087036942
-0.0095756890
-0.0099290550
-0.0114245685
-0.0131453808
-0.0143297307
-0.0151080708
-0.0161519261
-0.0171411101
-0.0177119929
-0.0179260086
-0.0180942981
-0.0179290983
-0.0175385658
-0.0178830930
-0.0172227395
-0.0162444559
-0.0150441075
-0.0133620383
-0.0129425050
-0.0118281946
-0.0097311545
-0.0088800481
-0.0078091665
-0.0067684610
-0.0051454624
-0.0030507432
-0.0021348875
-0.0010585036
0.0005745287
0.0013174234
0.0026191845
0.0036833138
0.0041574567
0.0050018371
0.0065746175
0.0069773313
0.0068536333
0.0072697133
0.0079167413
0.0083272509
0.0082994510
0.0083496811
0.0086007269
0.0086665586
0.0092856677
0.0102103327
0.0111964557
0.0123341480
0.0133179179
0.0139838073
0.0141177116
0.0149508887
0.0167689824
0.0172887827
0.0166888029
0.0165304365
0.0172007694
0.0175064215
0.0167636210
0.0171339481
0.0175823480
0.0170314047
0.0151599055
0.0137578928
0.0143144176
0.0144103631
0.0125466066
0.0117279296
0.0122610452
0.0126648103
0.0113141332
0.0105043638
0.0114122165
0.0121907454
0.0113007040
0.0094625906
0.0089896231
0.0089517101
0.0074002552
0.0053691766
0.0053556908
0.0049809256
0.0040116100
0.0035107932
0.0033088443
0.0038118483
0.0040348728
0.0038017465
0.0037470338
0.0034793402
0.0030621409
0.0022434502
0.0011135205
-0.0002784710
-0.0003655549
-0.0013716204
-0.0035276933
-0.0053268154
-0.0061656804
-0.0068338187
-0.0085337227
-0.0098900681
-0.0099303619
-0.0106241770
-0.0115321660
-0.0126777104
-0.0134028320
-0.0139806828
-0.0143243314
-0.0142307375
-0.0145577251
-0.0144429641
-0.0133577179
-0.0120617590
-0.0122960537
-0.0123151406
-0.0101324644
-0.0079252692
-0.0067408474
-0.0061743554
-0.0053680351
-0.0020990274
0.0001729108
0.0000501280
0.0004348539
0.0016873078
0.0022237341
0.0016336174
0.0011003749
0.0025881459
0.0044919919
0.0044841046
0.0039932608
0.0040656612
0.0043076201
0.0036550668
0.0015904373
-0.0008511602
-0.0033653005
-0.0066568243
-0.0104190845
-0.0114041029
-0.0111979548
-0.0119007704
-0.0120257628
-0.0113098520
-0.0105158419
-0.0103219210
-0.0089222656
-0.0064362896
-0.0042714699
-0.0032120110
-0.0017364729
-0.0007082556
0.0012368246
0.0038276719
0.0057248314
0.0062712375
0.0075281849
0.0088575946
0.0086076523
0.0073828789
0.0072556133
0.0077931002
0.0079569510
0.0074393329
0.0061063893
0.0052530093
0.0052194336
0.0043036208
0.0029594815
0.0026526296
0.0031466076
0.0034855793
0.0027883898
0.0013762249
0.0005808299
-0.0003037668
-0.0018219007
-0.0031236731
-0.0029342207
-0.0019283121
-0.0011365316
0.0004917466
0.0016493735
0.0026140204
0.0038631176
0.0048188661
0.0043826602
0.0040992286
0.0048809999
0.0045407095
0.0028128906
0.0024190273
0.0030301242
0.0027389100
0.0016635796
0.0002369244
-0.0004368990
-0.0011051142
-0.0029991222
-0.0050202945
-0.0059082881
-0.0056050675
-0.0056777076
-0.0060080115
-0.0044098822
-0.0022004962
-0.0003524320
0.0008609361
0.0021501862
0.0037896406
0.0041932947
0.0051211440
0.0059787660
0.0066645903
0.0073838802
0.0081332696
0.0090890477
0.0096388104
0.0096543123
0.0107149018
0.0117822608
0.0113137217
0.0107023431
0.0107870101
0.0108270508
0.0108459357
0.0100673035
0.0092775392
0.0088246198
0.0078073417
0.0064531403
0.0052585161
0.0038842580
0.0031859578
0.0016443952
-0.0006912502
-0.0025373533
-0.0032825327
-0.0031923233
-0.0028377439
-0.0029047995
-0.0029640147
-0.0024031158
-0.0018143057
-0.0028439068
-0.0035745662
-0.0041613660
-0.0051418642
-0.0060811337
-0.0069222165
-0.0069769908
-0.0068153690
-0.0064262555
-0.0060036306
-0.0055631627
-0.0053680749
-0.0056715694
-0.0061858488
-0.0061926564
-0.0061314065
-0.0064951364
-0.0068075435
-0.0066749146
-0.0054804752
-0.0046853344
-0.0047512448
-0.0041981307
-0.0042551027
-0.0048865228
-0.0052569157
-0.0058882868
-0.0064126029
-0.0074722915
-0.0087706679
-0.0094243743
-0.0099007400
-0.0086371649
-0.0078208244
-0.0067813777
-0.0053460165
-0.0043355882
-0.0040111006
-0.0046279779
-0.0055694258
-0.0064674064
-0.0065745757
-0.0066705607
-0.0076744632
-0.0093844019
-0.0118884656
-0.0134902232
-0.0153551943
-0.0172146549
-0.0174802312
-0.0172873156
-0.0165000015
-0.0155654704
-0.0141368006
-0.0120812753
-0.0103949482
-0.0093499608
-0.0090087464
-0.0089262339
-0.0086709135
-0.0084791379
-0.0081970623
-0.0080800071
-0.0075581222
-0.0070395528
-0.0060369632
-0.0041687885
-0.0021467482
-0.0006477445
0.0000715568
0.0010385173
0.0019652950
0.0024470986
0.0024246951
0.0027458554
0.0025282749
0.0018612324
0.0015811815
0.0012543206
0.0014137317
0.0011682976
0.0003361459
-0.0000732622
-0.0001514218
-0.0001882940
-0.0003579341
0.0000011600
0.0001125983
0.0007661471
0.0021803167
0.0040730307
0.0063270819
0.0074647145
0.0095514593
0.0112668474
0.0120977061
0.0128037228
0.0137829254
0.0143974278
0.0147911005
0.0146516313
0.0146917356
0.0142087363
0.0134580397
0.0125445568
0.0116187384
0.0118339009
0.0122019130
0.0120468102
0.0124348885
0.0130014362
0.0128887408
0.0123488739
0.0118067545
0.0122093236
0.0125717625
0.0119761294
0.0114529506
0.0120317820
0.0124555787
0.0118075923
0.0110513283
0.0109229235
0.0102291261
0.0098866455
0.0094148023
0.0087075873
0.0083417032
0.0081788207
0.0078241022
0.0065525119
0.0055743054
0.0051927927
0.0046451184
0.0039814091
0.0033590019
0.0027778524
0.0020115657
0.0012597333
0.0007544432
0.0001308975
-0.0006454342
-0.0011942586
-0.0014229392
-0.0018803007
-0.0022283409
-0.0025607690
-0.0025463095
-0.0022753391
-0.0022776071
-0.0023178238
-0.0027126835
-0.0031934781
-0.0039095710
-0.0047372052
-0.0058157986
-0.0060946993
-0.0060880483
-0.0067773887
-0.0073016577
-0.0069080024
-0.0062488653
-0.0060001749
-0.0055440362
-0.0051804720
-0.0046429045
-0.0044678312
-0.0049418908
-0.0049285687
-0.0053870148
-0.0060852521
-0.0072686831
-0.0084376444
-0.0089262163
-0.0089050782
-0.0088415461
-0.0086051652
-0.0080743098
-0.0071787022
-0.0059117094
-0.0048878493
-0.0036699195
-0.0024508518
-0.0022043950
-0.0019021643
-0.0012486015
-0.0006719775
-0.0009151578
-0.0012431142
-0.0010412672
-0.0008461079
-0.0007234462
-0.0012488162
-0.0018043057
-0.0016225349
-0.0017408093
-0.0019059152
-0.0015211637
-0.0014643079
-0.0009568674
-0.0000311413
0.0003815000
0.0006636573
0.0010707207
0.0020365977
0.0029109931
0.0038300299
0.0048014598
0.0058465528
0.0067711491
0.0073968413
0.0078039163
0.0083615885
0.0087441337
0.0087998885
0.0083269602
0.0080838277
0.0077146350
0.0067564775
0.0061731215
0.0054771097
0.0047164205
0.0037504773
0.0029284359
0.0022881905
0.0014527617
0.0007043165
-0.0004378370
-0.0015086245
-0.0016592414
-0.0018856959
-0.0018879595
-0.0012466778
-0.0008808751
-0.0002339937
0.0004876130
0.0010452686
0.0014947303
0.0017735485
0.0020278334
0.0021270811
0.0020322416
0.0017232574
0.0016797415
0.0016640929
0.0015592123
0.0015759284
0.0017008201
0.0024871475
0.0029355107
0.0027436146
0.0027212925
0.0023442713
0.0017497615
0.0010303246
0.0004012424
-0.0000415914
-0.0001843802
-0.0003305249
-0.0004130885
-0.0003395073
0.0000753784
0.0005159181
0.0008594184
0.0013077818
0.0013735643
0.0010623494
0.0008214181
0.0004198542
0.0003205535
0.0005725916
0.0002335122
0.0000817808
0.0005624738
0.0007330910
0.0011256697
0.0013331082
0.0017156494
0.0025398767
0.0028131182
0.0029335688
0.0031912009
0.0036752301
0.0041113200
0.0042049887
0.0048039191
0.0050213895
0.0047090827
0.0044034591
0.0041346469
0.0035066641
0.0028831706
0.0021726568
0.0013997073
0.0006836034
0.0004292953
0.0000957695
-0.0004909178
-0.0013955172
-0.0022744213
-0.0026938415
-0.0035582459
-0.0052123647
-0.0066456230
-0.0074063591
-0.0083878942
-0.0087838827
-0.0093259780
-0.0097409499
-0.0094075016
-0.0086502072
-0.0082587400
-0.0081528519
-0.0070263787
-0.0056923849
-0.0049696667
-0.0043640391
-0.0035308990
-0.0026308117
-0.0019404434
-0.0011150970
0.0003716363
0.0014401472
0.0021037580
0.0030350765
0.0035135374
0.0040176728
0.0045875966
0.0048062197
0.0050694204
0.0053370826
0.0057240939
0.0054017425
0.0051284626
0.0051607847
0.0051328829
0.0051763876
0.0042617897
0.0024905525
0.0017744765
0.0015803826
0.0010182292
-0.0003235727
-0.0021895878
-0.0030295113
-0.0036920512
-0.0048509300
-0.0061291568
-0.0072969830
-0.0070984825
-0.0079160699
-0.0077889603
-0.0071766733
-0.0073283928
-0.0072893800
-0.0059365081
-0.0037202958
-0.0035429784
-0.0032786663
-0.0019748347
-0.0015867030
-0.0011350137
-0.0003643079
-0.0000007199
-0.0009945237
-0.0007514196
0.0003717299
0.0001798668
-0.0003555377
0.0007575504
0.0023223897
0.0025599406
0.0029937960
0.0031688912
0.0036217166
0.0026669692
0.0023435047
0.0026323731
0.0026412592
-0.0001404461
-0.0024258709
-0.0021849710
-0.0035167418
-0.0055177379
-0.0052054996
-0.0029882075
-0.0007887308
0.0004582124
0.0012043731
0.0021222934
0.0023687676
0.0039659390
0.0054348808
0.0046998609
0.0034550766
0.0029219158
0.0031237609
0.0037695417
0.0036200637
0.0032653604
0.0039445808
0.0049528726
0.0039289417
0.0029964903
0.0034069086
0.0022324474
0.0013289618
0.0001991147
-0.0023986146
-0.0028592898
-0.0024298962
-0.0045524265
-0.0058529907
-0.0050878725
-0.0064241071
-0.0077647999
-0.0070856170
-0.0061498443
-0.0069562706
-0.0068280492
-0.0051617377
-0.0035723617
-0.0035467246
-0.0037441731
-0.0027593549
-0.0006926006
-0.0000133454
-0.0009870475
-0.0030304164
-0.0036115335
-0.0046053420
-0.0056069468
-0.0068048964
-0.0075868021
-0.0073024007
-0.0077195546
-0.0093971105
-0.0089543560
-0.0088104980
-0.0100351820
-0.0110870588
-0.0117507522
-0.0107547009
-0.0101334799
-0.0101602724
-0.0099115820
-0.0101123473
-0.0105473909
-0.0098023696
-0.0087930157
-0.0084706771
-0.0072293260
-0.0066593864
-0.0070944302
-0.0060950868
-0.0044243231
-0.0036603020
-0.0034361433
-0.0035510152
-0.0041778857
-0.0046485823
-0.0046865469
-0.0056524525
-0.0066563262
-0.0065292153
-0.0065047321
-0.0063664241
-0.0071394150
-0.0081343514
-0.0068818898
-0.0054698524
-0.0038091455
-0.0021829612
-0.0003214797
0.0018679854
0.0030134157
0.0039625893
0.0063415883
0.0086013306
0.0096040091
0.0104059896
0.0117644535
0.0133605372
0.0135479093
0.0129355900
0.0136114788
0.0138524215
0.0118313682
0.0105085919
0.0097043814
0.0109535375
0.0097188323
0.0075371658
0.0068924494
0.0077356364
0.0079073908
0.0078694595
0.0080211351
0.0085854773
0.0080824574
0.0070418268
0.0054412841
0.0034447482
0.0028993143
0.0025301263
0.0013154703
0.0007387554
0.0023794165
0.0040635839
0.0038081435
0.0043390146
0.0065217547
0.0082193375
0.0077687268
0.0067760129
0.0068931162
0.0068908670
0.0060911494
0.0050560639
0.0028654871
0.0021984673
0.0023936401
0.0026400905
0.0021515528
0.0023020944
0.0028207261
0.0026500483
0.0018614773
0.0023377097
0.0028741994
0.0011107867
-0.0006091152
0.0002362807
0.0016394163
-0.0002132066
-0.0042943267
-0.0050985776
-0.0033073197
-0.0036307810
-0.0060321726
-0.0043268332
-0.0021730720
-0.0043948716
-0.0066077729
-0.0061862181
-0.0054032553
-0.0059531361
-0.0080544881
-0.0085832184
-0.0074221584
-0.0082709515
-0.0098503449
-0.0082376041
-0.0066114243
-0.0065032314
-0.0057793918
-0.0046317062
-0.0047789443
-0.0048838021
-0.0046127900
-0.0053088068
-0.0052374432
-0.0055809849
-0.0054460748
-0.0057048502
-0.0061978926
-0.0051149015
-0.0034307355
-0.0031753264
-0.0038691159
-0.0031675436
-0.0024080094
-0.0024637837
-0.0022407491
-0.0008387472
0.0002765874
0.0000122500
-0.0000245882
0.0006769638
0.0009647025
0.0012256869
0.0012479598
0.0019695961
0.0025629414
0.0026019893
0.0027926805
0.0043374362
0.0049006801
0.0050880520
0.0061520805
0.0070934417
0.0061743791
0.0055776635
0.0055475277
0.0060929035
0.0063617055
0.0057025285
0.0041030981
0.0025649913
0.0014908757
0.0004781055
0.0003230258
0.0005114902
0.0012152278
0.0032931268
0.0068867451
0.0117686662
0.0175361625
0.0225944121
0.0253627818
0.0263498536
0.0272923890
0.0249747476
0.0209829165
0.0167713146
0.0105900451
0.0039000662
-0.0016410801
-0.0056720827
-0.0065990267
-0.0050398386
-0.0018354935
0.0040479856
0.0101634810
0.0149116167
0.0195537698
0.0226065228
0.0232055270
0.0232334666
0.0212760977
0.0176199454
0.0126009116
0.0064865045
0.0007847766
-0.0041072983
-0.0074991280
-0.0079977882
-0.0070564385
-0.0054972204
-0.0029162862
-0.0012198576
0.0008926387
0.0028489652
0.0039777378
0.0031311810
0.0014615126
-0.0000342217
-0.0011328212
-0.0024210954
-0.0044566177
-0.0055162374
-0.0081194537
-0.0109670344
-0.0120121365
-0.0118928379
-0.0117656982
-0.0109526698
-0.0096923149
-0.0083103812
-0.0078608789
-0.0079289542
-0.0078263380
-0.0072196056
-0.0067410928
-0.0079323373
-0.0096243353
-0.0112828624
-0.0128142417
-0.0140077114
-0.0154521149
-0.0153774196
-0.0149736706
-0.0141851556
-0.0131980841
-0.0120425486
-0.0113209218
-0.0100918092
-0.0100761812
-0.0108625074
-0.0108212517
-0.0113209794
-0.0114581691
-0.0114793391
-0.0108670165
-0.0112295214
-0.0111280373
-0.0102435456
-0.0108748289
-0.0116020757
-0.0117437380
-0.0122344859
-0.0122835622
-0.0139945258
-0.0156765234
-0.0165007753
-0.0178994602
-0.0187807294
-0.0185710977
-0.0179910102
-0.0168924362
-0.0153844467
-0.0140404821
-0.0120472996
-0.0108461102
-0.0081915500
-0.0054734422
-0.0038918088
-0.0025299784
-0.0014513883
-0.0010643705
-0.0005479223
-0.0002378620
-0.0005501321
-0.0010330979
-0.0016041326
-0.0024540612
-0.0020335628
-0.0018618222
-0.0019655321
-0.0015461814
-0.0013130603
-0.0006617105
-0.0008122587
-0.0010822107
-0.0003627877
0.0009220806
0.0011228784
0.0008161236
0.0021010444
0.0037472963
0.0044711895
0.0056311385
0.0069941512
0.0076789733
0.0088791378
0.0091735926
0.0089807007
0.0087765938
0.0078597771
0.0066518512
0.0050111799
0.0034875813
0.0022796510
0.0012222564
0.0011988357
0.0019182039
0.0035644692
0.0056903083
0.0079021026
0.0096230870
0.0109180493
0.0126189494
0.0141537634
0.0152099984
0.0165495685
0.0188393924
0.0206430194
0.0209687378
0.0208517027
0.0204435362
0.0182654373
0.0146517132
0.0099492019
0.0072132554
0.0025075141
-0.0006668055
-0.0021480487
-0.0020164543
-0.0031184576
-0.0015402851
0.0040409836
0.0073602687
0.0110867250
0.0160255326
0.0188050556
0.0211149672
0.0233279762
0.0228004661
0.0225572726
0.0220119056
0.0197343724
0.0181974386
0.0169192351
0.0142658365
0.0135754280
0.0129196514
0.0095545780
0.0081090660
0.0081971769
0.0075502976
0.0075781647
0.0078570280
0.0076072260
0.0082128721
0.0086433843
0.0085787043
0.0098925900
0.0127579768
0.0147567028
0.0165268133
0.0184040208
0.0189617790
0.0181876961
0.0189807619
0.0192317736
0.0173446613
0.0163073645
0.0145741943
0.0121628178
0.0102455763
0.0082635278
0.0061577992
0.0050446412
0.0033761541
-0.0001450720
-0.0022095389
-0.0029635586
-0.0052020151
-0.0081599862
-0.0110241511
-0.0127407783
-0.0150818535
-0.0174375623
-0.0184235189
-0.0189222303
-0.0191486264
-0.0176718222
-0.0169869687
-0.0150585215
-0.0131768748
-0.0126358917
-0.0111702745
-0.0109282403
-0.0117613714
-0.0120301400
-0.0128855772
-0.0141838571
-0.0158022121
-0.0161368204
-0.0166241997
-0.0175857077
-0.0176102234
-0.0179258037
-0.0180897284
-0.0187031881
-0.0197549733
-0.0192351931
-0.0186708096
-0.0180852678
-0.0178800527
-0.0169408746
-0.0160117570
-0.0156046505
-0.0143654962
-0.0135077617
-0.0118045950
-0.0097199928
-0.0078327816
-0.0061641074
-0.0054379821
-0.0053196927
-0.0048021431
-0.0045522456
-0.0047786238
-0.0063010454
-0.0076115731
-0.0087625696
-0.0097742007
-0.0103954399
-0.0107869238
-0.0108449037
-0.0099470441
-0.0085517125
-0.0078334092
-0.0079047198
-0.0068295223
-0.0051753958
-0.0045675032
-0.0049868231
-0.0047537039
-0.0037453879
-0.0031363821
-0.0035467691
-0.0038546110
-0.0029756712
-0.0025540438
-0.0027514103
-0.0030815404
-0.0029744268
-0.0023631914
-0.0017295919
-0.0024512047
-0.0030121865
-0.0021433129
-0.0012331129
-0.0014952037
-0.0018911156
-0.0010300545
0.0005136634
0.0004880495
-0.0000985829
0.0001869636
0.0007703524
0.0009243162
-0.0000549092
-0.0012483350
-0.0011568331
-0.0009471253
-0.0012136463
-0.0011132639
-0.0004060813
0.0007316066
0.0020489082
0.0024761147
0.0022285536
0.0026379043
0.0043712316
0.0051029549
0.0041404544
0.0037668398
0.0038472104
0.0042019240
0.0044964149
0.0043336079
0.0043682353
0.0038362484
0.0040794304
0.0038396680
0.0039019229
0.0040356000
0.0044153546
0.0056833824
0.0068825846
0.0076436933
0.0086334676
0.0094837628
0.0098557946
0.0108495419
0.0114272005
0.0111044898
0.0110761105
0.0117392448
0.0112230113
0.0101397808
0.0101992741
0.0104334441
0.0099414496
0.0082275964
0.0078406711
0.0079000350
0.0069182299
0.0070570231
0.0078329449
0.0082918913
0.0088856122
0.0106685619
0.0122701896
0.0129533703
0.0140876251
0.0151486230
0.0157639786
0.0159280258
0.0150678039
0.0146361816
0.0138027173
0.0126127948
0.0121689481
0.0106640433
0.0098405057
0.0098018294
0.0083364775
0.0065735976
0.0055914612
0.0040679600
0.0025232436
0.0005812568
-0.0006890517
-0.0021956655
-0.0033447490
-0.0047690010
-0.0058612168
-0.0069491418
-0.0075736099
-0.0068146092
-0.0065105797
-0.0067342676
-0.0069944165
-0.0057725691
-0.0048836969
-0.0055379072
-0.0060929263
-0.0063452621
-0.0055659318
-0.0051799367
-0.0060153362
-0.0070409583
-0.0067998753
-0.0058829764
-0.0057466291
-0.0068868121
-0.0073494180
-0.0061441860
-0.0053626194
-0.0051470983
-0.0054442872
-0.0051143234
-0.0042279117
-0.0043384774
-0.0053265553
-0.0056923646
-0.0054103211
-0.0055988316
-0.0046963565
-0.0036250202
-0.0027982592
-0.0016805462
-0.0002207714
0.0010615372
0.0016722479
0.0015620001
0.0013264783
0.0017418464
0.0013908502
0.0002793967
-0.0002953347
-0.0007767021
-0.0013352495
-0.0017636171
-0.0031064689
-0.0039371170
-0.0039159809
-0.0038587551
-0.0046933616
-0.0045682527
-0.0042687148
-0.0041370297
-0.0037557504
-0.0034746895
-0.0032818916
-0.0027226621
-0.0023108129
-0.0020170102
-0.0011615565
-0.0007229439
-0.0000801325
0.0011151299
0.0010485829
0.0013501978
0.0016701089
0.0017424121
0.0016405351
0.0007801572
0.0001720435
0.0004159616
-0.0000086027
-0.0008108593
-0.0005592547
-0.0003756839
-0.0005472188
-0.0011241549
-0.0016399412
-0.0024367749
-0.0026202684
-0.0023188489
-0.0018132838
-0.0013387224
-0.0009148732
0.0004962637
0.0011925406
0.0019294092
0.0027212852
0.0035983947
0.0042977827
0.0049617759
0.0054963080
0.0054020121
0.0051936505
0.0056303833
0.0049855421
0.0033815721
0.0022511954
0.0017674211
0.0013368160
-0.0001410176
-0.0013604773
-0.0015481032
-0.0015679243
-0.0018344475
-0.0026187858
-0.0031384368
-0.0030398177
-0.0027873982
-0.0024162820
-0.0017933609
-0.0010753764
-0.0003379559
-0.0003301385
-0.0003030423
0.0005196369
0.0010423166
0.0020194883
0.0026259846
0.0030900583
0.0037461982
0.0037024683
0.0033024543
0.0029221185
0.0026497542
0.0027221322
0.0023695287
0.0014949912
0.0011604979
0.0009439557
0.0001882755
-0.0000618530
0.0002601570
0.0003597196
0.0002182279
0.0000202605
-0.0007134905
-0.0007335291
-0.0007490772
-0.0015142249
-0.0018957551
-0.0018244802
-0.0022074270
-0.0027052080
-0.0030028621
-0.0031830999
-0.0030574656
-0.0027857214
-0.0026129386
-0.0030141495
-0.0025585492
-0.0019608051
-0.0019664767
-0.0018514573
-0.0019424908
-0.0020347200
-0.0016598852
-0.0019204758
-0.0022521383
-0.0020348081
-0.0014050097
-0.0013519664
-0.0015224448
-0.0010520239
-0.0004108934
-0.0003579674
-0.0003020525
-0.0005296125
-0.0005043020
-0.0000259202
-0.0002822813
-0.0001786680
0.0003495601
0.0006899362
0.0009983664
0.0013360361
0.0016923458
0.0017306596
0.0019446861
0.0024961349
0.0027671720
0.0027390304
0.0028098591
0.0028127903
0.0029667413
0.0029345174
0.0027081394
0.0026034438
0.0029057367
0.0032064268
0.0033057006
0.0037171069
0.0039677653
0.0041418563
0.0042688145
0.0038065310
0.0033570395
0.0029737537
0.0022341447
0.0016456983
0.0016710448
0.0013235620
0.0012206053
0.0014521196
0.0014686616
0.0019424902
0.0022702824
0.0025137043
0.0026982485
0.0030082898
0.0029152062
0.0027713303
0.0029725458
0.0031003215
0.0030594715
0.0032850699
0.0030126966
0.0028806100
0.0030663778
0.0029324018
0.0030772080
0.0034093256
0.0033250221
0.0032160916
0.0031628989
0.0028124348
0.0022780599
0.0021902944
0.0024305799
0.0024178782
0.0020779654
0.0019128072
0.0021296356
0.0018879882
0.0014023223
0.0012296868
0.0007052473
-0.0000029815
-0.0002392265
-0.0005949004
-0.0006417140
-0.0007162434
-0.0012279568
-0.0014848065
-0.0016520961
-0.0019922945
-0.0019305526
-0.0021543709
-0.0022318025
-0.0021037926
-0.0024511884
-0.0027954221
-0.0025825377
-0.0024929174
-0.0028242174
-0.0026459459
-0.0026276886
-0.0031263485
-0.0032305410
-0.0031257250
-0.0035232083
-0.0033632912
-0.0033137982
-0.0035943828
-0.0033622138
-0.0034411345
-0.0031581998
-0.0026027636
-0.0024745005
-0.0025103604
-0.0024613303
-0.0024447025
-0.0026633901
-0.0024662758
-0.0024708566
-0.0025259108
-0.0022482886
-0.0022873061
-0.0022637185
-0.0020050931
-0.0015450905
-0.0010529228
-0.0010082118
-0.0006512115
-0.0003360915
-0.0005059225
-0.0004668916
-0.0004205419
-0.0003235580
-0.0003707534
-0.0004560395
-0.0003812787
-0.0002941789
-0.0003166906
-0.0001924307
-0.0000110437
0.0000920450
0.0000684062
0.0002587660
0.0002821132
0.0000931469
0.0001565248
0.0002395849
0.0001294424
0.0001387084
0.0000741662
-0.0000087259
0.0001294507
0.0000844575
-0.0001621590
-0.0001807425
-0.0001981686
-0.0002515741
-0.0002194873
-0.0004098402
-0.0005458514
-0.0005263872
-0.0007183116
-0.0008405672
-0.0007520013
-0.0007742900
-0.0008625976
-0.0008292693
-0.0008596254
-0.0008665820
-0.0007779474
-0.0008207984
-0.0007980760
-0.0007036917
-0.0006739392
-0.0006425359
-0.0005488109
-0.0004533410
-0.0004116892
-0.0003252600
-0.0003187537
-0.0003356071
-0.0002411533
-0.0001286284
-0.0000952661
-0.0000355403
0.0000242750
-0.0000035348
0.0000163858
-0.0000335564
-0.0000638761
-0.0000562333
-0.0000990629
-0.0001017254
-0.0001257012
-0.0001398446
-0.0001359621
-0.0001314144
-0.0001047050
-0.0000545481
-0.0000264452
-0.0000093860
-0.0000005488
0.0000261283
0.0000342124
0.0000354670
0.0000740952
0.0001654740
0.0002067361
0.0002038967
0.0002099339
0.0002519801
0.0002665937
0.0002729299
0.0003039742
0.0002995661
0.0003115150
0.0003181450
0.0003146627
0.0003217892
0.0003207691
0.0003180785
0.0002761019
0.0002178940
0.0001659437
0.0001124909
0.0000522184
0.0000187118
0.0000022758
-0.0000405139
-0.0000747526
-0.0000772204
-0.0000927075
-0.0001132901
-0.0001103443
-0.0001048591
-0.0000976652
-0.0000852144
-0.0000699712
-0.0000507933
-0.0000096994
0.0000140342
0.0000272898
0.0000754152
0.0001189072
0.0001252425
0.0001468957
0.0001665348
0.0001764389
0.0001852483
0.0001898021
0.0001891120
0.0001725460
0.0001505375
0.0001465407
0.0001546198
0.0001438137
0.0001372113
0.0001429006
0.0001526737
0.0001659912
0.0001693946
0.0001703972
0.0001750988
0.0001767811
0.0001728062
0.0001691111
0.0001665603
0.0001637599
0.0001524182
0.0001433200
0.0001362107
0.0001316389
0.0001322294
0.0001269487
0.0001247582
0.0001210785
0.0001213671
0.0001270376
0.0001242082
0.0001219303
0.0001222610
0.0001204159
0.0001160993
0.0001127062
0.0001101519
0.0001049776
0.0000984242
0.0000925991
0.0000882193
0.0000840008
0.0000814210
0.0000805209
0.0000775694
0.0000749092
0.0000726882
0.0000672829
0.0000611329
0.0000561479
0.0000510730
0.0000459390
0.0000409833
0.0000362776
0.0000314100
0.0000257940
0.0000196834
0.0000133483
0.0000076665
0.0000018252
-0.0000041751
-0.0000095426
-0.0000145314
-0.0000190764
-0.0000234873
-0.0000274428
-0.0000309502
-0.0000344051
-0.0000383344
-0.0000426047
-0.0000468380
-0.0000511121
-0.0000553420
-0.0000594858
-0.0000634869
-0.0000673889
-0.0000713514
-0.0000753236
-0.0000792355
-0.0000831033
-0.0000869396
-0.0000907250
-0.0000945048
-0.0000982739
-0.0001020239
-0.0001057727
-0.0001095034
-0.0001132079
-0.0001168910
-0.0001205597
-0.0001242157
-0.0001278628
-0.0001315011
-0.0001351305
-0.0001387510
-0.0001423625
-0.0001459654
-0.0001495596
-0.0001531451
-0.0001567217
