0.0015142197
0.0015327036
0.0015512063
0.0015700209
0.0015888894
0.0016071616
0.0016248741
0.0016434546
0.0016633438
0.0016828263
0.0017005546
0.0017178831
0.0017361447
0.0017548583
0.0017718821
0.0017889483
0.0018092348
0.0018301159
0.0018490527
0.0018680285
0.0018874629
0.0019023646
0.0019051611
0.0019118050
0.0019415879
0.0019769182
0.0020009036
0.0020115153
0.0020245675
0.0020588165
0.0020834649
0.0020833806
0.0021017383
0.0021405139
0.0021653172
0.0021690040
0.0021727336
0.0021953999
0.0022298998
0.0022446734
0.0022369309
0.0022511517
0.0022899850
0.0023127514
0.0023088001
0.0023125736
0.0023468369
0.0023800726
0.0023888731
0.0023819722
0.0023865313
0.0024310481
0.0024883650
0.0024835630
0.0024599610
0.0024767774
0.0025351904
0.0025742658
0.0025620385
0.0025616720
0.0026028677
0.0026399963
0.0026073154
0.0025605133
0.0026303527
0.0027152906
0.0027369656
0.0027321457
0.0027169984
0.0027281719
0.0027306355
0.0027068482
0.0027319847
0.0027821483
0.0028090560
0.0027233014
0.0026146703
0.0027195545
0.0029189157
0.0029675443
0.0029138986
0.0028745690
0.0028658858
0.0029188250
0.0029223018
0.0029283823
0.0030034273
0.0030042002
0.0028951909
0.0028468545
0.0029799014
0.0031411248
0.0031981261
0.0031798715
0.0031849352
0.0032684502
0.0032677044
0.0030649757
0.0029969081
0.0031494366
0.0032035589
0.0031050476
0.0030835626
0.0032101109
0.0033354965
0.0033545972
0.0032427612
0.0031742464
0.0032121052
0.0033081927
0.0033277207
0.0033082237
0.0033116127
0.0033018078
0.0033330153
0.0034367589
0.0035080081
0.0035185189
0.0035832241
0.0036486850
0.0035740302
0.0034285667
0.0033642941
0.0033668771
0.0034715590
0.0036162283
0.0036147464
0.0034968982
0.0034328718
0.0035345644
0.0037238935
0.0037902980
0.0036913597
0.0035236730
0.0034689848
0.0035089856
0.0036042688
0.0036956668
0.0037239745
0.0037213256
0.0038158140
0.0039788189
0.0038898371
0.0037642589
0.0037658539
0.0037266205
0.0035970547
0.0034938774
0.0035802319
0.0036843826
0.0036983492
0.0037145743
0.0037476736
0.0037833006
0.0037278650
0.0037096763
0.0037486705
0.0037373665
0.0036761779
0.0036092312
0.0036609287
0.0037267585
0.0037167661
0.0036867124
0.0036581533
0.0036503530
0.0037456542
0.0038045616
0.0037195554
0.0037206523
0.0037902908
0.0037537230
0.0036848904
0.0036526877
0.0037027773
0.0037637279
0.0037386448
0.0036867711
0.0035839972
0.0034271630
0.0034555758
0.0037472224
0.0038366666
0.0037554458
0.0037982974
0.0038298316
0.0037693203
0.0037732391
0.0038746200
0.0038970090
0.0038352181
0.0037437331
0.0037217539
0.0037495678
0.0038477877
0.0040737511
0.0042524436
0.0039678540
0.0033937255
0.0032293451
0.0035458227
0.0039315090
0.0039971298
0.0038565744
0.0038464381
0.0038878990
0.0037801376
0.0035895428
0.0035617804
0.0037222931
0.0036728345
0.0034204346
0.0034216009
0.0037288044
0.0038114751
0.0036012538
0.0034714635
0.0034270672
0.0035073199
0.0035646095
0.0035209672
0.0034832970
0.0034219692
0.0033198758
0.0031629108
0.0032125650
0.0035512194
0.0037035263
0.0034888950
0.0032316978
0.0032563417
0.0035925056
0.0037098391
0.0036518469
0.0036202741
0.0036817357
0.0037142436
0.0035516509
0.0034076580
0.0035752578
0.0037579389
0.0036431154
0.0035707704
0.0035531438
0.0035481307
0.0034765047
0.0034110270
0.0033281100
0.0032027814
0.0032171573
0.0032763426
0.0031333127
0.0029378651
0.0029997987
0.0031336436
0.0030381268
0.0031001138
0.0033141029
0.0032181364
0.0030037813
0.0031632725
0.0034914557
0.0033089373
0.0029154938
0.0028745923
0.0028367907
0.0025646154
0.0024345682
0.0027820042
0.0030144181
0.0029015289
0.0028684443
0.0029777273
0.0030368115
0.0030177410
0.0030741697
0.0030254045
0.0027677105
0.0026014797
0.0026470746
0.0027623277
0.0028965509
0.0029914750
0.0030111417
0.0029449343
0.0028478043
0.0027218089
0.0025761009
0.0025797521
0.0026911623
0.0027724620
0.0026522130
0.0021335878
0.0017550415
0.0021499068
0.0025326707
0.0025226642
0.0024916039
0.0025804609
0.0025603774
0.0023357700
0.0021058450
0.0019932191
0.0019563202
0.0020909377
0.0022828129
0.0024163279
0.0023942029
0.0021707808
0.0020673556
0.0020925929
0.0020686045
0.0020614815
0.0020782642
0.0020326255
0.0019192886
0.0018504991
0.0017636009
0.0018041131
0.0019407337
0.0018579402
0.0016702550
0.0015770143
0.0016158516
0.0016944398
0.0018416790
0.0020581395
0.0021035923
0.0016948072
0.0011562072
0.0011127039
0.0014140761
0.0014867136
0.0012790328
0.0011648306
0.0012408452
0.0013222315
0.0012842811
0.0014081380
0.0016602382
0.0016017552
0.0013759923
0.0010908526
0.0009201819
0.0009846299
0.0010424764
0.0010239359
0.0010363486
0.0010433062
0.0010517781
0.0010824186
0.0012634632
0.0013960186
0.0011648702
0.0008159001
0.0006618623
0.0007315894
0.0009025520
0.0007964208
0.0004284304
0.0003788894
0.0005052794
0.0004867505
0.0004199141
0.0005915687
0.0008318524
0.0008512575
0.0006716407
0.0005532663
0.0003268069
0.0000895582
0.0001547199
0.0002791074
0.0001194748
-0.0000832705
0.0001514020
0.0003624888
0.0001613145
-0.0001709352
-0.0002026847
0.0000317813
0.0001988504
0.0002129652
0.0000761150
-0.0000806856
-0.0000647121
0.0000241441
-0.0001095381
-0.0003327200
-0.0002976909
-0.0000940763
-0.0000900487
-0.0002448444
-0.0003137914
-0.0004297389
-0.0005306851
-0.0005786750
-0.0006290115
-0.0005679454
-0.0003675200
-0.0002062974
-0.0004604455
-0.0007933742
-0.0007067863
-0.0003323491
-0.0001971059
-0.0005555289
-0.0009755082
-0.0009997349
-0.0007748618
-0.0005680766
-0.0006597770
-0.0009332780
-0.0011181586
-0.0011598940
-0.0010296889
-0.0008612973
-0.0008095527
-0.0008776671
-0.0010264020
-0.0011387242
-0.0011374169
-0.0011061654
-0.0011617827
-0.0014075821
-0.0014121966
-0.0011540326
-0.0011136765
-0.0013221524
-0.0015543242
-0.0015720023
-0.0014155777
-0.0014096555
-0.0016110370
-0.0016195960
-0.0012967013
-0.0011001452
-0.0014025905
-0.0018863711
-0.0020005550
-0.0019682273
-0.0022583223
-0.0024185384
-0.0018674646
-0.0014984353
-0.0017337714
-0.0020852893
-0.0022753710
-0.0022136882
-0.0020296656
-0.0019640039
-0.0020257377
-0.0020216461
-0.0019956749
-0.0021942574
-0.0023508872
-0.0022500615
-0.0022356932
-0.0024552633
-0.0026912451
-0.0026476777
-0.0023566019
-0.0022154769
-0.0022516794
-0.0024266424
-0.0025467898
-0.0025633596
-0.0025351457
-0.0026005213
-0.0028145288
-0.0028352503
-0.0027349782
-0.0026944867
-0.0027688830
-0.0027892974
-0.0026039949
-0.0025873371
-0.0027448857
-0.0027266333
-0.0027169881
-0.0028064147
-0.0029511464
-0.0030780746
-0.0029119753
-0.0026676449
-0.0028831420
-0.0034414806
-0.0036073310
-0.0032995706
-0.0031980942
-0.0032668810
-0.0031435031
-0.0028720106
-0.0029116914
-0.0032102501
-0.0031008455
-0.0028184729
-0.0029133858
-0.0032845252
-0.0032928342
-0.0028677344
-0.0026737904
-0.0029034293
-0.0032222366
-0.0032896096
-0.0031886965
-0.0032326532
-0.0033672782
-0.0034308285
-0.0034568613
-0.0035676718
-0.0036480488
-0.0036096382
-0.0035286341
-0.0034438608
-0.0034516206
-0.0035730575
-0.0036191478
-0.0036152541
-0.0036987483
-0.0040007562
-0.0044274237
-0.0046707420
-0.0048235953
-0.0049728767
-0.0048830859
-0.0045433366
-0.0043315394
-0.0043465356
-0.0042413052
-0.0038752832
-0.0035972765
-0.0037371424
-0.0039852285
-0.0039476006
-0.0037485953
-0.0035830716
-0.0033374083
-0.0028057809
-0.0024784421
-0.0030932694
-0.0044465519
-0.0054006470
-0.0057197493
-0.0057984857
-0.0057797313
-0.0053370166
-0.0042626999
-0.0035031260
-0.0037525935
-0.0046391897
-0.0053693519
-0.0058816707
-0.0062543780
-0.0063796917
-0.0063262528
-0.0062522775
-0.0062023542
-0.0058911100
-0.0052845551
-0.0048652076
-0.0049063933
-0.0053300143
-0.0062863692
-0.0075301210
-0.0082291845
-0.0078445523
-0.0063572618
-0.0048828983
-0.0043248830
-0.0045884684
-0.0049709217
-0.0048976799
-0.0045573930
-0.0044851550
-0.0047058892
-0.0054590584
-0.0072044399
-0.0096076834
-0.0114423319
-0.0118721789
-0.0113176513
-0.0110375791
-0.0118280809
-0.0134861373
-0.0152951141
-0.0166016769
-0.0167709909
-0.0155185306
-0.0133617074
-0.0110454748
-0.0092793167
-0.0085717139
-0.0088086015
-0.0093741889
-0.0097697212
-0.0101606378
-0.0111231311
-0.0127148274
-0.0140609131
-0.0139400321
-0.0120008177
-0.0090260060
-0.0061210697
-0.0041611370
-0.0036920915
-0.0048802408
-0.0069621033
-0.0086737745
-0.0095381255
-0.0094328816
-0.0083709816
-0.0065490325
-0.0042515043
-0.0018921389
0.0001031370
0.0016770427
0.0033624546
0.0054259976
0.0071122564
0.0074324876
0.0067390750
0.0063329395
0.0064079736
0.0058647423
0.0041941845
0.0017657717
-0.0009351116
-0.0027702577
-0.0026092518
-0.0000627884
0.0045352211
0.0093026370
0.0122595915
0.0128667099
0.0118584054
0.0105863139
0.0095239107
0.0089728858
0.0087347205
0.0079370502
0.0061982629
0.0036800079
0.0011367329
-0.0006475996
-0.0012665507
-0.0011082963
-0.0008261208
-0.0002150602
0.0011950905
0.0029595842
0.0037493048
0.0023313854
-0.0013594838
-0.0062482378
-0.0107985847
-0.0132693213
-0.0124976951
-0.0087530040
-0.0035042145
0.0018342650
0.0062083067
0.0088373413
0.0090239063
0.0063720434
0.0014352674
-0.0041241133
-0.0081440020
-0.0091148698
-0.0069269651
-0.0028200990
0.0008589937
0.0019312568
-0.0004172171
-0.0057983135
-0.0127655465
-0.0194880979
-0.0242214893
-0.0260559564
-0.0252433437
-0.0227229308
-0.0201459195
-0.0191103445
-0.0208736111
-0.0249783307
-0.0287366494
-0.0290980976
-0.0254690468
-0.0191449810
-0.0122321287
-0.0065859086
-0.0029133679
-0.0014109812
-0.0019251571
-0.0044094582
-0.0089228538
-0.0153330405
-0.0230332385
-0.0306048525
-0.0360952782
-0.0375030579
-0.0341599297
-0.0271115499
-0.0185093207
-0.0112981960
-0.0076293869
-0.0077794163
-0.0103989553
-0.0133595003
-0.0150412302
-0.0148550741
-0.0129690579
-0.0095105005
-0.0054016753
-0.0020721947
0.0004696921
0.0029387565
0.0053297233
0.0074093247
0.0084496287
0.0078718367
0.0063874693
0.0056750871
0.0070634817
0.0104143620
0.0140396357
0.0162240496
0.0155388551
0.0112349812
0.0049001762
-0.0000368187
-0.0005102206
0.0053978971
0.0176978107
0.0339432581
0.0502056672
0.0627100401
0.0686077322
0.0670263954
0.0594726659
0.0492414944
0.0404765360
0.0358240777
0.0354072979
0.0380987573
0.0421303063
0.0452494738
0.0445488807
0.0384525585
0.0283514284
0.0173938664
0.0081818987
0.0015623851
-0.0031895208
-0.0072829292
-0.0109584999
-0.0140704749
-0.0172348295
-0.0211324545
-0.0250701513
-0.0274882803
-0.0272002470
-0.0235726349
-0.0164923648
-0.0064823648
0.0048398320
0.0149767542
0.0216025240
0.0238802034
0.0224150772
0.0183281784
0.0130570999
0.0084278627
0.0061926139
0.0062798845
0.0065862291
0.0054644006
0.0035247354
0.0028834612
0.0051751054
0.0105550122
0.0182934851
0.0264411731
0.0313233447
0.0291079611
0.0189945852
0.0043273277
-0.0100961738
-0.0214805465
-0.0297519933
-0.0352499249
-0.0377469876
-0.0375359366
-0.0354736030
-0.0323605480
-0.0290792666
-0.0266406755
-0.0266607071
-0.0305813191
-0.0377862534
-0.0459222567
-0.0520193015
-0.0537503636
-0.0502725658
-0.0423926115
-0.0317931924
-0.0211125760
-0.0130261520
-0.0079442000
-0.0034285658
0.0031644269
0.0118401493
0.0201313441
0.0251719424
0.0248993745
0.0185977324
0.0077444366
-0.0043364693
-0.0141203094
-0.0197098860
-0.0210109467
-0.0192327996
-0.0167594024
-0.0157422074
-0.0170905925
-0.0209533618
-0.0273092964
-0.0361237750
-0.0467781941
-0.0578403673
-0.0673263315
-0.0732761390
-0.0744144099
-0.0708589698
-0.0643126876
-0.0571014489
-0.0502874139
-0.0434405464
-0.0364972797
-0.0298728300
-0.0238096043
-0.0190923018
-0.0166644088
-0.0164490467
-0.0173824201
-0.0180576806
-0.0171578330
-0.0149288836
-0.0134276436
-0.0136260904
-0.0142542621
-0.0132026223
-0.0100627388
-0.0074278873
-0.0089833836
-0.0164173236
-0.0285761972
-0.0420507235
-0.0522471433
-0.0550438627
-0.0492260201
-0.0383537824
-0.0283051679
-0.0235343959
-0.0252268820
-0.0311250406
-0.0376173958
-0.0421782323
-0.0431975011
-0.0395349464
-0.0307022965
-0.0182533426
-0.0053670968
0.0042063177
0.0071976593
0.0035964982
-0.0036912515
-0.0101079947
-0.0115067311
-0.0059459910
0.0061042278
0.0218554452
0.0369661526
0.0469596723
0.0495889944
0.0457984528
0.0385760484
0.0310094809
0.0251529710
0.0218301573
0.0205894514
0.0207935862
0.0217664137
0.0231217793
0.0247727559
0.0255968683
0.0240320663
0.0200158260
0.0148726708
0.0098250236
0.0047052647
-0.0018853758
-0.0101889211
-0.0183225638
-0.0233489279
-0.0227797732
-0.0152226569
-0.0010698779
0.0170107306
0.0340539304
0.0455344233
0.0506855384
0.0524481669
0.0539463216
0.0558693780
0.0569170744
0.0549032967
0.0478850621
0.0356335423
0.0202921309
0.0065851238
0.0000914216
0.0036479860
0.0149608659
0.0278214010
0.0356288810
0.0341954062
0.0244801198
0.0113697427
-0.0003737969
-0.0083300598
-0.0123536042
-0.0137444430
-0.0142467664
-0.0143283468
-0.0125922395
-0.0074167547
0.0010760130
0.0106663932
0.0185550154
0.0232992651
0.0248853889
0.0244687947
0.0241933866
0.0252233290
0.0270486776
0.0274060390
0.0245271242
0.0203164863
0.0196157528
0.0257032211
0.0371421333
0.0482260229
0.0532940220
0.0509746805
0.0448672754
0.0396280193
0.0375642011
0.0380822816
0.0379711087
0.0341787413
0.0266502101
0.0178291514
0.0104969558
0.0063003826
0.0044860660
0.0024994420
-0.0011684990
-0.0064070920
-0.0122045259
-0.0170561917
-0.0192968468
-0.0178582047
-0.0135596848
-0.0094620919
-0.0084801886
-0.0105027272
-0.0131862963
-0.0138423444
-0.0108765332
-0.0050795450
0.0011121157
0.0062623761
0.0109554390
0.0171785049
0.0275463842
0.0431610464
0.0619293306
0.0789595045
0.0880349939
0.0849697787
0.0703265005
0.0487163060
0.0257722668
0.0050244537
-0.0131525165
-0.0296645483
-0.0438252265
-0.0526649362
-0.0530436556
-0.0440202721
-0.0279529626
-0.0103888522
0.0026491717
0.0078468354
0.0059931646
0.0011245214
-0.0026618693
-0.0043836037
-0.0053131484
-0.0066777406
-0.0080218001
-0.0064129480
0.0020728043
0.0185511641
0.0394498415
0.0581069952
0.0679837162
0.0654522184
0.0513589529
0.0308145669
0.0110427898
-0.0014420643
-0.0034607162
0.0031450110
0.0132138865
0.0217239108
0.0260145709
0.0255757274
0.0208431813
0.0124995705
0.0016933811
-0.0097716038
-0.0194730135
-0.0251807483
-0.0259750751
-0.0223084995
-0.0168390104
-0.0144357412
-0.0198094548
-0.0342407394
-0.0543646673
-0.0742704340
-0.0888907706
-0.0962708613
-0.0968385566
-0.0921661509
-0.0840505052
-0.0738785262
-0.0629204007
-0.0526317021
-0.0453729175
-0.0439411767
-0.0494824283
-0.0602098621
-0.0720433837
-0.0791123609
-0.0769103939
-0.0653423551
-0.0489283009
-0.0340299000
-0.0256525833
-0.0265153586
-0.0365118212
-0.0515161038
-0.0653564650
-0.0737943119
-0.0769355496
-0.0784561185
-0.0822202487
-0.0891285057
-0.0977540349
-0.1067343451
-0.1162150572
-0.1273312179
-0.1399594242
-0.1517563028
-0.1591388424
-0.1582738856
-0.1471664336
-0.1278456652
-0.1064114545
-0.0902784104
-0.0846725264
-0.0900759449
-0.1031550114
-0.1186362324
-0.1315982766
-0.1395008617
-0.1424588496
-0.1416452280
-0.1381196932
-0.1333376860
-0.1290923206
-0.1265884670
-0.1261328715
-0.1277729707
-0.1316810379
-0.1378010876
-0.1451080441
-0.1518012165
-0.1559704931
-0.1564436736
-0.1534291382
-0.1486293600
-0.1443371407
-0.1424599699
-0.1432041703
-0.1445352492
-0.1434710214
-0.1379951321
-0.1280860711
-0.1152983338
-0.1019646073
-0.0904863637
-0.0827604186
-0.0794919022
-0.0795767001
-0.0810615259
-0.0813784867
-0.0777781632
-0.0687954813
-0.0551705749
-0.0396705131
-0.0257019870
-0.0167469188
-0.0157316389
-0.0230621395
-0.0356382547
-0.0477211107
-0.0529468885
-0.0472975319
-0.0314632678
-0.0099186230
0.0125394582
0.0331339307
0.0515474307
0.0675563569
0.0794184357
0.0850773370
0.0843208932
0.0796489135
0.0756368788
0.0775363680
0.0893238752
0.1115185805
0.1392240973
0.1643182408
0.1789275868
0.1786506540
0.1636716661
0.1379853339
0.1083880262
0.0833738566
0.0710910179
0.0763640175
0.0990580096
0.1342068298
0.1731570430
0.2064302615
0.2265948745
0.2310099180
0.2216235974
0.2034001902
0.1829065526
0.1656060358
0.1543892894
0.1492138057
0.1480711485
0.1483611526
0.1487259713
0.1500225943
0.1532188052
0.1575874500
0.1607658568
0.1596719862
0.1521712091
0.1384607717
0.1210467786
0.1049152508
0.0959499587
0.0976601838
0.1096213056
0.1284962704
0.1501108214
0.1706977429
0.1871922238
0.1991522674
0.2089682890
0.2196241737
0.2332849659
0.2502005701
0.2685384298
0.2864387722
0.3036404781
0.3203704340
0.3360920181
0.3494982964
0.3592275030
0.3650222907
0.3679064131
0.3691738731
0.3692735057
0.3676457442
0.3631842007
0.3550708894
0.3431017123
0.3278781693
0.3104929013
0.2919396605
0.2731864322
0.2543832381
0.2339689417
0.2101718272
0.1830902825
0.1558995797
0.1337536006
0.1211526486
0.1198121403
0.1272711740
0.1381295195
0.1472122882
0.1521460330
0.1546440137
0.1592930437
0.1704223986
0.1898240213
0.2152517154
0.2411884548
0.2615257112
0.2718930314
0.2713733298
0.2630037259
0.2522377856
0.2438074535
0.2402692538
0.2419194706
0.2471459086
0.2529368305
0.2551307015
0.2504851705
0.2381591218
0.2186969213
0.1932266177
0.1640804210
0.1342305420
0.1071998676
0.0864061047
0.0743514773
0.0716463286
0.0756371525
0.0802233374
0.0781662413
0.0646458335
0.0400528513
0.0092419993
-0.0214776050
-0.0471567111
-0.0649434135
-0.0733372039
-0.0725902941
-0.0657008416
-0.0581806469
-0.0562232405
-0.0641242417
-0.0833722741
-0.1134991345
-0.1521573178
-0.1957269689
-0.2389304165
-0.2743250485
-0.2936016029
-0.2904589979
-0.2640692614
-0.2206081358
-0.1712357996
-0.1289659752
-0.1046740195
-0.1035413636
-0.1233811451
-0.1549444058
-0.1864007543
-0.2097250334
-0.2232406631
-0.2307211348
-0.2390130692
-0.2528430874
-0.2717053885
-0.2895019699
-0.2980048417
-0.2910073544
-0.2662055232
-0.2268401823
-0.1814687615
-0.1407794026
-0.1132667498
-0.1029681506
-0.1097459001
-0.1308844668
-0.1621981269
-0.1980438975
-0.2323273713
-0.2604689386
-0.2802931797
-0.2920454508
-0.2983376989
-0.3030343407
-0.3092661427
-0.3183759390
-0.3281714569
-0.3338713565
-0.3322827727
-0.3244777647
-0.3146851131
-0.3071079249
-0.3042708971
-0.3065933172
-0.3117149710
-0.3160492701
-0.3178553738
-0.3186685618
-0.3224663431
-0.3326102791
-0.3485970274
-0.3656692938
-0.3778372257
-0.3832210853
-0.3857444444
-0.3903792504
-0.4019650109
-0.4206238307
-0.4322070520
-0.4462185830
-0.4758775153
-0.4881457754
-0.5112844181
-0.5403935735
-0.5427287806
-0.5582342985
-0.5589929252
-0.5546134741
-0.5618269132
-0.5559586466
-0.5649448970
-0.5599288569
-0.5470622379
-0.5258060652
-0.4593253001
-0.3334386919
-0.1723715319
-0.0468426807
-0.0227648328
-0.0490767196
-0.0662249938
-0.0767442310
-0.0785157345
-0.0544993910
-0.0065671636
0.0491967544
0.0993724229
0.1379629932
0.1662187827
0.1899059585
0.2146565515
0.2427414730
0.2731514923
0.3035192221
0.3301520331
0.3485251074
0.3544510267
0.3462152366
0.3265688918
0.3030706934
0.2854056910
0.2807285877
0.2897806415
0.3070669862
0.3240586156
0.3346946614
0.3396516158
0.3446554649
0.3550529526
0.3735011019
0.3984596296
0.4240814310
0.4439810623
0.4546437748
0.4567000004
0.4536375846
0.4498391929
0.4478154853
0.4465922235
0.4426921582
0.4322938541
0.4133478489
0.3885690608
0.3654109879
0.3519473499
0.3530763422
0.3687210156
0.3940367932
0.4218585458
0.4463055197
0.4647327933
0.4773801554
0.4860711072
0.4928930339
0.4982796316
0.5001555734
0.4952383746
0.4806688679
0.4562133277
0.4257490490
0.3955494512
0.3721924499
0.3605890014
0.3607986853
0.3681973832
0.3760647365
0.3776103999
0.3669422835
0.3394371520
0.2923777174
0.2262082738
0.1456092519
0.0587810054
-0.0245782353
-0.0957054591
-0.1489806603
-0.1828483718
-0.1995297007
-0.2037397255
-0.2017726610
-0.2006792074
-0.2063569218
-0.2207362715
-0.2416576090
-0.2653233626
-0.2881681912
-0.3077974687
-0.3236496283
-0.3371878744
-0.3502477213
-0.3634104977
-0.3755797991
-0.3847934978
-0.3898596697
-0.3913986919
-0.3915646932
-0.3929266289
-0.3967449169
-0.4027491949
-0.4096893016
-0.4167771525
-0.4246460304
-0.4347154293
-0.4483231610
-0.4648444759
-0.4781735170
-0.4769278332
-0.4500546684
-0.3934533538
-0.3129440839
-0.2230889609
-0.1418325533
-0.0835149084
-0.0544273701
-0.0521293190
-0.0672677798
-0.0868374762
-0.0991474724
-0.0976579666
-0.0818845878
-0.0552882852
-0.0232976609
0.0084033156
0.0351590349
0.0538814159
0.0629348908
0.0619761523
0.0509795443
0.0313210907
0.0062656368
-0.0202102526
-0.0439448792
-0.0605814942
-0.0670874822
-0.0622876223
-0.0471405993
-0.0249843727
-0.0011929872
0.0188325588
0.0325177805
0.0409386903
0.0479286098
0.0581660709
0.0747360295
0.0981024981
0.1264229242
0.1566869430
0.1858103504
0.2111006671
0.2314128923
0.2477176532
0.2618531357
0.2748277926
0.2860801355
0.2945037990
0.2989221192
0.2983079718
0.2918444481
0.2790540309
0.2609067210
0.2406648378
0.2218024780
0.2064696107
0.1945331848
0.1838216098
0.1707777162
0.1511308002
0.1208599017
0.0784058003
0.0246295143
-0.0372670815
-0.1021952440
-0.1652582133
-0.2229251855
-0.2730440314
-0.3140962647
-0.3443882503
-0.3620814879
-0.3662707512
-0.3580299435
-0.3398307457
-0.3151522740
-0.2879785564
-0.2608675259
-0.2330856368
-0.2014149950
-0.1620291476
-0.1123494243
-0.0529006051
0.0118448944
0.0745885164
0.1271047187
0.1614982811
0.1718058733
0.1567636768
0.1201285352
0.0682020718
0.0091242576
-0.0490438503
-0.1000273209
-0.1396347281
-0.1656270681
-0.1775294115
-0.1761362094
-0.1632197011
-0.1421257593
-0.1179718400
-0.0964234880
-0.0826236743
-0.0797228505
-0.0881779873
-0.1063134142
-0.1303597537
-0.1556600528
-0.1781391659
-0.1953332416
-0.2066766235
-0.2122273129
-0.2120253198
-0.2062731896
-0.1953799641
-0.1805418779
-0.1637352059
-0.1464206630
-0.1289588036
-0.1104670637
-0.0889580275
-0.0620882882
-0.0272934912
0.0165194937
0.0672387889
0.1199027434
0.1675945015
0.2026681088
0.2188869348
0.2142792046
0.1925810947
0.1618463318
0.1312905870
0.1075820698
0.0938281824
0.0910563985
0.0984998168
0.1135751732
0.1330036537
0.1534681489
0.1715955712
0.1843141770
0.1890439751
0.1849354689
0.1736392350
0.1585787183
0.1437505159
0.1339898525
0.1341007542
0.1464829017
0.1700055093
0.1997475961
0.2280641809
0.2460002657
0.2461505463
0.2252997293
0.1856034409
0.1334716704
0.0771321336
0.0245940321
-0.0176568981
-0.0462949138
-0.0620858654
-0.0692541577
-0.0735680049
-0.0802717715
-0.0925865290
-0.1111414378
-0.1344582750
-0.1598559586
-0.1838751046
-0.2021877692
-0.2106170943
-0.2054796323
-0.1840746263
-0.1464508526
-0.0973983412
-0.0452591699
0.0006690454
0.0330839826
0.0491908886
0.0513577223
0.0458702067
0.0406895824
0.0414461502
0.0485120873
0.0587700203
0.0679373572
0.0714379150
0.0669239855
0.0553590093
0.0403368828
0.0252932340
0.0116412196
-0.0016479461
-0.0174049119
-0.0378004376
-0.0625260042
-0.0890155578
-0.1132458960
-0.1305860837
-0.1373269418
-0.1322390322
-0.1165616946
-0.0933958999
-0.0671754387
-0.0432157913
-0.0266537029
-0.0207858804
-0.0264025473
-0.0419522768
-0.0639638799
-0.0880243478
-0.1091142969
-0.1225587950
-0.1263027238
-0.1210327784
-0.1095256830
-0.0962212884
-0.0860863003
-0.0830549106
-0.0889915791
-0.1024920489
-0.1188708839
-0.1328449339
-0.1411389289
-0.1429508669
-0.1394908559
-0.1332365844
-0.1272481012
-0.1236477406
-0.1225485281
-0.1235683880
-0.1264260301
-0.1311886860
-0.1380846656
-0.1472286962
-0.1588036449
-0.1717700635
-0.1832822822
-0.1894282613
-0.1871261630
-0.1757165521
-0.1574300758
-0.1364119522
-0.1181315000
-0.1077821525
-0.1075742614
-0.1162019598
-0.1299218678
-0.1438093586
-0.1534032139
-0.1559122037
-0.1504190159
-0.1377326857
-0.1195353109
-0.0964129442
-0.0683987653
-0.0365208616
-0.0029616068
0.0292486857
0.0569454293
0.0775676701
0.0902359934
0.0963813007
0.0994788997
0.1035602211
0.1112483161
0.1231835600
0.1377151191
0.1516588448
0.1621168617
0.1670014495
0.1660795406
0.1611778580
0.1552689237
0.1512066473
0.1515258849
0.1575419225
0.1685194586
0.1821662405
0.1957740460
0.2071913065
0.2159859356
0.2227691261
0.2282674670
0.2329913414
0.2368630431
0.2396217180
0.2422681354
0.2472287866
0.2571514479
0.2733823231
0.2956192745
0.3219352989
0.3490290259
0.3725668446
0.3886621491
0.3951198772
0.3922436778
0.3825147455
0.3694384972
0.3566500628
0.3472689200
0.3433814331
0.3458549646
0.3544764509
0.3680180397
0.3845887126
0.4013594303
0.4154354164
0.4242215023
0.4259229563
0.4197297701
0.4044230359
0.3785364115
0.3421460318
0.2983996363
0.2531506063
0.2135503835
0.1867631102
0.1765944212
0.1808796916
0.1934603504
0.2072755494
0.2162374807
0.2157219270
0.2041930072
0.1838624185
0.1592635308
0.1363556389
0.1200087452
0.1122500860
0.1127604543
0.1186285817
0.1255716013
0.1294495496
0.1274263895
0.1186536127
0.1039649834
0.0855485922
0.0663116565
0.0484499102
0.0331467878
0.0207353466
0.0107119110
0.0021184873
-0.0058972867
-0.0140092328
-0.0223036173
-0.0306219793
-0.0380176929
-0.0429276276
-0.0445528604
-0.0425156844
-0.0370514298
-0.0299660498
-0.0240328838
-0.0219734167
-0.0250880249
-0.0328693220
-0.0436640189
-0.0560198412
-0.0690858596
-0.0818508542
-0.0937292806
-0.1042263575
-0.1118428229
-0.1145841020
-0.1117964488
-0.1050162570
-0.0969637910
-0.0910802906
-0.0901889354
-0.0955201155
-0.1062421805
-0.1193961557
-0.1311531974
-0.1386289041
-0.1408386949
-0.1389475575
-0.1360187166
-0.1362916907
-0.1431885222
-0.1572197641
-0.1764370820
-0.1975309220
-0.2153260102
-0.2249374723
-0.2238702711
-0.2128671409
-0.1955685248
-0.1761428700
-0.1580169796
-0.1434212336
-0.1327956663
-0.1253318060
-0.1193785162
-0.1131892480
-0.1056350774
-0.0963337305
-0.0857596142
-0.0745585701
-0.0635042250
-0.0542789715
-0.0489196288
-0.0482883069
-0.0527477558
-0.0620609953
-0.0745750106
-0.0882107018
-0.1010410992
-0.1114690176
-0.1187886846
-0.1225962512
-0.1228051888
-0.1194663314
-0.1139737702
-0.1085946853
-0.1055113000
-0.1059888340
-0.1099727535
-0.1165778080
-0.1245795311
-0.1321408360
-0.1369030100
-0.1369440859
-0.1309076549
-0.1188346561
-0.1023253624
-0.0830066681
-0.0624504271
-0.0428852999
-0.0273101260
-0.0189496600
-0.0200966573
-0.0308361985
-0.0486145978
-0.0691922082
-0.0883021372
-0.1022066451
-0.1083147951
-0.1066490063
-0.0998321933
-0.0910377980
-0.0833588345
-0.0791521159
-0.0790004919
-0.0812657979
-0.0836252474
-0.0849270784
-0.0852272207
-0.0849848850
-0.0852229789
-0.0874773023
-0.0924117335
-0.0995924522
-0.1076461845
-0.1140245623
-0.1164630305
-0.1144148181
-0.1092894282
-0.1042025552
-0.1023827647
-0.1058458724
-0.1146375027
-0.1268638694
-0.1386739080
-0.1457483675
-0.1450170730
-0.1354405839
-0.1184236549
-0.0969061265
-0.0745135622
-0.0551690773
-0.0423733033
-0.0375058145
-0.0392844809
-0.0446335404
-0.0494467163
-0.0503691742
-0.0460723440
-0.0371346918
-0.0252264911
-0.0123178195
0.0002006657
0.0123557666
0.0254355492
0.0404256709
0.0562818722
0.0701898991
0.0792279003
0.0816813836
0.0775818020
0.0690176124
0.0598172888
0.0543484983
0.0551721809
0.0623963296
0.0748864594
0.0907531518
0.1073432948
0.1219992439
0.1321049285
0.1353825277
0.1299807973
0.1144589876
0.0902234993
0.0622665584
0.0373332875
0.0216321037
0.0187815405
0.0285821351
0.0465457881
0.0649548803
0.0756939800
0.0738348537
0.0588689821
0.0341545152
0.0056333156
-0.0200121210
-0.0371784453
-0.0435479569
-0.0406150960
-0.0317988212
-0.0205597447
-0.0096273148
-0.0005363895
0.0060851814
0.0105786892
0.0139581798
0.0174590163
0.0220192596
0.0280655601
0.0346640722
0.0400667902
0.0428880713
0.0426787339
0.0403186639
0.0380589173
0.0384055590
0.0425234470
0.0500377161
0.0586529401
0.0645779509
0.0638844190
0.0537409590
0.0342397670
0.0091469105
-0.0151699962
-0.0322906727
-0.0377582120
-0.0306795468
-0.0149770649
0.0029666309
0.0171885834
0.0232470637
0.0192557715
0.0062602622
-0.0127539622
-0.0339189556
-0.0535442594
-0.0694727464
-0.0814330260
-0.0899210555
-0.0959551513
-0.1001561717
-0.1022486949
-0.1021836275
-0.1006619258
-0.0985519555
-0.0962050761
-0.0930691250
-0.0888669739
-0.0839229760
-0.0788214162
-0.0746546895
-0.0729492165
-0.0754554201
-0.0820874428
-0.0905256668
-0.0975295613
-0.1004305442
-0.0988657766
-0.0946676778
-0.0907028757
-0.0897209745
-0.0931964391
-0.1005104871
-0.1090626240
-0.1157879454
-0.1187155105
-0.1176099549
-0.1136172632
-0.1081801844
-0.1015202300
-0.0929480983
-0.0814586305
-0.0665955899
-0.0497617063
-0.0333739759
-0.0202583218
-0.0124464005
-0.0104335248
-0.0130719777
-0.0174273716
-0.0193972799
-0.0156603003
-0.0051662194
0.0106624856
0.0286526010
0.0456244304
0.0594650399
0.0692105728
0.0743638290
0.0751047964
0.0715578123
0.0641748824
0.0541523049
0.0425071786
0.0299389380
0.0168713101
0.0037923809
-0.0083206009
-0.0178808107
-0.0235401135
-0.0255832886
-0.0257212339
-0.0256809130
-0.0271524636
-0.0314521438
-0.0388820607
-0.0482754898
-0.0577448425
-0.0652236426
-0.0691121942
-0.0695911376
-0.0682326399
-0.0662645484
-0.0642209799
-0.0615747990
-0.0566181444
-0.0487091323
-0.0382265331
-0.0258530209
-0.0129794699
-0.0010764961
0.0091695893
0.0182389982
0.0266583876
0.0349514123
0.0437265685
0.0526625883
0.0611842806
0.0693923995
0.0770217126
0.0828797620
0.0865435560
0.0881173507
0.0873264955
0.0840639274
0.0787956226
0.0714884812
0.0617220510
0.0503164280
0.0388695217
0.0289122820
0.0221567840
0.0196086961
0.0206285026
0.0230911166
0.0246224987
0.0233931151
0.0179193143
0.0080028449
-0.0042616130
-0.0157571953
-0.0242473563
-0.0286779364
-0.0290683583
-0.0260431390
-0.0202021805
-0.0122956824
-0.0032882324
0.0056109789
0.0123359935
0.0146976858
0.0113376509
0.0022529128
-0.0107985574
-0.0252454443
-0.0383825574
-0.0473119758
-0.0496134167
-0.0445229992
-0.0337160339
-0.0206091799
-0.0084575117
0.0000988871
0.0034562656
0.0022717033
-0.0014690350
-0.0059022308
-0.0098755658
-0.0124581201
-0.0128478862
-0.0105460233
-0.0050894781
0.0038391519
0.0158476295
0.0299868288
0.0440911724
0.0549296083
0.0604269672
0.0607895437
0.0577704291
0.0538667790
0.0516063039
0.0523856005
0.0555793049
0.0590869820
0.0609803955
0.0605184154
0.0586120659
0.0574429934
0.0589315889
0.0636329020
0.0707297962
0.0785097490
0.0845928528
0.0862082779
0.0819992856
0.0731482624
0.0625514864
0.0539672651
0.0503530752
0.0532873419
0.0620416585
0.0731138015
0.0817414994
0.0843888714
0.0794946325
0.0676846367
0.0519930132
0.0365911095
0.0249705914
0.0184792563
0.0170010434
0.0195798468
0.0245682877
0.0301480075
0.0348337844
0.0376340610
0.0381454359
0.0356705299
0.0297827679
0.0206645128
0.0088289868
-0.0048168340
-0.0189472154
-0.0314746254
-0.0400292588
-0.0428244788
-0.0394811851
-0.0312221525
-0.0196539262
-0.0069069239
0.0036141002
0.0090972838
0.0084383783
0.0022681605
-0.0075917961
-0.0188262100
-0.0288970788
-0.0351904313
-0.0364344225
-0.0332880293
-0.0276404413
-0.0214922136
-0.0162881885
-0.0133998445
-0.0136466892
-0.0165791401
-0.0203465642
-0.0230347044
-0.0234897285
-0.0211920607
-0.0163443362
-0.0099893690
-0.0039754405
-0.0006956061
-0.0017806567
-0.0068961467
-0.0137591259
-0.0203012561
-0.0256419876
-0.0297230711
-0.0326063007
-0.0346910826
-0.0360989796
-0.0357081491
-0.0316139514
-0.0227928071
-0.0105166386
0.0023694512
0.0126004147
0.0173664129
0.0157874588
0.0097984324
0.0031747137
-0.0000430064
0.0026312932
0.0112500309
0.0237485492
0.0368870492
0.0476577960
0.0541714976
0.0555883440
0.0526936135
0.0470029517
0.0393411465
0.0300023714
0.0199895409
0.0110607791
0.0055027349
0.0050662341
0.0099272235
0.0183847327
0.0270873320
0.0322942084
0.0309076000
0.0217565706
0.0066245171
-0.0107738381
-0.0267240150
-0.0381391625
-0.0435497585
-0.0430470734
-0.0375114053
-0.0288371789
-0.0194489562
-0.0117389793
-0.0077131918
-0.0084522479
-0.0140651132
-0.0237379128
-0.0359542689
-0.0480951645
-0.0562750219
-0.0570411795
-0.0497929810
-0.0361871157
-0.0196229793
-0.0049564691
0.0030979205
0.0016565530
-0.0088986643
-0.0245257905
-0.0396635487
-0.0500886107
-0.0545068939
-0.0546682297
-0.0537749468
-0.0545475469
-0.0583354187
-0.0646227477
-0.0718570791
-0.0785484679
-0.0839468365
-0.0889168215
-0.0953838569
-0.1044639431
-0.1157890856
-0.1271114342
-0.1353976088
-0.1391136721
-0.1374326940
-0.1306083281
-0.1204337847
-0.1095715197
-0.1004336536
-0.0943487650
-0.0911366366
-0.0894121184
-0.0881464757
-0.0868731987
-0.0855969459
-0.0845042180
-0.0840524226
-0.0843175592
-0.0842763111
-0.0824410962
-0.0782115990
-0.0724091171
-0.0666015520
-0.0620890823
-0.0601276405
-0.0619655445
-0.0669242410
-0.0728711813
-0.0778399856
-0.0804493430
-0.0804139941
-0.0788145934
-0.0769761357
-0.0758677706
-0.0760984215
-0.0773443202
-0.0782993410
-0.0776173573
-0.0745144952
-0.0686512409
-0.0600010076
-0.0489106998
-0.0364441444
-0.0247212475
-0.0156168696
-0.0098650736
-0.0075573863
-0.0087482768
-0.0125436094
-0.0172355889
-0.0209144299
-0.0222981915
-0.0204878879
-0.0146499549
-0.0048658487
0.0070465493
0.0184266696
0.0268751688
0.0308152276
0.0297981615
0.0250570053
0.0192314223
0.0150900988
0.0144036409
0.0173536221
0.0227668285
0.0287225522
0.0333639648
0.0357684102
0.0362400026
0.0362591899
0.0375342860
0.0409014668
0.0460991574
0.0520389484
0.0576733110
0.0623502929
0.0655906324
0.0671057370
0.0668874811
0.0650769232
0.0616433672
0.0571116564
0.0528505590
0.0504036854
0.0509514687
0.0542370584
0.0589275883
0.0631868965
0.0649660497
0.0627948118
0.0563075615
0.0466180294
0.0358906759
0.0264635825
0.0202772896
0.0186592666
0.0219780238
0.0290885144
0.0383551867
0.0488034860
0.0591591603
0.0679750923
0.0741338858
0.0773732596
0.0781232433
0.0772691278
0.0763590259
0.0766772418
0.0796595654
0.0858214634
0.0943710527
0.1040865087
0.1136033185
0.1215787697
0.1269132118
0.1292366104
0.1285417478
0.1247756497
0.1184186545
0.1104860372
0.1019859079
0.0942049266
0.0885225030
0.0858707512
0.0862245199
0.0887630078
0.0923484857
0.0950942536
0.0952409141
0.0924846607
0.0876857514
0.0820162339
0.0767347848
0.0732118540
0.0723408387
0.0744827017
0.0792053240
0.0854583621
0.0929976142
0.1017587146
0.1110561417
0.1205633174
0.1302476383
0.1389115229
0.1446892173
0.1462174312
0.1431746947
0.1363606679
0.1271435010
0.1177555965
0.1103041014
0.1062325054
0.1067210214
0.1124823406
0.1227691607
0.1356953470
0.1489006196
0.1599869508
0.1669333373
0.1685257275
0.1645528997
0.1560795446
0.1454338270
0.1351301986
0.1274170168
0.1242883501
0.1266352233
0.1339616653
0.1446740021
0.1562117924
0.1657925302
0.1711569634
0.1710161730
0.1655127764
0.1564604904
0.1465933235
0.1381580364
0.1329054108
0.1312941873
0.1319866160
0.1336964236
0.1354749996
0.1366178467
0.1367558599
0.1358188744
0.1340794320
0.1316675274
0.1289690551
0.1269969784
0.1264857161
0.1278060550
0.1314520183
0.1367828430
0.1423729263
0.1469836763
0.1494644057
0.1493435466
0.1471948735
0.1441634854
0.1413187756
0.1394530404
0.1390712680
0.1397829220
0.1404642356
0.1402572470
0.1385626154
0.1349690993
0.1295604465
0.1222117964
0.1132215893
0.1037322698
0.0948917567
0.0872587676
0.0807422259
0.0751071724
0.0701451636
0.0649281910
0.0582274840
0.0496861036
0.0395500575
0.0282222084
0.0162430796
0.0047987864
-0.0045071555
-0.0110647188
-0.0153565350
-0.0180821034
-0.0195795503
-0.0202223679
-0.0212958918
-0.0246341528
-0.0307378303
-0.0392165310
-0.0495562279
-0.0605796734
-0.0705407494
-0.0776927605
-0.0804254183
-0.0784666084
-0.0736660928
-0.0688730560
-0.0669029213
-0.0698132777
-0.0782549969
-0.0916128579
-0.1082870931
-0.1259095161
-0.1415529723
-0.1523460149
-0.1571852408
-0.1568283199
-0.1528991710
-0.1474744641
-0.1432258892
-0.1426124056
-0.1461868327
-0.1527288246
-0.1605274647
-0.1681950242
-0.1742250131
-0.1773379097
-0.1774315201
-0.1750205700
-0.1708668134
-0.1664377876
-0.1627109494
-0.1601044373
-0.1593645548
-0.1611365659
-0.1656657793
-0.1725861732
-0.1803903190
-0.1874798528
-0.1934168146
-0.1983081935
-0.2025531034
-0.2071134661
-0.2130256764
-0.2205875845
-0.2292513511
-0.2378788069
-0.2452333626
-0.2505143359
-0.2536990330
-0.2556465568
-0.2579069468
-0.2613579181
-0.2656743581
-0.2699498421
-0.2735511395
-0.2763859213
-0.2789590289
-0.2814581953
-0.2835655378
-0.2855730778
-0.2880536788
-0.2908355888
-0.2935832944
-0.2964075608
-0.2989981304
-0.3002812525
-0.2996805338
-0.2973473466
-0.2936565162
-0.2891421376
-0.2842201533
-0.2795022223
-0.2754147909
-0.2717627815
-0.2683335734
-0.2649212207
-0.2614286439
-0.2581464187
-0.2553886663
-0.2530568254
-0.2505863402
-0.2471432036
-0.2425561500
-0.2377721983
-0.2342267475
-0.2329813314
-0.2343810962
-0.2381896439
-0.2434355750
-0.2485283703
-0.2516548232
-0.2520208697
-0.2498773945
-0.2456423606
-0.2394476090
-0.2321312187
-0.2247889520
-0.2181784127
-0.2129521992
-0.2092846103
-0.2071380843
-0.2067238641
-0.2079474900
-0.2100400380
-0.2117196786
-0.2117981430
-0.2096438513
-0.2052609894
-0.1988045465
-0.1909473267
-0.1828415655
-0.1753227505
-0.1690633573
-0.1645075363
-0.1615471451
-0.1590858113
-0.1557680307
-0.1504422008
-0.1427902923
-0.1332149197
-0.1226125052
-0.1123360045
-0.1039108073
-0.0982699253
-0.0950965233
-0.0935583386
-0.0924521644
-0.0898777942
-0.0843618518
-0.0756239544
-0.0647827098
-0.0540960635
-0.0457209086
-0.0405613828
-0.0385328994
-0.0386900819
-0.0395778272
-0.0394785815
-0.0365203399
-0.0298062491
-0.0194241597
-0.0058683286
0.0099253965
0.0263446578
0.0414772487
0.0539684323
0.0634201506
0.0703762266
0.0761219715
0.0825078641
0.0911759027
0.1027608385
0.1165267529
0.1312517267
0.1460129271
0.1602364598
0.1735549600
0.1863075905
0.1995013790
0.2136784134
0.2282626272
0.2421282994
0.2544642546
0.2647406537
0.2726624331
0.2783359245
0.2822590212
0.2853161025
0.2885504478
0.2924378851
0.2971500358
0.3026056739
0.3084214572
0.3139382378
0.3188276424
0.3233421155
0.3276375373
0.3321089647
0.3365659441
0.3408348983
0.3453436103
0.3502626299
0.3553823978
0.3601297965
0.3636878120
0.3654073809
0.3647289905
0.3614828387
0.3561603142
0.3501292861
0.3452662459
0.3434650668
0.3462771869
0.3536050151
0.3636038232
0.3739975933
0.3823994952
0.3868980981
0.3867310116
0.3825387265
0.3761245792
0.3698600582
0.3656438132
0.3646006469
0.3675417040
0.3743000603
0.3831633736
0.3916284077
0.3975094849
0.3999908819
0.3992369537
0.3956396215
0.3900819552
0.3845646295
0.3808813615
0.3788623786
0.3780124257
0.3781159334
0.3786694804
0.3786243425
0.3766804450
0.3722940555
0.3657793330
0.3577617384
0.3490634432
0.3410646933
0.3355033039
0.3322785421
0.3299405463
0.3274195319
0.3239836061
0.3193381916
0.3135761209
0.3069691125
0.3003716892
0.2944090575
0.2892179975
0.2848190260
0.2811876698
0.2780924533
0.2753763068
0.2731234294
0.2713076581
0.2699661192
0.2689791102
0.2675662720
0.2647604987
0.2604700600
0.2549382458
0.2481566520
0.2401749255
0.2313871700
0.2227445222
0.2149167239
0.2080349508
0.2021874801
0.1977194881
0.1946550732
0.1920806355
0.1891655622
0.1853600047
0.1805679745
0.1748471382
0.1686771179
0.1630842615
0.1594174925
0.1583620310
0.1590000438
0.1594792509
0.1581669027
0.1532930274
0.1439260064
0.1307930916
0.1158257840
0.1006412590
0.0861023143
0.0729201987
0.0616100397
0.0523048565
0.0446951643
0.0382214338
0.0321008864
0.0254929262
0.0179311176
0.0095297536
0.0005834154
-0.0083422498
-0.0169014433
-0.0248790229
-0.0319091502
-0.0379807978
-0.0436538218
-0.0495213148
-0.0556317034
-0.0614165039
-0.0660621793
-0.0691656265
-0.0711040453
-0.0726229471
-0.0747803912
-0.0789104513
-0.0859679018
-0.0963262814
-0.1092842086
-0.1233982280
-0.1368428438
-0.1472008887
-0.1529116159
-0.1541259751
-0.1521322034
-0.1489309606
-0.1466673702
-0.1471156279
-0.1515547921
-0.1599750745
-0.1707869920
-0.1825946701
-0.1939500292
-0.2032297982
-0.2091144905
-0.2114248605
-0.2111988254
-0.2101684946
-0.2100046009
-0.2117962575
-0.2162146413
-0.2235815008
-0.2334103538
-0.2443631226
-0.2549972717
-0.2648122321
-0.2737853329
-0.2818484365
-0.2889399975
-0.2953781624
-0.3012265157
-0.3060046861
-0.3094280136
-0.3118824766
-0.3138861226
-0.3160956391
-0.3194377290
-0.3247258767
-0.3318182259
-0.3399365171
-0.3478939861
-0.3542872827
-0.3579076457
-0.3581580408
-0.3555397728
-0.3511354160
-0.3466704355
-0.3438704995
-0.3438345701
-0.3467274114
-0.3520336301
-0.3588083838
-0.3653441898
-0.3699066051
-0.3720104352
-0.3719163695
-0.3700639189
-0.3667307041
-0.3626009642
-0.3588006592
-0.3561770502
-0.3550895127
-0.3558827306
-0.3586197984
-0.3621900111
-0.3651459331
-0.3661699099
-0.3641274550
-0.3592708827
-0.3525559894
-0.3448126425
-0.3368058917
-0.3289071540
-0.3216746120
-0.3152299424
-0.3093692589
-0.3044875051
-0.3008962937
-0.2987131094
-0.2979741802
-0.2983564128
-0.2992572682
-0.2992235408
-0.2969624040
-0.2927762422
-0.2875174941
-0.2819116787
-0.2764917711
-0.2713973069
-0.2664727392
-0.2617002957
-0.2567419941
-0.2509520843
-0.2442954139
-0.2372946809
-0.2302087445
-0.2230274078
-0.2162656029
-0.2103442856
-0.2051679443
-0.2003430078
-0.1960236326
-0.1924140818
-0.1895721289
-0.1874762678
-0.1861415595
-0.1855562185
-0.1850629334
-0.1835767113
-0.1804007495
-0.1752578398
-0.1681557357
-0.1597630185
-0.1512764031
-0.1440256567
-0.1391960377
-0.1367677867
-0.1354892454
-0.1340796405
-0.1315446947
-0.1271047407
-0.1202998670
-0.1111112441
-0.1003153815
-0.0889255625
-0.0777949650
-0.0680092877
-0.0602673213
-0.0547539323
-0.0510571689
-0.0484860958
-0.0461564642
-0.0433797344
-0.0403107934
-0.0368290193
-0.0323371699
-0.0265413473
-0.0196257572
-0.0118460611
-0.0041534930
0.0023777923
0.0075952788
0.0115444233
0.0149096096
0.0191255208
0.0255195355
0.0342267194
0.0445254292
0.0556203840
0.0663753922
0.0754073670
0.0821463674
0.0864107870
0.0878151075
0.0866659878
0.0840315263
0.0810039338
0.0788475345
0.0789145867
0.0817235787
0.0868690695
0.0931395555
0.0986815731
0.1020226215
0.1024682083
0.1003386373
0.0968912210
0.0934208755
0.0918023021
0.0937323418
0.0989522878
0.1064160982
0.1154031703
0.1249246617
0.1336523265
0.1408339276
0.1466305935
0.1515766779
0.1550902490
0.1573540718
0.1596668581
0.1627035113
0.1662490500
0.1702986884
0.1743678900
0.1776606196
0.1800615580
0.1818826361
0.1834452450
0.1849529915
0.1866272414
0.1885559899
0.1902424824
0.1910138553
0.1905656610
0.1893771010
0.1880178123
0.1865639883
0.1848509506
0.1826844041
0.1803413698
0.1778929492
0.1754631053
0.1735317636
0.1716281395
0.1696033740
0.1680947590
0.1674306115
0.1681401399
0.1698548212
0.1714647485
0.1725109396
0.1732678051
0.1740143925
0.1746335897
0.1749979969
0.1751378365
0.1746557513
0.1732497827
0.1711153318
0.1689708710
0.1673507281
0.1660552206
0.1653021470
0.1653708463
0.1658444427
0.1662188780
0.1660188569
0.1652911391
0.1642263930
0.1620958566
0.1587627576
0.1547583794
0.1507105345
0.1474143197
0.1457047057
0.1459747895
0.1477879130
0.1505320657
0.1531528405
0.1541596768
0.1526766011
0.1484957006
0.1421857447
0.1342815766
0.1253958617
0.1168114445
0.1099735078
0.1052693325
0.1023423654
0.1010117986
0.1007475237
0.1006307874
0.0998607713
0.0980381955
0.0949137473
0.0900377573
0.0829989035
0.0740989824
0.0649125294
0.0568378447
0.0506042684
0.0466275236
0.0449334633
0.0448812719
0.0451929326
0.0443419194
0.0414832220
0.0365478030
0.0299992019
0.0226824732
0.0158185174
0.0104211279
0.0065872464
0.0041736963
0.0032469473
0.0034807764
0.0040178287
0.0040671012
0.0029504850
-0.0003801712
-0.0061157928
-0.0129628539
-0.0200379703
-0.0265610950
-0.0313447740
-0.0334634918
-0.0330538975
-0.0308202463
-0.0277703222
-0.0252425352
-0.0241769807
-0.0246936897
-0.0267660105
-0.0302180904
-0.0343904380
-0.0385324908
-0.0420341709
-0.0442127149
-0.0451817373
-0.0451444226
-0.0435947405
-0.0403920023
-0.0366439354
-0.0329920655
-0.0295958486
-0.0271805175
-0.0265286797
-0.0282238670
-0.0319788698
-0.0363992164
-0.0401187018
-0.0425383589
-0.0434274940
-0.0429266395
-0.0418499498
-0.0412378122
-0.0419976758
-0.0446775735
-0.0490949526
-0.0546003555
-0.0604638603
-0.0660205369
-0.0708630025
-0.0749505345
-0.0787315466
-0.0825650192
-0.0860859469
-0.0891004236
-0.0920383627
-0.0948950565
-0.0969116537
-0.0973865767
-0.0966208975
-0.0952280363
-0.0935169871
-0.0917032479
-0.0901108294
-0.0889066323
-0.0878785695
-0.0869449730
-0.0859995719
-0.0849614417
-0.0836345433
-0.0817232166
-0.0795047421
-0.0774672175
-0.0759314030
-0.0748856364
-0.0741520901
-0.0736458497
-0.0733416436
-0.0728859986
-0.0716658328
-0.0699044425
-0.0679834340
-0.0660879839
-0.0644322203
-0.0631737321
-0.0626044055
-0.0631582098
-0.0647255528
-0.0664913490
-0.0677601009
-0.0682729724
-0.0676754715
-0.0657056328
-0.0621394193
-0.0572733853
-0.0519323567
-0.0469259217
-0.0430090344
-0.0410555292
-0.0415232678
-0.0441054012
-0.0475424112
-0.0503299088
-0.0514652032
-0.0504838956
-0.0471736527
-0.0418359049
-0.0360322981
-0.0313736026
-0.0282911722
-0.0270100945
-0.0271745080
-0.0277057463
-0.0275515874
-0.0262709113
-0.0239153572
-0.0204175473
-0.0163419777
-0.0129635231
-0.0112444511
-0.0110744311
-0.0116410473
-0.0124361360
-0.0128902474
-0.0122439835
-0.0100200349
-0.0060296963
-0.0006951406
0.0049017528
0.0098191147
0.0134838318
0.0153726892
0.0150376571
0.0127659764
0.0094505702
0.0060387397
0.0037220730
0.0033127504
0.0043301690
0.0058616424
0.0073022850
0.0082738256
0.0085172775
0.0080195126
0.0069964661
0.0059343962
0.0053270853
0.0057686370
0.0078239119
0.0113989680
0.0161001243
0.0213878141
0.0269367548
0.0323488461
0.0363946591
0.0381107664
0.0376792213
0.0363320233
0.0345922398
0.0329322283
0.0324776998
0.0340214337
0.0374878039
0.0420878442
0.0467990372
0.0506231034
0.0525299621
0.0518910002
0.0488911874
0.0443798589
0.0393964392
0.0349840626
0.0317603983
0.0301639311
0.0300110071
0.0306391708
0.0320102943
0.0343550739
0.0367010736
0.0382346860
0.0388776389
0.0386467781
0.0377335019
0.0368267054
0.0367041659
0.0383204061
0.0421200631
0.0472187973
0.0529873520
0.0590589667
0.0650155109
0.0706364528
0.0759334150
0.0809742987
0.0860182762
0.0907131769
0.0941545951
0.0956349543
0.0952895029
0.0934936653
0.0906925861
0.0876780443
0.0849344083
0.0828232138
0.0816918041
0.0812936053
0.0814249451
0.0822913313
0.0829037359
0.0819881157
0.0792900599
0.0751857372
0.0704221445
0.0662260203
0.0637250485
0.0634715165
0.0653530571
0.0684527091
0.0714838634
0.0736093211
0.0742891089
0.0734819606
0.0715624318
0.0689902197
0.0661698323
0.0635972339
0.0618425225
0.0610390453
0.0608029908
0.0609297144
0.0614264717
0.0620645646
0.0627174728
0.0629653285
0.0623937461
0.0611571490
0.0592673918
0.0569598422
0.0546735707
0.0526811648
0.0512642247
0.0505704444
0.0504206612
0.0505699715
0.0507489920
0.0504437463
0.0493476208
0.0472976212
0.0440433112
0.0401293271
0.0368992640
0.0346616384
0.0333799369
0.0331608997
0.0340001688
0.0353702515
0.0361507263
0.0349743700
0.0312472349
0.0255758703
0.0189555402
0.0126457599
0.0075434735
0.0045860504
0.0047125505
0.0075953204
0.0122477816
0.0178233174
0.0231455430
0.0268747838
0.0284326468
0.0278468752
0.0254888382
0.0217535321
0.0179621211
0.0153244682
0.0141732158
0.0143877933
0.0156815819
0.0172891456
0.0188357436
0.0200934742
0.0206002400
0.0206411132
0.0207518485
0.0210130851
0.0211407419
0.0206177223
0.0193253108
0.0174630700
0.0148441037
0.0115455166
0.0082885955
0.0054498349
0.0028258688
0.0002808113
-0.0020661097
-0.0040988235
-0.0062168485
-0.0092893602
-0.0134569417
-0.0180155226
-0.0224386681
-0.0260540976
-0.0284424849
-0.0297422693
-0.0300673522
-0.0294587479
-0.0278424019
-0.0250446494
-0.0210087799
-0.0161746935
-0.0113646482
-0.0069927257
-0.0034399122
-0.0011094299
0.0000443744
0.0006324902
0.0013554253
0.0026256803
0.0044720503
0.0060104124
0.0062442771
0.0048659787
0.0022839961
-0.0006554169
-0.0035234527
-0.0065422347
-0.0095947473
-0.0122973461
-0.0146261223
-0.0166392332
-0.0184349644
-0.0200432283
-0.0214838256
-0.0231792569
-0.0253528563
-0.0279155546
-0.0307809202
-0.0339817567
-0.0367817760
-0.0380761963
-0.0377562226
-0.0364056011
-0.0344038972
-0.0320830781
-0.0302406194
-0.0294077871
-0.0296917577
-0.0313378776
-0.0339621277
-0.0365207387
-0.0378747977
-0.0371008647
-0.0340527619
-0.0294417164
-0.0244431131
-0.0200572506
-0.0166982521
-0.0145042552
-0.0135259408
-0.0135714491
-0.0140732775
-0.0143318674
-0.0140062801
-0.0132594050
-0.0128783225
-0.0137391670
-0.0160663337
-0.0198071280
-0.0246229160
-0.0297175804
-0.0338973548
-0.0364009465
-0.0375521900
-0.0380166011
-0.0387108795
-0.0401163306
-0.0417462976
-0.0427247768
-0.0423307573
-0.0405189764
-0.0376568141
-0.0342535958
-0.0310112643
-0.0286916319
-0.0278100407
-0.0280077187
-0.0283526608
-0.0285767624
-0.0288856258
-0.0293962157
-0.0297403233
-0.0294295991
-0.0286764719
-0.0279718459
-0.0275174712
-0.0273974398
-0.0280022402
-0.0301076281
-0.0338545785
-0.0381705382
-0.0419927499
-0.0446544069
-0.0457701265
-0.0455004206
-0.0441129766
-0.0422154179
-0.0408957794
-0.0405436051
-0.0410831752
-0.0423781028
-0.0440143785
-0.0451701005
-0.0452313221
-0.0438349616
-0.0410072028
-0.0370450525
-0.0322051792
-0.0271421307
-0.0224749767
-0.0185590086
-0.0158989734
-0.0144226625
-0.0133488679
-0.0123656190
-0.0118286279
-0.0118851279
-0.0119604096
-0.0119046658
-0.0121320044
-0.0130140413
-0.0145100524
-0.0161130083
-0.0174359316
-0.0183176119
-0.0190243196
-0.0198417196
-0.0205657302
-0.0212882948
-0.0221243399
-0.0231815446
-0.0245343093
-0.0254636780
-0.0254345002
-0.0249751081
-0.0247195631
-0.0251197349
-0.0261053386
-0.0273163873
-0.0282603474
-0.0285638577
-0.0287473415
-0.0286501515
-0.0278057239
-0.0262700861
-0.0243776584
-0.0221946875
-0.0198166650
-0.0175188463
-0.0154387573
-0.0133769585
-0.0113920420
-0.0097802053
-0.0083638860
-0.0071364811
-0.0063741944
-0.0064010454
-0.0072281863
-0.0083426555
-0.0092205373
-0.0098680274
-0.0104944276
-0.0113632999
-0.0122603473
-0.0130502962
-0.0140137551
-0.0153488128
-0.0170446048
-0.0192170553
-0.0219614775
-0.0250645617
-0.0282744910
-0.0313149315
-0.0338389865
-0.0352310949
-0.0350919750
-0.0336311210
-0.0314053390
-0.0288367713
-0.0258817210
-0.0225757389
-0.0192637059
-0.0167257975
-0.0152872981
-0.0146469811
-0.0148390911
-0.0156450661
-0.0166271355
-0.0172059318
-0.0170433941
-0.0161178832
-0.0144205159
-0.0123050235
-0.0100780598
-0.0077876896
-0.0053642989
-0.0033076654
-0.0021410420
-0.0017419749
-0.0018773685
-0.0025488358
-0.0035846517
-0.0045939173
-0.0052696993
-0.0051518143
-0.0036972584
-0.0010411267
0.0018963520
0.0044984417
0.0064530821
0.0076146424
0.0078739619
0.0071450375
0.0058711110
0.0051871071
0.0056883067
0.0069692081
0.0086030215
0.0107235268
0.0131361502
0.0153312714
0.0169460398
0.0178779125
0.0181612903
0.0178479134
0.0169941298
0.0158659345
0.0146972587
0.0132519398
0.0115033811
0.0102858324
0.0082396809
0.0059100917
0.0033660370
0.0012124644
-0.0002220171
-0.0008439770
-0.0009163287
-0.0005587868
0.0005783937
0.0025722862
0.0049645576
0.0073209262
0.0096059052
0.0117442475
0.0132321218
0.0138326296
0.0140875306
0.0144688326
0.0148708824
0.0153842875
0.0161152728
0.0169390234
0.0175603210
0.0175667180
0.0168770028
0.0154888014
0.0135112380
0.0109028521
0.0077294744
0.0045390759
0.0016697985
-0.0011277638
-0.0035277251
-0.0048369875
-0.0048361360
-0.0039705796
-0.0026592235
-0.0012802545
-0.0002645673
0.0002966947
0.0002000688
-0.0005861900
-0.0014849365
-0.0020938609
-0.0020553584
-0.0011215736
0.0005996781
0.0029058948
0.0057660753
0.0094202151
0.0131533260
0.0160355323
0.0178766207
0.0184946511
0.0178259999
0.0162517006
0.0141036117
0.0112779384
0.0080292750
0.0049735158
0.0023678950
-0.0000286498
-0.0026058012
-0.0055045566
-0.0086406182
-0.0118140945
-0.0148467917
-0.0176822470
-0.0202984982
-0.0224726153
-0.0240561759
-0.0248376267
-0.0243433183
-0.0223051287
-0.0189874581
-0.0149898432
-0.0110519120
-0.0079657637
-0.0063172117
-0.0063922057
-0.0079192007
-0.0102579950
-0.0126976055
-0.0147802813
-0.0159924877
-0.0155187411
-0.0130566892
-0.0092267903
-0.0049533487
-0.0008624001
0.0026076957
0.0045095211
0.0044331677
0.0029910156
0.0009144999
-0.0008364933
-0.0017205060
-0.0018285148
-0.0012181369
-0.0000807958
0.0010617057
0.0016188395
0.0015756010
0.0010862600
0.0003443641
-0.0002946065
-0.0005940689
0.0000192898
0.0017674895
0.0043746645
0.0075595709
0.0110276453
0.0145706449
0.0179489219
0.0206279660
0.0222672389
0.0230287555
0.0233160306
0.0233478125
0.0233236450
0.0230902124
0.0226034282
0.0222001974
0.0217979456
0.0212636636
0.0206925573
0.0200649275
0.0192442050
0.0182424063
0.0172965515
0.0165891669
0.0158093501
0.0147433434
0.0137303494
0.0128829426
0.0119396060
0.0108843694
0.0098534984
0.0088017889
0.0073947313
0.0056530614
0.0039017028
0.0023805002
0.0012026258
0.0004497327
0.0001318394
0.0001787313
0.0003674309
0.0003816673
-0.0001245043
-0.0012617970
-0.0026349557
-0.0039483599
-0.0050288411
-0.0057781926
-0.0063329520
-0.0070013124
-0.0077445237
-0.0079623489
-0.0077617657
-0.0077693545
-0.0080433938
-0.0084876526
-0.0090950577
-0.0098085959
-0.0102626892
-0.0099882345
-0.0087110876
-0.0065115158
-0.0037387594
-0.0006827493
0.0022569271
0.0048453448
0.0070651980
0.0088311376
0.0100165976
0.0105634526
0.0106224497
0.0104981530
0.0104507077
0.0105046377
0.0105666942
0.0105633345
0.0105606692
0.0104761530
0.0098939201
0.0085079601
0.0066784506
0.0049507303
0.0033221119
0.0017607862
0.0003715986
-0.0006416873
-0.0010554306
-0.0009345720
-0.0005731574
-0.0000908619
0.0004986508
0.0011133092
0.0016656555
0.0020693454
0.0023053115
0.0023368808
0.0021608447
0.0020236576
0.0021328988
0.0024802440
0.0029336337
0.0035198910
0.0043200587
0.0050049444
0.0052706968
0.0051415081
0.0048376166
0.0046185175
0.0043908265
0.0042458042
0.0043871083
0.0046396818
0.0048816258
0.0052139758
0.0056631023
0.0061407872
0.0067240398
0.0073961930
0.0079235465
0.0082812735
0.0085592830
0.0088044937
0.0089014179
0.0086314222
0.0080072701
0.0071975831
0.0063573901
0.0057250630
0.0054959086
0.0054312569
0.0053693012
0.0052969819
0.0052028759
0.0051291917
0.0050470825
0.0049642576
0.0049961906
0.0052376427
0.0055579766
0.0058087235
0.0060790608
0.0063877324
0.0066060963
0.0066237574
0.0064526274
0.0062046646
0.0059561263
0.0057190596
0.0055186076
0.0054458107
0.0055656745
0.0058242226
0.0060615324
0.0061828527
0.0061443244
0.0059009956
0.0054686533
0.0049442609
0.0044445303
0.0041574653
0.0040873699
0.0040803070
0.0039947832
0.0037584862
0.0033327935
0.0027404449
0.0021173130
0.0016173019
0.0013158833
0.0012066793
0.0012108483
0.0012935226
0.0014384771
0.0015171620
0.0013887537
0.0011030516
0.0007899356
0.0004676851
0.0000769713
-0.0003036794
-0.0005346539
-0.0006980283
-0.0009014182
-0.0010910088
-0.0012227680
-0.0013341982
-0.0014527932
-0.0015614959
-0.0016185462
-0.0016056329
-0.0015110737
-0.0013195871
-0.0010130556
-0.0006478820
-0.0003055499
-0.0000215757
0.0002066489
0.0004031510
0.0005786768
0.0007324256
0.0008880425
0.0010695584
0.0012662602
0.0014448559
0.0015796350
0.0016697671
0.0017063383
0.0016883026
0.0016406916
0.0015990754
0.0015980726
0.0016461767
0.0017108696
0.0017580580
0.0017621653
0.0017141556
0.0016303867
0.0015290276
0.0014487805
0.0014284420
0.0014705229
0.0015489541
0.0016358481
0.0017008787
0.0017177612
0.0016621917
0.0015344487
0.0013697180
0.0012037068
0.0010542830
0.0009285671
0.0008344552
0.0007685954
0.0007177329
0.0006758309
0.0006379783
0.0006008124
0.0005602359
0.0005101581
0.0004446551
0.0003714876
0.0003048407
0.0002500157
0.0002098118
0.0001869168
0.0001780639
0.0001756530
0.0001746822
0.0001711135
0.0001628582
0.0001492451
0.0001304552
0.0001074678
0.0000812685
0.0000531574
0.0000253049
-0.0000014740
-0.0000265488
-0.0000496484
-0.0000716501
-0.0000936623
-0.0001164893
-0.0001407725
-0.0001672701
-0.0001953991
-0.0002239892
-0.0002521719
-0.0002788803
-0.0003032015
-0.0003250859
-0.0003448284
-0.0003627577
-0.0003793088
-0.0003948249
-0.0004097514
-0.0004243792
-0.0004388680
-0.0004532276
-0.0004673820
-0.0004813971
-0.0004952940
-0.0005090205
-0.0005224584
-0.0005355686
-0.0005484419
-0.0005611452
-0.0005737120
-0.0005861638
-0.0005985101
-0.0006107354
-0.0006228022
-0.0006346747
-0.0006463385
-0.0006577941
-0.0006690449
-0.0006800943
-0.0006909433
-0.0007015905
-0.0007120345
-0.0007222749
-0.0007323116
