0.0019261744
0.0019236224
0.0019210699
0.0019185202
0.0019159617
0.0019134186
0.0019108688
0.0019083291
0.0019057848
0.0019032400
0.0019006822
0.0018981218
0.0018955515
0.0018929839
0.0018904444
0.0018879477
0.0018854517
0.0018829541
0.0018803632
0.0018776597
0.0018748281
0.0018719209
0.0018690418
0.0018663956
0.0018640574
0.0018619088
0.0018595263
0.0018565655
0.0018531098
0.0018497413
0.0018471191
0.0018455146
0.0018445338
0.0018433698
0.0018413127
0.0018383371
0.0018351149
0.0018323970
0.0018304369
0.0018292295
0.0018288887
0.0018293670
0.0018300665
0.0018299574
0.0018279253
0.0018231853
0.0018158811
0.0018077534
0.0018014314
0.0017980188
0.0017958426
0.0017924943
0.0017880996
0.0017849465
0.0017831660
0.0017787145
0.0017673616
0.0017500474
0.0017329639
0.0017225597
0.0017216161
0.0017289456
0.0017402398
0.0017493552
0.0017517467
0.0017492257
0.0017501856
0.0017614763
0.0017808617
0.0018003066
0.0018144725
0.0018226823
0.0018236706
0.0018145653
0.0017971199
0.0017781590
0.0017621887
0.0017457340
0.0017244776
0.0017021863
0.0016920701
0.0017094346
0.0017589074
0.0018270007
0.0018818992
0.0018880638
0.0018314239
0.0017343769
0.0016447971
0.0016024115
0.0016155425
0.0016701880
0.0017524525
0.0018463132
0.0019189448
0.0019289692
0.0018606120
0.0017407439
0.0016190603
0.0015301291
0.0014904889
0.0015054251
0.0015594590
0.0016030072
0.0015774204
0.0014627316
0.0013002384
0.0011663845
0.0011297785
0.0012149038
0.0013779951
0.0015223619
0.0015654602
0.0014972934
0.0013823024
0.0013096666
0.0013413404
0.0014940492
0.0017405787
0.0019979585
0.0021365924
0.0020434280
0.0017101649
0.0012645190
0.0008924171
0.0007232155
0.0007916840
0.0010560234
0.0014016412
0.0016499034
0.0016524421
0.0014040477
0.0010609736
0.0008269016
0.0008483421
0.0011877661
0.0018117337
0.0025674517
0.0032192340
0.0035706783
0.0035779647
0.0033591734
0.0031076889
0.0029430122
0.0028225939
0.0025652277
0.0020290011
0.0012617532
0.0005328365
0.0001555877
0.0002579666
0.0007648165
0.0015417064
0.0024303589
0.0031246213
0.0032419533
0.0026287334
0.0015586283
0.0005590338
0.0000270660
0.0000456354
0.0004711202
0.0010418740
0.0014257555
0.0013401082
0.0007210160
-0.0001865162
-0.0009723333
-0.0013507320
-0.0012682129
-0.0008460602
-0.0003215788
0.0000687373
0.0002746411
0.0003770127
0.0003643761
0.0001987340
0.0001018307
0.0004708096
0.0013439463
0.0021900968
0.0023433542
0.0015716898
0.0002189232
-0.0011204357
-0.0019776585
-0.0021233770
-0.0016392835
-0.0009030521
-0.0003468180
-0.0001305215
-0.0001773382
-0.0004127207
-0.0008123162
-0.0011076375
-0.0006347930
0.0011997648
0.0042057150
0.0073274337
0.0093945446
0.0098713507
0.0090160671
0.0075343498
0.0061493130
0.0052943766
0.0049932921
0.0049470496
0.0048357138
0.0044817225
0.0037851741
0.0026703696
0.0012982980
0.0003281479
0.0005514642
0.0019072684
0.0032756382
0.0035339702
0.0026214592
0.0013159922
0.0003704265
0.0000786038
0.0003516535
0.0007357636
0.0003297693
-0.0015527294
-0.0044844198
-0.0069760925
-0.0076331736
-0.0062843223
-0.0040779202
-0.0024847664
-0.0023091775
-0.0033524991
-0.0046399278
-0.0049442826
-0.0034294814
-0.0001207623
0.0042003378
0.0084662924
0.0117518948
0.0133223610
0.0127439533
0.0102361031
0.0068795968
0.0040930062
0.0027174861
0.0025698704
0.0028840319
0.0031245693
0.0033117051
0.0037280982
0.0046210902
0.0058644346
0.0067890861
0.0063479573
0.0037895302
-0.0004967556
-0.0048655875
-0.0071476455
-0.0059148193
-0.0015836268
0.0033832068
0.0056931526
0.0032500906
-0.0033413265
-0.0110741367
-0.0164741600
-0.0175982956
-0.0144817286
-0.0084979642
-0.0017406941
0.0036482087
0.0063895622
0.0065556758
0.0050173458
0.0027642820
0.0009663855
0.0010556689
0.0036964924
0.0075127874
0.0098352955
0.0090070572
0.0057136051
0.0021097520
0.0000807317
0.0005002324
0.0031387509
0.0065624858
0.0084615414
0.0070061653
0.0021033101
-0.0047161224
-0.0115438954
-0.0168813049
-0.0196914395
-0.0195940351
-0.0173850795
-0.0141700742
-0.0097254957
-0.0035108907
0.0026508501
0.0054395463
0.0043143494
0.0026022559
0.0039287520
0.0087107918
0.0141819290
0.0169916667
0.0156945188
0.0114926583
0.0071524270
0.0049041293
0.0046732305
0.0044863566
0.0028962447
0.0005725619
-0.0009844461
-0.0015295096
-0.0023779311
-0.0047087499
-0.0079506161
-0.0103089707
-0.0105683135
-0.0090848536
-0.0072329161
-0.0062844334
-0.0068398319
-0.0084709480
-0.0097434797
-0.0091106364
-0.0059557978
-0.0008518221
0.0047428174
0.0089203022
0.0103673969
0.0094128365
0.0078588718
0.0075477026
0.0089792060
0.0111879560
0.0129319459
0.0136779408
0.0136648945
0.0135348088
0.0141506296
0.0156382138
0.0164028184
0.0139211485
0.0072609035
-0.0015405952
-0.0088017344
-0.0117723180
-0.0098464511
-0.0042167759
0.0024527392
0.0064093656
0.0042998536
-0.0041703112
-0.0151099377
-0.0226995990
-0.0234073500
-0.0184123155
-0.0124610675
-0.0100654378
-0.0122549945
-0.0164807083
-0.0189336339
-0.0170660232
-0.0108141927
-0.0024598417
0.0047450307
0.0085792937
0.0091603096
0.0085112646
0.0089482192
0.0115332669
0.0156521532
0.0194326229
0.0208929827
0.0188197677
0.0133525032
0.0059289010
-0.0011087393
-0.0055806436
-0.0070362616
-0.0074066764
-0.0093094959
-0.0136209836
-0.0186952679
-0.0218284762
-0.0216287365
-0.0192129264
-0.0170917499
-0.0167934459
-0.0175281004
-0.0171120261
-0.0139188652
-0.0080459644
-0.0010982988
0.0049125105
0.0087854301
0.0108827841
0.0125685183
0.0150159078
0.0181354533
0.0202573625
0.0194736290
0.0153858520
0.0096980171
0.0051011071
0.0032322685
0.0035197204
0.0041208238
0.0037275843
0.0023725114
0.0004997062
-0.0022681238
-0.0066435851
-0.0119588710
-0.0156509037
-0.0150149643
-0.0100482621
-0.0041746512
-0.0014921749
-0.0031520098
-0.0064929232
-0.0078612698
-0.0062663856
-0.0041552844
-0.0046107849
-0.0082812226
-0.0128594159
-0.0153955397
-0.0144724680
-0.0108192832
-0.0063484675
-0.0027891204
-0.0005445688
0.0009608842
0.0021606473
0.0029894490
0.0034909733
0.0044283000
0.0071063561
0.0124398403
0.0197138635
0.0262488298
0.0287274105
0.0257467694
0.0191225723
0.0126379816
0.0091650672
0.0083552125
0.0067319010
0.0011680721
-0.0077271914
-0.0164814461
-0.0225686843
-0.0264084069
-0.0294644933
-0.0315035140
-0.0307926798
-0.0269303791
-0.0220731632
-0.0188499030
-0.0174482800
-0.0156437179
-0.0115717504
-0.0054750757
0.0013036921
0.0080191277
0.0146210341
0.0208714536
0.0258580727
0.0285717129
0.0286770551
0.0266395319
0.0232644688
0.0191579959
0.0143962718
0.0086211130
0.0019100279
-0.0047922524
-0.0099835791
-0.0130987238
-0.0150986220
-0.0172434889
-0.0196466537
-0.0214637189
-0.0223058225
-0.0225564078
-0.0225763665
-0.0222669569
-0.0215919269
-0.0211515235
-0.0215341630
-0.0221685725
-0.0215430759
-0.0184698656
-0.0128931483
-0.0057374030
0.0013427897
0.0066151084
0.0095905779
0.0117460761
0.0151654384
0.0203086184
0.0255892391
0.0288336900
0.0293577493
0.0284106900
0.0277429416
0.0280561967
0.0288289655
0.0288562757
0.0268574720
0.0218941682
0.0143676276
0.0063236611
0.0004738114
-0.0017055851
-0.0014861095
-0.0023177593
-0.0070137945
-0.0152906976
-0.0238781630
-0.0284613884
-0.0265229098
-0.0193476392
-0.0114430895
-0.0072475302
-0.0079939814
-0.0113332024
-0.0136160685
-0.0122372598
-0.0067286934
0.0010279847
0.0078554301
0.0109063647
0.0093129183
0.0043043611
-0.0014376206
-0.0050429332
-0.0048657558
-0.0011665272
0.0045026755
0.0103484709
0.0149990693
0.0176667495
0.0180167481
0.0160985099
0.0123806365
0.0074543899
0.0015734917
-0.0048860741
-0.0104388272
-0.0125125537
-0.0096092797
-0.0038082002
0.0000814318
-0.0014671081
-0.0076744801
-0.0145935309
-0.0188013484
-0.0195779208
-0.0181580392
-0.0160544681
-0.0145910861
-0.0145692257
-0.0154186177
-0.0148789092
-0.0108563030
-0.0042745682
0.0006616127
-0.0000886659
-0.0063349052
-0.0133682302
-0.0156742879
-0.0110343304
-0.0015900683
0.0082044614
0.0146363734
0.0164538891
0.0145833676
0.0108637447
0.0070220466
0.0042923948
0.0034939500
0.0047105752
0.0069065177
0.0084651736
0.0085681682
0.0081391208
0.0089585330
0.0115233975
0.0142983008
0.0153227812
0.0143699900
0.0128233173
0.0114594523
0.0092517033
0.0048682556
-0.0010773135
-0.0061418109
-0.0088447259
-0.0105529092
-0.0139081830
-0.0196103768
-0.0250195285
-0.0261249194
-0.0214901125
-0.0141009202
-0.0091634876
-0.0100849311
-0.0161997599
-0.0238163107
-0.0287908439
-0.0282375992
-0.0213054611
-0.0096816401
0.0029113567
0.0125698558
0.0176086633
0.0191346507
0.0192974717
0.0191874595
0.0184510319
0.0164027631
0.0132602168
0.0101325705
0.0079691110
0.0071934674
0.0080909918
0.0103986989
0.0126112258
0.0127320543
0.0101004249
0.0059243678
0.0019492146
-0.0010751677
-0.0036683792
-0.0069062281
-0.0115418972
-0.0170891395
-0.0216171729
-0.0227028282
-0.0198173904
-0.0155238392
-0.0133943222
-0.0145567342
-0.0163929256
-0.0146231937
-0.0067429472
0.0060986062
0.0197668271
0.0296658052
0.0334454009
0.0319377693
0.0278806953
0.0239666385
0.0215948333
0.0207605684
0.0205253313
0.0199739108
0.0188581530
0.0177180538
0.0172481446
0.0174567804
0.0173303782
0.0153103094
0.0104125131
0.0033459366
-0.0038882530
-0.0094098487
-0.0125772257
-0.0141114701
-0.0156663800
-0.0188428563
-0.0237661433
-0.0284637796
-0.0298914137
-0.0263148196
-0.0190266416
-0.0111803566
-0.0054206017
-0.0026885452
-0.0022505574
-0.0024428269
-0.0016389642
0.0009247812
0.0051258118
0.0102024147
0.0146955900
0.0169808390
0.0166545991
0.0150192853
0.0139414130
0.0141958548
0.0154093920
0.0171075502
0.0185692220
0.0180067228
0.0133772318
0.0045566732
-0.0055399028
-0.0128601416
-0.0152266990
-0.0135520046
-0.0104164352
-0.0078974261
-0.0064162096
-0.0051322795
-0.0029158101
0.0005089252
0.0037333576
0.0041775213
0.0002019726
-0.0067104085
-0.0120549108
-0.0118335223
-0.0066890583
-0.0015746627
-0.0009511049
-0.0047089285
-0.0087202526
-0.0082994262
-0.0015510740
0.0092460973
0.0190624765
0.0234612644
0.0211684676
0.0141515723
0.0053690854
-0.0031346659
-0.0105930600
-0.0169538030
-0.0223545981
-0.0267071892
-0.0296745673
-0.0309014919
-0.0301706419
-0.0273864233
-0.0226859107
-0.0162589192
-0.0082011655
0.0011968445
0.0110767187
0.0198373837
0.0257728515
0.0279742382
0.0268943010
0.0241453067
0.0215819508
0.0200657954
0.0187695868
0.0161132221
0.0114131135
0.0055823371
-0.0001158768
-0.0053765060
-0.0105750039
-0.0154578068
-0.0189635109
-0.0203927137
-0.0199766789
-0.0181288487
-0.0154441251
-0.0131719288
-0.0127504292
-0.0141685245
-0.0152534178
-0.0137474391
-0.0098404892
-0.0058452874
-0.0033810456
-0.0019418014
-0.0003682650
0.0015950528
0.0036005438
0.0052144674
0.0057671395
0.0042567513
0.0005023751
-0.0039958161
-0.0068848801
-0.0067657271
-0.0040195685
-0.0001658737
0.0033547820
0.0058899828
0.0077573934
0.0094552729
0.0105520489
0.0098919564
0.0068325828
0.0019051346
-0.0036310139
-0.0087088691
-0.0131040447
-0.0171040065
-0.0206656654
-0.0231587653
-0.0239412727
-0.0229537291
-0.0208750748
-0.0191351870
-0.0191919982
-0.0211540314
-0.0236080354
-0.0249768966
-0.0246757162
-0.0228519309
-0.0196227995
-0.0152052626
-0.0103814725
-0.0061468021
-0.0025519976
0.0017828473
0.0082437761
0.0162668510
0.0232063446
0.0264312882
0.0253564556
0.0214256775
0.0167089952
0.0128765074
0.0108299573
0.0107650965
0.0120985154
0.0137500212
0.0149471603
0.0154722738
0.0152543157
0.0140664269
0.0117870284
0.0089362413
0.0063935402
0.0040153923
0.0002947644
-0.0059577724
-0.0137032766
-0.0201317528
-0.0232429678
-0.0235097060
-0.0230407955
-0.0239752112
-0.0270317469
-0.0308690954
-0.0331775960
-0.0325575181
-0.0294451512
-0.0252687459
-0.0210552898
-0.0172110316
-0.0143408235
-0.0133814037
-0.0145307419
-0.0164458195
-0.0167662635
-0.0135997005
-0.0067461264
0.0019494535
0.0093192414
0.0127627274
0.0116905743
0.0077441600
0.0034298367
0.0006778342
0.0001199187
0.0011147305
0.0023352879
0.0030427229
0.0043347121
0.0083539672
0.0155381427
0.0228820804
0.0261144730
0.0236411480
0.0176442929
0.0115583257
0.0071167762
0.0038405773
0.0006753850
-0.0027441461
-0.0059578453
-0.0084770506
-0.0102535635
-0.0114072834
-0.0117087685
-0.0103594155
-0.0067121367
-0.0014662006
0.0030780658
0.0044726059
0.0023901932
-0.0009409133
-0.0025849700
-0.0012652887
0.0019704514
0.0049793014
0.0061828130
0.0056433821
0.0049808396
0.0059886745
0.0089632582
0.0124028382
0.0145714892
0.0153404591
0.0160741457
0.0178290494
0.0198623349
0.0205204242
0.0190632810
0.0165829287
0.0153001093
0.0168111184
0.0209369257
0.0257204601
0.0286365147
0.0281851275
0.0246693584
0.0196823236
0.0151657147
0.0125667956
0.0121130909
0.0123915712
0.0108227258
0.0057419438
-0.0016224873
-0.0079658130
-0.0106098674
-0.0094611732
-0.0065060797
-0.0040849621
-0.0036104432
-0.0053947156
-0.0088736131
-0.0127935773
-0.0159417456
-0.0184158669
-0.0216683913
-0.0267221975
-0.0325728285
-0.0368745410
-0.0382619337
-0.0376567348
-0.0371235034
-0.0375894184
-0.0378667355
-0.0360255725
-0.0316501317
-0.0261487738
-0.0208590248
-0.0155005983
-0.0088130817
-0.0002084700
0.0093231331
0.0181526572
0.0252967282
0.0306627033
0.0342353615
0.0355864620
0.0344621785
0.0316270110
0.0285851148
0.0263589039
0.0246526701
0.0222504771
0.0181738947
0.0124005403
0.0057230606
-0.0006767810
-0.0055900224
-0.0080287105
-0.0075918745
-0.0049330057
-0.0012977896
0.0025332071
0.0063631500
0.0097242381
0.0114766953
0.0111420324
0.0099438744
0.0094387986
0.0093065424
0.0070177045
0.0000790136
-0.0111702682
-0.0231940496
-0.0320671550
-0.0365244566
-0.0379549637
-0.0378069860
-0.0361016174
-0.0328084157
-0.0292044133
-0.0267134030
-0.0250972763
-0.0228731934
-0.0193057027
-0.0152743230
-0.0119918749
-0.0094795961
-0.0064446722
-0.0017744412
0.0039738306
0.0089898646
0.0117027171
0.0116821816
0.0097353329
0.0072631100
0.0050893814
0.0027895434
-0.0006148355
-0.0052171977
-0.0095285116
-0.0116081278
-0.0104683040
-0.0064409697
-0.0008466872
0.0043302091
0.0072198937
0.0072875596
0.0058759150
0.0052206706
0.0066174556
0.0095052286
0.0122527276
0.0139979046
0.0151071314
0.0161665321
0.0167630979
0.0154439454
0.0109460700
0.0035385253
-0.0044938013
-0.0099197683
-0.0104406393
-0.0062801184
-0.0005974146
0.0022345257
-0.0003771836
-0.0073472424
-0.0150883371
-0.0199633253
-0.0203870381
-0.0175324528
-0.0141806410
-0.0125784561
-0.0128401253
-0.0129948033
-0.0106713325
-0.0054587025
0.0003101120
0.0032659822
0.0019307604
-0.0020765981
-0.0052310847
-0.0049171811
-0.0010173070
0.0046408038
0.0097702158
0.0127642508
0.0130167172
0.0106832614
0.0061664077
0.0002285045
-0.0058787413
-0.0107248178
-0.0128398462
-0.0110014857
-0.0053959147
0.0009831275
0.0035095247
-0.0006098978
-0.0098717535
-0.0195223226
-0.0246354740
-0.0226626581
-0.0144454941
-0.0034477651
0.0064021701
0.0126602036
0.0149519157
0.0139160012
0.0103083509
0.0050493752
-0.0004228149
-0.0043072585
-0.0054116732
-0.0039849620
-0.0015100644
0.0004517313
0.0010942159
0.0003282277
-0.0012256624
-0.0022310346
-0.0013785312
0.0016884092
0.0062023688
0.0109050683
0.0145761823
0.0159978560
0.0140412651
0.0081971600
-0.0006494076
-0.0104810537
-0.0192015018
-0.0255330454
-0.0293958712
-0.0316512667
-0.0331123314
-0.0333144778
-0.0308382752
-0.0253587140
-0.0187626009
-0.0137749609
-0.0113534087
-0.0099781714
-0.0071884791
-0.0016026440
0.0066334126
0.0160372676
0.0241785654
0.0286406519
0.0287393478
0.0260041700
0.0228414822
0.0205786068
0.0191572894
0.0182284793
0.0178183092
0.0177703744
0.0171505140
0.0148699582
0.0107303254
0.0054819737
0.0000607529
-0.0044509783
-0.0069965647
-0.0074543450
-0.0072004481
-0.0082657989
-0.0116828764
-0.0167479978
-0.0214142409
-0.0238681263
-0.0240755782
-0.0233901040
-0.0223340282
-0.0193330681
-0.0125142226
-0.0025281995
0.0068153799
0.0112053765
0.0093966305
0.0040443220
-0.0007191245
-0.0023730204
-0.0010220191
0.0019840740
0.0055066501
0.0087113106
0.0108083686
0.0116169368
0.0120649440
0.0135134925
0.0163926400
0.0198640942
0.0227589131
0.0243996458
0.0244721202
0.0226856244
0.0192944391
0.0154715309
0.0125438312
0.0106625056
0.0088628803
0.0063180193
0.0029119453
-0.0013861838
-0.0071525854
-0.0147662167
-0.0232504523
-0.0299018324
-0.0319659989
-0.0286489499
-0.0217725620
-0.0147505711
-0.0105052683
-0.0099466097
-0.0117084343
-0.0133413208
-0.0129877354
-0.0104564432
-0.0065984265
-0.0020489801
0.0027763022
0.0069051551
0.0090179931
0.0086100050
0.0067949770
0.0056954743
0.0067024161
0.0094084775
0.0122243575
0.0138598192
0.0141380706
0.0133618547
0.0115168164
0.0087445705
0.0060755544
0.0048402042
0.0051167740
0.0053733450
0.0040930945
0.0014846577
-0.0006621000
-0.0009244168
0.0004065398
0.0016612085
0.0013482102
-0.0009942828
-0.0054729548
-0.0124832083
-0.0222791355
-0.0335356513
-0.0428963762
-0.0466964944
-0.0439998908
-0.0376716754
-0.0320021877
-0.0292564810
-0.0286807453
-0.0283975429
-0.0273370960
-0.0249499864
-0.0201659398
-0.0120156208
-0.0013854316
0.0087812553
0.0157872103
0.0193257749
0.0210861889
0.0225300605
0.0235781575
0.0231749938
0.0209350343
0.0175414448
0.0139741444
0.0110741612
0.0096456796
0.0103072415
0.0129117586
0.0161924975
0.0186641680
0.0193939719
0.0182099560
0.0156201742
0.0126302242
0.0101260474
0.0080988142
0.0056360389
0.0022584114
-0.0010198096
-0.0025940665
-0.0023858692
-0.0024679392
-0.0052266699
-0.0109410812
-0.0169072790
-0.0193162049
-0.0164543045
-0.0101779826
-0.0042854895
-0.0013814088
-0.0012665368
-0.0018863329
-0.0012598477
0.0014083823
0.0057103077
0.0102127330
0.0128010259
0.0118294742
0.0075660460
0.0023976196
-0.0007239148
-0.0001193674
0.0038839108
0.0095365249
0.0146611591
0.0174623354
0.0170688161
0.0139212007
0.0095176449
0.0054300145
0.0023972768
0.0002028693
-0.0013826012
-0.0020086312
-0.0012240241
0.0005997564
0.0023089557
0.0029094840
0.0025546531
0.0024494976
0.0036143443
0.0058611008
0.0077384355
0.0078552687
0.0063467833
0.0047848292
0.0047662145
0.0067362019
0.0101038474
0.0137414992
0.0161717164
0.0160799896
0.0130382789
0.0078155405
0.0018328148
-0.0036491770
-0.0074659755
-0.0085668003
-0.0070359304
-0.0046721501
-0.0040289871
-0.0059279903
-0.0086288518
-0.0098508459
-0.0090817939
-0.0077296688
-0.0070691294
-0.0068505291
-0.0062348332
-0.0055623770
-0.0063771432
-0.0097002867
-0.0146757295
-0.0190559937
-0.0208556596
-0.0193207479
-0.0147509067
-0.0081178913
-0.0010575868
0.0044314275
0.0067639029
0.0058404109
0.0035107924
0.0025995422
0.0047754711
0.0093858011
0.0142812027
0.0177400411
0.0192439108
0.0188305847
0.0170445483
0.0152279962
0.0144339114
0.0142734211
0.0135807942
0.0119599858
0.0098682106
0.0076465528
0.0049704603
0.0018576661
-0.0003408277
-0.0000910792
0.0021221923
0.0035604815
0.0016673050
-0.0034519154
-0.0094402797
-0.0139765338
-0.0164265366
-0.0179162551
-0.0200727335
-0.0233258709
-0.0260255325
-0.0260024069
-0.0232921967
-0.0207649025
-0.0213837740
-0.0248710494
-0.0278991120
-0.0274999375
-0.0239058355
-0.0198688402
-0.0175414045
-0.0165723756
-0.0150506838
-0.0115055332
-0.0059934742
0.0001352073
0.0053599525
0.0092309378
0.0127248925
0.0174423597
0.0238154776
0.0301281677
0.0338011939
0.0335197300
0.0300974039
0.0255395168
0.0214736517
0.0182119209
0.0147540293
0.0095777801
0.0018844593
-0.0072533171
-0.0154429118
-0.0206464231
-0.0222485670
-0.0211328340
-0.0193037755
-0.0190408631
-0.0214040300
-0.0254276907
-0.0290435361
-0.0306395847
-0.0297508686
-0.0263425408
-0.0201995936
-0.0117632167
-0.0031670580
0.0030660590
0.0064083467
0.0085454386
0.0110879378
0.0139231616
0.0162358745
0.0177425792
0.0183789055
0.0177615684
0.0154661088
0.0115418977
0.0063849430
0.0004641296
-0.0053663757
-0.0100278460
-0.0128825309
-0.0139582869
-0.0133676477
-0.0113219706
-0.0091458681
-0.0092944021
-0.0133269308
-0.0201773617
-0.0268294911
-0.0308643749
-0.0316148714
-0.0291123524
-0.0227948933
-0.0124510249
-0.0000875770
0.0105256722
0.0167306234
0.0189191987
0.0193426248
0.0195309680
0.0193569561
0.0181819779
0.0162035595
0.0145687041
0.0142448879
0.0150914660
0.0159254160
0.0157100218
0.0145673273
0.0134288208
0.0127783779
0.0119071018
0.0096138653
0.0053983160
-0.0000756030
-0.0056082580
-0.0103383486
-0.0139474640
-0.0162533857
-0.0170826839
-0.0167386295
-0.0160819924
-0.0157265083
-0.0153242249
-0.0137770875
-0.0101491121
-0.0043983354
0.0024243227
0.0085640568
0.0120923693
0.0119719466
0.0091304374
0.0058479504
0.0034885667
0.0012330804
-0.0024260026
-0.0073564138
-0.0115201450
-0.0128625579
-0.0110377052
-0.0073984291
-0.0036350327
-0.0004651531
0.0024646597
0.0056230529
0.0087858413
0.0112448922
0.0126061156
0.0128555168
0.0116249580
0.0082846091
0.0035055071
-0.0003201618
-0.0014794272
-0.0014799866
-0.0038343029
-0.0102715349
-0.0187533722
-0.0253039758
-0.0271616495
-0.0242945039
-0.0186068801
-0.0123462759
-0.0073286877
-0.0046398000
-0.0040830499
-0.0038052407
-0.0013519660
0.0044497953
0.0122248748
0.0188146119
0.0219382284
0.0220112578
0.0213002956
0.0215454935
0.0226806856
0.0232128814
0.0217154041
0.0183043082
0.0146919756
0.0122044082
0.0098382052
0.0053182429
-0.0021896058
-0.0106797560
-0.0167288324
-0.0180299623
-0.0143141133
-0.0070131250
0.0012423443
0.0077177937
0.0110215150
0.0117622803
0.0118283170
0.0130690184
0.0161150206
0.0199802884
0.0228653596
0.0235617129
0.0218084026
0.0178272916
0.0120859993
0.0054612538
-0.0007299440
-0.0051698848
-0.0071624671
-0.0074349392
-0.0077626976
-0.0098154292
-0.0144706839
-0.0217792566
-0.0308577705
-0.0397108537
-0.0460350459
-0.0488113874
-0.0485654982
-0.0460769723
-0.0411786309
-0.0330883342
-0.0219886617
-0.0098202192
0.0012874768
0.0109865163
0.0204909304
0.0305178146
0.0395382963
0.0446618723
0.0441870194
0.0388916629
0.0306946257
0.0208559549
0.0098619450
-0.0016106253
-0.0124845428
-0.0221699115
-0.0305187596
-0.0367832872
-0.0399147579
-0.0397230079
-0.0372065471
-0.0339151734
-0.0315049578
-0.0306629212
-0.0302357544
-0.0283189050
-0.0247804952
-0.0220920618
-0.0229183790
-0.0271356919
-0.0313698860
-0.0318494285
-0.0279798083
-0.0231882712
-0.0219991461
-0.0258637634
-0.0317266487
-0.0341395162
-0.0289933909
-0.0166293804
-0.0018074562
0.0101530971
0.0174667634
0.0225032698
0.0285221658
0.0360205197
0.0426952942
0.0460796635
0.0457744878
0.0433173119
0.0404763847
0.0380818967
0.0358579134
0.0326484638
0.0266569271
0.0163848517
0.0021946841
-0.0132477407
-0.0261022463
-0.0337466499
-0.0364192294
-0.0367416728
-0.0372949907
-0.0390145586
-0.0412340695
-0.0424803593
-0.0417188352
-0.0393080334
-0.0364860724
-0.0336961606
-0.0297896258
-0.0233309820
-0.0144126649
-0.0051543108
0.0018514466
0.0054763099
0.0066570681
0.0076051593
0.0104147589
0.0159030956
0.0232359017
0.0308843256
0.0377347324
0.0430260553
0.0456017529
0.0441261055
0.0384223854
0.0302069249
0.0219711506
0.0151444329
0.0093881983
0.0033212612
-0.0041554839
-0.0132489187
-0.0231764006
-0.0324077789
-0.0390751965
-0.0422090330
-0.0423981061
-0.0408891854
-0.0382820846
-0.0343837775
-0.0287854170
-0.0211723871
-0.0115645886
-0.0008464710
0.0092335227
0.0170599416
0.0224704539
0.0268761910
0.0317902869
0.0372295577
0.0417837624
0.0437960696
0.0422815743
0.0368748003
0.0279090280
0.0171446159
0.0075624886
0.0010190202
-0.0035614898
-0.0087094958
-0.0152094497
-0.0214167022
-0.0253814969
-0.0259135442
-0.0220182526
-0.0135518298
-0.0030204998
0.0050245154
0.0072300221
0.0039488716
-0.0016230156
-0.0058318679
-0.0062830034
-0.0027890533
0.0025868018
0.0066713597
0.0073070784
0.0050078477
0.0018428026
-0.0007210429
-0.0025236371
-0.0037480810
-0.0043190440
-0.0043238200
-0.0044335805
-0.0057003870
-0.0088706990
-0.0137515252
-0.0191048473
-0.0231874768
-0.0247004635
-0.0242505505
-0.0243994285
-0.0271711694
-0.0316603221
-0.0349199248
-0.0349787416
-0.0322730516
-0.0284784565
-0.0247568110
-0.0212131525
-0.0177492565
-0.0146742780
-0.0121528605
-0.0096422798
-0.0059240452
0.0004491896
0.0099541741
0.0211933377
0.0315689783
0.0388968529
0.0422473955
0.0420534943
0.0395804358
0.0356318763
0.0301432764
0.0231382549
0.0153749524
0.0078534233
0.0014435648
-0.0029087563
-0.0045854675
-0.0040970478
-0.0029363707
-0.0021344555
-0.0016208753
-0.0010932918
-0.0006991864
-0.0005946489
-0.0002870889
0.0014507385
0.0056100533
0.0117497928
0.0182143497
0.0232757923
0.0257959376
0.0252323495
0.0219027702
0.0172258063
0.0128677856
0.0096165262
0.0066698453
0.0021209469
-0.0051841955
-0.0140870959
-0.0213854557
-0.0242609892
-0.0230327169
-0.0210461596
-0.0213217863
-0.0234422362
-0.0244538717
-0.0225652478
-0.0193516294
-0.0180377087
-0.0199858659
-0.0232911578
-0.0243922112
-0.0214719130
-0.0165597432
-0.0138563519
-0.0156409467
-0.0199055118
-0.0221853037
-0.0197048702
-0.0132800572
-0.0053984985
0.0020835080
0.0081295981
0.0118599177
0.0129232064
0.0124703776
0.0126654083
0.0149116841
0.0188976841
0.0232405358
0.0269121532
0.0297631980
0.0318215033
0.0329464138
0.0333395009
0.0334583596
0.0329538124
0.0304708094
0.0249123839
0.0165953591
0.0068071993
-0.0031552506
-0.0122714749
-0.0192798537
-0.0227968756
-0.0224060353
-0.0194065050
-0.0163866892
-0.0158252546
-0.0185028200
-0.0226768678
-0.0252955044
-0.0243522244
-0.0204420249
-0.0158284699
-0.0123939193
-0.0105761944
-0.0099037350
-0.0097511622
-0.0094337832
-0.0079740331
-0.0043637052
0.0014061808
0.0079511671
0.0133670285
0.0163751209
0.0168435918
0.0158397790
0.0154650637
0.0177239656
0.0225961404
0.0270757804
0.0266802486
0.0190584884
0.0065453516
-0.0047743487
-0.0097490763
-0.0079374748
-0.0032703652
-0.0001976595
-0.0004958556
-0.0030998419
-0.0059776966
-0.0079778465
-0.0089806120
-0.0088763810
-0.0070480368
-0.0030582209
0.0021383336
0.0065320936
0.0084894427
0.0077990059
0.0055393248
0.0033812976
0.0026112931
0.0030592264
0.0030203832
0.0002301980
-0.0065070160
-0.0161623424
-0.0259293529
-0.0328666484
-0.0356037678
-0.0346525889
-0.0314807936
-0.0275679576
-0.0239940416
-0.0214494149
-0.0204596447
-0.0211959134
-0.0227673258
-0.0232204444
-0.0207831754
-0.0159461652
-0.0118699045
-0.0116458766
-0.0151125435
-0.0189088568
-0.0199702371
-0.0181953863
-0.0157215363
-0.0142256727
-0.0132196106
-0.0108620586
-0.0057023180
0.0022039870
0.0112844306
0.0194729601
0.0254688442
0.0290917743
0.0308254884
0.0312238305
0.0310226853
0.0312155138
0.0324115516
0.0341922653
0.0357997463
0.0374505337
0.0404347367
0.0453742981
0.0504598370
0.0520054117
0.0469775502
0.0350488029
0.0187800579
0.0023420172
-0.0102608260
-0.0174485235
-0.0210812826
-0.0247737667
-0.0306392298
-0.0372233629
-0.0407664636
-0.0385125685
-0.0305211889
-0.0192526755
-0.0078799939
0.0011420866
0.0063919121
0.0072593909
0.0042728406
-0.0002721366
-0.0030075589
-0.0016748177
0.0031595962
0.0087777273
0.0127742586
0.0145090358
0.0144364350
0.0127056783
0.0090864099
0.0040906046
-0.0003938323
-0.0019852607
0.0005542414
0.0063986770
0.0126605470
0.0156298071
0.0134281475
0.0077314242
0.0024751652
0.0000712048
-0.0003785718
-0.0010113799
-0.0024640490
-0.0038602260
-0.0043705878
-0.0037714663
-0.0020606350
0.0003400662
0.0023770151
0.0030097650
0.0022015147
0.0007386565
-0.0007128610
-0.0017865323
-0.0022173685
-0.0020144676
-0.0018733674
-0.0025950584
-0.0040992035
-0.0054557487
-0.0059396406
-0.0052415956
-0.0030122368
0.0011284649
0.0068417862
0.0126406208
0.0166873854
0.0184008630
0.0187929257
0.0188660445
0.0182446346
0.0157314556
0.0108667198
0.0048228094
-0.0005858594
-0.0043176632
-0.0064876806
-0.0078540378
-0.0092805047
-0.0108475293
-0.0114608714
-0.0095409353
-0.0042772740
0.0037121466
0.0129143833
0.0216108508
0.0280403645
0.0309163960
0.0304945882
0.0288537918
0.0285841645
0.0306627948
0.0339871704
0.0367682016
0.0378258444
0.0369031883
0.0343003565
0.0307091019
0.0270729970
0.0239270836
0.0207439988
0.0165112790
0.0110271274
0.0053034106
0.0007507439
-0.0017167955
-0.0022469643
-0.0024716165
-0.0047916582
-0.0102305583
-0.0168856659
-0.0214139162
-0.0224339684
-0.0214823641
-0.0205278464
-0.0202001962
-0.0207093614
-0.0227346523
-0.0264554691
-0.0306509636
-0.0339261689
-0.0361780548
-0.0379396036
-0.0387862823
-0.0373589323
-0.0331633478
-0.0275335690
-0.0222139940
-0.0173681999
-0.0116326020
-0.0041364138
0.0040507768
0.0108344597
0.0150237692
0.0169678086
0.0177630133
0.0182421403
0.0186565863
0.0185770225
0.0174226799
0.0155257614
0.0144274982
0.0157084047
0.0192324204
0.0232178496
0.0258655046
0.0268620688
0.0268897676
0.0255007131
0.0204393373
0.0099773074
-0.0039350267
-0.0157814970
-0.0201807725
-0.0158764019
-0.0065164283
0.0024840718
0.0076988356
0.0087004231
0.0069329432
0.0044298431
0.0029757462
0.0034973606
0.0060655016
0.0101085633
0.0144133564
0.0172980437
0.0175243609
0.0151576075
0.0114504789
0.0078081846
0.0048452082
0.0024501476
0.0002110762
-0.0023402313
-0.0053415180
-0.0084357815
-0.0112419415
-0.0139647585
-0.0172298516
-0.0212517109
-0.0253683285
-0.0281414297
-0.0285326931
-0.0273135056
-0.0263057439
-0.0257968877
-0.0235333130
-0.0171457847
-0.0069418340
0.0043832201
0.0142707907
0.0219689533
0.0279689730
0.0326266289
0.0350986643
0.0335899793
0.0269562852
0.0162764335
0.0047315660
-0.0042714979
-0.0089015673
-0.0095005799
-0.0081359205
-0.0074113861
-0.0089035767
-0.0123486590
-0.0160397102
-0.0178521423
-0.0163180835
-0.0112954523
-0.0040328936
0.0034897740
0.0095613074
0.0134791557
0.0154502632
0.0162229979
0.0166086425
0.0170351311
0.0170247993
0.0153734036
0.0111836231
0.0052570480
0.0002115014
-0.0018860715
-0.0018013018
-0.0021765462
-0.0045878409
-0.0085940142
-0.0131439181
-0.0173586548
-0.0197578142
-0.0188657396
-0.0150993377
-0.0109412999
-0.0088349071
-0.0091947741
-0.0105437125
-0.0113959462
-0.0117902835
-0.0129862117
-0.0155440500
-0.0183160560
-0.0193679746
-0.0176069269
-0.0136404588
-0.0093381174
-0.0064417256
-0.0046867929
-0.0015360625
0.0055314407
0.0165015307
0.0287129380
0.0388478438
0.0448491252
0.0462987347
0.0438892279
0.0387697205
0.0324115174
0.0266342664
0.0233689481
0.0238216333
0.0270299265
0.0295188478
0.0276331303
0.0205096695
0.0105986069
0.0015197878
-0.0039894371
-0.0048169456
-0.0013775489
0.0045887756
0.0106002199
0.0147798901
0.0167788180
0.0175200879
0.0181017124
0.0187273015
0.0187252771
0.0173269566
0.0144145952
0.0107979483
0.0076986921
0.0058810285
0.0051312299
0.0045045355
0.0031056818
0.0008040997
-0.0014852627
-0.0021863418
-0.0001970627
0.0044013806
0.0107860661
0.0180469522
0.0252319758
0.0311870038
0.0348718238
0.0359387687
0.0350454841
0.0333332794
0.0316978033
0.0301708604
0.0280965797
0.0249943074
0.0214181619
0.0188689504
0.0187417453
0.0213860409
0.0261056897
0.0313323561
0.0349010066
0.0354114456
0.0334358858
0.0310002578
0.0295491422
0.0281824330
0.0241911290
0.0158120302
0.0042576494
-0.0067485095
-0.0135976824
-0.0148655352
-0.0116448277
-0.0068209536
-0.0033403258
-0.0024259717
-0.0034175490
-0.0052218655
-0.0077139050
-0.0118680045
-0.0185859530
-0.0270576507
-0.0340649759
-0.0354762226
-0.0289697944
-0.0158759607
-0.0006065649
0.0119855950
0.0193561713
0.0221342612
0.0228012689
0.0232990235
0.0239343345
0.0239868760
0.0226602379
0.0192596880
0.0130761534
0.0037186599
-0.0076634765
-0.0174298337
-0.0213747017
-0.0184375032
-0.0122154620
-0.0083472709
-0.0099277827
-0.0154200548
-0.0205139739
-0.0217648126
-0.0187165288
-0.0133850713
-0.0085768626
-0.0064825545
-0.0074297349
-0.0093352426
-0.0094133656
-0.0066975637
-0.0026331582
0.0006353125
0.0022700740
0.0028892183
0.0038629898
0.0064498391
0.0109185994
0.0160418339
0.0196915767
0.0204495736
0.0187101057
0.0160856296
0.0141425333
0.0135650954
0.0140106525
0.0143937251
0.0135295507
0.0109383734
0.0073594201
0.0042911208
0.0027168046
0.0023669558
0.0022294271
0.0020944374
0.0032677245
0.0073916647
0.0147343492
0.0236171870
0.0315052776
0.0363974814
0.0374638192
0.0346049260
0.0280278342
0.0185436787
0.0079008913
-0.0017254600
-0.0085418113
-0.0123168227
-0.0143924323
-0.0161892117
-0.0177302829
-0.0180326109
-0.0165245530
-0.0136079535
-0.0100392420
-0.0063067918
-0.0029359165
-0.0009470875
-0.0012620766
-0.0034701722
-0.0061156867
-0.0079792041
-0.0083927148
-0.0069907596
-0.0044140604
-0.0026941144
-0.0037409520
-0.0071468585
-0.0103200894
-0.0110536197
-0.0096696176
-0.0084181373
-0.0092547182
-0.0121301058
-0.0147920700
-0.0139599252
-0.0076944938
0.0026057398
0.0130013276
0.0201859805
0.0235943398
0.0246128872
0.0245915705
0.0240462497
0.0231291146
0.0223224986
0.0223486920
0.0236520544
0.0259761293
0.0287319300
0.0317220360
0.0354862637
0.0406877407
0.0465784454
0.0505280702
0.0498329589
0.0442975394
0.0367306110
0.0306405318
0.0276391568
0.0268943412
0.0262775465
0.0237527546
0.0185667361
0.0119417600
0.0066412474
0.0054944472
0.0096820253
0.0177436389
0.0264106089
0.0324344675
0.0338839907
0.0304795684
0.0235242492
0.0155093328
0.0090494927
0.0054111485
0.0036280151
0.0012495325
-0.0032925630
-0.0089636140
-0.0125254101
-0.0110382105
-0.0044795710
0.0041412660
0.0115446610
0.0170727122
0.0220416080
0.0265746025
0.0284115858
0.0249875818
0.0157300183
0.0027534709
-0.0102020823
-0.0197457286
-0.0244054882
-0.0248292782
-0.0231257262
-0.0221846593
-0.0244504359
-0.0302885850
-0.0376339241
-0.0432290589
-0.0445022107
-0.0411516400
-0.0355837952
-0.0315477839
-0.0318091081
-0.0368040468
-0.0448085993
-0.0528354533
-0.0575505806
-0.0563602742
-0.0484529976
-0.0351482146
-0.0193909537
-0.0046368098
0.0067782310
0.0148219696
0.0212841791
0.0281399053
0.0362347604
0.0445295778
0.0504777926
0.0521686202
0.0501184273
0.0468484069
0.0450880942
0.0466561760
0.0524697433
0.0622789733
0.0737266619
0.0825319973
0.0849196123
0.0804863214
0.0720567469
0.0627401496
0.0538362613
0.0458384640
0.0398644488
0.0370320863
0.0368497056
0.0369561838
0.0349075112
0.0302172878
0.0245361762
0.0198706081
0.0168566279
0.0146013649
0.0119674547
0.0088241593
0.0061118336
0.0048600322
0.0050259767
0.0052325194
0.0042651129
0.0025303155
0.0015179011
0.0017185147
0.0017249786
-0.0003880728
-0.0050981467
-0.0111255964
-0.0165225247
-0.0196516161
-0.0198173465
-0.0177618435
-0.0154193941
-0.0144582378
-0.0152009019
-0.0168048586
-0.0183507458
-0.0194110621
-0.0196008641
-0.0185716822
-0.0165572520
-0.0147705524
-0.0147392943
-0.0172301745
-0.0223083660
-0.0297380840
-0.0388540250
-0.0483000512
-0.0566607036
-0.0634934711
-0.0694640481
-0.0750320262
-0.0791869908
-0.0798900085
-0.0753965229
-0.0651182127
-0.0499907811
-0.0328917388
-0.0179713088
-0.0078977299
-0.0021303079
0.0018657508
0.0060712142
0.0105545488
0.0140824558
0.0156136371
0.0153979600
0.0149446648
0.0160792832
0.0197062098
0.0253762048
0.0318150667
0.0376915547
0.0413680403
0.0410228688
0.0360502373
0.0281870017
0.0204979846
0.0152015408
0.0125214526
0.0111366330
0.0093069568
0.0061245647
0.0020534538
-0.0022997754
-0.0075800032
-0.0148018545
-0.0231815943
-0.0295840091
-0.0305244542
-0.0247333757
-0.0135802314
0.0001933332
0.0141724250
0.0270304558
0.0380485417
0.0465157053
0.0519257200
0.0548772061
0.0566144085
0.0575264537
0.0569919691
0.0547397208
0.0514312100
0.0476435717
0.0432486360
0.0384488196
0.0343602080
0.0318960688
0.0304567890
0.0286507924
0.0261482739
0.0242628135
0.0246050618
0.0268788567
0.0282675823
0.0252928580
0.0169132356
0.0059019578
-0.0031512287
-0.0074703371
-0.0077219278
-0.0068304584
-0.0073036044
-0.0096977415
-0.0131612800
-0.0165474914
-0.0190772145
-0.0208091788
-0.0229455574
-0.0268890914
-0.0324705104
-0.0371126275
-0.0374318214
-0.0317722324
-0.0216231855
-0.0104424216
-0.0010548872
0.0057340270
0.0104885051
0.0138416774
0.0156632804
0.0150119462
0.0110684235
0.0046586048
-0.0015423638
-0.0050187790
-0.0054862051
-0.0047420329
-0.0042535691
-0.0033429666
0.0000565848
0.0066492424
0.0145222202
0.0207881406
0.0241907467
0.0254528676
0.0251513641
0.0224178400
0.0164080037
0.0082080722
0.0005172548
-0.0045259373
-0.0068293945
-0.0081162768
-0.0106495323
-0.0156130643
-0.0225009419
-0.0299396617
-0.0367241881
-0.0420117924
-0.0451678983
-0.0458538065
-0.0445033559
-0.0428406530
-0.0431882977
-0.0464956400
-0.0513442212
-0.0548399041
-0.0547359410
-0.0509496875
-0.0455383509
-0.0406614190
-0.0367371504
-0.0329295028
-0.0289580314
-0.0257470206
-0.0241799189
-0.0236358395
-0.0221025623
-0.0176310016
-0.0097173288
0.0004930155
0.0110458036
0.0198712373
0.0253520092
0.0266128159
0.0238748232
0.0181193870
0.0107412197
0.0035036932
-0.0014175000
-0.0021758814
0.0013215932
0.0063055676
0.0081867213
0.0037404237
-0.0063149145
-0.0177716445
-0.0262571513
-0.0302006225
-0.0307047711
-0.0297622020
-0.0288400481
-0.0282029627
-0.0273642398
-0.0261877029
-0.0250499931
-0.0237809427
-0.0212052930
-0.0164943118
-0.0106373512
-0.0060323230
-0.0041406540
-0.0035542839
-0.0006483567
0.0074900047
0.0204118475
0.0346588324
0.0471057398
0.0573792240
0.0675222634
0.0797081829
0.0940031371
0.1079831958
0.1181020265
0.1220108325
0.1198336851
0.1133576131
0.1049073286
0.0968058004
0.0905806647
0.0857869168
0.0806987485
0.0748296219
0.0697297988
0.0668950785
0.0659341052
0.0653610807
0.0642814013
0.0627676859
0.0611284757
0.0593553616
0.0570814935
0.0534439351
0.0473650593
0.0384068327
0.0273979656
0.0156738494
0.0041470416
-0.0064528684
-0.0147799551
-0.0192856524
-0.0196343235
-0.0170543386
-0.0132195366
-0.0092222378
-0.0054809546
-0.0022986551
-0.0002222287
-0.0000641321
-0.0023827018
-0.0065980447
-0.0105270293
-0.0113317273
-0.0072907689
0.0010581193
0.0114173948
0.0210853867
0.0280988795
0.0316595866
0.0315893216
0.0276249088
0.0192473393
0.0063193906
-0.0097723300
-0.0260677291
-0.0397662063
-0.0500396006
-0.0583082521
-0.0663277670
-0.0743234423
-0.0818104001
-0.0897173731
-0.0998656368
-0.1120895555
-0.1229146681
-0.1282029212
-0.1267542656
-0.1208362377
-0.1138213579
-0.1076483398
-0.1023668190
-0.0973351746
-0.0922922186
-0.0873666497
-0.0822153118
-0.0754674697
-0.0650161018
-0.0497990992
-0.0313559822
-0.0133505105
0.0005976795
0.0091534511
0.0140108618
0.0189127683
0.0272502514
0.0398695047
0.0547608223
0.0685399289
0.0786016360
0.0846802770
0.0888158003
0.0936834489
0.1006560507
0.1089143915
0.1161789373
0.1206048173
0.1219748599
0.1208450972
0.1170184272
0.1096947128
0.0989286928
0.0859108703
0.0718653279
0.0575770386
0.0439362873
0.0319282140
0.0219680696
0.0138629997
0.0076826062
0.0043329716
0.0046149573
0.0081592299
0.0136367481
0.0196471803
0.0252142787
0.0296676626
0.0322376291
0.0322382599
0.0297220360
0.0257022599
0.0212641994
0.0167204786
0.0116500985
0.0059284402
0.0002633091
-0.0044193081
-0.0080131706
-0.0113981657
-0.0155207826
-0.0207632850
-0.0272974722
-0.0350472637
-0.0432631844
-0.0500774655
-0.0534909044
-0.0531383772
-0.0505331163
-0.0472233596
-0.0434415361
-0.0387408279
-0.0332931597
-0.0279386113
-0.0229563944
-0.0176581278
-0.0111172585
-0.0036043867
0.0026490800
0.0045308275
0.0007117310
-0.0064689270
-0.0121096043
-0.0120774604
-0.0055522877
0.0049244599
0.0156919218
0.0243255351
0.0299544335
0.0323714456
0.0314430764
0.0274780036
0.0212616933
0.0132004243
0.0028379727
-0.0103125772
-0.0250244877
-0.0382177575
-0.0474705815
-0.0533407239
-0.0582223920
-0.0635071847
-0.0684194285
-0.0713164266
-0.0718284480
-0.0715838909
-0.0729799948
-0.0771818273
-0.0833658869
-0.0896590481
-0.0944978053
-0.0971032219
-0.0964187904
-0.0908151774
-0.0791429117
-0.0620374394
-0.0419220814
-0.0220521241
-0.0053472191
0.0067809396
0.0145287417
0.0185414361
0.0187837305
0.0145583837
0.0059760039
-0.0050294553
-0.0153541413
-0.0222698435
-0.0249994592
-0.0247679753
-0.0235016916
-0.0226973262
-0.0228194661
-0.0235780223
-0.0247745398
-0.0267273319
-0.0293156345
-0.0313390934
-0.0317197576
-0.0311862160
-0.0319971035
-0.0358402685
-0.0422943094
-0.0495257148
-0.0554606153
-0.0581798040
-0.0560515332
-0.0483563832
-0.0356353941
-0.0197783612
-0.0036579497
0.0097474131
0.0187146779
0.0239875039
0.0285541269
0.0354394803
0.0447423230
0.0530164013
0.0561927997
0.0533034859
0.0474012651
0.0432182615
0.0437225643
0.0483503588
0.0542036525
0.0589737349
0.0629092756
0.0679810222
0.0752539959
0.0835037950
0.0905969325
0.0956050936
0.0988532919
0.1005250182
0.1002894665
0.0984586449
0.0965063942
0.0958271954
0.0964390892
0.0974064027
0.0980153569
0.0978301661
0.0958791148
0.0910098399
0.0831647581
0.0731938170
0.0615277227
0.0482833253
0.0343838137
0.0210499329
0.0086022809
-0.0034787942
-0.0151630173
-0.0248614203
-0.0304406219
-0.0309338860
-0.0275200008
-0.0231481480
-0.0211872788
-0.0236342467
-0.0296640186
-0.0361353525
-0.0399159110
-0.0397063142
-0.0357276364
-0.0288785298
-0.0205002319
-0.0120760086
-0.0041988796
0.0037462600
0.0128101539
0.0227232416
0.0312153135
0.0358653937
0.0365968238
0.0365166217
0.0398211356
0.0484328825
0.0600939579
0.0701794299
0.0756944323
0.0769804095
0.0758071202
0.0730666003
0.0689054525
0.0640842589
0.0604913596
0.0600278131
0.0630380679
0.0671418439
0.0686836148
0.0660128080
0.0612211040
0.0580203838
0.0584638809
0.0618758863
0.0659930366
0.0686579155
0.0687440458
0.0665455336
0.0635296112
0.0612619585
0.0598908542
0.0579911724
0.0542413791
0.0489418733
0.0437372996
0.0399035009
0.0374052981
0.0352543819
0.0325807701
0.0291433653
0.0250697273
0.0200107989
0.0128537647
0.0023631128
-0.0114451554
-0.0263157522
-0.0387930379
-0.0468352512
-0.0511964577
-0.0541849123
-0.0576613391
-0.0623549732
-0.0683197829
-0.0753550412
-0.0829286920
-0.0898055999
-0.0939120282
-0.0932591415
-0.0873692071
-0.0778019756
-0.0669409941
-0.0559987936
-0.0446167031
-0.0327482346
-0.0225133236
-0.0172377615
-0.0188634491
-0.0264085386
-0.0370533301
-0.0485427694
-0.0601274110
-0.0715850940
-0.0821341892
-0.0910382930
-0.0982978220
-0.1044486315
-0.1096076790
-0.1130136867
-0.1134294498
-0.1103389821
-0.1048096057
-0.0991973945
-0.0959231250
-0.0961141318
-0.0989183534
-0.1021683998
-0.1032736416
-0.0998996464
-0.0910979965
-0.0784604744
-0.0654082124
-0.0545866299
-0.0462693497
-0.0391029762
-0.0318199216
-0.0238405747
-0.0151047081
-0.0058797140
0.0026578867
0.0083685956
0.0093968058
0.0061715306
0.0016858550
-0.0002854888
0.0024332458
0.0090919726
0.0166628478
0.0217694548
0.0225948525
0.0197616540
0.0157498628
0.0127909489
0.0112032746
0.0100253914
0.0091187525
0.0094940520
0.0111777852
0.0121318435
0.0101302650
0.0051325461
-0.0007365131
-0.0055096101
-0.0086212639
-0.0104727017
-0.0115113970
-0.0120429468
-0.0122570661
-0.0120231559
-0.0107122058
-0.0075875810
-0.0024045497
0.0046013807
0.0129613665
0.0219311973
0.0303936937
0.0372757512
0.0421602372
0.0449523294
0.0446281088
0.0389054408
0.0259670773
0.0069229932
-0.0139800572
-0.0320289131
-0.0445299940
-0.0515441077
-0.0548268660
-0.0560316096
-0.0554669797
-0.0527825346
-0.0488413387
-0.0460506121
-0.0462285977
-0.0487005043
-0.0511142153
-0.0517532970
-0.0507308051
-0.0489903205
-0.0471001413
-0.0453068892
-0.0438149601
-0.0422613362
-0.0394497283
-0.0343798430
-0.0273640906
-0.0196192860
-0.0120630619
-0.0050393422
0.0010139883
0.0054754358
0.0081773551
0.0098563605
0.0116425107
0.0140565723
0.0166575230
0.0187178074
0.0199359327
0.0205412227
0.0209671515
0.0217129932
0.0227610265
0.0227317063
0.0192786224
0.0104566598
-0.0043039806
-0.0239128358
-0.0457514899
-0.0668047945
-0.0850940613
-0.1002156140
-0.1128034526
-0.1235244891
-0.1327949857
-0.1413005861
-0.1498271394
-0.1583745788
-0.1656518036
-0.1696254215
-0.1686645540
-0.1619592332
-0.1494153009
-0.1318401052
-0.1112146010
-0.0896933200
-0.0682968133
-0.0470146193
-0.0259235272
-0.0054927514
0.0146257614
0.0360912239
0.0599984380
0.0844797304
0.1055333602
0.1204341976
0.1299652789
0.1370841430
0.1438244462
0.1500737792
0.1551658069
0.1597189463
0.1650323761
0.1710920745
0.1765207467
0.1806016693
0.1842327254
0.1885419214
0.1934500895
0.1978204522
0.2002966775
0.2001902612
0.1979539506
0.1947656671
0.1913497878
0.1874007236
0.1822324262
0.1758667838
0.1692216353
0.1633431611
0.1588862902
0.1561832493
0.1553385197
0.1560397581
0.1574662135
0.1588816198
0.1600751942
0.1613472702
0.1629400619
0.1645882134
0.1655074953
0.1650280517
0.1631730356
0.1605502364
0.1577493635
0.1550023472
0.1522540088
0.1487975401
0.1430738139
0.1334429574
0.1194785246
0.1023919745
0.0843818477
0.0675906594
0.0531305364
0.0409663084
0.0303025135
0.0201630917
0.0098471044
-0.0001168626
-0.0076007494
-0.0099478925
-0.0062663913
0.0008737493
0.0069056778
0.0091539244
0.0087196107
0.0084711212
0.0102008239
0.0134663931
0.0162296499
0.0166446338
0.0149744048
0.0135340725
0.0141112166
0.0156473580
0.0152439702
0.0115841604
0.0066952559
0.0036787423
0.0028998863
0.0012351245
-0.0042938361
-0.0131409485
-0.0221055458
-0.0292241676
-0.0361196068
-0.0460135959
-0.0601595722
-0.0766369703
-0.0923672722
-0.1055861858
-0.1162240679
-0.1246487932
-0.1309488449
-0.1351416611
-0.1374443892
-0.1381345893
-0.1371968284
-0.1343317937
-0.1299070870
-0.1255095238
-0.1230700684
-0.1229501404
-0.1235549655
-0.1231556679
-0.1222413012
-0.1228444729
-0.1258404864
-0.1301582806
-0.1343086952
-0.1379817626
-0.1418739836
-0.1464424942
-0.1510662913
-0.1539988669
-0.1535596955
-0.1496241384
-0.1440323671
-0.1392400014
-0.1362417812
-0.1341217569
-0.1317262531
-0.1293672150
-0.1284056067
-0.1293352649
-0.1308700965
-0.1305574228
-0.1263107080
-0.1173325096
-0.1043489272
-0.0893777334
-0.0748372960
-0.0623989624
-0.0523765733
-0.0438282126
-0.0352143298
-0.0249286776
-0.0123797799
0.0009686358
0.0124808506
0.0204330417
0.0252472493
0.0286539131
0.0320391633
0.0356159663
0.0386252043
0.0403402331
0.0405061906
0.0386787379
0.0335635178
0.0238803435
0.0096133790
-0.0076965710
-0.0253878309
-0.0412472881
-0.0548374358
-0.0673689513
-0.0799692831
-0.0917650122
-0.1005275479
-0.1047801941
-0.1049938419
-0.1026263154
-0.0984646419
-0.0921510104
-0.0830860845
-0.0713537435
-0.0577991605
-0.0440101434
-0.0318877833
-0.0226327259
-0.0160248438
-0.0110007310
-0.0064330868
-0.0014885317
0.0038417635
0.0080186072
0.0085878754
0.0045451278
-0.0018100006
-0.0061070426
-0.0057128270
-0.0015049296
0.0037803932
0.0080198191
0.0100744882
0.0092373151
0.0055311753
0.0002956607
-0.0042834455
-0.0070126944
-0.0085961797
-0.0105311044
-0.0132959179
-0.0159123638
-0.0169792797
-0.0158774072
-0.0129037074
-0.0090498368
-0.0057597207
-0.0039574966
-0.0030882916
-0.0016360423
0.0012312226
0.0047377528
0.0072653788
0.0076217049
0.0054996680
0.0010573173
-0.0051562999
-0.0119152679
-0.0176751031
-0.0211211128
-0.0221316603
-0.0227606849
-0.0269369772
-0.0384756067
-0.0594855029
-0.0897954155
-0.1272216672
-0.1690896649
-0.2127509046
-0.2555576964
-0.2940737607
-0.3217114711
-0.3291485445
-0.3136026098
-0.2884154133
-0.2765450435
-0.2828647811
-0.2774816472
-0.2718447397
-0.2505490214
-0.2724367289
-0.3591642157
-0.3077879728
-0.3401884196
-0.2678252396
-0.2152517737
-0.2605147205
-0.1833349301
-0.1585033061
-0.1226009875
-0.1117828806
-0.1291629392
-0.1385814783
-0.1438031174
-0.1456121502
-0.1440381871
-0.1346182087
-0.1153005493
-0.0900182369
-0.0650646126
-0.0445134300
-0.0285900328
-0.0145833490
0.0009489725
0.0196824469
0.0402509698
0.0598203891
0.0768710431
0.0921903150
0.1069865992
0.1209889091
0.1328703307
0.1420979612
0.1503181527
0.1606752274
0.1755347679
0.1947228722
0.2160277232
0.2368560441
0.2561328639
0.2747615844
0.2941616902
0.3136472589
0.3293172560
0.3374482038
0.3392612754
0.3409232954
0.3474022443
0.3571304029
0.3657432335
0.3742019694
0.3876781908
0.4081186190
0.4276024478
0.4388956265
0.4481022295
0.4565218758
0.4631435624
0.4512579290
0.4133333051
0.3676214889
0.3335687091
0.3237771575
0.3315943212
0.3433781563
0.3490681777
0.3435290726
0.3261461121
0.2997249314
0.2692128917
0.2396724216
0.2144369479
0.1946286428
0.1793885557
0.1664971823
0.1535176213
0.1393630566
0.1244928492
0.1096552700
0.0950509683
0.0809479981
0.0681499212
0.0574895638
0.0491159764
0.0423489541
0.0360831110
0.0293430360
0.0215679982
0.0124859003
0.0023146794
-0.0079915574
-0.0170926464
-0.0241000708
-0.0288243045
-0.0310443019
-0.0297111949
-0.0230986783
-0.0103925932
0.0070356536
0.0258961955
0.0429599222
0.0571348458
0.0700303386
0.0846224690
0.1027841702
0.1239106171
0.1457021938
0.1654026423
0.1808650066
0.1916114263
0.1988288497
0.2040565443
0.2074836837
0.2075280811
0.2024690130
0.1920642577
0.1773139651
0.1590496400
0.1376255300
0.1136022809
0.0879789436
0.0617882983
0.0362304268
0.0128741091
-0.0071893761
-0.0242253693
-0.0392462001
-0.0529460480
-0.0656351298
-0.0777843103
-0.0898776123
-0.1020179291
-0.1139889739
-0.1258917181
-0.1381729671
-0.1509780540
-0.1636660475
-0.1752034789
-0.1851227386
-0.1937196602
-0.2014101029
-0.2084281205
-0.2149470562
-0.2209440447
-0.2256892022
-0.2278880591
-0.2268087463
-0.2235459326
-0.2207705742
-0.2206709785
-0.2230467878
-0.2256567051
-0.2263212600
-0.2244443885
-0.2208326741
-0.2168820408
-0.2135757412
-0.2109553883
-0.2090719257
-0.2087031975
-0.2107705690
-0.2155404041
-0.2226233212
-0.2313520357
-0.2408392576
-0.2497426160
-0.2568101044
-0.2618040985
-0.2656558546
-0.2697087608
-0.2740013336
-0.2771458351
-0.2783015690
-0.2788280535
-0.2816651494
-0.2888300419
-0.2994001198
-0.3100557727
-0.3179116430
-0.3228956114
-0.3273064381
-0.3335179501
-0.3422857126
-0.3531075211
-0.3652644546
-0.3780196483
-0.3901120795
-0.4001696288
-0.4077075365
-0.4134943537
-0.4185247446
-0.4227577816
-0.4247201731
-0.4221063156
-0.4126609644
-0.3945864518
-0.3674936455
-0.3339438295
-0.2986120878
-0.2657537892
-0.2373048121
-0.2131492610
-0.1936621299
-0.1805025102
-0.1749827068
-0.1758395440
-0.1795477041
-0.1825710599
-0.1829897819
-0.1806445666
-0.1763198143
-0.1706181253
-0.1636188771
-0.1557796958
-0.1489222703
-0.1450396647
-0.1436193020
-0.1415605114
-0.1361384212
-0.1273654960
-0.1172674770
-0.1074479902
-0.0981002527
-0.0892725160
-0.0816298590
-0.0750927729
-0.0672190046
-0.0544725241
-0.0351518958
-0.0108248795
0.0147451637
0.0383458963
0.0594738282
0.0801289799
0.1027145617
0.1276229826
0.1525863590
0.1747792608
0.1938987220
0.2126970305
0.2339854455
0.2572718538
0.2793495742
0.2987933848
0.3185919965
0.3419722463
0.3665211509
0.3853172441
0.3959318953
0.4065107987
0.4113787735
0.4194481214
0.4240888417
0.4130847746
0.4402554259
0.4342403897
0.4380803731
0.4471898039
0.4492860614
0.4483813178
0.4456717790
0.4309571604
0.3933967467
0.3662855109
0.3178967840
0.2773963520
0.2493387046
0.2312828307
0.2204365472
0.2084387852
0.1935908967
0.1765739607
0.1589419213
0.1414011815
0.1229591896
0.1020704282
0.0787286879
0.0549684605
0.0330125184
0.0137428104
-0.0032441133
-0.0188228253
-0.0341803082
-0.0511902013
-0.0722836735
-0.0991275135
-0.1304982554
-0.1620234646
-0.1889316786
-0.2099547330
-0.2285542480
-0.2498499741
-0.2757550266
-0.3018609290
-0.3186129239
-0.3162870485
-0.2907843636
-0.2465237326
-0.1949113175
-0.1489284584
-0.1167210956
-0.0986649493
-0.0889881789
-0.0804858871
-0.0687242683
-0.0536844338
-0.0383096628
-0.0255253947
-0.0159761489
-0.0080935939
0.0001789509
0.0095233046
0.0190542298
0.0278688816
0.0361425711
0.0443987918
0.0517982725
0.0558718401
0.0547780427
0.0495808514
0.0439976539
0.0418056257
0.0443358262
0.0508970023
0.0608363656
0.0741864680
0.0904168019
0.1074882843
0.1225786572
0.1338969555
0.1417406056
0.1480969963
0.1552114647
0.1642998561
0.1749942836
0.1856782030
0.1945035869
0.2003208535
0.2028528137
0.2024376970
0.1992350973
0.1927563490
0.1824010788
0.1684149203
0.1518903973
0.1342644971
0.1171612630
0.1020529129
0.0891146226
0.0763936169
0.0610052642
0.0417720001
0.0203830931
-0.0000384370
-0.0177205651
-0.0335960167
-0.0498997340
-0.0680142220
-0.0877070578
-0.1079844228
-0.1277933862
-0.1461466411
-0.1623855460
-0.1766198124
-0.1890823447
-0.1992418498
-0.2060202265
-0.2086550616
-0.2069068431
-0.2010679873
-0.1921251459
-0.1814843031
-0.1702701685
-0.1588515507
-0.1467677329
-0.1331095607
-0.1170633918
-0.0984916046
-0.0782203546
-0.0571347030
-0.0348464757
-0.0103646179
0.0160397733
0.0423255609
0.0663861459
0.0871960413
0.1045535106
0.1191272242
0.1327169712
0.1471877038
0.1624535568
0.1757244113
0.1834132497
0.1837406205
0.1774020296
0.1659293122
0.1499807116
0.1290327193
0.1025396444
0.0710655951
0.0360587473
-0.0002104864
-0.0342080365
-0.0615738307
-0.0792199204
-0.0876490501
-0.0905844711
-0.0922219381
-0.0947741284
-0.0982197740
-0.1015736868
-0.1041879174
-0.1061750353
-0.1079456814
-0.1096616152
-0.1112731575
-0.1129682212
-0.1152600160
-0.1183692920
-0.1217955434
-0.1246188016
-0.1261119923
-0.1258615623
-0.1239201375
-0.1209553447
-0.1175673389
-0.1133786266
-0.1072863285
-0.0987160450
-0.0886999130
-0.0796908225
-0.0741214358
-0.0728213706
-0.0745467031
-0.0771625788
-0.0792291542
-0.0802579151
-0.0801073756
-0.0787613009
-0.0764503594
-0.0732195425
-0.0688977736
-0.0639065855
-0.0597321988
-0.0573688040
-0.0558616892
-0.0531317053
-0.0481532573
-0.0413973056
-0.0334824176
-0.0243090496
-0.0136346804
-0.0016994427
0.0108132247
0.0230167714
0.0342105506
0.0442593442
0.0540407221
0.0648615859
0.0768585087
0.0887961986
0.0995482846
0.1093495994
0.1192722587
0.1297330378
0.1400477790
0.1493243284
0.1574762305
0.1651697199
0.1732042931
0.1822414170
0.1927218955
0.2044619369
0.2163950301
0.2272689712
0.2363284843
0.2433266416
0.2484635815
0.2520310199
0.2541684852
0.2545187461
0.2519747752
0.2456049487
0.2359898190
0.2254478066
0.2167633046
0.2110427192
0.2071722634
0.2033622264
0.1985992183
0.1924730013
0.1845151645
0.1746387947
0.1640821991
0.1548905458
0.1480209493
0.1420842491
0.1343132501
0.1229427031
0.1084686622
0.0930410699
0.0791756314
0.0687412009
0.0622049401
0.0581629022
0.0538735764
0.0470919605
0.0375791755
0.0271023730
0.0179832616
0.0114587580
0.0070279939
0.0033222704
-0.0002941608
-0.0033228907
-0.0054098836
-0.0075242407
-0.0110605749
-0.0165855669
-0.0240483499
-0.0339773948
-0.0475336936
-0.0649802540
-0.0846994085
-0.1045693414
-0.1238514770
-0.1430328837
-0.1621220890
-0.1802629769
-0.1965558372
-0.2108136115
-0.2234170525
-0.2348016084
-0.2448479095
-0.2525527618
-0.2564180032
-0.2556732231
-0.2512967274
-0.2450289372
-0.2373945300
-0.2275504025
-0.2156636937
-0.2050561294
-0.2005011653
-0.2045824012
-0.2157450490
-0.2291942423
-0.2397482539
-0.2445490024
-0.2444534264
-0.2432137220
-0.2442506818
-0.2480587194
-0.2523679188
-0.2546822201
-0.2544109071
-0.2527517256
-0.2510310744
-0.2493376282
-0.2464757893
-0.2412459394
-0.2334370592
-0.2242552868
-0.2161137341
-0.2113906237
-0.2105310445
-0.2111415120
-0.2094186087
-0.2027072193
-0.1908356875
-0.1753989214
-0.1583309330
-0.1410610840
-0.1245808546
-0.1096496218
-0.0965140195
-0.0849055587
-0.0747472342
-0.0663153307
-0.0597547548
-0.0543945942
-0.0487660831
-0.0415214924
-0.0325797681
-0.0231419787
-0.0145589090
-0.0069670591
0.0008258980
0.0100373205
0.0208360133
0.0325838649
0.0446171040
0.0560962202
0.0654234225
0.0707198778
0.0715850345
0.0699144394
0.0688091827
0.0705204919
0.0750541644
0.0806123349
0.0853886315
0.0889300374
0.0918193560
0.0944422923
0.0968384434
0.0992698555
0.1022386712
0.1059220637
0.1096457458
0.1121568354
0.1129361621
0.1134974452
0.1167303719
0.1244383743
0.1356703438
0.1478120494
0.1588421144
0.1677164731
0.1735814337
0.1760747749
0.1762603525
0.1758846675
0.1756591694
0.1752863487
0.1748166825
0.1752048651
0.1775202971
0.1822981716
0.1892335407
0.1970452158
0.2042268599
0.2104269869
0.2166640581
0.2235431672
0.2298779745
0.2339253854
0.2355167264
0.2361646509
0.2373191134
0.2393726776
0.2421068161
0.2455341101
0.2496100102
0.2533962799
0.2549765187
0.2529942516
0.2481154961
0.2424332562
0.2380644850
0.2360393230
0.2355337361
0.2333733043
0.2249908859
0.2070108623
0.1795401556
0.1463818225
0.1133310071
0.0851843128
0.0631247414
0.0446655666
0.0267885772
0.0091298527
-0.0061607539
-0.0170618694
-0.0238331865
-0.0281326037
-0.0305087093
-0.0303482518
-0.0280950241
-0.0255689171
-0.0233206389
-0.0190280928
-0.0104646414
0.0010694880
0.0116091150
0.0181806925
0.0205744075
0.0203671534
0.0193280643
0.0181929525
0.0160418928
0.0107723883
0.0007447974
-0.0135348555
-0.0296270368
-0.0451113232
-0.0591501106
-0.0723208303
-0.0855079735
-0.0990769351
-0.1125147175
-0.1247008703
-0.1346286944
-0.1422787971
-0.1485914847
-0.1546355840
-0.1603499964
-0.1642379189
-0.1645635321
-0.1607284686
-0.1536463919
-0.1447884261
-0.1348860425
-0.1238107573
-0.1112879183
-0.0975536314
-0.0832739752
-0.0694623697
-0.0574849537
-0.0487917161
-0.0443415044
-0.0438075616
-0.0452714628
-0.0462412844
-0.0453467453
-0.0430866453
-0.0407016212
-0.0390459212
-0.0389884308
-0.0420319489
-0.0496175730
-0.0617447354
-0.0768171464
-0.0926507738
-0.1075853409
-0.1209857949
-0.1329012086
-0.1434170259
-0.1523875023
-0.1592479028
-0.1632550347
-0.1644689357
-0.1642680189
-0.1643131405
-0.1645353182
-0.1629436768
-0.1579553990
-0.1503130575
-0.1422120432
-0.1347137732
-0.1268492557
-0.1171803639
-0.1054426980
-0.0924004816
-0.0790489259
-0.0666720656
-0.0565023537
-0.0487451989
-0.0423551053
-0.0364144776
-0.0312468420
-0.0274779085
-0.0247372523
-0.0219549477
-0.0183622511
-0.0141936280
-0.0110371619
-0.0111495261
-0.0154211126
-0.0216628635
-0.0253332267
-0.0227584166
-0.0139208551
-0.0023179616
0.0079267583
0.0147017998
0.0177053399
0.0166843975
0.0114937244
0.0036648198
-0.0036307731
-0.0075317545
-0.0072951377
-0.0041742987
-0.0000620883
0.0033125929
0.0043947651
0.0020049134
-0.0037862907
-0.0110297390
-0.0166952825
-0.0183604969
-0.0154775293
-0.0093354566
-0.0019037294
0.0056082526
0.0133452345
0.0218427258
0.0306551428
0.0384888542
0.0451155974
0.0523614943
0.0621954826
0.0739322958
0.0846297471
0.0921884100
0.0969978967
0.1010074071
0.1059771473
0.1122774846
0.1186923287
0.1231471227
0.1236844181
0.1195067463
0.1111920021
0.0998956460
0.0864340736
0.0713744591
0.0560778450
0.0430104735
0.0340113614
0.0287036044
0.0251857603
0.0218456616
0.0183204810
0.0149232348
0.0118936670
0.0091099503
0.0064308116
0.0038204640
0.0012468479
-0.0009819472
-0.0024421824
-0.0038890102
-0.0072647946
-0.0133468667
-0.0204248991
-0.0260538869
-0.0294018092
-0.0317423727
-0.0348646796
-0.0392644019
-0.0437552527
-0.0463806218
-0.0463707371
-0.0449981903
-0.0442501659
-0.0450034219
-0.0468824773
-0.0493297758
-0.0522460969
-0.0556227398
-0.0591758621
-0.0625897788
-0.0658903334
-0.0695855572
-0.0743138444
-0.0799918900
-0.0856170089
-0.0898732166
-0.0919389559
-0.0920438170
-0.0915957491
-0.0921049165
-0.0943419441
-0.0985672297
-0.1045251583
-0.1111640284
-0.1168347642
-0.1202783881
-0.1213336946
-0.1212821299
-0.1224097504
-0.1262293835
-0.1319700304
-0.1372050415
-0.1397164680
-0.1389245378
-0.1360730353
-0.1330121395
-0.1299972240
-0.1244702164
-0.1132439190
-0.0958548609
-0.0755869575
-0.0572781154
-0.0439744578
-0.0353697423
-0.0291016191
-0.0228271420
-0.0153111569
-0.0061570898
0.0047921456
0.0170020120
0.0291635306
0.0401864686
0.0500489880
0.0594794192
0.0691540532
0.0790417162
0.0883740683
0.0960551927
0.1011919173
0.1036163636
0.1041291061
0.1042433415
0.1050037484
0.1058416838
0.1048971418
0.1008110678
0.0939341773
0.0857952231
0.0779087638
0.0708644345
0.0644604634
0.0587716467
0.0547748110
0.0536186985
0.0551679808
0.0579198781
0.0604452353
0.0623446988
0.0639200654
0.0655998745
0.0679981298
0.0717426657
0.0768228907
0.0823365981
0.0873645749
0.0916369119
0.0954968807
0.0994262396
0.1033692111
0.1067422020
0.1089396618
0.1096632253
0.1089498113
0.1067729814
0.1023964929
0.0943146205
0.0811216951
0.0629486480
0.0418194681
0.0207344922
0.0023634180
-0.0120045609
-0.0234039148
-0.0343738369
-0.0463518467
-0.0579303566
-0.0666165123
-0.0725137179
-0.0789286662
-0.0885835312
-0.1004167528
-0.1107608304
-0.1170357314
-0.1198407028
-0.1215717988
-0.1236861140
-0.1256288884
-0.1259761800
-0.1235962757
-0.1177927017
-0.1087074094
-0.0977489636
-0.0866234077
-0.0762385119
-0.0665847620
-0.0573416693
-0.0478868869
-0.0373307487
-0.0253450041
-0.0128003679
-0.0013037397
0.0079238695
0.0145098365
0.0186946579
0.0209156350
0.0216995528
0.0217498762
0.0216732018
0.0219050412
0.0227461463
0.0240432232
0.0245518726
0.0218988894
0.0140793503
0.0014642694
-0.0128984455
-0.0255286486
-0.0349333443
-0.0421764313
-0.0491045575
-0.0566961714
-0.0648488277
-0.0732019486
-0.0815283313
-0.0896739208
-0.0975636413
-0.1048671252
-0.1106680324
-0.1139276047
-0.1142983478
-0.1125263733
-0.1098932889
-0.1072763036
-0.1045620202
-0.1009659647
-0.0957548357
-0.0886369738
-0.0794342798
-0.0680513196
-0.0550496620
-0.0417927180
-0.0294565310
-0.0188047729
-0.0105806919
-0.0051752489
-0.0017829381
0.0012401438
0.0051570848
0.0100729501
0.0152631492
0.0199212978
0.0239694751
0.0282443303
0.0336241327
0.0398255620
0.0449888188
0.0472819045
0.0471113911
0.0468801608
0.0483345666
0.0510738284
0.0539792126
0.0570379995
0.0611170989
0.0661896246
0.0706520243
0.0724685474
0.0706257645
0.0655832968
0.0582148431
0.0484328177
0.0348777908
0.0164486174
-0.0056840855
-0.0279696862
-0.0467901461
-0.0609524920
-0.0721294679
-0.0829569476
-0.0943721220
-0.1048038534
-0.1119984390
-0.1156162759
-0.1174024510
-0.1193781098
-0.1227176637
-0.1276520220
-0.1332397581
-0.1376392080
-0.1392820076
-0.1377733672
-0.1339321038
-0.1292436945
-0.1251135848
-0.1218869521
-0.1184801653
-0.1134626355
-0.1065747023
-0.0984087396
-0.0889044285
-0.0771556563
-0.0626782317
-0.0464388671
-0.0305937046
-0.0173354172
-0.0077086328
-0.0012271339
0.0034314963
0.0073676526
0.0111577585
0.0151286702
0.0198158849
0.0255436992
0.0317853421
0.0377077888
0.0434051315
0.0502107553
0.0595579260
0.0715881936
0.0847499828
0.0964720221
0.1049250352
0.1103449032
0.1145109007
0.1194108760
0.1258358281
0.1327923467
0.1380754822
0.1400516778
0.1393723677
0.1387450382
0.1406815590
0.1448384912
0.1474669202
0.1441083500
0.1333602477
0.1182973663
0.1042597083
0.0952968567
0.0920667014
0.0923943436
0.0936045421
0.0944389526
0.0951923061
0.0965717344
0.0986549527
0.1008569994
0.1021217414
0.1016254070
0.0999220049
0.0989888942
0.1009052402
0.1062945540
0.1137143487
0.1205678556
0.1251152677
0.1276486840
0.1294655769
0.1312028990
0.1323668661
0.1323942962
0.1319868407
0.1325854819
0.1345092989
0.1360626515
0.1351078784
0.1315159208
0.1275734161
0.1253757039
0.1242839479
0.1222399732
0.1193554106
0.1189053158
0.1239307014
0.1336481576
0.1435898643
0.1489194722
0.1476704636
0.1414674185
0.1339514788
0.1286767382
0.1271382670
0.1280842569
0.1291011937
0.1286827791
0.1266383238
0.1235113446
0.1201744564
0.1174245385
0.1153257127
0.1133957351
0.1115454703
0.1102459216
0.1098791732
0.1107332137
0.1134025017
0.1183931876
0.1254575561
0.1334356985
0.1404466264
0.1444995348
0.1442380627
0.1392852870
0.1299524076
0.1170406399
0.1020252084
0.0871473701
0.0746274675
0.0654188552
0.0585658230
0.0520717696
0.0443798965
0.0348736135
0.0238076609
0.0123888101
0.0025348129
-0.0042783459
-0.0080331841
-0.0099309646
-0.0110815953
-0.0116997018
-0.0115394594
-0.0108672044
-0.0105083636
-0.0111789153
-0.0127943508
-0.0148259593
-0.0171336414
-0.0198974375
-0.0231586241
-0.0264748536
-0.0291256739
-0.0304729519
-0.0302877735
-0.0288723911
-0.0269839811
-0.0258219758
-0.0267996115
-0.0306158636
-0.0363261997
-0.0417596146
-0.0449810537
-0.0458485538
-0.0461773814
-0.0480781647
-0.0518772103
-0.0557181462
-0.0571455760
-0.0551544712
-0.0510830329
-0.0475789249
-0.0461561211
-0.0459334234
-0.0453089882
-0.0443009376
-0.0445203622
-0.0471120352
-0.0518006900
-0.0578840187
-0.0655096635
-0.0753511911
-0.0876524488
-0.1021481973
-0.1179284671
-0.1329510088
-0.1449411151
-0.1535033084
-0.1607669976
-0.1691076542
-0.1789884250
-0.1889246837
-0.1968402762
-0.2016154820
-0.2033759206
-0.2032945198
-0.2028572486
-0.2028775055
-0.2031939891
-0.2036349013
-0.2040957017
-0.2042539213
-0.2039688945
-0.2038014445
-0.2044395262
-0.2053083312
-0.2046522347
-0.2007566697
-0.1928437974
-0.1813640116
-0.1681057304
-0.1557180069
-0.1464538944
-0.1410193767
-0.1383110186
-0.1363136742
-0.1335471811
-0.1298485842
-0.1259797464
-0.1227379319
-0.1202455154
-0.1176298633
-0.1133525787
-0.1061698795
-0.0962078372
-0.0853038515
-0.0761901534
-0.0704100806
-0.0665998298
-0.0616662490
-0.0536553926
-0.0427268589
-0.0297436634
-0.0152311317
0.0000564597
0.0143596385
0.0260082006
0.0350781586
0.0432316733
0.0517627292
0.0604088219
0.0677325113
0.0724703250
0.0746474409
0.0751213077
0.0744820073
0.0728323266
0.0704403128
0.0682703142
0.0676591443
0.0693619908
0.0730783650
0.0776722241
0.0816176422
0.0836539436
0.0833852656
0.0816325259
0.0800386578
0.0795686297
0.0796502399
0.0790875345
0.0775746090
0.0760874473
0.0761349971
0.0784866984
0.0823517978
0.0857659009
0.0871920667
0.0866962188
0.0860290261
0.0873394493
0.0917995285
0.0990757907
0.1077175441
0.1160541457
0.1229577707
0.1283645288
0.1335610587
0.1406219653
0.1508006885
0.1630086345
0.1740286675
0.1808886520
0.1833725097
0.1843321912
0.1871714274
0.1931168513
0.2012105017
0.2101430150
0.2194806455
0.2293799763
0.2402007825
0.2524553630
0.2661878996
0.2802870268
0.2929204026
0.3028204887
0.3101609568
0.3156570600
0.3193776694
0.3212783644
0.3224526834
0.3244197018
0.3272749683
0.3293361964
0.3293348765
0.3281581404
0.3274738558
0.3275993854
0.3276958622
0.3276078660
0.3280200103
0.3286278418
0.3278701155
0.3252294466
0.3230087054
0.3244353070
0.3302260769
0.3380154093
0.3446657839
0.3486653963
0.3505932108
0.3520611832
0.3542485137
0.3567547390
0.3580825421
0.3573416950
0.3553849720
0.3537537513
0.3529939744
0.3525053085
0.3515443043
0.3496611720
0.3461232585
0.3401087713
0.3319546042
0.3233659260
0.3156817642
0.3085169128
0.3008992914
0.2930812155
0.2862386501
0.2806887735
0.2753757858
0.2691748227
0.2618660749
0.2536799277
0.2445452198
0.2343644691
0.2236709462
0.2134284953
0.2042631355
0.1960784854
0.1878519709
0.1778677042
0.1649097495
0.1498914821
0.1360139705
0.1264402206
0.1215576212
0.1188173254
0.1151575355
0.1095040027
0.1030401756
0.0978252418
0.0952935935
0.0950417012
0.0945780932
0.0907563111
0.0819756024
0.0694116872
0.0561854408
0.0455706349
0.0396241294
0.0382540200
0.0383571263
0.0345387476
0.0226095782
0.0034405425
-0.0170115186
-0.0326632613
-0.0422681105
-0.0493346494
-0.0581537514
-0.0701379508
-0.0835204365
-0.0957431457
-0.1060414222
-0.1156317341
-0.1258115824
-0.1361129217
-0.1443457895
-0.1492817271
-0.1530058758
-0.1589954747
-0.1681783119
-0.1783785566
-0.1871437206
-0.1939241447
-0.1995998388
-0.2049589326
-0.2099920891
-0.2143908341
-0.2182573013
-0.2224243025
-0.2281437259
-0.2361945671
-0.2459155406
-0.2552398464
-0.2620212277
-0.2659020637
-0.2684625105
-0.2711134718
-0.2735992595
-0.2750506536
-0.2756336879
-0.2762037923
-0.2768763933
-0.2765595832
-0.2740520400
-0.2690976287
-0.2621713997
-0.2537652440
-0.2444456958
-0.2354120243
-0.2279843968
-0.2224660645
-0.2178023163
-0.2129138446
-0.2083738484
-0.2060622522
-0.2075734911
-0.2126463849
-0.2189823830
-0.2236712781
-0.2254848642
-0.2259115091
-0.2277509438
-0.2322222856
-0.2376899218
-0.2411492042
-0.2408173087
-0.2371321086
-0.2319788195
-0.2275816079
-0.2259885985
-0.2284717501
-0.2344293836
-0.2413311078
-0.2463945376
-0.2482112516
-0.2470367318
-0.2438796496
-0.2396494805
-0.2348768604
-0.2294015345
-0.2223315504
-0.2128922523
-0.2011919535
-0.1878682094
-0.1738164320
-0.1605908020
-0.1500162390
-0.1429635325
-0.1384934275
-0.1347345771
-0.1304410157
-0.1252720080
-0.1191165066
-0.1120048528
-0.1046843228
-0.0987378402
-0.0954329544
-0.0945134102
-0.0944816370
-0.0939454178
-0.0923250380
-0.0891835623
-0.0837190500
-0.0755831427
-0.0662241310
-0.0585490424
-0.0545641399
-0.0534016850
-0.0520524261
-0.0481320150
-0.0414523151
-0.0330060498
-0.0233518890
-0.0123171834
0.0000521623
0.0129648183
0.0255957303
0.0378496321
0.0499867649
0.0616626639
0.0718584898
0.0799328556
0.0865968499
0.0929802292
0.0988163178
0.1020675687
0.1005872588
0.0942124254
0.0848935512
0.0747266184
0.0646042957
0.0550702271
0.0473511154
0.0430196752
0.0426652659
0.0453083634
0.0492674494
0.0533628160
0.0572268852
0.0609653557
0.0648286582
0.0689571712
0.0732866546
0.0777341285
0.0822449965
0.0866345742
0.0903386275
0.0927729360
0.0941287126
0.0953624126
0.0969874888
0.0983980827
0.0985931446
0.0974299114
0.0961299657
0.0966027466
0.1001013073
0.1061863700
0.1130680575
0.1191403853
0.1239370344
0.1276817202
0.1303497748
0.1315947975
0.1313231484
0.1299137403
0.1278262173
0.1253424692
0.1228967729
0.1212465187
0.1211087709
0.1221437352
0.1226030863
0.1210167529
0.1178402086
0.1147581419
0.1126786341
0.1113670782
0.1105000662
0.1100131693
0.1096639464
0.1089987526
0.1076336963
0.1052980279
0.1017658780
0.0969947952
0.0913056277
0.0850503580
0.0780510495
0.0695047651
0.0589695868
0.0471620974
0.0354591032
0.0246634186
0.0143629087
0.0036094546
-0.0075687742
-0.0180786656
-0.0272407709
-0.0356014904
-0.0442521042
-0.0536873530
-0.0638429206
-0.0746069382
-0.0859249215
-0.0975683341
-0.1091381210
-0.1201233814
-0.1297239603
-0.1371297483
-0.1421333347
-0.1457403064
-0.1497623388
-0.1553116844
-0.1620354845
-0.1686874710
-0.1743447531
-0.1789130146
-0.1829804663
-0.1871975878
-0.1917686037
-0.1965156690
-0.2016338566
-0.2078165014
-0.2155909476
-0.2245932523
-0.2336971626
-0.2419516826
-0.2490215499
-0.2549738692
-0.2598715507
-0.2635845547
-0.2658084860
-0.2661487834
-0.2642275137
-0.2601862737
-0.2547809420
-0.2488075890
-0.2429111845
-0.2379207714
-0.2347894069
-0.2337781069
-0.2339511739
-0.2344882992
-0.2358612063
-0.2387435620
-0.2423022704
-0.2445740199
-0.2443387484
-0.2420562449
-0.2391651001
-0.2367895234
-0.2349655042
-0.2332037822
-0.2315184806
-0.2301076412
-0.2280706765
-0.2237253388
-0.2164496016
-0.2077163127
-0.1997205344
-0.1931504638
-0.1868072619
-0.1797566788
-0.1729900124
-0.1683670025
-0.1660673398
-0.1637087666
-0.1584718716
-0.1497758989
-0.1394296761
-0.1295290776
-0.1211549641
-0.1145172663
-0.1092943337
-0.1046842129
-0.0996351868
-0.0935718305
-0.0867161331
-0.0796092731
-0.0724936050
-0.0655171960
-0.0591678901
-0.0542502141
-0.0514316814
-0.0506895168
-0.0512969116
-0.0527164015
-0.0552956309
-0.0598619622
-0.0663699073
-0.0730501567
-0.0772746624
-0.0770947122
-0.0727892957
-0.0669750477
-0.0624662322
-0.0594738387
-0.0554610971
-0.0481259464
-0.0381060796
-0.0278437654
-0.0187526541
-0.0099307577
0.0006667149
0.0144083429
0.0315232356
0.0513671161
0.0724369559
0.0924139599
0.1092930459
0.1225962564
0.1334619775
0.1436935321
0.1543972792
0.1655460531
0.1764678693
0.1863139383
0.1942264703
0.1994119214
0.2013988365
0.1999757421
0.1951103423
0.1870599034
0.1761495513
0.1628282985
0.1483714149
0.1348434271
0.1238097004
0.1150444926
0.1070185905
0.0987366145
0.0906625508
0.0835891905
0.0772600709
0.0709912519
0.0649158205
0.0596379754
0.0549982586
0.0500505381
0.0444723954
0.0395219943
0.0370617838
0.0377107397
0.0406246125
0.0449526211
0.0503211150
0.0563274398
0.0630462669
0.0720592392
0.0853025786
0.1019157229
0.1169993012
0.1249196141
0.1240730638
0.1179586268
0.1120129493
0.1098568094
0.1119306306
0.1164826567
0.1214868938
0.1254636520
0.1271538235
0.1254672045
0.1203174759
0.1129948787
0.1056570775
0.0999601630
0.0963786188
0.0946453024
0.0942297179
0.0942135271
0.0931783134
0.0898135664
0.0842618713
0.0787867745
0.0762250400
0.0770138566
0.0780567270
0.0753253563
0.0676009590
0.0575581370
0.0491719700
0.0441206786
0.0407903244
0.0366322929
0.0307690893
0.0241124640
0.0177830611
0.0121319211
0.0070255244
0.0024844380
-0.0013049204
-0.0041340588
-0.0053499614
-0.0035960484
0.0021172618
0.0110287349
0.0204819943
0.0272916907
0.0297545253
0.0284248644
0.0251980064
0.0216059462
0.0183187926
0.0159897516
0.0154927222
0.0167227837
0.0179496107
0.0173179912
0.0145578521
0.0111108729
0.0089012051
0.0085500833
0.0090763194
0.0093335683
0.0094408115
0.0107900753
0.0145370689
0.0203084829
0.0265835076
0.0320461610
0.0362553842
0.0391289394
0.0403895776
0.0403628763
0.0407289911
0.0436329350
0.0498341199
0.0580227815
0.0658698374
0.0715171862
0.0742759700
0.0744877383
0.0727142028
0.0691488238
0.0636092714
0.0562210794
0.0477820052
0.0393932820
0.0318742164
0.0254764867
0.0203090628
0.0166717699
0.0144413126
0.0122985574
0.0084760464
0.0024927617
-0.0039924047
-0.0083168643
-0.0085935861
-0.0048630598
0.0010487466
0.0065313415
0.0097803261
0.0110336899
0.0125883772
0.0166681083
0.0227571096
0.0272709459
0.0268073070
0.0215022221
0.0149958711
0.0111386683
0.0109257142
0.0123846110
0.0126100272
0.0098994329
0.0045667524
-0.0017705638
-0.0074963802
-0.0119513912
-0.0155678163
-0.0190732924
-0.0225504570
-0.0253661626
-0.0265634311
-0.0254202064
-0.0219502017
-0.0170554461
-0.0115910325
-0.0052540161
0.0035144860
0.0160601248
0.0316079391
0.0468925717
0.0578774766
0.0625592621
0.0623993004
0.0612391788
0.0630037622
0.0694299412
0.0789030209
0.0876338147
0.0925421939
0.0933865472
0.0922289873
0.0909508863
0.0895967312
0.0872180566
0.0835642259
0.0795975942
0.0766747459
0.0757510412
0.0772425541
0.0805765993
0.0839034236
0.0848584820
0.0821870934
0.0767336228
0.0707348014
0.0661457637
0.0635507016
0.0621900045
0.0609413793
0.0595858550
0.0592587504
0.0613183235
0.0656622764
0.0704076536
0.0733715071
0.0737118823
0.0721278875
0.0694410004
0.0656733061
0.0606947570
0.0550902467
0.0499601798
0.0458489915
0.0423981537
0.0391157009
0.0359785229
0.0333905018
0.0319133459
0.0318810517
0.0327937188
0.0330454358
0.0306357412
0.0245556837
0.0151054869
0.0031403039
-0.0109095993
-0.0269535014
-0.0442634743
-0.0611213393
-0.0754911173
-0.0859572943
-0.0921193243
-0.0948271740
-0.0962772258
-0.0991803579
-0.1046629635
-0.1107726106
-0.1138228380
-0.1117887891
-0.1057738607
-0.0985924303
-0.0925561933
-0.0883031518
-0.0852370112
-0.0829369478
-0.0824118488
-0.0856017829
-0.0936476670
-0.1055307732
-0.1186682930
-0.1307958998
-0.1411288238
-0.1500761196
-0.1577973567
-0.1634750695
-0.1664901345
-0.1682383246
-0.1718136035
-0.1795574627
-0.1908157134
-0.2022938658
-0.2103757162
-0.2137551447
-0.2141854800
-0.2147319434
-0.2170461711
-0.2203629616
-0.2235188454
-0.2270968166
-0.2326007275
-0.2403537812
-0.2488332596
-0.2559549084
-0.2602656456
-0.2612421748
-0.2592523991
-0.2552597127
-0.2502664747
-0.2448389208
-0.2392811665
-0.2342460480
-0.2307971998
-0.2298134025
-0.2313390496
-0.2344248155
-0.2377467153
-0.2403593217
-0.2420454922
-0.2430026073
-0.2435627913
-0.2441911996
-0.2455850879
-0.2484662603
-0.2529498416
-0.2584642296
-0.2644521119
-0.2705273229
-0.2759133941
-0.2792713351
-0.2797405210
-0.2776375216
-0.2740677234
-0.2700961208
-0.2662923181
-0.2632646512
-0.2624821276
-0.2652512606
-0.2706079900
-0.2753650449
-0.2767916312
-0.2748976869
-0.2725297284
-0.2732494935
-0.2785594592
-0.2869787993
-0.2954328882
-0.3011391353
-0.3024955863
-0.2990141749
-0.2908145374
-0.2783281236
-0.2625122946
-0.2447632727
-0.2263784151
-0.2080964945
-0.1904113734
-0.1742798285
-0.1609266363
-0.1510625384
-0.1446266637
-0.1413124749
-0.1405684369
-0.1405810272
-0.1390733418
-0.1354540298
-0.1316412613
-0.1304847043
-0.1333658359
-0.1389103950
-0.1438073377
-0.1453437560
-0.1434245101
-0.1406391793
-0.1402430629
-0.1436890602
-0.1495877529
-0.1549210723
-0.1573711160
-0.1567734486
-0.1546344198
-0.1525386177
-0.1510488171
-0.1498149149
-0.1482215398
-0.1457761854
-0.1420946442
-0.1366188402
-0.1289791782
-0.1196902582
-0.1102749462
-0.1024842102
-0.0969045507
-0.0925234324
-0.0877467236
-0.0814431646
-0.0732991227
-0.0635500974
-0.0527183742
-0.0414658675
-0.0306677444
-0.0216476232
-0.0160083904
-0.0147746531
-0.0173140255
-0.0217022051
-0.0260455445
-0.0294248612
-0.0315125637
-0.0319634369
-0.0304989548
-0.0272758959
-0.0227855008
-0.0177381482
-0.0129867636
-0.0092206228
-0.0063655809
-0.0036214020
-0.0002642014
0.0038222513
0.0085201304
0.0138729500
0.0199098342
0.0262815181
0.0326905431
0.0393906692
0.0466222105
0.0538288980
0.0602161972
0.0660492540
0.0727791157
0.0814614739
0.0917397205
0.1024483625
0.1122871458
0.1197750318
0.1236924759
0.1238349938
0.1215596645
0.1192014769
0.1186731973
0.1200663988
0.1214898062
0.1207862200
0.1177407509
0.1147882083
0.1150853215
0.1195746671
0.1258807821
0.1303128560
0.1310956314
0.1298367801
0.1297240903
0.1326130801
0.1379600473
0.1441660214
0.1498997392
0.1544392096
0.1576388543
0.1602206212
0.1634699155
0.1674984027
0.1702749638
0.1695917205
0.1656934263
0.1614261144
0.1598238242
0.1620864540
0.1677430801
0.1757553929
0.1847895914
0.1935342862
0.2012837402
0.2078061921
0.2129380047
0.2167549302
0.2199521664
0.2237958944
0.2294011363
0.2366964131
0.2443188873
0.2506963725
0.2552885692
0.2589782505
0.2632621673
0.2685748334
0.2730240218
0.2736844446
0.2697206507
0.2638773976
0.2604774558
0.2618798830
0.2667674423
0.2716182669
0.2734795697
0.2717182533
0.2677566795
0.2636339833
0.2608952694
0.2604056641
0.2621868757
0.2649862718
0.2669042841
0.2670017319
0.2658913346
0.2648020341
0.2644664234
0.2651231186
0.2671256191
0.2708259321
0.2754527156
0.2788222458
0.2788114762
0.2754719271
0.2715360287
0.2705774646
0.2745618676
0.2827800525
0.2926775523
0.3016005854
0.3081857022
0.3124422908
0.3150559755
0.3168240101
0.3185019789
0.3206895176
0.3234498062
0.3259573294
0.3269245119
0.3260615206
0.3244187986
0.3228694634
0.3210347022
0.3183382341
0.3151714812
0.3123472777
0.3095778211
0.3054188053
0.2987218390
0.2900387090
0.2814919946
0.2751946805
0.2717372024
0.2702078334
0.2692521524
0.2678337311
0.2651882907
0.2604724683
0.2530671004
0.2435746006
0.2342332732
0.2274586467
0.2239707174
0.2224588717
0.2209955561
0.2186392488
0.2159157362
0.2141143816
0.2141918026
0.2161107286
0.2191113226
0.2228832581
0.2278568107
0.2340949429
0.2397389691
0.2416768608
0.2381239846
0.2302710545
0.2215116365
0.2148577187
0.2110968116
0.2089528685
0.2066247552
0.2033025696
0.1995483837
0.1962680264
0.1935972494
0.1909321817
0.1878972434
0.1846919672
0.1815114900
0.1780182942
0.1737032406
0.1685602373
0.1631579234
0.1583614752
0.1547304525
0.1517794462
0.1479571050
0.1418925748
0.1337691767
0.1253248885
0.1183009032
0.1131064025
0.1091499938
0.1059778814
0.1030782654
0.0987957828
0.0908081672
0.0785375554
0.0649058699
0.0549974722
0.0518950379
0.0540023496
0.0569409159
0.0580967349
0.0587969673
0.0618100059
0.0677454939
0.0745850525
0.0800135570
0.0830374346
0.0834583467
0.0814354247
0.0783873250
0.0769276566
0.0785895656
0.0817967616
0.0832411186
0.0813255007
0.0773495301
0.0735921163
0.0712355615
0.0701285932
0.0694813482
0.0686054402
0.0671747569
0.0646842174
0.0598916069
0.0517118096
0.0408053403
0.0295978430
0.0203001822
0.0129924714
0.0056872711
-0.0037758420
-0.0157067838
-0.0284224071
-0.0393649113
-0.0466416861
-0.0502535031
-0.0524416509
-0.0561075794
-0.0624683289
-0.0699922848
-0.0760042738
-0.0793335797
-0.0812765670
-0.0842341297
-0.0895956203
-0.0966993865
-0.1034802979
-0.1079846322
-0.1095278569
-0.1088196353
-0.1071776871
-0.1056809696
-0.1050519453
-0.1058249772
-0.1082223105
-0.1118222260
-0.1154187934
-0.1177025805
-0.1184648905
-0.1188803554
-0.1202857869
-0.1227001073
-0.1251144075
-0.1271954354
-0.1297355935
-0.1333384262
-0.1371553775
-0.1395086561
-0.1395055412
-0.1375905212
-0.1347450769
-0.1315944313
-0.1285256896
-0.1263133878
-0.1261810682
-0.1290643488
-0.1346402564
-0.1413171392
-0.1475411908
-0.1531274050
-0.1588231445
-0.1647095192
-0.1695661377
-0.1722413374
-0.1732143589
-0.1739379556
-0.1747690341
-0.1747187299
-0.1735739180
-0.1729204531
-0.1745060831
-0.1780824493
-0.1814715642
-0.1824074165
-0.1802831657
-0.1767946018
-0.1750236633
-0.1770103622
-0.1817897930
-0.1861250271
-0.1877724528
-0.1875857655
-0.1881541661
-0.1906958929
-0.1936604741
-0.1944316876
-0.1920453814
-0.1880242169
-0.1852288796
-0.1859220582
-0.1907056166
-0.1985071471
-0.2072743640
-0.2153223578
-0.2223755101
-0.2291726943
-0.2359269323
-0.2412850118
-0.2433367608
-0.2418213700
-0.2388414661
-0.2367669262
-0.2355053112
-0.2326238564
-0.2264885400
-0.2186646479
-0.2126139147
-0.2100763326
-0.2090274355
-0.2059614471
-0.2002712036
-0.1953298360
-0.1948216023
-0.1985919700
-0.2022787186
-0.2011124452
-0.1938275382
-0.1829965241
-0.1723568747
-0.1642945671
-0.1590828688
-0.1555399591
-0.1520297622
-0.1475877479
-0.1426982138
-0.1387779224
-0.1366677345
-0.1358170352
-0.1351217669
-0.1340464830
-0.1327666956
-0.1315236144
-0.1306323009
-0.1306046778
-0.1314769045
-0.1323280424
-0.1315349907
-0.1280408044
-0.1222168827
-0.1152396102
-0.1079215961
-0.1006152014
-0.0941045471
-0.0899340622
-0.0890260017
-0.0902915831
-0.0912546096
-0.0900121533
-0.0860004516
-0.0795264689
-0.0713913456
-0.0627634697
-0.0550315573
-0.0494750939
-0.0467237990
-0.0461908636
-0.0465443509
-0.0466238539
-0.0459197021
-0.0442405579
-0.0415395507
-0.0383886039
-0.0363977282
-0.0370728248
-0.0398150733
-0.0415644451
-0.0393197867
-0.0328936847
-0.0247752112
-0.0176027103
-0.0126367733
-0.0100121638
-0.0092283579
-0.0091620399
-0.0082182256
-0.0055341356
-0.0018605099
0.0010730741
0.0023948559
0.0030009592
0.0045518960
0.0075631348
0.0109485303
0.0132785640
0.0141380144
0.0144451886
0.0155561049
0.0177885190
0.0201007284
0.0215798937
0.0229541064
0.0261981397
0.0325351609
0.0410795798
0.0493613596
0.0549950900
0.0568922070
0.0554229738
0.0519656789
0.0480267891
0.0444378009
0.0412834228
0.0385488281
0.0365405643
0.0354606684
0.0351037340
0.0355328560
0.0375255907
0.0419219248
0.0486836604
0.0565997106
0.0638437689
0.0692467197
0.0726848355
0.0746850105
0.0759985474
0.0772176724
0.0785685022
0.0798035460
0.0803949113
0.0799195534
0.0785010902
0.0769853568
0.0764391440
0.0776282861
0.0806725817
0.0850865878
0.0900239077
0.0950238079
0.1002337046
0.1059456318
0.1117680693
0.1164650905
0.1192710306
0.1212272201
0.1242349482
0.1288935241
0.1338929534
0.1375186953
0.1392067531
0.1395356245
0.1392093495
0.1380282620
0.1349608599
0.1290891095
0.1204405484
0.1097144733
0.0975587103
0.0846274674
0.0721518867
0.0618661614
0.0550817012
0.0513620835
0.0484652522
0.0442214273
0.0385938478
0.0337394235
0.0317902538
0.0331137925
0.0368543860
0.0421801381
0.0479647450
0.0523002184
0.0534935578
0.0517264650
0.0486746267
0.0457539461
0.0432260782
0.0408282625
0.0385503610
0.0363947321
0.0343608082
0.0331829983
0.0345369280
0.0397307716
0.0481435812
0.0575286137
0.0655221728
0.0708988506
0.0734485151
0.0731633762
0.0699875178
0.0644375279
0.0582034483
0.0535586772
0.0519212454
0.0527446331
0.0539438036
0.0533822277
0.0504035778
0.0460834598
0.0421489295
0.0397239107
0.0390146134
0.0396924967
0.0411199507
0.0424553541
0.0430785659
0.0427215482
0.0412898014
0.0386159751
0.0346996325
0.0300980840
0.0254954501
0.0210571593
0.0164295121
0.0114991341
0.0073265617
0.0058446188
0.0083985298
0.0141192241
0.0195207681
0.0203368839
0.0143054762
0.0030216793
-0.0089841189
-0.0171517593
-0.0192207316
-0.0153211806
-0.0069766107
0.0032342697
0.0118899254
0.0163878569
0.0169953901
0.0167987261
0.0189114435
0.0240444361
0.0301548892
0.0340221949
0.0331955999
0.0274225298
0.0190871919
0.0121173897
0.0097879380
0.0125273420
0.0173411163
0.0195184940
0.0156732503
0.0055938134
-0.0081238400
-0.0219161120
-0.0331290518
-0.0408121678
-0.0452084831
-0.0473111142
-0.0488830783
-0.0517718149
-0.0564534616
-0.0616209327
-0.0659584429
-0.0697206069
-0.0743636148
-0.0808818095
-0.0885963348
-0.0953634251
-0.0992698549
-0.1004739771
-0.1012429146
-0.1040099608
-0.1091358700
-0.1143631472
-0.1165373133
-0.1147348198
-0.1111763062
-0.1089638806
-0.1093697111
-0.1114492018
-0.1134413050
-0.1142623038
-0.1136596084
-0.1117312179
-0.1091558230
-0.1070546646
-0.1060225573
-0.1052805137
-0.1034087455
-0.1002091970
-0.0975076275
-0.0974600847
-0.0999017349
-0.1022553469
-0.1023398163
-0.1005505044
-0.0991422085
-0.0999342261
-0.1027777109
-0.1056885547
-0.1064795963
-0.1045751997
-0.1017681485
-0.1006050130
-0.1018169279
-0.1035031551
-0.1028939982
-0.0988382493
-0.0922906027
-0.0852712917
-0.0796653999
-0.0766616120
-0.0764472618
-0.0782297480
-0.0807213635
-0.0828977323
-0.0844404259
-0.0853044133
-0.0854283524
-0.0853187813
-0.0865968957
-0.0912537184
-0.0998156493
-0.1104617672
-0.1204286094
-0.1280810214
-0.1331794704
-0.1360286429
-0.1370036459
-0.1364740390
-0.1348297657
-0.1324466662
-0.1298180270
-0.1272957270
-0.1246888580
-0.1215910162
-0.1183084204
-0.1157965774
-0.1146680251
-0.1145028396
-0.1143083006
-0.1135895985
-0.1124959934
-0.1114304313
-0.1108569302
-0.1110233565
-0.1113928251
-0.1105227114
-0.1074146886
-0.1032361281
-0.1007642135
-0.1014901365
-0.1035846194
-0.1034219191
-0.0992915843
-0.0930346842
-0.0881106072
-0.0865049013
-0.0874397053
-0.0887422630
-0.0889663162
-0.0883170994
-0.0877573936
-0.0876770875
-0.0875736942
-0.0870177269
-0.0864212173
-0.0868652161
-0.0891923766
-0.0932188548
-0.0978327494
-0.1018748522
-0.1045788123
-0.1053869083
-0.1039287569
-0.1005488867
-0.0963891393
-0.0925233151
-0.0893389374
-0.0867221414
-0.0842426922
-0.0811806278
-0.0771125107
-0.0726892164
-0.0693462776
-0.0678760546
-0.0675592315
-0.0669055196
-0.0651626011
-0.0625086530
-0.0594349607
-0.0567030394
-0.0554644628
-0.0565672546
-0.0593901064
-0.0615359684
-0.0600494105
-0.0538479110
-0.0448280948
-0.0364209062
-0.0311954119
-0.0296283779
-0.0305730424
-0.0324182480
-0.0342206896
-0.0361421693
-0.0391593480
-0.0439650062
-0.0500704360
-0.0556395760
-0.0585234681
-0.0578936978
-0.0550473591
-0.0523741085
-0.0514115372
-0.0518653998
-0.0523948061
-0.0515794865
-0.0482977527
-0.0420894918
-0.0335811322
-0.0241796617
-0.0152050238
-0.0074154133
-0.0010865882
0.0038303738
0.0074268289
0.0093416690
0.0091078200
0.0070421227
0.0041340689
0.0010412197
-0.0023920159
-0.0062501885
-0.0095821780
-0.0107788808
-0.0089200114
-0.0043407355
0.0017322539
0.0077942629
0.0125840474
0.0155855698
0.0171879914
0.0183611392
0.0200434542
0.0226915969
0.0265432696
0.0318023439
0.0382978276
0.0452241418
0.0517364206
0.0576548867
0.0631196625
0.0674277855
0.0694407882
0.0691097785
0.0679686426
0.0680197335
0.0701873380
0.0740667124
0.0786343422
0.0826787812
0.0848807607
0.0842141882
0.0808204381
0.0763545611
0.0729476387
0.0717039796
0.0721766937
0.0728910196
0.0721901273
0.0690459571
0.0636291480
0.0574078461
0.0524330331
0.0502281504
0.0512285314
0.0549229480
0.0605509128
0.0674060960
0.0746679984
0.0811321258
0.0855742948
0.0875445282
0.0879157076
0.0885042276
0.0908072138
0.0947919620
0.0989020547
0.1015337148
0.1024130800
0.1027056765
0.1039376522
0.1069396354
0.1113501104
0.1158535681
0.1191446129
0.1210600826
0.1226699526
0.1252371976
0.1289482591
0.1328239476
0.1356462404
0.1368076234
0.1367090792
0.1359820669
0.1341816602
0.1295688995
0.1209652332
0.1096513353
0.0989115772
0.0918672832
0.0894833157
0.0904009388
0.0923265632
0.0937557983
0.0944784195
0.0949155195
0.0956599070
0.0977936701
0.1023196391
0.1084997230
0.1136558003
0.1157150172
0.1157384662
0.1170346472
0.1216857872
0.1284124788
0.1340206261
0.1364298578
0.1361385680
0.1352887730
0.1352779155
0.1351471478
0.1322686797
0.1251164454
0.1153974210
0.1069238341
0.1023432594
0.1008648148
0.0995758739
0.0969658718
0.0948293701
0.0963310710
0.1021114152
0.1089602049
0.1130893042
0.1140468392
0.1142784879
0.1156634226
0.1176191112
0.1184864076
0.1175376775
0.1149804763
0.1110125276
0.1058448844
0.1004430444
0.0966088793
0.0958002295
0.0978532570
0.1009496040
0.1030939525
0.1037319635
0.1036907773
0.1035013679
0.1024357719
0.0998153282
0.0967614676
0.0956579666
0.0977459692
0.1016189291
0.1045372890
0.1047567801
0.1024841239
0.0992382787
0.0962234819
0.0938921361
0.0924204649
0.0920430826
0.0927743292
0.0942411023
0.0959674098
0.0977134982
0.0991514259
0.0996681277
0.0988617246
0.0970655491
0.0950819714
0.0933330794
0.0914807840
0.0885775627
0.0837570904
0.0770815301
0.0699218001
0.0643852510
0.0622102648
0.0638882070
0.0683983033
0.0737186495
0.0776923606
0.0788423092
0.0766752346
0.0715091397
0.0641973991
0.0561087845
0.0490558165
0.0444728082
0.0423089806
0.0409948559
0.0391312742
0.0373173014
0.0379489530
0.0427400751
0.0505901332
0.0581325618
0.0623661229
0.0628168389
0.0617164568
0.0621197144
0.0654103439
0.0702027422
0.0734991989
0.0730422098
0.0689255391
0.0631011650
0.0577770688
0.0540666635
0.0517084337
0.0495164849
0.0460856165
0.0404505940
0.0326605618
0.0237931703
0.0142646354
0.0041935095
-0.0058311914
-0.0140261949
-0.0183135864
-0.0184755969
-0.0171387062
-0.0174321979
-0.0196407486
-0.0209723925
-0.0190692463
-0.0147806580
-0.0107777582
-0.0080981287
-0.0052257689
-0.0007579594
0.0042966756
0.0074706005
0.0076716125
0.0066175306
0.0071302074
0.0102994869
0.0143655557
0.0162565933
0.0140363418
0.0079648941
-0.0000899858
-0.0079360646
-0.0141416772
-0.0184359266
-0.0212162280
-0.0227405986
-0.0233836777
-0.0241811815
-0.0264546533
-0.0306271835
-0.0359186884
-0.0413490150
-0.0463894663
-0.0504925821
-0.0529777670
-0.0538790664
-0.0544271448
-0.0561557391
-0.0596617235
-0.0643113763
-0.0693395126
-0.0748288116
-0.0813248630
-0.0885868729
-0.0950998165
-0.0988774294
-0.0984822023
-0.0942233080
-0.0886702219
-0.0853898441
-0.0865878165
-0.0919291341
-0.0997928578
-0.1089666978
-0.1188009995
-0.1277283122
-0.1330287135
-0.1333767966
-0.1308049420
-0.1286405329
-0.1281369640
-0.1284591912
-0.1289271097
-0.1297918533
-0.1312735036
-0.1332258986
-0.1353605447
-0.1370649241
-0.1375267781
-0.1365415663
-0.1350911964
-0.1347899269
-0.1364937311
-0.1389878790
-0.1396534027
-0.1369534954
-0.1320757135
-0.1277017903
-0.1253172366
-0.1241086382
-0.1223743087
-0.1192884088
-0.1149889239
-0.1097023708
-0.1035343989
-0.0968114297
-0.0900363227
-0.0834628700
-0.0766910479
-0.0689281737
-0.0599531452
-0.0507757261
-0.0435609892
-0.0405102420
-0.0422405415
-0.0470447220
-0.0523588867
-0.0571451950
-0.0622918791
-0.0686769183
-0.0759352867
-0.0833803432
-0.0909196552
-0.0981951499
-0.1038226721
-0.1064500962
-0.1064477590
-0.1060048202
-0.1074743277
-0.1116874807
-0.1176167330
-0.1232730776
-0.1269144138
-0.1279456939
-0.1270686167
-0.1255601397
-0.1244092902
-0.1240499770
-0.1245841104
-0.1259548544
-0.1276196425
-0.1284789092
-0.1277340081
-0.1256298150
-0.1231240564
-0.1206126115
-0.1176146537
-0.1136614038
-0.1091245537
-0.1048734782
-0.1015866107
-0.0994552901
-0.0983472031
-0.0979115399
-0.0975576436
-0.0965988152
-0.0944872504
-0.0908976660
-0.0856872029
-0.0790068964
-0.0714600668
-0.0642828284
-0.0590711550
-0.0570233095
-0.0582124409
-0.0615991963
-0.0658350393
-0.0699993075
-0.0736861338
-0.0765656967
-0.0782333176
-0.0783842775
-0.0774097536
-0.0766591912
-0.0776257884
-0.0803766815
-0.0831319087
-0.0839020163
-0.0825005965
-0.0805760596
-0.0798536847
-0.0804853152
-0.0812386251
-0.0809796522
-0.0797306185
-0.0785653471
-0.0787536152
-0.0804937870
-0.0826580258
-0.0837431022
-0.0832271867
-0.0818768918
-0.0808312365
-0.0807364726
-0.0814720928
-0.0826110985
-0.0838533173
-0.0850153747
-0.0859091943
-0.0865475235
-0.0871077970
-0.0874369354
-0.0870622375
-0.0858956034
-0.0847856928
-0.0850861186
-0.0874583695
-0.0912548818
-0.0949974893
-0.0973719957
-0.0978341376
-0.0964993163
-0.0936727279
-0.0895941210
-0.0847885856
-0.0804120139
-0.0778480390
-0.0775508040
-0.0783834507
-0.0784384773
-0.0769622128
-0.0752657726
-0.0752530574
-0.0771470484
-0.0789411441
-0.0781270231
-0.0739937221
-0.0681322041
-0.0629875722
-0.0598656835
-0.0579741802
-0.0551240365
-0.0497042021
-0.0426988120
-0.0374507205
-0.0369384208
-0.0411965067
-0.0474083452
-0.0523022426
-0.0543462143
-0.0541701375
-0.0537278580
-0.0549788784
-0.0587001286
-0.0637762433
-0.0680140080
-0.0703338728
-0.0716978112
-0.0735714554
-0.0758880037
-0.0772327757
-0.0768114481
-0.0755373459
-0.0747912745
-0.0745238437
-0.0729982401
-0.0683607809
-0.0604560729
-0.0507269179
-0.0407028842
-0.0311651310
-0.0227252848
-0.0164314690
-0.0131004443
-0.0121977528
-0.0116550588
-0.0092460669
-0.0042902747
0.0017599215
0.0063217816
0.0076309275
0.0060234666
0.0035295847
0.0021816136
0.0025835103
0.0039157149
0.0049676951
0.0051087177
0.0045435024
0.0036507733
0.0021718394
-0.0004294755
-0.0039885744
-0.0073870866
-0.0094353984
-0.0097739215
-0.0088969888
-0.0076816397
-0.0070069630
-0.0074070547
-0.0085328558
-0.0089018912
-0.0068777037
-0.0022277529
0.0035677134
0.0086406405
0.0121133931
0.0143261009
0.0159818642
0.0174347322
0.0186750589
0.0197369947
0.0207864537
0.0220012040
0.0235788109
0.0257039448
0.0281916513
0.0301634084
0.0306438032
0.0296272037
0.0282311963
0.0276931630
0.0285062166
0.0303062409
0.0323698990
0.0340144180
0.0349953451
0.0357656232
0.0370286120
0.0387885053
0.0400173886
0.0396070820
0.0377313522
0.0358118253
0.0352388141
0.0364368262
0.0388363292
0.0413068192
0.0427354923
0.0428080190
0.0421886072
0.0419238543
0.0426133169
0.0440187475
0.0454642166
0.0465128243
0.0471873908
0.0477299606
0.0482986891
0.0488881045
0.0493215540
0.0493841494
0.0489377647
0.0481034951
0.0473476257
0.0471586853
0.0476944140
0.0486903091
0.0497289319
0.0504545047
0.0508833137
0.0515248213
0.0529279418
0.0548827288
0.0562790126
0.0561154472
0.0545294457
0.0526952290
0.0518200437
0.0523319612
0.0538446453
0.0556545878
0.0572234219
0.0583128281
0.0589147625
0.0591930835
0.0593881535
0.0595367065
0.0592280230
0.0578167074
0.0550744474
0.0516650055
0.0487449058
0.0470517239
0.0464253625
0.0462879986
0.0463189288
0.0465483451
0.0470271922
0.0474977285
0.0474677116
0.0467053010
0.0455186924
0.0445783779
0.0444197446
0.0450809870
0.0460131404
0.0463187494
0.0452834563
0.0428574467
0.0398866710
0.0377643115
0.0375999478
0.0393708387
0.0418069559
0.0432114567
0.0426145947
0.0404005326
0.0379368804
0.0367216044
0.0377806580
0.0413862366
0.0468258950
0.0525608420
0.0570053387
0.0594103648
0.0600850788
0.0598948171
0.0596505434
0.0598542436
0.0607213630
0.0622049344
0.0639676503
0.0654885339
0.0663410720
0.0665192555
0.0665216978
0.0669632926
0.0680941436
0.0696990962
0.0714146444
0.0729518869
0.0740761554
0.0746186635
0.0746747924
0.0746936666
0.0752063649
0.0764515848
0.0781753950
0.0797894738
0.0808117459
0.0812218905
0.0815704986
0.0826176171
0.0845649262
0.0865206894
0.0870478372
0.0854900126
0.0826140404
0.0798932590
0.0783278148
0.0779056612
0.0778883300
0.0774598552
0.0761886501
0.0742161963
0.0720760205
0.0703147664
0.0692798133
0.0691337975
0.0698380009
0.0710817926
0.0723415081
0.0731740840
0.0734531810
0.0733509934
0.0731553018
0.0731676432
0.0736628173
0.0746817659
0.0758073696
0.0763077104
0.0757097260
0.0742876049
0.0729228525
0.0724402062
0.0731494813
0.0748037401
0.0768005582
0.0785060219
0.0795586668
0.0800619594
0.0805119048
0.0814482892
0.0830454605
0.0849013563
0.0863072332
0.0868150326
0.0865964786
0.0862293954
0.0861727606
0.0864418126
0.0867166744
0.0866809445
0.0863015571
0.0858628054
0.0856889949
0.0858723516
0.0862503452
0.0866043276
0.0867754803
0.0866684690
0.0862673396
0.0856535300
0.0849886826
0.0844823371
0.0843052119
0.0845079886
0.0849638874
0.0853869598
0.0854638151
0.0850484497
0.0842743465
0.0834314645
0.0827739311
0.0824220059
0.0823832573
0.0826413223
0.0832020522
0.0840523270
0.0850674741
0.0859990890
0.0865986795
0.0867552257
0.0865060599
0.0859536786
0.0852171615
0.0844351686
0.0837747211
0.0833881020
0.0833301655
0.0835186180
0.0838069250
0.0840851628
0.0842936232
0.0843873846
0.0843559518
0.0842748607
0.0842673661
0.0843856931
0.0845545718
0.0846621693
0.0846560330
0.0845153061
0.0842192189
0.0838025626
0.0834167668
0.0832520828
0.0833725099
0.0836617273
0.0839635593
0.0842376299
0.0845441548
0.0849331425
0.0853946089
0.0858873342
0.0863493204
0.0866969655
0.0868608897
0.0868307022
0.0866573972
0.0864255570
0.0862218625
0.0860932667
0.0860299038
0.0859913533
0.0859571278
0.0859304901
0.0859035233
0.0858560939
0.0857938348
0.0857567506
0.0857891700
0.0859017580
0.0860532010
0.0861773862
0.0862411124
0.0862633843
0.0862815847
0.0863107616
0.0863473558
0.0863888269
0.0864358725
0.0864847164
0.0865293095
0.0865693360
0.0866050172
0.0866295992
0.0866334030
0.0866211515
0.0866160303
0.0866392407
0.0866851409
0.0867203160
0.0867067277
0.0866276181
0.0864996783
0.0863602014
0.0862376430
0.0861298809
0.0860132605
0.0858708023
0.0857085047
0.0855478885
0.0854044721
0.0852755758
0.0851480436
0.0850137963
0.0848752948
0.0847407567
0.0846155073
0.0844955310
0.0843669913
0.0842146278
0.0840344510
0.0838382226
0.0836433769
0.0834567886
0.0832717051
0.0830793491
0.0828797023
0.0826798193
0.0824831881
0.0822833952
0.0820686828
0.0818324047
0.0815793180
0.0813214080
0.0810683972
0.0808215553
0.0805752451
0.0803227620
0.0800607470
0.0797900618
0.0795147445
0.0792400781
0.0789693891
0.0787014784
0.0784312301
0.0781537856
0.0778685039
0.0775783654
0.0772861130
0.0769923573
0.0766962079
0.0763964940
0.0760914244
0.0757786194
0.0754568205
0.0751274457
0.0747938287
0.0744586849
0.0741225744
0.0737845731
0.0734435937
0.0730988336
0.0727496115
0.0723954093
0.0720361301
0.0716721917
0.0713042717
0.0709329415
0.0705583432
0.0701802329
0.0697982933
0.0694124201
0.0690227630
0.0686294713
0.0682325352
0.0678319183
0.0674277153
0.0670201222
0.0666092548
0.0661950998
0.0657775672
0.0653565400
0.0649319080
0.0645036259
0.0640717631
0.0636364990
0.0631980072
0.0627563658
0.0623115717
0.0618635990
0.0614124404
0.0609581130
0.0605006617
0.0600401647
0.0595767099
0.0591103634
0.0586411504
0.0581690680
0.0576941165
0.0572163306
0.0567357682
0.0562525077
0.0557666215
0.0552781556
0.0547871236
0.0542935320
0.0537974042
0.0532987861
0.0527977312
0.0522942836
0.0517884791
0.0512803557
0.0507699622
0.0502573465
0.0497425565
0.0492256370
0.0487066278
0.0481855674
0.0476624968
0.0471374611
0.0466105055
0.0460816763
0.0455510144
0.0450185642
0.0444843675
0.0439484687
0.0434109109
0.0428717381
0.0423309924
0.0417887188
0.0412449582
0.0406997545
0.0401531504
0.0396051897
0.0390559140
0.0385053667
0.0379535891
0.0374006247
0.0368465154
0.0362913032
0.0357350299
0.0351777372
0.0346194676
0.0340602614
0.0335001597
0.0329392044
