0.0032989579
0.0033061084
0.0033135590
0.0033197077
0.0033247279
0.0033321110
0.0033370386
0.0033406539
0.0033452919
0.0033396862
0.0033488611
0.0033694798
0.0033532102
0.0033145953
0.0033412663
0.0033831582
0.0033268784
0.0032871352
0.0033438403
0.0034290145
0.0034540894
0.0034972577
0.0034942429
0.0034835829
0.0035338934
0.0033777560
0.0032257388
0.0033935305
0.0036330846
0.0037560861
0.0035551840
0.0033482038
0.0035968109
0.0036384976
0.0031576803
0.0030038165
0.0032852207
0.0030693740
0.0028295090
0.0030357451
0.0032684308
0.0034758656
0.0034734440
0.0031215306
0.0035875587
0.0040735940
0.0031336521
0.0024117507
0.0035848038
0.0048387424
0.0043645503
0.0034855065
0.0040045494
0.0047422300
0.0037414742
0.0023642084
0.0028606534
0.0040497547
0.0035738619
0.0034409827
0.0037188361
0.0028806331
0.0022211262
0.0026035138
0.0033224083
0.0035366921
0.0023408916
0.0003825819
0.0006173917
0.0031189971
0.0034575733
0.0021085922
0.0040593022
0.0072433785
0.0069831292
0.0051803326
0.0057490505
0.0058457653
0.0062911295
0.0080704880
0.0062362981
-0.0002341784
-0.0043047726
-0.0021212204
0.0023687586
0.0029352639
-0.0002394509
0.0003137397
0.0044978477
0.0053730804
0.0017082803
0.0015444247
0.0027074929
0.0004559884
0.0018425190
0.0044237242
0.0004601525
-0.0019971557
0.0012887889
0.0049455209
0.0090636818
0.0134726053
0.0139519820
0.0114602680
0.0101710652
0.0067520583
0.0021339825
0.0045059190
0.0108430398
0.0091068429
0.0008153130
-0.0034720305
-0.0045918997
-0.0035983912
0.0022956690
0.0059352459
0.0026036748
0.0023981779
0.0071686565
0.0058601366
0.0033685316
0.0094156327
0.0161531809
0.0151543422
0.0106654868
0.0069440633
0.0068562580
0.0084129865
0.0083191590
0.0106748657
0.0125641328
0.0098021152
0.0099911016
0.0139530287
0.0133633001
0.0140596060
0.0156068471
0.0111469288
0.0085393756
0.0064517209
0.0000940489
-0.0022719401
0.0028658072
0.0049202367
0.0045436721
0.0081694930
0.0125841563
0.0166931481
0.0218553772
0.0217866283
0.0186625115
0.0166181058
0.0102255454
0.0045733401
0.0064416631
0.0074223392
0.0062143745
0.0078413023
0.0074849038
0.0094845668
0.0182643768
0.0249344132
0.0140784616
-0.0028401755
-0.0168202866
-0.0199229782
-0.0045357842
0.0111999465
0.0125781154
0.0056934188
0.0068383783
0.0106747245
0.0082180411
0.0088058436
0.0091111425
0.0049885723
0.0067552033
0.0134188490
0.0135930377
0.0078651556
0.0040603867
0.0047441144
0.0069540050
0.0042781486
-0.0010121881
0.0001685918
0.0084221479
0.0108265444
0.0009601747
-0.0026315423
0.0070914500
0.0126610571
0.0089607386
0.0034461982
-0.0041751301
-0.0125735898
-0.0192840322
-0.0216585308
-0.0197833678
-0.0190654273
-0.0170178347
-0.0086322269
0.0015124982
0.0084485469
0.0099633049
0.0073278003
0.0070982394
0.0048027999
-0.0054391588
-0.0186240999
-0.0214909576
-0.0085626700
0.0076331493
0.0148609868
0.0055642262
-0.0101480461
-0.0107427623
0.0056906780
0.0204688909
0.0200632294
0.0074097312
-0.0059104361
-0.0100397745
-0.0123604345
-0.0170790645
-0.0185505290
-0.0146016723
-0.0120724533
-0.0150068865
-0.0175910157
-0.0041011036
0.0242572678
0.0380703273
0.0260425549
-0.0028178519
-0.0241561181
-0.0249368021
-0.0147195376
-0.0074326123
0.0035448232
0.0217648831
0.0312369797
0.0158434228
-0.0053224069
-0.0005964231
0.0180959107
0.0183135114
0.0048444073
0.0030095826
0.0091986639
0.0064813218
-0.0010587398
-0.0087633657
-0.0207752054
-0.0296983273
-0.0299443239
-0.0255155178
-0.0143070282
0.0043418715
0.0151985396
0.0149570128
0.0048237901
-0.0170381822
-0.0302384714
-0.0279909551
-0.0215615700
-0.0104639899
0.0086027372
0.0171302254
0.0058231338
-0.0073526490
-0.0114404376
-0.0110850098
-0.0090532471
-0.0026867453
0.0075710785
0.0120899531
-0.0006080596
-0.0244585958
-0.0323741740
-0.0175659410
-0.0013635708
0.0014057297
-0.0046224432
-0.0125838269
-0.0162434939
-0.0060770757
0.0109240027
0.0137282673
0.0004185244
-0.0114363103
-0.0093888808
-0.0017069583
-0.0055382691
-0.0199635842
-0.0328955088
-0.0400520335
-0.0420755669
-0.0450467816
-0.0589804770
-0.0780222325
-0.0773823424
-0.0573605737
-0.0467200648
-0.0623720564
-0.0812037074
-0.0836797293
-0.0770532080
-0.0706590103
-0.0684210093
-0.0721875059
-0.0757593978
-0.0692566578
-0.0549187640
-0.0541970510
-0.0716315761
-0.0815257649
-0.0733488742
-0.0630003896
-0.0636684504
-0.0669981682
-0.0666105100
-0.0696100791
-0.0728182658
-0.0798225102
-0.0955623686
-0.1065539929
-0.1060729001
-0.1026445166
-0.0954387051
-0.0774031178
-0.0592989973
-0.0544116104
-0.0580179765
-0.0682691446
-0.0815785771
-0.0878250505
-0.0846995195
-0.0749907816
-0.0614035798
-0.0497436197
-0.0430725774
-0.0334787474
-0.0109968406
0.0227307884
0.0529203604
0.0708503104
0.0746494876
0.0684839640
0.0613200100
0.0567753249
0.0453812850
0.0307835994
0.0330361202
0.0576199548
0.0867853292
0.1056222609
0.1122648127
0.1058172605
0.0876079786
0.0664165264
0.0445491604
0.0299732648
0.0273822492
0.0335498888
0.0489675481
0.0722642750
0.0915076383
0.1095829581
0.1392682386
0.1762236762
0.1933374105
0.1902587697
0.1809250443
0.1722292259
0.1649827270
0.1592222365
0.1536004003
0.1495294980
0.1462875767
0.1396252438
0.1286917035
0.1164656553
0.1040181954
0.0890112655
0.0725274303
0.0596758114
0.0491013733
0.0351408488
0.0235217819
0.0201058795
0.0191365369
0.0086703858
-0.0307193310
-0.0800037001
-0.1124762899
-0.1229889003
-0.1169797989
-0.1038263982
-0.0882622289
-0.0725831222
-0.0600666314
-0.0486173905
-0.0572343325
-0.1202285722
-0.1421736309
-0.1783092398
-0.2596712741
-0.3315460214
-0.2928665783
-0.3205178531
-0.3046503498
-0.2919752999
-0.2370894821
-0.1540265087
-0.0651173263
0.0211633214
0.0825600133
0.1234581942
0.1701594106
0.2274712652
0.2479216085
0.2029598304
0.1511693992
0.1668749878
0.2330993772
0.2564370165
0.1968042313
0.1306540762
0.1250034508
0.1411646990
0.1100738891
0.0327433671
-0.0384184904
-0.0823203147
-0.1183057121
-0.1443819062
-0.1481064601
-0.1348313119
-0.1186739673
-0.1097039846
-0.1040121067
-0.0922793383
-0.0785583897
-0.0762870464
-0.0795527121
-0.0811949921
-0.0783709620
-0.0677784222
-0.0535712306
-0.0405688273
-0.0349399096
-0.0369997927
-0.0409830759
-0.0395758994
-0.0377828668
-0.0378453338
-0.0390510391
-0.0393698139
-0.0436335866
-0.0567063554
-0.0762597784
-0.1051605642
-0.1377480869
-0.1473944085
-0.1246880642
-0.1049420963
-0.1065399277
-0.1099148847
-0.1044744997
-0.0993348567
-0.0992867404
-0.1109427212
-0.1344456291
-0.1380762613
-0.1107711343
-0.0659156279
-0.0209388487
0.0099378374
0.0290172706
0.0504759229
0.0738546853
0.0860242250
0.0865213775
0.0910821132
0.1062017247
0.1311208432
0.1521204823
0.1510370424
0.1283834506
0.1100184879
0.1037507007
0.0946591159
0.0737993109
0.0443342440
0.0139283455
-0.0107988398
-0.0304405895
-0.0606486113
-0.1038406875
-0.1417589211
-0.1523229421
-0.1288619457
-0.0862908425
-0.0477485907
-0.0272960515
-0.0171793736
-0.0015261930
0.0216723876
0.0332805687
0.0328112240
0.0357079629
0.0560935533
0.0893136657
0.1187282868
0.1293761902
0.1196034877
0.0991770152
0.0835853176
0.0798166450
0.0808548775
0.0695562088
0.0359219874
0.0130680657
0.0130682450
0.0106727763
-0.0043028632
-0.0125409567
-0.0030219267
0.0111502393
0.0149981171
0.0040078497
-0.0144621154
-0.0364790273
-0.0654300927
-0.0947278463
-0.0949771720
-0.0572972196
-0.0084520406
0.0257419001
0.0264057150
-0.0043032315
-0.0410967254
-0.0472727522
0.0003274059
0.0865532850
0.1733793375
0.2207203413
0.2049891377
0.1520915579
0.1038932856
0.0858725801
0.1026534994
0.1407817143
0.1778484763
0.1925083402
0.1655701327
0.1047427735
0.0488126741
0.0149791820
-0.0016625717
-0.0018559483
0.0003006606
-0.0106011134
-0.0278905104
-0.0371715909
-0.0431243404
-0.0569764607
-0.0720780661
-0.0833488316
-0.1010757030
-0.1315178945
-0.1629440292
-0.1787099237
-0.1656756226
-0.1336806998
-0.0955262405
-0.0594704656
-0.0382625875
-0.0157564071
0.0189903423
0.0469883796
0.0557857581
0.0598686057
0.0707537030
0.0854972155
0.0990301361
0.1178934131
0.1435379085
0.1585869113
0.1404710039
0.0902052327
0.0382354850
0.0049313439
-0.0117812982
-0.0199367820
-0.0208407043
-0.0120908554
0.0003662790
0.0047548564
0.0053005322
0.0083813849
0.0122313052
0.0159145106
0.0202001293
0.0167388018
-0.0013112250
-0.0353952607
-0.0771328665
-0.1120658032
-0.1243015610
-0.1055002765
-0.0573185822
-0.0030269066
0.0381425033
0.0642182260
0.0604989811
0.0170044655
-0.0407740500
-0.0785809662
-0.1020648135
-0.1232609733
-0.1217315723
-0.0825286418
-0.0199786817
0.0413445462
0.0856803534
0.1158302545
0.1373520294
0.1431988017
0.1289159026
0.1165831351
0.1249536182
0.1398041090
0.1537108410
0.1715003350
0.1924483826
0.2149574426
0.2372651774
0.2541221398
0.2589591516
0.2459206532
0.2163300568
0.1872960124
0.1751501553
0.1695790251
0.1606868613
0.1550787084
0.1509660353
0.1411670592
0.1218176429
0.0894329394
0.0465060200
0.0055208763
-0.0212199171
-0.0280945893
-0.0212759325
-0.0145962390
-0.0135430950
-0.0105878018
0.0022431807
0.0232678255
0.0391573821
0.0403403508
0.0315583403
0.0228771737
0.0207639883
0.0266469523
0.0289744724
0.0187985741
-0.0026228526
-0.0224847133
-0.0347145927
-0.0451200292
-0.0552952308
-0.0660774493
-0.0751292978
-0.0831608064
-0.0897944049
-0.0893173825
-0.0771135657
-0.0641087870
-0.0634989481
-0.0727821312
-0.0862407193
-0.0991732653
-0.1075187323
-0.1140466284
-0.1167824548
-0.1135471983
-0.1107032128
-0.1162895103
-0.1295520576
-0.1362844651
-0.1299720356
-0.1193995367
-0.1068143297
-0.0907170257
-0.0770586278
-0.0714512151
-0.0738090001
-0.0852134856
-0.1027658403
-0.1170129417
-0.1279925968
-0.1351557452
-0.1358160797
-0.1298827208
-0.1181109096
-0.1034484831
-0.0948787985
-0.0907398623
-0.0811645312
-0.0715902421
-0.0704154560
-0.0710217429
-0.0683885853
-0.0718432881
-0.0745144366
-0.0636356937
-0.0511142256
-0.0507965854
-0.0519672624
-0.0461790420
-0.0418163466
-0.0439299570
-0.0503998538
-0.0584783725
-0.0646976914
-0.0676798097
-0.0663072811
-0.0637896533
-0.0677355369
-0.0769049963
-0.0814428249
-0.0748072260
-0.0565966144
-0.0309677667
-0.0007310436
0.0238090625
0.0374628601
0.0472951457
0.0572047085
0.0633048851
0.0667367372
0.0732117831
0.0810594269
0.0836248378
0.0845315016
0.0912833299
0.1090824405
0.1340283246
0.1537004448
0.1610383829
0.1567942641
0.1432857976
0.1205470162
0.0900232161
0.0562430085
0.0288679421
0.0217693322
0.0266469136
0.0235318987
0.0060130440
-0.0162543756
-0.0433352848
-0.0785903137
-0.1140625129
-0.1291711183
-0.1273457985
-0.1260964191
-0.1350032000
-0.1507345013
-0.1650364321
-0.1713809063
-0.1702323144
-0.1625623179
-0.1491864039
-0.1258694060
-0.0939038208
-0.0696582253
-0.0550081501
-0.0453238508
-0.0385564330
-0.0318591830
-0.0204084941
-0.0041860610
0.0080237670
0.0195498695
0.0376126190
0.0521630325
0.0534772064
0.0413013213
0.0239220696
0.0234565478
0.0460655088
0.0768795828
0.0995358461
0.1177296190
0.1402406670
0.1630061207
0.1788752981
0.1827880401
0.1814581756
0.1843346421
0.1823125421
0.1689520873
0.1361450926
0.1018059333
0.0820149277
0.0722275671
0.0619792464
0.0528874959
0.0522391724
0.0581754423
0.0630058759
0.0626360840
0.0561466881
0.0439270120
0.0317551799
0.0262300285
0.0225292219
0.0153442709
0.0091139855
0.0073915885
0.0100080477
0.0154945021
0.0197291964
0.0190100388
0.0154611856
0.0116930841
0.0079821663
0.0043968671
-0.0019846129
-0.0103170112
-0.0175091034
-0.0208285694
-0.0229328433
-0.0301095745
-0.0460883986
-0.0645270307
-0.0807398550
-0.0887601939
-0.0889155222
-0.0859697247
-0.0835994206
-0.0791631039
-0.0728323350
-0.0678535759
-0.0668964353
-0.0648015214
-0.0596820037
-0.0530250574
-0.0482295441
-0.0432954709
-0.0358566485
-0.0315976983
-0.0381896304
-0.0571770004
-0.0808465846
-0.0998472032
-0.1160559315
-0.1291180788
-0.1365575627
-0.1297411704
-0.1038455362
-0.0697517343
-0.0387756759
-0.0122950919
0.0102203526
0.0309773094
0.0508412485
0.0708919980
0.0925035454
0.1116354108
0.1198196661
0.1166159398
0.1055639575
0.0837749137
0.0495266944
0.0150179346
-0.0050078193
-0.0073298508
0.0079385907
0.0342904217
0.0589678660
0.0735796822
0.0809806323
0.0848827968
0.0858517430
0.0885164834
0.1006613991
0.1259246749
0.1610611535
0.1880133725
0.1858219804
0.1448471159
0.0735793257
-0.0197943754
-0.1213294923
-0.2069053086
-0.2564429614
-0.2635581840
-0.2442290574
-0.2112455213
-0.1708797030
-0.1341284412
-0.1024502466
-0.0684695580
-0.0294572631
0.0132176526
0.0588454300
0.0984657426
0.1209310606
0.1273186320
0.1252343923
0.1181040037
0.1093954541
0.1028317650
0.1016495092
0.1115391986
0.1214504864
0.1245512590
0.1279052156
0.1344989898
0.1421342531
0.1508310520
0.1650858606
0.1853128910
0.2054640517
0.2202827993
0.2260449419
0.2227411188
0.2077542860
0.1790705529
0.1385002852
0.0907109594
0.0444833533
-0.0016411730
-0.0410856736
-0.0732820932
-0.1040237617
-0.1297844964
-0.1421745526
-0.1396906735
-0.1207874990
-0.0944501026
-0.0708724409
-0.0483194902
-0.0312855542
-0.0252326575
-0.0269284624
-0.0287471362
-0.0242550919
-0.0077538452
0.0202319548
0.0468984912
0.0708368825
0.0901510236
0.0964835992
0.0946033267
0.0904193361
0.0802046659
0.0543469439
0.0200714796
-0.0114208270
-0.0350437159
-0.0449589051
-0.0482405261
-0.0499792641
-0.0493026878
-0.0454138206
-0.0392839031
-0.0305285964
-0.0236811501
-0.0231454569
-0.0270709194
-0.0349876716
-0.0483822126
-0.0628354422
-0.0742928202
-0.0836116694
-0.0907020536
-0.0943255304
-0.0935447398
-0.0886099344
-0.0807302562
-0.0678155151
-0.0519480615
-0.0383894893
-0.0323423864
-0.0285431568
-0.0223651848
-0.0158335266
-0.0168881661
-0.0261185339
-0.0377538239
-0.0460953992
-0.0513405021
-0.0555344737
-0.0572883703
-0.0555533507
-0.0512518987
-0.0456693417
-0.0388333922
-0.0312960015
-0.0246839375
-0.0163456730
-0.0019183700
0.0156835475
0.0325592119
0.0484903417
0.0622802150
0.0750020961
0.0836684060
0.0888121251
0.0940863270
0.0982379244
0.1001540098
0.0986300406
0.0902067663
0.0721513908
0.0486086298
0.0242726820
-0.0001576604
-0.0216747372
-0.0342279505
-0.0430083208
-0.0518742774
-0.0588668779
-0.0614203753
-0.0602642426
-0.0557425698
-0.0466406340
-0.0315446006
-0.0135469088
0.0069038935
0.0226940151
0.0300165067
0.0334887272
0.0312334408
0.0217304164
0.0101290681
0.0036908060
0.0071360058
0.0172071602
0.0277824766
0.0362267554
0.0381670458
0.0320711943
0.0224829102
0.0137387129
0.0093067980
0.0079761456
0.0069909114
0.0059542616
0.0032564364
-0.0032185707
-0.0143531818
-0.0264211653
-0.0359197864
-0.0457643792
-0.0591947286
-0.0740161600
-0.0854302902
-0.0907725014
-0.0918357959
-0.0865465362
-0.0766511645
-0.0581550613
-0.0304659258
-0.0024332863
0.0171149555
0.0249919864
0.0238769669
0.0149155526
0.0016751395
-0.0064549672
-0.0092943285
-0.0156952913
-0.0254070832
-0.0329214382
-0.0373590381
-0.0419092368
-0.0487084415
-0.0571872533
-0.0616673330
-0.0591881825
-0.0540448213
-0.0494882263
-0.0465796353
-0.0435937411
-0.0388412377
-0.0320964977
-0.0238809803
-0.0143192672
-0.0008482425
0.0118120757
0.0139005350
0.0020680658
-0.0213281867
-0.0446758405
-0.0583728860
-0.0648103111
-0.0705327689
-0.0760971072
-0.0788671339
-0.0800657037
-0.0822265303
-0.0864005088
-0.0908168449
-0.0923831800
-0.0908707670
-0.0870458477
-0.0788342506
-0.0642470059
-0.0471532824
-0.0322832825
-0.0211035338
-0.0118221086
-0.0023999722
0.0073384839
0.0154884257
0.0210399252
0.0243561319
0.0255665578
0.0241516188
0.0182699947
0.0075791520
-0.0039108150
-0.0146554705
-0.0242624596
-0.0286493485
-0.0281526787
-0.0265188834
-0.0241494374
-0.0196036134
-0.0133491013
-0.0065375721
0.0004217829
0.0084390936
0.0177954884
0.0242973922
0.0277723318
0.0286589287
0.0292262661
0.0338804027
0.0402713561
0.0451563677
0.0452971123
0.0394834079
0.0323136475
0.0268550448
0.0236734713
0.0232352211
0.0251135460
0.0299287164
0.0360376914
0.0418292039
0.0453782379
0.0445838736
0.0390155199
0.0306440433
0.0225543371
0.0184826172
0.0186177392
0.0213971999
0.0252663366
0.0279061355
0.0279401628
0.0290518594
0.0309944347
0.0298847026
0.0302483352
0.0338522957
0.0375423124
0.0406615182
0.0437327174
0.0466928748
0.0475724722
0.0415591510
0.0264606574
0.0106532811
-0.0037293844
-0.0160776750
-0.0267824087
-0.0372199883
-0.0450245594
-0.0502334699
-0.0507901858
-0.0470112882
-0.0412990586
-0.0355919109
-0.0292756323
-0.0211349418
-0.0126849039
-0.0067582952
-0.0033053110
0.0012939396
0.0081948199
0.0207827334
0.0390422278
0.0583725758
0.0735223874
0.0832269938
0.0866431240
0.0865332951
0.0848146269
0.0785593353
0.0650667555
0.0479190654
0.0328278863
0.0187126162
0.0046176509
-0.0111450805
-0.0242339871
-0.0311722536
-0.0353421986
-0.0414369561
-0.0498537992
-0.0576110322
-0.0604064034
-0.0561285056
-0.0462501021
-0.0315468713
-0.0160480291
-0.0034102276
0.0081864361
0.0194055369
0.0277509912
0.0310347721
0.0286690522
0.0282492429
0.0389755256
0.0590122762
0.0717537728
0.0740312262
0.0699876788
0.0636671260
0.0611339667
0.0608577156
0.0565927574
0.0513815356
0.0466139522
0.0405926363
0.0343797864
0.0296210811
0.0256779798
0.0219530686
0.0176371703
0.0099873700
-0.0020955080
-0.0177757159
-0.0325521470
-0.0443224326
-0.0500857915
-0.0513558683
-0.0514427086
-0.0510550405
-0.0496747921
-0.0467661184
-0.0429284714
-0.0383395965
-0.0323782392
-0.0273191961
-0.0243967821
-0.0242411394
-0.0271886150
-0.0324738648
-0.0370793952
-0.0396800274
-0.0412102396
-0.0423958751
-0.0424211189
-0.0401172243
-0.0344457369
-0.0270567595
-0.0204244598
-0.0166103509
-0.0142413082
-0.0099474919
-0.0042337748
0.0001348996
0.0023818262
0.0046001187
0.0053945788
0.0026098657
0.0001341191
0.0018738234
0.0059752223
0.0106059834
0.0161924975
0.0226816377
0.0296617307
0.0361942577
0.0401642104
0.0418162505
0.0424213877
0.0432867140
0.0438757365
0.0437382310
0.0422360361
0.0384800996
0.0314202932
0.0191819994
0.0035201651
-0.0120933703
-0.0252774165
-0.0390106418
-0.0498541424
-0.0568667676
-0.0622953287
-0.0676095625
-0.0705745033
-0.0695596942
-0.0657123146
-0.0619968102
-0.0593463673
-0.0560207568
-0.0510352477
-0.0468306052
-0.0450862022
-0.0446232505
-0.0445047000
-0.0438841061
-0.0427015552
-0.0401327546
-0.0366062353
-0.0328660219
-0.0289283773
-0.0259399969
-0.0255773933
-0.0271503278
-0.0296756222
-0.0338092782
-0.0402009675
-0.0482000866
-0.0563543350
-0.0624912747
-0.0650463145
-0.0646266177
-0.0625488826
-0.0602759568
-0.0578060970
-0.0544376082
-0.0490296142
-0.0427116410
-0.0376814499
-0.0341514099
-0.0312997044
-0.0277771555
-0.0241067734
-0.0215837810
-0.0201996187
-0.0176564948
-0.0120944375
-0.0054129409
0.0000790293
0.0034446397
0.0048220222
0.0049183425
0.0037608861
0.0009763810
-0.0041761306
-0.0083754171
-0.0086377195
-0.0063957941
-0.0033793331
0.0006681800
0.0055754628
0.0102705936
0.0132486754
0.0147997016
0.0155657083
0.0159188656
0.0160337271
0.0168461311
0.0188231379
0.0222203338
0.0274481347
0.0337243169
0.0403058376
0.0457370274
0.0486835371
0.0505139077
0.0521247990
0.0521657994
0.0509818270
0.0503771771
0.0514304168
0.0541551141
0.0580829680
0.0616829371
0.0639546212
0.0660658378
0.0668399566
0.0669632256
0.0680025102
0.0676038864
0.0676878396
0.0709972334
0.0741725723
0.0732688293
0.0689030482
0.0622323423
0.0525986375
0.0425867211
0.0341102573
0.0272454490
0.0206690210
0.0147496933
0.0117265619
0.0093317731
0.0054798563
0.0006524989
-0.0048634205
-0.0096352421
-0.0124432178
-0.0131244054
-0.0134782599
-0.0161448871
-0.0210586512
-0.0279554959
-0.0364762145
-0.0423119522
-0.0448286213
-0.0460948046
-0.0460022709
-0.0441820049
-0.0402389771
-0.0349803312
-0.0281707774
-0.0199811963
-0.0115635137
-0.0033745227
0.0038911554
0.0088236314
0.0129349324
0.0164234694
0.0176643591
0.0172324590
0.0156089689
0.0129860408
0.0103109141
0.0064846221
0.0014980647
-0.0030405961
-0.0067551352
-0.0105571120
-0.0137194523
-0.0155412984
-0.0165016638
-0.0173206601
-0.0175112920
-0.0171524182
-0.0162082152
-0.0145266996
-0.0115239928
-0.0075529565
-0.0038990029
-0.0012023842
-0.0010455035
-0.0035962797
-0.0066520936
-0.0083887591
-0.0084424738
-0.0066786658
-0.0051076116
-0.0065187383
-0.0093324858
-0.0107824693
-0.0105892373
-0.0091688721
-0.0065848629
-0.0033258664
-0.0010266032
0.0003425297
0.0013045341
0.0011915287
-0.0005113011
-0.0028275490
-0.0054388555
-0.0086383653
-0.0125709056
-0.0162249538
-0.0191390856
-0.0217235672
-0.0237445570
-0.0250109706
-0.0257680438
-0.0261491167
-0.0254911737
-0.0232265837
-0.0188619842
-0.0115654696
-0.0027175389
0.0046813908
0.0103208150
0.0140494611
0.0171095103
0.0187417448
0.0178503228
0.0161444852
0.0161904587
0.0166070882
0.0156126916
0.0160405082
0.0192305016
0.0243084779
0.0313319927
0.0387884311
0.0459705345
0.0519134000
0.0561524417
0.0595751971
0.0617750075
0.0614712639
0.0590798199
0.0567063529
0.0555279160
0.0559581539
0.0556751991
0.0533794405
0.0501857434
0.0467023974
0.0423513221
0.0377756010
0.0317534394
0.0236222475
0.0149689655
0.0074649185
0.0003734692
-0.0064679509
-0.0114656464
-0.0140014440
-0.0152144827
-0.0144979395
-0.0123033823
-0.0111154486
-0.0121331064
-0.0138158115
-0.0138665277
-0.0123113556
-0.0109042494
-0.0098659516
-0.0098630015
-0.0111892075
-0.0130148699
-0.0154485519
-0.0184707303
-0.0217947521
-0.0248232981
-0.0280259785
-0.0311024366
-0.0340105092
-0.0362570075
-0.0367556739
-0.0343677723
-0.0283724512
-0.0206167825
-0.0131472914
-0.0059089317
0.0014671611
0.0088079027
0.0161405392
0.0230288316
0.0288575147
0.0340193383
0.0384479429
0.0417636306
0.0430437417
0.0421028895
0.0399293128
0.0364384683
0.0310164629
0.0240547198
0.0167065861
0.0096310276
0.0025743315
-0.0045494141
-0.0116264456
-0.0186146913
-0.0251679144
-0.0299749662
-0.0333015793
-0.0352904324
-0.0350959865
-0.0337429070
-0.0318798179
-0.0294557487
-0.0264150294
-0.0234021828
-0.0215052294
-0.0201745150
-0.0184240021
-0.0163569058
-0.0147408851
-0.0128443478
-0.0098678128
-0.0053840152
0.0001605578
0.0057525897
0.0107880209
0.0154334619
0.0198133636
0.0240858351
0.0290879453
0.0340694861
0.0374043071
0.0393898904
0.0398162257
0.0387774539
0.0363110925
0.0327057760
0.0283212638
0.0251614676
0.0238046973
0.0235935872
0.0241590419
0.0254845995
0.0277947203
0.0318284929
0.0361712158
0.0392230445
0.0403715768
0.0393891340
0.0360626714
0.0295839934
0.0216747608
0.0140042050
0.0072033750
0.0011667420
-0.0037931448
-0.0088048631
-0.0132690943
-0.0163412818
-0.0180239222
-0.0184775340
-0.0182038809
-0.0178773965
-0.0174821866
-0.0168008368
-0.0161754673
-0.0163642951
-0.0171070508
-0.0175099277
-0.0179311618
-0.0183471334
-0.0189661732
-0.0199571456
-0.0211016774
-0.0223842065
-0.0240931790
-0.0258097327
-0.0269795765
-0.0281884079
-0.0295027690
-0.0301047791
-0.0297040458
-0.0280026535
-0.0253534303
-0.0212035140
-0.0150727231
-0.0103002140
-0.0078543742
-0.0059753773
-0.0041083032
-0.0029526224
-0.0020296122
-0.0013045164
-0.0012097584
-0.0022554706
-0.0037914262
-0.0046755974
-0.0051495060
-0.0042435149
-0.0017191131
0.0018105582
0.0060030952
0.0095812472
0.0123055022
0.0147280562
0.0161299581
0.0161621255
0.0156244757
0.0143113197
0.0119524976
0.0094391399
0.0068968686
0.0039294917
0.0008814402
-0.0019436283
-0.0038561740
-0.0047119300
-0.0049950594
-0.0036796439
0.0000537079
0.0065315449
0.0141676528
0.0209360313
0.0253933935
0.0268239923
0.0272590626
0.0263994601
0.0234980144
0.0182519666
0.0116317945
0.0054852836
0.0013560548
-0.0012570904
-0.0033468955
-0.0058882702
-0.0091435390
-0.0135351970
-0.0185713371
-0.0235821375
-0.0280403942
-0.0322206420
-0.0357937353
-0.0384127130
-0.0404321724
-0.0420671967
-0.0428305697
-0.0431388064
-0.0430852331
-0.0415236551
-0.0379304448
-0.0334644535
-0.0283175386
-0.0232234044
-0.0184652892
-0.0134274832
-0.0078174852
-0.0033549433
-0.0007035602
0.0009104559
0.0019507032
0.0027984046
0.0033942238
0.0035424550
0.0039138242
0.0059154127
0.0094853522
0.0139370466
0.0185469255
0.0224602910
0.0247764089
0.0260375694
0.0273239959
0.0278560437
0.0276652249
0.0275117361
0.0272917345
0.0267963894
0.0259059428
0.0244035300
0.0227667146
0.0199395138
0.0151313317
0.0082791075
0.0016770512
-0.0022579762
-0.0043109821
-0.0060306096
-0.0073719884
-0.0077639329
-0.0079433176
-0.0089124481
-0.0108641865
-0.0129542828
-0.0144337913
-0.0152491716
-0.0154451733
-0.0146360118
-0.0132017400
-0.0116362675
-0.0097804963
-0.0071426666
-0.0039501168
-0.0004539198
0.0028615884
0.0064918832
0.0103102573
0.0129154015
0.0144744182
0.0166114102
0.0190530902
0.0217653651
0.0263193625
0.0315994658
0.0358067431
0.0376070282
0.0381447204
0.0386397976
0.0378489248
0.0364484996
0.0348106167
0.0319744070
0.0287803696
0.0262322265
0.0243347767
0.0216670458
0.0174325656
0.0120596722
0.0074595167
0.0055997071
0.0059724875
0.0077715006
0.0101816971
0.0128970674
0.0154775089
0.0170676078
0.0160004888
0.0124489130
0.0066966061
0.0009614754
-0.0037313057
-0.0071792911
-0.0102057161
-0.0129569784
-0.0153559199
-0.0163193494
-0.0161560450
-0.0155732432
-0.0146300194
-0.0133091095
-0.0122158650
-0.0129261871
-0.0140746585
-0.0149204867
-0.0159924868
-0.0167737928
-0.0175229468
-0.0182787628
-0.0187690925
-0.0193770739
-0.0207719884
-0.0222935171
-0.0233777501
-0.0239474051
-0.0238945872
-0.0233474720
-0.0220257152
-0.0200243655
-0.0173537104
-0.0136248032
-0.0090824794
-0.0047500282
-0.0019062152
0.0004313023
0.0025607914
0.0048272910
0.0072401451
0.0092845296
0.0107101388
0.0113950984
0.0108479300
0.0080908424
0.0027880935
-0.0031282004
-0.0068698785
-0.0081570395
-0.0083437568
-0.0084673424
-0.0088589146
-0.0086049637
-0.0074478503
-0.0053708960
-0.0030398535
-0.0011434197
0.0006366265
0.0023559669
0.0037225705
0.0046807310
0.0047351202
0.0049368872
0.0060786437
0.0072116059
0.0075581137
0.0077070786
0.0078975788
0.0078981026
0.0072541886
0.0057892745
0.0029809565
-0.0006781734
-0.0039461599
-0.0061901273
-0.0074394508
-0.0080447818
-0.0087774309
-0.0098148296
-0.0099460932
-0.0099926447
-0.0108720807
-0.0116101765
-0.0118857492
-0.0128229780
-0.0141864923
-0.0151376825
-0.0150681319
-0.0131330681
-0.0119536918
-0.0123696246
-0.0118028696
-0.0087534423
-0.0059487195
-0.0052272708
-0.0039770410
-0.0025233562
-0.0027572174
-0.0042281661
-0.0057944735
-0.0070919888
-0.0081505598
-0.0092638710
-0.0101375709
-0.0103191291
-0.0098678436
-0.0088049311
-0.0081010716
-0.0084509664
-0.0097691452
-0.0114093114
-0.0133385378
-0.0156138344
-0.0179967619
-0.0205067103
-0.0218252589
-0.0227628170
-0.0227459561
-0.0214973404
-0.0195354409
-0.0172326540
-0.0146259451
-0.0120139782
-0.0111315431
-0.0121566317
-0.0123023132
-0.0098706881
-0.0062167776
-0.0023878010
0.0009283184
0.0036576585
0.0061187608
0.0085703398
0.0109528691
0.0127446460
0.0137041648
0.0139073783
0.0132514995
0.0114290784
0.0092618948
0.0069701000
0.0045244280
0.0038062658
0.0049975850
0.0048960816
0.0034337958
0.0039199352
0.0062756376
0.0084750954
0.0097813899
0.0106992593
0.0111391106
0.0116617902
0.0126917632
0.0138831391
0.0153013516
0.0174865831
0.0209306225
0.0249733029
0.0292832591
0.0332695634
0.0373218988
0.0405916749
0.0424809907
0.0433616057
0.0444995921
0.0458566868
0.0467725064
0.0473650421
0.0482953592
0.0489947451
0.0491328261
0.0487044460
0.0476966650
0.0465048426
0.0447854546
0.0422891519
0.0389696174
0.0349138563
0.0295176765
0.0232117149
0.0174184253
0.0110550953
0.0055155797
0.0032494911
0.0031907567
0.0048318631
0.0065840407
0.0070959208
0.0064282221
0.0052570259
0.0039837117
0.0025604909
0.0010362347
-0.0007915391
-0.0027314561
-0.0045948899
-0.0064252730
-0.0071155238
-0.0068123269
-0.0052173989
-0.0023739754
0.0005120311
0.0031444662
0.0043445023
0.0038530880
0.0024132584
0.0005015997
-0.0016902924
-0.0034943162
-0.0051142071
-0.0067854819
-0.0084086907
-0.0106373519
-0.0136246812
-0.0164250122
-0.0181672895
-0.0191542165
-0.0192403433
-0.0185010237
-0.0173488889
-0.0161714626
-0.0148214976
-0.0135266000
-0.0129492556
-0.0130634545
-0.0138721196
-0.0151640975
-0.0170242883
-0.0189797316
-0.0213191996
-0.0235304081
-0.0252561882
-0.0263069979
-0.0266998093
-0.0266485672
-0.0259805830
-0.0247833395
-0.0229641755
-0.0209070593
-0.0190633619
-0.0172249893
-0.0150064481
-0.0122013091
-0.0080535227
-0.0023530904
0.0030852902
0.0077153294
0.0108754943
0.0124248687
0.0127642913
0.0122090685
0.0106991480
0.0079640396
0.0040889505
-0.0007791142
-0.0061121523
-0.0112089153
-0.0148783248
-0.0173426931
-0.0186662811
-0.0196655407
-0.0198828915
-0.0200833323
-0.0200547523
-0.0191553412
-0.0179441683
-0.0164201493
-0.0147931288
-0.0132520664
-0.0118758908
-0.0107159380
-0.0098575203
-0.0086333220
-0.0069705840
-0.0039772280
0.0007814037
0.0061979183
0.0104668720
0.0134004617
0.0153170777
0.0155738668
0.0143010564
0.0125521197
0.0103605116
0.0079709345
0.0056932691
0.0033015011
0.0007016065
-0.0014273457
-0.0028079344
-0.0040863759
-0.0053883153
-0.0066246062
-0.0079577611
-0.0095283546
-0.0114105863
-0.0134390936
-0.0152264923
-0.0164379854
-0.0174441841
-0.0187749200
-0.0199409931
-0.0202277640
-0.0196436896
-0.0188261476
-0.0183832440
-0.0189818838
-0.0206360677
-0.0220748478
-0.0228701803
-0.0230981208
-0.0227461087
-0.0215833920
-0.0199321636
-0.0179802533
-0.0160445655
-0.0145384771
-0.0132636805
-0.0119517203
-0.0109532951
-0.0103209290
-0.0096152346
-0.0091272766
-0.0090973297
-0.0091396397
-0.0094068915
-0.0094728481
-0.0096292176
-0.0098865090
-0.0097993292
-0.0101408184
-0.0106247841
-0.0107454333
-0.0106325528
-0.0104025971
-0.0102002074
-0.0093515167
-0.0083997816
-0.0073252226
-0.0049792872
-0.0024615001
-0.0004293295
0.0018473551
0.0042022329
0.0060434032
0.0067977330
0.0062897251
0.0050622033
0.0035249459
0.0020247772
0.0007804776
-0.0001275552
-0.0001399114
0.0009108349
0.0025423010
0.0040122956
0.0046523792
0.0041166692
0.0021330721
-0.0005655996
-0.0026497295
-0.0044194390
-0.0063908899
-0.0087410684
-0.0110196335
-0.0124601585
-0.0119546964
-0.0101145741
-0.0096611700
-0.0109802882
-0.0109650953
-0.0081580610
-0.0051397350
-0.0034726612
-0.0023334129
-0.0009453557
0.0008635789
0.0024641241
0.0036184584
0.0049862301
0.0063082244
0.0072487900
0.0084250234
0.0096055433
0.0105817830
0.0112815962
0.0120506920
0.0126485651
0.0132139343
0.0136773002
0.0142227254
0.0148241496
0.0151909701
0.0153426179
0.0157555950
0.0163103683
0.0170653586
0.0179311446
0.0191139602
0.0203208801
0.0212267117
0.0223170660
0.0236336582
0.0250222719
0.0258859686
0.0262582971
0.0265750803
0.0263889996
0.0254436646
0.0246045628
0.0232134867
0.0207108767
0.0169524752
0.0129600193
0.0096578991
0.0067226456
0.0042810703
0.0029767505
0.0031566624
0.0043001937
0.0044114139
0.0035535758
0.0035445464
0.0044102305
0.0042623224
0.0036032194
0.0046721735
0.0051567958
0.0025130148
-0.0000563950
0.0005481742
0.0005476957
-0.0014656858
-0.0034802053
-0.0051208909
-0.0069387617
-0.0088181532
-0.0101606977
-0.0108919314
-0.0111562347
-0.0115849987
-0.0125527425
-0.0138889073
-0.0149517553
-0.0137000268
-0.0103765443
-0.0073186257
-0.0047387709
-0.0034171273
-0.0037792751
-0.0034991420
-0.0018515150
-0.0000086191
0.0015983437
0.0031590208
0.0041830361
0.0044300949
0.0047240391
0.0052873156
0.0058084437
0.0060027304
0.0060306481
0.0063034523
0.0070693233
0.0083934293
0.0096731208
0.0102205255
0.0104847691
0.0104497940
0.0100168833
0.0088495993
0.0071979687
0.0056982588
0.0049650914
0.0050666886
0.0057944119
0.0070131258
0.0085069477
0.0100955076
0.0115371369
0.0128994052
0.0141605588
0.0150170461
0.0155808134
0.0160303160
0.0159298048
0.0152865720
0.0141508531
0.0125442252
0.0107050277
0.0091864955
0.0081942291
0.0071545418
0.0059597400
0.0053523952
0.0045443185
0.0035724119
0.0023175630
0.0010482027
-0.0002314094
-0.0009147987
-0.0009920801
-0.0009723209
-0.0011199451
-0.0013720433
-0.0013566654
-0.0008160916
-0.0005069080
-0.0005144272
-0.0005059177
-0.0004373394
0.0001421447
0.0006215250
0.0007162955
0.0007004342
0.0005150205
-0.0000597708
-0.0008648658
-0.0020432722
-0.0027335693
-0.0028852580
-0.0029117306
-0.0036480064
-0.0045612145
-0.0054719687
-0.0063248446
-0.0068034852
-0.0073465905
-0.0077035299
-0.0075911894
-0.0073770610
-0.0071334820
-0.0068608158
-0.0063213071
-0.0057284330
-0.0053633970
-0.0059926846
-0.0068997898
-0.0076054703
-0.0085397985
-0.0093720669
-0.0098953196
-0.0104392420
-0.0110962609
-0.0112972459
-0.0111646812
-0.0109316026
-0.0111266819
-0.0116886692
-0.0120237490
-0.0116968103
-0.0112869612
-0.0112907387
-0.0106515404
-0.0093449066
-0.0081320735
-0.0075267158
-0.0069668828
-0.0058360963
-0.0048038437
-0.0040499262
-0.0030551374
-0.0026265232
-0.0024938313
-0.0020805112
-0.0019064465
-0.0018532389
-0.0016248677
-0.0011188749
-0.0003914283
0.0002768114
0.0017985103
0.0030374504
0.0024627795
0.0005659895
-0.0010148287
-0.0009584549
0.0010208621
0.0039964127
0.0067171947
0.0086318570
0.0102348360
0.0121024462
0.0141704132
0.0160888248
0.0178004829
0.0187331394
0.0186471145
0.0178098575
0.0163767096
0.0145585160
0.0126766981
0.0104730339
0.0090387649
0.0094765349
0.0093895593
0.0065986651
0.0029498484
-0.0005259139
-0.0036204551
-0.0045341484
-0.0035795228
-0.0030596453
-0.0033871022
-0.0035812362
-0.0040217072
-0.0046245261
-0.0049898095
-0.0052518774
-0.0053144979
-0.0050692012
-0.0048343295
-0.0047499861
-0.0050282731
-0.0049392637
-0.0035459117
-0.0017977369
-0.0007074100
0.0000827313
0.0016420193
0.0032780252
0.0040208610
0.0035296828
0.0025928997
0.0011415273
-0.0013359393
-0.0041902973
-0.0071698400
-0.0102083400
-0.0122121904
-0.0118880747
-0.0107732466
-0.0111456206
-0.0125257090
-0.0134630180
-0.0132123980
-0.0119398508
-0.0101399442
-0.0081057064
-0.0065440235
-0.0072938348
-0.0102086479
-0.0129483460
-0.0141327496
-0.0139717020
-0.0128191224
-0.0109921598
-0.0094011552
-0.0090145854
-0.0087890281
-0.0074087405
-0.0057852468
-0.0042040478
-0.0023798433
-0.0011555251
-0.0016329441
-0.0028806149
-0.0044157740
-0.0059890556
-0.0066319154
-0.0057585865
-0.0043603536
-0.0043367427
-0.0060525667
-0.0084679475
-0.0104066331
-0.0122359436
-0.0138098927
-0.0137938466
-0.0122163993
-0.0116969711
-0.0117919215
-0.0098445194
-0.0062353832
-0.0025679637
0.0014422694
0.0046205125
0.0069420902
0.0085256163
0.0087390134
0.0075274795
0.0059375650
0.0048016875
0.0044116902
0.0044746994
0.0047341432
0.0052214850
0.0059820408
0.0065520262
0.0079760028
0.0098256463
0.0096300174
0.0085008444
0.0090006735
0.0107994162
0.0107715397
0.0092467003
0.0091918836
0.0107521233
0.0121650801
0.0126848141
0.0126479890
0.0118404059
0.0106260411
0.0091028262
0.0072138232
0.0050493985
0.0038072540
0.0034552021
0.0032232970
0.0026747614
0.0017520675
0.0010840805
0.0011133901
0.0010136373
0.0011129137
0.0014664828
0.0017361115
0.0025096494
0.0037868920
0.0054520863
0.0075299403
0.0099551889
0.0115907847
0.0110002785
0.0086295892
0.0063856971
0.0054647234
0.0061792654
0.0077980066
0.0086686388
0.0078630598
0.0060347140
0.0049048551
0.0046875319
0.0036700725
0.0007247721
-0.0025420867
-0.0052536913
-0.0075193697
-0.0089332785
-0.0093846008
-0.0087663305
-0.0075871729
-0.0064870930
-0.0047907747
-0.0031253338
-0.0019104408
-0.0008387869
0.0000403336
0.0006282205
0.0008101539
0.0009056759
0.0009783785
0.0012304394
0.0015209286
0.0019915314
0.0024892549
0.0022155364
0.0018277887
0.0013871832
0.0011712094
0.0007671933
0.0005249909
0.0005455605
0.0004844905
-0.0000284657
-0.0013912212
-0.0024881717
-0.0031602310
-0.0038348307
-0.0038727552
-0.0029221538
-0.0015457001
-0.0004632109
-0.0003183959
-0.0012170356
-0.0025753861
-0.0038523077
-0.0048344832
-0.0044877566
-0.0029785599
-0.0020772577
-0.0022788457
-0.0026161849
-0.0027275013
-0.0028497516
-0.0036550271
-0.0044995841
-0.0045573539
-0.0047826855
-0.0052136181
-0.0060650166
-0.0072792786
-0.0079063365
-0.0088319883
-0.0097655037
-0.0102387583
-0.0096739498
-0.0083561368
-0.0065130765
-0.0043894658
-0.0024292655
-0.0010593271
0.0001215336
0.0011623167
0.0019337849
0.0027449469
0.0029689843
0.0032082914
0.0035142266
0.0033902359
0.0031969725
0.0030394489
0.0024280995
0.0016503027
0.0010128246
0.0000544127
-0.0009361429
-0.0017669971
-0.0028691650
-0.0042434131
-0.0051163277
-0.0051928544
-0.0048945985
-0.0046741532
-0.0043694258
-0.0039712907
-0.0033562370
-0.0035590286
-0.0042176279
-0.0044428000
-0.0042526464
-0.0038362367
-0.0035110627
-0.0033865001
-0.0035390643
-0.0033185474
-0.0020124518
-0.0003176383
0.0008330874
0.0018019308
0.0029028249
0.0038333568
0.0051166669
0.0072180603
0.0088264503
0.0091179171
0.0089469979
0.0084862894
0.0068237663
0.0041766138
0.0013664870
-0.0004670500
-0.0016103854
-0.0030323130
-0.0037733515
-0.0034663989
-0.0026119380
-0.0020911356
-0.0015842601
-0.0007148476
0.0001143928
0.0009213993
0.0019466386
0.0022792962
0.0022043258
0.0017013369
0.0011250901
0.0006369383
0.0006720924
0.0010491590
0.0008767956
0.0001859654
-0.0003987283
-0.0009650575
-0.0010915971
-0.0005286651
0.0001453564
0.0008994041
0.0019948386
0.0026597991
0.0034698294
0.0040512262
0.0041098461
0.0038180583
0.0040079037
0.0036172204
0.0035255049
0.0036695092
0.0044393711
0.0057122890
0.0066967342
0.0075739106
0.0085102030
0.0094935413
0.0102011879
0.0108525473
0.0112540693
0.0114771241
0.0114881135
0.0112637075
0.0105911360
0.0095254809
0.0085032376
0.0074494415
0.0068853641
0.0066152309
0.0064546500
0.0062990705
0.0062782443
0.0060443460
0.0059690860
0.0062150631
0.0064544820
0.0070076542
0.0079056097
0.0088930233
0.0096541209
0.0101443293
0.0104164862
0.0107147156
0.0112366286
0.0115690646
0.0115226280
0.0112849809
0.0108444216
0.0101835862
0.0095523490
0.0087320326
0.0079794203
0.0072392291
0.0067113289
0.0066100365
0.0066866169
0.0065332228
0.0062800874
0.0060857336
0.0058767140
0.0051220980
0.0041685923
0.0033694829
0.0022974893
0.0011297884
0.0002672760
-0.0003829958
-0.0008617910
-0.0010010181
-0.0008027584
-0.0001837676
0.0004548177
0.0005937422
0.0006781452
0.0010222613
0.0007413730
0.0001228944
-0.0003800638
-0.0009029914
-0.0012473567
-0.0015825009
-0.0019767222
-0.0025305926
-0.0033807957
-0.0045874443
-0.0060781414
-0.0079065733
-0.0099223120
-0.0116134012
-0.0129589270
-0.0138020113
-0.0141171486
-0.0141311827
-0.0137064557
-0.0128868286
-0.0121813312
-0.0117457659
-0.0114178680
-0.0110364479
-0.0105660073
-0.0100405910
-0.0099556706
-0.0102439565
-0.0104940807
-0.0107670569
-0.0109746863
-0.0114274202
-0.0120713502
-0.0125492177
-0.0130419380
-0.0134126681
-0.0139255330
-0.0141181632
-0.0138869064
-0.0136215981
-0.0130405581
-0.0121423477
-0.0109701061
-0.0093018070
-0.0078759705
-0.0066692615
-0.0054528280
-0.0044959404
-0.0035706437
-0.0023859294
-0.0014470512
-0.0007335812
0.0003036229
0.0013864060
0.0021889921
0.0024803247
0.0024602925
0.0023834275
0.0021530794
0.0019238446
0.0016744625
0.0012813598
0.0007441145
0.0003016221
-0.0002797515
-0.0010001625
-0.0014275050
-0.0015467160
-0.0015756235
-0.0015879263
-0.0013862701
-0.0011898411
-0.0011227790
-0.0009311764
-0.0005231857
0.0000889006
0.0007144898
0.0013159400
0.0019323086
0.0024059290
0.0027155890
0.0030608408
0.0034644205
0.0039302298
0.0042448163
0.0044345413
0.0044737269
0.0043791821
0.0041835326
0.0038125930
0.0032965166
0.0028037262
0.0021967843
0.0018845093
0.0015707303
0.0011468249
0.0009719532
0.0010629902
0.0012750433
0.0015022562
0.0016203269
0.0016826749
0.0018342970
0.0020009808
0.0019775892
0.0018402616
0.0017266593
0.0016904756
0.0015910600
0.0013587221
0.0009292945
0.0005577041
0.0001809327
-0.0002559242
-0.0005737197
-0.0006721030
-0.0007545068
-0.0008399513
-0.0009040418
-0.0010312233
-0.0011372580
-0.0012026412
-0.0012745083
-0.0013373916
-0.0014166345
-0.0015378231
-0.0016458240
-0.0017866638
-0.0018334114
-0.0018281090
-0.0018565944
-0.0018801128
-0.0018629757
-0.0018310388
-0.0018281052
-0.0018539359
-0.0019006391
-0.0019552755
-0.0020020108
-0.0020773381
-0.0021281558
-0.0021389496
-0.0020646654
-0.0019640229
-0.0018066365
-0.0015607391
-0.0012827126
-0.0009980888
-0.0006976463
-0.0004405796
-0.0002219007
-0.0000691095
0.0000547584
0.0002045830
0.0003651696
0.0004874881
0.0006072823
0.0007437418
0.0008774576
0.0009810288
0.0010493050
0.0011188937
0.0012037525
0.0012972901
0.0013645983
0.0014056611
0.0014442356
0.0014563832
0.0014425787
0.0014477396
0.0014559340
0.0014359102
0.0014187543
0.0013973074
0.0013731256
0.0013575670
0.0013124219
0.0012534912
0.0012152569
0.0011723322
0.0011210003
0.0010773596
0.0010500414
0.0010338253
0.0010243310
0.0010130037
0.0009984137
0.0009855165
0.0009719178
0.0009579554
0.0009423664
0.0009240934
0.0009063815
0.0008860146
0.0008637278
0.0008438661
0.0008254374
0.0008066726
0.0007875765
0.0007679796
0.0007473851
0.0007269759
0.0007064235
0.0006847795
0.0006631834
0.0006410978
0.0006182429
0.0005944094
0.0005701169
0.0005454789
0.0005200660
0.0004943189
0.0004681413
0.0004416635
0.0004150330
0.0003882597
0.0003614638
0.0003346787
0.0003078385
0.0002809394
0.0002539753
0.0002269439
0.0001998358
0.0001726458
0.0001453859
0.0001180674
0.0000907015
0.0000633004
0.0000358724
0.0000084256
-0.0000190322
