0.0004323956
0.0004358114
0.0004392496
0.0004426778
0.0004461384
0.0004495360
0.0004530619
0.0004565025
0.0004599960
0.0004634131
0.0004669351
0.0004704604
0.0004740003
0.0004773240
0.0004809242
0.0004843780
0.0004880906
0.0004913744
0.0004950869
0.0004982776
0.0005021455
0.0005055223
0.0005090748
0.0005126934
0.0005162840
0.0004291810
0.0005247372
0.0005255728
0.0005314965
0.0005326881
0.0005389515
0.0005389086
0.0005461005
0.0005465309
0.0005534325
0.0005532247
0.0005607719
0.0005598575
0.0005692235
0.0005667186
0.0005768665
0.0005741383
0.0005834519
0.0005801684
0.0005923840
0.0005873939
0.0005997628
0.0005935340
0.0006054210
0.0005993507
0.0006150641
0.0006073861
0.0006213221
0.0006160561
0.0006273876
0.0006215088
0.0006292169
0.0006348544
0.0006370193
0.0006415474
0.0006424893
0.0006457457
0.0006517532
0.0006573026
0.0006569492
0.0006653571
0.0006638176
0.0006687737
0.0006707401
0.0006782544
0.0006755594
0.0006842485
0.0006821236
0.0006921445
0.0006906607
0.0006980349
0.0006972167
0.0007038773
0.0007004776
0.0007131956
0.0007100348
0.0007196699
0.0007182806
0.0007220926
0.0007210637
0.0007281094
0.0007166843
0.0007458576
0.0007287312
0.0007538186
0.0007337308
0.0007610084
0.0007392532
0.0007681595
0.0007415531
0.0007739636
0.0007451335
0.0007811178
0.0007570277
0.0007884021
0.0007578990
0.0007996775
0.0007691665
0.0007951796
0.0007693831
0.0008108953
0.0007754604
0.0008141306
0.0007778634
0.0008165103
0.0007887792
0.0008246106
0.0007916602
0.0008321560
0.0007851569
0.0008402959
0.0007997574
0.0008407563
0.0008301985
0.0008204961
0.0008383757
0.0008226010
0.0008472621
0.0008273541
0.0008392916
0.0008338336
0.0008483363
0.0008352865
0.0008545698
0.0008479023
0.0008617240
0.0008407822
0.0008602409
0.0008475542
0.0008614313
0.0008501120
0.0008785110
0.0008500295
0.0008672381
0.0008647134
0.0008845410
0.0008640103
0.0008781451
0.0008468791
0.0008995461
0.0008600497
0.0008856888
0.0008671971
0.0009062812
0.0008459389
0.0009119704
0.0008574721
0.0009071773
0.0008482275
0.0009127691
0.0008525897
0.0009349081
0.0008469587
0.0009216300
0.0008442132
0.0009221038
0.0008551182
0.0009271228
0.0008460103
0.0009267512
0.0008448014
0.0009239252
0.0008648794
0.0009250518
0.0008441133
0.0009259282
0.0008406079
0.0009168337
0.0008540901
0.0009208385
0.0008547534
0.0009166067
0.0008404716
0.0008510473
0.0009014617
0.0008625901
0.0008897474
0.0008585699
0.0008907997
0.0008472898
0.0009039293
0.0008515725
0.0008818893
0.0008428037
0.0008880468
0.0008526210
0.0008702998
0.0008333690
0.0008721272
0.0008376974
0.0008668144
0.0008454140
0.0008580690
0.0008353928
0.0008578199
0.0008258380
0.0008573503
0.0008285488
0.0008471170
0.0008023319
0.0008539074
0.0008026227
0.0008499729
0.0008027314
0.0008546442
0.0007655270
0.0008587350
0.0007578274
0.0008579298
0.0007503026
0.0008343357
0.0007559991
0.0008421080
0.0007334169
0.0008376214
0.0007333629
0.0008063194
0.0007138952
0.0008060759
0.0007223526
0.0008061606
0.0006827184
0.0008055776
0.0006948315
0.0007840819
0.0006719710
0.0007713169
0.0006726924
0.0007536354
0.0006686844
0.0007567135
0.0006340524
0.0007570945
0.0006446136
0.0006683600
0.0007094270
0.0006575909
0.0007024340
0.0006434540
0.0006952686
0.0006333152
0.0006736518
0.0006055242
0.0006687416
0.0006189126
0.0006503875
0.0005986995
0.0006548077
0.0005857810
0.0006387968
0.0005587523
0.0006312168
0.0005169690
0.0006019569
0.0005435054
0.0006027662
0.0005214298
0.0006040726
0.0005095342
0.0005591987
0.0004986573
0.0005560054
0.0004725039
0.0005337219
0.0004680715
0.0005544290
0.0004401755
0.0005380635
0.0004417242
0.0005233147
0.0004072585
0.0004992576
0.0003990200
0.0005096187
0.0003880831
0.0004855867
0.0003820858
0.0004719608
0.0003449885
0.0004632928
0.0003680330
0.0004448485
0.0003337826
0.0004450430
0.0003209056
0.0004414970
0.0003179478
0.0003948851
0.0003079796
0.0003953472
0.0003172354
0.0003910050
0.0002971111
0.0003682010
0.0002891233
0.0003018291
0.0003588169
0.0002650729
0.0003226736
0.0002727041
0.0003309169
0.0002356744
0.0003185360
0.0002277311
0.0003008268
0.0002434220
0.0002941919
0.0002177296
0.0002674764
0.0002020082
0.0002594634
0.0001711181
0.0002663339
0.0001878803
0.0002421829
0.0001883676
0.0002148637
0.0001359704
0.0002439056
0.0001568631
0.0002287844
0.0001303115
0.0001967974
0.0001425889
0.0001927154
0.0001144821
0.0002034053
0.0000858532
0.0001862437
0.0000796100
0.0001919954
0.0000629445
0.0001813053
0.0000647787
0.0001590606
0.0000528520
0.0001383322
0.0000506134
0.0001316382
0.0000296324
0.0001209191
0.0000461052
0.0001214278
0.0000153374
0.0001107188
-0.0000053686
0.0001116893
-0.0000302575
0.0000898724
-0.0000391855
0.0000517610
-0.0000251097
0.0000683068
-0.0000405261
0.0000329287
-0.0000631049
0.0000329673
0.0000043196
-0.0000758628
0.0000054480
-0.0000844132
-0.0000215485
-0.0001036591
-0.0000396043
-0.0001473163
-0.0000526274
-0.0001308047
-0.0000639618
-0.0001629142
-0.0001015606
-0.0001787142
-0.0001360108
-0.0001935943
-0.0001373484
-0.0002223814
-0.0001570181
-0.0002520697
-0.0001978345
-0.0002707213
-0.0002129341
-0.0003177861
-0.0002406266
-0.0003430744
-0.0002766486
-0.0003510675
-0.0003057944
-0.0004177768
-0.0003265222
-0.0004351578
-0.0003558713
-0.0004824985
-0.0004103053
-0.0005036361
-0.0004653531
-0.0005560239
-0.0004959813
-0.0005873093
-0.0005345126
-0.0006757117
-0.0005837633
-0.0007049532
-0.0006378202
-0.0007526958
-0.0006902003
-0.0008004624
-0.0007606689
-0.0008647013
-0.0008181608
-0.0009312995
-0.0008692972
-0.0009899431
-0.0009316557
-0.0010494602
-0.0010118252
-0.0011328222
-0.0010634414
-0.0012067953
-0.0011592232
-0.0012036858
-0.0012888245
-0.0012770110
-0.0013889234
-0.0013568991
-0.0014726442
-0.0014368277
-0.0015460423
-0.0015299081
-0.0016511541
-0.0016208412
-0.0017524909
-0.0017249369
-0.0018358603
-0.0018197845
-0.0019405342
-0.0019326477
-0.0020539317
-0.0020187102
-0.0021323081
-0.0021494689
-0.0022761032
-0.0022374564
-0.0023727236
-0.0023645319
-0.0024816257
-0.0024683414
-0.0026005177
-0.0026001089
-0.0027429401
-0.0027285763
-0.0028787161
-0.0028481495
-0.0029913256
-0.0029794205
-0.0031144618
-0.0031129413
-0.0032665123
-0.0032277590
-0.0033997587
-0.0033804750
-0.0035052453
-0.0035233453
-0.0036668651
-0.0036583134
-0.0038029810
-0.0037818566
-0.0039340947
-0.0039439494
-0.0040823094
-0.0040629227
-0.0042402376
-0.0042040164
-0.0043349168
-0.0043450602
-0.0044900201
-0.0044748024
-0.0046473028
-0.0046273104
-0.0047921994
-0.0047453939
-0.0048424210
-0.0049794570
-0.0049718202
-0.0051275410
-0.0051035341
-0.0052608101
-0.0052338832
-0.0053843115
-0.0053728341
-0.0054856146
-0.0055155807
-0.0056309280
-0.0056098202
-0.0057624716
-0.0056971677
-0.0058655968
-0.0058465568
-0.0059682728
-0.0059198775
-0.0060607473
-0.0060199321
-0.0061333004
-0.0061134840
-0.0062220748
-0.0061853521
-0.0062572563
-0.0062378158
-0.0063186953
-0.0064009870
-0.0065173948
-0.0064242591
-0.0065464796
-0.0065054823
-0.0066191021
-0.0066458718
-0.0064431672
-0.0055761542
-0.0052726766
-0.0050940777
-0.0046590478
-0.0043498901
-0.0049443775
-0.0053238035
-0.0067657436
-0.0083841768
-0.0092789138
-0.0087753093
-0.0079859828
-0.0074030266
-0.0055128473
-0.0040223134
-0.0055456063
-0.0044413698
-0.0046150058
-0.0063559779
-0.0088629837
-0.0121157642
-0.0137049613
-0.0134289513
-0.0126816835
-0.0116286074
-0.0110829929
-0.0095029326
-0.0059553944
-0.0033686659
-0.0024937577
-0.0022207533
-0.0044805146
-0.0126153459
-0.0182676291
-0.0167321646
-0.0154107008
-0.0186036585
-0.0126899875
-0.0068138870
-0.0003854036
0.0112847314
0.0113763094
-0.0039293139
-0.0135679752
-0.0197221422
-0.0231506311
-0.0207792782
-0.0149343764
-0.0116368938
-0.0080388636
-0.0029861758
0.0022130369
0.0079443978
0.0033660209
-0.0100239153
-0.0159739801
-0.0161378179
-0.0154144296
-0.0124440187
-0.0015822709
0.0027937002
-0.0035176189
-0.0041391286
0.0062418727
0.0131144902
0.0148498472
0.0184767100
0.0123485916
0.0042238698
-0.0002119159
-0.0055233890
-0.0155184533
-0.0230077270
-0.0222842511
-0.0134302112
0.0056281322
0.0210040840
0.0276927344
0.0286210104
0.0362215491
0.0346523135
0.0151101259
0.0025086968
-0.0030784000
-0.0088070508
-0.0075263804
-0.0051927382
-0.0088493271
-0.0106147745
-0.0038661363
-0.0008859157
0.0073794799
0.0087739119
0.0004540991
-0.0031047482
-0.0040077939
-0.0039648152
-0.0011487581
-0.0041578421
-0.0059066901
0.0022631943
0.0139059893
0.0269801317
0.0335475927
0.0338480920
0.0405090258
0.0429966991
0.0295320439
0.0142820743
0.0027064942
-0.0038706767
-0.0081382756
-0.0118978587
-0.0091215835
-0.0028161769
0.0061399214
0.0203769663
0.0263038560
0.0334373078
0.0370253514
0.0333436059
0.0251807273
0.0281132494
0.0289206394
0.0180879637
0.0177644060
0.0206851365
0.0207325800
0.0277798251
0.0294443075
0.0245922165
0.0251606771
0.0248001837
0.0201542106
0.0259124171
0.0297026687
0.0219246343
0.0180679136
0.0206750350
0.0163559465
0.0144129211
0.0165081669
0.0112871243
0.0090147533
0.0129873300
0.0084907960
0.0061175586
0.0074937948
0.0056768013
0.0002235507
0.0025387557
0.0048509938
0.0055895556
0.0111672200
0.0185542326
0.0189240225
0.0234009294
0.0254586155
0.0187621421
0.0192509731
0.0237863631
0.0263121651
0.0281898474
0.0310546485
0.0335949240
0.0354014071
0.0291739121
0.0168828345
0.0068766635
0.0000484240
-0.0076279571
-0.0125317292
-0.0142655265
-0.0112638231
-0.0017364958
0.0070891961
0.0173316123
0.0224436701
0.0229503765
0.0268728903
0.0272839406
0.0162249152
0.0048079415
0.0018915682
-0.0012503830
-0.0003284822
0.0068400858
0.0098746874
0.0103714361
0.0170739536
0.0171410024
0.0156307822
0.0189727269
0.0092649036
-0.0029671583
-0.0043308902
-0.0076992850
-0.0152061154
-0.0202293316
-0.0269148266
-0.0356888494
-0.0381193092
-0.0389101567
-0.0327676572
-0.0221500574
-0.0121045610
-0.0005395555
0.0048094382
0.0038064890
0.0028705842
-0.0002099241
-0.0096647237
-0.0155216219
-0.0209673985
-0.0241204683
-0.0226027368
-0.0203120849
-0.0172093582
-0.0144653019
-0.0142551205
-0.0149475110
-0.0141201942
-0.0172634239
-0.0204125907
-0.0187672303
-0.0182727065
-0.0145203758
-0.0105672161
-0.0072516710
-0.0081460027
-0.0076909065
-0.0053788883
-0.0095405648
-0.0181783325
-0.0232742440
-0.0348760295
-0.0467075364
-0.0461970069
-0.0502350204
-0.0528377055
-0.0480086518
-0.0470614144
-0.0443084656
-0.0309106306
-0.0123710973
-0.0047274375
-0.0042988106
-0.0023584390
-0.0044162382
-0.0064609108
-0.0080296326
-0.0153181790
-0.0191607315
-0.0204471272
-0.0231166867
-0.0258784740
-0.0244601512
-0.0207842543
-0.0177818756
-0.0061060889
0.0055733490
0.0064946058
0.0040545640
0.0095060415
0.0086806711
0.0058577627
0.0088067680
0.0020698019
-0.0032592570
0.0008397782
0.0009973123
-0.0025651479
0.0020397653
0.0004262026
-0.0009466743
0.0060164777
0.0202196925
0.0245825490
0.0259604422
0.0404236673
0.0452254841
0.0441685994
0.0507374317
0.0502540463
0.0458210740
0.0474092902
0.0481171273
0.0417805472
0.0333311425
0.0282094481
0.0204715474
0.0195207738
0.0211667971
0.0185167011
0.0279473481
0.0386866045
0.0423234229
0.0569570504
0.0636132369
0.0469521985
0.0416824837
0.0369396483
0.0288115999
0.0301140852
0.0313963760
0.0287148412
0.0312137294
0.0324220500
0.0235159069
0.0254549213
0.0272365861
0.0166247447
0.0209025741
0.0267381678
0.0227586838
0.0213539028
0.0199419797
0.0169341836
0.0136998970
0.0099321837
0.0087799461
0.0090136972
0.0055630736
0.0086647204
0.0088895653
0.0042594670
0.0075139425
0.0130426990
0.0111071474
0.0096466744
-0.0017206431
-0.0194375497
-0.0218012067
-0.0200101316
-0.0180336105
-0.0153775280
-0.0103026901
-0.0126682808
-0.0098717673
-0.0078494375
-0.0134416946
-0.0252202724
-0.0298305117
-0.0295007130
-0.0268502806
-0.0263984202
-0.0304570708
-0.0327233328
-0.0396904627
-0.0430877788
-0.0447182658
-0.0484949345
-0.0510124664
-0.0489806282
-0.0557857669
-0.0657170793
-0.0691524166
-0.0787216838
-0.0894760884
-0.0898034165
-0.0957003937
-0.0966951635
-0.0876430649
-0.0861198633
-0.0791409523
-0.0674532904
-0.0506532148
-0.0596984146
-0.0535560443
-0.0456801816
-0.0596315372
-0.0737433075
-0.0831750022
-0.0911933763
-0.0914448350
-0.0852243546
-0.0804068701
-0.0861258314
-0.0914942623
-0.0914069588
-0.1027324178
-0.1116793342
-0.1150905619
-0.1252783305
-0.1323470316
-0.1281227546
-0.1318044865
-0.1417199459
-0.1435413339
-0.1439145783
-0.1394546800
-0.1390385610
-0.1341643456
-0.1334632198
-0.1384973118
-0.1329601205
-0.1321290416
-0.1388272449
-0.1447096416
-0.1494693296
-0.1566597268
-0.1596919108
-0.1591303358
-0.1632995526
-0.1659724833
-0.1646057900
-0.1658640137
-0.1651121020
-0.1634441653
-0.1628469976
-0.1552666718
-0.1324517159
-0.1014091629
-0.0599704139
-0.0102430158
0.0136182657
0.0233758567
0.0580720784
0.0839553819
0.1013458091
0.1280957911
0.1454983166
0.1514488687
0.1665480550
0.1980938758
0.2203829939
0.2284948848
0.2389664486
0.2575399794
0.2535105743
0.2402131681
0.2452310600
0.2324395764
0.2131642332
0.2073074967
0.1919121448
0.1833805407
0.1967214224
0.1889537389
0.1777644417
0.1755706924
0.1731697783
0.1776869732
0.1970077767
0.2173535297
0.2484852175
0.2970837794
0.3357170097
0.3462751653
0.3544751445
0.3751995602
0.3729042618
0.3521031071
0.3447244809
0.3396770290
0.3258089646
0.3129589440
0.3019610010
0.2758907175
0.2484912821
0.2264280483
0.2005402616
0.1779428793
0.1528473495
0.1300725348
0.1174601372
0.1058991532
0.0891019030
0.0765277575
0.0594849287
0.0406231158
0.0173009011
-0.0084412393
-0.0250641423
-0.0484856688
-0.0735698025
-0.0979649308
-0.1294751331
-0.1680038522
-0.2036876232
-0.2359637788
-0.2721359683
-0.2975812897
-0.3148253677
-0.3299264059
-0.3365185461
-0.3304324470
-0.3272808431
-0.3191345731
-0.3033502257
-0.2674500836
-0.2499673442
-0.2548647428
-0.2402571786
-0.2203601980
-0.2234904351
-0.2233804472
-0.2113230175
-0.1823630913
-0.1417572882
-0.1022908461
-0.0721211833
-0.0529461547
-0.0371495411
-0.0204713625
-0.0012459624
0.0261892421
0.0722135020
0.1325246096
0.1923539028
0.2513087839
0.3015865029
0.3398852987
0.3607632359
0.3559071261
0.3491830487
0.3511847012
0.3411693779
0.3328828879
0.3194173511
0.3254808665
0.3234989277
0.3029983435
0.2783577716
0.2512911387
0.2195063042
0.1765244503
0.1323987307
0.0862437281
0.0295926753
-0.0135539055
-0.0370629934
-0.0640644451
-0.0988250537
-0.1167500747
-0.1334046305
-0.1569407475
-0.1749486272
-0.1900524346
-0.2107751969
-0.2267011226
-0.2360193175
-0.2516098523
-0.2775920325
-0.3025755242
-0.3009472890
-0.2482122284
-0.1336056037
-0.0485313885
0.1304391615
0.2544447389
0.2525017889
0.2183272376
0.2754084850
0.3259374852
0.3410620955
0.3948407399
0.3650915428
0.1977741557
0.0101279460
-0.1055602740
-0.1121123686
-0.0773913564
-0.0950291895
-0.1160750975
-0.1449318141
-0.1832558965
-0.1732170170
-0.1523556005
-0.1854492232
-0.2481215639
-0.2730663534
-0.2592743316
-0.2386074104
-0.2249780479
-0.2008508092
-0.1715956999
-0.1339743752
-0.0865076878
-0.0679739125
-0.0560129912
-0.0513216143
-0.0362765514
-0.0308374512
-0.0539078315
-0.0916990010
-0.1336856290
-0.1881202257
-0.2411820305
-0.2695722655
-0.2751412317
-0.2775782962
-0.2920600273
-0.3041721686
-0.3072239273
-0.3066680536
-0.3068996939
-0.3043592348
-0.3013209781
-0.2954371614
-0.2764308917
-0.2436824022
-0.2059671122
-0.1727124810
-0.1512527927
-0.1347053140
-0.1241569930
-0.1282891525
-0.1454292102
-0.1673913106
-0.1758574895
-0.1783694467
-0.1617537246
-0.1111547472
-0.0491623895
0.0043580136
0.0378806091
0.0415791057
0.0467522988
0.0776276053
0.1202972612
0.1666472022
0.2161668226
0.2372604063
0.2194887448
0.2047687535
0.2027239312
0.1990516333
0.1906847219
0.1919954877
0.2056227662
0.2079701915
0.2199268311
0.2510010053
0.2822597587
0.2964140871
0.2828672833
0.2413333429
0.2099959500
0.1883979585
0.1615820422
0.1258155152
0.0826830143
0.0249483702
-0.0325305420
-0.0683070295
-0.0885193843
-0.1049493398
-0.1201365879
-0.1344997874
-0.1391967732
-0.1371147818
-0.1319160980
-0.1151487657
-0.0907598809
-0.0649115051
-0.0355040961
-0.0080452568
0.0066165742
0.0168663713
0.0305030490
0.0409669776
0.0444956841
0.0440869226
0.0423652163
0.0390743317
0.0322772811
0.0267347601
0.0246412683
0.0267573025
0.0243712448
0.0256210670
0.0415095204
0.0750722753
0.1143817533
0.1419178826
0.1624497289
0.1704804597
0.1703080884
0.1771442069
0.1829895856
0.1663042185
0.1391710483
0.1149844749
0.0910826899
0.0706932763
0.0519711655
0.0314107896
-0.0055338162
-0.0557625775
-0.1179145893
-0.1864065661
-0.2442193982
-0.2786565789
-0.2890615623
-0.2923649196
-0.3054555865
-0.3259671952
-0.3203318567
-0.2896059084
-0.2663132639
-0.2561024712
-0.2442409569
-0.2326974789
-0.2234516330
-0.2130299128
-0.2009674324
-0.1952703738
-0.1925755376
-0.1819255565
-0.1715114970
-0.1658976416
-0.1594862475
-0.1458080188
-0.1310325689
-0.1165277815
-0.0873131420
-0.0506962015
-0.0135559194
0.0303967976
0.0799077317
0.1112795797
0.1310591447
0.1587604665
0.1889534357
0.2016761055
0.2039698374
0.2057152854
0.2040668541
0.2067615694
0.2061110509
0.1951187404
0.1903371052
0.1927078565
0.1931021269
0.1760972548
0.1608107826
0.1511432752
0.1378404973
0.1262273941
0.1097685497
0.0885829631
0.0820393352
0.0763236904
0.0586637336
0.0437697230
0.0322080698
0.0131972714
-0.0080652862
-0.0212856343
-0.0337071591
-0.0491961981
-0.0583259927
-0.0603676688
-0.0592980355
-0.0562995106
-0.0398717474
-0.0117549869
0.0150898356
0.0436570040
0.0675317073
0.0745128239
0.0738701391
0.0725225807
0.0725074864
0.0648981351
0.0527188991
0.0381604575
0.0191347261
0.0005410348
-0.0086270276
-0.0205615558
-0.0329471266
-0.0400520719
-0.0440874376
-0.0424341209
-0.0339993616
-0.0200821615
-0.0016397668
0.0253343604
0.0591160461
0.0849015291
0.0949969099
0.1060196576
0.1244878922
0.1299502072
0.1235026501
0.1183216502
0.1070965537
0.0862006095
0.0596326130
0.0370100958
0.0215933727
0.0139644021
0.0022049673
-0.0052434841
-0.0047220979
-0.0021391512
0.0070087432
0.0285198847
0.0465337701
0.0521531459
0.0519815903
0.0531134645
0.0569715364
0.0642346515
0.0650770042
0.0574398462
0.0513033332
0.0578493450
0.0664917099
0.0651565451
0.0689272026
0.0710059270
0.0720857050
0.0840464746
0.0973314175
0.0998157071
0.0976300451
0.0995047461
0.0992406475
0.0914569135
0.0760005925
0.0684593251
0.0605236133
0.0522584504
0.0358239427
0.0185417127
0.0047176229
-0.0038426272
-0.0122963791
-0.0214167763
-0.0310205769
-0.0338246516
-0.0344524391
-0.0223968138
-0.0245977896
-0.0162411075
-0.0004021113
-0.0077562511
0.0024708563
0.0195630252
0.0332622573
0.0501259440
0.0654811891
0.0819173670
0.0930022755
0.0972818821
0.0983816611
0.0885496721
0.0800532584
0.0680520236
0.0504611080
0.0320691161
0.0232013080
0.0080398765
-0.0049303484
-0.0149991975
-0.0179926141
-0.0249474959
-0.0366681783
-0.0349539856
-0.0323929703
-0.0405821348
-0.0452725661
-0.0440248010
-0.0496187284
-0.0576011488
-0.0586030771
-0.0606481226
-0.0576962924
-0.0367931262
-0.0261016498
-0.0173481445
0.0036680589
0.0169891728
0.0341542237
0.0454222637
0.0423821555
0.0403839664
0.0518085015
0.0554603099
0.0520158335
0.0431770671
0.0338597969
0.0231969304
0.0113224685
0.0057725855
0.0054190041
0.0009383290
-0.0123837052
-0.0054114271
0.0047735858
-0.0013080018
-0.0057878088
-0.0031166599
-0.0051130905
-0.0067100030
-0.0073310041
-0.0165182691
-0.0295733946
-0.0382510545
-0.0448525577
-0.0558693045
-0.0700833891
-0.0764426461
-0.0789074210
-0.0787919378
-0.0729632935
-0.0664429087
-0.0583783321
-0.0443725379
-0.0295573727
-0.0232678237
-0.0266581770
-0.0265129405
-0.0201013601
-0.0197082150
-0.0284028764
-0.0324627680
-0.0295805160
-0.0215727330
-0.0051871421
0.0145055529
0.0356946133
0.0580181854
0.0712685829
0.0788101060
0.0880946997
0.0904154390
0.0819333295
0.0624774881
0.0362584816
0.0038499186
-0.0302606206
-0.0449837185
-0.0520162212
-0.0595949723
-0.0674222669
-0.0812347455
-0.0858071209
-0.0747881736
-0.0658002725
-0.0650184383
-0.0619717739
-0.0504150553
-0.0357650207
-0.0279908981
-0.0226386293
-0.0250254283
-0.0272659131
-0.0288918576
-0.0332514443
-0.0392808982
-0.0478336152
-0.0488865724
-0.0438682753
-0.0419028313
-0.0413767306
-0.0360281801
-0.0299228352
-0.0220212216
-0.0201413810
-0.0216532134
-0.0218202361
-0.0176517423
-0.0183474970
-0.0204953086
-0.0213018807
-0.0227464449
-0.0262781972
-0.0256141608
-0.0186904087
-0.0123287048
-0.0053214200
0.0072639151
0.0220721025
0.0303587635
0.0441735000
0.0568932472
0.0668837136
0.0726801855
0.0752092609
0.0754954574
0.0729553756
0.0664234136
0.0574370943
0.0501588858
0.0465761252
0.0449152461
0.0437218633
0.0484937904
0.0580087174
0.0657024099
0.0722916821
0.0819527326
0.0882238161
0.0913018645
0.0969148433
0.1024365632
0.1053629890
0.1049246740
0.1024500481
0.0993279730
0.0940509584
0.0885936690
0.0848272812
0.0793751532
0.0764165961
0.0749099766
0.0743360443
0.0685819856
0.0626842297
0.0615480500
0.0612281605
0.0571809122
0.0517702966
0.0449166118
0.0342545981
0.0228075775
0.0133011835
0.0034602465
-0.0094398504
-0.0215506366
-0.0314409820
-0.0380494814
-0.0417507093
-0.0432009046
-0.0417984194
-0.0354999281
-0.0256442365
-0.0163071402
-0.0068500424
0.0035214132
0.0150129327
0.0246573354
0.0321523489
0.0398115069
0.0434655286
0.0497125054
0.0480889751
0.0391111505
0.0329308800
0.0315588247
0.0247733554
0.0172849115
0.0150122301
0.0134884463
0.0110023820
0.0131265499
0.0164050779
0.0203085812
0.0250613797
0.0248598824
0.0230566575
0.0226394875
0.0218854230
0.0188306315
0.0140881409
0.0091127903
0.0003656895
-0.0102865902
-0.0185188654
-0.0247237160
-0.0322962435
-0.0427864579
-0.0494353514
-0.0552164232
-0.0596919161
-0.0668807773
-0.0739339406
-0.0802592043
-0.0851495227
-0.0918153911
-0.0962598467
-0.0983820729
-0.1021815815
-0.1039727277
-0.1004632648
-0.0956578216
-0.0951178684
-0.0965133054
-0.0970754891
-0.0996646688
-0.1024184049
-0.1030341853
-0.1026917582
-0.1005394511
-0.0931689935
-0.0807823061
-0.0682398058
-0.0554543126
-0.0420604101
-0.0316017781
-0.0246263234
-0.0203369904
-0.0189294104
-0.0202792158
-0.0214408505
-0.0248966483
-0.0306999826
-0.0367412094
-0.0410143334
-0.0432909623
-0.0467209015
-0.0508081708
-0.0508955539
-0.0495103257
-0.0509729817
-0.0514813397
-0.0495517922
-0.0451641269
-0.0393441214
-0.0361792423
-0.0360217768
-0.0354072744
-0.0358590655
-0.0405996231
-0.0453673031
-0.0475389921
-0.0500139058
-0.0549227795
-0.0590314081
-0.0632607132
-0.0694649835
-0.0744446013
-0.0772867274
-0.0842092057
-0.0946972771
-0.1008794616
-0.1024104111
-0.1069981624
-0.1117415462
-0.1132997589
-0.1115656191
-0.1078708614
-0.1026564641
-0.0947069069
-0.0861533248
-0.0774918852
-0.0688417975
-0.0629404565
-0.0567184447
-0.0488651437
-0.0437356137
-0.0406900910
-0.0354953032
-0.0307328835
-0.0288005249
-0.0278365420
-0.0285414834
-0.0277521389
-0.0249339382
-0.0248957614
-0.0235975479
-0.0173336509
-0.0133345959
-0.0138295479
-0.0132866925
-0.0093829384
-0.0070716224
-0.0053953674
-0.0049152269
-0.0048208310
-0.0053427751
-0.0068860422
-0.0107517577
-0.0183019862
-0.0273381966
-0.0345030695
-0.0416483160
-0.0511334258
-0.0547405245
-0.0529258028
-0.0533190514
-0.0515705339
-0.0435374989
-0.0348813869
-0.0273799356
-0.0171578444
-0.0052375355
0.0035035594
0.0099781372
0.0173174532
0.0250638685
0.0306716860
0.0364778316
0.0424262949
0.0427650995
0.0404542100
0.0400299192
0.0374404977
0.0335093756
0.0326391595
0.0347573537
0.0335305513
0.0326844524
0.0365026110
0.0388101659
0.0391040645
0.0398516796
0.0369951988
0.0306807125
0.0234917495
0.0155838027
0.0076444888
0.0025042012
-0.0029949386
-0.0080044753
-0.0105949787
-0.0123604377
-0.0145304759
-0.0166231016
-0.0163383257
-0.0155981512
-0.0154558387
-0.0128282044
-0.0084836611
-0.0036005734
0.0039226859
0.0129391445
0.0171894004
0.0257318374
0.0358845255
0.0468324359
0.0547355408
0.0634812597
0.0736349717
0.0817953551
0.0897205810
0.0977490376
0.1039934473
0.1100521523
0.1165114908
0.1195548136
0.1168515264
0.1101723230
0.0996440720
0.0864245930
0.0703155946
0.0499119053
0.0273868021
0.0089214894
0.0004968499
-0.0067115878
-0.0181251728
-0.0259331427
-0.0271928896
-0.0234064829
-0.0196603888
-0.0179363897
-0.0172856906
-0.0143876350
-0.0103219581
-0.0074074129
-0.0046399543
0.0031358225
0.0144635739
0.0264768883
0.0399586286
0.0511576361
0.0607987092
0.0701559844
0.0810894781
0.0882710651
0.0904141600
0.0966069588
0.1048617092
0.1078081846
0.1076348572
0.1081582592
0.1071038398
0.1044306983
0.1027446885
0.0996904846
0.0936256320
0.0871461608
0.0810588592
0.0731263934
0.0640157938
0.0557794571
0.0471605777
0.0423498626
0.0334850179
0.0230380552
0.0126061516
0.0043533660
-0.0042678585
-0.0117620653
-0.0161845263
-0.0204119983
-0.0244540812
-0.0258263226
-0.0263505912
-0.0283324027
-0.0308860736
-0.0304959705
-0.0285222470
-0.0243998206
-0.0158252071
-0.0090450425
-0.0065654647
-0.0030403145
0.0002780016
0.0009574589
0.0022233978
0.0039702822
0.0044801586
0.0053991139
0.0069930450
0.0099467456
0.0139198655
0.0163301296
0.0159417669
0.0148210615
0.0153732814
0.0144405875
0.0107892693
0.0078259794
0.0067477421
0.0038553674
-0.0000060952
-0.0024370281
-0.0045751927
-0.0084536654
-0.0129500300
-0.0175355451
-0.0232290014
-0.0282819677
-0.0336684450
-0.0396315571
-0.0459202216
-0.0514152522
-0.0548167846
-0.0567202843
-0.0585200373
-0.0618845029
-0.0660425309
-0.0696204823
-0.0736833643
-0.0766982594
-0.0778845869
-0.0801432319
-0.0820738082
-0.0828823227
-0.0839020680
-0.0860503310
-0.0885929201
-0.0889625476
-0.0872667616
-0.0852339643
-0.0840613708
-0.0796453243
-0.0708809700
-0.0623070937
-0.0530737279
-0.0418989103
-0.0315848017
-0.0213635199
-0.0138618711
-0.0088964666
-0.0035714798
0.0008001402
0.0029787125
0.0033842906
0.0033285230
0.0042700168
0.0031097630
-0.0008023536
-0.0059516803
-0.0107356070
-0.0138865514
-0.0146935922
-0.0149680423
-0.0151979481
-0.0150720204
-0.0133649184
-0.0085936761
-0.0070924990
-0.0063057566
-0.0050779846
-0.0068635937
-0.0070702775
-0.0039031516
-0.0004881460
0.0007390178
0.0036306479
0.0054478735
0.0060854194
0.0070222901
0.0091578649
0.0121272196
0.0150728394
0.0185080172
0.0215122796
0.0254389130
0.0290788435
0.0285892028
0.0238741786
0.0185398265
0.0125166733
0.0046638138
-0.0034663300
-0.0091244532
-0.0131984834
-0.0149898593
-0.0178046977
-0.0206997057
-0.0249420379
-0.0276399880
-0.0283499345
-0.0300268567
-0.0329498456
-0.0350459018
-0.0370895633
-0.0397313032
-0.0384937204
-0.0336042762
-0.0293821919
-0.0247362836
-0.0166592955
-0.0098395107
-0.0050719649
0.0001662236
0.0054913194
0.0104536182
0.0156648012
0.0199093631
0.0230057421
0.0256370146
0.0265867734
0.0247918832
0.0213963836
0.0149245231
0.0045274471
-0.0056181735
-0.0102294374
-0.0201870551
-0.0313963417
-0.0398099020
-0.0444020493
-0.0477677437
-0.0495486703
-0.0488913702
-0.0475578058
-0.0456815145
-0.0427807713
-0.0392168953
-0.0340889982
-0.0286147299
-0.0213736821
-0.0123515429
-0.0037579270
0.0017683884
0.0056364511
0.0098213978
0.0133781591
0.0148012717
0.0113421993
0.0067854083
0.0040757010
0.0008286463
-0.0043195600
-0.0090712902
-0.0149453146
-0.0203326996
-0.0240371987
-0.0250266081
-0.0266217619
-0.0277288000
-0.0271995163
-0.0237274851
-0.0205925486
-0.0193248158
-0.0184435401
-0.0170431234
-0.0169123842
-0.0164154605
-0.0143916431
-0.0123490930
-0.0099266776
-0.0058615230
-0.0011833922
0.0027761474
0.0091309888
0.0167932122
0.0187755297
0.0181164879
0.0179677842
0.0160183430
0.0119268784
0.0071630983
0.0029938582
-0.0019481881
-0.0054911210
-0.0077776809
-0.0087753756
-0.0084039619
-0.0071682330
-0.0055897724
-0.0048385505
-0.0042536494
-0.0021401673
0.0010431235
0.0034216662
0.0032977805
0.0005114098
-0.0030028136
-0.0047376361
-0.0052005028
-0.0058486927
-0.0056335491
-0.0034313540
0.0009944496
0.0064376946
0.0110763233
0.0148550924
0.0195924376
0.0234705560
0.0233519733
0.0217383368
0.0205550156
0.0164167197
0.0113955753
0.0061713319
-0.0000668738
-0.0064622852
-0.0103236553
-0.0128316861
-0.0139147897
-0.0146579119
-0.0119324188
-0.0064016209
-0.0012196518
0.0029697422
0.0073493704
0.0104054921
0.0128532978
0.0152770042
0.0175091588
0.0192573104
0.0223536908
0.0264720057
0.0290010215
0.0313256916
0.0337880987
0.0349570849
0.0352473134
0.0357827861
0.0364128086
0.0370521442
0.0380498755
0.0387968825
0.0392265101
0.0383392997
0.0357281981
0.0306739067
0.0243533739
0.0183851885
0.0160814466
0.0118064713
0.0084009896
0.0043547873
-0.0001809680
-0.0029671983
-0.0048806790
-0.0073169608
-0.0099981487
-0.0117988751
-0.0123171171
-0.0119086683
-0.0099283137
-0.0070703759
-0.0027945025
0.0030902545
0.0089547163
0.0142967634
0.0185436029
0.0214049077
0.0225515210
0.0218565378
0.0194872500
0.0165342592
0.0147537866
0.0151054264
0.0178051035
0.0230098940
0.0291322174
0.0357189932
0.0384684525
0.0413873727
0.0428483815
0.0441253298
0.0449070717
0.0461544708
0.0470296541
0.0490067119
0.0539461787
0.0591272899
0.0620922468
0.0637906424
0.0639636137
0.0628822546
0.0613428585
0.0582737546
0.0533957303
0.0476615611
0.0428403234
0.0384781534
0.0356963150
0.0350260107
0.0327063442
0.0308589347
0.0310633199
0.0298905473
0.0276621629
0.0267057371
0.0253743063
0.0231098164
0.0210280230
0.0201985831
0.0190832517
0.0178656675
0.0168723679
0.0152923766
0.0131671187
0.0119091902
0.0112738166
0.0119466288
0.0133753553
0.0133102074
0.0115462653
0.0101188660
0.0084653788
0.0062302394
0.0046402376
0.0039325163
0.0042097677
0.0059996635
0.0076570182
0.0090005532
0.0114641385
0.0138809839
0.0144650705
0.0165444435
0.0203896251
0.0219656594
0.0230161418
0.0240337752
0.0235951270
0.0228981186
0.0212987714
0.0191166677
0.0168177237
0.0149979402
0.0141795049
0.0152211406
0.0188417423
0.0229372462
0.0269058296
0.0307742250
0.0342601252
0.0362837024
0.0349392542
0.0311886373
0.0264165083
0.0201385751
0.0132777965
0.0087522626
0.0057666007
0.0039052793
0.0030568127
0.0040527162
0.0061812665
0.0099608113
0.0153056977
0.0183733311
0.0196651353
0.0205511165
0.0195679430
0.0155730261
0.0127989241
0.0081133226
0.0022211893
-0.0053201746
-0.0124730463
-0.0175449667
-0.0216434086
-0.0254009471
-0.0271090537
-0.0280242255
-0.0284647608
-0.0277139744
-0.0264430372
-0.0253162654
-0.0239850536
-0.0209407181
-0.0174742941
-0.0149947565
-0.0111181361
-0.0059641712
-0.0019315663
0.0008800243
0.0029832192
0.0037628400
0.0034987572
0.0024912387
0.0020535999
0.0028444659
0.0046056834
0.0080248095
0.0102278970
0.0157751152
0.0208956733
0.0257772692
0.0298395849
0.0324705941
0.0342075118
0.0345744283
0.0337005716
0.0314266245
0.0269721167
0.0217597448
0.0171505046
0.0130478431
0.0100110285
0.0075016462
0.0049455462
0.0042447515
0.0047831481
0.0039673536
0.0027887362
0.0017646247
0.0006486954
-0.0003913382
-0.0008447265
-0.0010981606
-0.0010483533
-0.0000043590
0.0010070238
0.0014684892
0.0029696257
0.0035183369
0.0038805120
0.0043117275
0.0059798898
0.0087467713
0.0120542757
0.0155592713
0.0189887877
0.0218254929
0.0238685872
0.0258169558
0.0264443953
0.0252387934
0.0237611286
0.0218776306
0.0194118035
0.0179276120
0.0172076313
0.0163429627
0.0153919818
0.0144352073
0.0132458115
0.0113344874
0.0101617045
0.0099751001
0.0097296603
0.0090780596
0.0088793423
0.0092075556
0.0077792616
0.0064081433
0.0033214859
-0.0006502001
-0.0060992817
-0.0111989134
-0.0164912166
-0.0213253638
-0.0256595824
-0.0295913149
-0.0325336649
-0.0344825395
-0.0353990249
-0.0352355337
-0.0352495672
-0.0352088082
-0.0340173326
-0.0329615048
-0.0326841642
-0.0323005445
-0.0312436144
-0.0300961688
-0.0289422412
-0.0268523538
-0.0246314821
-0.0221453707
-0.0184041149
-0.0140010818
-0.0093119071
-0.0043727666
-0.0000285605
0.0034917471
0.0048483959
0.0071885565
0.0079003020
0.0062833619
0.0037223932
-0.0003692784
-0.0048359071
-0.0079639039
-0.0107218006
-0.0138704193
-0.0160328216
-0.0160646255
-0.0160038152
-0.0156012846
-0.0141551188
-0.0124241179
-0.0104540910
-0.0088055281
-0.0069436343
-0.0059963931
-0.0067902176
-0.0077547999
-0.0071913746
-0.0062169609
-0.0055929941
-0.0044160511
-0.0043952524
-0.0049461549
-0.0068072656
-0.0092974811
-0.0104990473
-0.0136171177
-0.0177445538
-0.0193325036
-0.0194597853
-0.0202107727
-0.0195044252
-0.0180824439
-0.0173732295
-0.0166667416
-0.0160607633
-0.0163156172
-0.0174586736
-0.0184701282
-0.0195942381
-0.0215087498
-0.0222391154
-0.0216920467
-0.0216973122
-0.0218562452
-0.0214221129
-0.0204572890
-0.0187328550
-0.0171310026
-0.0152431208
-0.0125127349
-0.0092838593
-0.0075312026
-0.0056641034
-0.0042168425
-0.0057467820
-0.0065091674
-0.0066131754
-0.0077641525
-0.0097343301
-0.0091317585
-0.0081991352
-0.0085096750
-0.0078009009
-0.0060570522
-0.0049948348
-0.0043778329
-0.0027486867
-0.0008388557
-0.0002115830
0.0001872510
0.0002812379
-0.0012127834
-0.0042326080
-0.0075693669
-0.0112089668
-0.0140207020
-0.0151181197
-0.0155570417
-0.0152217162
-0.0131049115
-0.0116203476
-0.0106566985
-0.0087145515
-0.0078799654
-0.0074046253
-0.0069930718
-0.0074351279
-0.0077771592
-0.0064525953
-0.0050859146
-0.0046379210
-0.0030100991
-0.0014297541
-0.0020031792
-0.0031458066
-0.0043141714
-0.0062249377
-0.0081401787
-0.0094437844
-0.0099702569
-0.0101227215
-0.0090977268
-0.0073240179
-0.0064075411
-0.0057135890
-0.0048554775
-0.0047492043
-0.0057378503
-0.0070266581
-0.0074342067
-0.0069096759
-0.0069787029
-0.0058261992
-0.0032238779
-0.0009523803
0.0009958759
0.0020244356
0.0035244706
0.0044090530
0.0047327068
0.0052382610
0.0050873443
0.0046518608
0.0046189644
0.0039819070
0.0026211399
0.0013777524
-0.0001502430
-0.0033284764
-0.0078001870
-0.0116865216
-0.0151364827
-0.0177012086
-0.0192446004
-0.0206931974
-0.0210112151
-0.0200156500
-0.0188570393
-0.0169399034
-0.0140053852
-0.0113758066
-0.0091780295
-0.0068187711
-0.0032477323
-0.0001122247
0.0006518471
0.0005990702
0.0011446148
0.0012802357
0.0001805190
-0.0001536959
-0.0005587289
-0.0019336502
-0.0027277531
-0.0020638004
-0.0009960162
-0.0001355888
0.0007184198
0.0010100236
0.0006708604
0.0009392402
0.0009450302
0.0004768386
0.0011432392
0.0020315517
0.0024452919
0.0033584327
0.0044535253
0.0056218669
0.0063484457
0.0065988121
0.0069792460
0.0075940811
0.0084586070
0.0092358305
0.0095881415
0.0098661913
0.0104693266
0.0109578114
0.0104446021
0.0086914791
0.0069892220
0.0052329106
0.0031341588
0.0014330198
0.0003349964
-0.0002184625
-0.0003747445
-0.0012460442
-0.0023188332
-0.0030830339
-0.0047801069
-0.0069196471
-0.0076548198
-0.0079437589
-0.0079639081
-0.0071816514
-0.0060552518
-0.0052664085
-0.0045010126
-0.0029998343
-0.0024435874
-0.0030540531
-0.0033056248
-0.0037336089
-0.0053577820
-0.0062462194
-0.0073110200
-0.0079836302
-0.0086037645
-0.0089939440
-0.0086668811
-0.0090848248
-0.0102455879
-0.0108399400
-0.0113631886
-0.0123031524
-0.0128689333
-0.0132866573
-0.0137065256
-0.0136314504
-0.0121913536
-0.0101011867
-0.0077859146
-0.0050460952
-0.0030747679
-0.0019909431
-0.0004416974
0.0008361993
0.0015182321
0.0018442635
0.0021703402
0.0025625997
0.0021722368
0.0019458442
0.0027071199
0.0029108285
0.0027847328
0.0024031409
0.0016928509
0.0003031846
-0.0012862484
-0.0024850180
-0.0038890008
-0.0057249192
-0.0072192745
-0.0081405373
-0.0090780002
-0.0095001779
-0.0091422156
-0.0082990331
-0.0069640761
-0.0052170574
-0.0032612193
-0.0017279202
-0.0005964538
0.0007886970
0.0018566797
0.0023470126
0.0035558201
0.0046097614
0.0048997608
0.0055265092
0.0061256150
0.0052933222
0.0032525303
0.0007247415
-0.0006879278
-0.0034970252
-0.0065259663
-0.0087260705
-0.0102982407
-0.0113894478
-0.0116665218
-0.0108453861
-0.0092215831
-0.0069719892
-0.0043113662
-0.0010200363
0.0015331110
0.0030657487
0.0045631883
0.0046135300
0.0039748501
0.0038182981
0.0034031937
0.0025137929
0.0018809096
0.0007447953
-0.0010928511
-0.0021714260
-0.0029967337
-0.0032737878
-0.0024378345
-0.0004221611
0.0016375924
0.0040697573
0.0075543034
0.0091614393
0.0112435899
0.0129072572
0.0147712327
0.0158546179
0.0165614863
0.0174320999
0.0175373795
0.0177616491
0.0183288233
0.0183485986
0.0184709663
0.0185938636
0.0177306889
0.0162714446
0.0151754281
0.0141137323
0.0121152243
0.0106923008
0.0095015197
0.0074000936
0.0052150410
0.0037842137
0.0024768133
0.0019028967
0.0029228117
0.0045495274
0.0061215946
0.0081235176
0.0097802014
0.0100728775
0.0099067558
0.0092970450
0.0073895289
0.0048122492
0.0026845319
0.0009816863
-0.0002186244
-0.0003975749
-0.0002165373
-0.0006074514
-0.0006766202
-0.0009828979
-0.0014267998
-0.0016861520
-0.0024807477
-0.0037680900
-0.0049472583
-0.0060685860
-0.0074029097
-0.0079501814
-0.0084717454
-0.0094664120
-0.0101715359
-0.0107341036
-0.0123787283
-0.0141730825
-0.0152709823
-0.0167042812
-0.0176968043
-0.0177832616
-0.0174004250
-0.0158818329
-0.0134944055
-0.0105644968
-0.0074101857
-0.0042087989
-0.0008583944
0.0022605039
0.0044682308
0.0059440777
0.0068277621
0.0070838912
0.0069395787
0.0070836858
0.0077461035
0.0086516523
0.0100705503
0.0113681959
0.0125778744
0.0137548128
0.0146891806
0.0151046290
0.0149203164
0.0144170193
0.0143031090
0.0144327661
0.0146099463
0.0150378246
0.0156983525
0.0165347382
0.0169303118
0.0176132120
0.0177285253
0.0166742364
0.0149165019
0.0136884931
0.0120896269
0.0090103920
0.0057727718
0.0028228968
-0.0002711848
-0.0028825316
-0.0051399196
-0.0070773516
-0.0083096357
-0.0082070563
-0.0072261767
-0.0058772697
-0.0044819180
-0.0034542437
-0.0031552884
-0.0037647875
-0.0044808443
-0.0052707525
-0.0065921748
-0.0082179806
-0.0096881534
-0.0108591057
-0.0117144151
-0.0124688182
-0.0134554006
-0.0138035980
-0.0141960859
-0.0143091345
-0.0140824329
-0.0133548600
-0.0126476898
-0.0120760725
-0.0117656678
-0.0120955200
-0.0127510647
-0.0134105714
-0.0142302166
-0.0147970570
-0.0146479953
-0.0138364757
-0.0125591822
-0.0104538986
-0.0075939403
-0.0044702349
-0.0017017246
0.0012218310
0.0031751191
0.0041407507
0.0048713182
0.0052439947
0.0048545392
0.0040634674
0.0030111271
0.0016139731
0.0002969435
-0.0007826454
-0.0013052561
-0.0020852968
-0.0023799251
-0.0019253178
-0.0005384763
0.0007799534
0.0016803268
0.0027203923
0.0033145504
0.0031853572
0.0026004287
0.0015362933
0.0001032682
-0.0011791923
-0.0020101158
-0.0028002687
-0.0035135792
-0.0040654112
-0.0044983451
-0.0051756632
-0.0059776800
-0.0064958513
-0.0065313878
-0.0064693356
-0.0063665241
-0.0059170453
-0.0050597564
-0.0041529503
-0.0038231499
-0.0037251214
-0.0038397972
-0.0039743425
-0.0035579690
-0.0032357261
-0.0023696871
-0.0009062581
0.0010048543
0.0028955872
0.0045583052
0.0058871205
0.0067191929
0.0067038902
0.0059389642
0.0051842197
0.0041850997
0.0029099193
0.0017356018
0.0001628686
-0.0019011056
-0.0035567445
-0.0051475726
-0.0066840212
-0.0077940562
-0.0085798199
-0.0089009830
-0.0086389884
-0.0079888296
-0.0075994011
-0.0073467492
-0.0074799206
-0.0079317353
-0.0081991044
-0.0084568601
-0.0087372062
-0.0093487765
-0.0097163537
-0.0097269241
-0.0099370657
-0.0101484893
-0.0099672780
-0.0099360207
-0.0098573732
-0.0089203377
-0.0069013349
-0.0040523546
-0.0005960594
0.0031494693
0.0070615212
0.0102069827
0.0124647679
0.0143252018
0.0153902468
0.0154647854
0.0145440348
0.0133455464
0.0124571397
0.0115931563
0.0106427491
0.0099974929
0.0094433219
0.0091517126
0.0092074078
0.0091711421
0.0091773476
0.0093986207
0.0098645090
0.0100462004
0.0101316512
0.0104157778
0.0102973071
0.0095734261
0.0086816797
0.0075249752
0.0061682173
0.0051068611
0.0041409759
0.0037818300
0.0044107135
0.0054425926
0.0066098543
0.0082462123
0.0100535008
0.0113838329
0.0123956589
0.0133456771
0.0135085908
0.0130497818
0.0129546461
0.0128551187
0.0124436448
0.0122620699
0.0126922038
0.0128639479
0.0127084824
0.0125791756
0.0124192082
0.0123439233
0.0120976350
0.0117803213
0.0116180926
0.0114515067
0.0112243071
0.0108201043
0.0102776181
0.0095921059
0.0087093814
0.0075399347
0.0062726789
0.0052791442
0.0045029870
0.0035755850
0.0027601285
0.0022866871
0.0020503120
0.0016375848
0.0012073839
0.0009760921
0.0005394537
0.0002115821
0.0002808411
0.0004332282
0.0004654870
0.0008687311
0.0013927396
0.0017442518
0.0020718061
0.0032564820
0.0041358967
0.0043135600
0.0047190725
0.0047527516
0.0042151668
0.0037372632
0.0028804083
0.0013622005
0.0000199206
-0.0009649202
-0.0019185446
-0.0024038817
-0.0022789851
-0.0021353303
-0.0016206718
-0.0007682534
-0.0001636923
0.0004350656
0.0008690062
0.0005816138
-0.0002382130
-0.0014909536
-0.0033274932
-0.0053620544
-0.0079765698
-0.0107044552
-0.0131230586
-0.0153392874
-0.0172850027
-0.0185236585
-0.0188745843
-0.0188597964
-0.0184405807
-0.0182035711
-0.0180264660
-0.0174334247
-0.0169614027
-0.0168441829
-0.0164274647
-0.0154221592
-0.0146295475
-0.0137127795
-0.0121659455
-0.0104735698
-0.0088737618
-0.0072769857
-0.0061218181
-0.0063368281
-0.0068317810
-0.0070156629
-0.0082234352
-0.0098072693
-0.0105698638
-0.0110246439
-0.0115501791
-0.0110670757
-0.0101597836
-0.0093008328
-0.0082340011
-0.0070133845
-0.0064145817
-0.0065659793
-0.0071507776
-0.0073310481
-0.0084275369
-0.0102512911
-0.0114345853
-0.0127218624
-0.0144010206
-0.0152523437
-0.0152693298
-0.0147992455
-0.0140872969
-0.0124230664
-0.0107218379
-0.0091066341
-0.0066247335
-0.0040169025
-0.0022968243
-0.0009653505
0.0003643147
0.0013168697
0.0017443339
0.0017630205
0.0012407627
0.0003446766
-0.0002653718
-0.0008111751
-0.0013413316
-0.0018935332
-0.0021700869
-0.0022687511
-0.0027433971
-0.0035470725
-0.0037064000
-0.0035015876
-0.0034657362
-0.0030843213
-0.0026080380
-0.0022947219
-0.0023939717
-0.0026299686
-0.0034205600
-0.0041725742
-0.0043626998
-0.0046256742
-0.0046665119
-0.0041678891
-0.0038573325
-0.0032487510
-0.0020542318
-0.0008440728
0.0003260349
0.0016789284
0.0030933943
0.0043121036
0.0053798836
0.0059301943
0.0058511205
0.0057089847
0.0053126483
0.0049811449
0.0040272936
0.0031360609
0.0024248734
0.0013650103
0.0001782103
-0.0010945342
-0.0024456201
-0.0033473534
-0.0039893191
-0.0048718062
-0.0057037333
-0.0060038317
-0.0065489015
-0.0074792172
-0.0079252167
-0.0079902093
-0.0086043649
-0.0094088428
-0.0093947488
-0.0093606876
-0.0092848126
-0.0085296741
-0.0076654869
-0.0065268326
-0.0048372489
-0.0028846467
-0.0011119636
0.0004840177
0.0018061499
0.0026003498
0.0026771085
0.0025252987
0.0024999588
0.0024191833
0.0018405353
0.0011769594
0.0011052149
0.0011435263
0.0007210991
0.0004742815
0.0004216358
0.0003026116
0.0001767451
0.0002477715
0.0003201544
0.0002502200
0.0002198418
0.0000045560
-0.0006119741
-0.0014642160
-0.0024752036
-0.0035798985
-0.0045046758
-0.0049917113
-0.0054064160
-0.0058252793
-0.0056944693
-0.0054541832
-0.0056222783
-0.0056132131
-0.0054466518
-0.0051706403
-0.0051762526
-0.0056727578
-0.0059642744
-0.0057214304
-0.0055592058
-0.0051592670
-0.0042598772
-0.0036137879
-0.0026998725
-0.0013778073
-0.0006493045
-0.0001162185
0.0004175838
0.0002053747
-0.0003513561
-0.0002929464
-0.0003857021
-0.0008645264
-0.0010056558
-0.0010418280
-0.0011057373
-0.0009046388
-0.0004964235
0.0001538508
0.0011816699
0.0019730442
0.0025891812
0.0031726059
0.0034595224
0.0034586357
0.0031568628
0.0024995303
0.0020607464
0.0019606583
0.0023631520
0.0034462648
0.0047686849
0.0063860720
0.0080226485
0.0089606156
0.0090688878
0.0089079016
0.0085967334
0.0080900158
0.0073697136
0.0066554184
0.0062404719
0.0064705762
0.0070600499
0.0069258054
0.0066391216
0.0068418324
0.0063972444
0.0057177465
0.0049486291
0.0041690898
0.0035287653
0.0026469906
0.0019448311
0.0018467563
0.0016273402
0.0012876989
0.0008660312
0.0001384073
-0.0002779632
-0.0002667180
0.0000235424
0.0008255356
0.0019098173
0.0030027423
0.0041103189
0.0048917058
0.0048787722
0.0044325875
0.0037257201
0.0022218268
0.0005522496
-0.0009142323
-0.0021356660
-0.0027940394
-0.0031794412
-0.0035174755
-0.0035246732
-0.0032294059
-0.0029670697
-0.0027988353
-0.0025881770
-0.0025950699
-0.0027933062
-0.0028852106
-0.0029254077
-0.0027347263
-0.0024912491
-0.0022364866
-0.0021436120
-0.0021994919
-0.0025084511
-0.0031584660
-0.0037584420
-0.0038375386
-0.0036191409
-0.0032480395
-0.0026570219
-0.0019935808
-0.0011839507
-0.0005996072
-0.0006195960
-0.0003454150
0.0000263205
-0.0001484124
-0.0002463645
0.0000405250
0.0001709701
0.0002257740
0.0005048336
0.0003324616
-0.0001520449
-0.0005718240
-0.0009377888
-0.0010767896
-0.0013225467
-0.0013714222
-0.0011747510
-0.0008669434
-0.0002043417
0.0006425860
0.0016006941
0.0026103857
0.0035023905
0.0042083824
0.0046836102
0.0052481135
0.0056326391
0.0057382895
0.0056994625
0.0058050770
0.0055417091
0.0053255590
0.0052221920
0.0049770520
0.0047632993
0.0044126841
0.0040994636
0.0036291625
0.0028532280
0.0023200521
0.0019815615
0.0015285938
0.0015346976
0.0016311518
0.0013618867
0.0011846023
0.0010163157
0.0011890688
0.0015352220
0.0021536000
0.0031933715
0.0046796065
0.0061136794
0.0077205444
0.0095029973
0.0110387749
0.0126103330
0.0139608561
0.0150658298
0.0162693379
0.0169766205
0.0169078994
0.0163887528
0.0156442768
0.0146520381
0.0135354819
0.0128621115
0.0123730583
0.0120115213
0.0120385542
0.0120084057
0.0118152137
0.0116457355
0.0112831342
0.0104974143
0.0100074475
0.0091129563
0.0084229871
0.0076829584
0.0065559274
0.0059856931
0.0057598284
0.0051922447
0.0050318367
0.0052998869
0.0053873927
0.0056143891
0.0058454784
0.0056605709
0.0051028568
0.0044847155
0.0038406264
0.0029547705
0.0021396369
0.0017474972
0.0016909953
0.0020312775
0.0026127044
0.0034729458
0.0042465949
0.0049555125
0.0054003000
0.0053892234
0.0049278022
0.0043207751
0.0039352438
0.0030982263
0.0023679983
0.0019684754
0.0017330979
0.0017126429
0.0018645162
0.0023531300
0.0029304994
0.0034955903
0.0041680112
0.0048849466
0.0054803705
0.0061055504
0.0068375430
0.0072852292
0.0073486848
0.0072310579
0.0065145448
0.0052018312
0.0039861160
0.0028159849
0.0016784219
0.0008508149
0.0002251103
-0.0004795273
-0.0011455826
-0.0019834496
-0.0031781682
-0.0043660410
-0.0056032765
-0.0062099192
-0.0071930769
-0.0077772114
-0.0081195708
-0.0081961848
-0.0080288231
-0.0077961184
-0.0077083781
-0.0075241828
-0.0077935325
-0.0079751671
-0.0076992567
-0.0074470764
-0.0069885788
-0.0062626068
-0.0056056714
-0.0049188884
-0.0043251322
-0.0042018527
-0.0042650199
-0.0043518638
-0.0045814408
-0.0049668520
-0.0052311790
-0.0053394775
-0.0054391800
-0.0055139299
-0.0055495066
-0.0056841441
-0.0060859981
-0.0063650449
-0.0071872354
-0.0081799975
-0.0090445368
-0.0096677780
-0.0103632799
-0.0110135977
-0.0114373625
-0.0116694858
-0.0114495231
-0.0109445484
-0.0101742448
-0.0091128882
-0.0080385713
-0.0069184856
-0.0059727430
-0.0052668377
-0.0049363544
-0.0047348481
-0.0044116732
-0.0042054421
-0.0042331243
-0.0042668900
-0.0041893379
-0.0041762872
-0.0042267190
-0.0041603189
-0.0040066291
-0.0037994467
-0.0033159834
-0.0028708057
-0.0026666011
-0.0021068033
-0.0015312976
-0.0010278993
-0.0006152761
-0.0000289577
0.0005599810
0.0011642216
0.0020584081
0.0029307613
0.0037571315
0.0045939048
0.0053410086
0.0059794312
0.0070214335
0.0081459621
0.0091830007
0.0101785378
0.0112412132
0.0121356917
0.0126275504
0.0129653861
0.0130235333
0.0128260989
0.0125073402
0.0121727398
0.0118632664
0.0112173649
0.0106282376
0.0102363195
0.0099793169
0.0095678136
0.0095232964
0.0098425561
0.0099291748
0.0101884317
0.0110616563
0.0116934911
0.0124083751
0.0132325726
0.0137022818
0.0140928041
0.0143949050
0.0142568011
0.0139581522
0.0135775995
0.0131665279
0.0127407797
0.0125313469
0.0126010411
0.0129472263
0.0134557013
0.0137178977
0.0137867677
0.0138459081
0.0133430676
0.0124426380
0.0113663362
0.0098417273
0.0080664402
0.0063442445
0.0055304305
0.0039443981
0.0026320554
0.0015978546
0.0008351611
0.0003085684
-0.0000988974
-0.0004832926
-0.0010331373
-0.0017336172
-0.0024504207
-0.0033096542
-0.0041021808
-0.0048153938
-0.0054285569
-0.0058488021
-0.0059958395
-0.0059259060
-0.0058695421
-0.0057911986
-0.0058186942
-0.0059296599
-0.0059443999
-0.0061004570
-0.0062892038
-0.0061571980
-0.0058410090
-0.0054711608
-0.0051104621
-0.0045388150
-0.0041161641
-0.0031744887
-0.0021906016
-0.0009203898
0.0005171253
0.0016963968
0.0026808044
0.0037128665
0.0045577221
0.0050848006
0.0056245876
0.0057958028
0.0058426285
0.0060529000
0.0063244703
0.0066830452
0.0072029003
0.0077726026
0.0082364755
0.0085732447
0.0085108893
0.0079674501
0.0070433937
0.0058021748
0.0040247003
0.0021987802
0.0006821153
-0.0010025872
-0.0023141345
-0.0032486004
-0.0043091252
-0.0047943054
-0.0053432715
-0.0057199964
-0.0061632379
-0.0061092499
-0.0058486689
-0.0053688691
-0.0046425524
-0.0037085348
-0.0026694825
-0.0016788760
-0.0008301332
-0.0001374450
0.0000807462
-0.0001291447
-0.0004164549
-0.0008794647
-0.0017219652
-0.0026964765
-0.0035790913
-0.0046898389
-0.0059069973
-0.0070818876
-0.0082287837
-0.0093563985
-0.0101517934
-0.0106940987
-0.0111253746
-0.0113390924
-0.0112555426
-0.0111220962
-0.0109928506
-0.0106406067
-0.0101500175
-0.0097302624
-0.0091148149
-0.0084402075
-0.0079517575
-0.0072719034
-0.0067114594
-0.0064469757
-0.0062637000
-0.0061971734
-0.0065423224
-0.0070424600
-0.0075134960
-0.0081586203
-0.0086970612
-0.0089726336
-0.0092562398
-0.0094211741
-0.0095018269
-0.0097025055
-0.0096113682
-0.0091022280
-0.0085011063
-0.0075672528
-0.0062213588
-0.0047743049
-0.0032554913
-0.0016896012
-0.0010498996
-0.0000435794
0.0008187213
0.0016347086
0.0023230694
0.0029962473
0.0033850234
0.0037455067
0.0041974078
0.0044888162
0.0044258720
0.0043259269
0.0040955983
0.0035425772
0.0029634785
0.0027553977
0.0024939408
0.0019687837
0.0017070326
0.0017480297
0.0016602674
0.0016403515
0.0017844500
0.0016446413
0.0014219579
0.0015533291
0.0018782010
0.0022135749
0.0022169928
0.0020577579
0.0023290668
0.0025879401
0.0029731343
0.0028870484
0.0029764210
0.0032909635
0.0034040858
0.0034151778
0.0038131118
0.0042078922
0.0041183349
0.0036536071
0.0034303845
0.0033389617
0.0027008720
0.0020771122
0.0015555936
0.0006103390
-0.0000595315
-0.0002185676
-0.0008112008
-0.0014419521
-0.0017743793
-0.0022765661
-0.0026442879
-0.0023946781
-0.0020460973
-0.0021709841
-0.0020324889
-0.0013902862
-0.0009823027
-0.0006872962
-0.0001387405
0.0003285229
0.0006107237
0.0008607799
0.0013922306
0.0016244557
0.0018360206
0.0020629571
0.0019464218
0.0018468951
0.0021336562
0.0023877111
0.0026729688
0.0028703852
0.0030154486
0.0032610961
0.0033708134
0.0032501175
0.0028979036
0.0024769410
0.0017567055
0.0011070298
0.0007108547
0.0002492244
-0.0002871872
-0.0006558176
-0.0010680937
-0.0014852149
-0.0016958048
-0.0017697619
-0.0018283703
-0.0017552652
-0.0017356333
-0.0012997136
-0.0006441552
-0.0003949155
0.0001624424
0.0007477336
0.0009212281
0.0006692869
0.0004676332
0.0001169316
-0.0003599052
-0.0008361343
-0.0015941829
-0.0025242189
-0.0032685185
-0.0038024535
-0.0040200981
-0.0041530193
-0.0045317124
-0.0048005575
-0.0046952013
-0.0046160177
-0.0045149558
-0.0041767850
-0.0042291167
-0.0042437229
-0.0040687654
-0.0049556034
-0.0053726647
-0.0047540626
-0.0050186599
-0.0060157099
-0.0060612146
-0.0057041386
-0.0051159759
-0.0049341714
-0.0041913542
-0.0035271829
-0.0028329269
-0.0020173964
-0.0015809009
-0.0008554454
0.0000508549
-0.0001811443
-0.0005464208
-0.0004195208
-0.0009267639
-0.0014618419
-0.0019723336
-0.0031202370
-0.0039043710
-0.0041996124
-0.0045778617
-0.0047419881
-0.0045893045
-0.0046600006
-0.0043778375
-0.0037062031
-0.0034469561
-0.0034056352
-0.0031272378
-0.0031317838
-0.0034635149
-0.0035745665
-0.0035812772
-0.0037726141
-0.0042780316
-0.0043306318
-0.0039670019
-0.0039862753
-0.0039624006
-0.0038407486
-0.0040916130
-0.0042998826
-0.0041345601
-0.0043177128
-0.0044210895
-0.0043617337
-0.0045137577
-0.0044675235
-0.0039274963
-0.0034404841
-0.0031653919
-0.0025320133
-0.0017866437
-0.0010057997
-0.0000004468
0.0008175214
0.0014590715
0.0021978175
0.0029180131
0.0032077607
0.0031211325
0.0029760607
0.0027315590
0.0019413716
0.0014018652
0.0007367234
-0.0002365217
-0.0007345633
-0.0012173432
-0.0017312773
-0.0019437173
-0.0020982727
-0.0023833967
-0.0029006879
-0.0030624277
-0.0025452310
-0.0023262646
-0.0024612905
-0.0022593145
-0.0020235011
-0.0022634606
-0.0023668986
-0.0025959862
-0.0032604438
-0.0038140391
-0.0039481834
-0.0039092030
-0.0035840405
-0.0027869558
-0.0020297783
-0.0014233757
-0.0003456305
0.0001471164
0.0006993418
0.0012826946
0.0019167927
0.0022226182
0.0025535024
0.0029625034
0.0030316979
0.0027867929
0.0026876911
0.0023810113
0.0020371217
0.0023306551
0.0030398081
0.0035507109
0.0042188332
0.0052118990
0.0059476857
0.0064354771
0.0069095614
0.0071645826
0.0069935240
0.0066673200
0.0063978756
0.0058028220
0.0048051990
0.0038823476
0.0032484266
0.0024565909
0.0019454894
0.0018456454
0.0017627034
0.0015944940
0.0015944989
0.0016070188
0.0018511073
0.0022753948
0.0023074770
0.0021538060
0.0025801669
0.0027994794
0.0029542957
0.0034340841
0.0036500047
0.0036725155
0.0040964607
0.0047252278
0.0049535548
0.0052107685
0.0055695682
0.0056349965
0.0060942237
0.0064223132
0.0060189883
0.0058477601
0.0053673395
0.0044728136
0.0035886615
0.0025700709
0.0014575146
0.0001034552
-0.0005760391
-0.0018132941
-0.0026458258
-0.0034827787
-0.0039565263
-0.0041364687
-0.0045229055
-0.0044893495
-0.0039636873
-0.0037297524
-0.0034597985
-0.0031068486
-0.0029915460
-0.0028440712
-0.0024628417
-0.0022291314
-0.0024253263
-0.0025735245
-0.0025529539
-0.0026673404
-0.0027599245
-0.0026690196
-0.0025628613
-0.0026135025
-0.0025953679
-0.0022823207
-0.0016399351
-0.0009937623
-0.0003137625
0.0003170423
0.0008445705
0.0010142918
0.0011506481
0.0016032344
0.0020290185
0.0018200558
0.0010801338
0.0005591947
0.0004025510
-0.0003429582
-0.0012856964
-0.0016478572
-0.0020160509
-0.0024285306
-0.0025537418
-0.0025500857
-0.0023345316
-0.0019229204
-0.0015495763
-0.0011041720
-0.0004179176
0.0000208768
-0.0003411245
-0.0002618259
-0.0000869649
-0.0004392456
-0.0004736676
-0.0003284200
-0.0005502584
-0.0006929391
-0.0007018267
-0.0007975987
-0.0013533172
-0.0020849632
-0.0025102117
-0.0029611874
-0.0036241060
-0.0038402635
-0.0038051926
-0.0041192028
-0.0043409181
-0.0043420024
-0.0044496358
-0.0045829889
-0.0047234607
-0.0045231220
-0.0041540463
-0.0037522286
-0.0032624978
-0.0026214899
-0.0019608464
-0.0014990621
-0.0010356631
-0.0007088367
-0.0006349549
-0.0005933216
-0.0002966426
-0.0005975431
-0.0017052543
-0.0020630458
-0.0017774179
-0.0016016052
-0.0011871272
-0.0007825055
-0.0001654319
0.0002194811
-0.0004345316
-0.0017052674
-0.0031835941
-0.0049208597
-0.0065947992
-0.0078383717
-0.0083478611
-0.0080642484
-0.0076129795
-0.0070530566
-0.0062342479
-0.0053192877
-0.0042388968
-0.0032551720
-0.0022676800
-0.0011982423
-0.0002615834
-0.0001142041
0.0002810895
0.0011494245
0.0012950639
0.0011501143
0.0015327516
0.0020819958
0.0022439203
0.0028832411
0.0034416750
0.0042196893
0.0046043868
0.0049787094
0.0047488817
0.0038832394
0.0031704957
0.0027051909
0.0016062202
0.0009775137
0.0013647421
0.0016613072
0.0021457192
0.0034035796
0.0044696839
0.0052058901
0.0064817113
0.0076493784
0.0081047477
0.0088949619
0.0097485075
0.0097494055
0.0097600895
0.0098609631
0.0095269585
0.0093048451
0.0094165238
0.0092736368
0.0088079290
0.0084994929
0.0079026535
0.0075614273
0.0071644649
0.0069395120
0.0067976064
0.0068097017
0.0068398285
0.0068518928
0.0067891429
0.0061746984
0.0046677212
0.0029727775
0.0011222016
-0.0011976467
-0.0030936208
-0.0038546107
-0.0041895331
-0.0043169321
-0.0037566327
-0.0030952918
-0.0024361393
-0.0018332676
-0.0017826101
-0.0022590875
-0.0024908597
-0.0025566194
-0.0030735407
-0.0032059443
-0.0028085246
-0.0029169161
-0.0030138513
-0.0028513441
-0.0022409472
-0.0017682103
-0.0012850919
-0.0003677457
0.0001459581
0.0000582550
0.0001344177
-0.0000488943
-0.0007997114
-0.0017849076
-0.0027886699
-0.0034783791
-0.0038572899
-0.0042406067
-0.0042519435
-0.0039901699
-0.0036399252
-0.0032700277
-0.0030705450
-0.0030043380
-0.0029610805
-0.0029806554
-0.0028199850
-0.0025227654
-0.0024560502
-0.0023483964
-0.0023614416
-0.0029021051
-0.0038044043
-0.0047733424
-0.0052222955
-0.0057837641
-0.0057231200
-0.0052615412
-0.0043176747
-0.0032661700
-0.0022371034
-0.0009387295
-0.0002144523
0.0000269893
0.0001389497
0.0002345399
0.0003869092
0.0008047558
0.0013788002
0.0018944143
0.0022139198
0.0021286853
0.0018047403
0.0014649633
0.0012393276
0.0010595789
0.0010720917
0.0013222124
0.0019382837
0.0025603846
0.0027088981
0.0027711313
0.0025968345
0.0016463485
0.0008875885
0.0003964749
-0.0000017889
-0.0000761416
0.0001597442
0.0005824514
0.0011231210
0.0026480910
0.0042314967
0.0050540493
0.0057744396
0.0060174452
0.0054209139
0.0048407802
0.0041268099
0.0026650467
0.0013873741
0.0009077119
0.0006001056
0.0008851541
0.0016989380
0.0025651718
0.0031998095
0.0035061658
0.0038250868
0.0039954508
0.0038244216
0.0035348647
0.0032431236
0.0032430702
0.0034773442
0.0036329348
0.0036148592
0.0035465205
0.0034683640
0.0032814962
0.0030940953
0.0029345555
0.0027984989
0.0027186943
0.0028005868
0.0029955434
0.0033909695
0.0039043720
0.0040179611
0.0039168908
0.0037781302
0.0036426231
0.0034465164
0.0032924569
0.0033465226
0.0032443543
0.0034175021
0.0035485848
0.0036807711
0.0038446240
0.0037124527
0.0032913203
0.0026763069
0.0019957261
0.0011010500
0.0004363053
-0.0002622716
-0.0010723010
-0.0013677727
-0.0015966253
-0.0016129635
-0.0016063798
-0.0014850715
-0.0012709183
-0.0012763193
-0.0015084098
-0.0015110790
-0.0014394659
-0.0014202763
-0.0013814260
-0.0013436536
-0.0014369840
-0.0016624784
-0.0021091905
-0.0029639112
-0.0039055139
-0.0046460666
-0.0056439035
-0.0066865193
-0.0071638394
-0.0075384116
-0.0082538353
-0.0090457140
-0.0097551475
-0.0103771544
-0.0107036804
-0.0108389929
-0.0109492677
-0.0108360583
-0.0103087242
-0.0098240776
-0.0091902871
-0.0083549594
-0.0076599665
-0.0070360207
-0.0064584767
-0.0060600979
-0.0057228578
-0.0052534676
-0.0048676190
-0.0046838860
-0.0043946970
-0.0042672112
-0.0044237478
-0.0045289437
-0.0043675461
-0.0042919312
-0.0042146556
-0.0038216903
-0.0032637228
-0.0028346854
-0.0024411311
-0.0021218708
-0.0021669099
-0.0022458350
-0.0020483487
-0.0020404153
-0.0018445599
-0.0013969101
-0.0011699050
-0.0007331734
-0.0001958932
0.0002703491
0.0006355780
0.0007080146
0.0007171128
0.0008004816
0.0007582487
0.0006750252
0.0008119594
0.0010002171
0.0011404419
0.0015488375
0.0020004118
0.0022515134
0.0025354227
0.0027635938
0.0030267291
0.0033614291
0.0036180313
0.0035845920
0.0034310011
0.0033779020
0.0033537790
0.0034481730
0.0036621955
0.0039204647
0.0041203108
0.0043966184
0.0045145453
0.0044691425
0.0044428987
0.0043647345
0.0039500898
0.0036392437
0.0037730346
0.0038887952
0.0039111638
0.0042317674
0.0043961766
0.0044016264
0.0044966567
0.0044813595
0.0044201912
0.0043781413
0.0043868953
0.0047960256
0.0053482963
0.0055914015
0.0058322975
0.0060191558
0.0060721905
0.0059564545
0.0056888532
0.0052901878
0.0047014432
0.0042006320
0.0038456555
0.0035409506
0.0032651958
0.0030997879
0.0027765177
0.0026810282
0.0028187900
0.0027457145
0.0027103088
0.0029502212
0.0029967714
0.0030859428
0.0032930889
0.0031960169
0.0028039792
0.0024026692
0.0020526920
0.0015945783
0.0014456200
0.0013584016
0.0008718903
0.0007956000
0.0009356103
0.0007413539
0.0007639273
0.0009367358
0.0008265951
0.0008404579
0.0012022607
0.0012718537
0.0012163521
0.0013400344
0.0012222728
0.0009106319
0.0007322495
0.0003905757
-0.0002318768
-0.0009127478
-0.0013904581
-0.0020156151
-0.0025457303
-0.0027115062
-0.0029226348
-0.0032194940
-0.0033219082
-0.0036411502
-0.0042056687
-0.0047570471
-0.0054182199
-0.0061340066
-0.0066782945
-0.0071111392
-0.0072555827
-0.0071077905
-0.0065924120
-0.0060655426
-0.0053944435
-0.0046113861
-0.0039686958
-0.0034811377
-0.0029405780
-0.0026829617
-0.0024040447
-0.0019820133
-0.0018811389
-0.0016693934
-0.0013986489
-0.0012021810
-0.0013028544
-0.0014423052
-0.0015003705
-0.0020063249
-0.0027416795
-0.0034639324
-0.0042626577
-0.0050646531
-0.0056476103
-0.0059694778
-0.0061400561
-0.0062674635
-0.0062948935
-0.0061617651
-0.0061039896
-0.0060079921
-0.0057022221
-0.0052894165
-0.0049809282
-0.0043097518
-0.0033960163
-0.0025658844
-0.0014937529
-0.0005947883
0.0001212184
0.0009830542
0.0013757149
0.0019770094
0.0025133206
0.0028305929
0.0030746928
0.0032488624
0.0033771644
0.0034033152
0.0033923609
0.0032928883
0.0029585313
0.0028448575
0.0030545606
0.0030730795
0.0029353893
0.0029921475
0.0030063196
0.0027774129
0.0024840572
0.0024812894
0.0024528607
0.0025686243
0.0029323768
0.0032731900
0.0034195720
0.0036571587
0.0038057062
0.0035555238
0.0033801816
0.0034500861
0.0033206279
0.0032179295
0.0033528487
0.0035156223
0.0034866643
0.0036461648
0.0035019729
0.0032037514
0.0031578756
0.0031961286
0.0030246449
0.0028045455
0.0025237906
0.0021660462
0.0017591338
0.0016477345
0.0013544386
0.0010573319
0.0005084113
-0.0002770130
-0.0005014813
-0.0008947150
-0.0019969517
-0.0027474233
-0.0026266770
-0.0028374819
-0.0029849353
-0.0020912936
-0.0014811125
-0.0015433380
-0.0010959368
-0.0006032029
-0.0002765070
-0.0004474299
0.0004112783
0.0009723043
0.0007036200
0.0014175733
0.0027072696
0.0025249105
0.0022840961
0.0024081600
0.0022432923
0.0017632420
0.0015754003
0.0009495111
0.0006791997
0.0010348633
0.0005651928
0.0002954384
0.0004025755
-0.0000583454
-0.0004023885
-0.0000751252
-0.0001460505
-0.0002295407
0.0002839908
0.0005386224
-0.0001659054
-0.0007917851
-0.0007294247
-0.0012700916
-0.0016157600
-0.0012180328
-0.0004379368
-0.0003220473
0.0001128340
0.0005723045
0.0002102641
0.0002578807
0.0002197533
-0.0008059432
-0.0009342162
-0.0005419346
-0.0005309134
0.0004305222
0.0013810547
0.0017662360
0.0031772332
0.0043080179
0.0038493131
0.0042459716
0.0049758464
0.0044816368
0.0047826984
0.0060986598
0.0060119417
0.0053194660
0.0051846607
0.0044441262
0.0029792955
0.0016679530
0.0008842280
-0.0009689588
-0.0018335393
-0.0015062338
-0.0020304969
-0.0024111017
-0.0018948292
-0.0015347465
-0.0015543058
-0.0010587696
-0.0005228129
-0.0001681877
-0.0001806340
-0.0001051272
0.0001336913
-0.0000027260
0.0000771407
-0.0002067536
-0.0007703305
-0.0007248677
-0.0007110853
-0.0010332229
-0.0010609628
-0.0014076786
-0.0020657462
-0.0020962060
-0.0026029720
-0.0033031063
-0.0029687005
-0.0034000791
-0.0040177433
-0.0045780430
-0.0044495495
-0.0047990057
-0.0048436829
-0.0046878818
-0.0051684254
-0.0051197018
-0.0041238416
-0.0034791827
-0.0028716576
-0.0019293123
-0.0011317035
-0.0002204834
0.0002619621
0.0006701205
0.0006271142
0.0002410786
-0.0000794230
-0.0006058403
-0.0008083568
-0.0010141440
-0.0020212396
-0.0027983811
-0.0030424237
-0.0033727611
-0.0038139746
-0.0036997027
-0.0032800833
-0.0028943299
-0.0026986499
-0.0023413022
-0.0020068963
-0.0015135319
-0.0017357009
-0.0021873025
-0.0013765955
-0.0009132713
-0.0013156974
-0.0012281835
-0.0011898228
-0.0017255301
-0.0017133909
-0.0015510377
-0.0019278022
-0.0022139025
-0.0019084528
-0.0013948869
-0.0012751423
-0.0005769630
0.0003834300
0.0005539695
0.0004820024
0.0009524139
0.0014621702
0.0011624207
0.0009173003
0.0008671679
0.0005859945
0.0005413281
0.0004993938
0.0001903551
0.0001380472
0.0001108545
0.0000246752
-0.0003083964
-0.0005207539
-0.0003229060
0.0000169609
0.0002017012
0.0006163989
0.0009305979
0.0007368188
0.0000213914
-0.0005782408
-0.0003312414
-0.0001940183
-0.0006740307
-0.0007323628
0.0002181579
0.0013904710
0.0018133657
0.0018457070
0.0022319941
0.0025188819
0.0018700924
0.0023366632
0.0036892220
0.0031043598
0.0019776223
0.0022055006
0.0020898271
0.0017037646
0.0013089607
0.0012407960
0.0009301061
0.0007614329
0.0007385966
0.0011281524
0.0014396096
0.0009290061
0.0010334288
0.0023466414
0.0030475430
0.0031115728
0.0040162197
0.0042299008
0.0036630436
0.0034457606
0.0030870087
0.0023923288
0.0016981997
0.0009658284
0.0005895828
0.0008081663
0.0004630629
0.0003735768
0.0014218673
0.0020015120
0.0017186791
0.0019432752
0.0020553605
0.0014415127
0.0011624952
0.0008146517
0.0000762735
-0.0007495187
-0.0011394227
-0.0010519463
-0.0004297130
0.0004197489
0.0011332010
0.0020443900
0.0028518006
0.0030600137
0.0029983951
0.0032104292
0.0028139906
0.0017806364
0.0008226800
-0.0003199257
-0.0015930496
-0.0026793983
-0.0040251755
-0.0057702948
-0.0073198360
-0.0085285216
-0.0090571998
-0.0083405084
-0.0063948448
-0.0034162454
0.0011818557
0.0061154114
0.0102684030
0.0118749400
0.0140768480
0.0147510295
0.0146877953
0.0137549719
0.0115664108
0.0092068723
0.0069259833
0.0045210376
0.0022953190
-0.0005323891
-0.0035687111
-0.0054886312
-0.0065662332
-0.0076302348
-0.0079906707
-0.0079474523
-0.0078212039
-0.0068609093
-0.0061687642
-0.0061233626
-0.0059151777
-0.0059577506
-0.0064159516
-0.0066649190
-0.0065299343
-0.0063299501
-0.0060098039
-0.0047124595
-0.0033288252
-0.0027825325
-0.0019008683
-0.0005543571
0.0000301782
-0.0005612909
-0.0013357476
-0.0021473469
-0.0033511372
-0.0041698726
-0.0041009915
-0.0037469624
-0.0033782022
-0.0028319168
-0.0026188184
-0.0028421490
-0.0028464529
-0.0028797061
-0.0035831650
-0.0041265859
-0.0043116913
-0.0046890694
-0.0051795209
-0.0051439573
-0.0047855877
-0.0042802921
-0.0033041537
-0.0018494910
-0.0002140673
0.0012285735
0.0022773826
0.0026204835
0.0027358114
0.0018510200
0.0009645792
-0.0002752694
-0.0017740292
-0.0024130548
-0.0027784192
-0.0030405528
-0.0031104165
-0.0034020503
-0.0039329248
-0.0042562223
-0.0043157152
-0.0043560897
-0.0038202173
-0.0028435206
-0.0021262964
-0.0009573367
-0.0000472851
0.0001843736
0.0006590846
0.0008705427
0.0006499230
0.0003965433
0.0001709988
0.0003136197
0.0006129979
0.0006501984
0.0008944017
0.0012309341
0.0012014946
0.0011398253
0.0010224415
0.0004260251
-0.0003970809
-0.0006821621
-0.0002451547
0.0003245963
0.0015426908
0.0029159463
0.0037320424
0.0042078759
0.0043636078
0.0037955912
0.0029178761
0.0018790262
0.0004993251
-0.0004548773
-0.0009420671
-0.0011037154
-0.0007693977
-0.0005366643
-0.0004694443
-0.0005529709
-0.0009025161
-0.0013186967
-0.0013427077
-0.0010351470
-0.0007549193
0.0004970539
0.0025350107
0.0041529742
0.0048756550
0.0063865447
0.0074478989
0.0074998761
0.0070706083
0.0061235098
0.0047897029
0.0034777358
0.0023924426
0.0014841105
0.0007773368
0.0007642517
0.0010177248
0.0013656961
0.0019927776
0.0025499633
0.0028170987
0.0032016733
0.0037807000
0.0037840337
0.0034115511
0.0034088525
0.0031696519
0.0025770437
0.0026442510
0.0031003862
0.0032222204
0.0036499754
0.0045048431
0.0051122432
0.0053291255
0.0060370510
0.0067537305
0.0066439777
0.0063244881
0.0057111334
0.0050562693
0.0036049940
0.0009367796
-0.0004986716
-0.0017729517
-0.0038731475
-0.0045509821
-0.0045351444
-0.0050441960
-0.0037977064
-0.0024332242
-0.0022567670
-0.0013964475
-0.0010424569
-0.0020136022
-0.0020840484
-0.0022478826
-0.0031529393
-0.0025362522
-0.0015672349
-0.0014994866
-0.0002191328
0.0013725757
0.0016315334
0.0018806395
0.0020898677
0.0017490631
0.0013410655
0.0011493786
0.0005938960
0.0006288737
0.0009894039
0.0012330423
0.0018328067
0.0025292661
0.0024080447
0.0021775655
0.0024195685
0.0016549038
0.0009890885
0.0009459668
0.0002785095
-0.0004315500
-0.0004653985
-0.0011273851
-0.0018969873
-0.0016555452
-0.0017527524
-0.0024431578
-0.0019242458
-0.0011332996
-0.0012299572
-0.0010491453
-0.0004034898
-0.0004504422
-0.0006530679
-0.0004482232
0.0001684880
-0.0001280851
0.0000166804
0.0005175877
0.0005050486
0.0006716685
0.0009824933
0.0011960875
0.0011327484
0.0008285367
0.0006537636
0.0004451367
0.0004276725
0.0003572360
0.0003255717
0.0005795869
0.0005200692
0.0003982862
0.0001656212
-0.0004056963
-0.0009021969
-0.0013631838
-0.0016084247
-0.0017378677
-0.0015630644
-0.0013041404
-0.0010539593
-0.0008818829
-0.0010429904
-0.0016722149
-0.0020714957
-0.0022113151
-0.0026728435
-0.0030278803
-0.0026608097
-0.0022260110
-0.0017567924
-0.0011739672
-0.0009336083
-0.0007855711
-0.0005845427
-0.0003201670
0.0001048116
0.0006237280
0.0011120686
0.0015993157
0.0018833825
0.0019216372
0.0018511958
0.0019293243
0.0014738050
0.0009106715
0.0006687100
0.0004354961
-0.0003717982
-0.0008333448
-0.0009251000
-0.0013904685
-0.0015761786
-0.0015428508
-0.0014980496
-0.0011626653
-0.0008999236
-0.0006923471
-0.0005404810
-0.0004410567
-0.0000379347
0.0000735093
-0.0001553391
-0.0001984749
0.0000282182
0.0000954205
-0.0002006148
-0.0002732524
-0.0001541644
-0.0001546958
-0.0001186315
0.0002435213
0.0006034939
0.0010475859
0.0015725152
0.0016883375
0.0013622744
0.0007658321
-0.0001283143
-0.0011327867
-0.0020466103
-0.0029123554
-0.0034826034
-0.0035202902
-0.0035590759
-0.0036147890
-0.0029063462
-0.0015435302
-0.0007891867
0.0000733033
0.0011013074
0.0012930547
0.0013384109
0.0013717611
0.0009992566
0.0001182240
-0.0004298477
-0.0008484621
-0.0013576079
-0.0013646619
-0.0013399120
-0.0014329843
-0.0009056959
-0.0003588982
-0.0001883842
0.0001975921
0.0003721658
0.0000392747
-0.0002322983
-0.0006873721
-0.0017486973
-0.0023183886
-0.0024939378
-0.0026924624
-0.0031828955
-0.0026703692
-0.0016761105
-0.0013145297
-0.0004933160
0.0010132237
0.0016530142
0.0019152456
0.0026670533
0.0027797796
0.0022037968
0.0020942929
0.0022009862
0.0018664424
0.0018122113
0.0020338118
0.0018108433
0.0017827225
0.0018959846
0.0013590017
0.0009299607
0.0008053429
0.0007149004
0.0006655328
0.0005742474
0.0007879397
0.0007039289
0.0002325448
0.0000269214
-0.0003656741
-0.0007672158
-0.0012038258
-0.0011256773
-0.0011438405
-0.0009061616
-0.0003108397
0.0001620627
0.0005332130
0.0006945151
0.0009045603
0.0011068308
0.0013358036
0.0012983288
0.0013735884
0.0017482074
0.0018771055
0.0020812620
0.0021256964
0.0019791044
0.0021064191
0.0022182437
0.0019200114
0.0014320964
0.0010718843
0.0007550250
0.0004390480
0.0000102305
-0.0002722098
-0.0004673993
-0.0005810247
-0.0006577036
-0.0007069759
-0.0006311727
-0.0006466866
-0.0010859942
-0.0013454739
-0.0011590371
-0.0016070060
-0.0021001153
-0.0021646397
-0.0023775898
-0.0026882325
-0.0023953586
-0.0022793188
-0.0024624869
-0.0021833493
-0.0017853902
-0.0016480686
-0.0011396153
-0.0007574561
-0.0007618330
-0.0005617270
-0.0003899900
-0.0003236952
-0.0002402674
-0.0001643810
-0.0001623659
0.0001042519
0.0002605799
0.0002906483
0.0003412903
0.0003207658
0.0001689790
0.0001025505
0.0000459434
0.0000835380
0.0002311418
0.0003223157
0.0004444962
0.0004872120
0.0001685963
0.0000301151
-0.0002114623
-0.0006798116
-0.0009537334
-0.0011198658
-0.0012883578
-0.0013761615
-0.0013037170
-0.0010277842
-0.0006649422
-0.0004401327
-0.0001118487
0.0002041299
0.0004427025
0.0006428220
0.0010489277
0.0012495023
0.0010773481
0.0011429338
0.0010861254
0.0009460025
0.0008483081
0.0004941564
0.0001677125
-0.0001938584
-0.0006190179
-0.0009038856
-0.0012617438
-0.0016528491
-0.0017647123
-0.0016733160
-0.0016192421
-0.0012617249
-0.0008963994
-0.0012400308
-0.0017259189
-0.0020635576
-0.0025184960
-0.0031690183
-0.0035006672
-0.0036505704
-0.0039502902
-0.0040606549
-0.0039465139
-0.0038954605
-0.0036151094
-0.0030939359
-0.0026062303
-0.0020713146
-0.0013172423
-0.0005509538
-0.0000734480
0.0000573782
0.0002301434
0.0003130194
0.0001681004
0.0001118344
0.0001324119
0.0000898716
0.0000470583
-0.0000985276
-0.0002297742
-0.0003655041
-0.0002686741
0.0000216478
-0.0000406617
-0.0000469208
0.0003646081
0.0005027572
0.0005083469
0.0008647904
0.0009599218
0.0007274708
0.0008674575
0.0007857560
0.0004754322
0.0007657252
0.0010889826
0.0009896104
0.0014108746
0.0020466072
0.0020645330
0.0022249768
0.0024278497
0.0026177581
0.0024634077
0.0027058660
0.0027201094
0.0024939887
0.0027005863
0.0028960395
0.0028095276
0.0029731298
0.0031822777
0.0032539783
0.0034137875
0.0036617508
0.0037887920
0.0040495139
0.0043468765
0.0044156161
0.0044447605
0.0045967081
0.0044370371
0.0041682817
0.0039859963
0.0034460647
0.0027792425
0.0021863038
0.0015218085
0.0009116252
0.0003614004
-0.0002017024
-0.0004459520
-0.0007674410
-0.0009252383
-0.0011504027
-0.0011384564
-0.0008751239
-0.0008452425
-0.0007497429
-0.0005805624
-0.0006960748
-0.0008977889
-0.0010943856
-0.0014836931
-0.0018535990
-0.0019281515
-0.0018374886
-0.0017003650
-0.0014254225
-0.0012870671
-0.0012194152
-0.0011796154
-0.0012657848
-0.0012832374
-0.0012434468
-0.0013060382
-0.0012364362
-0.0011791055
-0.0013354365
-0.0013797290
-0.0015913469
-0.0017569870
-0.0020017434
-0.0021028217
-0.0022730729
-0.0022893651
-0.0022068275
-0.0022449717
-0.0021136038
-0.0018849596
-0.0019376566
-0.0017895161
-0.0015361008
-0.0015744334
-0.0013889720
-0.0010800720
-0.0010338735
-0.0008281540
-0.0005386463
-0.0006907526
-0.0007735029
-0.0007432605
-0.0010350154
-0.0013841335
-0.0015432542
-0.0015874366
-0.0016573404
-0.0015431744
-0.0012478642
-0.0010707040
-0.0009501177
-0.0005916779
-0.0003993286
-0.0003343948
-0.0003133541
-0.0002898978
-0.0004658687
-0.0005363388
-0.0004628674
-0.0005552612
-0.0005846055
-0.0005621066
-0.0004933100
-0.0002802937
-0.0000646664
0.0001135525
0.0002032827
0.0001429106
0.0002176137
0.0004269344
0.0003412782
0.0003210740
0.0005480169
0.0004939792
0.0005082594
0.0008648298
0.0007845520
0.0005216152
0.0007128266
0.0006445678
0.0005499573
0.0007405672
0.0007759952
0.0006612260
0.0008090082
0.0010382931
0.0010045209
0.0010476326
0.0010075346
0.0008134389
0.0007760223
0.0006910717
0.0005502551
0.0004300545
0.0003409466
0.0002695727
0.0002869442
0.0003650767
0.0002601762
0.0002180788
0.0003795716
0.0004021414
0.0004032560
0.0005282672
0.0006211560
0.0005818676
0.0005248832
0.0004969217
0.0004101146
0.0002583050
0.0001564881
0.0000920118
0.0000797194
0.0000725690
0.0001068795
0.0002056003
0.0002233786
0.0002742446
0.0004076242
0.0003913921
0.0003805426
0.0004489695
0.0003969625
0.0004274708
0.0005496640
0.0005372589
0.0005502148
0.0006418456
0.0006223944
0.0006128133
0.0006365034
0.0005450253
0.0004726483
0.0004654193
0.0003567030
0.0002836597
0.0003196581
0.0002362664
0.0001665556
0.0001939902
0.0001543134
0.0001432179
0.0001778590
0.0001631858
0.0001488086
0.0001807762
0.0002121685
0.0001765106
0.0001654959
0.0001455488
0.0001161796
0.0000982748
0.0000837948
0.0000601517
0.0000742971
0.0001043215
0.0001219142
0.0001804396
0.0002098219
0.0002290763
0.0002597106
0.0002631329
0.0002559576
0.0002411740
0.0002202165
0.0002026458
0.0001839334
0.0001653910
0.0001457276
0.0000987787
0.0000557373
0.0000104001
-0.0000394237
-0.0000857160
-0.0001012791
-0.0001420132
-0.0001927558
-0.0002294629
-0.0002404837
-0.0002528981
-0.0002575649
-0.0002579480
-0.0002497283
-0.0002381364
-0.0002313803
-0.0002071312
-0.0001770264
-0.0001468703
-0.0001083092
-0.0000849290
-0.0000719629
-0.0000624477
-0.0000477307
-0.0000341058
-0.0000152602
0.0000109186
0.0000290860
0.0000390835
0.0000538711
0.0000733037
0.0000757406
0.0000725493
0.0000782635
0.0000843686
0.0000829729
0.0000864859
0.0000952373
0.0000895166
0.0000792293
0.0000795963
0.0000696917
0.0000628940
0.0000724715
0.0000678362
0.0000611346
0.0000767772
0.0000766177
0.0000618196
0.0000629684
0.0000564278
0.0000396826
0.0000377530
0.0000388039
0.0000321222
0.0000297670
0.0000315423
0.0000294144
0.0000269486
0.0000236860
0.0000195556
0.0000119333
0.0000089676
0.0000089731
0.0000060696
0.0000047297
0.0000043255
0.0000041620
0.0000011878
0.0000005964
0.0000022935
-0.0000009402
-0.0000044034
-0.0000038816
-0.0000061927
-0.0000053409
-0.0000026627
-0.0000024984
-0.0000033803
-0.0000048144
-0.0000059613
-0.0000090724
-0.0000123782
-0.0000144001
-0.0000170894
-0.0000200725
-0.0000219776
-0.0000229563
-0.0000249191
-0.0000261571
-0.0000267021
-0.0000266529
-0.0000259987
-0.0000244526
-0.0000221919
-0.0000202554
-0.0000196698
-0.0000202792
-0.0000213622
-0.0000239724
-0.0000266771
-0.0000285937
-0.0000299624
-0.0000305368
-0.0000303059
-0.0000299159
-0.0000296087
-0.0000290704
-0.0000287380
-0.0000286749
-0.0000285470
-0.0000286718
-0.0000291304
-0.0000296629
-0.0000302835
-0.0000311111
-0.0000319051
-0.0000325454
-0.0000330646
-0.0000334195
-0.0000336847
-0.0000339156
-0.0000341313
-0.0000343410
-0.0000345942
-0.0000349054
-0.0000352479
-0.0000356232
-0.0000360098
-0.0000364004
-0.0000367843
-0.0000371712
-0.0000375427
-0.0000378998
-0.0000382532
-0.0000386048
-0.0000389565
-0.0000393118
-0.0000396706
-0.0000400308
-0.0000403923
-0.0000407532
-0.0000411124
-0.0000414698
-0.0000418253
-0.0000421789
-0.0000425305
-0.0000428801
-0.0000432277
