-0.0095287287
-0.0095037206
-0.0094786213
-0.0094535542
-0.0094286372
-0.0094037293
-0.0093786551
-0.0093534662
-0.0093285275
-0.0093038535
-0.0092788977
-0.0092535884
-0.0092283622
-0.0092032881
-0.0091785931
-0.0091544841
-0.0091301849
-0.0091047180
-0.0090780832
-0.0090527757
-0.0090298131
-0.0090056191
-0.0089794347
-0.0089535540
-0.0089276806
-0.0089019697
-0.0088779620
-0.0088538205
-0.0088289645
-0.0088049635
-0.0087812624
-0.0087567173
-0.0087332797
-0.0087081153
-0.0086821639
-0.0086592085
-0.0086343621
-0.0086074924
-0.0085844233
-0.0085628349
-0.0085394587
-0.0085098244
-0.0084740672
-0.0084438033
-0.0084228587
-0.0084041244
-0.0083774385
-0.0083486220
-0.0083307458
-0.0083129178
-0.0082837256
-0.0082549063
-0.0082344657
-0.0082112126
-0.0081770693
-0.0081465843
-0.0081254232
-0.0081125857
-0.0080925027
-0.0080607960
-0.0080235253
-0.0080056105
-0.0079982899
-0.0079744698
-0.0079365678
-0.0079048499
-0.0078817164
-0.0078622026
-0.0078425140
-0.0078257062
-0.0078158496
-0.0077830537
-0.0077371699
-0.0077109773
-0.0076965707
-0.0076745347
-0.0076485919
-0.0076130937
-0.0075825883
-0.0075671771
-0.0075447771
-0.0075017828
-0.0074661496
-0.0074389642
-0.0074260332
-0.0074206414
-0.0074061417
-0.0073690665
-0.0073320274
-0.0073083368
-0.0072947376
-0.0072791449
-0.0072554815
-0.0072442233
-0.0072170783
-0.0071671242
-0.0071426000
-0.0071460123
-0.0071255057
-0.0070736175
-0.0070289654
-0.0070049911
-0.0070110599
-0.0070269317
-0.0070006014
-0.0069630085
-0.0069358191
-0.0068979017
-0.0068610335
-0.0068547455
-0.0068328624
-0.0067760237
-0.0067306717
-0.0067199183
-0.0067325236
-0.0067419403
-0.0067311220
-0.0066866698
-0.0066493746
-0.0066260061
-0.0065838337
-0.0065389466
-0.0065378505
-0.0065388632
-0.0064932050
-0.0064109544
-0.0063682228
-0.0063629632
-0.0063205274
-0.0063165870
-0.0063311891
-0.0062902947
-0.0062375579
-0.0062063529
-0.0062057003
-0.0062291954
-0.0062295389
-0.0061815117
-0.0061032498
-0.0060546862
-0.0060614652
-0.0060872602
-0.0060579116
-0.0060027606
-0.0060012157
-0.0060082027
-0.0059857133
-0.0059344115
-0.0058830492
-0.0058575611
-0.0058327311
-0.0058412579
-0.0058462743
-0.0057951402
-0.0057076300
-0.0056627269
-0.0056735132
-0.0056540922
-0.0055674990
-0.0055334100
-0.0055419335
-0.0055594104
-0.0055536822
-0.0054835642
-0.0054606032
-0.0055342341
-0.0055531538
-0.0054311493
-0.0053059986
-0.0052528844
-0.0052677737
-0.0052769236
-0.0052834530
-0.0052850795
-0.0052268515
-0.0051738966
-0.0051498326
-0.0051161338
-0.0050851380
-0.0051349802
-0.0052215954
-0.0051566696
-0.0050140117
-0.0049811018
-0.0050476803
-0.0050725857
-0.0050005880
-0.0048870551
-0.0048638174
-0.0049327490
-0.0049549853
-0.0048500570
-0.0046992440
-0.0046740924
-0.0047333427
-0.0047944355
-0.0047961212
-0.0047339555
-0.0046657961
-0.0046312781
-0.0046085774
-0.0046776056
-0.0047352729
-0.0046241245
-0.0044724549
-0.0044534717
-0.0044890858
-0.0044277438
-0.0043483801
-0.0043231076
-0.0043464816
-0.0043602536
-0.0043283613
-0.0043427784
-0.0043586347
-0.0043341390
-0.0043025075
-0.0042875794
-0.0042705691
-0.0041961888
-0.0040892953
-0.0040748745
-0.0040929645
-0.0040172514
-0.0039932832
-0.0040727053
-0.0040561108
-0.0038795592
-0.0037584722
-0.0038378227
-0.0039142569
-0.0038409217
-0.0037942932
-0.0038174590
-0.0038106294
-0.0037870449
-0.0037015049
-0.0036298908
-0.0036504585
-0.0037227621
-0.0037421479
-0.0037197751
-0.0036908523
-0.0036149821
-0.0035118990
-0.0034947653
-0.0034666201
-0.0033429750
-0.0033617313
-0.0034795424
-0.0035090173
-0.0034779823
-0.0034526860
-0.0033860909
-0.0032580649
-0.0031895755
-0.0032244983
-0.0032535795
-0.0031752887
-0.0031376304
-0.0031683074
-0.0031592332
-0.0031266684
-0.0030367583
-0.0030126489
-0.0030932299
-0.0031319762
-0.0030664560
-0.0029288160
-0.0027953051
-0.0027323846
-0.0028203037
-0.0028912013
-0.0028448270
-0.0028637995
-0.0029566045
-0.0029765221
-0.0028218562
-0.0027543340
-0.0029083373
-0.0028940770
-0.0026394259
-0.0025457196
-0.0027002843
-0.0028032743
-0.0026770589
-0.0025247129
-0.0024480950
-0.0023887956
-0.0024420945
-0.0024542961
-0.0023632393
-0.0022820428
-0.0024224546
-0.0025021288
-0.0023702575
-0.0023288363
-0.0023600375
-0.0023191597
-0.0022267747
-0.0021364579
-0.0020704151
-0.0021658171
-0.0021964509
-0.0020679965
-0.0019712149
-0.0019574971
-0.0019915377
-0.0020091880
-0.0019870353
-0.0020202579
-0.0019858982
-0.0018514147
-0.0018269387
-0.0019199246
-0.0019091674
-0.0017710053
-0.0016793992
-0.0016685683
-0.0017018831
-0.0017198279
-0.0016944555
-0.0017241408
-0.0017000614
-0.0015786814
-0.0014994575
-0.0014706620
-0.0014509919
-0.0014805478
-0.0015537914
-0.0015330991
-0.0014537690
-0.0014180115
-0.0013541117
-0.0013337639
-0.0013465085
-0.0013171742
-0.0013847773
-0.0014801149
-0.0014695069
-0.0013308752
-0.0010855520
-0.0010229120
-0.0011081361
-0.0011573053
-0.0011227920
-0.0010833327
-0.0010060740
-0.0009834916
-0.0010202415
-0.0010030109
-0.0009562548
-0.0008747470
-0.0009178912
-0.0010065020
-0.0008789767
-0.0007293877
-0.0007046831
-0.0007642718
-0.0007879237
-0.0006801394
-0.0006458102
-0.0007937880
-0.0008931532
-0.0007459880
-0.0005432934
-0.0005301633
-0.0006302327
-0.0006071941
-0.0005140578
-0.0005300828
-0.0005666824
-0.0005539472
-0.0005174170
-0.0004447723
-0.0003694043
-0.0003445049
-0.0003197973
-0.0003464679
-0.0003720310
-0.0003585837
-0.0003165208
-0.0002328880
-0.0002098362
-0.0003030883
-0.0002905966
-0.0001600472
-0.0000114415
0.0000476508
0.0000056453
-0.0000182702
0.0000603722
0.0000852431
0.0000629629
0.0001376647
0.0001699234
0.0000991468
0.0000629414
0.0000831749
0.0001233445
0.0002021364
0.0002672878
0.0002386962
0.0002632261
0.0003408119
0.0003245214
0.0002957273
0.0003051840
0.0003317109
0.0004147445
0.0005426326
0.0005667393
0.0004947856
0.0004632963
0.0004323880
0.0004072964
0.0005329929
0.0007093385
0.0007812846
0.0008013260
0.0008267353
0.0007954456
0.0007102884
0.0007454903
0.0008867477
0.0009089168
0.0008211693
0.0008443400
0.0009355765
0.0009105369
0.0008686602
0.0009333117
0.0010706602
0.0011578278
0.0011773300
0.0011325691
0.0010604082
0.0010985800
0.0011763255
0.0011438204
0.0011563884
0.0012886226
0.0013807484
0.0013529988
0.0012611679
0.0012304672
0.0012688572
0.0013500874
0.0014191176
0.0014326611
0.0015014453
0.0015819147
0.0016204515
0.0015925178
0.0015001811
0.0014632580
0.0015561077
0.0017398434
0.0018065122
0.0017338057
0.0017574298
0.0017266144
0.0015995101
0.0016681080
0.0018548120
0.0019392520
0.0019441422
0.0019596640
0.0019689958
0.0019087243
0.0017494317
0.0015947747
0.0017892623
0.0022009623
0.0023261557
0.0021636117
0.0020635058
0.0021142517
0.0021116643
0.0020746575
0.0020800563
0.0021620335
0.0022996086
0.0023706935
0.0023411016
0.0022981761
0.0023205022
0.0023610974
0.0024492000
0.0024574939
0.0023716326
0.0023997621
0.0025339321
0.0025597471
0.0025173666
0.0025882748
0.0026783198
0.0026718406
0.0025832248
0.0024918905
0.0024621416
0.0025989105
0.0027867200
0.0028565191
0.0028153470
0.0027767839
0.0028108086
0.0028362423
0.0028696310
0.0028904784
0.0029093720
0.0028802030
0.0029146428
0.0029918704
0.0029604961
0.0029279033
0.0029972564
0.0030898593
0.0031053834
0.0031129878
0.0031371357
0.0032305576
0.0032564609
0.0031639425
0.0031214591
0.0032128184
0.0033563753
0.0033666742
0.0032800924
0.0033047893
0.0033823452
0.0033560791
0.0033767563
0.0034954347
0.0035297929
0.0035008964
0.0035214937
0.0034981131
0.0034652487
0.0034877282
0.0035771821
0.0036512893
0.0036056315
0.0036083285
0.0037470393
0.0038927281
0.0039025407
0.0037564630
0.0037358001
0.0038253504
0.0038015844
0.0037591592
0.0038305827
0.0039642536
0.0039929390
0.0039597208
0.0039703224
0.0039417813
0.0039682663
0.0040891012
0.0041671397
0.0041857481
0.0041981299
0.0042148333
0.0042383087
0.0042831123
0.0043135602
0.0042189582
0.0040748222
0.0041626731
0.0043578719
0.0043800102
0.0042828788
0.0042965342
0.0043763431
0.0043680960
0.0043865564
0.0044005951
0.0043208933
0.0043461482
0.0044332698
0.0044570622
0.0044031975
0.0044132285
0.0046037745
0.0047394582
0.0047045482
0.0046020131
0.0045770915
0.0046170991
0.0046452367
0.0046477387
0.0046683090
0.0047611402
0.0048349734
0.0047343482
0.0046489451
0.0047813800
0.0049117170
0.0048741845
0.0048852210
0.0050024770
0.0050267607
0.0049991539
0.0050750323
0.0050924368
0.0049941354
0.0050154912
0.0052106072
0.0052901944
0.0051373042
0.0050856005
0.0052154042
0.0053189094
0.0053396429
0.0052856056
0.0051965472
0.0052261897
0.0053605570
0.0053999130
0.0053189939
0.0052182663
0.0051305998
0.0051978105
0.0054264995
0.0056118589
0.0056796868
0.0055806252
0.0054379161
0.0054038216
0.0054863959
0.0056231407
0.0056941845
0.0056591002
0.0055673951
0.0055270280
0.0055587408
0.0056508645
0.0057171190
0.0056257998
0.0055695129
0.0056881418
0.0058324155
0.0059614516
0.0059112685
0.0057717852
0.0057363134
0.0057745499
0.0058065813
0.0058118294
0.0058158749
0.0058810728
0.0060146897
0.0060914762
0.0060450570
0.0059411838
0.0059593471
0.0060990221
0.0061806873
0.0061391074
0.0060430156
0.0060152429
0.0060427613
0.0060668939
0.0060842479
0.0061022808
0.0061101679
0.0061174172
0.0061882608
0.0063191789
0.0063459019
0.0062420474
0.0061474452
0.0061718434
0.0063048872
0.0063319654
0.0063025475
0.0062506278
0.0061568813
0.0061778872
0.0063573944
0.0064839536
0.0064369894
0.0063861776
0.0064029410
0.0064325365
0.0064503596
0.0064625362
0.0064707334
0.0064842110
0.0065450282
0.0066498869
0.0067234115
0.0067963852
0.0068083946
0.0066635043
0.0065775208
0.0066127424
0.0066434401
0.0065888426
0.0065467404
0.0066758085
0.0067951563
0.0067444089
0.0067370132
0.0068649895
0.0069526745
0.0068997121
0.0067870510
0.0068118156
0.0069517067
0.0069711606
0.0068591464
0.0068185584
0.0069031619
0.0069679444
0.0069100530
0.0069316756
0.0070696966
0.0070366482
0.0068147366
0.0067677194
0.0069678039
0.0071042579
0.0069937376
0.0068773569
0.0069476000
0.0070407557
0.0070520393
0.0069962634
0.0069560328
0.0070148506
0.0070730216
0.0071449211
0.0072589732
0.0072585855
0.0071534781
0.0071670613
0.0072965857
0.0073114867
0.0072125295
0.0072082592
0.0072765513
0.0073008499
0.0073558210
0.0073651486
0.0073223550
0.0073224254
0.0073382655
0.0074128039
0.0074305402
0.0073395493
0.0072387992
0.0071905385
0.0072596653
0.0073795561
0.0074856583
0.0074858541
0.0074446812
0.0074541158
0.0074074975
0.0073700921
0.0074318438
0.0075057829
0.0074607189
0.0073994997
0.0074077889
0.0074848012
0.0075483507
0.0074935506
0.0074449063
0.0074672315
0.0074879933
0.0074274465
0.0073667662
0.0074878322
0.0076657018
0.0076660071
0.0075435958
0.0075382456
0.0076630587
0.0077385891
0.0077310510
0.0076733528
0.0076366209
0.0076640174
0.0076238928
0.0075204666
0.0074631382
0.0075424491
0.0076499424
0.0076517521
0.0075962894
0.0076565402
0.0076590293
0.0076107789
0.0076496615
0.0077654172
0.0078335772
0.0078239606
0.0077634820
0.0077263525
0.0077878495
0.0077905237
0.0077396755
0.0077885223
0.0078502067
0.0078547544
0.0078424989
0.0078535150
0.0078787674
0.0078318704
0.0076736513
0.0075754430
0.0076452334
0.0077041084
0.0076914217
0.0077274013
0.0078771542
0.0079923755
0.0079953837
0.0079467124
0.0077973634
0.0076535392
0.0075893275
0.0076506613
0.0078097401
0.0079711919
0.0079637234
0.0078572481
0.0077521389
0.0077014812
0.0077021759
0.0077744888
0.0078853700
0.0078270530
0.0076527753
0.0076503386
0.0077715781
0.0078395461
0.0077736205
0.0077051340
0.0077005449
0.0077563832
0.0078563208
0.0079113762
0.0079094184
0.0078414695
0.0077409497
0.0077489195
0.0078055462
0.0077566692
0.0077062432
0.0077009923
0.0076570633
0.0075970390
0.0076349269
0.0076996257
0.0077566225
0.0077396368
0.0076186947
0.0076209085
0.0077218697
0.0077715743
0.0077491006
0.0078001832
0.0078576390
0.0077979396
0.0076725318
0.0076735410
0.0077894771
0.0077965993
0.0076812270
0.0076061960
0.0076025550
0.0076616713
0.0077628877
0.0077672676
0.0076577326
0.0075288952
0.0074564355
0.0075697085
0.0077884171
0.0078458133
0.0076515389
0.0074700073
0.0074808998
0.0076484588
0.0076838706
0.0076199746
0.0076595671
0.0076542108
0.0075393357
0.0075219723
0.0076330025
0.0076803581
0.0076051093
0.0075448468
0.0075996623
0.0075839611
0.0074723890
0.0075084640
0.0076185524
0.0075594639
0.0074800204
0.0074639828
0.0075297687
0.0075573451
0.0074961187
0.0074863422
0.0075372920
0.0074315947
0.0073148241
0.0072916768
0.0073028407
0.0073433656
0.0073703678
0.0073493633
0.0073942820
0.0074432879
0.0073872630
0.0072506387
0.0071809006
0.0072455908
0.0073475929
0.0072801438
0.0071129906
0.0070880156
0.0070756163
0.0070731051
0.0072123353
0.0072648545
0.0071441368
0.0069987455
0.0069402592
0.0070480004
0.0071396001
0.0070775017
0.0070071067
0.0069399423
0.0068276431
0.0067996305
0.0068931251
0.0070014296
0.0070302621
0.0068943038
0.0067750672
0.0068146164
0.0068504201
0.0068400145
0.0068802027
0.0069062338
0.0067731004
0.0067028126
0.0068521643
0.0069041907
0.0067699596
0.0066744135
0.0067156577
0.0068174199
0.0068439547
0.0068123490
0.0067953942
0.0067869186
0.0067231201
0.0066071983
0.0065413061
0.0064876480
0.0063950990
0.0062870070
0.0061093264
0.0059379244
0.0059595742
0.0061399616
0.0063141726
0.0065169154
0.0067015093
0.0068613371
0.0070781936
0.0072639746
0.0072352420
0.0070609467
0.0068545734
0.0066715048
0.0063852692
0.0060442986
0.0057511598
0.0054676407
0.0052233905
0.0050475761
0.0050045563
0.0051714429
0.0055497215
0.0059239956
0.0060581412
0.0060972034
0.0062680364
0.0067128913
0.0072153524
0.0072727372
0.0069458471
0.0066949444
0.0066682711
0.0066610191
0.0064664227
0.0060620975
0.0055794401
0.0051194307
0.0046396991
0.0041902881
0.0039291011
0.0039650495
0.0041680710
0.0044913676
0.0050075777
0.0056751787
0.0062884286
0.0067251131
0.0070315256
0.0070450978
0.0066651522
0.0062410884
0.0059546924
0.0056963838
0.0054154950
0.0050686743
0.0046913575
0.0043231345
0.0039068395
0.0034099478
0.0029768523
0.0028234977
0.0031400326
0.0039000929
0.0049314254
0.0059963430
0.0066247172
0.0067600362
0.0068355036
0.0069132923
0.0067668854
0.0064594042
0.0061222716
0.0056595014
0.0050562151
0.0043950990
0.0037379293
0.0031041891
0.0026519980
0.0025062943
0.0026259779
0.0027598039
0.0027365422
0.0027332823
0.0030447037
0.0037049718
0.0045076332
0.0053145983
0.0060383525
0.0063714696
0.0062435164
0.0059377129
0.0056850101
0.0054800646
0.0051109425
0.0045718435
0.0039573491
0.0034955414
0.0033535460
0.0035959478
0.0041597155
0.0048543428
0.0052297386
0.0049462640
0.0043780347
0.0041542467
0.0044928143
0.0050945589
0.0055052732
0.0054955886
0.0049114605
0.0038931368
0.0030745479
0.0026345393
0.0022740087
0.0019734773
0.0019989981
0.0024165485
0.0030392207
0.0034811935
0.0035699386
0.0034674446
0.0032444455
0.0030131184
0.0030951405
0.0035510867
0.0037001747
0.0030325474
0.0021597304
0.0019479583
0.0027581468
0.0040577639
0.0047937662
0.0045909442
0.0037911231
0.0031302166
0.0030632843
0.0034135665
0.0035810463
0.0034447604
0.0033895243
0.0034708391
0.0032947500
0.0025974966
0.0014647953
0.0002046970
-0.0007047581
-0.0008495631
-0.0003145165
0.0003325252
0.0006774501
0.0007369806
0.0010293918
0.0019036500
0.0030228107
0.0037147867
0.0037376187
0.0033440047
0.0028255732
0.0025971970
0.0032293090
0.0045642598
0.0055340440
0.0051489406
0.0032782413
0.0006744867
-0.0012216374
-0.0014699711
-0.0000231287
0.0025393496
0.0051312149
0.0066869734
0.0068143863
0.0060879112
0.0056581723
0.0062701297
0.0073503255
0.0071645799
0.0046523815
0.0007370436
-0.0024078344
-0.0036219703
-0.0038910588
-0.0044375332
-0.0053398582
-0.0059027796
-0.0056588051
-0.0046996853
-0.0032949119
-0.0016204278
0.0003473318
0.0023521155
0.0038020121
0.0042461921
0.0041948798
0.0047820610
0.0062511890
0.0077851927
0.0083979995
0.0077298509
0.0064505098
0.0053542105
0.0047431862
0.0042472381
0.0032382475
0.0010002526
-0.0022703054
-0.0049123758
-0.0053526017
-0.0037509084
-0.0017917753
-0.0008836650
-0.0005722661
0.0006670061
0.0032574267
0.0055708409
0.0055691809
0.0031661402
0.0001240806
-0.0020822610
-0.0034567328
-0.0048255164
-0.0066270062
-0.0083629085
-0.0092428658
-0.0085805828
-0.0061631791
-0.0026252849
0.0005706538
0.0020044267
0.0017243118
0.0014447049
0.0030931957
0.0067937621
0.0105515679
0.0119165971
0.0101796695
0.0068549490
0.0040579019
0.0028781849
0.0030158234
0.0030227664
0.0012221973
-0.0027525168
-0.0072584916
-0.0100493932
-0.0098594145
-0.0076490326
-0.0058006499
-0.0062273392
-0.0090502859
-0.0119101693
-0.0113465172
-0.0063816207
-0.0000274017
0.0037038489
0.0037002798
0.0021276779
0.0016586119
0.0030662279
0.0053828361
0.0074885845
0.0090621401
0.0100523902
0.0105100301
0.0103505037
0.0090443467
0.0063040574
0.0028977080
0.0005562034
0.0000739274
0.0005835663
0.0002727883
-0.0019837639
-0.0054352821
-0.0083656712
-0.0097348134
-0.0094408288
-0.0081189587
-0.0069673128
-0.0064662891
-0.0064004504
-0.0061246291
-0.0050100909
-0.0027451173
0.0002358342
0.0023727178
0.0022008789
-0.0002038173
-0.0032722037
-0.0056408495
-0.0069238052
-0.0076680112
-0.0084367254
-0.0087663873
-0.0073710237
-0.0035902743
0.0016285092
0.0064476612
0.0095050245
0.0108141655
0.0115460868
0.0121599218
0.0120059029
0.0103940894
0.0072284930
0.0029861358
-0.0014983251
-0.0049787062
-0.0060701366
-0.0044601083
-0.0017375975
-0.0004648435
-0.0017633315
-0.0042372836
-0.0058475124
-0.0059967349
-0.0054609342
-0.0049575189
-0.0048242757
-0.0053961870
-0.0063636646
-0.0069088023
-0.0069775356
-0.0074869121
-0.0088496516
-0.0101366337
-0.0103513891
-0.0095720258
-0.0091044680
-0.0098672434
-0.0108195001
-0.0098288056
-0.0061918836
-0.0015568093
0.0017189930
0.0025694348
0.0015770283
0.0000787395
-0.0010858993
-0.0012667390
0.0000760328
0.0027476094
0.0054800608
0.0064887230
0.0050636391
0.0024627574
0.0008539459
0.0013470692
0.0033437722
0.0056977214
0.0079567450
0.0099969388
0.0112509877
0.0108230158
0.0083350624
0.0046750685
0.0013662583
-0.0010280097
-0.0033080763
-0.0061446518
-0.0087765685
-0.0094770838
-0.0073913840
-0.0038034863
-0.0013018151
-0.0016968365
-0.0048634807
-0.0090885951
-0.0124435351
-0.0140839942
-0.0145301369
-0.0150523514
-0.0166608376
-0.0190471993
-0.0207419159
-0.0198415453
-0.0155745402
-0.0098229843
-0.0056864696
-0.0043889192
-0.0041133759
-0.0021323803
0.0021678840
0.0067939341
0.0099521024
0.0112124777
0.0109426044
0.0095425017
0.0067962339
0.0026108420
-0.0016127939
-0.0034122206
-0.0014728744
0.0024283532
0.0043107137
0.0019771401
-0.0029313987
-0.0065164591
-0.0061563883
-0.0024872186
0.0020925376
0.0055069607
0.0064296963
0.0040298287
-0.0012886849
-0.0072061994
-0.0100962522
-0.0077956496
-0.0025940698
0.0001675701
-0.0033621251
-0.0124395296
-0.0222963820
-0.0269834526
-0.0232379986
-0.0131906229
-0.0030471778
0.0019012504
0.0011934370
-0.0013584165
-0.0014757065
0.0023532896
0.0088632884
0.0155985871
0.0199120271
0.0195392635
0.0137135364
0.0040117961
-0.0062948270
-0.0140447552
-0.0173868322
-0.0165098511
-0.0135085453
-0.0104613018
-0.0081614097
-0.0064641298
-0.0053734538
-0.0056620759
-0.0073280741
-0.0090951555
-0.0097167295
-0.0087751121
-0.0064180210
-0.0030808344
0.0004822638
0.0031959507
0.0048959097
0.0068341293
0.0099850439
0.0135192350
0.0154765187
0.0145933620
0.0110545113
0.0064193241
0.0025046464
0.0004868668
0.0003472799
0.0005283332
-0.0009073530
-0.0043484828
-0.0084030920
-0.0111688672
-0.0119436321
-0.0114731192
-0.0115449432
-0.0142650164
-0.0197777664
-0.0258067166
-0.0300345977
-0.0312789818
-0.0292486870
-0.0249802259
-0.0208994489
-0.0191250470
-0.0184546341
-0.0149958071
-0.0066697034
0.0043165236
0.0139500595
0.0197593063
0.0219635831
0.0221868485
0.0218263709
0.0219353262
0.0231019772
0.0247378013
0.0252349339
0.0232046430
0.0189835152
0.0143922021
0.0103785102
0.0058615251
-0.0006749201
-0.0087494826
-0.0158588215
-0.0195691594
-0.0199014349
-0.0200454790
-0.0234362453
-0.0296963307
-0.0347786577
-0.0353846724
-0.0316803364
-0.0256519215
-0.0186785154
-0.0117726672
-0.0063569091
-0.0035619530
-0.0027960039
-0.0021927040
0.0000480620
0.0049072099
0.0116653066
0.0172679930
0.0181818107
0.0140091780
0.0081669365
0.0044472302
0.0033325037
0.0023401290
-0.0004648853
-0.0046142324
-0.0088388710
-0.0124551923
-0.0158223109
-0.0190551485
-0.0205425678
-0.0187198453
-0.0149691452
-0.0131145045
-0.0151253156
-0.0183310272
-0.0180343420
-0.0124552562
-0.0043663092
0.0016305103
0.0030262889
0.0011159145
-0.0004702213
0.0010169186
0.0055768356
0.0114057876
0.0159671666
0.0171006706
0.0145493126
0.0104607494
0.0075723357
0.0069396295
0.0077225147
0.0079562439
0.0051578786
-0.0018160941
-0.0111709207
-0.0187574062
-0.0208446883
-0.0172540300
-0.0113782550
-0.0070923028
-0.0060118032
-0.0072206122
-0.0092023103
-0.0105596168
-0.0095922696
-0.0055161419
0.0000464447
0.0034512891
0.0021566839
-0.0030907977
-0.0088923122
-0.0112189467
-0.0080025462
-0.0013108306
0.0042630074
0.0057312908
0.0043447041
0.0040921042
0.0075471152
0.0131477046
0.0167126422
0.0152663704
0.0094785227
0.0027945339
-0.0017114707
-0.0035527788
-0.0049645434
-0.0081750069
-0.0126649900
-0.0157750584
-0.0159269655
-0.0141283958
-0.0128914686
-0.0139536608
-0.0165111055
-0.0175745077
-0.0143988726
-0.0069994727
0.0011891303
0.0054111530
0.0036466642
-0.0005405330
-0.0008395061
0.0051096005
0.0127977917
0.0152651327
0.0098562587
-0.0001843695
-0.0093455245
-0.0139019533
-0.0129165726
-0.0076325083
-0.0002819928
0.0066302056
0.0110234311
0.0127925508
0.0139576195
0.0163078419
0.0188624428
0.0186763412
0.0146352009
0.0090073608
0.0041868093
0.0001904934
-0.0041447471
-0.0086953036
-0.0116924811
-0.0119008488
-0.0093882471
-0.0053354492
-0.0022976964
-0.0034075473
-0.0092689085
-0.0160884112
-0.0183009743
-0.0135069766
-0.0051004997
0.0005341168
-0.0002562462
-0.0057492646
-0.0108096854
-0.0114795563
-0.0078303395
-0.0028179117
0.0005121413
0.0001647018
-0.0038792316
-0.0085929839
-0.0091411526
-0.0034332106
0.0051477613
0.0109496816
0.0112377843
0.0073674761
0.0026369300
0.0002848489
0.0021280425
0.0066375590
0.0090912210
0.0059673174
-0.0014006095
-0.0081484173
-0.0103469586
-0.0074900479
-0.0015062088
0.0055332069
0.0115736534
0.0136114557
0.0097458263
0.0029836267
0.0001478492
0.0054433784
0.0160451972
0.0242825767
0.0242563960
0.0162157451
0.0053009431
-0.0026821212
-0.0049371109
-0.0034810856
-0.0043565907
-0.0128068498
-0.0275145177
-0.0406382130
-0.0443267990
-0.0367567939
-0.0222289752
-0.0067989080
0.0052164943
0.0120459582
0.0137472808
0.0118802343
0.0092874387
0.0085383124
0.0099625642
0.0112362216
0.0094851004
0.0050395937
0.0018068582
0.0024548429
0.0051991427
0.0061565107
0.0033809821
-0.0016297682
-0.0061044425
-0.0084697525
-0.0089403215
-0.0081332017
-0.0059070791
-0.0013998989
0.0059232591
0.0143787517
0.0207917667
0.0231329260
0.0213768249
0.0164716738
0.0094371408
0.0015419828
-0.0052586282
-0.0090481478
-0.0095648998
-0.0087109594
-0.0086561530
-0.0096827014
-0.0106119266
-0.0099333931
-0.0062328124
0.0005264061
0.0069330514
0.0079359536
0.0017372460
-0.0078600563
-0.0145481565
-0.0147513734
-0.0099913768
-0.0048972381
-0.0031487093
-0.0046864971
-0.0063025844
-0.0049074456
-0.0004887854
0.0040249880
0.0063641309
0.0074044565
0.0093681264
0.0126181265
0.0154465230
0.0164291361
0.0163048666
0.0165638068
0.0169123583
0.0155111968
0.0119042474
0.0079695357
0.0053135391
0.0028675885
-0.0016082636
-0.0080295442
-0.0134441098
-0.0147892834
-0.0115111084
-0.0057974920
-0.0010610118
0.0004212112
-0.0011235766
-0.0032835782
-0.0026142747
0.0032301226
0.0121606877
0.0176997061
0.0149962011
0.0060362960
-0.0025972634
-0.0053085360
-0.0008271774
0.0069475475
0.0118891327
0.0105282096
0.0048027719
-0.0002427400
-0.0013795113
0.0010540408
0.0058364802
0.0117616082
0.0160562504
0.0146270782
0.0062557071
-0.0042703935
-0.0099197779
-0.0086994387
-0.0053274849
-0.0051512439
-0.0089140545
-0.0137841815
-0.0175129191
-0.0191898019
-0.0176397096
-0.0122988939
-0.0054196863
-0.0007851996
0.0006777118
0.0018501168
0.0055465145
0.0108320768
0.0141457094
0.0133590829
0.0103900580
0.0093724921
0.0118795956
0.0149155032
0.0136087719
0.0066323398
-0.0010282159
-0.0028398732
0.0018199617
0.0070689450
0.0075919447
0.0049884656
0.0051937203
0.0105001624
0.0168248732
0.0182693867
0.0140764813
0.0090368291
0.0072392198
0.0076606581
0.0061943861
0.0000347504
-0.0099744599
-0.0190560514
-0.0213283509
-0.0149045688
-0.0048275547
0.0013089275
0.0005503963
-0.0031917386
-0.0036589891
0.0015274033
0.0082899499
0.0094666769
0.0025572367
-0.0071887872
-0.0127614739
-0.0124345869
-0.0100301376
-0.0098839188
-0.0128544449
-0.0156082274
-0.0128394376
-0.0027252329
0.0098623693
0.0179094898
0.0190072882
0.0163244217
0.0143702500
0.0148407919
0.0160061025
0.0151636850
0.0109973738
0.0039988436
-0.0039440442
-0.0093740071
-0.0083626219
-0.0008632130
0.0076233070
0.0102668742
0.0048346540
-0.0050884202
-0.0128407878
-0.0125044969
-0.0041085277
0.0049005621
0.0061865332
-0.0005040024
-0.0068311790
-0.0051067493
0.0040072916
0.0128997867
0.0143556408
0.0075763313
-0.0019279373
-0.0074541853
-0.0066096874
-0.0020495637
0.0017415839
0.0015268880
-0.0026459114
-0.0072401590
-0.0075593845
-0.0015363194
0.0088692253
0.0193908080
0.0249379478
0.0213573088
0.0091004915
-0.0049871650
-0.0129602892
-0.0140703544
-0.0144872776
-0.0189123267
-0.0259720115
-0.0316759814
-0.0337397428
-0.0315412813
-0.0243878263
-0.0127031749
0.0005719953
0.0113598736
0.0176004094
0.0208138918
0.0241913590
0.0294117105
0.0348127035
0.0367388821
0.0328951778
0.0242391030
0.0135347685
0.0035891801
-0.0033508026
-0.0061617170
-0.0048836211
-0.0001348410
0.0060846211
0.0091034118
0.0044405119
-0.0062575161
-0.0146759287
-0.0133247790
-0.0030020298
0.0078295964
0.0115374909
0.0091219208
0.0083930796
0.0144081094
0.0230470384
0.0255515059
0.0188847277
0.0095325030
0.0057329564
0.0087190043
0.0127475265
0.0110271679
0.0009285506
-0.0135416402
-0.0227380099
-0.0174910466
0.0015885656
0.0214924598
0.0276461907
0.0177010846
0.0025895431
-0.0046984160
-0.0002622032
0.0082466317
0.0091627353
-0.0013445012
-0.0155602756
-0.0230743704
-0.0204542204
-0.0117366542
-0.0037879596
-0.0029959658
-0.0109988025
-0.0212465833
-0.0239808716
-0.0171630106
-0.0097545595
-0.0113816117
-0.0212149696
-0.0297834204
-0.0298784004
-0.0224563678
-0.0134118692
-0.0076791892
-0.0065129206
-0.0083295359
-0.0098856794
-0.0085818514
-0.0043790779
0.0010424867
0.0065271703
0.0111810329
0.0134073136
0.0125527812
0.0112461292
0.0125213103
0.0144069307
0.0109915066
0.0000761725
-0.0129373135
-0.0195182848
-0.0144714100
0.0008085899
0.0182984135
0.0273393404
0.0231889678
0.0115651963
0.0024342257
0.0014029039
0.0073091190
0.0145505268
0.0170632391
0.0121685951
0.0017509098
-0.0092134790
-0.0142874014
-0.0100060252
-0.0004107247
0.0059453432
0.0048385269
0.0007569793
0.0001263823
0.0034952123
0.0065018448
0.0059734130
0.0033605284
0.0028807840
0.0060679799
0.0091094039
0.0075170743
0.0020148336
-0.0024851983
-0.0027277695
-0.0001292562
0.0013910238
-0.0017754859
-0.0104219255
-0.0217297677
-0.0316375694
-0.0373504959
-0.0379851919
-0.0349880819
-0.0316182574
-0.0301706202
-0.0290143981
-0.0236963883
-0.0120567812
0.0033801893
0.0175727561
0.0252224365
0.0237186744
0.0159421979
0.0092036446
0.0089985358
0.0128422271
0.0125246056
0.0032128517
-0.0111532744
-0.0223970828
-0.0262304462
-0.0246503148
-0.0219845456
-0.0201697648
-0.0184688809
-0.0160443949
-0.0136668928
-0.0120861747
-0.0094503552
-0.0027049289
0.0074868990
0.0158346948
0.0175732963
0.0140222083
0.0114087513
0.0146887187
0.0230152952
0.0303151716
0.0307470036
0.0241874730
0.0166465932
0.0141544713
0.0172648294
0.0218243981
0.0242211626
0.0250136888
0.0271246690
0.0308928523
0.0332192239
0.0331407591
0.0339781134
0.0376210112
0.0400942523
0.0361259504
0.0258441737
0.0131948750
-0.0001624927
-0.0138585852
-0.0236206823
-0.0232371034
-0.0131858083
-0.0028360497
-0.0015084991
-0.0100654741
-0.0218884982
-0.0294503399
-0.0276955061
-0.0148615913
0.0054259837
0.0237471982
0.0302343460
0.0222617494
0.0067765887
-0.0055490548
-0.0088302915
-0.0054883166
-0.0028649266
-0.0069033016
-0.0186132846
-0.0336922638
-0.0439102452
-0.0418080652
-0.0273361220
-0.0085413041
0.0058393104
0.0134030248
0.0177781971
0.0231121071
0.0310211027
0.0411003084
0.0516915322
0.0587947117
0.0567645791
0.0429997785
0.0223275312
0.0041280510
-0.0052565038
-0.0059173782
-0.0024002078
-0.0006248925
-0.0056484672
-0.0188883740
-0.0354760434
-0.0452986493
-0.0404976513
-0.0244486753
-0.0105199637
-0.0090768362
-0.0175200507
-0.0251063423
-0.0245664303
-0.0170223432
-0.0083609839
-0.0032347397
-0.0022668794
-0.0030805058
-0.0033467566
-0.0022631357
0.0000553017
0.0038443468
0.0088025507
0.0139804902
0.0194723746
0.0259194543
0.0315797979
0.0328774577
0.0286934969
0.0212983832
0.0132474194
0.0063340753
0.0032915759
0.0056529414
0.0094029331
0.0082499080
0.0005100461
-0.0101258005
-0.0184726417
-0.0199294586
-0.0125667911
-0.0006111424
0.0065089419
0.0023528764
-0.0099903010
-0.0216109941
-0.0259892855
-0.0227269904
-0.0160717922
-0.0106309612
-0.0079387564
-0.0065338099
-0.0037370451
0.0028721205
0.0130523898
0.0225953776
0.0262391143
0.0221074071
0.0130378155
0.0053708538
0.0059312668
0.0158640172
0.0273589209
0.0300756979
0.0219448589
0.0112274832
0.0075227074
0.0130206610
0.0220578513
0.0264937638
0.0223904939
0.0132961347
0.0061855850
0.0042984700
0.0059712011
0.0097740231
0.0161516287
0.0233500416
0.0262921154
0.0217859457
0.0126638271
0.0047293383
-0.0002901286
-0.0061752504
-0.0169612744
-0.0315887327
-0.0440195108
-0.0481251162
-0.0428905434
-0.0333519593
-0.0264763881
-0.0250077917
-0.0241918913
-0.0158984809
0.0023628702
0.0234396715
0.0373592157
0.0409354230
0.0385478962
0.0354734683
0.0343631745
0.0361976621
0.0398083070
0.0413736369
0.0371296999
0.0277503353
0.0198560639
0.0213393554
0.0333858168
0.0477560468
0.0533570409
0.0458480952
0.0307690747
0.0185337673
0.0162790286
0.0230819377
0.0320196554
0.0366137329
0.0355420192
0.0318113320
0.0284987099
0.0263233741
0.0244757794
0.0226687049
0.0213619979
0.0189826450
0.0122613414
0.0019214203
-0.0053300958
-0.0037332824
0.0046793947
0.0125431975
0.0143306224
0.0091698072
0.0003653528
-0.0063963236
-0.0067141112
-0.0018910945
0.0009081514
-0.0042055187
-0.0153588894
-0.0246315063
-0.0259818316
-0.0214030890
-0.0183516014
-0.0196953602
-0.0198642977
-0.0133030194
-0.0018554080
0.0088974941
0.0160445791
0.0202192273
0.0239723174
0.0296249715
0.0365142413
0.0415597648
0.0437472755
0.0446629841
0.0450307590
0.0443264149
0.0432172174
0.0426917194
0.0417561896
0.0394113733
0.0375219039
0.0386398056
0.0408084829
0.0386551063
0.0301255371
0.0201931116
0.0169613226
0.0233338712
0.0328055378
0.0353179342
0.0271321178
0.0129490362
0.0006201422
-0.0035478118
0.0027184306
0.0158117524
0.0266030881
0.0265247576
0.0157549147
0.0037598703
0.0010069259
0.0102365687
0.0246386628
0.0345308373
0.0351838876
0.0283009782
0.0194507867
0.0159634865
0.0232493518
0.0391398011
0.0528138540
0.0529734356
0.0382951382
0.0189197226
0.0075827217
0.0087083285
0.0159680086
0.0205544502
0.0194487217
0.0155694412
0.0133678077
0.0149067422
0.0189597643
0.0228750946
0.0244466825
0.0224943856
0.0171509350
0.0106590404
0.0079492643
0.0132395246
0.0233313714
0.0285020405
0.0236553601
0.0157060814
0.0155249555
0.0246559674
0.0350425632
0.0406688344
0.0430055072
0.0453452580
0.0477463052
0.0482086087
0.0455278603
0.0397802808
0.0319760784
0.0245732138
0.0201633988
0.0185852097
0.0173991965
0.0160373347
0.0162714199
0.0187043408
0.0215634870
0.0227066449
0.0211632801
0.0182808225
0.0173920265
0.0205374126
0.0262222838
0.0311096769
0.0333614914
0.0339014292
0.0346416599
0.0371482893
0.0421813172
0.0485682509
0.0534672667
0.0551706604
0.0552517782
0.0560949924
0.0571105961
0.0560911352
0.0540659194
0.0546435353
0.0582224237
0.0609252182
0.0600128604
0.0570403863
0.0542325152
0.0508090429
0.0445984922
0.0349518369
0.0235679955
0.0133881689
0.0064232257
0.0018112958
-0.0029264075
-0.0084445956
-0.0130710666
-0.0157326882
-0.0175981597
-0.0197940077
-0.0211680414
-0.0196430423
-0.0147295892
-0.0079264645
-0.0029930826
-0.0047685653
-0.0139188816
-0.0235693114
-0.0250578346
-0.0170745416
-0.0056009789
0.0032605454
0.0067054547
0.0036809298
-0.0050507051
-0.0147806209
-0.0186745295
-0.0134390471
-0.0027260844
0.0052487064
0.0034653567
-0.0089008123
-0.0258562877
-0.0386747816
-0.0420658436
-0.0378484586
-0.0325332865
-0.0322791897
-0.0398611650
-0.0535883062
-0.0673128589
-0.0737312965
-0.0705577212
-0.0628404668
-0.0577936664
-0.0581410586
-0.0619479656
-0.0665662846
-0.0704911221
-0.0732416121
-0.0752370481
-0.0778239053
-0.0821796304
-0.0877120506
-0.0926091172
-0.0960927261
-0.0986363851
-0.1005906535
-0.1004643185
-0.0961800021
-0.0884918602
-0.0817535968
-0.0808211698
-0.0868876320
-0.0963211503
-0.1034523855
-0.1053273117
-0.1039046362
-0.1035111536
-0.1066929713
-0.1125536027
-0.1189028642
-0.1243928943
-0.1281726810
-0.1299014574
-0.1308543690
-0.1328565047
-0.1357017139
-0.1374895411
-0.1368770633
-0.1333771037
-0.1273504412
-0.1208157077
-0.1159413593
-0.1126406501
-0.1098571072
-0.1078716182
-0.1080227304
-0.1107498072
-0.1147900305
-0.1185020503
-0.1211170791
-0.1229416394
-0.1247727497
-0.1272655362
-0.1302495891
-0.1330044096
-0.1345579680
-0.1341025192
-0.1310670709
-0.1252979401
-0.1185921061
-0.1145698363
-0.1161868710
-0.1234228511
-0.1326408232
-0.1390521442
-0.1412544804
-0.1429090066
-0.1483784513
-0.1573949254
-0.1650978395
-0.1664607975
-0.1595638689
-0.1462695575
-0.1316704997
-0.1207018632
-0.1140100224
-0.1081599630
-0.0990426904
-0.0844565001
-0.0659992570
-0.0486613205
-0.0362349989
-0.0284031294
-0.0225493166
-0.0165844940
-0.0104667966
-0.0060450956
-0.0056274931
-0.0096355426
-0.0167090585
-0.0259572929
-0.0366681396
-0.0462296944
-0.0509507312
-0.0493094606
-0.0440856398
-0.0399152159
-0.0388420174
-0.0387079932
-0.0355640756
-0.0283544398
-0.0214892368
-0.0207119182
-0.0263450182
-0.0322345054
-0.0310535250
-0.0207806252
-0.0064991875
0.0044371748
0.0084238214
0.0078448778
0.0082235895
0.0142242930
0.0275312292
0.0453236666
0.0613833082
0.0706839502
0.0729453693
0.0716869699
0.0712383472
0.0750791588
0.0846304502
0.0969768284
0.1047447184
0.1011185356
0.0856963312
0.0654220141
0.0491527870
0.0406340379
0.0372938381
0.0351459013
0.0330407119
0.0319738609
0.0322109615
0.0331344342
0.0349625916
0.0385906741
0.0452305466
0.0556006950
0.0678537281
0.0781397469
0.0849280540
0.0902694704
0.0958747330
0.1012469262
0.1063666497
0.1130016760
0.1195081926
0.1183093032
0.1054070807
0.0887123670
0.0801759636
0.0819824532
0.0859818981
0.0843681721
0.0762425278
0.0651647535
0.0543863854
0.0455446760
0.0394720196
0.0367333878
0.0367208795
0.0369262145
0.0351163403
0.0320680380
0.0304541522
0.0309934648
0.0317931271
0.0321729483
0.0349476766
0.0433731135
0.0567742700
0.0712463833
0.0839140712
0.0947037170
0.1056513605
0.1194765504
0.1366348970
0.1514008926
0.1547544744
0.1439783114
0.1273793396
0.1170380883
0.1155641519
0.1134530503
0.1009793093
0.0794681183
0.0586799491
0.0455012657
0.0375419463
0.0270402052
0.0101035315
-0.0081873985
-0.0192607893
-0.0213567413
-0.0205043785
-0.0214158557
-0.0229091352
-0.0230391205
-0.0233482620
-0.0256544354
-0.0288957364
-0.0320108379
-0.0364908910
-0.0434296808
-0.0499118983
-0.0500237222
-0.0395265622
-0.0211971110
-0.0050114091
-0.0001777367
-0.0066668463
-0.0154566202
-0.0160211540
-0.0040874663
0.0142981219
0.0261516778
0.0218906888
0.0047293861
-0.0113201391
-0.0133874421
-0.0014885040
0.0112621142
0.0104860394
-0.0061777761
-0.0280628280
-0.0423027967
-0.0442923083
-0.0391568736
-0.0348531257
-0.0356866827
-0.0421833627
-0.0533539550
-0.0668583604
-0.0786591396
-0.0848738356
-0.0835732249
-0.0762683056
-0.0695651085
-0.0712054239
-0.0808817500
-0.0882182538
-0.0819467590
-0.0592725787
-0.0284938063
-0.0028141682
0.0110255747
0.0175410687
0.0263447592
0.0436380233
0.0684368745
0.0928945930
0.1075018083
0.1088504768
0.1020583412
0.0953167388
0.0924774225
0.0923421982
0.0924202441
0.0911570165
0.0886469320
0.0857675048
0.0826925918
0.0782316017
0.0705789957
0.0581919672
0.0409125307
0.0202854893
-0.0025887840
-0.0284332907
-0.0567107858
-0.0815923175
-0.0953557691
-0.0973412208
-0.0957660951
-0.0988395147
-0.1070629041
-0.1147805524
-0.1147468250
-0.0997286904
-0.0660339246
-0.0195530128
0.0248793127
0.0550226112
0.0715007942
0.0855181275
0.1074377949
0.1368262994
0.1610960617
0.1632006452
0.1335803516
0.0798406329
0.0243829756
-0.0127964230
-0.0304800662
-0.0430745820
-0.0632169273
-0.0890204290
-0.1074779955
-0.1090232522
-0.0959105043
-0.0784918086
-0.0677984263
-0.0682318541
-0.0750630728
-0.0802286845
-0.0793761526
-0.0726959763
-0.0620651005
-0.0492605952
-0.0354412926
-0.0208105067
-0.0052949883
0.0082024628
0.0132847864
0.0066150647
-0.0075293120
-0.0216006147
-0.0300407553
-0.0289806683
-0.0151409648
0.0102965960
0.0388771643
0.0605414654
0.0723326362
0.0796798132
0.0881916363
0.0946297063
0.0889322759
0.0655299892
0.0287450018
-0.0134926927
-0.0554699077
-0.0914380492
-0.1141949327
-0.1225849435
-0.1276525445
-0.1445230752
-0.1766630434
-0.2120936840
-0.2362527692
-0.2474551974
-0.2571464251
-0.2750444472
-0.2996210695
-0.3246582134
-0.3477065090
-0.3684255714
-0.3847110548
-0.3947174818
-0.4001432350
-0.4051047574
-0.4130310858
-0.4247620453
-0.4388766310
-0.4529071953
-0.4653025880
-0.4780500701
-0.4940539873
-0.5129002956
-0.5318033132
-0.5466911520
-0.5551643190
-0.5599545122
-0.5649561494
-0.5662809626
-0.5694145773
-0.5718517608
-0.5567846193
-0.5074292735
-0.4529330975
-0.4174340057
-0.3923641889
-0.3577864620
-0.3139807800
-0.2696752887
-0.2320691643
-0.2076943965
-0.1983717708
-0.1971313930
-0.1936583838
-0.1818727038
-0.1627540364
-0.1416604137
-0.1224094211
-0.1039808960
-0.0829072148
-0.0568096213
-0.0255459421
0.0084892019
0.0410077388
0.0684359137
0.0903874891
0.1085722306
0.1238726101
0.1358561313
0.1453696418
0.1549818807
0.1654893257
0.1737980162
0.1766156413
0.1747989737
0.1729725337
0.1761641979
0.1865910897
0.2032152817
0.2243688963
0.2493654002
0.2772217408
0.3057520709
0.3320981456
0.3544983113
0.3735408267
0.3925165880
0.4149038081
0.4406921944
0.4668185217
0.4899284162
0.5070436381
0.5159932411
0.5184043514
0.5184905184
0.5167703579
0.5092364772
0.4923221415
0.4654220236
0.4312326053
0.3969267133
0.3706081177
0.3525499040
0.3334748039
0.3053870143
0.2700076546
0.2338750116
0.2000369749
0.1669458606
0.1324755510
0.0976184212
0.0651074688
0.0361999566
0.0100880115
-0.0128819046
-0.0288376560
-0.0336131432
-0.0291945676
-0.0230559201
-0.0198036223
-0.0183946467
-0.0159402630
-0.0092258499
0.0040738666
0.0208972639
0.0326774895
0.0324400259
0.0210791913
0.0079162106
0.0057698988
0.0212284435
0.0485065933
0.0740874611
0.0862670298
0.0820803897
0.0692120103
0.0607782602
0.0638432352
0.0717949963
0.0716263501
0.0587794108
0.0412296131
0.0305044975
0.0316711352
0.0412976959
0.0533785464
0.0676824087
0.0912667603
0.1293883445
0.1757182423
0.2167742221
0.2450734446
0.2610920438
0.2653698286
0.2573650299
0.2415106317
0.2286674932
0.2306644380
0.2527303295
0.2883932106
0.3219059896
0.3384040052
0.3332819275
0.3115394826
0.2809375031
0.2469650506
0.2119248701
0.1766473185
0.1408293373
0.1017798845
0.0568782163
0.0089646894
-0.0330871139
-0.0606057562
-0.0721007497
-0.0750533818
-0.0816785981
-0.1012783244
-0.1334566653
-0.1695622789
-0.2022835270
-0.2306359072
-0.2558852866
-0.2774535499
-0.2939034257
-0.3042043915
-0.3076961092
-0.3054087324
-0.3013490785
-0.2997758518
-0.3003158898
-0.2976236507
-0.2872619442
-0.2697348628
-0.2461601043
-0.2154166711
-0.1790669773
-0.1427074939
-0.1094037689
-0.0773257797
-0.0459179443
-0.0185459974
0.0028930156
0.0187335440
0.0262383556
0.0208592978
0.0039551704
-0.0149392434
-0.0244749444
-0.0200917422
-0.0078494066
0.0000256132
-0.0064171382
-0.0303523864
-0.0674898982
-0.1063053561
-0.1349187418
-0.1521586733
-0.1661733190
-0.1804619900
-0.1903736902
-0.1949457773
-0.2016590880
-0.2172317571
-0.2400194263
-0.2621724890
-0.2749674417
-0.2733353545
-0.2570440766
-0.2295910871
-0.1979706307
-0.1696985682
-0.1470833262
-0.1264684661
-0.1039596185
-0.0789086367
-0.0520696933
-0.0238530239
0.0046406088
0.0298964269
0.0490950966
0.0650135098
0.0826924501
0.1014151831
0.1151294970
0.1203818458
0.1179880489
0.1074965200
0.0874170099
0.0619970772
0.0412638812
0.0313151830
0.0303973062
0.0340751847
0.0369347729
0.0309492434
0.0102927882
-0.0198384299
-0.0435373936
-0.0458788796
-0.0258634706
0.0011403754
0.0165417830
0.0163133209
0.0120071380
0.0142030487
0.0207702753
0.0230294632
0.0183914986
0.0127037745
0.0142138387
0.0280296539
0.0535363980
0.0830182997
0.1052848236
0.1145014165
0.1153091926
0.1193656743
0.1358830052
0.1614687648
0.1800326709
0.1780673369
0.1593675426
0.1404416989
0.1321247248
0.1314383176
0.1314634388
0.1313801793
0.1352285615
0.1461199235
0.1632944032
0.1825852484
0.1995159048
0.2118913662
0.2197304638
0.2243076532
0.2276672727
0.2312075440
0.2326600457
0.2264325272
0.2097607115
0.1885012330
0.1741520293
0.1724475277
0.1759420931
0.1730512271
0.1627986169
0.1543219296
0.1519617357
0.1485480948
0.1348195720
0.1109604011
0.0866920756
0.0724064933
0.0714939170
0.0791242156
0.0871874255
0.0900263918
0.0873783834
0.0835299389
0.0832802510
0.0871653150
0.0897679031
0.0831107405
0.0631077669
0.0326741927
-0.0004723012
-0.0294669283
-0.0531545333
-0.0771309837
-0.1080198228
-0.1444106708
-0.1765896054
-0.1966721083
-0.2060025043
-0.2120212800
-0.2210556055
-0.2347859790
-0.2507187212
-0.2638463248
-0.2696748060
-0.2686668693
-0.2669410475
-0.2689753622
-0.2704328709
-0.2619723364
-0.2390275110
-0.2052163691
-0.1687329162
-0.1371267495
-0.1126177139
-0.0893795745
-0.0579675299
-0.0174116619
0.0201076142
0.0404062365
0.0401393567
0.0277645835
0.0151498737
0.0105477639
0.0160695685
0.0277438978
0.0391416080
0.0454708125
0.0436791559
0.0304429521
0.0039626446
-0.0297341183
-0.0570940018
-0.0691167812
-0.0714686706
-0.0778363838
-0.0952310078
-0.1192242789
-0.1401549153
-0.1497113803
-0.1449795123
-0.1327833078
-0.1272020053
-0.1367262994
-0.1561454697
-0.1715212473
-0.1707497850
-0.1514762844
-0.1231093397
-0.0999913963
-0.0908486749
-0.0952313571
-0.1083359208
-0.1245343240
-0.1374498168
-0.1423770873
-0.1393495754
-0.1313158371
-0.1201989137
-0.1060630752
-0.0898727175
-0.0756714026
-0.0688508417
-0.0712553087
-0.0788480054
-0.0867946498
-0.0951020224
-0.1051244689
-0.1118013533
-0.1045327983
-0.0769281594
-0.0348777428
0.0052146222
0.0282947280
0.0313159553
0.0224027416
0.0110337399
0.0002159416
-0.0124151452
-0.0292386315
-0.0493342705
-0.0686802764
-0.0814207826
-0.0818132937
-0.0692944685
-0.0525897855
-0.0456419724
-0.0567549844
-0.0818095234
-0.1083264021
-0.1255902276
-0.1316659106
-0.1321687229
-0.1333463825
-0.1359528068
-0.1359312194
-0.1297147396
-0.1172667400
-0.1002037280
-0.0790177221
-0.0540709934
-0.0275204982
-0.0024898119
0.0196416873
0.0397930335
0.0585636325
0.0738148870
0.0814258934
0.0796045327
0.0738361242
0.0767841797
0.0984948186
0.1346653516
0.1681838887
0.1839166844
0.1797447881
0.1642195732
0.1473119805
0.1340566521
0.1226564204
0.1063884035
0.0800642818
0.0455531320
0.0097340798
-0.0199187942
-0.0359059406
-0.0343302022
-0.0210871605
-0.0091352444
-0.0056032806
-0.0062010978
-0.0051557466
-0.0039347918
-0.0055142780
-0.0061624827
0.0012730213
0.0191698688
0.0430474970
0.0658772614
0.0823666290
0.0905133246
0.0926682765
0.0935558615
0.0955577081
0.0983970627
0.1040541116
0.1157682572
0.1315510681
0.1454320003
0.1554904466
0.1652674688
0.1760699122
0.1836611703
0.1849473376
0.1827057141
0.1811820645
0.1805490659
0.1782344206
0.1741679455
0.1727480251
0.1790165294
0.1935799359
0.2111881831
0.2245623594
0.2310922752
0.2357392431
0.2465991360
0.2668768509
0.2929433067
0.3205843489
0.3490704012
0.3779443767
0.4042118070
0.4253260156
0.4429972155
0.4596048826
0.4705590339
0.4647147688
0.4351101642
0.3881498594
0.3407046659
0.3080450328
0.2928272851
0.2846691472
0.2716520546
0.2516602737
0.2320387210
0.2194890725
0.2136069284
0.2097590061
0.2039172895
0.1939739442
0.1809830428
0.1688166146
0.1600721525
0.1543705114
0.1523066382
0.1561814367
0.1644044819
0.1696833297
0.1652570605
0.1513041647
0.1306444518
0.1014512638
0.0620675727
0.0202512597
-0.0103092698
-0.0226214577
-0.0204763244
-0.0119064025
-0.0036562255
0.0006025845
0.0025427926
0.0073837694
0.0170412748
0.0279625990
0.0364024767
0.0425251831
0.0476123380
0.0510532749
0.0525322421
0.0548022761
0.0616683076
0.0739329667
0.0888394865
0.1026059158
0.1124177755
0.1165455741
0.1146120205
0.1084533501
0.1022397485
0.0992936386
0.0992745392
0.0998972915
0.0988345152
0.0920158877
0.0758196832
0.0542770713
0.0375925585
0.0304072036
0.0279404113
0.0234754328
0.0119141917
-0.0113060100
-0.0462190101
-0.0851771376
-0.1196988713
-0.1474799959
-0.1704458784
-0.1888184854
-0.2001840235
-0.2038179685
-0.2028523093
-0.2009946528
-0.1998566233
-0.1999005651
-0.2010991924
-0.2023723191
-0.2024133487
-0.2010341358
-0.1997315810
-0.2006354989
-0.2038883165
-0.2064934916
-0.2038925917
-0.1930217561
-0.1739314674
-0.1506939274
-0.1320367904
-0.1269394792
-0.1365663663
-0.1508825617
-0.1559543405
-0.1455910456
-0.1241622768
-0.0995336439
-0.0777754907
-0.0622442985
-0.0516150782
-0.0394888784
-0.0203403901
0.0042233667
0.0262407932
0.0371573428
0.0316699634
0.0106439091
-0.0167646354
-0.0379081440
-0.0454153912
-0.0404681070
-0.0297706750
-0.0196135792
-0.0121918126
-0.0078768085
-0.0087943670
-0.0173137056
-0.0321255898
-0.0485815035
-0.0630321024
-0.0758565813
-0.0901495116
-0.1080539934
-0.1286548198
-0.1493371014
-0.1690649402
-0.1892549272
-0.2099718949
-0.2283935856
-0.2443503794
-0.2630212642
-0.2879901057
-0.3169324258
-0.3464692726
-0.3742781304
-0.3952496718
-0.4025360440
-0.3938367294
-0.3719103932
-0.3408975513
-0.3058185467
-0.2727487544
-0.2432221919
-0.2091845641
-0.1603555266
-0.0971637013
-0.0310163540
0.0266324738
0.0700428404
0.0974227991
0.1114033785
0.1197592090
0.1277494835
0.1308431901
0.1225952965
0.1083858255
0.1022249438
0.1097487595
0.1233442827
0.1347768563
0.1458025039
0.1642166786
0.1936450208
0.2304593265
0.2697486779
0.3098591197
0.3478103231
0.3749388935
0.3805290557
0.3602069453
0.3197231443
0.2714613157
0.2284880976
0.1994287553
0.1875598084
0.1935798860
0.2113374414
0.2196460465
0.1889743535
0.1060607195
-0.0091661577
-0.1179967516
-0.1943816227
-0.2371839071
-0.2571253560
-0.2621884118
-0.2572666572
-0.2518813563
-0.2593203482
-0.2822442103
-0.3041675616
-0.3049170305
-0.2840823727
-0.2593465667
-0.2412918863
-0.2211363778
-0.1836062615
-0.1239017947
-0.0531453466
0.0077234741
0.0422206641
0.0505022444
0.0470588975
0.0466727955
0.0556328932
0.0756150882
0.1074061620
0.1468149062
0.1844027835
0.2143195460
0.2389475174
0.2624121902
0.2809697744
0.2729426156
0.2110550970
0.1237968898
0.0987883094
0.1270087935
0.0646867096
-0.0964936693
-0.1936621684
-0.2311914445
-0.3341077472
-0.3292097349
-0.1243191108
0.0256184911
-0.0897967062
-0.1907041902
-0.1203578696
-0.0128551954
0.0223456811
0.0340488304
0.0421701825
0.0310509034
0.0144086042
0.0090229366
0.0106735224
0.0152961452
0.0280828046
0.0524508801
0.0835409654
0.1109581333
0.1250031281
0.1226196139
0.1089022669
0.0904884449
0.0684715553
0.0421025349
0.0144599443
-0.0119178503
-0.0401939705
-0.0735577587
-0.1061951161
-0.1277714043
-0.1375956488
-0.1468364917
-0.1657055814
-0.1952492784
-0.2297469486
-0.2606726680
-0.2793959121
-0.2824931080
-0.2764268132
-0.2721579082
-0.2733302364
-0.2724980190
-0.2593644432
-0.2309401699
-0.1931917124
-0.1551863411
-0.1219540411
-0.0937339358
-0.0695946275
-0.0489765496
-0.0305288385
-0.0129030934
0.0030439172
0.0150557441
0.0224160594
0.0262285830
0.0276296761
0.0261931001
0.0188979457
0.0031388929
-0.0166281564
-0.0305409099
-0.0358419221
-0.0429193918
-0.0641287047
-0.0999516598
-0.1403094279
-0.1759648393
-0.2040296828
-0.2250466518
-0.2405973329
-0.2525825641
-0.2608640895
-0.2633284312
-0.2596327313
-0.2516368361
-0.2401175787
-0.2248800661
-0.2061673103
-0.1837491932
-0.1576716001
-0.1308715682
-0.1079257327
-0.0912114452
-0.0813212561
-0.0785523363
-0.0802847677
-0.0796496400
-0.0704753870
-0.0537133386
-0.0373067256
-0.0295819655
-0.0328460132
-0.0432340861
-0.0567363210
-0.0720904613
-0.0861534163
-0.0930079229
-0.0905896008
-0.0817809777
-0.0683026939
-0.0501397866
-0.0302434225
-0.0136673902
-0.0025585336
0.0049289575
0.0111354944
0.0167288419
0.0221787888
0.0299099371
0.0426087028
0.0610351444
0.0848875847
0.1125165770
0.1392443621
0.1585545732
0.1654342995
0.1573515893
0.1330381203
0.0952412107
0.0546339599
0.0246747552
0.0103014229
0.0051651586
0.0016444479
-0.0012281870
-0.0012234001
0.0012672728
0.0043070847
0.0057407532
0.0019527602
-0.0085323468
-0.0204549656
-0.0274108709
-0.0315436127
-0.0412075771
-0.0582556530
-0.0730378372
-0.0717555685
-0.0459085402
-0.0005046295
0.0443154358
0.0663606260
0.0601207982
0.0395220075
0.0228840392
0.0178326517
0.0186712658
0.0157730053
0.0062335002
-0.0047747710
-0.0103310046
-0.0066185027
0.0073670958
0.0296932527
0.0534185191
0.0679176121
0.0647313661
0.0441634114
0.0173631072
-0.0009869597
-0.0041352246
0.0040547868
0.0168806188
0.0312867222
0.0472249477
0.0649127013
0.0839037909
0.1013811651
0.1117298665
0.1127072727
0.1105357390
0.1137972151
0.1230887871
0.1312755554
0.1325991397
0.1276546303
0.1221169844
0.1228623794
0.1338103263
0.1525295429
0.1697831592
0.1740891098
0.1593327747
0.1301681417
0.1010968930
0.0870104071
0.0892313999
0.0939634254
0.0888490159
0.0762140321
0.0667658651
0.0661241660
0.0716267385
0.0774499687
0.0782869049
0.0715725228
0.0606494950
0.0536701279
0.0561071469
0.0660227075
0.0778319958
0.0882324559
0.0954572217
0.0977617469
0.0979469073
0.1033284804
0.1167308306
0.1319316342
0.1419464054
0.1462567983
0.1469093383
0.1439779132
0.1382260490
0.1324537591
0.1275800908
0.1210409249
0.1102699742
0.0951880078
0.0777491233
0.0603529622
0.0438041146
0.0264016911
0.0059613341
-0.0177046444
-0.0434318539
-0.0701775598
-0.0957813827
-0.1152460429
-0.1227620157
-0.1161724565
-0.0966584865
-0.0656488268
-0.0258063979
0.0158611633
0.0508063850
0.0755483954
0.0922066831
0.1041443447
0.1147977962
0.1282645826
0.1470973910
0.1696679619
0.1912530944
0.2083891285
0.2203350718
0.2270161510
0.2282955252
0.2254796133
0.2205834254
0.2131304161
0.1985658642
0.1717644038
0.1333729427
0.0909486114
0.0539764489
0.0285321299
0.0149643876
0.0087852994
0.0029412846
-0.0083084661
-0.0246116470
-0.0394778522
-0.0479034893
-0.0524180935
-0.0597337506
-0.0736355165
-0.0928698327
-0.1129679294
-0.1284705553
-0.1338845953
-0.1247424557
-0.0990037314
-0.0586295230
-0.0118374937
0.0310365789
0.0652399091
0.0900874162
0.1023773099
0.0986664136
0.0831205268
0.0665989286
0.0585165851
0.0611631481
0.0705448471
0.0805081384
0.0857469370
0.0846983873
0.0808316668
0.0794356500
0.0817950331
0.0852558181
0.0880541076
0.0884474222
0.0809150499
0.0597248257
0.0292512940
0.0067432048
0.0100848148
0.0429466580
0.0939620061
0.1462007441
0.1843680698
0.1979726868
0.1845949025
0.1520018636
0.1149380368
0.0870012601
0.0728582579
0.0674493184
0.0629981245
0.0565161290
0.0510541287
0.0506032549
0.0540406189
0.0550327908
0.0483675002
0.0359474509
0.0258042957
0.0235706009
0.0258855000
0.0243912904
0.0160186261
0.0069297157
0.0063771028
0.0184998711
0.0395115628
0.0593573767
0.0670131486
0.0575871413
0.0358033825
0.0114947106
-0.0074824037
-0.0161155193
-0.0105252853
0.0092870066
0.0353445675
0.0560788772
0.0664905209
0.0703902610
0.0722190299
0.0716626337
0.0666743136
0.0570221942
0.0438656879
0.0296857994
0.0201135985
0.0217901655
0.0370063440
0.0602980563
0.0801437982
0.0853606825
0.0726767330
0.0502436107
0.0310283389
0.0214895176
0.0186371047
0.0171899914
0.0162890072
0.0178169695
0.0211633701
0.0233211342
0.0236157125
0.0244414941
0.0259342193
0.0233661931
0.0132110118
-0.0011239517
-0.0129511794
-0.0199871470
-0.0243611202
-0.0268131207
-0.0253781471
-0.0184982443
-0.0069089870
0.0061591524
0.0159318590
0.0207725214
0.0251100537
0.0328537457
0.0403083175
0.0399992065
0.0297587509
0.0143214433
0.0005190922
-0.0070011703
-0.0098070238
-0.0161045212
-0.0345188633
-0.0654384973
-0.0982931258
-0.1193183393
-0.1225388685
-0.1124415831
-0.0978574562
-0.0860757693
-0.0797753640
-0.0757357749
-0.0669136290
-0.0478793949
-0.0195907559
0.0116953112
0.0396623185
0.0620258047
0.0809983800
0.0994868622
0.1180573292
0.1353836386
0.1493519157
0.1567816578
0.1552566114
0.1463500728
0.1338004787
0.1188998173
0.1011025894
0.0818233601
0.0636128917
0.0473348591
0.0331197538
0.0227897715
0.0184065250
0.0189614284
0.0201531982
0.0180773366
0.0122364334
0.0039841300
-0.0079278101
-0.0274604552
-0.0547963805
-0.0822125656
-0.0987874079
-0.0980539953
-0.0808175544
-0.0534713519
-0.0252801597
-0.0049951447
0.0032466165
0.0010954868
-0.0051233273
-0.0064501677
0.0032419264
0.0214887572
0.0387951280
0.0464492016
0.0407762436
0.0224943755
-0.0016627621
-0.0180825272
-0.0151866064
0.0051668517
0.0284802685
0.0413650564
0.0419424687
0.0364578897
0.0300386759
0.0231078896
0.0133648170
-0.0009127140
-0.0182880415
-0.0332976684
-0.0378903999
-0.0268101366
-0.0023572283
0.0271056989
0.0530079938
0.0706388621
0.0786539917
0.0781809028
0.0725752954
0.0654558685
0.0580671683
0.0491153321
0.0379076671
0.0268511025
0.0205149462
0.0222442034
0.0311874722
0.0421039992
0.0481278040
0.0448078782
0.0326760304
0.0159901004
-0.0006683958
-0.0141322955
-0.0228927187
-0.0282294454
-0.0347285638
-0.0466961428
-0.0631188244
-0.0787106013
-0.0899629513
-0.0982921780
-0.1075244699
-0.1195593856
-0.1316946411
-0.1386744813
-0.1376434353
-0.1308193441
-0.1234544177
-0.1192634890
-0.1187045278
-0.1197302986
-0.1179506610
-0.1083605651
-0.0895735973
-0.0666002776
-0.0481331250
-0.0392044027
-0.0363928130
-0.0310669482
-0.0177372006
0.0008347641
0.0171664462
0.0268336089
0.0307111038
0.0315937226
0.0326382574
0.0377867023
0.0492911729
0.0629428910
0.0698153570
0.0652518368
0.0539824524
0.0454579477
0.0448743893
0.0488206404
0.0486426198
0.0385211999
0.0206813436
0.0018093723
-0.0143814693
-0.0276873350
-0.0358516768
-0.0357092538
-0.0304272633
-0.0281630553
-0.0318707783
-0.0362656961
-0.0367945358
-0.0362833401
-0.0406790134
-0.0523712572
-0.0676035331
-0.0785119052
-0.0792618125
-0.0720592695
-0.0643946292
-0.0603856213
-0.0580731611
-0.0551834629
-0.0534181885
-0.0547717962
-0.0568274588
-0.0543742613
-0.0443742768
-0.0292667699
-0.0144022646
-0.0021097922
0.0094864477
0.0229415599
0.0380139502
0.0505423712
0.0542393571
0.0459342527
0.0300778085
0.0164170108
0.0113332623
0.0125718430
0.0124641923
0.0045045338
-0.0116434274
-0.0289431014
-0.0386105480
-0.0394448687
-0.0398037410
-0.0482811703
-0.0653677132
-0.0848131394
-0.0988469655
-0.1018229946
-0.0936588968
-0.0816057417
-0.0753052250
-0.0781891351
-0.0850534280
-0.0868888624
-0.0781897051
-0.0615031414
-0.0453098138
-0.0364763331
-0.0358626588
-0.0407175324
-0.0471927917
-0.0508335743
-0.0474557600
-0.0358790630
-0.0196116000
-0.0045065945
0.0052885217
0.0094568157
0.0098621164
0.0064711199
-0.0036059187
-0.0218781405
-0.0451078105
-0.0688139393
-0.0917349978
-0.1141493509
-0.1331410955
-0.1431206980
-0.1402822728
-0.1265361556
-0.1096509674
-0.0974299403
-0.0908451343
-0.0847806427
-0.0747867253
-0.0595731423
-0.0399726573
-0.0197058337
-0.0045699450
0.0032704389
0.0089707359
0.0188320083
0.0325527007
0.0455968718
0.0549786667
0.0575820676
0.0469492183
0.0187191292
-0.0207341238
-0.0564972242
-0.0755631117
-0.0735904901
-0.0565476960
-0.0387419798
-0.0334473451
-0.0412711567
-0.0505068864
-0.0505027285
-0.0406852063
-0.0260837890
-0.0115956695
-0.0022742751
-0.0027647372
-0.0129801399
-0.0263208591
-0.0334564276
-0.0297047022
-0.0206425732
-0.0179125819
-0.0280926828
-0.0467124675
-0.0629791944
-0.0693132681
-0.0645631768
-0.0516122608
-0.0363882887
-0.0261936914
-0.0245308866
-0.0282761769
-0.0317778442
-0.0325333043
-0.0317301514
-0.0320566768
-0.0367856113
-0.0475744041
-0.0616490105
-0.0732955633
-0.0790179678
-0.0793918911
-0.0772517644
-0.0751493278
-0.0745233517
-0.0759083634
-0.0779816229
-0.0768504742
-0.0679364611
-0.0500601406
-0.0263752496
-0.0010714927
0.0220584293
0.0388142182
0.0467729226
0.0481345878
0.0461925142
0.0395200647
0.0239396649
-0.0005063551
-0.0281724619
-0.0532178937
-0.0738611655
-0.0915089458
-0.1075555410
-0.1213365934
-0.1299491012
-0.1311262157
-0.1249706692
-0.1129992780
-0.0977461010
-0.0827734490
-0.0708494586
-0.0612259380
-0.0501933410
-0.0346400424
-0.0147036331
0.0071343657
0.0282500134
0.0451840023
0.0534427183
0.0515146533
0.0428437229
0.0316454885
0.0191730667
0.0059338962
-0.0056998253
-0.0146382249
-0.0233862398
-0.0338299048
-0.0432935108
-0.0466447215
-0.0407214385
-0.0276263228
-0.0143650807
-0.0080432528
-0.0107964967
-0.0189626658
-0.0266130570
-0.0293810078
-0.0258976575
-0.0179235468
-0.0089034867
-0.0020573705
0.0014970285
0.0035355961
0.0074710107
0.0151135445
0.0241802025
0.0301470641
0.0307364635
0.0277969794
0.0249949976
0.0239757627
0.0232466972
0.0200054417
0.0126091304
0.0017881004
-0.0100909643
-0.0197060541
-0.0242698272
-0.0240601530
-0.0234026020
-0.0274230965
-0.0367805340
-0.0464587837
-0.0508266875
-0.0481816351
-0.0400615797
-0.0288648490
-0.0160088898
-0.0020035195
0.0115003717
0.0217592288
0.0279640577
0.0331323397
0.0411203416
0.0525211336
0.0639571163
0.0716297684
0.0744594100
0.0734917278
0.0703231298
0.0670557004
0.0657456459
0.0652180660
0.0607398790
0.0491671662
0.0330190434
0.0185031885
0.0098801065
0.0060145057
0.0021467648
-0.0050609441
-0.0147245327
-0.0238745439
-0.0304929834
-0.0332562623
-0.0314408977
-0.0270765497
-0.0238882739
-0.0223286524
-0.0188180875
-0.0108063558
0.0001223288
0.0110142843
0.0205068643
0.0277092585
0.0316590854
0.0331600792
0.0343044240
0.0371156120
0.0427881774
0.0513045315
0.0606705773
0.0674445136
0.0687576135
0.0645199925
0.0578752313
0.0534557648
0.0542460348
0.0589928257
0.0623615295
0.0589403547
0.0481519392
0.0351368092
0.0269165302
0.0270116393
0.0337390445
0.0427488094
0.0493207346
0.0498308185
0.0439958570
0.0351488319
0.0277217461
0.0244697961
0.0249548926
0.0257482694
0.0229284466
0.0169979720
0.0135440855
0.0168984354
0.0261092419
0.0366921989
0.0437303759
0.0447825683
0.0421680767
0.0410127640
0.0440434399
0.0490721329
0.0527101631
0.0541490162
0.0538907477
0.0519388664
0.0486893534
0.0456874356
0.0445325549
0.0455195907
0.0474330073
0.0481719704
0.0461020532
0.0422633219
0.0403601885
0.0428605733
0.0475950509
0.0499532073
0.0478660267
0.0429201820
0.0371725595
0.0316995850
0.0271856421
0.0235892686
0.0192719945
0.0127355451
0.0049397739
-0.0016891427
-0.0056671847
-0.0081285009
-0.0111199689
-0.0144116286
-0.0149841227
-0.0104114746
-0.0011138460
0.0111706224
0.0243132543
0.0355252320
0.0432511956
0.0486898738
0.0537526999
0.0587190671
0.0628825726
0.0654740308
0.0649675681
0.0598184522
0.0503831410
0.0390833945
0.0288845319
0.0217935811
0.0181793975
0.0157701451
0.0103388999
-0.0001284487
-0.0125894056
-0.0217072987
-0.0242527236
-0.0203623966
-0.0125938603
-0.0044932758
0.0006303395
0.0013257295
-0.0000267392
0.0013805474
0.0079168579
0.0166350366
0.0220517763
0.0224090896
0.0215293709
0.0240271144
0.0292921158
0.0321661052
0.0287678784
0.0192534427
0.0072065765
-0.0024980001
-0.0068864254
-0.0075676893
-0.0097987795
-0.0175547080
-0.0309615488
-0.0473258238
-0.0626615494
-0.0739012978
-0.0810729232
-0.0858245343
-0.0886596512
-0.0892743987
-0.0875444805
-0.0828914388
-0.0753189860
-0.0668051561
-0.0586857068
-0.0480799825
-0.0299054520
-0.0031798264
0.0273054780
0.0545354584
0.0733393499
0.0836881799
0.0903904946
0.0981655824
0.1069611984
0.1131614531
0.1143420746
0.1110528772
0.1042872008
0.0945345486
0.0834223152
0.0727401667
0.0623865242
0.0507796638
0.0368166871
0.0216338987
0.0086774672
0.0006712504
-0.0024972529
-0.0027427089
-0.0019700806
-0.0013710636
-0.0011568957
-0.0004108900
0.0017582381
0.0044263800
0.0051104049
0.0028263352
-0.0008114587
-0.0031577405
-0.0024409247
0.0006740614
0.0032877595
0.0026554404
-0.0006249888
-0.0024383860
0.0004035562
0.0062939946
0.0098037784
0.0061562682
-0.0040460559
-0.0153506501
-0.0227144637
-0.0250720136
-0.0251081791
-0.0267444952
-0.0320975602
-0.0396340382
-0.0453672536
-0.0458361074
-0.0398648566
-0.0288423550
-0.0170402313
-0.0097788095
-0.0086831031
-0.0097350876
-0.0061426048
0.0062937755
0.0255221686
0.0439516378
0.0542752390
0.0548795477
0.0495384195
0.0425744471
0.0350062438
0.0257826529
0.0149392116
0.0043532091
-0.0048496140
-0.0131630788
-0.0208466184
-0.0277867215
-0.0342541307
-0.0403372800
-0.0452321186
-0.0471270107
-0.0446280326
-0.0388997627
-0.0334507489
-0.0307061503
-0.0283998816
-0.0219017026
-0.0092773171
0.0077277463
0.0254514267
0.0400451803
0.0494108402
0.0541912804
0.0565517164
0.0585062160
0.0620350703
0.0680217572
0.0744934126
0.0773705320
0.0739205745
0.0665050935
0.0619078220
0.0648449479
0.0725796191
0.0769250968
0.0715673748
0.0563690386
0.0353391483
0.0123061659
-0.0120098129
-0.0397754539
-0.0712286987
-0.1011561559
-0.1225086180
-0.1333842094
-0.1367989627
-0.1348121200
-0.1281079902
-0.1192910734
-0.1110583179
-0.1019631003
-0.0881782342
-0.0685619495
-0.0446089099
-0.0184905167
0.0068263397
0.0284627349
0.0469802012
0.0664279837
0.0890573479
0.1111227731
0.1263339479
0.1311984629
0.1259928876
0.1132174004
0.0962826603
0.0779056795
0.0587741867
0.0383188950
0.0162384732
-0.0065626452
-0.0286413041
-0.0485856633
-0.0648489585
-0.0757034475
-0.0802303356
-0.0797954648
-0.0767044777
-0.0722945840
-0.0674774049
-0.0637792995
-0.0615466503
-0.0580382621
-0.0507502683
-0.0402289228
-0.0278282773
-0.0136272969
0.0019675502
0.0172791406
0.0301232213
0.0390712327
0.0444272472
0.0482573477
0.0529513119
0.0588579915
0.0636623816
0.0639478061
0.0575471315
0.0454923665
0.0321421741
0.0231330290
0.0211174681
0.0224570698
0.0191802207
0.0056836278
-0.0152037916
-0.0340760324
-0.0431672809
-0.0418009133
-0.0345875747
-0.0271561015
-0.0233191418
-0.0231762186
-0.0232663151
-0.0196139308
-0.0105570315
0.0026368758
0.0171636019
0.0300607504
0.0385250502
0.0406870468
0.0367023388
0.0300027443
0.0252076927
0.0232335796
0.0198976761
0.0104279901
-0.0049765014
-0.0218216572
-0.0362395551
-0.0466212938
-0.0515370779
-0.0493066540
-0.0410889492
-0.0319524378
-0.0269651910
-0.0265060762
-0.0262332801
-0.0215154908
-0.0111141553
0.0023689219
0.0151795455
0.0252171946
0.0322545753
0.0368403387
0.0398760426
0.0432061049
0.0482678511
0.0536773064
0.0558326943
0.0514431297
0.0401932520
0.0255419430
0.0127294410
0.0055765426
0.0038235446
0.0035058144
0.0002623140
-0.0079152234
-0.0204921832
-0.0343760828
-0.0455130474
-0.0516884440
-0.0533579389
-0.0522270850
-0.0506191919
-0.0509921875
-0.0535679147
-0.0550176516
-0.0512280186
-0.0417522485
-0.0292497212
-0.0162396123
-0.0042874114
0.0053976935
0.0121164816
0.0164724005
0.0197620188
0.0227294259
0.0258021488
0.0296452050
0.0337070218
0.0357320328
0.0346784992
0.0319333384
0.0297316549
0.0284738525
0.0267226339
0.0230598754
0.0164536537
0.0062027746
-0.0074941758
-0.0235457609
-0.0406234794
-0.0566976081
-0.0685122466
-0.0731269124
-0.0709319512
-0.0657874666
-0.0610417931
-0.0570655556
-0.0531599320
-0.0493734454
-0.0452674846
-0.0394450092
-0.0312927429
-0.0214803338
-0.0108816807
0.0002315112
0.0119993617
0.0243707445
0.0358650257
0.0429563333
0.0432790255
0.0392757886
0.0360134678
0.0351341379
0.0334793647
0.0283505966
0.0212090659
0.0150931074
0.0103498638
0.0044259811
-0.0046349584
-0.0151414075
-0.0231900044
-0.0267443069
-0.0262644157
-0.0236927520
-0.0223879524
-0.0251767016
-0.0315367659
-0.0383128846
-0.0431022616
-0.0459114477
-0.0480458012
-0.0505174455
-0.0539779110
-0.0583316419
-0.0615612519
-0.0604648654
-0.0541296995
-0.0458922422
-0.0407721893
-0.0410275127
-0.0441501134
-0.0453436334
-0.0413547706
-0.0321816104
-0.0211346632
-0.0136224079
-0.0123315471
-0.0139361895
-0.0131981850
-0.0089059562
-0.0041669418
-0.0024027596
-0.0050046544
-0.0114036555
-0.0201170180
-0.0299078152
-0.0397866225
-0.0485965170
-0.0548772082
-0.0575641867
-0.0569446268
-0.0546142319
-0.0522814774
-0.0507000033
-0.0506887899
-0.0533278625
-0.0577940148
-0.0603178085
-0.0579545358
-0.0520338836
-0.0461699321
-0.0419170033
-0.0381155610
-0.0334642722
-0.0275583770
-0.0204280291
-0.0136405736
-0.0106236151
-0.0131504287
-0.0186041596
-0.0224716170
-0.0224606088
-0.0187102531
-0.0126916414
-0.0066896497
-0.0025141317
-0.0004410641
0.0005974718
0.0017528794
0.0036145295
0.0061620041
0.0083966761
0.0087510152
0.0066506081
0.0032177335
-0.0002427852
-0.0040949945
-0.0094123354
-0.0160778208
-0.0226745727
-0.0279633748
-0.0324625465
-0.0379987714
-0.0453067348
-0.0531339170
-0.0599108740
-0.0653995823
-0.0697094512
-0.0722310131
-0.0725971315
-0.0711108888
-0.0675532786
-0.0610979439
-0.0529052332
-0.0469115119
-0.0457633217
-0.0476038747
-0.0477618865
-0.0426083318
-0.0320406662
-0.0196411465
-0.0106406274
-0.0085305481
-0.0129069698
-0.0195979647
-0.0232868603
-0.0211015398
-0.0147803027
-0.0088404489
-0.0071511375
-0.0105462224
-0.0169704565
-0.0239016099
-0.0292410369
-0.0318809970
-0.0328677773
-0.0353611085
-0.0424781821
-0.0534935604
-0.0636664639
-0.0681853545
-0.0658342928
-0.0593107620
-0.0527291459
-0.0486397275
-0.0472185054
-0.0474374215
-0.0484402489
-0.0490692474
-0.0474776151
-0.0418574929
-0.0317112620
-0.0191869334
-0.0080664896
-0.0011387654
0.0010560654
-0.0002485249
-0.0030905568
-0.0060606259
-0.0089343205
-0.0125984069
-0.0181219087
-0.0249708699
-0.0304230857
-0.0322949231
-0.0321987854
-0.0340210329
-0.0397273618
-0.0478096219
-0.0552562837
-0.0600600307
-0.0614749841
-0.0598204087
-0.0570739067
-0.0558875104
-0.0575558259
-0.0607994056
-0.0626089675
-0.0600396650
-0.0525555011
-0.0432466867
-0.0370300501
-0.0367631190
-0.0407725986
-0.0440998341
-0.0420565672
-0.0328358741
-0.0182023345
-0.0025421062
0.0091026031
0.0134399274
0.0114188308
0.0081180759
0.0084524275
0.0129506046
0.0179686354
0.0192863001
0.0160982321
0.0125865965
0.0142075919
0.0220434443
0.0318860348
0.0384626843
0.0398809847
0.0377371727
0.0343241215
0.0307336567
0.0272132400
0.0240757594
0.0217138158
0.0205031071
0.0199223905
0.0176104328
0.0111142137
0.0005387351
-0.0117030740
-0.0231404445
-0.0331277913
-0.0426683554
-0.0527161600
-0.0629476211
-0.0722518843
-0.0797136017
-0.0853268708
-0.0899230236
-0.0940110611
-0.0968970686
-0.0976598927
-0.0967868028
-0.0950302812
-0.0913803495
-0.0841201015
-0.0731325899
-0.0602238196
-0.0478042142
-0.0373420106
-0.0291940236
-0.0228428116
-0.0169121234
-0.0104351571
-0.0046405584
-0.0020822694
-0.0031320401
-0.0047186791
-0.0033256817
0.0010960152
0.0055001672
0.0067026944
0.0036479609
-0.0019158032
-0.0068887796
-0.0091832770
-0.0091808209
-0.0091916034
-0.0115782921
-0.0165820814
-0.0220687693
-0.0255964092
-0.0266293104
-0.0262599777
-0.0250820764
-0.0229979738
-0.0206265057
-0.0194637806
-0.0201724152
-0.0217412444
-0.0224894534
-0.0209415795
-0.0160659846
-0.0086739000
-0.0015673239
0.0029945321
0.0053405876
0.0072475740
0.0101090957
0.0140232928
0.0170762602
0.0159518653
0.0095559971
0.0011166841
-0.0048990647
-0.0065232257
-0.0039464386
0.0019589753
0.0102051269
0.0201164812
0.0309372815
0.0412547929
0.0490365314
0.0525730432
0.0518527429
0.0486137145
0.0449374158
0.0425629656
0.0423410221
0.0436907666
0.0445919983
0.0427000858
0.0375193855
0.0315793656
0.0277704895
0.0259666609
0.0232479730
0.0172669257
0.0088543194
0.0006650213
-0.0049179867
-0.0061885653
-0.0026805654
0.0041128602
0.0112152724
0.0160203832
0.0176082402
0.0171989057
0.0170146887
0.0179548863
0.0188854732
0.0179269616
0.0144744009
0.0092573076
0.0038172232
0.0006494169
0.0016826590
0.0059781732
0.0097698829
0.0098718980
0.0069883098
0.0047560428
0.0062067977
0.0111072437
0.0162601619
0.0187450803
0.0183302157
0.0168055381
0.0160421392
0.0168006633
0.0185489698
0.0199503541
0.0195979761
0.0174842115
0.0159232014
0.0174958695
0.0227195415
0.0299272906
0.0372899237
0.0443110243
0.0515137138
0.0587561669
0.0649179440
0.0696806550
0.0741462044
0.0795094339
0.0853757186
0.0900954014
0.0919567620
0.0900007149
0.0848236917
0.0788133031
0.0743923453
0.0714083244
0.0667640672
0.0574620061
0.0436933639
0.0288079814
0.0177130053
0.0142194497
0.0184109800
0.0267931619
0.0354309654
0.0420195330
0.0460627720
0.0488734534
0.0525367717
0.0579875339
0.0641903370
0.0691706953
0.0717025036
0.0709648926
0.0664826382
0.0585066468
0.0476658871
0.0351623529
0.0239169691
0.0169685494
0.0144292574
0.0135571657
0.0123217304
0.0114523354
0.0120079003
0.0133131757
0.0138694157
0.0128310441
0.0104568095
0.0074971713
0.0047249046
0.0031171333
0.0036352575
0.0068966854
0.0122664289
0.0178419977
0.0218377157
0.0241393571
0.0257179886
0.0273368157
0.0296269213
0.0337674085
0.0405794989
0.0488323202
0.0557766145
0.0595475286
0.0604539926
0.0604271968
0.0611761808
0.0628373345
0.0640357142
0.0627529776
0.0581910326
0.0518875780
0.0461375095
0.0419957045
0.0385783534
0.0343581678
0.0288991940
0.0231028221
0.0182842692
0.0149767705
0.0120988012
0.0079946824
0.0023363465
-0.0030293670
-0.0050234334
-0.0014151611
0.0073152985
0.0178985630
0.0264442265
0.0314938000
0.0348056671
0.0388468421
0.0446522693
0.0519310474
0.0604632125
0.0698684456
0.0789710941
0.0861828677
0.0900277589
0.0897777671
0.0860365331
0.0809887703
0.0771183837
0.0752694772
0.0740500418
0.0714921089
0.0664518076
0.0586411006
0.0488364477
0.0386178729
0.0295581217
0.0226005993
0.0181642917
0.0158706589
0.0143917785
0.0126193730
0.0108208971
0.0097900091
0.0093952613
0.0098249595
0.0125537842
0.0178958814
0.0232647223
0.0255366001
0.0241771670
0.0209892349
0.0187191825
0.0197142389
0.0247132717
0.0322217063
0.0388600449
0.0415403747
0.0396877113
0.0351314790
0.0311944578
0.0310973145
0.0354112822
0.0415647656
0.0464807922
0.0487752845
0.0488028822
0.0476534683
0.0464420844
0.0454673906
0.0438754548
0.0413491610
0.0390970348
0.0386534551
0.0399682962
0.0414360274
0.0418919337
0.0422108409
0.0444365384
0.0496589059
0.0571203451
0.0637284154
0.0655645180
0.0613405746
0.0543945551
0.0498765559
0.0500109865
0.0530033697
0.0558161086
0.0564601805
0.0539977501
0.0488183891
0.0427397489
0.0374680891
0.0330059858
0.0285953803
0.0245604866
0.0218579292
0.0206106561
0.0200896514
0.0197565166
0.0197693892
0.0197494759
0.0184658439
0.0145861469
0.0079211677
0.0000020088
-0.0062367433
-0.0080270865
-0.0051844843
-0.0006762769
0.0023549901
0.0038685348
0.0057350286
0.0086043502
0.0110831552
0.0115835592
0.0103106994
0.0090353720
0.0102675714
0.0157468957
0.0253294831
0.0371285923
0.0484932545
0.0567983813
0.0604195903
0.0601433782
0.0586653865
0.0575639766
0.0557533073
0.0519404207
0.0463144872
0.0398951935
0.0339643522
0.0307213620
0.0320709151
0.0367349850
0.0399112377
0.0370546989
0.0272860184
0.0136429940
0.0011191318
-0.0063515714
-0.0080123812
-0.0063187900
-0.0047050485
-0.0051778910
-0.0076212882
-0.0102429362
-0.0103104914
-0.0059739733
0.0021169999
0.0111432675
0.0176124700
0.0196907381
0.0181140662
0.0160704198
0.0180105690
0.0264916125
0.0395666372
0.0513245344
0.0554773535
0.0499574300
0.0381249635
0.0256290104
0.0166252147
0.0122019552
0.0111910598
0.0117346168
0.0119085585
0.0096871709
0.0043970328
-0.0020978460
-0.0069248310
-0.0086757397
-0.0076896787
-0.0052751530
-0.0031438681
-0.0026003908
-0.0032072621
-0.0030393875
-0.0000098656
0.0062988558
0.0144731549
0.0222243371
0.0266742885
0.0255001638
0.0188777847
0.0093161208
-0.0000149572
-0.0062142652
-0.0073127379
-0.0037512269
0.0014767029
0.0049278094
0.0050622435
0.0029132796
0.0006395509
-0.0005610993
-0.0011422490
-0.0019790002
-0.0033211920
-0.0049651602
-0.0067025405
-0.0087026799
-0.0114928282
-0.0151133654
-0.0186511098
-0.0212052033
-0.0225772111
-0.0226825307
-0.0210698038
-0.0176748207
-0.0130332917
-0.0074127938
-0.0012130248
0.0044024111
0.0082035606
0.0102057672
0.0119003540
0.0144702017
0.0179146815
0.0210030093
0.0218105467
0.0192188756
0.0136563270
0.0071335174
0.0025163564
0.0022709662
0.0066602154
0.0134508952
0.0192856576
0.0211726986
0.0181714346
0.0119503318
0.0055413799
0.0011739273
-0.0011985127
-0.0031177620
-0.0061348260
-0.0108497813
-0.0158154678
-0.0185387480
-0.0183394936
-0.0168473948
-0.0166091420
-0.0195080741
-0.0260038924
-0.0348381751
-0.0432483617
-0.0479395487
-0.0467015092
-0.0398664212
-0.0304911732
-0.0219492250
-0.0158428679
-0.0124033466
-0.0113486044
-0.0117446371
-0.0116921186
-0.0089271536
-0.0029638281
0.0033842490
0.0064559808
0.0052752224
0.0030121133
0.0041669648
0.0104486205
0.0187760308
0.0234765048
0.0208747729
0.0116352519
-0.0003646906
-0.0105889683
-0.0168109336
-0.0198221790
-0.0223948869
-0.0272544024
-0.0349193477
-0.0429395876
-0.0478237779
-0.0479465684
-0.0443277239
-0.0389853469
-0.0332020237
-0.0270021064
-0.0199448613
-0.0117344957
-0.0027278383
0.0055703783
0.0110063123
0.0128879217
0.0124855183
0.0121129283
0.0139635053
0.0179916203
0.0213161228
0.0208593525
0.0162752960
0.0095051926
0.0027025811
-0.0030683565
-0.0077884016
-0.0122260577
-0.0169539942
-0.0165577800
-0.0194932802
-0.0209782429
-0.0220069877
-0.0229144859
-0.0236058029
-0.0241658441
-0.0241033162
-0.0225232888
-0.0197092726
-0.0170480090
-0.0154546091
-0.0149286264
-0.0147870907
-0.0140807524
-0.0124962174
-0.0111472663
-0.0114889606
-0.0134068955
-0.0152792704
-0.0159223439
-0.0152682130
-0.0133052594
-0.0098709971
-0.0055057296
-0.0018959601
-0.0007097744
-0.0022252652
-0.0054877279
-0.0089392640
-0.0105185538
-0.0082026250
-0.0022929248
0.0036281121
0.0055863166
0.0022105616
-0.0049441446
-0.0125676315
-0.0178029212
-0.0203464232
-0.0221911570
-0.0257236181
-0.0320532643
-0.0406058878
-0.0496783610
-0.0573387076
-0.0622480240
-0.0643120849
-0.0645433670
-0.0637198929
-0.0616687880
-0.0575874338
-0.0512724277
-0.0441309533
-0.0381678060
-0.0342142129
-0.0314134818
-0.0279889514
-0.0230855740
-0.0175939527
-0.0128561217
-0.0090993562
-0.0058603858
-0.0030734898
-0.0002264176
0.0036955113
0.0087430288
0.0134202756
0.0153794914
0.0135877862
0.0093291317
0.0058844352
0.0064773732
0.0113029626
0.0169401035
0.0192155813
0.0167037454
0.0118046395
0.0081088047
0.0068819257
0.0065146572
0.0043303079
-0.0008834131
-0.0079653341
-0.0146085156
-0.0189834012
-0.0207985443
-0.0209958234
-0.0211126907
-0.0224238236
-0.0250233663
-0.0278298970
-0.0293561868
-0.0289865139
-0.0271959384
-0.0244148979
-0.0212793210
-0.0192802873
-0.0198444264
-0.0223117056
-0.0236658359
-0.0213108699
-0.0159276418
-0.0111127499
-0.0106853651
-0.0152596431
-0.0215507847
-0.0250942753
-0.0233704104
-0.0168119039
-0.0083699467
-0.0022941014
-0.0014492176
-0.0050444988
-0.0094814245
-0.0117889677
-0.0118162609
-0.0111643022
-0.0117313202
-0.0144443629
-0.0187537635
-0.0230312082
-0.0254578961
-0.0252876641
-0.0230380662
-0.0201296760
-0.0176863308
-0.0159339320
-0.0149042415
-0.0147560037
-0.0155394720
-0.0167755004
-0.0172508583
-0.0158231172
-0.0122008039
-0.0068757774
-0.0010528587
0.0031237530
0.0032401837
-0.0013061102
-0.0083372979
-0.0144473418
-0.0174897790
-0.0177600400
-0.0167621105
-0.0156995986
-0.0153193023
-0.0159814375
-0.0175983851
-0.0195495033
-0.0204362354
-0.0183924696
-0.0132676358
-0.0077085722
-0.0051966389
-0.0071543261
-0.0122237321
-0.0175607281
-0.0206910414
-0.0206247792
-0.0184212969
-0.0167574507
-0.0178711405
-0.0218862591
-0.0271646105
-0.0320157196
-0.0351209428
-0.0350116677
-0.0318187316
-0.0280578961
-0.0263384656
-0.0269455329
-0.0277481542
-0.0261938796
-0.0211513081
-0.0138801420
-0.0074431690
-0.0043707927
-0.0048234557
-0.0066993800
-0.0078539497
-0.0077526380
-0.0071969890
-0.0070736012
-0.0075946142
-0.0084119720
-0.0093257997
-0.0108101350
-0.0132212021
-0.0162169295
-0.0186224359
-0.0194239032
-0.0191651089
-0.0195014687
-0.0214936271
-0.0248494738
-0.0285072483
-0.0314668130
-0.0335236668
-0.0352039202
-0.0372292645
-0.0399995220
-0.0434292006
-0.0470599605
-0.0501910361
-0.0522187293
-0.0529915375
-0.0526720597
-0.0514535669
-0.0494964762
-0.0471650842
-0.0448064656
-0.0425352068
-0.0402698937
-0.0375151025
-0.0339122906
-0.0297498409
-0.0256610968
-0.0219446699
-0.0184474189
-0.0153502662
-0.0134840181
-0.0132339220
-0.0138443276
-0.0139662074
-0.0126435180
-0.0097012601
-0.0055621980
-0.0013480123
0.0015548350
0.0025170436
0.0017908261
-0.0003865472
-0.0040976109
-0.0094650491
-0.0165000076
-0.0246962455
-0.0328321828
-0.0393680356
-0.0433408968
-0.0449084655
-0.0454656621
-0.0466356520
-0.0492026326
-0.0526206517
-0.0554428438
-0.0567489543
-0.0569658410
-0.0571246366
-0.0576621736
-0.0578244134
-0.0561327967
-0.0519480684
-0.0462055145
-0.0408917318
-0.0375673720
-0.0361060183
-0.0352623460
-0.0341414615
-0.0326743650
-0.0309905785
-0.0289495985
-0.0263689893
-0.0233243088
-0.0201522462
-0.0173255681
-0.0150275565
-0.0127977990
-0.0102697822
-0.0081826338
-0.0077527264
-0.0094349705
-0.0126096434
-0.0161255647
-0.0187900357
-0.0199904349
-0.0198891257
-0.0189971658
-0.0176979768
-0.0163983462
-0.0157967814
-0.0166019658
-0.0189015571
-0.0220135471
-0.0247239796
-0.0258102648
-0.0249488075
-0.0232859969
-0.0224398058
-0.0230903161
-0.0245796331
-0.0254427682
-0.0245105722
-0.0222641718
-0.0209326439
-0.0225871897
-0.0270830429
-0.0323696410
-0.0362370274
-0.0376584853
-0.0369829644
-0.0352922047
-0.0337560794
-0.0332528680
-0.0339789601
-0.0353973622
-0.0366255305
-0.0372388604
-0.0375290777
-0.0380392569
-0.0389353066
-0.0395812851
-0.0388883587
-0.0362338946
-0.0318705572
-0.0266704400
-0.0217718472
-0.0181808851
-0.0165300253
-0.0168089868
-0.0181495362
-0.0192961965
-0.0194915422
-0.0189596108
-0.0186120442
-0.0189982039
-0.0197939904
-0.0206198326
-0.0217211459
-0.0233865032
-0.0254443200
-0.0274760456
-0.0292566426
-0.0308378427
-0.0323428301
-0.0337638035
-0.0347184681
-0.0346714062
-0.0335813282
-0.0320923840
-0.0309483466
-0.0306605378
-0.0312728684
-0.0321786781
-0.0326230390
-0.0323835361
-0.0320941680
-0.0325242305
-0.0336392223
-0.0347644055
-0.0352291324
-0.0347551822
-0.0334540406
-0.0317672007
-0.0302713558
-0.0292531031
-0.0285979631
-0.0279933092
-0.0273609392
-0.0269469156
-0.0269872079
-0.0275322011
-0.0284205125
-0.0293637123
-0.0300456177
-0.0303295796
-0.0303773677
-0.0304644022
-0.0308699330
-0.0317587123
-0.0330670721
-0.0345600254
-0.0358608049
-0.0365016042
-0.0362732827
-0.0354871245
-0.0346638733
-0.0339948435
-0.0333176485
-0.0325805090
-0.0320933204
-0.0322088399
-0.0330140537
-0.0343565000
-0.0358450086
-0.0370883436
-0.0378617468
-0.0381496478
-0.0381593085
-0.0382475660
-0.0386664228
-0.0393354795
-0.0398258204
-0.0397126515
-0.0389809080
-0.0380452554
-0.0373782485
-0.0370629474
-0.0367490597
-0.0359983310
-0.0347607390
-0.0334602577
-0.0326086512
-0.0323908224
-0.0326405176
-0.0330480173
-0.0334080233
-0.0336313506
-0.0337498719
-0.0339536733
-0.0343960840
-0.0349898763
-0.0356158019
-0.0363306841
-0.0372883333
-0.0384810216
-0.0396996164
-0.0407287028
-0.0414962397
-0.0421062310
-0.0427652557
-0.0434578770
-0.0438873616
-0.0438592437
-0.0434888246
-0.0430705777
-0.0428057610
-0.0427403885
-0.0427723103
-0.0427239548
-0.0424766917
-0.0420435229
-0.0415033135
-0.0408607576
-0.0400867666
-0.0392541758
-0.0385173172
-0.0380004665
-0.0377435003
-0.0377038516
-0.0378000495
-0.0380057498
-0.0383771830
-0.0389449383
-0.0395907189
-0.0401123298
-0.0404202351
-0.0405898659
-0.0407797080
-0.0411203504
-0.0416040559
-0.0420954903
-0.0424688720
-0.0427033487
-0.0428449867
-0.0429134518
-0.0428931584
-0.0427924922
-0.0426435693
-0.0424487331
-0.0421747998
-0.0417924144
-0.0413197960
-0.0408315241
-0.0404326865
-0.0401907711
-0.0400795738
-0.0400285140
-0.0400167293
-0.0400598922
-0.0401274798
-0.0401524209
-0.0401153857
-0.0400841467
-0.0401531116
-0.0403482552
-0.0406160667
-0.0408862048
-0.0411192122
-0.0413125477
-0.0414751903
-0.0416001816
-0.0416885129
-0.0417692194
-0.0418620400
-0.0419469918
-0.0419881094
-0.0419719352
-0.0419104864
-0.0418283111
-0.0417571119
-0.0417181478
-0.0417056377
-0.0417030700
-0.0417010126
-0.0416895619
-0.0416501889
-0.0415641474
-0.0414318839
-0.0412858511
-0.0411670397
-0.0410926002
-0.0410469219
-0.0410041712
-0.0409589141
-0.0409165737
-0.0408740287
-0.0408267180
-0.0407737126
-0.0407171316
-0.0406580911
-0.0405916640
-0.0405136475
-0.0404271030
-0.0403414498
-0.0402694292
-0.0402183444
-0.0401835661
-0.0401580051
-0.0401374987
-0.0401176392
-0.0400905975
-0.0400474065
-0.0399873100
-0.0399190869
-0.0398534865
-0.0397957481
-0.0397435366
-0.0396880183
-0.0396208327
-0.0395412516
-0.0394536539
-0.0393622558
-0.0392691253
-0.0391745694
-0.0390769884
-0.0389735594
-0.0388617971
-0.0387405439
-0.0386103706
-0.0384746653
-0.0383382876
-0.0382038109
-0.0380699835
-0.0379346882
-0.0377976816
-0.0376596608
-0.0375202962
-0.0373792744
-0.0372371826
-0.0370948265
-0.0369521132
-0.0368080524
-0.0366621448
-0.0365149001
-0.0363669345
-0.0362179897
-0.0360669184
-0.0359127125
-0.0357549739
-0.0355937057
-0.0354290695
-0.0352613835
-0.0350910580
-0.0349183796
-0.0347433855
-0.0345658461
-0.0343854945
-0.0342022409
-0.0340162564
-0.0338278351
-0.0336371935
-0.0334443888
-0.0332493381
-0.0330519615
-0.0328522642
-0.0326502732
-0.0324459837
-0.0322393666
-0.0320303884
-0.0318190172
-0.0316052342
-0.0313890455
-0.0311704670
-0.0309495034
-0.0307261515
-0.0305004079
-0.0302722758
-0.0300417652
-0.0298088904
-0.0295736646
-0.0293360964
-0.0290961926
-0.0288539595
-0.0286094042
-0.0283625340
-0.0281133562
-0.0278618780
-0.0276081067
-0.0273520497
