-0.0013801551
-0.0007582943
-0.0001069592
-0.0012432706
-0.0025547827
0.0005373501
0.0022089180
0.0010684954
-0.0002173290
0.0009968919
0.0028959607
0.0009567712
0.0012995033
0.0025654009
0.0018034415
0.0000696954
-0.0001710473
0.0017903843
0.0033296863
0.0011854578
-0.0025791774
-0.0021688379
0.0014238378
0.0015194117
0.0016925538
0.0010053943
-0.0006026011
-0.0008847724
-0.0000650144
0.0017086908
-0.0000934879
-0.0017979060
-0.0004227891
0.0012586140
0.0023555233
0.0026113696
-0.0012121865
-0.0019014243
-0.0010486064
-0.0002988491
0.0016210858
-0.0010265240
-0.0033995427
0.0000129791
0.0031542870
0.0020691865
-0.0016173831
-0.0029700748
0.0020931535
0.0041666993
0.0010221646
0.0008274717
0.0022161778
-0.0004456597
-0.0021506237
-0.0017234895
0.0005897415
0.0038867582
0.0018801849
-0.0009193653
0.0010432605
0.0011933655
0.0005841326
-0.0001463773
0.0031991875
0.0036108314
-0.0019143595
-0.0013483958
-0.0010737857
0.0023899665
0.0027035926
-0.0011476474
0.0005810573
0.0033031810
0.0033258626
-0.0013784623
-0.0025217558
-0.0017443244
-0.0013994919
-0.0019398540
0.0033342087
0.0030673613
0.0013599047
0.0002336394
-0.0030126123
0.0012823626
0.0007369537
-0.0007551392
-0.0020292667
0.0022871449
0.0032237956
0.0065597325
0.0047641316
-0.0007408273
-0.0006216079
0.0007822205
-0.0001501326
-0.0003100506
0.0003139986
0.0010993323
0.0045799289
0.0044395848
0.0024694770
-0.0016676808
-0.0013645162
-0.0003811590
-0.0002176201
-0.0011131718
-0.0011959167
-0.0037051565
-0.0019931602
0.0021738777
0.0083990958
0.0044536692
-0.0043811128
0.0033475554
0.0069988562
0.0045654031
0.0006904198
-0.0057715232
-0.0079930027
0.0025677094
0.0083332421
0.0058442424
0.0000543153
-0.0161099585
-0.0140079955
0.0065004931
0.0108834602
0.0038802273
-0.0064825466
-0.0048847168
-0.0001293812
0.0047286565
0.0089408341
0.0001534052
-0.0105310189
-0.0100216485
0.0075758542
0.0086894217
0.0007422500
-0.0028885234
-0.0021759917
0.0009301135
0.0079961140
0.0035683000
-0.0183062968
-0.0240113994
-0.0069732622
0.0123277690
0.0093302719
-0.0040963214
-0.0147315065
-0.0110335252
0.0072099818
0.0182195036
0.0097104693
-0.0036523206
-0.0183460937
-0.0113776718
0.0165553130
0.0150116229
-0.0074237917
-0.0159997697
0.0010435796
0.0125941524
0.0083824683
-0.0000026274
-0.0027404103
-0.0032258518
0.0003226179
0.0019366496
-0.0012953809
-0.0019233636
-0.0008573031
0.0071081732
0.0022460890
-0.0038700866
-0.0022258494
0.0061669392
0.0075515774
-0.0012189862
-0.0020715409
-0.0008101154
0.0070739851
0.0074723566
-0.0024766547
0.0046221636
0.0093454922
0.0020638320
-0.0114697155
-0.0064506081
0.0034173009
0.0019855492
0.0062578322
-0.0004726152
-0.0018372743
-0.0022026203
-0.0004664622
0.0072053196
0.0059538344
-0.0023019358
-0.0052716700
-0.0021385737
0.0011242017
-0.0027230068
0.0027133039
0.0113984815
0.0064239665
0.0059148605
0.0032013363
-0.0066980784
-0.0080452373
-0.0014387958
-0.0031213912
-0.0140847048
-0.0072881023
-0.0014553503
-0.0059180532
-0.0066936902
0.0012193928
0.0028681314
-0.0024556769
-0.0112571270
-0.0165627254
-0.0001301363
0.0010927960
-0.0012637622
-0.0026065539
-0.0001700156
0.0045391120
0.0007237992
-0.0091127254
-0.0110321413
-0.0032913154
0.0038527652
0.0002334404
-0.0011440342
0.0041752249
-0.0028803990
-0.0084821338
-0.0015081468
0.0068332514
0.0017494733
-0.0050361075
0.0042451027
0.0096681894
0.0037013476
-0.0097184575
-0.0004458460
0.0155859857
0.0113681212
0.0101531744
0.0033187303
-0.0087912074
-0.0125890556
0.0058529358
0.0081195898
-0.0026881689
-0.0009538066
0.0043100951
0.0036498879
0.0028571118
0.0054949046
-0.0015409611
-0.0063868183
-0.0084055654
-0.0075049515
0.0016443526
0.0064800879
0.0036437965
-0.0071652916
-0.0062980347
-0.0066068977
-0.0086742029
0.0008666159
0.0000678737
-0.0018858396
0.0033242657
0.0036577145
0.0011113253
-0.0094472366
-0.0071465292
0.0033365984
-0.0014023160
-0.0018236775
0.0033044314
0.0079675385
0.0046300161
0.0062010294
0.0083227513
0.0092520554
0.0128269034
0.0061631214
-0.0065698027
-0.0050135629
0.0025313130
-0.0027867382
-0.0045040672
0.0003707118
-0.0068948102
-0.0172563346
-0.0111540992
-0.0054764737
-0.0061053238
0.0017231136
0.0064036631
0.0052610911
0.0028800060
0.0030945291
-0.0005912405
-0.0057230789
-0.0104502337
-0.0139203519
-0.0093069697
-0.0056092179
0.0022053048
0.0058399147
0.0118654682
0.0073064936
-0.0050137833
-0.0019599644
0.0040690479
0.0035196656
-0.0060383080
-0.0179898075
-0.0243447038
-0.0019781452
0.0161816051
0.0042460671
-0.0131570200
-0.0073130873
0.0050864736
0.0026292139
0.0045453071
-0.0008251982
-0.0033358191
-0.0042694019
-0.0083335535
-0.0136294626
-0.0003619537
0.0012659380
-0.0098354957
-0.0088722748
-0.0052144598
0.0062798962
0.0022659084
-0.0109209988
-0.0105932169
0.0005989956
-0.0047155500
-0.0090488541
-0.0021458520
0.0081032413
0.0173646193
0.0044372363
-0.0158671044
-0.0088722175
0.0195352397
0.0154440729
-0.0107657306
-0.0169918865
-0.0001046406
0.0136635100
0.0001403090
-0.0096553521
-0.0101154798
-0.0073910007
-0.0076607218
0.0063654074
0.0206510456
-0.0054598886
-0.0278346730
-0.0124697745
0.0144782370
0.0284777197
0.0158545941
0.0000988577
-0.0016493728
0.0015627289
0.0088712780
0.0012478909
0.0078472387
0.0078824298
-0.0000927474
0.0002152665
-0.0030197294
-0.0027896648
-0.0181632872
0.0014870673
0.0164710509
0.0028057003
-0.0055342666
-0.0208680103
-0.0336429163
-0.0229346949
-0.0044488413
0.0085384092
-0.0039545770
-0.0089428578
0.0059417154
0.0141745230
0.0221265383
0.0037074724
-0.0118242125
-0.0086237244
-0.0059827417
-0.0032132523
0.0099878480
0.0100738752
0.0061746223
0.0106207685
0.0036055683
-0.0095906682
-0.0224835808
-0.0119790962
-0.0004285112
-0.0107452633
0.0002885721
0.0217337203
0.0225607137
0.0016606328
-0.0083361652
0.0054833147
0.0105501886
0.0051991663
-0.0017705197
-0.0058934248
-0.0069504625
-0.0136111809
0.0029725777
0.0067639083
-0.0130716983
-0.0235060508
-0.0140111928
0.0017071003
-0.0104546558
-0.0142491496
-0.0193078053
-0.0073931073
0.0189484788
0.0289920966
0.0176332898
0.0007456598
-0.0089749337
-0.0104282391
0.0022080379
-0.0010568025
-0.0149414795
-0.0028767546
0.0159331367
0.0065515916
-0.0026911918
0.0018096655
0.0115768234
0.0121549843
0.0031146033
-0.0029580131
-0.0068421813
-0.0071186006
-0.0064442418
-0.0060500548
-0.0037306928
-0.0116323312
-0.0068251969
0.0019491145
-0.0010081339
0.0009502546
-0.0011757995
-0.0065195246
0.0039090286
0.0079382867
-0.0053306277
-0.0122030356
-0.0088890250
-0.0032653216
-0.0134464443
-0.0087565591
-0.0117794581
-0.0066414983
0.0108450821
-0.0003293942
-0.0141784330
0.0062439152
0.0303607952
0.0214511859
-0.0004600496
-0.0049612987
0.0064829972
0.0061912891
0.0072591841
0.0097270594
-0.0020519103
-0.0037920690
-0.0006103526
-0.0093047885
-0.0173294246
-0.0150499130
-0.0117296298
-0.0221390133
-0.0130999490
0.0002308272
-0.0095015111
-0.0102546503
0.0006591755
0.0064006248
0.0098131359
0.0106257606
0.0026674339
-0.0096761073
-0.0161132419
-0.0034339853
0.0174733763
0.0300145662
0.0159357393
-0.0171601326
-0.0249192758
-0.0046116103
0.0045020915
-0.0092303678
-0.0091791659
0.0033373524
0.0023260350
0.0041660241
0.0164064593
0.0273711280
0.0210759185
-0.0092623041
-0.0331473460
-0.0316929893
-0.0203221488
-0.0041661109
0.0021959015
-0.0080365660
0.0097016914
0.0311077968
0.0324217917
0.0028236476
-0.0017132681
-0.0017653439
-0.0112593240
-0.0111908174
-0.0207371063
-0.0245751382
-0.0278670190
-0.0281219823
-0.0140115940
0.0142700371
0.0175726463
0.0026669364
-0.0119491594
0.0029510926
0.0082519591
0.0137510604
0.0046615285
0.0159766098
0.0297719809
0.0291351510
0.0060787735
-0.0235860892
-0.0186019112
-0.0156620132
-0.0041818641
-0.0116269569
0.0048370481
0.0098515394
-0.0141283671
-0.0177493764
-0.0143379134
-0.0058852254
0.0035514048
-0.0120195406
-0.0194029151
-0.0015039720
0.0123820480
-0.0072803254
0.0002645264
0.0131089973
-0.0104439589
-0.0215158530
-0.0310827281
-0.0097288459
-0.0050340583
-0.0255538377
-0.0256403353
-0.0100245097
-0.0139949270
-0.0299672167
-0.0371220606
-0.0189537605
-0.0047411666
-0.0041937528
0.0147094527
0.0335164675
0.0337320960
0.0447790311
0.0195522770
-0.0153543777
0.0065353350
0.0151906652
0.0261777929
0.0226286364
0.0219016127
0.0300306191
0.0412262822
0.0205407458
0.0040054699
0.0243194477
0.0255097888
-0.0026232776
-0.0232149609
-0.0187699078
-0.0231708685
-0.0344788953
-0.0584020985
-0.0499093852
0.0000511860
0.0452434008
0.0382068872
0.0255556310
0.0286695454
0.0175226049
-0.0015379743
-0.0175236393
-0.0117276109
-0.0095671342
0.0021114029
0.0318693462
0.0252097338
0.0000937731
-0.0171995644
-0.0375870349
-0.0183866379
0.0215743737
0.0519336422
0.0554963618
0.0302426784
0.0125927910
0.0037908939
0.0021117519
0.0097707702
0.0162104551
0.0236545449
0.0475595757
0.0468118194
0.0289138436
0.0415196298
0.0559110069
0.0565613373
0.0638125555
0.0772936129
0.0813727558
0.0746072396
0.0657516261
0.0586259362
0.0380648745
-0.0006392585
-0.0256338563
-0.0202714868
-0.0022852978
0.0127186314
0.0217382666
0.0372649582
0.0560893067
0.0639392594
0.0563127499
0.0410610499
0.0258661187
0.0033274160
-0.0191112964
-0.0222235111
-0.0198268425
-0.0093256143
0.0157225164
0.0273964989
0.0088499990
-0.0329467909
-0.0579384548
-0.0622729813
-0.0572927372
-0.0441174873
-0.0459461588
-0.0534535765
-0.0595412144
-0.0601041494
-0.0511787939
-0.0331411887
-0.0086632125
0.0028383799
-0.0133426332
-0.0260825071
-0.0003638080
0.0566271605
0.1173501488
0.1481185782
0.1411244670
0.0765643161
0.0084919814
-0.0244684653
-0.0204724335
0.0187692109
0.0550452387
0.1011943721
0.1408345719
0.1559272406
0.1529965325
0.1075377937
0.0506496926
-0.0081355514
-0.0574186372
-0.0547480118
-0.0326270775
-0.0368555477
-0.0749240350
-0.1152137764
-0.1364088732
-0.1394078902
-0.0895625857
-0.0279395523
-0.0272431524
-0.0566412862
-0.0703257564
-0.0279680411
0.0397441448
0.0746328248
0.0838192429
0.0703875894
0.0501920408
0.0448919620
0.0655951812
0.1112428407
0.1284907020
0.0859813775
0.0079788299
-0.0521637613
-0.0753365507
-0.0823430505
-0.0886046911
-0.1009183834
-0.1120044155
-0.1018334310
-0.0826785857
-0.0822059214
-0.0805258388
-0.0516256006
-0.0276179427
-0.0438977362
-0.0749099876
-0.0811625246
-0.0427968344
0.0375824043
0.1199762722
0.1624067198
0.1477844182
0.1027998510
0.0755287587
0.0633853809
0.0541195557
0.0576945328
0.0767439185
0.1180652300
0.1287181286
0.0919208671
0.0556307462
0.0219899932
0.0233980781
0.0616462771
0.0973299953
0.1166857331
0.1332872196
0.1500587832
0.1304652415
0.0744267487
0.0396348695
0.0419356192
0.0395646819
0.0259873809
0.0487462664
0.1118407219
0.1362263793
0.1109315586
0.0930204205
0.0851973151
0.0748479941
0.0710681450
0.0396403612
0.0083645698
0.0133239221
0.0284464944
0.0212546852
0.0115795472
0.0255912596
0.0513403275
0.0802093349
0.0867931808
0.0850117411
0.0621389501
0.0415719663
0.0353615778
0.0315785673
0.0132975077
-0.0294331322
-0.0408448079
-0.0329223805
-0.0244917732
-0.0091056430
-0.0214812984
-0.0720720474
-0.1369831749
-0.1785917358
-0.1723679890
-0.1888985526
-0.2362562763
-0.2494573233
-0.2088810760
-0.1795861309
-0.1841222716
-0.1853343784
-0.1752583243
-0.1329158724
-0.1238291604
-0.1249298095
-0.1248799268
-0.1240078835
-0.1245789786
-0.1254618705
-0.1455785543
-0.1681706709
-0.1864804732
-0.2018105687
-0.2099399856
-0.2070507637
-0.1832327331
-0.1500870526
-0.1161546568
-0.0826093777
-0.0486973745
-0.0126247813
0.0228937977
0.0559045408
0.0841457144
0.1137775102
0.1318561987
0.1394719906
0.1329786571
0.0947877521
0.0396441551
-0.0166677378
-0.0394399039
-0.0449266752
-0.0634788502
-0.0715229394
-0.0662071909
-0.0471003940
-0.0170707815
-0.0013862915
0.0075642581
0.0071102183
-0.0168298297
-0.0536323948
-0.0849975116
-0.1079363499
-0.1248029044
-0.1495944800
-0.1680840581
-0.1656356642
-0.1536862583
-0.1442550193
-0.1476224439
-0.1434703691
-0.1381811437
-0.1194745243
-0.0956841242
-0.0925330010
-0.1025537908
-0.1198039650
-0.1241423366
-0.1195990136
-0.1126913577
-0.1022450909
-0.0806986442
-0.0531718373
-0.0157819567
0.0234014098
0.0498183334
0.0571201297
0.0438301074
0.0204648727
-0.0011408503
-0.0127453566
-0.0326525170
-0.0517006514
-0.0743881107
-0.1014115514
-0.1215798922
-0.1114627819
-0.0636967986
-0.0271271067
-0.0143730656
-0.0164499671
-0.0200032865
-0.0236859706
-0.0349964478
-0.0584364528
-0.0922181891
-0.1032067205
-0.1036182396
-0.1178787554
-0.1351639863
-0.1410383213
-0.1366054412
-0.1438231826
-0.1512267110
-0.1547933631
-0.1473505742
-0.1095854077
-0.0553858023
-0.0081956534
0.0149971375
0.0338538020
0.0649220936
0.0840217587
0.0979354392
0.1070356271
0.1101428256
0.1016815979
0.0761048481
0.0508281650
0.0324325938
0.0254698548
0.0156500475
-0.0008039377
-0.0165011096
-0.0278268898
-0.0318648403
-0.0329483062
-0.0297263591
-0.0180552942
-0.0029726049
0.0081948660
0.0201409119
0.0441857904
0.0750345396
0.1038134575
0.1142441910
0.1059002903
0.0901697630
0.0785126243
0.0684893764
0.0722274221
0.0969503370
0.1132326177
0.1087427973
0.0960447435
0.0885571741
0.0810414063
0.0739921835
0.0704951979
0.0678246810
0.0761025338
0.0875802900
0.1015181361
0.1218836562
0.1356476646
0.1453980475
0.1462497193
0.1448834493
0.1517672371
0.1656647947
0.1731281604
0.1744486687
0.1740089776
0.1614208632
0.1391296198
0.1345205584
0.1509975185
0.1600223667
0.1573264279
0.1501492041
0.1440353375
0.1415872160
0.1447358553
0.1456277148
0.1401568167
0.1288526716
0.1244027290
0.1250470198
0.1297597750
0.1401096568
0.1555687679
0.1666761869
0.1615529837
0.1564861481
0.1585158874
0.1519967028
0.1412214423
0.1320891504
0.1239131848
0.1316212186
0.1449190561
0.1436476161
0.1240718245
0.0888751082
0.0419180717
0.0032696016
-0.0163213567
-0.0200638011
-0.0045403281
0.0209233189
0.0299031484
0.0282148105
0.0300861275
0.0370683418
0.0392871156
0.0453294882
0.0572894365
0.0651983787
0.0600334487
0.0441677184
0.0335256368
0.0230472239
0.0115406875
0.0025991917
0.0046305506
0.0044643229
0.0005893885
0.0070629678
0.0277325762
0.0458905664
0.0378789347
0.0145659512
-0.0184095545
-0.0401925180
-0.0270442335
-0.0084089847
-0.0184474865
-0.0370404882
-0.0430023203
-0.0139069303
0.0379117300
0.0566027864
0.0532268496
0.0517545169
0.0587077090
0.0600327973
0.0514122550
0.0536704416
0.0597598517
0.0599539316
0.0440006033
0.0151758164
-0.0082970676
-0.0165624210
-0.0123988086
-0.0088984311
-0.0168932665
-0.0364787004
-0.0578716796
-0.0807138893
-0.0970402510
-0.1077011851
-0.1079862255
-0.0894842944
-0.0600432917
-0.0268125686
-0.0024869905
0.0000569083
-0.0091228838
-0.0200212920
-0.0268575492
-0.0202858783
-0.0034459932
0.0158800625
0.0172998255
-0.0127296601
-0.0420168758
-0.0573372716
-0.0679089300
-0.0608447536
-0.0473271719
-0.0363227497
-0.0452457268
-0.0538908845
-0.0378932224
-0.0175231112
-0.0047966036
-0.0163288662
-0.0474735350
-0.0668992786
-0.0735480414
-0.0621769762
-0.0434996012
-0.0498629725
-0.0714100804
-0.0914815752
-0.1051914867
-0.1127603199
-0.1085325278
-0.0990238490
-0.0995521639
-0.1055191401
-0.0983449645
-0.0897970314
-0.0896988611
-0.0891694045
-0.0846397468
-0.0850897684
-0.0866863443
-0.0852379142
-0.0909842109
-0.1047257694
-0.1074044598
-0.0929588332
-0.0702121784
-0.0333884024
-0.0130422876
-0.0117097272
-0.0108879780
-0.0112899907
-0.0177972120
-0.0163866201
0.0030701764
0.0292709218
0.0467102989
0.0479270124
0.0379750289
0.0275999360
0.0280826689
0.0333488333
0.0277099869
0.0100003437
-0.0120571940
-0.0253094019
-0.0161686318
0.0021197905
0.0145924975
0.0104499073
0.0005125478
-0.0154755892
-0.0420802329
-0.0588962065
-0.0728327677
-0.0840167856
-0.0857427949
-0.0760119265
-0.0517239394
-0.0300782162
-0.0188559317
-0.0146961758
-0.0175435426
-0.0178581438
-0.0260297231
-0.0361371110
-0.0275865278
-0.0178380368
-0.0075929379
0.0019910838
-0.0070867843
-0.0251764853
-0.0338094185
-0.0414008982
-0.0497108019
-0.0489024071
-0.0439776557
-0.0237938051
-0.0172357362
-0.0168727230
-0.0079315295
-0.0209747139
-0.0363724381
-0.0343718393
-0.0181911578
-0.0098732353
-0.0229749628
-0.0159043483
0.0121245968
0.0093118043
-0.0118420332
-0.0293883672
-0.0442200294
-0.0652017636
-0.0654411411
-0.0602364141
-0.0661994834
-0.0465183574
-0.0287202444
-0.0258819728
-0.0171268316
-0.0225984483
-0.0438753255
-0.0704618948
-0.0705319499
-0.0554628479
-0.0589506223
-0.0621889878
-0.0657710306
-0.0562651004
-0.0359202015
-0.0340490647
-0.0494876398
-0.0621915882
-0.0641167792
-0.0451233885
-0.0418816430
-0.0503644275
-0.0401921556
-0.0251017437
-0.0109621098
0.0059670450
0.0135753134
-0.0038657101
-0.0179931456
-0.0162794002
0.0067747393
0.0245674772
0.0290140941
0.0321814637
0.0247210598
0.0084896739
-0.0128446483
-0.0259709736
-0.0065210111
0.0276798945
0.0435274903
0.0386413647
0.0322033739
0.0368090895
0.0329474069
0.0186162639
0.0143061341
0.0320003271
0.0425436337
0.0167270508
-0.0083579963
-0.0017931068
0.0190110043
0.0270775487
0.0245113892
0.0210001533
0.0148424986
0.0232511598
0.0331243864
0.0350764028
0.0317494592
0.0180830771
0.0172903046
0.0266814070
0.0392012111
0.0554647855
0.0637767973
0.0617275173
0.0475136221
0.0336527032
0.0416337343
0.0555511232
0.0605641198
0.0551976833
0.0359282337
0.0270484031
0.0317248758
0.0373642254
0.0404068971
0.0360682787
0.0262135670
0.0283770539
0.0434056305
0.0489926849
0.0466176987
0.0588046894
0.0784955707
0.0874394039
0.0849397444
0.0834650348
0.0917131445
0.0907946828
0.0700315592
0.0484991265
0.0413291986
0.0458265083
0.0527816888
0.0487420455
0.0307589032
0.0305723652
0.0418235790
0.0370104042
0.0257534374
0.0121682174
-0.0080849461
-0.0339087096
-0.0482907899
-0.0519662807
-0.0534000312
-0.0463622588
-0.0328862797
-0.0260753251
-0.0266433612
-0.0293091023
-0.0355908673
-0.0403333218
-0.0359250543
-0.0230110179
-0.0120367840
-0.0092516132
-0.0075190502
-0.0033196626
-0.0046249525
-0.0076687233
-0.0014932790
0.0066118371
0.0086814291
0.0064671152
0.0050865438
0.0017862319
-0.0055368860
-0.0073462463
-0.0004831317
0.0029274042
0.0004242577
-0.0019553449
-0.0042445354
-0.0065611571
-0.0136010886
-0.0179881668
-0.0246328813
-0.0367910913
-0.0361834331
-0.0325081726
-0.0348045516
-0.0381822560
-0.0351201189
-0.0217601658
-0.0149564775
-0.0143904575
-0.0124492094
-0.0108601996
-0.0079771882
-0.0061784395
-0.0101101052
-0.0206573583
-0.0290807802
-0.0247383760
-0.0069752193
0.0068826011
0.0045489954
-0.0010425188
0.0021622749
0.0108445475
0.0163464767
0.0158382725
0.0133828793
0.0131056751
0.0063372141
-0.0017180130
-0.0075140978
-0.0100468092
-0.0010846890
0.0130253890
0.0240685434
0.0246495983
0.0182540329
0.0152188182
0.0125509066
-0.0027498207
-0.0208411611
-0.0275297074
-0.0137437695
0.0041371220
0.0229761567
0.0554025890
0.0767452465
0.0687876049
0.0477991705
0.0448690060
0.0539606572
0.0604854592
0.0708492649
0.0811895149
0.0896222868
0.0895734290
0.0912487039
0.1026168673
0.1064646358
0.1011948678
0.0939031506
0.0887792941
0.0825428841
0.0763175663
0.0777518236
0.0804347828
0.0830275053
0.0909368643
0.0987295348
0.1036254398
0.1060348342
0.1090625675
0.1040718964
0.0919768828
0.0872350667
0.0824524265
0.0756124539
0.0626845503
0.0428775537
0.0316189526
0.0351344445
0.0461304538
0.0522695429
0.0483300535
0.0415402461
0.0387729326
0.0425604352
0.0405570703
0.0325201529
0.0268353013
0.0129809034
-0.0004823797
0.0013089319
0.0170122932
0.0235633599
0.0186232507
0.0134589957
0.0065525086
0.0051292983
0.0083892469
0.0069060303
0.0075508059
0.0163905015
0.0227546224
0.0131360664
-0.0067948917
-0.0205150995
-0.0304336502
-0.0439237195
-0.0504966477
-0.0494786290
-0.0523516061
-0.0636710742
-0.0757434623
-0.0795951766
-0.0818158504
-0.0856068074
-0.0865664560
-0.0812771546
-0.0761207981
-0.0737316783
-0.0793413920
-0.0821263255
-0.0808990665
-0.0770840059
-0.0700212967
-0.0687622731
-0.0726509572
-0.0890503806
-0.1032192691
-0.1057563191
-0.0979563995
-0.0922919998
-0.0948839058
-0.0958823055
-0.0941473496
-0.0883701510
-0.0823569712
-0.0876295014
-0.1039727201
-0.1058406166
-0.0929770940
-0.0793460934
-0.0744068479
-0.0803252595
-0.0878534579
-0.0964757223
-0.0994563887
-0.0873376822
-0.0710683300
-0.0711931412
-0.0931522418
-0.1272839289
-0.1521706744
-0.1438823058
-0.1167369069
-0.0988084349
-0.0816518434
-0.0565148066
-0.0286680900
-0.0184443469
-0.0469249728
-0.0908965210
-0.1127489999
-0.0915592922
-0.0554484761
-0.0397208313
-0.0373210587
-0.0602031575
-0.0898319314
-0.1131939029
-0.1288886173
-0.1033850841
-0.0716573516
-0.0541455157
-0.0360437899
-0.0264746749
-0.0502816663
-0.0644992279
-0.0462800190
-0.0537756438
-0.0674608590
-0.0669110739
-0.0559220311
-0.0178293415
0.0113434466
0.0005436395
-0.0243577354
-0.0280494713
-0.0047382410
0.0162232371
0.0266535205
0.0348492872
0.0387561333
0.0292348030
0.0151030335
0.0033269746
-0.0046486262
0.0021727659
0.0168203112
0.0365840980
0.0546617453
0.0644739812
0.0666746617
0.0503539194
0.0288329975
0.0191367031
0.0278880062
0.0510773226
0.0700190001
0.0778931680
0.0759558372
0.0665279584
0.0482791662
0.0376402170
0.0418046411
0.0566781229
0.0614617295
0.0550837018
0.0548993416
0.0567133317
0.0611611641
0.0653692153
0.0562099311
0.0357848261
0.0253729045
0.0349008911
0.0488031205
0.0553981730
0.0577560483
0.0550445449
0.0545697298
0.0527802219
0.0467512814
0.0429369852
0.0354175387
0.0271715318
0.0182313535
0.0038113618
-0.0086548203
-0.0080291349
-0.0016608551
0.0066196624
0.0215786359
0.0352075874
0.0429766498
0.0478040922
0.0498944979
0.0456355862
0.0368510288
0.0295098818
0.0283752063
0.0345536067
0.0365701593
0.0275363664
0.0202608261
0.0220766592
0.0286108157
0.0311438070
0.0347877487
0.0412452120
0.0436625336
0.0416328212
0.0399380935
0.0415681157
0.0419115556
0.0408656519
0.0385110636
0.0385097243
0.0405980324
0.0405782373
0.0477487485
0.0545031425
0.0496583283
0.0386897840
0.0226949376
0.0157619203
0.0284271956
0.0459382868
0.0541893495
0.0487404642
0.0368443050
0.0315546255
0.0315207174
0.0279475248
0.0250404139
0.0298154048
0.0420104086
0.0504606178
0.0539449032
0.0419450953
0.0161575045
0.0095711391
0.0186327312
0.0284192784
0.0357667379
0.0470454628
0.0607577397
0.0682853947
0.0714258575
0.0669691780
0.0515728768
0.0271104502
0.0055222168
0.0044661050
0.0148929251
0.0238858241
0.0216971699
0.0043940136
-0.0175550165
-0.0342212473
-0.0420411399
-0.0387243294
-0.0334942373
-0.0230695744
-0.0103612461
-0.0075319219
-0.0077542550
-0.0090400756
-0.0179294137
-0.0320419061
-0.0313707286
-0.0207077781
-0.0195116131
-0.0303763633
-0.0405423481
-0.0469254556
-0.0497327339
-0.0417009114
-0.0352302507
-0.0366056106
-0.0333630679
-0.0270443092
-0.0265402029
-0.0305903385
-0.0334746247
-0.0325335380
-0.0275243431
-0.0326797956
-0.0459823533
-0.0543849444
-0.0524146017
-0.0417765552
-0.0378991867
-0.0345860671
-0.0331630690
-0.0391563306
-0.0472277560
-0.0460806249
-0.0356208047
-0.0252453848
-0.0251616086
-0.0299626259
-0.0286663504
-0.0374832468
-0.0509481360
-0.0489715036
-0.0363347942
-0.0379616429
-0.0395543954
-0.0296060195
-0.0287451174
-0.0376821689
-0.0394110620
-0.0298311028
-0.0202156488
-0.0136577448
-0.0125231198
-0.0147438417
-0.0155470476
-0.0121750615
-0.0113335385
-0.0120811137
-0.0098317193
-0.0116660066
-0.0183783136
-0.0288748018
-0.0400408588
-0.0481411753
-0.0529133076
-0.0485714366
-0.0402027096
-0.0317748687
-0.0272104923
-0.0228908349
-0.0187506864
-0.0219654737
-0.0208119990
-0.0222081983
-0.0256930176
-0.0259603943
-0.0221322192
-0.0141097001
-0.0023975104
0.0032248065
0.0034758923
0.0044902349
0.0022808559
0.0005828662
0.0034389122
0.0140335733
0.0243133802
0.0273453576
0.0224599516
0.0174409720
0.0169723364
0.0211130574
0.0261890039
0.0287490192
0.0329891726
0.0380414375
0.0411679374
0.0452705571
0.0457108458
0.0468677930
0.0482745367
0.0467899771
0.0491668734
0.0541563874
0.0596401208
0.0646336593
0.0687609609
0.0698875134
0.0637129835
0.0509080115
0.0423311291
0.0436605431
0.0443530427
0.0439927847
0.0474346836
0.0474452098
0.0427621354
0.0377389968
0.0356761905
0.0343584426
0.0330205870
0.0373780377
0.0420023256
0.0390761811
0.0380762440
0.0384326931
0.0295627987
0.0190599399
0.0186735399
0.0234905023
0.0258264330
0.0241113769
0.0191114305
0.0113668938
0.0047611697
0.0065601454
0.0060555068
0.0019339739
0.0008359091
0.0018429871
0.0019881683
0.0018262467
0.0048553387
0.0052890284
0.0064668619
0.0111470046
0.0153678284
0.0119581637
0.0056114533
0.0086970464
0.0096090178
0.0079737502
0.0070249435
0.0065916875
0.0025824401
-0.0048278319
-0.0054253283
-0.0064727594
-0.0140643930
-0.0182834333
-0.0162664082
-0.0166070460
-0.0195246073
-0.0230743515
-0.0247946126
-0.0218057382
-0.0143300118
-0.0076221699
-0.0067928206
-0.0083128870
-0.0082410876
-0.0050298606
0.0012799002
0.0025196971
-0.0013322213
-0.0004298321
0.0034032988
0.0074960121
0.0108885451
0.0102831619
0.0089519765
0.0069219936
0.0025549002
-0.0046556578
-0.0055519921
-0.0038788641
-0.0061043493
-0.0106833362
-0.0151222990
-0.0160427174
-0.0209332799
-0.0279808707
-0.0323857999
-0.0280617591
-0.0179801644
-0.0094962265
-0.0032799780
-0.0011007640
-0.0020892391
0.0007402702
0.0069723351
0.0114550721
0.0102329289
0.0040772066
-0.0008865070
-0.0041214220
-0.0036310890
-0.0055610388
-0.0096272090
-0.0112857351
-0.0120264457
-0.0117219205
-0.0095557534
-0.0050680407
-0.0029677388
-0.0081857676
-0.0101830094
-0.0092711824
-0.0111086290
-0.0093670197
-0.0078001227
-0.0030421513
-0.0012924384
-0.0069062644
-0.0088688175
-0.0069325071
-0.0085237444
-0.0122764031
-0.0109914904
-0.0075559508
-0.0052478169
-0.0058364471
-0.0136155669
-0.0214543710
-0.0239555428
-0.0251148927
-0.0260483111
-0.0246669701
-0.0201216018
-0.0164531440
-0.0146150446
-0.0090513811
-0.0031332886
-0.0049692808
-0.0101007954
-0.0149475531
-0.0155199097
-0.0173414372
-0.0218459692
-0.0207427006
-0.0167031492
-0.0166047894
-0.0218833461
-0.0253790067
-0.0233701640
-0.0166919293
-0.0088469672
-0.0042556218
-0.0023798221
-0.0028073720
-0.0061975091
-0.0072151701
-0.0061332877
-0.0074106085
-0.0072437797
-0.0078794725
-0.0081501634
-0.0086218437
-0.0098345593
-0.0055047705
-0.0073433496
-0.0149255566
-0.0179521077
-0.0162740417
-0.0110233217
-0.0114767681
-0.0135407876
-0.0133168577
-0.0111566542
-0.0096095076
-0.0101408131
-0.0086002773
-0.0102374480
-0.0115477784
-0.0112637737
-0.0099148792
-0.0075904357
-0.0076556020
-0.0068431850
-0.0064955819
-0.0064359571
-0.0016703255
0.0043102695
0.0083242040
0.0108923019
0.0128208337
0.0123051748
0.0121916006
0.0139474758
0.0115612380
0.0106745088
0.0107088133
0.0123742942
0.0141296188
0.0134254252
0.0154795731
0.0161475682
0.0186956131
0.0214430298
0.0201395968
0.0150745523
0.0129724856
0.0154006706
0.0137817820
0.0123506562
0.0116453753
0.0114410676
0.0116637259
0.0086204470
0.0045165492
0.0021242904
0.0024603064
0.0030607367
0.0050719385
0.0087043198
0.0083190965
0.0043909315
-0.0009949891
-0.0061042245
-0.0072256962
-0.0020599293
0.0054983725
0.0056149879
-0.0000390626
-0.0048968126
-0.0068942259
-0.0069769019
-0.0067227354
-0.0081381925
-0.0110724625
-0.0103394205
-0.0077091665
-0.0086036342
-0.0115128095
-0.0119273922
-0.0126278067
-0.0137656680
-0.0116532898
-0.0069202082
-0.0022467034
-0.0040549845
-0.0098192145
-0.0107580986
-0.0062437167
-0.0022191144
0.0007876896
0.0060731689
0.0099099359
0.0097056988
0.0039790551
-0.0015878217
-0.0019435850
-0.0010086676
0.0004744340
0.0016561855
0.0010527563
0.0011488777
0.0011574265
0.0013653706
0.0030424120
0.0052795860
0.0081535162
0.0082093007
0.0020849659
-0.0038970256
-0.0047495782
-0.0026769711
0.0039305836
0.0083430883
0.0052052610
0.0002652884
-0.0026785799
-0.0027331267
-0.0038709726
-0.0076082236
-0.0083004235
-0.0021969984
0.0044356290
0.0052478154
0.0054240242
0.0067499863
0.0055411231
0.0036429208
0.0032768586
0.0032854609
0.0048237395
0.0083563391
0.0109402048
0.0120598064
0.0137492920
0.0132954261
0.0097173264
0.0073686671
0.0068376967
0.0076041281
0.0089171143
0.0099695685
0.0105986465
0.0096871562
0.0091317321
0.0094895871
0.0108114271
0.0113662600
0.0098258346
0.0080378328
0.0077364874
0.0079872776
0.0077207932
0.0076342735
0.0079917633
0.0083436487
0.0060833559
0.0033080203
0.0008790105
0.0001923206
0.0010541239
-0.0001506473
-0.0024625688
-0.0043482895
-0.0044927910
-0.0038789463
-0.0045077455
-0.0056508834
-0.0059729157
-0.0049757191
-0.0046310666
-0.0051995391
-0.0040365121
-0.0031880442
-0.0028345444
-0.0041034330
-0.0051346592
-0.0046616370
-0.0044325701
-0.0038806296
-0.0038476198
-0.0035582440
-0.0033447814
-0.0039982595
-0.0039741836
-0.0036035546
-0.0031528006
-0.0021425441
-0.0016367239
-0.0010512116
-0.0006689967
-0.0006100682
-0.0005382997
-0.0000745782
0.0001857050
-0.0003398236
-0.0011730687
-0.0012216907
-0.0007450637
-0.0007177734
-0.0007897798
-0.0001188316
0.0008628377
0.0011134596
0.0009870185
0.0007167416
0.0007106959
0.0010579192
0.0011809839
0.0013009867
0.0017348415
0.0020250281
0.0018998977
0.0014313970
0.0010507620
0.0012784582
0.0014739367
0.0013084352
0.0013642521
0.0015612334
0.0017581296
0.0018800748
0.0020269645
0.0019825855
0.0018558503
0.0016136948
0.0014060938
0.0014259410
0.0012517263
0.0011063711
0.0010317338
0.0009455603
0.0009363336
0.0008690278
0.0007207602
0.0005535373
0.0004339982
0.0003653052
0.0003545703
0.0002810681
0.0001629649
0.0001083295
0.0000664161
0.0000213577
-0.0000714336
-0.0001971589
-0.0003059322
-0.0003850882
-0.0004490217
-0.0005145147
-0.0005417030
-0.0005417607
-0.0005350379
-0.0005410936
-0.0005359862
-0.0005330403
-0.0005486042
-0.0005777794
-0.0006112218
-0.0006178341
-0.0006214582
-0.0006237818
-0.0006347398
-0.0006433594
-0.0006439327
-0.0006368988
-0.0006212847
-0.0006126926
-0.0006033799
-0.0005969578
-0.0005958421
-0.0005927218
-0.0005903343
-0.0005899802
-0.0005897335
-0.0005898463
-0.0005898209
-0.0005903108
-0.0005941975
-0.0006005061
-0.0006073919
-0.0006154310
-0.0006242935
-0.0006338965
-0.0006444565
-0.0006558235
-0.0006677422
-0.0006802428
-0.0006934062
-0.0007070739
-0.0007211451
-0.0007355618
-0.0007502667
-0.0007652109
-0.0007803466
-0.0007956391
-0.0008110744
