-0.1253714163
-0.1278141889
-0.1302474303
-0.1326670418
-0.1350762768
-0.1374714256
-0.1398553196
-0.1422247520
-0.1445823046
-0.1469252287
-0.1492538699
-0.1515669028
-0.1538648626
-0.1561463988
-0.1584111683
-0.1606587572
-0.1628870547
-0.1650990489
-0.1672949618
-0.1694745482
-0.1716341440
-0.1737771414
-0.1758968013
-0.1780058414
-0.1801123902
-0.1821990028
-0.1842521057
-0.1862919480
-0.1883097635
-0.1903095501
-0.1922883328
-0.1942546451
-0.1961945993
-0.1981025887
-0.2000369208
-0.2019665076
-0.2034549811
-0.2045565705
-0.2064507631
-0.2084616791
-0.2104025225
-0.2124971848
-0.2140751837
-0.2149057090
-0.2152388198
-0.2164463370
-0.2208838956
-0.2246878073
-0.2253974348
-0.2259132444
-0.2264750530
-0.2283367135
-0.2301382696
-0.2311454507
-0.2318243426
-0.2329974426
-0.2377772704
-0.2386542469
-0.2339813817
-0.2337411655
-0.2416052850
-0.2492081894
-0.2476247503
-0.2447859648
-0.2413752262
-0.2383628537
-0.2479660152
-0.2476066081
-0.2446099008
-0.2439615676
-0.2398136809
-0.2381319811
-0.2489072472
-0.2515830992
-0.2478492578
-0.2543796402
-0.2605721176
-0.2616927775
-0.2562802709
-0.2511715621
-0.2536963297
-0.2631438754
-0.2719932368
-0.2653222006
-0.2469239405
-0.2467068025
-0.2735635765
-0.2909498602
-0.2610084644
-0.2304182824
-0.2475587115
-0.2836008429
-0.2954582767
-0.2644097383
-0.2400526660
-0.2747488629
-0.2826778801
-0.2548944824
-0.2300864163
-0.2385323247
-0.2740575837
-0.3131293962
-0.3043066697
-0.2404025024
-0.1977022492
-0.2441239076
-0.3020069030
-0.3075264684
-0.2367610582
-0.2293358936
-0.2974142136
-0.3017520196
-0.2794336388
-0.2599553020
-0.2372420557
-0.2561549512
-0.3091911419
-0.3169632417
-0.2752624563
-0.2322800240
-0.2289818918
-0.2611359506
-0.2674227265
-0.2440019128
-0.2602513834
-0.2597218265
-0.2436152019
-0.2336675221
-0.2234849232
-0.2415585941
-0.2641183591
-0.2842572931
-0.2649930786
-0.2329017489
-0.2051622648
-0.2118762989
-0.2367801982
-0.2580050240
-0.2498205611
-0.2229857665
-0.2212974855
-0.2414919789
-0.2469043019
-0.2244968760
-0.2063154999
-0.2275775555
-0.2508350530
-0.2424342587
-0.2324456483
-0.2209406589
-0.2108390417
-0.2253505686
-0.2432158192
-0.2199841573
-0.1894375621
-0.1890800469
-0.2140462905
-0.2249679341
-0.2144167609
-0.2047626306
-0.1940142785
-0.1877570295
-0.1961537310
-0.2036123697
-0.1919506922
-0.1753609921
-0.1678853733
-0.1911012651
-0.1818586160
-0.1704290055
-0.2171444666
-0.2173688828
-0.1858875366
-0.1597808055
-0.1516361061
-0.1739610758
-0.2015539002
-0.1971387744
-0.1665549026
-0.1361112005
-0.1287924757
-0.1471031122
-0.1556940383
-0.1455221647
-0.1425081208
-0.1437493545
-0.1418811020
-0.1415079915
-0.1386154741
-0.1368642661
-0.1341440486
-0.1283333939
-0.1186000831
-0.1141794131
-0.1196741308
-0.1233115302
-0.1094550685
-0.1207970898
-0.1120420003
-0.0941038003
-0.0868408826
-0.0913976313
-0.0991312760
-0.1054474927
-0.1094986116
-0.1004839190
-0.0915528160
-0.0955513712
-0.1014032637
-0.0865397453
-0.0728189865
-0.0777641590
-0.0662936256
-0.0483677615
-0.0357038062
-0.0440405895
-0.0569692827
-0.0465304752
-0.0338908868
-0.0233552501
-0.0305715223
-0.0561567028
-0.0778444343
-0.0559078016
-0.0179748170
-0.0614255364
-0.0381441816
0.0057878283
-0.0107596491
-0.0323619561
-0.0055460026
0.0233009182
0.0067891880
-0.0061888719
-0.0201836193
-0.0211461694
-0.0067545952
0.0091424981
-0.0002461645
-0.0098496780
0.0078223853
0.0194662412
0.0211251375
0.0382213588
0.0536787740
0.0381425300
0.0305934086
0.0645383038
0.0554022765
0.0337957783
0.0190410488
0.0249557816
0.0383158335
0.0543786858
0.0698376405
0.0544907308
0.0332241248
0.0486880350
0.0640240646
0.0777813282
0.0948202003
0.1050819429
0.0887344785
0.0950978387
0.1132833638
0.1026527257
0.0897195388
0.0874572205
0.0916000508
0.0975159596
0.1023716604
0.1066213263
0.0973236029
0.0779692917
0.1131581076
0.1952681905
0.1694021100
0.1287953182
0.1008565142
0.0793156128
0.0988012394
0.1209266577
0.1410827136
0.1581492564
0.1598294228
0.1270912199
0.0923785471
0.1193515714
0.1694954425
0.2164089421
0.2204574173
0.1742186576
0.1112649864
0.0567567657
0.1371696230
0.2440036744
0.2127509891
0.1757052079
0.1549740788
0.1514661319
0.1184092725
0.0807517951
0.1681244508
0.2657996418
0.2278075578
0.1624188439
0.1163124068
0.1814766615
0.2263747529
0.2243007252
0.1962181276
0.1552639135
0.1586014194
0.1977207206
0.2202682835
0.1949090412
0.1691448001
0.1431371896
0.1350309299
0.1574431257
0.1840784557
0.1583373145
0.0761683149
0.0957645017
0.1496646977
0.1837748578
0.1838895927
0.1686152016
0.1870538295
0.2048827464
0.2178940183
0.1888875819
0.1584144932
0.1938712949
0.2687179400
0.3287374711
0.2538258689
0.1528471737
0.2169627840
0.2919385427
0.3302392277
0.2971900581
0.2536715100
0.2483201012
0.2792480444
0.3156907583
0.3585516909
0.3911013441
0.3177803859
0.2297870804
0.2175650402
0.2684675589
0.3020529818
0.2735895898
0.2712462292
0.2820684318
0.2845932756
0.2900305619
0.2952921201
0.3018655976
0.3057619691
0.3113365879
0.3265941892
0.3507794678
0.3695907963
0.3903136976
0.4224350405
0.4482430483
0.3342851332
0.1984831792
0.1537947407
0.2121403510
0.2880632966
0.3537891481
0.3509880435
0.3155395871
0.2941473959
0.3265044694
0.3897899314
0.4162516262
0.4240215665
0.4257876354
0.4327200059
0.4335162122
0.4421487815
0.4447203166
0.4384941695
0.4159629840
0.3995082108
0.4120063553
0.4527217670
0.4484788023
0.4270593972
0.4038135522
0.3834010363
0.3526897333
0.3295633467
0.3232806024
0.3334486309
0.3488027978
0.3323285055
0.1686457477
0.1531720634
0.2243131368
0.2627351502
0.2042923008
0.1396735455
0.1985860010
0.2568146070
0.2538274296
0.2319462346
0.2413128416
0.2772961387
0.3050449243
0.2868648112
0.2691472684
0.2979999717
0.2346496662
0.1528000296
0.1013699029
0.0861446896
0.0938245939
0.0785451387
0.0526695896
0.1036060359
0.1842844504
0.2615191684
0.3432167639
0.3840476572
0.3974326772
0.3895758432
0.3956390669
0.4938739344
0.4662472319
0.4059209359
0.3690256180
0.3303675678
0.3522362639
0.3282634055
0.2282909623
0.1227808619
0.0960393664
0.1404217953
0.1897468224
0.2346087276
0.2947476012
0.3538325154
0.3428046402
0.2504282907
0.2012321677
0.2207229701
0.2441842495
0.1958660441
0.0702154587
-0.0660843777
-0.0790637914
0.0433920600
0.1492446607
0.1038368490
0.0427544738
0.0223011952
0.0916083309
0.1700077587
0.1289307512
0.0488529148
-0.0232575059
-0.0007494308
0.0769315106
0.1014118114
0.0388623063
0.0030764271
0.0756865248
0.1188911735
0.1479265041
0.1296634298
0.1386319845
0.2230255068
0.2298084128
0.2392130651
0.2726867499
0.2937082188
0.2019784378
0.0456639202
-0.0388155551
-0.0623004353
-0.0849450936
-0.0698381601
-0.0520490573
-0.0261336512
0.0243836469
0.0783970316
0.1169048615
-0.0016741819
-0.1283393280
-0.0890497001
-0.0443219530
-0.0790765756
-0.1043070569
-0.1163359727
-0.1204955396
-0.1287034287
-0.1379148564
-0.1549328247
-0.1808316962
-0.2017987629
-0.1764532915
-0.1421146724
-0.1151212679
-0.1596116087
-0.2046734849
-0.2245313595
-0.2390115525
-0.2426051736
-0.2494525849
-0.2569779159
-0.2718986743
-0.3063807552
-0.3570865803
-0.4044828056
-0.4409264506
-0.4578630806
-0.4658492374
-0.4713458382
-0.4773679920
-0.4976696892
-0.5314873274
-0.5397843041
-0.5303153556
-0.5197702269
-0.4982107792
-0.4657723956
-0.4330865963
-0.4236055827
-0.4215815615
-0.4232075798
-0.4493159584
-0.4813835011
-0.5031323513
-0.5191564558
-0.5237274384
-0.5158538064
-0.5124419178
-0.5189571537
-0.5208142687
-0.5114241431
-0.5145219363
-0.5381865858
-0.5554919871
-0.5819403016
-0.5649137727
-0.5736611616
-0.6113703950
-0.6113037046
-0.6335495379
-0.6594934636
-0.6545855322
-0.6526539752
-0.6473729289
-0.6452956947
-0.6508115417
-0.6593449264
-0.6709210922
-0.6508110127
-0.6414180682
-0.6566659829
-0.6684946365
-0.6637479717
-0.6616607823
-0.6671768991
-0.6691586917
-0.6791591651
-0.6800984377
-0.6914155569
-0.6848581164
-0.6942842004
-0.6608838425
-0.6078996856
-0.5952854640
-0.6171676750
-0.6498762641
-0.6492868867
-0.6044342449
-0.5497710427
-0.5208089442
-0.5272328125
-0.5424368591
-0.5506461548
-0.5530925498
-0.5551503553
-0.5728060745
-0.5963446389
-0.6184223411
-0.6318923666
-0.6328547729
-0.5645364835
-0.4742817094
-0.4799158197
-0.5615983952
-0.4786751614
-0.3777131633
-0.3726683923
-0.3693973847
-0.3719896328
-0.3630879416
-0.3059837406
-0.2459857845
-0.2535254229
-0.2756737277
-0.2834275873
-0.2368315127
-0.1271573539
-0.0323417623
-0.0418488009
-0.0480013560
0.0163365619
0.0533196052
0.1410726972
0.2815565199
0.3616178629
0.3744481318
0.4081749523
0.4752302969
0.4975231343
0.5509093733
0.6087280185
0.5497293293
0.5082198724
0.4946422454
0.4962165379
0.4336606465
0.3222574511
0.2748127380
0.2974046548
0.3551202806
0.4019917308
0.4084762543
0.3878534130
0.3574131200
0.3430597243
0.3422513466
0.3531999679
0.3549495826
0.3005886977
0.2728104919
0.2987577976
0.3220480305
0.3432673353
0.3685647559
0.3900487621
0.3942309300
0.4011371623
0.4365278573
0.4672674752
0.4620696214
0.4532306747
0.4374046854
0.3902765728
0.3397309348
0.3154365820
0.3000555997
0.2849255351
0.2704389321
0.2418815222
0.2305884914
0.2292458175
0.2267074347
0.2328515392
0.2464100902
0.2643484052
0.2566618659
0.2332500173
0.2133203114
0.2009511236
0.2000443338
0.1993649027
0.1925014740
0.1917619121
0.2054424116
0.2161994113
0.1930311158
0.1543612019
0.0980881482
0.0380142819
-0.0217413986
-0.0788893262
-0.1325976610
-0.1854364725
-0.2323418122
-0.2285843621
-0.1999901295
-0.1832881927
-0.2345491533
-0.2502815882
-0.1570852284
-0.0572294601
0.0282294849
0.0498763472
0.0440564113
0.0942869034
0.1533080299
0.2013986556
0.1729113959
0.1268759680
0.1027104263
0.1280641001
0.1549134763
0.1690994639
0.1900566130
0.2080656057
0.2215684995
0.2413920026
0.2752330717
0.3247354130
0.3870142314
0.4029309107
0.3307300052
0.2501116785
0.2221761927
0.2419833166
0.2455320394
0.2206666375
0.2105176758
0.2337006309
0.2524732238
0.2584007297
0.2688634281
0.2731684232
0.2400682928
0.1941049494
0.1884279821
0.1813996303
0.1199735648
0.0435808675
-0.0370888886
-0.1010025591
-0.0892622815
-0.0943458608
-0.1702346929
-0.2538393971
-0.2631145107
-0.2225902644
-0.2289267740
-0.2620024012
-0.2739544658
-0.2573400677
-0.2337081200
-0.2304567830
-0.2314361049
-0.2324499683
-0.2361579895
-0.2672914010
-0.2996447845
-0.3463824357
-0.3941997084
-0.4402731105
-0.4800391493
-0.4574249632
-0.4005881526
-0.4163411194
-0.4495708058
-0.3925632077
-0.3037975634
-0.2196061915
-0.1276811974
-0.0719273926
-0.0459320847
-0.0102620740
0.0471376796
0.1047087982
0.1609017329
0.1740973756
0.1551827702
0.1735356094
0.1939477489
0.1578256688
0.1198479714
0.0821115570
0.0361858819
-0.0048677534
-0.0105476244
-0.0041058635
-0.0009396405
0.0010351627
0.0379164039
0.1093882466
0.1786298442
0.1749028106
0.1272478310
0.0831377804
0.0567017157
0.0206221108
-0.0270693578
-0.0685793788
-0.0942918755
-0.1171373115
-0.1427560375
-0.1577038456
-0.1489272930
-0.1336519438
-0.1163373387
-0.1067649912
-0.1361551193
-0.1346935858
-0.0986235958
-0.0760135855
-0.0918371547
-0.1128731882
-0.1289680304
-0.1212052427
-0.0866610617
-0.0700641794
-0.0638460270
-0.0472394737
-0.0366374668
-0.0444654127
-0.0504311455
-0.0413313621
-0.0086606128
-0.0195442443
-0.0387310611
-0.0505157793
-0.0374903047
-0.0175668142
-0.0026320073
0.0293704818
0.0895850807
0.1120109531
0.0914456789
0.0769498789
0.1147466318
0.1756153107
0.2389993346
0.2959173825
0.2747158217
0.2452661528
0.2362023189
0.2048801837
0.1646389439
0.1308044961
0.1584232486
0.1956671903
0.2322300671
0.2725186618
0.2513484822
0.2108007128
0.2092672463
0.1942087559
0.1652500785
0.1413592734
0.1363754096
0.1451710262
0.1336603590
0.1045352201
0.1188273355
0.1907979844
0.2655953309
0.3218168742
0.3352554063
0.3442484195
0.3589866665
0.3416330056
0.2899924409
0.2363548968
0.1839129955
0.1274400112
0.0826026990
0.0381310855
-0.0120581753
-0.0564176984
-0.0348569825
-0.0022152653
0.0253354678
0.0614699421
0.0769160704
0.0667937491
0.0736895288
0.1336450724
0.1906380358
0.2020372023
0.1814140294
0.1579515149
0.1530798638
0.1782354613
0.2080525119
0.2336484194
0.2649292735
0.3029042499
0.3306117342
0.2850817540
0.2856785936
0.3012833660
0.2775131103
0.2506982347
0.2223961239
0.1945990725
0.1727372693
0.1678637013
0.1617537783
0.1576943851
0.1652139078
0.1691912929
0.1555620721
0.1415974646
0.1426323298
0.1653977022
0.1871706445
0.1818897924
0.1730819244
0.2038605689
0.2410351435
0.2757553864
0.2994419915
0.2966425064
0.3272529460
0.3629598015
0.3927925043
0.4306380155
0.4469212069
0.4080313704
0.3620046595
0.3345670055
0.3127103379
0.2956353369
0.3138766477
0.3534641572
0.3861667283
0.3766835443
0.3297995841
0.3542090021
0.3917665839
0.4234658219
0.4158947895
0.3502761220
0.3000394877
0.2986580549
0.2805795013
0.2413782007
0.2034353186
0.1619106694
0.1414407507
0.1848822882
0.2367501653
0.2850070581
0.3152092782
0.3209962956
0.3297850215
0.3403865798
0.3198064472
0.2555348278
0.1940512735
0.1951883082
0.2083743957
0.2145857956
0.2108011276
0.2003269138
0.2118717827
0.2228995072
0.2234817566
0.2105232758
0.1811092253
0.1472266592
0.1122850599
0.0781672404
0.0970153219
0.1281200590
0.1515185360
0.1065894871
0.0452245155
0.0310402380
0.0630916336
0.0999234328
0.1127701375
0.1078686027
0.1113907346
0.0976159066
0.0740775100
0.0553494048
0.0452203422
0.0596330009
0.0739975132
0.0973901606
0.1010098266
0.0228646334
-0.0335438923
0.0174806230
0.0695796738
0.0875099041
0.0618930237
0.0377242940
0.0956613095
0.1806503513
0.1534555942
0.1046029956
0.0683051526
0.0755005729
0.1176243046
0.1209536738
0.1096061980
0.0962758802
0.0796834616
0.0604053096
0.0462426854
0.0562633231
0.0697197053
0.0791304733
0.0907873881
0.1112808491
0.1253732816
0.0531465436
-0.0133369903
0.0157870234
0.0038037495
-0.0780580927
-0.0912744865
-0.0787184628
-0.1320144256
-0.1500323187
-0.1322565623
-0.1187239126
-0.1139255722
-0.1398990595
-0.1707546580
-0.1811168252
-0.1625682870
-0.1454835647
-0.1253983495
-0.0568200321
-0.0096312483
-0.0229898025
-0.0349537942
-0.0133826023
0.0165998079
0.0496276769
0.0914597497
0.0830532873
-0.0064977272
-0.0754049048
-0.0216544068
0.0368362648
0.0039006904
-0.0454294959
-0.0801727548
-0.0833325199
-0.0614652450
-0.0310971741
-0.0029448690
-0.0396873872
-0.0999223279
-0.1119223240
-0.1029576593
-0.0992140115
-0.0991985390
-0.0733060349
-0.0903418114
-0.1370029927
-0.1760564192
-0.1626640744
-0.1388814610
-0.1246574479
-0.1029017369
-0.0610073478
-0.0145894537
0.0376029122
0.0737098938
0.0067159647
-0.0595267475
-0.0097886696
0.0055030913
-0.0410177149
-0.0740749932
-0.0675874270
-0.0550751293
-0.0438059806
-0.0285554323
-0.0592321049
-0.1050279181
-0.1475804484
-0.1918275524
-0.2425138586
-0.2926340340
-0.2766827503
-0.2083555947
-0.1387314608
-0.1232022209
-0.1781284881
-0.1808051254
-0.1398488277
-0.0991057522
-0.0726585125
-0.1234568170
-0.1529909244
-0.1135360928
-0.0686958152
-0.0304004147
-0.0679371826
-0.1211125484
-0.0882396586
-0.0395159226
-0.0097365229
-0.0940520542
-0.1643021536
-0.1317934297
-0.1047065571
-0.1005343465
-0.1402526953
-0.1851412408
-0.2047968310
-0.1659357731
-0.1234180211
-0.1436693543
-0.2015829928
-0.1913098183
-0.1308554879
-0.0880298874
-0.1146736004
-0.1466395692
-0.1735983946
-0.2016972303
-0.2142781083
-0.2278073176
-0.2429042772
-0.2342658526
-0.1899672566
-0.1402280408
-0.1263527022
-0.1584230679
-0.1756664294
-0.1273040740
-0.0685575841
-0.0171657940
-0.0648444671
-0.1423951268
-0.1587834137
-0.0995981029
-0.1069068300
-0.1530397748
-0.1868205618
-0.1958526117
-0.1168730829
-0.0423167437
-0.0636091442
-0.1082507136
-0.1402801727
-0.1567400167
-0.1328618841
-0.1099445244
-0.1107670055
-0.1862392465
-0.2696273764
-0.2983734790
-0.2056463952
-0.1061170399
-0.0852797924
-0.1406949994
-0.2060654472
-0.2521562682
-0.1662144092
-0.0479874346
0.0471881134
-0.0163970895
-0.1158416907
-0.1640428524
-0.1443295608
-0.1244046100
-0.1891399733
-0.1376630668
-0.0743207625
-0.1057532549
-0.1368862938
-0.0973925198
-0.0219399427
0.0488456103
0.0187218064
-0.0611384110
-0.0580752321
-0.0000519262
0.0636504955
0.1115319955
0.0542462828
-0.0256528764
-0.0925756491
-0.1087264693
-0.0755086651
-0.1292711171
-0.2174225176
-0.2920593055
-0.2601165597
-0.2145155942
-0.1781993796
-0.1490743136
-0.1492032760
-0.1352392388
-0.0973821147
-0.0558346793
-0.0188535636
-0.0195108740
-0.0082057329
0.0267460149
0.0494938561
0.0024735974
-0.0354698395
-0.0058966821
0.0224723691
0.0525633361
0.0688021182
0.0312209467
0.0160645799
0.0315608578
0.0419157903
0.0377862219
-0.0010258717
-0.0413165514
-0.0849432613
-0.1279661365
-0.1328780988
-0.1283635606
-0.1262328561
-0.1139949543
-0.1339778211
-0.2101570546
-0.2363891287
-0.1658486751
-0.0850180154
-0.0275796653
-0.1048322861
-0.1994568330
-0.2040998390
-0.1607849967
-0.1128394752
-0.1039324928
-0.1256492676
-0.1007408914
-0.0512046978
-0.1117187077
-0.1725350553
-0.1510044667
-0.1290447596
-0.1115826432
-0.1085714907
-0.1467287972
-0.1914727615
-0.2072385649
-0.1577318975
-0.0995430726
-0.0960069711
-0.1564158838
-0.2141753589
-0.1570454090
-0.0711568221
-0.1078586635
-0.1453947550
-0.1181329980
-0.1186885875
-0.1420546534
-0.1240343578
-0.0974408526
-0.0754104139
-0.0517645319
-0.0308588923
-0.0108920634
0.0132190730
0.0347612735
0.0196918036
-0.0079652766
-0.0007022543
0.0094355068
0.0226498526
0.0360546414
0.0085790344
-0.0366653338
-0.0105016715
0.0579386219
0.1076032592
0.0395689457
-0.0445482498
-0.0836040060
-0.0470154125
0.0089729885
0.0188288625
-0.0725077837
-0.0936505774
-0.0269464486
0.0199822944
0.0133800357
-0.0185770714
-0.0445719284
-0.0787442483
-0.0761918305
-0.0724686354
-0.0687267146
-0.0643698984
-0.0551924990
-0.0571056513
-0.0766625417
-0.0695635342
-0.0235842715
0.0182872526
0.0658487742
0.1122925513
0.1346369981
0.1287030794
0.1258319284
0.1216651619
0.1404262702
0.1703435797
0.1909480510
0.1005972138
0.0272598315
0.0482164286
0.0723504349
0.0860575310
0.0329179346
-0.0015176684
0.0302241361
0.0607051442
0.0909076045
0.0896945914
0.0606018337
0.0298633500
0.0038115747
-0.0195566109
-0.0548339251
-0.1102335179
-0.1672960826
-0.2270990663
-0.2670160022
-0.2517095723
-0.2301884056
-0.2195355245
-0.2063422302
-0.1779093175
-0.1235785876
-0.1038049990
-0.1221591183
-0.1415993766
-0.1590477250
-0.1765500098
-0.1892992148
-0.2019660864
-0.2219379220
-0.2428395290
-0.1670993185
-0.0430575334
-0.0134875776
-0.0410563805
-0.0609159812
-0.0318364064
0.0391305916
0.0577081927
0.0358354332
0.0161099987
0.0305699894
0.0625517353
0.0995848222
0.1155641064
0.0747102900
0.0253599085
0.0200447782
0.0383955990
0.0455405180
-0.0360197089
-0.0543884042
-0.0198727422
-0.0516123448
-0.1027494969
-0.0839637864
-0.0584050343
-0.0416019326
-0.0164886337
-0.0050969107
-0.0022081811
-0.0065139872
-0.0239580123
-0.0440216537
-0.0626187858
-0.0826160901
-0.1016086928
-0.1224139926
-0.1432792378
-0.1362657044
-0.1111896763
-0.0885101419
-0.0632524566
-0.0372229751
-0.0100642075
0.0160732711
0.0603005331
0.1219244183
0.1833255120
0.2198062052
0.2416057830
0.2774326282
0.3080407800
0.3112021880
0.3119944152
0.3154360875
0.3153142618
0.3159532737
0.3177445496
0.3223662851
0.3274211780
0.3318229583
0.3232720587
0.3112380202
0.2975688206
0.2837172520
0.2981402546
0.3215159752
0.3313080368
0.2975375605
0.2598287442
0.2512878124
0.2495406311
0.2236108388
0.1516929695
0.0790539613
0.0538100544
0.0551684277
0.0432933680
0.0199217170
0.0073191956
0.0249765520
0.0391274053
0.0133761017
-0.0193412348
-0.0445611365
-0.0779022776
-0.1168019992
-0.1495907727
-0.1128372253
-0.0690148140
-0.0234268911
0.0543689970
0.0805865890
0.0774529268
0.1157200615
0.1524529031
0.1910611209
0.2342053527
0.2233574974
0.1460908642
0.1149810287
0.1166983439
0.1102552057
0.0759615533
0.0378943983
0.0220472413
0.0307984205
0.0217398797
0.0034557558
-0.0061823629
0.0089800636
0.0305435538
0.0301629845
0.0221234481
0.0149544865
0.0084100910
0.0011409988
-0.0025923855
-0.0069874032
-0.0193564662
-0.0311742334
-0.0206782848
0.0119839987
0.0440056873
0.0592027792
0.0656922436
0.1007696560
0.1433956654
0.1737141673
0.1691829039
0.1812437716
0.2165699367
0.2451942845
0.2781133564
0.3091683741
0.3111583094
0.3001984472
0.3085117488
0.3155964407
0.3051895522
0.2816594569
0.2595920282
0.2335366712
0.2097723839
0.2230627947
0.2554097217
0.2909781460
0.3249341950
0.3008482127
0.2757790296
0.3172035498
0.3734099334
0.4311043239
0.4934737204
0.4909568909
0.4530410487
0.4192001893
0.4433242136
0.5041766314
0.4862276926
0.4782534829
0.5332576254
0.5370651633
0.5336303057
0.5636539034
0.5964721334
0.6193247221
0.5740629655
0.5206576760
0.5271303244
0.5535475018
0.5751662754
0.5668405899
0.5356599052
0.5331611542
0.5327721417
0.5283706525
0.5228828761
0.4797285065
0.4178802360
0.3512607013
0.2868235208
0.2642952229
0.2193081102
0.1324861451
0.0454736067
0.0012939501
0.0416053443
0.0865473661
0.0764403986
0.0460482754
0.0307803379
0.0524307556
0.0607939991
0.0213590370
0.0027546243
-0.0046039858
-0.0210334200
-0.0216855784
0.0081055723
0.0407594812
0.0579410779
0.0589138496
0.0599753624
0.0608918184
0.0529005428
0.0423851445
0.0307534566
0.0155891565
0.0215938056
0.0672478261
0.1108057361
0.1294563580
0.1508128765
0.1770367092
0.1807673371
0.1303178836
0.0940705130
0.1005363327
0.0817707181
0.0573620295
0.0372781494
0.0175525840
0.0299564325
0.0456716169
0.0587489647
0.0787182247
0.1068919176
0.1357292474
0.1681469193
0.2005923889
0.1911276521
0.1663412504
0.1778315825
0.1902722779
0.1650296434
0.1264216455
0.1183685397
0.1446647005
0.1721012675
0.1996463195
0.2294965788
0.2420641151
0.2505699965
0.2425032565
0.2226075484
0.2045555670
0.1923864757
0.1739232046
0.1391493456
0.1019044557
0.0756122002
0.0800813444
0.0869905471
0.0878156632
0.0898462664
0.0937087837
0.1061210444
0.1126575831
0.0942338277
0.0726556798
0.0531324452
0.0298870904
0.0078477657
-0.0148923094
-0.0377009461
-0.0541287768
-0.0611884310
-0.0796597237
-0.1198174721
-0.1594712099
-0.1696510334
-0.1758097868
-0.1824379284
-0.1877296536
-0.2071610069
-0.2307938030
-0.2523089961
-0.2806198913
-0.3060554385
-0.2877358387
-0.2505439654
-0.2437436643
-0.2424618663
-0.2396376759
-0.2379648178
-0.2392606017
-0.2468081429
-0.2610869952
-0.2961885511
-0.3349289697
-0.3719198411
-0.4098448921
-0.3991320799
-0.3826573561
-0.3729151043
-0.3541980242
-0.3080873620
-0.2589697366
-0.2247072650
-0.2341988748
-0.2274463316
-0.2049527210
-0.1814108779
-0.1941869311
-0.2715621306
-0.3298454035
-0.3405257214
-0.3540516250
-0.3754111487
-0.4025777043
-0.4398533513
-0.4581992450
-0.4551239875
-0.4544799584
-0.4505579179
-0.4326232937
-0.4078558530
-0.4251748627
-0.4437598800
-0.4487193001
-0.4554025150
-0.4645632497
-0.4832298507
-0.4908750399
-0.4719149908
-0.4599741360
-0.4575798927
-0.4576541026
-0.4758263222
-0.4900083700
-0.4786508018
-0.4485710256
-0.4192326524
-0.4282366468
-0.4371228767
-0.4129889716
-0.3936185326
-0.3982714515
-0.4142986200
-0.4323865534
-0.4194679531
-0.3944456397
-0.3767698961
-0.3541085169
-0.3268179898
-0.2993245608
-0.3126554722
-0.3218894558
-0.3034717134
-0.2886761206
-0.3023469477
-0.3174035020
-0.3336337345
-0.3470832517
-0.3453906853
-0.3457663937
-0.3836338545
-0.4341883966
-0.4694193067
-0.4693848671
-0.4706794109
-0.5210211722
-0.5394559489
-0.5469452024
-0.6118504393
-0.6032525258
-0.6011748975
-0.6226866854
-0.5927841303
-0.6482447633
-0.6428964383
-0.6237546354
-0.6531527740
-0.6457722437
-0.6396486154
-0.6151520764
-0.5964373930
-0.5746705995
-0.5473313449
-0.5423978444
-0.5347379989
-0.5258335664
-0.5358990626
-0.5643178568
-0.5759670719
-0.5495297960
-0.5272356605
-0.5368172546
-0.5505121458
-0.5496454811
-0.5405369463
-0.5294225834
-0.5179449074
-0.5099476869
-0.5121948400
-0.5139874618
-0.5093096218
-0.4986481878
-0.4879675443
-0.4867723153
-0.5070458902
-0.5281016176
-0.5475235329
-0.5674498479
-0.5865398592
-0.6032849953
-0.6134825843
-0.6163634303
-0.5916908764
-0.5448054831
-0.4976457265
-0.4576557583
-0.4527238210
-0.4486359610
-0.4425548801
-0.4584564977
-0.4715539752
-0.4799175492
-0.4948904357
-0.5112125806
-0.4957328922
-0.4720865709
-0.4600837356
-0.4460679356
-0.4248839026
-0.3994311801
-0.4242365046
-0.4462031449
-0.4560150281
-0.4612026373
-0.4505131822
-0.4500720224
-0.4633160465
-0.4724816022
-0.4683565795
-0.4623304316
-0.4494799334
-0.4295167182
-0.4154841570
-0.3952524614
-0.3704633645
-0.3467703219
-0.3304090105
-0.3466544157
-0.3784826457
-0.4133592556
-0.4325809011
-0.4196345398
-0.4024612953
-0.3779787892
-0.3416704556
-0.3023408211
-0.2599837255
-0.2204700449
-0.2298171847
-0.2468556548
-0.2412733021
-0.2262168088
-0.2188790261
-0.2196800550
-0.2119802180
-0.1910859691
-0.1679714906
-0.1457713591
-0.1330836232
-0.1265458841
-0.1125821455
-0.0959603625
-0.0798822635
-0.0642878341
-0.0474310650
-0.0334654523
-0.0232294287
-0.0178994537
-0.0242403745
-0.0328982956
-0.0392720144
-0.0504381152
-0.0678506064
-0.0844660161
-0.0807591705
-0.0697006806
-0.0601308742
-0.0483047236
-0.0375462768
-0.0293913055
-0.0225267838
-0.0144802974
-0.0057735080
-0.0028407757
-0.0207772964
-0.0405492808
-0.0592619645
-0.0801035449
-0.0967347330
-0.1063580814
-0.1155914432
-0.1260349721
-0.1355185243
-0.1333752098
-0.1272657506
-0.1221865130
-0.1110528131
-0.0938920482
-0.0765714428
-0.0603270004
-0.0429034925
-0.0135550381
0.0181981698
0.0494534836
0.0841285896
0.1094132586
0.1040836602
0.0950347499
0.0887945012
0.0787542770
0.0702252467
0.0601046063
0.0500352334
0.0497329378
0.0668951315
0.0845119903
0.1006396551
0.1160377984
0.1313229612
0.1478623752
0.1643448776
0.1709349480
0.1752708398
0.1801061740
0.1844161856
0.1893139349
0.1862785604
0.1721977639
0.1574121633
0.1408250851
0.1241184006
0.1330896051
0.1539091200
0.1730351168
0.1805358718
0.1744390913
0.1819496976
0.1944338017
0.2049785336
0.2167855396
0.2291837687
0.2378093895
0.2406230387
0.2436182555
0.2466507438
0.2403261215
0.2291007568
0.2180775162
0.2064084237
0.1944766598
0.1827584954
0.1704597061
0.1574304656
0.1517450964
0.1574291715
0.1602289789
0.1566564512
0.1539127305
0.1514092814
0.1466611618
0.1423914297
0.1560390071
0.1802654298
0.2034504954
0.2277528260
0.2526991280
0.2780389468
0.2970882069
0.3049016558
0.2997472954
0.2855438956
0.2686280075
0.2513664364
0.2503648670
0.2699725325
0.2911174100
0.3103806793
0.3159434797
0.3193331296
0.3267870534
0.3394705647
0.3545989133
0.3687832926
0.3671181337
0.3547871342
0.3441756516
0.3319021656
0.3139603955
0.2926908931
0.2723830521
0.2564753509
0.2470292387
0.2369478846
0.2310590982
0.2288885589
0.2259546419
0.2233028957
0.2380104561
0.2560972017
0.2719593145
0.2781396012
0.2806174817
0.2868266703
0.2952840225
0.3047371757
0.3145938607
0.3217371348
0.3190952045
0.3304106700
0.3448246271
0.3472956908
0.3406528376
0.3321089212
0.3280198042
0.3327286968
0.3378322390
0.3246963533
0.3102900072
0.2970602114
0.2812524490
0.2671288823
0.2646141215
0.2634635034
0.2615561311
0.2607768751
0.2544328216
0.2435581827
0.2326405704
0.2217502125
0.2097109830
0.1978550630
0.1956190892
0.1992827802
0.2025203160
0.2064598480
0.2105015605
0.2143422705
0.2189219366
0.2233356127
0.2188043074
0.2063536809
0.1929863153
0.1799109127
0.1776204370
0.1785708696
0.1785570421
0.1797071082
0.1812871323
0.1831218014
0.1843949623
0.1857184642
0.1888273124
0.1897044034
0.1727905348
0.1548457805
0.1600415626
0.1700445254
0.1784045232
0.1841348819
0.1883158202
0.1924582184
0.1962015903
0.2004053383
0.2043274593
0.2008328984
0.1942060538
0.1881002478
0.1797736335
0.1662806475
0.1509676957
0.1382804961
0.1394845689
0.1437040944
0.1515517144
0.1620939731
0.1718444196
0.1807642038
0.1821574805
0.1832473069
0.1842741688
0.1852018761
0.1855044867
0.1861558917
0.1883039434
0.1917557172
0.1946849144
0.1977233532
0.2014420067
0.2050706298
0.1984936192
0.1834353058
0.1681931331
0.1531223866
0.1375805103
0.1218282771
0.1067018931
0.0973408812
0.0891666202
0.0806796535
0.0724414043
0.0642767959
0.0622669015
0.0651220268
0.0680663772
0.0722539521
0.0749555603
0.0632310738
0.0501361937
0.0384900515
0.0243753327
0.0148701900
0.0204621635
0.0282487771
0.0340399345
0.0419208207
0.0488389054
0.0546589106
0.0582531176
0.0623544056
0.0658018016
0.0695847700
0.0727866794
0.0763607456
0.0796375455
0.0830502042
0.0840467587
0.0852460283
0.0860689273
0.0870057119
0.0875600959
0.0886150136
0.0896939768
0.0911376965
0.0921420030
0.0936707572
0.0938409798
0.0925950394
0.0908103144
0.0896518183
0.0879548964
0.0867669586
0.0839231146
0.0812672348
0.0781812466
0.0758666947
0.0733272923
0.0685118766
0.0581732307
0.0483891957
0.0385218895
0.0299733489
0.0208688497
0.0105355995
0.0036788553
0.0220864406
0.0259594930
0.0247799410
0.0284200567
0.0294327567
0.0314068114
0.0326508094
0.0335376299
0.0331899770
0.0333025147
0.0325849398
0.0331420411
0.0393442987
0.0463077141
0.0522573978
0.0589044518
0.0648126636
0.0708711520
0.0763419084
0.0817809074
0.0869601570
0.0919820533
0.0942172193
0.0943524361
0.0943442007
0.0944464474
0.0943119005
0.0943953300
0.0951977148
0.0962619421
0.0970144378
0.0980392453
0.0989455033
0.0985448902
0.0968863846
0.0955639970
0.0943262740
0.0934716146
0.0935475807
0.0939327311
0.0942792707
0.0948612076
0.0957663240
0.0972780872
0.0987890619
0.1005360758
0.1023247846
0.1040526753
0.1057451204
0.1077575079
0.1098891637
0.1119031937
0.1138198817
0.1156342152
0.1173231449
0.1190557467
0.1205223280
0.1204185688
0.1203007981
0.1205811792
0.1208527463
0.1213826642
0.1220566374
0.1228735121
0.1237672081
0.1253790214
0.1276377576
0.1298006250
0.1317793252
0.1337024129
0.1354585477
0.1371192773
0.1386492323
0.1400757086
0.1413656091
0.1425962604
0.1435465119
0.1443849800
0.1452861535
0.1464630330
0.1476497325
0.1486342634
0.1496147276
0.1506038342
0.1515683272
0.1525273556
0.1534879323
0.1544527438
0.1553990198
0.1563316680
0.1572481658
0.1581511388
0.1590395367
0.1599162501
0.1607791009
0.1616303877
0.1624680374
0.1632938832
0.1641059154
0.1649069298
0.1656938708
0.1664662794
0.1672200578
0.1679600874
0.1686869474
0.1693992735
0.1700961764
0.1707770652
0.1714409722
0.1720874441
0.1727158334
0.1733255295
0.1739159926
0.1744869536
0.1750380035
0.1755688573
0.1760791660
0.1765686974
0.1770371657
0.1774843062
0.1779098582
0.1783135868
0.1786952634
0.1790546707
0.1793915981
0.1797058431
0.1799972108
0.1802655115
